5364.546095830361	300.0	2000.0	215.3851268675123	0	0.0	3364.546095830361	1	0	tensor(6)	-7.538700419097677
6301.323840316085	1000.0	2063.222255514276	0.0	0	0.0	3364.54609583036	1	0	tensor(3)	-0.25767442823339426
7899.419828696869	2000.0	1465.1262671334912	0.0	0	0.0	3364.5460958303593	1	0	tensor(3)	0.946298376092542
8674.101180578955	1000.0	1690.4449152514067	0.0	0	0.0	3364.5460958303593	1	0	tensor(3)	0.2531511955325973
9410.220649463841	1000.0	1954.3254463665228	0.0	0	0.0	3364.546095830363	1	0	tensor(3)	0.9462983760925417
10535.637737290735	1000.0	1828.9083585396281	0.0	0	0.0	3364.546095830362	1	0	tensor(3)	0.9462983760925414
11895.036309813755	1000.0	1469.509786016608	0.0	0	0.0	3364.546095830361	1	0	tensor(3)	0.9462983760925417
12899.854766141132	1000.0	1464.6913296892296	0.0	0	0.0	3364.546095830361	1	0	tensor(3)	0.9462983760925419
14233.485746246137	1000.0	1131.0603495842254	0.0	0	0.0	3364.5460958303593	1	0	tensor(3)	0.9462983760925423
14762.325780132101	500.0	1602.2203156982628	0.0	0	0.0	3364.5460958303593	1	0	tensor(3)	-0.4399959850273486
15832.572090787922	1000.0	1531.9740050424437	0.0	0	0.0	3364.5460958303593	1	0	tensor(3)	0.2531511955325969
16911.70229136261	1000.0	1452.843804467755	0.0	0	0.0	3364.5460958303593	1	0	tensor(3)	0.9462983760925421
17958.737960009174	1000.0	1405.808135821191	0.0	0	0.0	3364.5460958303574	1	0	tensor(3)	0.9462983760925425
18751.17638542039	1000.0	1613.3697104099726	0.0	0	0.0	3364.5460958303556	1	0	tensor(3)	0.946298376092543
19817.40406292018	1000.0	1547.1420329101795	0.0	0	0.0	3364.5460958303556	1	0	tensor(3)	0.9462983760925432
20817.682623120276	1000.0	1546.8634727100837	0.0	0	0.0	3364.5460958303556	1	0	tensor(3)	0.9462983760925434
21730.285630281975	1000.0	1634.260465548384	0.0	0	0.0	3364.546095830352	1	0	tensor(3)	0.9462983760925442
22568.24968641153	1000.0	1796.296409418827	0.0	0	0.0	3364.546095830352	1	0	tensor(3)	0.9462983760925442
24099.013999087485	1000.0	1265.532096742874	0.0	0	0.0	3364.5460958303556	1	0	tensor(3)	0.9462983760925434
24986.742895565607	1000.0	1377.8032002647512	0.0	0	0.0	3364.5460958303556	1	0	tensor(3)	0.9462983760925434
25857.38889302	1000.0	1507.1572028103546	0.0	0	0.0	3364.546095830352	1	0	tensor(3)	0.9462983760925442
26886.04133631648	1000.0	1478.5047595138751	0.0	0	0.0	3364.5460958303483	1	0	tensor(3)	0.946298376092545
28444.34482656096	1000.0	920.201269269395	0.0	0	0.0	3364.5460958303447	1	0	tensor(3)	0.9462983760925459
29183.71620703735	500.0	1180.829888793005	0.0	0	0.0	3364.546095830341	1	0	tensor(3)	-0.43999598502734394
29778.768568626005	500.0	1585.7775272043496	0.0	0	0.0	3364.546095830341	1	0	tensor(3)	0.25315119553260135
31591.065231984605	1000.0	773.480863845749	0.0	0	0.0	3364.5460958303447	1	0	tensor(3)	0.25315119553260046
32094.051263659327	500.0	1270.494832171031	0.0	0	0.0	3364.5460958303447	1	0	tensor(3)	-0.43999598502734494
32952.72281125545	1000.0	1411.8232845749028	0.0	0	0.0	3364.5460958303374	1	0	tensor(3)	0.253151195532601
33739.478724941946	1000.0	1625.0673708884049	0.0	0	0.0	3364.546095830334	1	0	tensor(3)	0.9462983760925485
34596.765778571884	1000.0	1767.7803172584597	0.0	0	0.0	3364.546095830323	1	0	tensor(3)	0.9462983760925503
35464.99664530161	1000.0	1899.549450528739	0.0	0	0.0	3364.5460958303265	1	0	tensor(3)	0.9462983760925505
36862.08605225244	1000.0	1502.4600435779068	0.0	0	0.0	3364.546095830323	1	0	tensor(3)	0.9462983760925512
38281.88972921416	1000.0	1082.6563666161828	0.0	0	0.0	3364.54609583033	1	0	tensor(3)	0.9462983760925496
39535.238048559404	500.0	829.3080472709435	0.0	0	0.0	3364.54609583033	1	0	tensor(3)	-0.43999598502734116
40539.37685576271	500.0	825.1692400676262	0.0	0	0.0	3364.546095830323	1	0	tensor(3)	0.2531511955326059
41251.67066812786	500.0	1112.8754277024832	0.0	0	0.0	3364.546095830323	1	0	tensor(3)	0.2531511955326059
41886.35182046534	500.0	1478.1942753649992	0.0	0	0.0	3364.546095830323	1	0	tensor(3)	0.2531511955326059
43512.771288711745	1000.0	851.7748071185988	0.0	0	0.0	3364.546095830323	1	0	tensor(3)	0.253151195532606
44710.46432477554	500.0	654.0817710548063	0.0	0	0.0	3364.546095830323	1	0	tensor(3)	-0.4399959850273394
45841.05382592725	500.0	523.4922699030981	0.0	0	0.0	3364.546095830323	1	0	tensor(3)	0.2531511955326059
46336.826222680254	500.0	1027.7198731500978	0.0	0	0.0	3364.546095830323	1	0	tensor(3)	0.2531511955326059
46838.94203608905	500.0	1525.6040597413041	0.0	0	0.0	3364.5460958303156	1	0	tensor(3)	0.25315119553260773
47994.728702984576	1000.0	1369.8173928457866	0.0	0	0.0	3364.546095830323	1	0	tensor(3)	0.253151195532606
49139.77927226157	1000.0	1224.7668235687906	0.0	0	0.0	3364.546095830323	1	0	tensor(3)	0.9462983760925514
49889.111382895804	1000.0	1475.434712934558	0.0	0	0.0	3364.546095830323	1	0	tensor(3)	0.9462983760925514
50740.685297690936	1000.0	1623.86079813942	0.0	0	0.0	3364.546095830323	1	0	tensor(3)	0.9462983760925514
51432.199843035	1000.0	1932.3462527953607	0.0	0	0.0	3364.546095830323	1	0	tensor(3)	0.9462983760925514
52167.49572721871	1000.0	2197.0503686116417	0.0	0	0.0	3364.5460958303156	1	0	tensor(3)	0.9462983760925532
53387.57017550952	1000.0	1976.9759203208334	0.0	0	0.0	3364.5460958303156	1	0	tensor(3)	0.9462983760925532
54145.305662178376	1000.0	2219.2404336519785	0.0	0	0.0	3364.5460958303156	1	0	tensor(3)	0.9462983760925532
54826.78415460954	1000.0	2537.761941220819	0.0	0	0.0	3364.5460958303156	1	0	tensor(3)	0.9462983760925532
55557.3249168058	1000.0	2807.2211790245506	0.0	0	0.0	3364.5460958303156	1	0	tensor(3)	0.9462983760925532
56671.069470197624	1000.0	2693.4766256327357	0.0	0	0.0	3364.5460958303156	1	0	tensor(3)	0.9462983760925532
57549.98628734551	1000.0	2814.5598084848507	0.0	0	0.0	3364.5460958303156	1	0	tensor(3)	0.9462983760925532
58422.16086021117	1000.0	2942.3852356191996	0.0	0	0.0	3364.5460958303156	1	0	tensor(3)	0.9462983760925532
59561.57393287551	1000.0	2802.972162954859	0.0	0	0.0	3364.5460958303156	1	0	tensor(3)	0.9462983760925532
60435.033116370265	1000.0	2929.5129794600994	0.0	0	0.0	3364.5460958303083	1	0	tensor(3)	0.946298376092555
61584.796699191735	1000.0	2779.7493966386314	0.0	0	0.0	3364.5460958303083	1	0	tensor(3)	0.946298376092555
62692.444600132665	1000.0	2672.1014956977033	0.0	0	0.0	3364.5460958303083	1	0	tensor(3)	0.946298376092555
63838.9483182525	1000.0	2525.5977775778624	0.0	0	0.0	3364.546095830301	1	0	tensor(3)	0.946298376092557
64620.38808592996	1000.0	2744.158009900397	0.0	0	0.0	3364.546095830301	1	0	tensor(3)	0.946298376092557
65278.253291267	1000.0	3086.292804563357	0.0	0	0.0	3364.546095830294	1	0	tensor(3)	0.9462983760925586
66201.78710420195	1000.0	3162.758991628412	0.0	0	0.0	3364.5460958303083	1	0	tensor(3)	0.946298376092557
67200.0	1000.0	3164.5460958303674	0.0	0	145.6040052860626	3364.5460958303083	1	0	tensor(3)	0.9462983760925554
68200.0	1000.0	3164.546095830379	0.0	0	184.3153285397275	3364.546095830323	1	0	tensor(3)	0.9462983760925543
69745.70132651007	2000.0	2618.8447693203307	0.0	0	0.0	3364.54609583033	1	0	tensor(3)	0.9462983760925499
70886.08162461828	1000.0	2478.4644712121117	0.0	0	0.0	3364.54609583033	1	0	tensor(3)	0.25315119553260446
71871.66365721205	1000.0	2492.882438618339	0.0	0	0.0	3364.54609583033	1	0	tensor(3)	0.9462983760925496
73074.87316427114	1000.0	2289.672931559252	0.0	0	0.0	3364.54609583033	1	0	tensor(3)	0.9462983760925496
74058.06682515172	1000.0	2306.4792706786807	0.0	0	0.0	3364.54609583033	1	0	tensor(3)	0.9462983760925496
74930.99253806326	1000.0	2433.5535577671308	0.0	0	0.0	3364.5460958303156	1	0	tensor(3)	0.9462983760925532
76047.03101930955	1000.0	2317.515076520836	0.0	0	0.0	3364.5460958303156	1	0	tensor(3)	0.9462983760925532
76955.21995717773	1000.0	2409.3261386526437	0.0	0	0.0	3364.5460958303156	1	0	tensor(3)	0.9462983760925532
77764.03577181659	1000.0	2600.51032401378	0.0	0	0.0	3364.5460958303156	1	0	tensor(3)	0.9462983760925532
78954.78208032023	1000.0	2409.764015510139	0.0	0	0.0	3364.5460958303156	1	0	tensor(3)	0.9462983760925532
80402.48332087813	1000.0	1962.0627749522391	0.0	0	0.0	3364.5460958303156	1	0	tensor(3)	0.9462983760925532
81563.44633135655	1000.0	1801.0997644738295	0.0	0	0.0	3364.54609583033	1	0	tensor(3)	0.9462983760925496
82683.92089797776	1000.0	1680.6251978526313	0.0	0	0.0	3364.54609583033	1	0	tensor(3)	0.9462983760925496
83823.26638895177	1000.0	1541.279706878624	0.0	0	0.0	3364.54609583033	1	0	tensor(3)	0.9462983760925496
84751.52317748198	1000.0	1613.022918348418	0.0	0	0.0	3364.54609583033	1	0	tensor(3)	0.9462983760925496
86376.4256154781	1000.0	988.1204803522855	0.0	0	0.0	3364.5460958303156	1	0	tensor(3)	0.9462983760925532
87080.48138255045	500.0	1284.0647132799256	0.0	0	0.0	3364.5460958303156	1	0	tensor(3)	-0.4399959850273377
87986.46545428722	1000.0	1378.0806415431582	0.0	0	0.0	3364.5460958303156	1	0	tensor(3)	0.2531511955326078
88981.08372240339	1000.0	1383.462373426969	0.0	0	0.0	3364.5460958303156	1	0	tensor(3)	0.9462983760925532
89620.32730943868	1000.0	1744.2187863916595	0.0	0	0.0	3364.5460958303156	1	0	tensor(3)	0.9462983760925532
90403.94462638805	1000.0	1960.601469442297	0.0	0	0.0	3364.54609583033	1	0	tensor(3)	0.9462983760925496
91470.36591951748	1000.0	1894.180176312854	0.0	0	0.0	3364.54609583033	1	0	tensor(3)	0.9462983760925496
92581.87027326203	1000.0	1782.6758225683075	0.0	0	0.0	3364.54609583033	1	0	tensor(3)	0.9462983760925496
94272.81509592566	1000.0	1091.7309999046797	0.0	0	0.0	3364.54609583033	1	0	tensor(3)	0.9462983760925496
94981.10993143223	500.0	1383.4361643981113	0.0	0	0.0	3364.54609583033	1	0	tensor(3)	-0.43999598502734116
95839.19268695835	1000.0	1525.3534088719969	0.0	0	0.0	3364.54609583033	1	0	tensor(3)	0.25315119553260423
96633.32746940477	1000.0	1731.2186264255793	0.0	0	0.0	3364.54609583033	1	0	tensor(3)	0.9462983760925496
97329.93012863756	1000.0	2034.6159671927946	0.0	0	0.0	3364.54609583033	1	0	tensor(3)	0.9462983760925496
97869.77555786287	1000.0	2494.7705379674767	0.0	0	0.0	3364.54609583033	1	0	tensor(3)	0.9462983760925496
98604.54702499034	1000.0	2759.999070840006	0.0	0	0.0	3364.54609583033	1	0	tensor(3)	0.9462983760925496
101026.68256438663	2000.0	1337.86353144374	0.0	0	0.0	3364.54609583033	1	0	tensor(3)	0.9462983760925494
102137.99226937945	1000.0	1226.5538264509166	0.0	0	0.0	3364.54609583033	1	0	tensor(3)	0.25315119553260446
103721.77939025701	1000.0	642.7667055733614	0.0	0	0.0	3364.54609583033	1	0	tensor(3)	0.9462983760925496
104420.21271495451	500.0	944.3333808758398	0.0	0	0.0	3364.5460958303156	1	0	tensor(3)	-0.4399959850273377
104913.61099793777	500.0	1450.9350978925766	0.0	0	0.0	3364.5460958303156	1	0	tensor(3)	0.25315119553260773
106011.81315008478	1000.0	1352.7329457455562	0.0	0	0.0	3364.5460958303156	1	0	tensor(3)	0.2531511955326078
106873.44963997605	1000.0	1491.0964558542676	0.0	0	0.0	3364.5460958303156	1	0	tensor(3)	0.9462983760925532
107702.411747617	1000.0	1662.1343482133093	0.0	0	0.0	3364.54609583033	1	0	tensor(3)	0.9462983760925496
109012.49697018838	1000.0	1352.0491256419386	0.0	0	0.0	3364.54609583033	1	0	tensor(3)	0.9462983760925496
109902.16963713444	500.0	1462.3764586958828	0.0	0	0.0	3364.54609583033	1	0	tensor(3)	-0.43999598502734116
110407.56626188118	500.0	1956.9798339491501	0.0	0	0.0	3364.54609583033	1	0	tensor(3)	0.2531511955326041
111174.34018312862	1000.0	2190.20591270171	0.0	0	0.0	3364.5460958303156	1	0	tensor(3)	0.2531511955326078
111941.6780999479	1000.0	2422.8679958824437	0.0	0	0.0	3364.54609583033	1	0	tensor(3)	0.9462983760925496
112794.38430331238	1000.0	2570.1617925179403	0.0	0	0.0	3364.5460958303156	1	0	tensor(3)	0.9462983760925532
114999.36647524427	1000.0	1365.1796205860637	0.0	0	0.0	3364.546095830301	1	0	tensor(3)	0.946298376092557
115625.11945028501	500.0	1739.4266455453248	0.0	0	0.0	3364.546095830301	1	0	tensor(3)	-0.43999598502733384
116688.83069287687	1000.0	1675.7154029534497	0.0	0	0.0	3364.546095830301	1	0	tensor(3)	0.25315119553261156
117684.25973193483	1000.0	1680.2863638955025	0.0	0	0.0	3364.546095830301	1	0	tensor(3)	0.946298376092557
118328.47325885016	1000.0	2036.0728369801618	0.0	0	0.0	3364.546095830301	1	0	tensor(3)	0.946298376092557
119284.0958832266	1000.0	2080.450212603731	0.0	0	0.0	3364.546095830301	1	0	tensor(3)	0.946298376092557
120183.05881998323	1000.0	2181.4872758471097	0.0	0	0.0	3364.546095830301	1	0	tensor(3)	0.946298376092557
122019.35692458738	1000.0	1345.1891712429629	0.0	0	0.0	3364.546095830301	1	0	tensor(3)	0.946298376092557
122536.36051322949	500.0	1828.1855826008643	0.0	0	0.0	3364.5460958303156	1	0	tensor(3)	-0.4399959850273377
123382.45694860614	1000.0	1982.089147224223	0.0	0	0.0	3364.54609583033	1	0	tensor(3)	0.25315119553260423
124212.05702980996	1000.0	2152.4890660203982	0.0	0	0.0	3364.5460958303156	1	0	tensor(3)	0.9462983760925532
125126.42515394118	1000.0	2238.12094188917	0.0	0	0.0	3364.5460958303156	1	0	tensor(3)	0.9462983760925532
126406.56263360105	1000.0	1957.9834622293079	0.0	0	0.0	3364.5460958303156	1	0	tensor(3)	0.9462983760925532
127357.67515704047	1000.0	2006.8709387898741	0.0	0	0.0	3364.546095830301	1	0	tensor(3)	0.946298376092557
129316.85965037091	1000.0	1047.6864454594534	0.0	0	0.0	3364.546095830301	1	0	tensor(3)	0.946298376092557
130203.83160112766	500.0	1160.7144947027164	0.0	0	0.0	3364.5460958303156	1	0	tensor(3)	-0.4399959850273377
131134.28963848413	500.0	1230.2564573462582	0.0	0	0.0	3364.54609583033	1	0	tensor(3)	0.253151195532607
132123.04713508728	500.0	1241.4989607430873	0.0	0	0.0	3364.5460958303156	1	0	tensor(3)	0.25315119553260484
133437.16189405858	500.0	927.3842017718044	0.0	0	0.0	3364.5460958303156	1	0	tensor(3)	0.25315119553260773
134185.03247710335	500.0	1179.5136187270582	0.0	0	0.0	3364.54609583033	1	0	tensor(3)	0.2531511955326041
135261.1915966974	1000.0	1103.3544991330064	0.0	0	0.0	3364.5460958303593	1	0	tensor(3)	0.2531511955325969
136200.51073208277	1000.0	1164.0353637476335	0.0	0	0.0	3364.5460958303593	1	0	tensor(3)	0.9462983760925423
136744.81228384975	500.0	1619.733811980655	0.0	0	0.0	3364.5460958303593	1	0	tensor(3)	-0.4399959850273486
137863.38019468138	1000.0	1501.1659011490276	0.0	0	0.0	3364.5460958303884	1	0	tensor(3)	0.2531511955325896
139313.20365212747	1000.0	1051.3424437029282	0.0	0	0.0	3364.5460958303884	1	0	tensor(3)	0.946298376092535
140090.8962374721	500.0	1273.6498583583073	0.0	0	0.0	3364.5460958303884	1	0	tensor(3)	-0.43999598502735593
140966.57208764314	1000.0	1397.9740081872585	0.0	0	0.0	3364.5460958303884	1	0	tensor(3)	0.2531511955325896
142204.12106543826	1000.0	1160.4250303921385	0.0	0	0.0	3364.5460958303884	1	0	tensor(3)	0.946298376092535
142784.83408258384	500.0	1579.7120132465286	0.0	0	0.0	3364.5460958303593	1	0	tensor(3)	-0.4399959850273486
144201.27720545768	1000.0	1163.2688903726994	0.0	0	0.0	3364.5460958303593	1	0	tensor(3)	0.2531511955325969
144864.00687917526	500.0	1500.5392166550948	0.0	0	0.0	3364.5460958303593	1	0	tensor(3)	-0.4399959850273486
145685.21325468857	1000.0	1679.3328411417901	0.0	0	0.0	3364.5460958303593	1	0	tensor(3)	0.2531511955325969
146939.50134114746	1000.0	1425.0447546829216	0.0	0	0.0	3364.5460958303593	1	0	tensor(3)	0.9462983760925423
147714.7375318696	1000.0	1649.8085639607555	0.0	0	0.0	3364.54609583033	1	0	tensor(3)	0.9462983760925496
148288.38137047988	1000.0	2076.164725350486	0.0	0	0.0	3364.5460958303593	1	0	tensor(3)	0.9462983760925423
149086.1526763023	1000.0	2278.3934195280513	0.0	0	0.0	3364.5460958303593	1	0	tensor(3)	0.9462983760925423
150023.38410029604	1000.0	2341.1619955343504	0.0	0	0.0	3364.5460958303884	1	0	tensor(3)	0.946298376092535
151411.94743081194	1000.0	1952.5986650184732	0.0	0	0.0	3364.5460958303884	1	0	tensor(3)	0.946298376092535
152514.82561807852	1000.0	1849.7204777518837	0.0	0	0.0	3364.5460958303884	1	0	tensor(3)	0.946298376092535
154194.03114628754	1000.0	1170.51494954289	0.0	0	0.0	3364.5460958303884	1	0	tensor(3)	0.946298376092535
154825.70285457833	1000.0	1538.8432412521117	0.0	0	0.0	3364.5460958303593	1	0	tensor(3)	0.9462983760925423
155745.63816434573	1000.0	1618.907931484727	0.0	0	0.0	3364.5460958303593	1	0	tensor(3)	0.9462983760925423
156813.7396017765	1000.0	1550.8064940539089	0.0	0	0.0	3364.54609583033	1	0	tensor(3)	0.9462983760925496
157651.19092810212	1000.0	1713.3551677282826	0.0	0	0.0	3364.54609583033	1	0	tensor(3)	0.9462983760925496
158472.09540310543	1000.0	1892.4506927249643	0.0	0	0.0	3364.54609583033	1	0	tensor(3)	0.9462983760925496
159516.48368604816	1000.0	1848.0624097822417	0.0	0	0.0	3364.54609583033	1	0	tensor(3)	0.9462983760925496
160961.02628495268	1000.0	1403.519810877727	0.0	0	0.0	3364.5460958303593	1	0	tensor(3)	0.9462983760925423
161629.25670321463	500.0	1735.2893926157967	0.0	0	0.0	3364.5460958303593	1	0	tensor(3)	-0.4399959850273486
162856.46651804875	1000.0	1508.079577781699	0.0	0	0.0	3364.5460958303884	1	0	tensor(3)	0.2531511955325896
164067.81873469602	1000.0	1296.727361134437	0.0	0	0.0	3364.5460958304175	1	0	tensor(3)	0.9462983760925336
165281.56558185356	1000.0	1082.980513976873	0.0	0	0.0	3364.5460958303884	1	0	tensor(3)	0.9462983760925321
166006.0436692003	1000.0	1358.5024266301293	0.0	0	0.0	3364.5460958303884	1	0	tensor(3)	0.946298376092535
166741.05331284867	1000.0	1623.4927829817577	0.0	0	0.0	3364.5460958304175	1	0	tensor(3)	0.9462983760925279
167406.5207292931	1000.0	1958.0253665373432	0.0	0	0.0	3364.5460958304175	1	0	tensor(3)	0.9462983760925279
168242.2765102482	1000.0	2122.269585582223	0.0	0	0.0	3364.5460958304175	1	0	tensor(3)	0.9462983760925279
169193.11043359316	1000.0	2171.435662237302	0.0	0	0.0	3364.5460958304175	1	0	tensor(3)	0.9462983760925279
169869.34829076604	1000.0	2495.1978050644016	0.0	0	0.0	3364.5460958304175	1	0	tensor(3)	0.9462983760925279
170678.4520182527	1000.0	2686.0940775777376	0.0	0	0.0	3364.5460958304175	1	0	tensor(3)	0.9462983760925279
171291.28353349198	1000.0	3073.262562338449	0.0	0	0.0	3364.5460958303884	1	0	tensor(3)	0.946298376092535
172329.025735393	1000.0	3035.520360437443	0.0	0	0.0	3364.5460958303593	1	0	tensor(3)	0.9462983760925423
173341.45606833164	1000.0	3023.0900274987825	0.0	0	0.0	3364.5460958303593	1	0	tensor(3)	0.9462983760925423
174245.03246999354	1000.0	3119.513625836883	0.0	0	0.0	3364.5460958303593	1	0	tensor(3)	0.9462983760925423
175200.0	1000.0	3164.546095830422	0.0	0	102.34806379652582	3364.5460958303593	1	0	tensor(3)	0.9462983760925423
176200.0	1000.0	3164.546095830433	0.0	0	126.52314788405783	3364.5460958303593	1	0	tensor(3)	0.9462983760925423
177734.37805421508	1000.0	2630.1680416153495	0.0	0	0.0	3364.5460958303593	1	0	tensor(3)	0.9462983760925423
179295.3186711961	1000.0	2069.2274246343236	0.0	0	0.0	3364.5460958303884	1	0	tensor(3)	0.9462983760925392
180593.9248518391	1000.0	1770.621243991281	0.0	0	0.0	3364.5460958303884	1	0	tensor(3)	0.946298376092535
181710.3096592957	1000.0	1654.2364365346746	0.0	0	0.0	3364.5460958303593	1	0	tensor(3)	0.9462983760925423
182677.6764250419	1000.0	1686.8696707884606	0.0	0	0.0	3364.5460958303593	1	0	tensor(3)	0.9462983760925423
183643.34600427866	1000.0	1721.2000915517199	0.0	0	0.0	3364.5460958303884	1	0	tensor(3)	0.946298376092535
184628.88813166707	1000.0	1735.657964163301	0.0	0	0.0	3364.5460958303884	1	0	tensor(3)	0.946298376092535
185707.2471921733	1000.0	1657.2989036571	0.0	0	0.0	3364.5460958303884	1	0	tensor(3)	0.946298376092535
186997.16313571547	1000.0	1367.3829601149448	0.0	0	0.0	3364.5460958303884	1	0	tensor(3)	0.946298376092535
187793.2795843254	500.0	1571.2665115050029	0.0	0	0.0	3364.5460958303884	1	0	tensor(3)	-0.43999598502735593
188780.37700017417	500.0	1584.1690956562572	0.0	0	0.0	3364.5460958303884	1	0	tensor(3)	0.2531511955325896
189345.63891860508	500.0	2018.9071772253378	0.0	0	0.0	3364.5460958303884	1	0	tensor(3)	0.2531511955325896
191051.86379671269	1000.0	1312.6822991177407	0.0	0	0.0	3364.5460958303884	1	0	tensor(3)	0.2531511955325896
191707.13284003272	500.0	1657.413255797677	0.0	0	0.0	3364.5460958303884	1	0	tensor(3)	-0.43999598502735593
192823.62882401227	500.0	1540.9172718181533	0.0	0	0.0	3364.5460958303884	1	0	tensor(3)	0.2531511955325896
193958.019267043	500.0	1406.5268287874142	0.0	0	0.0	3364.5460958303593	1	0	tensor(3)	0.253151195532591
194977.182799672	500.0	1387.363296158425	0.0	0	0.0	3364.54609583033	1	0	tensor(3)	0.25315119553259824
195616.01110955843	500.0	1748.534986271993	0.0	0	0.0	3364.546095830301	1	0	tensor(3)	0.25315119553261145
196712.89908827367	1000.0	1651.6470075567652	0.0	0	0.0	3364.546095830301	1	0	tensor(3)	0.25315119553261156
197444.7649504761	1000.0	1919.7811453543557	0.0	0	0.0	3364.546095830301	1	0	tensor(3)	0.946298376092557
198175.54583020447	1000.0	2189.000265625938	0.0	0	0.0	3364.546095830272	1	0	tensor(3)	0.9462983760925642
199043.0938207374	1000.0	2321.452275093005	0.0	0	0.0	3364.546095830272	1	0	tensor(3)	0.9462983760925642
199783.89536301116	1000.0	2580.6507328192806	0.0	0	0.0	3364.546095830301	1	0	tensor(3)	0.946298376092557
200266.84192223675	1000.0	3097.704173593709	0.0	0	0.0	3364.546095830301	1	0	tensor(3)	0.946298376092557
201302.19224944987	2000.0	3062.3538463806044	0.0	0	0.0	3364.54609583033	1	0	tensor(3)	0.9462983760925524
202200.0	1000.0	3164.546095830452	0.0	0	153.31550198010518	3364.5460958303593	1	0	tensor(3)	0.25315119553260157
203200.0	1000.0	3164.5460958304075	0.0	0	156.81725001244922	3364.54609583033	1	0	tensor(3)	0.9462983760925496
204200.0	1000.0	3164.5460958304116	0.0	0	194.55810868076514	3364.54609583033	1	0	tensor(3)	0.9462983760925496
205317.56588411258	1000.0	3046.980211717807	0.0	0	0.0	3364.54609583033	1	0	tensor(3)	0.9462983760925496
206476.60977411413	1000.0	2887.9363217162786	0.0	0	0.0	3364.54609583033	1	0	tensor(3)	0.9462983760925496
207719.8871083203	1000.0	2644.658987510087	0.0	0	0.0	3364.54609583033	1	0	tensor(3)	0.9462983760925496
208450.44860295378	1000.0	2914.097492876642	0.0	0	0.0	3364.54609583033	1	0	tensor(3)	0.9462983760925496
209422.10737285882	1000.0	2942.4387229716135	0.0	0	0.0	3364.54609583033	1	0	tensor(3)	0.9462983760925496
210624.25396134725	1000.0	2740.2921344831857	0.0	0	0.0	3364.54609583033	1	0	tensor(3)	0.9462983760925496
211317.08688555402	1000.0	3047.45921027644	0.0	0	0.0	3364.54609583033	1	0	tensor(3)	0.9462983760925496
212200.0	1000.0	3164.546095830456	0.0	0	3.3023181099561043	3364.54609583033	1	0	tensor(3)	0.9462983760925496
213200.0	1000.0	3164.5460958304507	0.0	0	40.267079854529584	3364.546095830301	1	0	tensor(3)	0.946298376092557
214200.0	1000.0	3164.5460958304493	0.0	0	80.2808843954117	3364.546095830243	1	0	tensor(3)	0.9462983760925671
215523.20138049164	1000.0	2841.344715338832	0.0	0	0.0	3364.546095830243	1	0	tensor(3)	0.9462983760925714
216750.5780868312	1000.0	2613.9680089992635	0.0	0	0.0	3364.546095830243	1	0	tensor(3)	0.9462983760925714
217701.5558782321	1000.0	2662.9902175984016	0.0	0	0.0	3364.546095830243	1	0	tensor(3)	0.9462983760925714
219802.04227603975	2000.0	1562.5038197907347	0.0	0	0.0	3364.546095830243	1	0	tensor(3)	0.9462983760925714
220917.32145593918	1000.0	1447.224639891316	0.0	0	0.0	3364.546095830243	1	0	tensor(3)	0.2531511955326262
222217.31716089832	1000.0	1147.2289349321345	0.0	0	0.0	3364.5460958302137	1	0	tensor(3)	0.9462983760925743
223029.7421076158	1000.0	1334.8039882146854	0.0	0	0.0	3364.546095830243	1	0	tensor(3)	0.9462983760925714
224123.7712854767	1000.0	1240.7748103537892	0.0	0	0.0	3364.5460958302137	1	0	tensor(3)	0.9462983760925743
224618.736434886	500.0	1745.8096609444626	0.0	0	0.0	3364.5460958302137	1	0	tensor(3)	-0.4399959850273122
225477.75945792565	1000.0	1886.7866379048128	0.0	0	0.0	3364.5460958302137	1	0	tensor(3)	0.2531511955326332
226296.61894152156	1000.0	2067.9271543089003	0.0	0	0.0	3364.5460958302137	1	0	tensor(3)	0.9462983760925786
227260.7884093264	1000.0	2103.75768650407	0.0	0	0.0	3364.546095830243	1	0	tensor(3)	0.9462983760925743
228243.08675476047	1000.0	2121.4593410699936	0.0	0	0.0	3364.546095830243	1	0	tensor(3)	0.9462983760925714
229287.1912136219	1000.0	2077.3548822085877	0.0	0	0.0	3364.5460958302137	1	0	tensor(3)	0.9462983760925786
230664.06306471396	1000.0	1700.483031116526	0.0	0	0.0	3364.5460958302137	1	0	tensor(3)	0.9462983760925786
231734.4489870201	1000.0	1630.0971088104316	0.0	0	0.0	3364.5460958302137	1	0	tensor(3)	0.9462983760925786
232747.45612001137	1000.0	1617.0899758191736	0.0	0	0.0	3364.546095830243	1	0	tensor(3)	0.9462983760925714
234250.00981517954	1000.0	1114.5362806510018	0.0	0	0.0	3364.546095830243	1	0	tensor(3)	0.9462983760925714
234907.53019981677	500.0	1457.0158960137921	0.0	0	0.0	3364.546095830243	1	0	tensor(3)	-0.4399959850273194
235893.3850840787	1000.0	1471.1610117518862	0.0	0	0.0	3364.546095830243	1	0	tensor(3)	0.253151195532626
236607.95110356747	1000.0	1756.5949922631146	0.0	0	0.0	3364.546095830243	1	0	tensor(3)	0.9462983760925714
237513.8013924932	1000.0	1850.744703337392	0.0	0	0.0	3364.546095830243	1	0	tensor(3)	0.9462983760925714
238282.17349840218	1000.0	2082.372597428396	0.0	0	0.0	3364.546095830243	1	0	tensor(3)	0.9462983760925714
239046.1135315224	1000.0	2318.4325643081847	0.0	0	0.0	3364.546095830272	1	0	tensor(3)	0.9462983760925642
239806.79295194068	1000.0	2557.7531438899478	0.0	0	0.0	3364.546095830301	1	0	tensor(3)	0.946298376092557
241516.76119913382	1000.0	1847.784896696795	0.0	0	0.0	3364.546095830301	1	0	tensor(3)	0.946298376092557
242818.30097899344	1000.0	1546.245116837158	0.0	0	0.0	3364.546095830301	1	0	tensor(3)	0.946298376092557
244086.32177772463	1000.0	1278.2243181059866	0.0	0	0.0	3364.546095830301	1	0	tensor(3)	0.946298376092557
244836.55245674853	1000.0	1527.9936390820692	0.0	0	0.0	3364.546095830272	1	0	tensor(3)	0.9462983760925642
245429.24281233447	1000.0	1935.30328349614	0.0	0	0.0	3364.546095830272	1	0	tensor(3)	0.9462983760925642
246183.81494274348	1000.0	2180.731153087118	0.0	0	0.0	3364.546095830272	1	0	tensor(3)	0.9462983760925642
247052.39290786418	1000.0	2312.1531879664244	0.0	0	0.0	3364.546095830272	1	0	tensor(3)	0.9462983760925642
247858.38074593546	1000.0	2506.165349895153	0.0	0	0.0	3364.546095830272	1	0	tensor(3)	0.9462983760925642
248803.40242819703	1000.0	2561.1436676336116	0.0	0	0.0	3364.546095830272	1	0	tensor(3)	0.9462983760925642
249865.078322382	1000.0	2499.4677734486336	0.0	0	0.0	3364.546095830272	1	0	tensor(3)	0.9462983760925642
251146.5945266647	1000.0	2217.9515691659017	0.0	0	0.0	3364.5460958302137	1	0	tensor(3)	0.9462983760925743
252353.5225019484	1000.0	2011.0235938822148	0.0	0	0.0	3364.5460958302137	1	0	tensor(3)	0.9462983760925786
253890.35351225676	1000.0	1474.1925835738473	0.0	0	0.0	3364.5460958301846	1	0	tensor(3)	0.9462983760925859
255060.1256040591	1000.0	1304.4204917714678	0.0	0	0.0	3364.5460958301264	1	0	tensor(3)	0.9462983760925947
256368.10011593238	1000.0	996.4459798982139	0.0	0	0.0	3364.5460958301555	1	0	tensor(3)	0.946298376092596
257076.364546083	1000.0	1288.1815497475418	0.0	0	0.0	3364.5460958300973	1	0	tensor(3)	0.9462983760926036
257851.78825144758	500.0	1512.757844382943	0.0	0	0.0	3364.5460958300973	1	0	tensor(3)	-0.4399959850272833
258567.78146436813	500.0	1796.7646314623912	0.0	0	0.0	3364.5460958301264	1	0	tensor(3)	0.25315119553265497
259807.47737410638	1000.0	1557.0687217241416	0.0	0	0.0	3364.5460958301264	1	0	tensor(3)	0.2531511955326551
260604.05135684132	1000.0	1760.4947389892518	0.0	0	0.0	3364.5460958301264	1	0	tensor(3)	0.9462983760926005
261468.24337398267	1000.0	1896.3027218479135	0.0	0	0.0	3364.5460958301264	1	0	tensor(3)	0.9462983760926005
262863.7984145989	1000.0	1500.7476812317113	0.0	0	0.0	3364.5460958301555	1	0	tensor(3)	0.9462983760925989
263938.0783560161	500.0	1426.4677398146284	0.0	0	0.0	3364.546095830243	1	0	tensor(3)	-0.4399959850273093
264528.9054744678	500.0	1835.6406213629703	0.0	0	0.0	3364.546095830301	1	0	tensor(3)	0.2531511955326114
265421.7807767707	1000.0	1942.7653190600408	0.0	0	0.0	3364.54609583033	1	0	tensor(3)	0.25315119553260573
266207.8511046646	1000.0	2156.6949911661472	0.0	0	0.0	3364.54609583033	1	0	tensor(3)	0.9462983760925496
266864.85018293886	1000.0	2499.6959128919716	0.0	0	0.0	3364.54609583033	1	0	tensor(3)	0.9462983760925496
267399.0190867584	1000.0	2965.5270090724684	0.0	0	0.0	3364.54609583033	1	0	tensor(3)	0.9462983760925496
268652.2545400724	2000.0	2712.291555758407	0.0	0	0.0	3364.54609583033	1	0	tensor(3)	0.9462983760925494
269942.35970661923	1000.0	2422.1863892115857	0.0	0	0.0	3364.5460958303884	1	0	tensor(3)	0.2531511955325898
271748.7000234622	1000.0	1615.846072368627	0.0	0	0.0	3364.5460958303884	1	0	tensor(3)	0.946298376092535
272673.7157914358	1000.0	1690.8303043950336	0.0	0	0.0	3364.5460958303884	1	0	tensor(3)	0.946298376092535
273450.62495345314	1000.0	1913.9211423777072	0.0	0	0.0	3364.5460958303884	1	0	tensor(3)	0.946298376092535
274495.83427637344	1000.0	1868.711819457456	0.0	0	0.0	3364.546095830505	1	0	tensor(3)	0.9462983760925089
275400.86496820627	1000.0	1963.681127624622	0.0	0	0.0	3364.5460958304466	1	0	tensor(3)	0.9462983760925205
276554.62823258137	1000.0	1809.917863249582	0.0	0	0.0	3364.546095830505	1	0	tensor(3)	0.9462983760925118
278447.0164289563	1000.0	917.5296668746269	0.0	0	0.0	3364.546095830505	1	0	tensor(3)	0.946298376092506
279675.96309771104	500.0	688.5829981198585	0.0	0	0.0	3364.5460958304466	1	0	tensor(3)	-0.43999598502737336
280728.32389234676	500.0	636.222203484117	0.0	0	0.0	3364.5460958304466	1	0	tensor(3)	0.25315119553257504
281925.7816092852	500.0	438.76448654568264	0.0	0	0.0	3364.5460958304466	1	0	tensor(3)	0.25315119553257504
283083.21664952685	500.0	485.92147343691937	204.59202713287794	0	0.0	3569.1381229633116	1	0	tensor(3)	-1.0302336288145189
283573.5265059214	500.0	995.6116170423785	0.0	0	0.0	3569.1381229633116	1	0	tensor(3)	0.1973185339827493
284464.21017994377	1000.0	1104.9279430200295	0.0	0	0.0	3569.1381229633116	1	0	tensor(3)	0.19731853398274934
285396.38938049704	1000.0	1172.7487424667283	0.0	0	0.0	3569.1381229633116	1	0	tensor(3)	0.8904657145426947
286780.9096285661	1000.0	788.2284943975847	0.0	0	0.0	3569.1381229633116	1	0	tensor(3)	0.8904657145426947
287300.7339571867	500.0	1268.404165777035	0.0	0	0.0	3569.1381229633116	1	0	tensor(3)	-0.49582864657719605
288435.2961776927	1000.0	1133.8419452709704	0.0	0	0.0	3569.1381229633116	1	0	tensor(3)	0.19731853398274934
289108.80488169077	500.0	1460.3332412729437	0.0	0	0.0	3569.1381229633116	1	0	tensor(3)	-0.49582864657719605
289851.04633956624	1000.0	1718.0917833975	0.0	0	0.0	3569.13812296337	1	0	tensor(3)	0.19731853398273214
290676.0113946774	1000.0	1893.1267282863696	0.0	0	0.0	3569.13812296337	1	0	tensor(3)	0.8904657145426775
291841.29532137443	1000.0	1727.8428015893062	0.0	0	0.0	3569.13812296337	1	0	tensor(3)	0.8904657145426775
293285.16726920306	1000.0	1283.9708537606907	0.0	0	0.0	3569.1381229633116	1	0	tensor(3)	0.8904657145426947
293882.96600607934	500.0	1686.1721168844747	0.0	0	0.0	3569.1381229633116	1	0	tensor(3)	-0.49582864657719605
294932.5772518739	1000.0	1636.5608710899644	0.0	0	0.0	3569.13812296337	1	0	tensor(3)	0.19731853398273214
296224.1851093496	1000.0	1344.9530136142494	0.0	0	0.0	3569.13812296337	1	0	tensor(3)	0.8904657145426775
296981.6085953393	1000.0	1587.5295276245545	0.0	0	0.0	3569.13812296337	1	0	tensor(3)	0.8904657145426775
297845.63749287504	1000.0	1723.5006300888356	0.0	0	0.0	3569.13812296337	1	0	tensor(3)	0.8904657145426775
298697.05998439284	1000.0	1872.0781385710507	0.0	0	0.0	3569.13812296337	1	0	tensor(3)	0.8904657145426775
300069.07315117813	1000.0	1500.064971785776	0.0	0	0.0	3569.1381229633116	1	0	tensor(3)	0.8904657145426947
300909.71384757635	1000.0	1659.4242753875558	0.0	0	0.0	3569.1381229633116	1	0	tensor(3)	0.8904657145426947
302070.81430626515	1000.0	1498.3238166987032	0.0	0	0.0	3569.1381229633116	1	0	tensor(3)	0.8904657145426947
303206.68354013964	1000.0	1362.4545828241764	0.0	0	0.0	3569.1381229633116	1	0	tensor(3)	0.8904657145426947
303918.86696461466	1000.0	1650.2711583491641	0.0	0	0.0	3569.1381229633116	1	0	tensor(3)	0.8904657145426947
1.41	1.51	1.02	0.98	1.37	1.03	0.79	0.89	0.96	0.98	1.02	1.24	1.22	1.34	0.97	1.14	1.42	1.29	0.66	1.04	1.0	0.98	0.61	0.61	0.78	0.66	0.82	0.97	1.16	1.3	1.05	0.93	0.57	0.61	0.45	0.8	0.81	0.69	0.58	0.53	0.57	0.92	1.08	1.14	1.19	1.26	1.74	1.12	1.19	1.26	1.22	1.04	1.01	1.04	1.12	0.87	1.24	1.2	1.07	1.3	1.1	0.93	1.03	1.52	1.42	0.97	0.83	0.8	0.97	1.19	1.01	1.24	1.12	0.95	1.02	0.71	1.14	1.12	0.87	0.93	0.82	0.76	1.2	1.27	1.83	1.19	0.72	0.85	0.73	0.83	1.32	1.38	1.46	1.54	0.92	1.0	0.8	0.82	0.75	0.82	1.08	1.0	1.18	0.76	0.76	0.86	1.29	1.22	0.52	0.64	1.15	0.85	1.23	1.54	1.24	0.83	0.61	0.83	1.34	1.14	0.93	1.18	0.67	0.52	0.64	0.42	0.64	0.5	0.52	1.02	1.54	1.08	0.86	0.87	0.59	1.11	1.04	1.14	0.97	0.9	1.11	0.87	1.03	1.55	1.0	0.89	0.92	0.72	0.73	1.16	1.41	1.51	1.02	0.98	1.37	1.03	0.79	0.89	0.96	0.98	1.02	1.24	1.22	1.34	0.97	1.14	1.42	1.29	0.66	1.04	1.0	0.98	0.61	0.61	0.78	0.66	0.82	0.97	1.16	1.3	1.05	0.93	0.57	0.61	0.45	0.8	0.81	0.69	0.58	0.53	0.57	0.92	1.08	1.14	1.19	1.26	1.74	1.12	1.19	1.26	1.22	1.04	1.01	1.04	1.12	0.87	1.24	1.2	1.07	1.3	1.1	0.93	1.03	1.52	1.42	0.97	0.83	0.8	0.97	1.19	1.01	1.24	1.12	0.95	1.02	0.71	1.14	1.12	0.87	0.93	0.82	0.76	1.2	1.27	1.83	1.19	0.72	0.85	0.73	0.83	1.32	1.38	1.46	1.54	0.92	1.0	0.8	0.82	0.75	0.82	1.08	1.0	1.18	0.76	0.76	0.86	1.29	1.22	0.52	0.64	1.15	0.85	1.23	1.54	1.24	0.83	0.61	0.83	1.34	1.14	0.93	1.18	0.67	0.52	0.64	0.42	0.64	0.5	0.52	1.02	1.54	1.08	0.86	0.87	0.59	1.11	1.04	1.14	0.97	0.9	1.11	0.87	1.03	1.55	1.0	0.89	0.92	0.72	0.73	1.16	1.41	1.51	1.02
1.0	2.0	3.0	4.0	5.0	6.0	7.0	8.0	9.0	10.0	11.0	12.0	13.0	14.0	15.0	16.0	17.0	18.0	19.0	20.0	21.0	22.0	23.0	24.0	25.0	26.0	27.0	28.0	29.0	30.0	31.0	32.0	33.0	34.0	35.0	36.0	37.0	38.0	39.0	40.0	41.0	42.0	43.0	44.0	45.0	46.0	47.0	48.0	49.0	50.0	51.0	52.0	53.0	54.0	55.0	56.0	57.0	58.0	59.0	60.0	61.0	62.0	63.0	64.0	65.0	66.0	67.0	68.0	69.0	70.0	71.0	72.0	73.0	74.0	75.0	76.0	77.0	78.0	79.0	80.0	81.0	82.0	83.0	84.0	85.0	86.0	87.0	88.0	89.0	90.0	91.0	92.0	93.0	94.0	95.0	96.0	97.0	98.0	99.0	100.0	101.0	102.0	103.0	104.0	105.0	106.0	107.0	108.0	109.0	110.0	111.0	112.0	113.0	114.0	115.0	116.0	117.0	118.0	119.0	120.0	121.0	122.0	123.0	124.0	125.0	126.0	127.0	128.0	129.0	130.0	131.0	132.0	133.0	134.0	135.0	136.0	137.0	138.0	139.0	140.0	141.0	142.0	143.0	144.0	145.0	146.0	147.0	148.0	149.0	149.0	150.0	151.0	152.0	153.0	154.0	155.0	156.0	157.0	158.0	159.0	160.0	161.0	162.0	163.0	164.0	165.0	166.0	167.0	168.0	169.0	170.0	171.0	172.0	173.0	174.0	175.0	176.0	177.0	178.0	179.0	180.0	181.0	182.0	183.0	184.0	185.0	186.0	187.0	188.0	189.0	190.0	191.0	192.0	193.0	194.0	195.0	196.0	197.0	198.0	199.0	200.0	201.0	202.0	203.0	204.0	205.0	206.0	207.0	208.0	209.0	210.0	211.0	212.0	213.0	214.0	215.0	216.0	217.0	218.0	219.0	220.0	221.0	222.0	223.0	224.0	225.0	226.0	227.0	228.0	229.0	230.0	231.0	232.0	233.0	234.0	235.0	236.0	237.0	238.0	239.0	240.0	241.0	242.0	243.0	244.0	245.0	246.0	247.0	248.0	249.0	250.0	251.0	252.0	253.0	254.0	255.0	256.0	257.0	258.0	259.0	260.0	261.0	262.0	263.0	264.0	265.0	266.0	267.0	268.0	269.0	270.0	271.0	272.0	273.0	274.0	275.0	276.0	277.0	278.0	279.0	280.0	281.0	282.0	283.0	284.0	285.0	286.0	287.0	288.0	289.0	290.0	291.0	292.0	293.0	294.0	295.0	296.0	297.0	298.0	298.0	299.0	300.0	301.0
4934.023423440568
