4216.0652658880235	300.0	2000.0	380.049507690929	0	0.0	2216.0652658880235	1	0	tensor(6)	-8.351828572370179
5520.712535944737	1000.0	1695.3527299432862	0.0	0	0.0	2216.065265888023	1	0	tensor(3)	-0.079020553215393
6389.649497651022	1000.0	1826.4157682370005	0.0	0	0.0	2216.0652658880226	1	0	tensor(3)	1.1249522511105432
7242.501140780065	1000.0	1973.5641251079583	0.0	0	0.0	2216.0652658880244	1	0	tensor(3)	1.1249522511105432
8596.094999477687	1000.0	1619.9702664103368	0.0	0	0.0	2216.0652658880254	1	0	tensor(3)	1.124952251110543
9825.805995827011	1000.0	1390.259270061012	0.0	0	0.0	2216.0652658880244	1	0	tensor(3)	1.124952251110543
10729.870289219236	1000.0	1486.194976668788	0.0	0	0.0	2216.0652658880263	1	0	tensor(3)	1.124952251110543
11483.814841291722	1000.0	1732.2504245963025	0.0	0	0.0	2216.065265888028	1	0	tensor(3)	1.124952251110543
12257.930653578669	1000.0	1958.134612309356	0.0	0	0.0	2216.065265888028	1	0	tensor(3)	1.1249522511105428
13200.0	1000.0	2016.0652658880258	0.0	0	185.61464982168582	2216.065265888028	1	0	tensor(3)	1.1249522511105428
14200.0	1000.0	2016.0652658880263	0.0	0	265.9619291705876	2216.065265888028	1	0	tensor(3)	1.1249522511105428
15200.0	1000.0	2016.0652658880267	0.0	0	186.8376466739519	2216.065265888028	1	0	tensor(3)	1.1249522511105428
16200.0	1000.0	2016.0652658880272	0.0	0	301.10835087946725	2216.065265888028	1	0	tensor(3)	1.1249522511105428
17200.0	1000.0	2016.0652658880272	0.0	0	42.65421438663543	2216.065265888028	1	0	tensor(3)	1.124952251110543
18374.3110527772	1000.0	1841.7542131108273	0.0	0	0.0	2216.06526588803	1	0	tensor(3)	1.1249522511105428
19611.54353186054	1000.0	1604.521734027485	0.0	0	0.0	2216.065265888028	1	0	tensor(3)	1.1249522511105428
21223.024615057457	1000.0	993.0406508305722	0.0	0	0.0	2216.065265888028	1	0	tensor(3)	1.1249522511105428
21842.098390940915	500.0	1373.9668749471125	0.0	0	0.0	2216.0652658880244	1	0	tensor(3)	-0.2613421100093477
23033.65557946115	1000.0	1182.4096864268804	0.0	0	0.0	2216.0652658880244	1	0	tensor(3)	0.4318050705505977
24488.80726177286	1000.0	727.2580041151671	0.0	0	0.0	2216.0652658880244	1	0	tensor(3)	1.124952251110543
25083.62634615169	500.0	1132.4389197363394	0.0	0	0.0	2216.0652658880244	1	0	tensor(3)	-0.2613421100093477
26001.105644517458	1000.0	1214.9596213705693	0.0	0	0.0	2216.065265888021	1	0	tensor(3)	0.43180507055059797
27093.865671629712	1000.0	1122.1995942583208	0.0	0	0.0	2216.065265888021	1	0	tensor(3)	1.1249522511105434
27807.407363344602	1000.0	1408.6579025434298	0.0	0	0.0	2216.065265888021	1	0	tensor(3)	1.1249522511105434
28733.693295849607	1000.0	1482.3719700384213	0.0	0	0.0	2216.065265888021	1	0	tensor(3)	1.1249522511105434
29825.582396855123	1000.0	1390.482869032903	0.0	0	0.0	2216.065265888021	1	0	tensor(3)	1.1249522511105434
30884.55091927208	1000.0	1331.5143466159473	0.0	0	0.0	2216.065265888021	1	0	tensor(3)	1.1249522511105434
31699.866064399845	1000.0	1516.1992014881837	0.0	0	0.0	2216.065265888021	1	0	tensor(3)	1.1249522511105434
32465.33782658299	1000.0	1750.727439305042	0.0	0	0.0	2216.065265888021	1	0	tensor(3)	1.1249522511105434
33200.0	1000.0	2016.0652658880394	0.0	0	1.3094319504016312	2216.0652658880317	1	0	tensor(3)	1.124952251110543
34537.98217507243	1000.0	1678.083090815604	0.0	0	0.0	2216.0652658880244	1	0	tensor(3)	1.124952251110543
36061.36947233879	1000.0	1154.69579354924	0.0	0	0.0	2216.065265888028	1	0	tensor(3)	1.1249522511105428
37305.208097536895	1000.0	910.8571683511321	0.0	0	0.0	2216.065265888021	1	0	tensor(3)	1.1249522511105434
38077.64514294554	1000.0	1138.4201229424896	0.0	0	0.0	2216.065265888028	1	0	tensor(3)	1.1249522511105428
38928.72300123963	1000.0	1287.3422646484005	0.0	0	0.0	2216.065265888028	1	0	tensor(3)	1.1249522511105428
39746.83856926824	1000.0	1469.2266966198006	0.0	0	0.0	2216.065265888028	1	0	tensor(3)	1.1249522511105428
40789.63858596755	1000.0	1426.4266799204909	0.0	0	0.0	2216.065265888028	1	0	tensor(3)	1.1249522511105428
41861.32128939616	1000.0	1354.7439764918715	0.0	0	0.0	2216.065265888028	1	0	tensor(3)	1.1249522511105428
42832.024091733496	1000.0	1384.0411741545402	0.0	0	0.0	2216.065265888028	1	0	tensor(3)	1.1249522511105428
44207.71401342599	1000.0	1008.3512524620397	0.0	0	0.0	2216.065265888028	1	0	tensor(3)	1.1249522511105428
44798.35186388461	500.0	1417.7134020034136	0.0	0	0.0	2216.065265888028	1	0	tensor(3)	-0.26134211000934826
45675.6274713008	1000.0	1540.4377945872277	0.0	0	0.0	2216.0652658880354	1	0	tensor(3)	0.43180507055059675
46636.02919582186	1000.0	1580.0360700661736	0.0	0	0.0	2216.0652658880354	1	0	tensor(3)	1.124952251110542
47305.92275579588	1000.0	1910.142510092158	0.0	0	0.0	2216.065265888028	1	0	tensor(3)	1.1249522511105428
49224.63395857371	1000.0	991.431307314326	0.0	0	0.0	2216.065265888028	1	0	tensor(3)	1.1249522511105428
50219.631990979215	500.0	996.4332749088078	0.0	0	0.0	2216.065265888028	1	0	tensor(3)	-0.26134211000934826
50843.85744049987	500.0	1372.2078253881537	0.0	0	0.0	2216.065265888028	1	0	tensor(3)	0.43180507055059725
52210.41804359815	1000.0	1005.6472222898738	0.0	0	0.0	2216.065265888028	1	0	tensor(3)	0.4318050705505974
52885.42831536852	500.0	1330.6369505195005	0.0	0	0.0	2216.065265888028	1	0	tensor(3)	-0.26134211000934826
53956.5036678921	1000.0	1259.561597995918	0.0	0	0.0	2216.065265888028	1	0	tensor(3)	0.4318050705505974
54840.97253100946	1000.0	1375.0927348785572	0.0	0	0.0	2216.065265888028	1	0	tensor(3)	1.1249522511105428
56110.466702469756	1000.0	1105.598563418253	0.0	0	0.0	2216.065265888028	1	0	tensor(3)	1.1249522511105428
56790.21687113253	1000.0	1425.8483947554816	0.0	0	0.0	2216.0652658880354	1	0	tensor(3)	1.124952251110542
57576.005484745154	1000.0	1640.0597811428597	0.0	0	0.0	2216.0652658880354	1	0	tensor(3)	1.124952251110542
58297.50139847932	1000.0	1918.5638674087015	0.0	0	0.0	2216.0652658880426	1	0	tensor(3)	1.1249522511105416
59200.0	1000.0	2016.0652658880208	0.0	0	213.73697217194422	2216.0652658880354	1	0	tensor(3)	1.124952251110542
61037.41234203591	2000.0	1178.652923852112	0.0	0	0.0	2216.0652658880354	1	0	tensor(3)	1.124952251110542
62131.704583824656	1000.0	1084.3606820633604	0.0	0	0.0	2216.0652658880354	1	0	tensor(3)	0.43180507055059697
62817.475162496965	1000.0	1398.590103391051	0.0	0	0.0	2216.065265888028	1	0	tensor(3)	1.1249522511105428
63611.800594599525	1000.0	1604.2646712885	0.0	0	0.0	2216.065265888028	1	0	tensor(3)	1.1249522511105428
64234.655514391554	1000.0	1981.409751496466	0.0	0	0.0	2216.065265888028	1	0	tensor(3)	1.1249522511105428
65337.06322032205	1000.0	1879.0020455659646	0.0	0	0.0	2216.065265888021	1	0	tensor(3)	1.1249522511105434
66702.42325549769	1000.0	1513.642010390331	0.0	0	0.0	2216.0652658880354	1	0	tensor(3)	1.1249522511105423
67459.09549233581	1000.0	1756.9697735522195	0.0	0	0.0	2216.0652658880426	1	0	tensor(3)	1.1249522511105419
68373.63870071979	1000.0	1842.4265651682363	0.0	0	0.0	2216.0652658880426	1	0	tensor(3)	1.1249522511105416
69200.0	1000.0	2016.0652658880367	0.0	0	187.60980779415695	2216.0652658880426	1	0	tensor(3)	1.1249522511105416
70200.0	1000.0	2016.06526588802	0.0	0	330.4128053661989	2216.0652658880426	1	0	tensor(3)	1.1249522511105416
71200.0	1000.0	2016.0652658880367	0.0	0	144.90507528136368	2216.0652658880426	1	0	tensor(3)	1.1249522511105416
72319.73006760133	1000.0	1896.3351982867036	0.0	0	0.0	2216.0652658880426	1	0	tensor(3)	1.1249522511105416
73305.23601837587	1000.0	1910.8292475121655	0.0	0	0.0	2216.0652658880426	1	0	tensor(3)	1.1249522511105416
74422.85204184512	1000.0	1793.2132240429116	0.0	0	0.0	2216.065265888028	1	0	tensor(3)	1.1249522511105428
76034.34266151435	1000.0	1181.7226043736641	0.0	0	0.0	2216.065265888028	1	0	tensor(3)	1.1249522511105428
76984.7789703866	500.0	1231.2862955014373	0.0	0	0.0	2216.065265888028	1	0	tensor(3)	-0.26134211000934826
78024.30992164888	1000.0	1191.755344239157	0.0	0	0.0	2216.065265888028	1	0	tensor(3)	0.4318050705505974
78883.10521777491	1000.0	1332.9600481131256	0.0	0	0.0	2216.065265888028	1	0	tensor(3)	1.1249522511105428
80494.41197278991	1000.0	721.6532930981243	0.0	0	0.0	2216.065265888028	1	0	tensor(3)	1.1249522511105428
81024.83374439814	500.0	1191.2315214898777	0.0	0	0.0	2216.065265888028	1	0	tensor(3)	-0.26134211000934826
82055.7385731188	1000.0	1160.3266927692282	0.0	0	0.0	2216.0652658880426	1	0	tensor(3)	0.43180507055059614
83017.13437041943	1000.0	1198.930895468598	0.0	0	0.0	2216.0652658880426	1	0	tensor(3)	1.1249522511105416
83763.95390522254	1000.0	1452.1113606654794	0.0	0	0.0	2216.0652658880426	1	0	tensor(3)	1.1249522511105416
84708.64289145227	1000.0	1507.422374435755	0.0	0	0.0	2216.0652658880426	1	0	tensor(3)	1.1249522511105416
85644.58514217542	1000.0	1571.4801237126128	0.0	0	0.0	2216.0652658880426	1	0	tensor(3)	1.1249522511105416
86483.67947368123	1000.0	1732.3857922067907	0.0	0	0.0	2216.0652658880426	1	0	tensor(3)	1.1249522511105416
87262.75390906117	1000.0	1953.3113568268475	0.0	0	0.0	2216.0652658880426	1	0	tensor(3)	1.1249522511105416
88200.0	1000.0	2016.0652658880344	0.0	0	216.16738102113595	2216.0652658880426	1	0	tensor(3)	1.1249522511105416
89200.0	1000.0	2016.06526588804	0.0	0	237.8756383205473	2216.065265888057	1	0	tensor(3)	1.1249522511105403
90782.37761172687	2000.0	1433.687654161161	0.0	0	0.0	2216.065265888057	1	0	tensor(3)	1.1249522511105403
91481.78918065682	1000.0	1734.2760852312056	0.0	0	0.0	2216.0652658880426	1	0	tensor(3)	0.43180507055059636
92200.0	1000.0	2016.06526588802	0.0	0	96.5255296452815	2216.065265888028	1	0	tensor(3)	1.1249522511105428
93272.00001389832	1000.0	1944.0652519897133	0.0	0	0.0	2216.065265888028	1	0	tensor(3)	1.1249522511105428
94200.0	1000.0	2016.0652658880153	0.0	0	48.294776455906685	2216.0652658880135	1	0	tensor(3)	1.124952251110544
95309.47023483973	1000.0	1906.5950310482806	0.0	0	0.0	2216.0652658880135	1	0	tensor(3)	1.124952251110544
96625.54573971273	1000.0	1590.5195261752724	0.0	0	0.0	2216.065265888028	1	0	tensor(3)	1.1249522511105428
98023.41935257317	1000.0	1192.645913314845	0.0	0	0.0	2216.065265888028	1	0	tensor(3)	1.1249522511105428
98704.25864448714	500.0	1511.80662140087	0.0	0	0.0	2216.065265888028	1	0	tensor(3)	-0.26134211000934826
99766.49999386544	1000.0	1449.565272022571	0.0	0	0.0	2216.065265888028	1	0	tensor(3)	0.4318050705505974
100483.5620338061	1000.0	1732.5032320819125	0.0	0	0.0	2216.0652658880426	1	0	tensor(3)	1.1249522511105416
101525.0770411843	1000.0	1690.9882247037283	0.0	0	0.0	2216.0652658880426	1	0	tensor(3)	1.1249522511105416
102287.7505888653	1000.0	1928.314677022747	0.0	0	0.0	2216.0652658880426	1	0	tensor(3)	1.1249522511105416
103200.0	1000.0	2016.065265888049	0.0	0	159.1052536622592	2216.065265888057	1	0	tensor(3)	1.1249522511105403
104250.0515476035	1000.0	1966.0137182845472	0.0	0	0.0	2216.065265888057	1	0	tensor(3)	1.1249522511105403
105200.0	1000.0	2016.0652658880454	0.0	0	32.08136573203956	2216.0652658880426	1	0	tensor(3)	1.1249522511105416
106603.06840905518	1000.0	1612.9968568328568	0.0	0	0.0	2216.065265888028	1	0	tensor(3)	1.1249522511105428
108303.33945043324	1000.0	912.725815454806	0.0	0	0.0	2216.065265888028	1	0	tensor(3)	1.1249522511105428
108928.43767826002	500.0	1287.6275876280206	0.0	0	0.0	2216.065265888028	1	0	tensor(3)	-0.26134211000934826
109992.68822566481	1000.0	1223.3770402232249	0.0	0	0.0	2216.0652658880135	1	0	tensor(3)	0.4318050705505987
111264.30454004358	1000.0	951.760725844455	0.0	0	0.0	2216.0652658880135	1	0	tensor(3)	1.124952251110544
112241.47565862564	1000.0	974.58960726239	0.0	0	0.0	2216.0652658880135	1	0	tensor(3)	1.124952251110544
113091.25751579419	1000.0	1124.8077500938307	0.0	0	0.0	2216.065265888028	1	0	tensor(3)	1.1249522511105428
114089.5263712006	1000.0	1126.5388946874084	0.0	0	0.0	2216.0652658880135	1	0	tensor(3)	1.124952251110544
115306.38623876333	1000.0	909.679027124683	0.0	0	0.0	2216.0652658880135	1	0	tensor(3)	1.124952251110544
116557.46007670317	1000.0	658.6051891848481	0.0	0	0.0	2216.0652658880135	1	0	tensor(3)	1.124952251110544
117275.46285364116	500.0	940.6024122468482	0.0	0	0.0	2216.0652658880135	1	0	tensor(3)	-0.26134211000934676
118216.92254474045	500.0	999.1427211475542	0.0	0	0.0	2216.065265888028	1	0	tensor(3)	0.43180507055059725
119024.08557887422	500.0	1191.9796870137743	0.0	0	0.0	2216.065265888028	1	0	tensor(3)	0.43180507055059725
119637.81270821097	500.0	1578.2525576770229	0.0	0	0.0	2216.065265888028	1	0	tensor(3)	0.43180507055059725
120811.96701305562	1000.0	1404.0982528323611	0.0	0	0.0	2216.065265888028	1	0	tensor(3)	0.4318050705505974
121687.80259185818	1000.0	1528.2626740298017	0.0	0	0.0	2216.0652658880135	1	0	tensor(3)	1.124952251110544
122730.87212483826	1000.0	1485.1931410497089	0.0	0	0.0	2216.0652658880135	1	0	tensor(3)	1.124952251110544
124160.97932310404	1000.0	1055.0859427839368	0.0	0	0.0	2216.0652658880135	1	0	tensor(3)	1.124952251110544
124825.49085609544	500.0	1390.5744097925476	0.0	0	0.0	2216.0652658880135	1	0	tensor(3)	-0.26134211000934676
125734.5075219828	1000.0	1481.557743905196	0.0	0	0.0	2216.065265888028	1	0	tensor(3)	0.4318050705505974
127124.75158116528	1000.0	1091.313684722722	0.0	0	0.0	2216.065265888028	1	0	tensor(3)	1.1249522511105428
127811.10153885269	1000.0	1404.9637270353248	0.0	0	0.0	2216.0652658880135	1	0	tensor(3)	1.124952251110544
128949.82384360598	1000.0	1266.2414222820366	0.0	0	0.0	2216.065265887999	1	0	tensor(3)	1.1249522511105452
129671.6954493857	500.0	1544.3698165023086	0.0	0	0.0	2216.065265887999	1	0	tensor(3)	-0.2613421100093455
130769.76224495635	1000.0	1446.3030209316676	0.0	0	0.0	2216.065265887999	1	0	tensor(3)	0.4318050705505999
131610.85284084198	1000.0	1605.2124250460283	0.0	0	0.0	2216.065265887999	1	0	tensor(3)	1.1249522511105448
132662.36991348636	1000.0	1553.6953524016392	0.0	0	0.0	2216.065265887999	1	0	tensor(3)	1.124952251110546
134297.4153786567	1000.0	918.6498872313	0.0	0	0.0	2216.065265887999	1	0	tensor(3)	1.1249522511105452
134961.64138753558	500.0	1254.4238783524524	0.0	0	0.0	2216.065265887999	1	0	tensor(3)	-0.2613421100093455
135720.92582493936	500.0	1495.1394409486463	0.0	0	0.0	2216.065265887999	1	0	tensor(3)	0.43180507055059986
136870.15407725013	1000.0	1345.9111886378591	0.0	0	0.0	2216.065265887999	1	0	tensor(3)	0.4318050705505999
138812.12544120755	1000.0	403.9398246804568	0.0	0	0.0	2216.065265887999	1	0	tensor(3)	1.1249522511105452
139575.9137309174	500.0	644.3054402340231	4.153905263434808	0	0.0	2220.2191711514024	1	0	tensor(3)	-0.28662737790272264
140064.34036871025	500.0	1155.8788024411647	0.0	0	0.0	2220.2191711514315	1	0	tensor(3)	0.4314432342378291
141791.83810668282	1000.0	428.38106446860763	0.0	0	0.0	2220.2191711514024	1	0	tensor(3)	0.4314432342378317
142499.14791334583	500.0	721.0712578055853	0.0	0	0.0	2220.2191711514024	1	0	tensor(3)	-0.2617039463221138
143455.38184849385	500.0	764.8373226575661	0.0	0	0.0	2220.2191711514024	1	0	tensor(3)	0.4314432342378316
143992.89746026212	500.0	1227.3217108893691	0.0	0	0.0	2220.2191711514315	1	0	tensor(3)	0.4314432342378291
145205.97488571468	1000.0	1014.24428543683	0.0	0	0.0	2220.2191711514606	1	0	tensor(3)	0.4314432342378266
146285.97771367236	1000.0	934.2414574791478	0.0	0	0.0	2220.2191711514606	1	0	tensor(3)	1.124590414797772
146855.35749540376	1000.0	1364.8616757477444	0.0	0	0.0	2220.2191711514606	1	0	tensor(3)	1.124590414797772
147386.1617990571	1000.0	1834.0573720944112	0.0	0	0.0	2220.2191711514315	1	0	tensor(3)	1.1245904147977746
148494.25035755683	1000.0	1725.9688135946838	0.0	0	0.0	2220.2191711514315	1	0	tensor(3)	1.1245904147977746
150171.7996323903	1000.0	1048.4195387612035	0.0	0	0.0	2220.2191711514315	1	0	tensor(3)	1.1245904147977746
150697.0651243286	500.0	1523.1540468229155	0.0	0	0.0	2220.2191711514315	1	0	tensor(3)	-0.2617039463221162
151650.09626581348	1000.0	1570.1229053380193	0.0	0	0.0	2220.2191711514315	1	0	tensor(3)	0.4314432342378291
152616.54156147072	1000.0	1603.6776096807475	0.0	0	0.0	2220.2191711514315	1	0	tensor(3)	1.1245904147977746
153415.08925312187	1000.0	1805.1299180295848	0.0	0	0.0	2220.2191711514315	1	0	tensor(3)	1.1245904147977746
154200.0	1000.0	2020.2191711514643	0.0	0	36.22564069007058	2220.2191711514315	1	0	tensor(3)	1.1245904147977746
155200.0	1000.0	2020.2191711514338	0.0	0	56.723150948324474	2220.2191711514315	1	0	tensor(3)	1.1245904147977746
156200.0	1000.0	2020.2191711514256	0.0	0	346.7725350075925	2220.2191711514315	1	0	tensor(3)	1.1245904147977746
157445.52232280734	1000.0	1774.696848344059	0.0	0	0.0	2220.2191711514315	1	0	tensor(3)	1.1245904147977746
158784.86743434996	1000.0	1435.3517368014202	0.0	0	0.0	2220.2191711514024	1	0	tensor(3)	1.124590414797776
159801.8218883095	1000.0	1418.397282841886	0.0	0	0.0	2220.2191711514024	1	0	tensor(3)	1.1245904147977772
160462.51186873915	1000.0	1757.707302412217	0.0	0	0.0	2220.2191711514024	1	0	tensor(3)	1.1245904147977772
161200.0	1000.0	2020.2191711513415	0.0	0	60.98699917571503	2220.2191711513733	1	0	tensor(3)	1.1245904147977797
163319.4753719923	2000.0	900.743799159041	0.0	0	0.0	2220.2191711513733	1	0	tensor(3)	1.1245904147977797
164276.60128659717	1000.0	943.6178845541577	0.0	0	0.0	2220.2191711513733	1	0	tensor(3)	0.4314432342378345
164988.196655355	1000.0	1232.0225157963641	0.0	0	0.0	2220.2191711513733	1	0	tensor(3)	1.1245904147977797
165740.79337613203	1000.0	1479.4257950193444	0.0	0	0.0	2220.2191711514024	1	0	tensor(3)	1.1245904147977772
166269.1991603591	1000.0	1951.0200107922626	0.0	0	0.0	2220.2191711513733	1	0	tensor(3)	1.1245904147977797
167273.77661721845	1000.0	1946.442553932928	0.0	0	0.0	2220.2191711513733	1	0	tensor(3)	1.1245904147977797
168406.2930394946	1000.0	1813.9261316567727	0.0	0	0.0	2220.2191711513733	1	0	tensor(3)	1.1245904147977797
169785.88578904257	1000.0	1434.3333821088077	0.0	0	0.0	2220.2191711514024	1	0	tensor(3)	1.1245904147977785
171022.59075900802	1000.0	1197.6284121433828	0.0	0	0.0	2220.2191711514024	1	0	tensor(3)	1.1245904147977772
171937.12398475004	1000.0	1283.095186401368	0.0	0	0.0	2220.2191711513733	1	0	tensor(3)	1.1245904147977797
173007.99011507697	1000.0	1212.2290560744432	0.0	0	0.0	2220.2191711513733	1	0	tensor(3)	1.1245904147977797
174342.55261002303	1000.0	877.6665611283809	0.0	0	0.0	2220.2191711514024	1	0	tensor(3)	1.1245904147977772
175133.97329190173	500.0	1086.2458792496855	0.0	0	0.0	2220.2191711513733	1	0	tensor(3)	-0.2617039463221112
175770.83061224775	500.0	1449.3885589036347	0.0	0	0.0	2220.219171151344	1	0	tensor(3)	0.43144323423783665
176840.8641498387	1000.0	1379.3550213126805	0.0	0	0.0	2220.219171151344	1	0	tensor(3)	0.43144323423783676
177589.18992924434	1000.0	1631.0292419070279	0.0	0	0.0	2220.219171151344	1	0	tensor(3)	1.124590414797782
178383.50661678673	1000.0	1836.7125543646455	0.0	0	0.0	2220.219171151344	1	0	tensor(3)	1.124590414797782
179291.77498029158	1000.0	1928.4441908597787	0.0	0	0.0	2220.219171151344	1	0	tensor(3)	1.124590414797782
180248.21116161847	1000.0	1972.008009532877	0.0	0	0.0	2220.219171151315	1	0	tensor(3)	1.1245904147977848
181200.0	1000.0	2020.219171151387	0.0	0	234.68929848764674	2220.219171151344	1	0	tensor(3)	1.124590414797782
182331.84197418054	1000.0	1888.3771969708744	0.0	0	0.0	2220.219171151344	1	0	tensor(3)	1.124590414797782
183892.80171688556	1000.0	1327.4174542658714	0.0	0	0.0	2220.2191711513733	1	0	tensor(3)	1.1245904147977797
185147.66904938908	1000.0	1072.5501217623796	0.0	0	0.0	2220.2191711513733	1	0	tensor(3)	1.1245904147977797
186222.08974076816	1000.0	998.1294303832956	0.0	0	0.0	2220.2191711513733	1	0	tensor(3)	1.1245904147977797
187127.4590959242	1000.0	1092.760075227257	0.0	0	0.0	2220.2191711513733	1	0	tensor(3)	1.1245904147977797
188061.60557711782	1000.0	1158.6135940335753	0.0	0	0.0	2220.219171151344	1	0	tensor(3)	1.124590414797782
189117.84527527797	1000.0	1102.3738958734334	0.0	0	0.0	2220.219171151344	1	0	tensor(3)	1.124590414797782
190491.33642277468	1000.0	728.8827483767611	0.0	0	0.0	2220.2191711513733	1	0	tensor(3)	1.1245904147977817
191417.89143691884	500.0	802.3277342325741	0.0	0	0.0	2220.219171151344	1	0	tensor(3)	-0.2617039463221088
191990.1399687645	500.0	1230.079202386911	0.0	0	0.0	2220.219171151344	1	0	tensor(3)	0.43144323423783665
193481.63033255996	1000.0	738.5888385914169	0.0	0	0.0	2220.219171151315	1	0	tensor(3)	0.43144323423783726
194121.21087062766	500.0	1099.0083005237534	0.0	0	0.0	2220.219171151315	1	0	tensor(3)	-0.26170394632210603
194856.7654685587	1000.0	1363.4537025927382	0.0	0	0.0	2220.219171151315	1	0	tensor(3)	0.43144323423783937
195654.37297480647	1000.0	1565.8461963449754	0.0	0	0.0	2220.219171151315	1	0	tensor(3)	1.1245904147977848
196513.50366436082	1000.0	1706.7155067906392	0.0	0	0.0	2220.219171151315	1	0	tensor(3)	1.1245904147977848
198923.5515100277	1000.0	296.6676611237841	0.0	0	0.0	2220.219171151315	1	0	tensor(3)	1.1245904147977848
199802.80592411658	500.0	521.7209868558016	104.30773982090687	0	0.0	2324.5269109721994	1	0	tensor(3)	-0.8971226849507121
200496.9853441691	500.0	827.5415668032767	0.0	0	0.0	2324.5269109721994	1	0	tensor(3)	0.42187093453467217
201436.6038357875	500.0	887.9230751848426	0.0	0	0.0	2324.5269109721994	1	0	tensor(3)	0.42187093453467445
202042.79020455922	500.0	1281.7367064131465	0.0	0	0.0	2324.5269109722285	1	0	tensor(3)	0.4218709345346716
202960.4762042525	1000.0	1364.050706719834	0.0	0	0.0	2324.5269109722576	1	0	tensor(3)	0.42187093453466884
203938.9440773482	1000.0	1385.5828336241318	0.0	0	0.0	2324.5269109722576	1	0	tensor(3)	1.1150181150946143
204874.1986993306	1000.0	1450.3282116417229	0.0	0	0.0	2324.5269109722576	1	0	tensor(3)	1.1150181150946143
205621.69738954207	1000.0	1702.8295214302173	0.0	0	0.0	2324.5269109722576	1	0	tensor(3)	1.1150181150946143
206339.75889263613	1000.0	1984.7680183361888	0.0	0	0.0	2324.5269109722576	1	0	tensor(3)	1.1150181150946143
207200.0	1000.0	2124.5269109723004	0.0	0	112.22346674051369	2324.5269109722285	1	0	tensor(3)	1.1150181150946172
208200.0	1000.0	2124.5269109723085	0.0	0	226.14348545944085	2324.5269109722285	1	0	tensor(3)	1.1150181150946172
210699.28451645124	2000.0	625.2423945211133	0.0	0	0.0	2324.5269109722867	1	0	tensor(3)	1.1150181150946141
211611.69472293102	1000.0	712.8321880413448	0.0	0	0.0	2324.5269109722867	1	0	tensor(3)	0.4218709345346663
212134.305372798	1000.0	1190.2215381743636	0.0	0	0.0	2324.5269109722867	1	0	tensor(3)	1.1150181150946115
212982.1554082762	1000.0	1342.3715026961836	0.0	0	0.0	2324.5269109722576	1	0	tensor(3)	1.1150181150946143
213761.37735210083	1000.0	1563.1495588715484	0.0	0	0.0	2324.5269109722576	1	0	tensor(3)	1.1150181150946143
214852.90703889754	1000.0	1471.619872074869	0.0	0	0.0	2324.5269109722576	1	0	tensor(3)	1.1150181150946143
216154.91324258092	1000.0	1169.6136683914954	0.0	0	0.0	2324.5269109722576	1	0	tensor(3)	1.1150181150946143
216956.51962424573	1000.0	1368.0072867267013	0.0	0	0.0	2324.5269109722576	1	0	tensor(3)	1.1150181150946143
217564.32802654628	1000.0	1760.1988844261336	0.0	0	0.0	2324.5269109722576	1	0	tensor(3)	1.1150181150946143
218467.70247061132	1000.0	1856.824440361103	0.0	0	0.0	2324.5269109722576	1	0	tensor(3)	1.1150181150946143
219424.39188076172	1000.0	1900.135030210703	0.0	0	0.0	2324.5269109722576	1	0	tensor(3)	1.1150181150946143
220472.80095308524	1000.0	1851.7259578871844	0.0	0	0.0	2324.5269109722285	1	0	tensor(3)	1.1150181150946148
221430.5664351898	1000.0	1893.9604757826207	0.0	0	0.0	2324.5269109722285	1	0	tensor(3)	1.1150181150946172
222539.89898856185	1000.0	1784.6279224105676	0.0	0	0.0	2324.5269109722285	1	0	tensor(3)	1.1150181150946172
223481.61410012312	1000.0	1842.9128108493217	0.0	0	0.0	2324.5269109722576	1	0	tensor(3)	1.1150181150946166
224996.69143737108	1000.0	1327.8354736013905	0.0	0	0.0	2324.5269109722576	1	0	tensor(3)	1.1150181150946143
225847.1437241698	500.0	1477.3831868026837	0.0	0	0.0	2324.5269109722285	1	0	tensor(3)	-0.2712762460252738
227141.3943526123	1000.0	1183.1325583601847	0.0	0	0.0	2324.5269109722285	1	0	tensor(3)	0.4218709345346717
228073.4880716437	1000.0	1251.0388393287926	0.0	0	0.0	2324.5269109721994	1	0	tensor(3)	1.11501811509462
229293.89689928692	1000.0	1030.6300116855468	0.0	0	0.0	2324.5269109721994	1	0	tensor(3)	1.11501811509462
229875.92583322528	500.0	1448.6010777472186	0.0	0	0.0	2324.5269109721994	1	0	tensor(3)	-0.271276246025271
230939.94207600266	1000.0	1384.5848349698451	0.0	0	0.0	2324.5269109722285	1	0	tensor(3)	0.4218709345346723
231755.9990678399	1000.0	1568.527843132587	0.0	0	0.0	2324.5269109722285	1	0	tensor(3)	1.1150181150946172
232677.72872678383	1000.0	1646.7981841886847	0.0	0	0.0	2324.5269109721994	1	0	tensor(3)	1.11501811509462
233353.64876162898	1000.0	1970.8781493435638	0.0	0	0.0	2324.5269109721994	1	0	tensor(3)	1.11501811509462
234200.0	1000.0	2124.526910972573	0.0	0	129.05204017885262	2324.5269109721994	1	0	tensor(3)	1.11501811509462
235200.0	1000.0	2124.526910972594	0.0	0	171.82006436088705	2324.5269109722285	1	0	tensor(3)	1.1150181150946172
236200.0	1000.0	2124.526910972583	0.0	0	60.82450559269637	2324.5269109722285	1	0	tensor(3)	1.1150181150946172
237200.0	1000.0	2124.5269109725937	0.0	0	430.67116103798617	2324.5269109721994	1	0	tensor(3)	1.11501811509462
238200.0	1000.0	2124.5269109725905	0.0	0	278.1949265257281	2324.5269109721994	1	0	tensor(3)	1.11501811509462
239702.45990408974	2000.0	1622.0670068828458	0.0	0	0.0	2324.5269109722285	1	0	tensor(3)	1.1150181150946186
240429.17411584736	1000.0	1895.3527951252593	0.0	0	0.0	2324.5269109722285	1	0	tensor(3)	0.42187093453467195
241222.03337264853	1000.0	2102.4935383241022	0.0	0	0.0	2324.5269109722285	1	0	tensor(3)	1.1150181150946172
242200.0	1000.0	2124.526910972615	0.0	0	308.5328875632549	2324.5269109722285	1	0	tensor(3)	1.1150181150946172
243200.0	1000.0	2124.526910972593	0.0	0	246.67557553661754	2324.5269109722285	1	0	tensor(3)	1.1150181150946172
244442.0053025988	1000.0	1882.5216083738255	0.0	0	0.0	2324.5269109722285	1	0	tensor(3)	1.1150181150946172
245808.27030937644	1000.0	1516.2566015961568	0.0	0	0.0	2324.5269109722285	1	0	tensor(3)	1.1150181150946172
247141.2804682855	1000.0	1183.246442687135	0.0	0	0.0	2324.5269109722576	1	0	tensor(3)	1.1150181150946143
248117.36481432535	1000.0	1207.1620966472638	0.0	0	0.0	2324.5269109722576	1	0	tensor(3)	1.1150181150946143
249202.66252414547	1000.0	1121.8643868271236	0.0	0	0.0	2324.5269109722576	1	0	tensor(3)	1.1150181150946143
250521.7495034747	1000.0	802.7774074979056	0.0	0	0.0	2324.5269109722867	1	0	tensor(3)	1.1150181150946115
251122.52004137804	500.0	1202.0068695945622	0.0	0	0.0	2324.5269109722867	1	0	tensor(3)	-0.27127624602527933
251883.30569549996	1000.0	1441.221215472616	0.0	0	0.0	2324.5269109722867	1	0	tensor(3)	0.42187093453466606
252944.72162463824	1000.0	1379.8052863343355	0.0	0	0.0	2324.5269109722867	1	0	tensor(3)	1.1150181150946115
254026.95273770558	1000.0	1297.5741732670133	0.0	0	0.0	2324.5269109722867	1	0	tensor(3)	1.1150181150946115
255443.93113947095	1000.0	880.5957715016071	0.0	0	0.0	2324.5269109722867	1	0	tensor(3)	1.1150181150946115
256006.82107712294	500.0	1317.7058338496113	0.0	0	0.0	2324.5269109722867	1	0	tensor(3)	-0.27127624602527933
257705.654599785	1000.0	618.872311187537	0.0	0	0.0	2324.5269109722867	1	0	tensor(3)	0.42187093453466606
258454.97931633884	500.0	869.547594633711	0.0	0	0.0	2324.5269109722867	1	0	tensor(3)	-0.27127624602527933
259466.0148325124	500.0	858.5120784601802	0.0	0	0.0	2324.5269109722576	1	0	tensor(3)	0.42187093453466884
260084.70076665923	500.0	1239.8261443133679	0.0	0	0.0	2324.5269109722576	1	0	tensor(3)	0.42187093453466884
260764.3678664327	1000.0	1560.1590445398845	0.0	0	0.0	2324.5269109722576	1	0	tensor(3)	0.42187093453466884
261600.86476939102	1000.0	1723.6621415816026	0.0	0	0.0	2324.5269109722285	1	0	tensor(3)	1.1150181150946155
262884.88167033525	1000.0	1439.6452406373865	0.0	0	0.0	2324.5269109722576	1	0	tensor(3)	1.1150181150946143
263877.2782810526	1000.0	1447.248629920032	0.0	0	0.0	2324.5269109722576	1	0	tensor(3)	1.115018115094613
264900.83715812716	1000.0	1423.6897528454554	0.0	0	0.0	2324.5269109722576	1	0	tensor(3)	1.1150181150946137
265849.79251789144	500.0	1474.734393081252	0.0	0	0.0	2324.526910972374	1	0	tensor(3)	-0.27127624602528655
267157.12176626513	1000.0	1167.4051447075822	0.0	0	0.0	2324.526910972374	1	0	tensor(3)	0.42187093453465774
268090.9728796263	500.0	1233.5540313464503	0.0	0	0.0	2324.526910972374	1	0	tensor(3)	-0.27127624602528766
268698.1306639122	500.0	1626.3962470605388	0.0	0	0.0	2324.526910972374	1	0	tensor(3)	0.4218709345346576
269902.18168937793	1000.0	1422.3452215949103	0.0	0	0.0	2324.526910972374	1	0	tensor(3)	0.42187093453465774
270696.8862463462	1000.0	1627.6406646265893	0.0	0	0.0	2324.526910972374	1	0	tensor(3)	1.1150181150946032
271495.9887724562	1000.0	1828.5381385165806	0.0	0	0.0	2324.526910972374	1	0	tensor(3)	1.1150181150946032
272777.1724693627	1000.0	1547.354441610125	0.0	0	0.0	2324.526910972374	1	0	tensor(3)	1.1150181150946008
274132.05149715213	1000.0	1192.4754138206868	0.0	0	0.0	2324.5269109724322	1	0	tensor(3)	1.1150181150945975
275532.11757322086	1000.0	792.409337751955	0.0	0	0.0	2324.5269109724904	1	0	tensor(3)	1.115018115094592
276156.14931045816	500.0	1168.3776005146224	0.0	0	0.0	2324.5269109724904	1	0	tensor(3)	-0.27127624602529893
277070.2594818117	1000.0	1254.2674291611152	0.0	0	0.0	2324.5269109724904	1	0	tensor(3)	0.42187093453464647
278114.7534306698	1000.0	1209.773480303084	0.0	0	0.0	2324.5269109725486	1	0	tensor(3)	1.1150181150945873
278948.2997851345	500.0	1376.2271258384246	0.0	0	0.0	2324.5269109725486	1	0	tensor(3)	-0.2712762460253045
279911.84198412864	1000.0	1412.6849268442513	0.0	0	0.0	2324.5269109724904	1	0	tensor(3)	0.42187093453464647
280798.9308372226	1000.0	1525.5960737502044	0.0	0	0.0	2324.5269109724322	1	0	tensor(3)	1.1150181150945975
281848.10213805776	1000.0	1476.424772914995	0.0	0	0.0	2324.5269109724322	1	0	tensor(3)	1.1150181150945975
283476.35421918513	1000.0	848.1726917876397	0.0	0	0.0	2324.526910972374	1	0	tensor(3)	1.1150181150945986
284096.1960926721	500.0	1228.3308183006523	0.0	0	0.0	2324.526910972374	1	0	tensor(3)	-0.27127624602528766
285568.47111609555	1000.0	756.0557948772429	0.0	0	0.0	2324.526910972374	1	0	tensor(3)	0.42187093453465774
286275.9770327974	500.0	1048.5498781753986	0.0	0	0.0	2324.526910972316	1	0	tensor(3)	-0.2712762460252821
287460.75554494496	500.0	863.7713660279044	0.0	0	0.0	2324.526910972316	1	0	tensor(3)	0.42187093453466323
288298.3370607567	500.0	1026.189850216195	0.0	0	0.0	2324.526910972316	1	0	tensor(3)	0.42187093453466323
289094.9562017876	500.0	1229.570709185338	0.0	0	0.0	2324.526910972316	1	0	tensor(3)	0.42187093453466323
290322.4147349936	1000.0	1002.112175979304	0.0	0	0.0	2324.5269109722576	1	0	tensor(3)	0.42187093453466884
291228.80163812893	500.0	1095.7252728439676	0.0	0	0.0	2324.526910972316	1	0	tensor(3)	-0.2712762460252821
292338.3931519447	500.0	986.1337590282296	0.0	0	0.0	2324.526910972374	1	0	tensor(3)	0.4218709345346576
293034.72644538124	500.0	1289.8004655916318	0.0	0	0.0	2324.526910972374	1	0	tensor(3)	0.4218709345346576
294016.07995018957	1000.0	1308.4469607833908	0.0	0	0.0	2324.526910972316	1	0	tensor(3)	0.4218709345346633
295068.2219084448	1000.0	1256.3050025281568	0.0	0	0.0	2324.526910972316	1	0	tensor(3)	1.1150181150946086
295731.57064820017	1000.0	1592.9562627728553	0.0	0	0.0	2324.526910972374	1	0	tensor(3)	1.1150181150946032
296537.1722478198	1000.0	1787.3546631532458	0.0	0	0.0	2324.526910972374	1	0	tensor(3)	1.1150181150946032
297471.34714794275	1000.0	1853.1797630302192	0.0	0	0.0	2324.526910972316	1	0	tensor(3)	1.1150181150946086
299139.77116067184	1000.0	1184.7557503011521	0.0	0	0.0	2324.526910972316	1	0	tensor(3)	1.1150181150946086
300029.1677735666	1000.0	1295.3591374063571	0.0	0	0.0	2324.5269109722576	1	0	tensor(3)	1.1150181150946143
301171.4029108438	1000.0	1153.1240001291446	0.0	0	0.0	2324.5269109722576	1	0	tensor(3)	1.1150181150946143
302468.91350589984	1000.0	855.6134050730692	0.0	0	0.0	2324.5269109721994	1	0	tensor(3)	1.11501811509462
303727.015991391	1000.0	597.5109195818525	0.0	0	0.0	2324.5269109721994	1	0	tensor(3)	1.11501811509462
1.07	1.04	1.38	1.16	0.6	0.78	0.97	1.58	1.73	1.14	1.07	1.12	1.22	1.49	1.05	0.98	0.89	0.67	1.17	0.96	0.82	0.87	0.86	1.02	1.24	1.07	1.27	1.3	1.12	1.08	0.74	0.81	0.93	1.17	1.49	1.29	1.08	0.94	0.74	1.0	0.78	0.98	1.24	1.69	0.61	0.41	0.73	0.59	0.7	0.9	1.11	1.08	0.92	1.55	1.53	1.74	0.82	1.04	1.29	1.7	1.39	1.24	0.98	1.09	1.33	1.17	1.3	1.22	1.0	1.0	0.86	0.76	0.66	0.75	0.9	0.86	0.78	1.29	1.22	1.1	1.15	1.26	1.32	1.54	1.42	1.83	1.16	1.41	1.4	1.2	1.11	1.05	0.96	0.57	0.74	1.24	1.19	1.01	1.03	1.05	1.37	1.04	0.75	0.73	0.59	0.76	0.68	1.1	1.12	0.8	0.93	1.1	0.58	0.89	0.72	0.51	1.01	1.1	1.0	0.73	0.76	0.92	1.02	0.94	1.2	0.59	0.97	1.07	1.1	0.67	0.72	0.64	0.8	0.57	0.5	0.76	0.88	0.66	0.7	0.59	0.89	0.83	1.31	1.45	1.1	0.78	0.75	0.95	0.8	1.29	1.07	1.04	1.38	1.16	0.6	0.78	0.97	1.58	1.73	1.14	1.07	1.12	1.22	1.49	1.05	0.98	0.89	0.67	1.17	0.96	0.82	0.87	0.86	1.02	1.24	1.07	1.27	1.3	1.12	1.08	0.74	0.81	0.93	1.17	1.49	1.29	1.08	0.94	0.74	1.0	0.78	0.98	1.24	1.69	0.61	0.41	0.73	0.59	0.7	0.9	1.11	1.08	0.92	1.55	1.53	1.74	0.82	1.04	1.29	1.7	1.39	1.24	0.98	1.09	1.33	1.17	1.3	1.22	1.0	1.0	0.86	0.76	0.66	0.75	0.9	0.86	0.78	1.29	1.22	1.1	1.15	1.26	1.32	1.54	1.42	1.83	1.16	1.41	1.4	1.2	1.11	1.05	0.96	0.57	0.74	1.24	1.19	1.01	1.03	1.05	1.37	1.04	0.75	0.73	0.59	0.76	0.68	1.1	1.12	0.8	0.93	1.1	0.58	0.89	0.72	0.51	1.01	1.1	1.0	0.73	0.76	0.92	1.02	0.94	1.2	0.59	0.97	1.07	1.1	0.67	0.72	0.64	0.8	0.57	0.5	0.76	0.88	0.66	0.7	0.59	0.89	0.83	1.31	1.45	1.1	0.78	0.75	0.95	0.8	1.29	1.07	1.04	1.38
1.0	2.0	3.0	4.0	5.0	6.0	7.0	8.0	9.0	10.0	11.0	12.0	13.0	14.0	15.0	16.0	17.0	18.0	19.0	20.0	21.0	22.0	23.0	24.0	25.0	26.0	27.0	28.0	29.0	30.0	31.0	32.0	33.0	34.0	35.0	36.0	37.0	38.0	39.0	40.0	41.0	42.0	43.0	44.0	45.0	46.0	47.0	48.0	49.0	50.0	51.0	52.0	53.0	54.0	55.0	56.0	57.0	58.0	59.0	60.0	61.0	62.0	63.0	64.0	65.0	66.0	67.0	68.0	69.0	70.0	71.0	72.0	73.0	74.0	75.0	76.0	77.0	78.0	79.0	80.0	81.0	82.0	83.0	84.0	85.0	86.0	87.0	88.0	89.0	90.0	91.0	92.0	93.0	94.0	95.0	96.0	97.0	98.0	99.0	100.0	101.0	102.0	103.0	104.0	105.0	106.0	107.0	108.0	109.0	110.0	111.0	112.0	113.0	114.0	115.0	116.0	117.0	118.0	119.0	120.0	121.0	122.0	123.0	124.0	125.0	126.0	127.0	128.0	129.0	130.0	131.0	132.0	133.0	134.0	135.0	136.0	137.0	138.0	139.0	140.0	141.0	142.0	143.0	144.0	145.0	146.0	147.0	148.0	149.0	149.0	150.0	151.0	152.0	153.0	154.0	155.0	156.0	157.0	158.0	159.0	160.0	161.0	162.0	163.0	164.0	165.0	166.0	167.0	168.0	169.0	170.0	171.0	172.0	173.0	174.0	175.0	176.0	177.0	178.0	179.0	180.0	181.0	182.0	183.0	184.0	185.0	186.0	187.0	188.0	189.0	190.0	191.0	192.0	193.0	194.0	195.0	196.0	197.0	198.0	199.0	200.0	201.0	202.0	203.0	204.0	205.0	206.0	207.0	208.0	209.0	210.0	211.0	212.0	213.0	214.0	215.0	216.0	217.0	218.0	219.0	220.0	221.0	222.0	223.0	224.0	225.0	226.0	227.0	228.0	229.0	230.0	231.0	232.0	233.0	234.0	235.0	236.0	237.0	238.0	239.0	240.0	241.0	242.0	243.0	244.0	245.0	246.0	247.0	248.0	249.0	250.0	251.0	252.0	253.0	254.0	255.0	256.0	257.0	258.0	259.0	260.0	261.0	262.0	263.0	264.0	265.0	266.0	267.0	268.0	269.0	270.0	271.0	272.0	273.0	274.0	275.0	276.0	277.0	278.0	279.0	280.0	281.0	282.0	283.0	284.0	285.0	286.0	287.0	288.0	289.0	290.0	291.0	292.0	293.0	294.0	295.0	296.0	297.0	298.0	298.0	299.0	300.0	301.0
3460.171553936839
