4541.407645992675	300.0	2000.0	255.61214311529216	0	0.0	2541.4076459926746	1	0	tensor(6)	-7.639347936093168
5457.055701220219	1000.0	2084.3519447724557	0.0	0	0.0	2541.4076459926746	1	0	tensor(3)	-0.11216409751341463
7032.276158563713	2000.0	1509.131487428961	0.0	0	0.0	2541.4076459926746	1	0	tensor(3)	1.0918087068125213
9008.708824855179	1000.0	532.6988211374954	0.0	0	0.0	2541.4076459926755	1	0	tensor(3)	0.3986615262525761
9425.338706003658	500.0	1116.0689399890139	0.0	0	0.0	2541.4076459926728	1	0	tensor(3)	-0.2944856543073693
10409.729510996896	1000.0	1131.678134995775	0.0	0	0.0	2541.4076459926728	1	0	tensor(3)	0.3986615262525761
11468.739304457129	1000.0	1072.6683415355435	0.0	0	0.0	2541.4076459926728	1	0	tensor(3)	1.0918087068125215
12193.323829353314	1000.0	1348.083816639358	0.0	0	0.0	2541.407645992671	1	0	tensor(3)	1.0918087068125215
12998.001206649504	1000.0	1543.4064393431681	0.0	0	0.0	2541.407645992669	1	0	tensor(3)	1.091808706812522
13667.407405301055	1000.0	1874.0002406916171	0.0	0	0.0	2541.407645992669	1	0	tensor(3)	1.091808706812522
14416.105046585342	1000.0	2125.30259940733	0.0	0	0.0	2541.4076459926673	1	0	tensor(3)	1.0918087068125222
15200.0	1000.0	2341.407645992671	0.0	0	247.82982891855136	2541.4076459926673	1	0	tensor(3)	1.0918087068125222
16200.0	1000.0	2341.4076459926728	0.0	0	264.7026530002677	2541.407645992669	1	0	tensor(3)	1.091808706812522
17200.0	1000.0	2341.40764599267	0.0	0	488.839163934048	2541.4076459926673	1	0	tensor(3)	1.0918087068125224
18200.0	2000.0	2341.4076459926737	0.0	0	149.31506897118015	2541.407645992671	1	0	tensor(3)	1.091808706812522
19200.0	2000.0	2341.4076459926737	0.0	0	32.773577016032505	2541.407645992669	1	0	tensor(3)	1.784955887372467
20219.92396534042	2000.0	2321.4836806522535	0.0	0	0.0	2541.407645992669	1	0	tensor(3)	1.7849558873724671
22074.28906950415	2000.0	1467.1185764885222	0.0	0	0.0	2541.407645992669	1	0	tensor(3)	1.7849558873724671
22667.96100497775	1000.0	1873.4466410149198	0.0	0	0.0	2541.407645992669	1	0	tensor(3)	0.3986615262525768
23419.84581599464	1000.0	2121.5618299980333	0.0	0	0.0	2541.407645992669	1	0	tensor(3)	1.091808706812522
24593.046974709792	2000.0	1948.3606712828773	0.0	0	0.0	2541.407645992669	1	0	tensor(3)	1.091808706812522
26172.31816381077	2000.0	1369.0894821818983	0.0	0	0.0	2541.4076459926655	1	0	tensor(3)	1.7849558873724676
26892.50221263821	1000.0	1648.9054333544577	0.0	0	0.0	2541.4076459926655	1	0	tensor(3)	0.39866152625257717
28924.381341866403	2000.0	617.0263041262655	0.0	0	0.0	2541.407645992662	1	0	tensor(3)	1.0918087068125228
29834.52428705561	1000.0	706.8833589370599	0.0	0	0.0	2541.4076459926655	1	0	tensor(3)	0.39866152625257717
30404.027099575647	1000.0	1137.3805464170184	0.0	0	0.0	2541.4076459926655	1	0	tensor(3)	1.0918087068125224
31039.70437307249	1000.0	1501.7032729201771	0.0	0	0.0	2541.4076459926655	1	0	tensor(3)	1.0918087068125224
32557.671434651966	2000.0	983.7362113407042	0.0	0	0.0	2541.407645992669	1	0	tensor(3)	1.091808706812522
33253.19668192877	1000.0	1288.2109640638973	0.0	0	0.0	2541.407645992669	1	0	tensor(3)	0.39866152625257656
34433.067379847205	2000.0	1108.340266145462	0.0	0	0.0	2541.4076459926728	1	0	tensor(3)	1.0918087068125215
35478.68924017585	1000.0	1062.7184058168132	0.0	0	0.0	2541.4076459926728	1	0	tensor(3)	0.39866152625257645
36118.10681941285	500.0	1423.30082657981	0.0	0	0.0	2541.4076459926728	1	0	tensor(3)	-0.2944856543073693
36854.7362714527	1000.0	1686.6713745399702	0.0	0	0.0	2541.4076459926728	1	0	tensor(3)	0.3986615262525761
37542.0527747427	1000.0	1999.3548712499764	0.0	0	0.0	2541.4076459926728	1	0	tensor(3)	1.0918087068125215
38374.33251486447	1000.0	2167.075131128203	0.0	0	0.0	2541.4076459926728	1	0	tensor(3)	1.0918087068125215
39618.222520611955	1000.0	1923.1851253807215	0.0	0	0.0	2541.40764599268	1	0	tensor(3)	1.0918087068125206
40684.12290307375	1000.0	1857.2847429189185	0.0	0	0.0	2541.40764599268	1	0	tensor(3)	1.0918087068125206
41583.95317909399	1000.0	1957.4544668986873	0.0	0	0.0	2541.40764599268	1	0	tensor(3)	1.0918087068125206
42377.187457412154	1000.0	2164.22018858052	0.0	0	0.0	2541.40764599268	1	0	tensor(3)	1.0918087068125206
43200.0	1000.0	2341.4076459926714	0.0	0	81.17356250341982	2541.4076459926728	1	0	tensor(3)	1.0918087068125215
44706.30953006455	2000.0	1835.0981159281228	0.0	0	0.0	2541.4076459926728	1	0	tensor(3)	1.0918087068125215
45452.59656897489	1000.0	2088.8110770177746	0.0	0	0.0	2541.4076459926655	1	0	tensor(3)	0.39866152625257717
46217.4904827442	1000.0	2323.9171632484604	0.0	0	0.0	2541.407645992658	1	0	tensor(3)	1.0918087068125233
47280.25271058675	2000.0	2261.154935405912	0.0	0	0.0	2541.407645992658	1	0	tensor(3)	1.0918087068125235
48236.8111483325	1000.0	2304.59649766017	0.0	0	0.0	2541.407645992658	1	0	tensor(3)	0.3986615262525781
49200.0	1000.0	2341.40764599267	0.0	0	302.68522731029225	2541.407645992658	1	0	tensor(3)	1.0918087068125233
50336.98998237576	1000.0	2204.4176636169173	0.0	0	0.0	2541.407645992658	1	0	tensor(3)	1.0918087068125233
51200.0	1000.0	2341.407645992673	0.0	0	46.6242647222316	2541.407645992651	1	0	tensor(3)	1.0918087068125242
52200.0	1000.0	2341.407645992667	0.0	0	172.88700893913483	2541.407645992651	1	0	tensor(3)	1.0918087068125242
53200.0	1000.0	2341.4076459926646	0.0	0	219.76754287547374	2541.407645992651	1	0	tensor(3)	1.0918087068125242
54200.0	1000.0	2341.407645992663	0.0	0	405.73955038036365	2541.407645992651	1	0	tensor(3)	1.0918087068125242
55200.0	2000.0	2341.4076459926596	0.0	0	58.93340412851103	2541.4076459926437	1	0	tensor(3)	1.091808706812525
56200.0	2000.0	2341.4076459926614	0.0	0	310.8481706577004	2541.4076459926437	1	0	tensor(3)	1.7849558873724702
57481.79330739376	2000.0	2059.6143385989	0.0	0	0.0	2541.4076459926364	1	0	tensor(3)	1.7849558873724711
58851.20233222635	2000.0	1690.2053137663113	0.0	0	0.0	2541.4076459926364	1	0	tensor(3)	1.7849558873724711
59699.438608126926	2000.0	1841.9690378657258	0.0	0	0.0	2541.4076459926364	1	0	tensor(3)	1.7849558873724711
60639.82067587771	2000.0	1901.5869701149404	0.0	0	0.0	2541.4076459926364	1	0	tensor(3)	1.7849558873724711
62314.757616306146	2000.0	1226.6500296864986	0.0	0	0.0	2541.4076459926364	1	0	tensor(3)	1.7849558873724711
63163.95189876621	1000.0	1377.4557472264432	0.0	0	0.0	2541.4076459926364	1	0	tensor(3)	0.3986615262525808
64933.34933858851	2000.0	608.0583074041461	0.0	0	0.0	2541.4076459926364	1	0	tensor(3)	1.091808706812526
65884.20778357764	1000.0	657.1998624150128	0.0	0	0.0	2541.4076459926364	1	0	tensor(3)	0.39866152625258056
66903.42885738246	1000.0	637.9787886101951	0.0	0	0.0	2541.4076459926364	1	0	tensor(3)	1.0918087068125264
67645.26401846111	1000.0	896.1436275315441	0.0	0	0.0	2541.4076459926364	1	0	tensor(3)	1.091808706812526
68349.98988286284	1000.0	1191.417763129816	0.0	0	0.0	2541.4076459926437	1	0	tensor(3)	1.091808706812525
68996.26485425507	1000.0	1545.1427917375777	0.0	0	0.0	2541.407645992658	1	0	tensor(3)	1.0918087068125233
69776.08279033548	1000.0	1765.324855657168	0.0	0	0.0	2541.407645992658	1	0	tensor(3)	1.0918087068125233
70532.86516876242	1000.0	2008.5424772302267	0.0	0	0.0	2541.407645992658	1	0	tensor(3)	1.0918087068125233
71834.62308138936	2000.0	1706.7845646032908	0.0	0	0.0	2541.4076459926728	1	0	tensor(3)	1.0918087068125215
72416.69723510114	1000.0	2124.7104108915164	0.0	0	0.0	2541.4076459926728	1	0	tensor(3)	0.39866152625257634
73293.50855797423	2000.0	2247.899088018412	0.0	0	0.0	2541.4076459926728	1	0	tensor(3)	1.0918087068125215
74662.37980471425	2000.0	1879.0278412783948	0.0	0	0.0	2541.4076459926728	1	0	tensor(3)	1.7849558873724667
75714.0731464271	2000.0	1827.334499565548	0.0	0	0.0	2541.407645992658	1	0	tensor(3)	1.7849558873724685
76658.90618922826	2000.0	1882.5014567643896	0.0	0	0.0	2541.4076459926728	1	0	tensor(3)	1.7849558873724667
78379.72449037666	2000.0	1161.6831556159918	0.0	0	0.0	2541.4076459926728	1	0	tensor(3)	1.7849558873724667
79765.57334882494	2000.0	775.8342971677093	0.0	0	0.0	2541.4076459926728	1	0	tensor(3)	1.7849558873724667
80820.92303400442	2000.0	720.4846119882368	0.0	0	0.0	2541.4076459926728	1	0	tensor(3)	1.7849558873724667
81728.47485401959	2000.0	812.9327919730672	0.0	0	0.0	2541.4076459926728	1	0	tensor(3)	1.7849558873724667
82571.88982045777	2000.0	969.5178255348745	0.0	0	0.0	2541.4076459926728	1	0	tensor(3)	1.7849558873724667
83868.27027147466	2000.0	673.1373745179777	0.0	0	0.0	2541.4076459926728	1	0	tensor(3)	1.7849558873724667
84716.28676363658	1000.0	825.1208823560705	0.0	0	0.0	2541.4076459926873	1	0	tensor(3)	0.39866152625257467
85309.94447140883	1000.0	1231.4631745838158	0.0	0	0.0	2541.4076459926873	1	0	tensor(3)	1.09180870681252
86475.34330941773	2000.0	1066.0643365749343	0.0	0	0.0	2541.4076459926873	1	0	tensor(3)	1.0918087068125197
87454.93242945266	2000.0	1086.4752165400096	0.0	0	0.0	2541.4076459926728	1	0	tensor(3)	1.7849558873724667
88987.76468735095	2000.0	553.6429586417199	0.0	0	0.0	2541.4076459926728	1	0	tensor(3)	1.7849558873724667
89530.88770351707	1000.0	1010.5199424756121	0.0	0	0.0	2541.4076459926728	1	0	tensor(3)	0.39866152625257634
90831.71326215594	2000.0	709.694383836734	0.0	0	0.0	2541.4076459926728	1	0	tensor(3)	1.0918087068125215
92574.28986337823	2000.0	200.0	232.8822173855549	0	0.0	2774.2898633782315	1	0	tensor(3)	0.36875677672807317
93522.28801452639	1000.0	494.8754492356319	242.87360038380262	0	0.0	3017.16346376203	1	0	tensor(3)	-1.1293547337886833
94270.07414066503	1000.0	747.089323096999	0.0	0	0.0	3017.16346376203	1	0	tensor(3)	1.0210340490740775
96031.28821776541	2000.0	200.0	214.124754003386	0	0.0	3231.28821776541	1	0	tensor(3)	-0.2766336456026944
96677.78528674651	500.0	669.3809012617769	115.8779702428809	0	0.0	3347.1661880082975	1	0	tensor(3)	-1.8241043209351973
97199.16594810146	500.0	1148.0002399068294	0.0	0	0.0	3347.1661880082975	1	0	tensor(3)	0.25745786164197876
98252.0416569627	1000.0	1095.1245310456188	0.0	0	0.0	3347.1661880082975	1	0	tensor(3)	0.2574578616419788
99068.11827045974	1000.0	1279.0479175485727	0.0	0	0.0	3347.1661880082975	1	0	tensor(3)	0.9506050422019242
100042.53069424506	1000.0	1304.6354937632605	0.0	0	0.0	3347.1661880082975	1	0	tensor(3)	0.9506050422019242
100721.90233205352	1000.0	1625.2638559547909	0.0	0	0.0	3347.1661880082975	1	0	tensor(3)	0.9506050422019242
101286.02290411404	1000.0	2061.1432838942637	0.0	0	0.0	3347.1661880082975	1	0	tensor(3)	0.9506050422019242
102280.9085148147	2000.0	2066.257673193614	0.0	0	0.0	3347.1661880082975	1	0	tensor(3)	0.9506050422019241
103167.2189747719	2000.0	2179.9472132364285	0.0	0	0.0	3347.1661880082975	1	0	tensor(3)	1.6437522227618693
104574.13088135843	2000.0	1773.0353066498924	0.0	0	0.0	3347.166188008283	1	0	tensor(3)	1.6437522227618728
105864.03566982482	2000.0	1483.1305181835	0.0	0	0.0	3347.166188008283	1	0	tensor(3)	1.6437522227618728
106735.70020210066	2000.0	1611.465985907645	0.0	0	0.0	3347.1661880082684	1	0	tensor(3)	1.6437522227618764
107845.18384645061	2000.0	1501.9823415576923	0.0	0	0.0	3347.1661880082684	1	0	tensor(3)	1.6437522227618764
108854.13973224889	2000.0	1493.0264557594273	0.0	0	0.0	3347.1661880082684	1	0	tensor(3)	1.6437522227618764
109680.1229392376	2000.0	1667.043248770717	0.0	0	0.0	3347.1661880082684	1	0	tensor(3)	1.6437522227618764
111324.13740255589	2000.0	1023.0287854524265	0.0	0	0.0	3347.166188008254	1	0	tensor(3)	1.6437522227618802
112133.27298722263	1000.0	1213.893200785686	0.0	0	0.0	3347.166188008254	1	0	tensor(3)	0.2574578616419898
113555.65118426952	2000.0	791.5150037388009	0.0	0	0.0	3347.166188008254	1	0	tensor(3)	0.9506050422019349
114279.60593706334	1000.0	1067.5602509449764	0.0	0	0.0	3347.166188008254	1	0	tensor(3)	0.2574578616419898
114847.3185546602	1000.0	1499.8476333481196	0.0	0	0.0	3347.166188008254	1	0	tensor(3)	0.950605042201935
115667.7541677663	1000.0	1679.4120202420384	0.0	0	0.0	3347.1661880082684	1	0	tensor(3)	0.9506050422019313
116324.40765073389	1000.0	2022.7585372744513	0.0	0	0.0	3347.1661880082684	1	0	tensor(3)	0.9506050422019313
117077.60075579045	1000.0	2269.565432217889	0.0	0	0.0	3347.1661880082684	1	0	tensor(3)	0.9506050422019313
117752.50977016368	1000.0	2594.6564178446533	0.0	0	0.0	3347.1661880082684	1	0	tensor(3)	0.9506050422019313
118561.3113245485	1000.0	2785.8548634598346	0.0	0	0.0	3347.166188008254	1	0	tensor(3)	0.950605042201935
119398.3697268239	2000.0	2948.7964611844322	0.0	0	0.0	3347.166188008254	1	0	tensor(3)	0.9506050422019349
120793.4352796169	2000.0	2553.7309083914224	0.0	0	0.0	3347.166188008254	1	0	tensor(3)	1.6437522227618802
122100.48649825281	2000.0	2246.6796897555014	0.0	0	0.0	3347.166188008254	1	0	tensor(3)	1.6437522227618802
123692.12562951603	2000.0	1655.0405584922776	0.0	0	0.0	3347.166188008254	1	0	tensor(3)	1.6437522227618802
125403.03412744825	2000.0	944.1320605600529	0.0	0	0.0	3347.1661880082393	1	0	tensor(3)	1.6437522227618837
125973.26912337467	1000.0	1373.8970646336227	0.0	0	0.0	3347.1661880082393	1	0	tensor(3)	0.25745786164199336
126899.49881200599	1000.0	1447.667376002294	0.0	0	0.0	3347.1661880082393	1	0	tensor(3)	0.9506050422019385
127437.13214748242	1000.0	1910.0340405258685	0.0	0	0.0	3347.1661880082393	1	0	tensor(3)	0.9506050422019385
128237.64917106702	1000.0	2109.5170169412604	0.0	0	0.0	3347.1661880082393	1	0	tensor(3)	0.9506050422019385
128989.67480150687	2000.0	2357.4913865014	0.0	0	0.0	3347.1661880082393	1	0	tensor(3)	0.9506050422019385
129576.79912379717	2000.0	2770.3670642111038	0.0	0	0.0	3347.1661880082393	1	0	tensor(3)	1.6437522227618837
130916.5085990078	3000.0	2430.6575890004747	0.0	0	0.0	3347.1661880082393	1	0	tensor(3)	1.6437522227618837
132278.2382709742	2000.0	2068.927917034115	0.0	0	0.0	3347.1661880082684	1	0	tensor(3)	1.2382871146537147
133132.57270521094	2000.0	2214.5934827973792	0.0	0	0.0	3347.166188008283	1	0	tensor(3)	1.6437522227618757
134074.8614046154	2000.0	2272.3047833929522	0.0	0	0.0	3347.166188008312	1	0	tensor(3)	1.6437522227618664
135096.47598149083	2000.0	2250.6902065175323	0.0	0	0.0	3347.1661880082975	1	0	tensor(3)	1.6437522227618635
137608.45197963042	3000.0	738.7142083779577	0.0	0	0.0	3347.1661880082975	1	0	tensor(3)	1.6437522227618695
138599.8968305793	1000.0	747.2693574290655	0.0	0	0.0	3347.1661880082684	1	0	tensor(3)	-0.14800724646617847
139611.8197304695	1000.0	735.3464575388925	0.0	0	0.0	3347.1661880082975	1	0	tensor(3)	0.9506050422019242
140569.58603672974	1000.0	777.5801512786575	0.0	0	0.0	3347.1661880082975	1	0	tensor(3)	0.9506050422019242
141221.79002687015	1000.0	1125.3761611382465	0.0	0	0.0	3347.1661880082684	1	0	tensor(3)	0.9506050422019313
141814.60762107474	1000.0	1532.5585669336265	0.0	0	0.0	3347.1661880082393	1	0	tensor(3)	0.9506050422019385
143620.77048372116	2000.0	726.3957042871966	0.0	0	0.0	3347.1661880082393	1	0	tensor(3)	0.9506050422019385
144123.08033014854	500.0	1224.0858578598015	0.0	0	0.0	3347.16618800821	1	0	tensor(3)	-1.1288364994778908
144704.06732332485	1000.0	1643.0988646835303	0.0	0	0.0	3347.16618800821	1	0	tensor(3)	0.25745786164200035
145788.58738435357	2000.0	1558.5788036548215	0.0	0	0.0	3347.16618800821	1	0	tensor(3)	0.9506050422019456
147532.35858587912	2000.0	814.8076021292545	0.0	0	0.0	3347.16618800821	1	0	tensor(3)	1.6437522227618908
148025.29446980593	500.0	1321.871718202466	0.0	0	0.0	3347.1661880082393	1	0	tensor(3)	-1.1288364994778977
149133.27596211308	1000.0	1213.8902258952971	0.0	0	0.0	3347.1661880082393	1	0	tensor(3)	0.25745786164199314
149651.23286406204	1000.0	1695.9333239463458	0.0	0	0.0	3347.1661880082393	1	0	tensor(3)	0.9506050422019385
150194.35097518418	1000.0	2152.8152128242077	0.0	0	0.0	3347.1661880082393	1	0	tensor(3)	0.9506050422019385
151204.98362304055	2000.0	2142.1825649678185	0.0	0	0.0	3347.1661880082393	1	0	tensor(3)	0.9506050422019385
152116.10234328275	2000.0	2231.0638447256397	0.0	0	0.0	3347.1661880082684	1	0	tensor(3)	1.6437522227618764
152821.76831268697	3000.0	2525.3978753214074	0.0	0	0.0	3347.1661880082393	1	0	tensor(3)	1.6437522227618837
154407.45667157212	3000.0	1939.7095164362706	0.0	0	0.0	3347.16618800821	1	0	tensor(3)	2.0492173308700514
155436.80246961763	2000.0	1910.3637183907617	0.0	0	0.0	3347.16618800821	1	0	tensor(3)	1.2382871146537262
157891.9451699586	2000.0	455.2210180497726	0.0	0	0.0	3347.16618800821	1	0	tensor(3)	1.6437522227618935
158330.18439385234	500.0	1016.9817941560424	0.0	0	0.0	3347.1661880082393	1	0	tensor(3)	-1.1288364994778977
159190.3595139565	1000.0	1156.8066740518516	0.0	0	0.0	3347.1661880082393	1	0	tensor(3)	0.25745786164199314
159962.30879982133	1000.0	1384.8573881870466	0.0	0	0.0	3347.1661880082393	1	0	tensor(3)	0.9506050422019385
161214.12229527236	1000.0	1133.0438927360374	0.0	0	0.0	3347.1661880082684	1	0	tensor(3)	0.9506050422019371
162168.4778081158	1000.0	1178.6883798925987	0.0	0	0.0	3347.1661880082684	1	0	tensor(3)	0.9506050422019313
163175.4638192766	1000.0	1171.702368731795	0.0	0	0.0	3347.1661880082684	1	0	tensor(3)	0.9506050422019313
164072.33845963818	1000.0	1274.8277283701907	0.0	0	0.0	3347.1661880082684	1	0	tensor(3)	0.9506050422019313
164695.91755898515	1000.0	1651.2486290232134	0.0	0	0.0	3347.1661880082393	1	0	tensor(3)	0.9506050422019385
165319.35919290376	1000.0	2027.8069951046068	0.0	0	0.0	3347.1661880082393	1	0	tensor(3)	0.9506050422019385
166201.82728018527	2000.0	2145.3389078230925	0.0	0	0.0	3347.1661880082393	1	0	tensor(3)	0.9506050422019385
166989.78942676217	2000.0	2357.3767612461943	0.0	0	0.0	3347.1661880082393	1	0	tensor(3)	1.6437522227618837
168478.4412712208	2000.0	1868.7249167875675	0.0	0	0.0	3347.1661880082684	1	0	tensor(3)	1.6437522227618764
170305.2122987937	2000.0	1041.9538892146898	0.0	0	0.0	3347.1661880082684	1	0	tensor(3)	1.6437522227618764
171075.47725630619	1000.0	1271.6889317021605	0.0	0	0.0	3347.1661880082684	1	0	tensor(3)	0.25745786164198614
171937.7772255963	1000.0	1409.388962412035	0.0	0	0.0	3347.1661880082684	1	0	tensor(3)	0.9506050422019313
172751.44996131005	1000.0	1595.7162266983235	0.0	0	0.0	3347.1661880082684	1	0	tensor(3)	0.9506050422019313
173178.61058467126	1000.0	2168.555603337152	0.0	0	0.0	3347.1661880082684	1	0	tensor(3)	0.9506050422019313
174374.97532098836	2000.0	1972.190867020025	0.0	0	0.0	3347.1661880082684	1	0	tensor(3)	0.9506050422019312
175580.8422722043	2000.0	1766.3239158041035	0.0	0	0.0	3347.1661880082393	1	0	tensor(3)	1.6437522227618824
176230.54275449313	1000.0	2116.6234335152703	0.0	0	0.0	3347.1661880082393	1	0	tensor(3)	0.25745786164199336
177139.5848387762	1000.0	2207.5813492321877	0.0	0	0.0	3347.1661880082684	1	0	tensor(3)	0.9506050422019371
177802.87372685736	1000.0	2544.292461151055	0.0	0	0.0	3347.1661880082684	1	0	tensor(3)	0.9506050422019313
178436.764440823	1000.0	2910.4017471854136	0.0	0	0.0	3347.1661880082393	1	0	tensor(3)	0.9506050422019385
179200.0	1000.0	3147.166188008426	0.0	0	38.89240498535219	3347.1661880082393	1	0	tensor(3)	0.9506050422019385
180620.3993302801	2000.0	2726.7668577283434	0.0	0	0.0	3347.1661880082393	1	0	tensor(3)	0.9506050422019385
181572.87708591326	1000.0	2774.2891020951784	0.0	0	0.0	3347.16618800821	1	0	tensor(3)	0.2574578616420006
182438.23076234324	1000.0	2908.9354256651945	0.0	0	0.0	3347.166188008181	1	0	tensor(3)	0.9506050422019529
184109.55197903173	2000.0	2237.614208976729	0.0	0	0.0	3347.166188008181	1	0	tensor(3)	0.9506050422019526
185568.5829938152	1000.0	1778.583194193234	0.0	0	0.0	3347.166188008181	1	0	tensor(3)	0.2574578616420077
186607.10761726124	1000.0	1740.0585707472137	0.0	0	0.0	3347.166188008181	1	0	tensor(3)	0.9506050422019529
187596.08762304822	1000.0	1751.078564960209	0.0	0	0.0	3347.166188008152	1	0	tensor(3)	0.9506050422019586
188731.7665871488	1000.0	1615.3996008596037	0.0	0	0.0	3347.166188008152	1	0	tensor(3)	0.9506050422019601
189745.602923465	1000.0	1601.56326454341	0.0	0	0.0	3347.166188008152	1	0	tensor(3)	0.9506050422019601
190483.4227341166	1000.0	1863.7434538918187	0.0	0	0.0	3347.166188008152	1	0	tensor(3)	0.9506050422019601
191085.7186606723	1000.0	2261.4475273360963	0.0	0	0.0	3347.166188008123	1	0	tensor(3)	0.9506050422019672
191701.3800562645	1000.0	2645.7861317439274	0.0	0	0.0	3347.166188008152	1	0	tensor(3)	0.9506050422019601
192448.42394587398	1000.0	2898.7422421344595	0.0	0	0.0	3347.166188008152	1	0	tensor(3)	0.9506050422019601
194128.40231972173	2000.0	2218.763868286686	0.0	0	0.0	3347.166188008123	1	0	tensor(3)	0.9506050422019671
195202.35026223958	1000.0	2144.815925768846	0.0	0	0.0	3347.1661880080937	1	0	tensor(3)	0.2574578616420291
196298.23053272915	2000.0	2048.935655279248	0.0	0	0.0	3347.1661880080646	1	0	tensor(3)	0.950605042201977
197502.09024061193	2000.0	1845.075947396469	0.0	0	0.0	3347.1661880080355	1	0	tensor(3)	1.6437522227619308
198493.61350818045	1000.0	1853.5526798279197	0.0	0	0.0	3347.1661880080355	1	0	tensor(3)	0.25745786164204343
199588.43101759214	1000.0	1758.7351704161936	0.0	0	0.0	3347.1661880080355	1	0	tensor(3)	0.9506050422019886
200267.7632058011	1000.0	2079.402982207198	0.0	0	0.0	3347.1661880080355	1	0	tensor(3)	0.9506050422019886
201227.31873229134	1000.0	2119.8474557170107	0.0	0	0.0	3347.1661880080646	1	0	tensor(3)	0.9506050422019857
202056.183786545	1000.0	2290.9824014633205	0.0	0	0.0	3347.1661880080646	1	0	tensor(3)	0.9506050422019814
202950.1676729891	1000.0	2396.998515019229	0.0	0	0.0	3347.1661880080646	1	0	tensor(3)	0.9506050422019814
203475.71267166716	1000.0	2871.453516341169	0.0	0	0.0	3347.1661880080646	1	0	tensor(3)	0.9506050422019814
204331.53313152347	2000.0	3015.633056484844	0.0	0	0.0	3347.1661880080064	1	0	tensor(3)	0.9506050422019927
206278.65841673786	3000.0	2068.5077712704324	0.0	0	0.0	3347.1661880080064	1	0	tensor(3)	1.643752222761941
207637.81981819365	2000.0	1709.346369814655	0.0	0	0.0	3347.1661880080355	1	0	tensor(3)	1.238287114653772
208389.66323240713	2000.0	1957.5029556011693	0.0	0	0.0	3347.1661880080355	1	0	tensor(3)	1.6437522227619337
210091.54965828665	3000.0	1255.6165297216762	0.0	0	0.0	3347.1661880080937	1	0	tensor(3)	1.6437522227619266
210836.60146083543	1000.0	1510.5647271728774	0.0	0	0.0	3347.1661880080646	1	0	tensor(3)	-0.14800724646612848
211820.8297650569	1000.0	1526.3364229513793	0.0	0	0.0	3347.1661880080355	1	0	tensor(3)	0.9506050422019886
212675.9094068507	1000.0	1671.2567811576016	0.0	0	0.0	3347.1661880080355	1	0	tensor(3)	0.9506050422019886
213487.1060519051	1000.0	1860.0601361032197	0.0	0	0.0	3347.1661880080646	1	0	tensor(3)	0.9506050422019828
214137.08516531793	1000.0	2210.081022690374	0.0	0	0.0	3347.1661880080355	1	0	tensor(3)	0.9506050422019886
215082.89523759446	1000.0	2264.270950413836	0.0	0	0.0	3347.1661880080355	1	0	tensor(3)	0.9506050422019886
216246.81763077358	1000.0	2100.3485572347063	0.0	0	0.0	3347.1661880080064	1	0	tensor(3)	0.9506050422019915
217317.15024865896	1000.0	2030.0159393493177	0.0	0	0.0	3347.1661880079773	1	0	tensor(3)	0.9506050422020029
217890.37872490496	1000.0	2456.7874631032882	0.0	0	0.0	3347.1661880079773	1	0	tensor(3)	0.9506050422020029
218548.17418208375	1000.0	2798.9920059245355	0.0	0	0.0	3347.1661880079773	1	0	tensor(3)	0.9506050422020029
219432.9486544733	1000.0	2914.217533535003	0.0	0	0.0	3347.1661880079773	1	0	tensor(3)	0.9506050422020029
220653.1272811874	2000.0	2694.0389068209024	0.0	0	0.0	3347.1661880079773	1	0	tensor(3)	0.9506050422020029
221359.56542183095	1000.0	2987.600766177329	0.0	0	0.0	3347.1661880079773	1	0	tensor(3)	0.25745786164205775
222705.85016559833	2000.0	2641.316022409918	0.0	0	0.0	3347.1661880079773	1	0	tensor(3)	0.9506050422020029
223796.20394793816	2000.0	2550.962240070085	0.0	0	0.0	3347.1661880079773	1	0	tensor(3)	1.643752222761948
224533.43175134138	2000.0	2813.734436666864	0.0	0	0.0	3347.166188007948	1	0	tensor(3)	1.643752222761955
226208.64264540235	3000.0	2138.5235426059166	0.0	0	0.0	3347.166188007948	1	0	tensor(3)	1.6437522227619554
227774.73891603205	2000.0	1572.4272719762284	0.0	0	0.0	3347.166188007948	1	0	tensor(3)	1.2382871146537904
229195.02645959437	2000.0	1152.1397284138807	0.0	0	0.0	3347.166188007919	1	0	tensor(3)	1.6437522227619623
230288.90936481682	2000.0	1058.2568231914825	0.0	0	0.0	3347.166188007948	1	0	tensor(3)	1.6437522227619594
230823.74703253005	1000.0	1523.4191554782278	0.0	0	0.0	3347.166188007948	1	0	tensor(3)	0.25745786164206486
231937.42737910396	2000.0	1409.7388089043175	0.0	0	0.0	3347.166188007948	1	0	tensor(3)	0.9506050422020098
233850.82161569357	2000.0	496.3445723147412	0.0	0	0.0	3347.166188007948	1	0	tensor(3)	1.643752222761955
234271.99732907864	500.0	1075.1688589296855	0.0	0	0.0	3347.1661880079773	1	0	tensor(3)	-1.128836499477833
235370.25604942304	2000.0	976.9101385852985	0.0	0	0.0	3347.1661880080355	1	0	tensor(3)	0.2574578616420458
236460.4614351517	2000.0	886.7047528566599	0.0	0	0.0	3347.1661880080355	1	0	tensor(3)	1.6437522227619337
237646.97697070043	2000.0	700.1892173079286	0.0	0	0.0	3347.1661880080355	1	0	tensor(3)	1.6437522227619337
238415.24264741864	1000.0	931.9235405897144	0.0	0	0.0	3347.1661880080064	1	0	tensor(3)	0.2574578616420491
239832.0824467111	2000.0	515.0837412972413	0.0	0	0.0	3347.1661880080064	1	0	tensor(3)	0.9506050422019956
240637.71938189774	1000.0	709.4468061106093	0.0	0	0.0	3347.1661880080064	1	0	tensor(3)	0.25745786164205053
241450.7209511585	1000.0	896.4452368498788	0.0	0	0.0	3347.1661880080355	1	0	tensor(3)	0.9506050422019886
242084.39009375643	1000.0	1262.7760942519444	0.0	0	0.0	3347.1661880080355	1	0	tensor(3)	0.9506050422019886
243164.95976542623	1000.0	1182.2064225821196	0.0	0	0.0	3347.1661880080064	1	0	tensor(3)	0.95060504220199
243884.24655142732	1000.0	1462.9196365810462	0.0	0	0.0	3347.1661880080064	1	0	tensor(3)	0.9506050422019957
244672.81749166705	1000.0	1674.3486963412743	0.0	0	0.0	3347.1661880080064	1	0	tensor(3)	0.9506050422019957
246134.96183432263	1000.0	1212.2043536856886	0.0	0	0.0	3347.1661880080064	1	0	tensor(3)	0.9506050422019957
247286.9808879563	1000.0	1060.1853000520127	0.0	0	0.0	3347.1661880080355	1	0	tensor(3)	0.9506050422019928
248008.81596799302	1000.0	1338.3502200152848	0.0	0	0.0	3347.1661880080355	1	0	tensor(3)	0.9506050422019886
249036.70594560978	1000.0	1310.4602423985248	0.0	0	0.0	3347.1661880080064	1	0	tensor(3)	0.9506050422019957
249655.6902604341	1000.0	1691.4759275742401	0.0	0	0.0	3347.1661880080064	1	0	tensor(3)	0.9506050422019957
250324.25060031848	1000.0	2022.9155876898408	0.0	0	0.0	3347.1661880080064	1	0	tensor(3)	0.9506050422019957
251281.244508706	2000.0	2065.9216793023397	0.0	0	0.0	3347.1661880080064	1	0	tensor(3)	0.9506050422019956
252427.3072597869	2000.0	1919.8589282214446	0.0	0	0.0	3347.1661880080064	1	0	tensor(3)	1.6437522227619363
253463.54137754062	2000.0	1883.6248104677475	0.0	0	0.0	3347.1661880080064	1	0	tensor(3)	1.6437522227619408
254666.15861701232	2000.0	1681.0075709960647	0.0	0	0.0	3347.1661880080064	1	0	tensor(3)	1.6437522227619408
255824.45565674224	2000.0	1522.710531266182	0.0	0	0.0	3347.1661880080355	1	0	tensor(3)	1.6437522227619337
256918.4288448557	2000.0	1428.7373431527278	0.0	0	0.0	3347.1661880080355	1	0	tensor(3)	1.6437522227619337
258170.2521383627	2000.0	1176.9140496457017	0.0	0	0.0	3347.1661880080355	1	0	tensor(3)	1.6437522227619337
259572.4416420693	2000.0	774.7245459391485	0.0	0	0.0	3347.1661880080355	1	0	tensor(3)	1.6437522227619337
260103.72128223407	500.0	1243.4449057743593	0.0	0	0.0	3347.1661880080355	1	0	tensor(3)	-1.1288364994778475
260831.1765426377	1000.0	1515.989645370726	0.0	0	0.0	3347.1661880080064	1	0	tensor(3)	0.2574578616420503
261552.85801673972	1000.0	1794.308171268702	0.0	0	0.0	3347.1661880080064	1	0	tensor(3)	0.9506050422019957
263121.1974792805	2000.0	1225.9687087278742	0.0	0	0.0	3347.1661880079773	1	0	tensor(3)	0.9506050422019972
263779.677794394	1000.0	1567.48839361435	0.0	0	0.0	3347.166188007948	1	0	tensor(3)	0.2574578616420606
264470.88065260346	1000.0	1876.2855354048759	0.0	0	0.0	3347.16618800789	1	0	tensor(3)	0.9506050422020187
266363.56108346675	2000.0	983.6051045415782	0.0	0	0.0	3347.166188007861	1	0	tensor(3)	0.95060504220203
267051.0420176932	1000.0	1296.124170315076	0.0	0	0.0	3347.166188007861	1	0	tensor(3)	0.2574578616420864
267675.64703245525	1000.0	1671.5191555530284	0.0	0	0.0	3347.166188007861	1	0	tensor(3)	0.9506050422020316
268775.18274150696	2000.0	1571.9834465012482	0.0	0	0.0	3347.1661880078027	1	0	tensor(3)	0.9506050422020459
270156.19507329847	2000.0	1190.9711147097478	0.0	0	0.0	3347.1661880078027	1	0	tensor(3)	1.6437522227620023
270757.7285261303	1000.0	1589.4376618779008	0.0	0	0.0	3347.166188007861	1	0	tensor(3)	0.2574578616420864
271450.7408911614	1000.0	1896.4252968468202	0.0	0	0.0	3347.166188007861	1	0	tensor(3)	0.9506050422020316
272293.3660418271	1000.0	2053.8001461811423	0.0	0	0.0	3347.1661880078027	1	0	tensor(3)	0.95060504220204
273563.2495980359	2000.0	1783.9165899723323	0.0	0	0.0	3347.1661880078027	1	0	tensor(3)	0.9506050422020459
274308.2345216472	1000.0	2038.9316663609184	0.0	0	0.0	3347.1661880077445	1	0	tensor(3)	0.25745786164210915
275157.1745190078	1000.0	2189.991669000372	0.0	0	0.0	3347.1661880078027	1	0	tensor(3)	0.9506050422020572
275837.2167114974	1000.0	2509.9494765107665	0.0	0	0.0	3347.1661880078027	1	0	tensor(3)	0.9506050422020458
276600.3719334766	1000.0	2746.7942545315655	0.0	0	0.0	3347.1661880077445	1	0	tensor(3)	0.9506050422020601
277296.45491363195	1000.0	3050.711274376149	0.0	0	0.0	3347.166188007628	1	0	tensor(3)	0.9506050422020832
278265.50551394257	2000.0	3081.6606740655084	0.0	0	0.0	3347.1661880076863	1	0	tensor(3)	0.9506050422020829
279443.6827897238	3000.0	2903.4833982842224	0.0	0	0.0	3347.1661880076863	1	0	tensor(3)	1.6437522227620198
281117.23181256576	2000.0	2229.9343754421725	0.0	0	0.0	3347.1661880076863	1	0	tensor(3)	1.238287114653855
282301.12607789016	2000.0	2046.0401101177697	0.0	0	0.0	3347.1661880076863	1	0	tensor(3)	1.6437522227620196
283290.47666158574	2000.0	2056.6895264221785	0.0	0	0.0	3347.1661880076863	1	0	tensor(3)	1.6437522227620196
284378.93143106485	2000.0	1968.2347569431167	0.0	0	0.0	3347.1661880076863	1	0	tensor(3)	1.6437522227620196
286055.31787181174	2000.0	1291.8483161962452	0.0	0	0.0	3347.1661880076863	1	0	tensor(3)	1.6437522227620196
286691.7675990175	1000.0	1655.3985889905016	0.0	0	0.0	3347.1661880076863	1	0	tensor(3)	0.25745786164212936
288749.71157292067	2000.0	597.4546150873156	0.0	0	0.0	3347.166188007628	1	0	tensor(3)	0.950605042202083
289120.7181786879	500.0	1226.4480093200993	0.0	0	0.0	3347.1661880076863	1	0	tensor(3)	-1.1288364994777533
289922.60031796334	1000.0	1424.5658700446288	0.0	0	0.0	3347.1661880077445	1	0	tensor(3)	0.2574578616421147
290632.21013043565	1000.0	1714.9560575723913	0.0	0	0.0	3347.1661880077445	1	0	tensor(3)	0.9506050422020601
293092.8397427816	2000.0	254.3264452264362	0.0	0	0.0	3347.1661880077445	1	0	tensor(3)	0.95060504220206
293436.5476693048	500.0	910.6185187031982	0.0	0	0.0	3347.1661880077445	1	0	tensor(3)	-1.1288364994777764
294581.51063492615	2000.0	765.655553081872	0.0	0	0.0	3347.1661880077445	1	0	tensor(3)	0.25745786164211454
295724.8229282295	2000.0	622.3432597784854	0.0	0	0.0	3347.1661880077445	1	0	tensor(3)	1.6437522227620052
296546.6800664872	1000.0	800.4861215207361	0.0	0	0.0	3347.1661880076863	1	0	tensor(3)	0.25745786164212936
297259.1243156408	500.0	1088.0418723671662	0.0	0	0.0	3347.1661880077445	1	0	tensor(3)	-0.4356893189178249
298276.9709883628	1000.0	1070.1951996450987	0.0	0	0.0	3347.166188007628	1	0	tensor(3)	0.2574578616421377
298996.9617743604	1000.0	1350.2044136475317	0.0	0	0.0	3347.166188007628	1	0	tensor(3)	0.9506050422020889
299552.5305287619	1000.0	1794.6356592460113	0.0	0	0.0	3347.1661880076863	1	0	tensor(3)	0.9506050422020745
300203.4202394637	2000.0	2143.7459485442187	0.0	0	0.0	3347.1661880077445	1	0	tensor(3)	0.95060504220206
300931.4513003339	2000.0	2415.714887674004	0.0	0	0.0	3347.1661880077445	1	0	tensor(3)	1.6437522227620052
301671.94640252757	3000.0	2675.219785480295	0.0	0	0.0	3347.1661880077445	1	0	tensor(3)	1.6437522227620054
303758.62524268555	3000.0	1588.5409453223056	0.0	0	0.0	3347.1661880076863	1	0	tensor(3)	2.049217330870184
1.31	1.73	1.36	0.6	0.7	1.17	1.02	1.09	1.23	1.25	1.47	1.47	1.81	2.57	1.55	1.56	1.38	1.01	1.4	1.8	1.98	1.55	1.41	1.05	1.32	1.59	1.88	1.15	1.26	1.82	1.42	0.65	1.26	1.41	0.95	0.7	0.87	1.59	1.68	1.83	1.2	1.19	1.55	1.47	1.27	1.0	1.27	1.27	1.46	1.49	1.99	2.54	1.96	1.33	1.85	2.46	1.56	1.31	1.04	1.66	1.38	1.46	1.02	1.22	1.6	1.08	1.61	1.18	1.95	1.83	1.73	2.32	1.75	1.49	1.8	1.9	2.26	1.86	2.19	1.27	1.19	2.07	2.39	1.81	1.49	1.81	1.91	1.45	1.42	1.18	1.81	1.08	0.87	0.8	1.14	1.23	1.69	1.89	2.06	1.54	1.69	1.9	2.21	1.97	1.97	1.75	0.85	1.53	1.99	1.42	1.34	1.52	1.41	1.42	1.81	2.15	1.63	1.38	1.47	1.81	1.44	1.41	1.42	1.61	2.07	2.73	1.55	1.42	1.89	1.93	2.58	1.6	1.24	1.53	1.34	1.17	1.66	1.99	0.96	0.7	2.15	2.28	1.34	0.94	1.1	1.7	2.33	2.7	3.36	1.03	1.31	1.73	1.36	0.6	0.7	1.17	1.02	1.09	1.23	1.25	1.47	1.47	1.81	2.57	1.55	1.56	1.38	1.01	1.4	1.8	1.98	1.55	1.41	1.05	1.32	1.59	1.88	1.15	1.26	1.82	1.42	0.65	1.26	1.41	0.95	0.7	0.87	1.59	1.68	1.83	1.2	1.19	1.55	1.47	1.27	1.0	1.27	1.27	1.46	1.49	1.99	2.54	1.96	1.33	1.85	2.46	1.56	1.31	1.04	1.66	1.38	1.46	1.02	1.22	1.6	1.08	1.61	1.18	1.95	1.83	1.73	2.32	1.75	1.49	1.8	1.9	2.26	1.86	2.19	1.27	1.19	2.07	2.39	1.81	1.49	1.81	1.91	1.45	1.42	1.18	1.81	1.08	0.87	0.8	1.14	1.23	1.69	1.89	2.06	1.54	1.69	1.9	2.21	1.97	1.97	1.75	0.85	1.53	1.99	1.42	1.34	1.52	1.41	1.42	1.81	2.15	1.63	1.38	1.47	1.81	1.44	1.41	1.42	1.61	2.07	2.73	1.55	1.42	1.89	1.93	2.58	1.6	1.24	1.53	1.34	1.17	1.66	1.99	0.96	0.7	2.15	2.28	1.34	0.94	1.1	1.7	2.33	2.7	3.36	1.03	1.31	1.73	1.36	0.6
1.0	2.0	3.0	4.0	5.0	6.0	7.0	8.0	9.0	10.0	11.0	12.0	13.0	14.0	15.0	16.0	17.0	18.0	19.0	20.0	21.0	22.0	23.0	24.0	25.0	26.0	27.0	28.0	29.0	30.0	31.0	32.0	33.0	34.0	35.0	36.0	37.0	38.0	39.0	40.0	41.0	42.0	43.0	44.0	45.0	46.0	47.0	48.0	49.0	50.0	51.0	52.0	53.0	54.0	55.0	56.0	57.0	58.0	59.0	60.0	61.0	62.0	63.0	64.0	65.0	66.0	67.0	68.0	69.0	70.0	71.0	72.0	73.0	74.0	75.0	76.0	77.0	78.0	79.0	80.0	81.0	82.0	83.0	84.0	85.0	86.0	87.0	88.0	89.0	90.0	91.0	92.0	93.0	94.0	95.0	96.0	97.0	98.0	99.0	100.0	101.0	102.0	103.0	104.0	105.0	106.0	107.0	108.0	109.0	110.0	111.0	112.0	113.0	114.0	115.0	116.0	117.0	118.0	119.0	120.0	121.0	122.0	123.0	124.0	125.0	126.0	127.0	128.0	129.0	130.0	131.0	132.0	133.0	134.0	135.0	136.0	137.0	138.0	139.0	140.0	141.0	142.0	143.0	144.0	145.0	146.0	147.0	148.0	149.0	149.0	150.0	151.0	152.0	153.0	154.0	155.0	156.0	157.0	158.0	159.0	160.0	161.0	162.0	163.0	164.0	165.0	166.0	167.0	168.0	169.0	170.0	171.0	172.0	173.0	174.0	175.0	176.0	177.0	178.0	179.0	180.0	181.0	182.0	183.0	184.0	185.0	186.0	187.0	188.0	189.0	190.0	191.0	192.0	193.0	194.0	195.0	196.0	197.0	198.0	199.0	200.0	201.0	202.0	203.0	204.0	205.0	206.0	207.0	208.0	209.0	210.0	211.0	212.0	213.0	214.0	215.0	216.0	217.0	218.0	219.0	220.0	221.0	222.0	223.0	224.0	225.0	226.0	227.0	228.0	229.0	230.0	231.0	232.0	233.0	234.0	235.0	236.0	237.0	238.0	239.0	240.0	241.0	242.0	243.0	244.0	245.0	246.0	247.0	248.0	249.0	250.0	251.0	252.0	253.0	254.0	255.0	256.0	257.0	258.0	259.0	260.0	261.0	262.0	263.0	264.0	265.0	266.0	267.0	268.0	269.0	270.0	271.0	272.0	273.0	274.0	275.0	276.0	277.0	278.0	279.0	280.0	281.0	282.0	283.0	284.0	285.0	286.0	287.0	288.0	289.0	290.0	291.0	292.0	293.0	294.0	295.0	296.0	297.0	298.0	298.0	299.0	300.0	301.0	302.0
4082.355362812287
