3283.0754702283757	300.0	2000.0	153.9439606343148	0	0.0	3283.0754702283757	1	0	tensor(3)	-1.1548166069347052
3898.2964505854493	1000.0	2384.7790196429264	0.0	0	0.0	3283.0754702283757	1	0	tensor(3)	-0.2380376442363572
7105.619530404265	3000.0	200.0	22.544060175889626	0	0.0	3305.6195304042644	1	0	tensor(3)	0.829611812662865
7641.021483376628	500.0	723.3045824611447	58.70653543350761	0	0.0	3364.326065837772	1	0	tensor(3)	-1.8907925572648174
8827.412615935336	1000.0	536.9134499024344	0.0	0	0.0	3364.3260658377703	1	0	tensor(3)	0.2532061245642836
9343.242908872366	500.0	1021.0831569654033	0.0	0	0.0	3364.3260658377685	1	0	tensor(3)	-0.4399410559956612
10024.544419305737	1000.0	1339.781646532033	0.0	0	0.0	3364.3260658377703	1	0	tensor(3)	0.25320612456428393
10516.923849001832	1000.0	1847.4022168359381	0.0	0	0.0	3364.3260658377703	1	0	tensor(3)	0.946353305124229
11387.92927053958	2000.0	1976.3967952981886	0.0	0	0.0	3364.3260658377685	1	0	tensor(3)	0.9463533051242292
12426.381072078562	2000.0	1937.9449937592065	0.0	0	0.0	3364.3260658377676	1	0	tensor(3)	1.639500485684175
13338.977365103272	2000.0	2025.3487007344993	0.0	0	0.0	3364.3260658377694	1	0	tensor(3)	1.6395004856841744
14317.746536102128	2000.0	2046.579529735643	0.0	0	0.0	3364.3260658377694	1	0	tensor(3)	1.6395004856841744
15530.520502643347	2000.0	1833.8055631944253	0.0	0	0.0	3364.3260658377712	1	0	tensor(3)	1.6395004856841742
16135.054127687028	1000.0	2229.271938150744	0.0	0	0.0	3364.3260658377712	1	0	tensor(3)	0.2532061245642838
17111.52286903929	1000.0	2252.803196798484	0.0	0	0.0	3364.326065837773	1	0	tensor(3)	0.9463533051242285
17839.372634349475	1000.0	2524.953431488303	0.0	0	0.0	3364.326065837775	1	0	tensor(3)	0.9463533051242279
18501.123272185563	1000.0	2863.202793652212	0.0	0	0.0	3364.326065837773	1	0	tensor(3)	0.9463533051242281
19620.55315718957	2000.0	2743.7729086482077	0.0	0	0.0	3364.326065837775	1	0	tensor(3)	0.9463533051242281
21304.689054784565	2000.0	2059.6370110532102	0.0	0	0.0	3364.326065837773	1	0	tensor(3)	1.6395004856841735
23068.604676963372	2000.0	1295.721388874403	0.0	0	0.0	3364.326065837773	1	0	tensor(3)	1.6395004856841735
23918.10576819391	1000.0	1446.2202976438643	0.0	0	0.0	3364.326065837773	1	0	tensor(3)	0.25320612456428326
24574.771354715118	1000.0	1789.5547111226595	0.0	0	0.0	3364.326065837773	1	0	tensor(3)	0.9463533051242284
25353.827580676803	1000.0	2010.4984851609731	0.0	0	0.0	3364.326065837773	1	0	tensor(3)	0.9463533051242284
26046.346004348023	1000.0	2317.980061489753	0.0	0	0.0	3364.326065837773	1	0	tensor(3)	0.9463533051242284
26892.881625803817	1000.0	2471.4444400339553	0.0	0	0.0	3364.326065837773	1	0	tensor(3)	0.9463533051242284
28076.73149094724	2000.0	2287.5945748905324	0.0	0	0.0	3364.326065837773	1	0	tensor(3)	0.9463533051242283
28920.19164137373	2000.0	2444.1344244640445	0.0	0	0.0	3364.326065837773	1	0	tensor(3)	1.6395004856841735
29509.02687744209	2000.0	2855.2991883956834	0.0	0	0.0	3364.326065837773	1	0	tensor(3)	1.6395004856841735
30426.55981867538	3000.0	2937.7662471623908	0.0	0	0.0	3364.326065837773	1	0	tensor(3)	1.6395004856841737
33386.00089499662	3000.0	978.3251708411485	0.0	0	0.0	3364.3260658377694	1	0	tensor(3)	2.0449655937923383
34453.02595094598	1000.0	911.3001148917871	0.0	0	0.0	3364.326065837762	1	0	tensor(3)	-0.15225898354387923
35260.26733500154	1000.0	1104.0587308362344	0.0	0	0.0	3364.3260658377694	1	0	tensor(3)	0.9463533051242301
35798.141352991624	1000.0	1566.184712846149	0.0	0	0.0	3364.326065837766	1	0	tensor(3)	0.9463533051242303
36397.53014235416	1000.0	1966.79592348361	0.0	0	0.0	3364.326065837762	1	0	tensor(3)	0.946353305124231
37638.176759543385	2000.0	1726.1493062943905	0.0	0	0.0	3364.326065837762	1	0	tensor(3)	0.9463533051242312
39174.661734961475	2000.0	1189.6643308763114	0.0	0	0.0	3364.326065837762	1	0	tensor(3)	1.6395004856841764
40618.81941837471	2000.0	745.5066474630781	0.0	0	0.0	3364.326065837762	1	0	tensor(3)	1.6395004856841764
41711.00761564442	2000.0	653.3184501933695	0.0	0	0.0	3364.326065837762	1	0	tensor(3)	1.6395004856841764
43402.95456098067	2000.0	200.0	238.6284951428782	0	0.0	3602.9545609806664	1	0	tensor(3)	0.16675318806805764
43795.91086999284	500.0	812.0091043204885	4.965413332662791	0	0.0	1607.9199743133286	1	0	tensor(6)	-6.944265502467193
44410.23256349868	1000.0	1197.6874108146517	0.0	0	0.0	1607.9199743133286	1	0	tensor(3)	0.47182133864867276
45368.873940482015	1000.0	1239.046033831323	0.0	0	0.0	1607.9199743133286	1	0	tensor(3)	1.164968519208618
46474.32647481016	1000.0	1133.593499503188	0.0	0	0.0	1607.9199743133286	1	0	tensor(3)	1.164968519208618
47219.019205532895	1000.0	1388.900768780446	0.0	0	0.0	1607.9199743133286	1	0	tensor(3)	1.164968519208618
48200.0	1000.0	1407.919974313336	0.0	0	204.9613863534032	1607.9199743133286	1	0	tensor(3)	1.164968519208618
49200.0	1000.0	1407.919974313344	0.0	0	424.7780553792618	1607.9199743133286	1	0	tensor(3)	1.164968519208618
50395.10513559723	2000.0	1212.8148387161198	0.0	0	0.0	1607.9199743133286	1	0	tensor(3)	1.164968519208618
52212.08327535389	2000.0	395.83669895945906	0.0	0	0.0	1607.9199743133286	1	0	tensor(3)	1.8581156997685633
52832.04026238982	1000.0	775.8797119235314	0.0	0	0.0	1607.9199743133286	1	0	tensor(3)	0.471821338648673
54074.38748793614	1000.0	533.5324863772055	0.0	0	0.0	1607.9199743133286	1	0	tensor(3)	1.164968519208618
54655.81299356415	1000.0	952.1069807491966	0.0	0	0.0	1607.9199743133286	1	0	tensor(3)	1.164968519208618
55472.178687631415	1000.0	1135.7412866819382	0.0	0	0.0	1607.9199743133286	1	0	tensor(3)	1.164968519208618
56200.0	1000.0	1407.9199743133504	0.0	0	29.295905711122032	1607.9199743133286	1	0	tensor(3)	1.164968519208618
57200.0	2000.0	1407.919974313341	0.0	0	90.56606321623258	1607.9199743133286	1	0	tensor(3)	1.164968519208618
58200.0	2000.0	1407.9199743133408	0.0	0	153.01553820763365	1607.9199743133286	1	0	tensor(3)	1.8581156997685633
59266.31846368568	2000.0	1341.6015106276577	0.0	0	67.57779953291174	1607.9199743133213	1	0	tensor(3)	1.8581156997685635
61825.152259445145	2000.0	200.0	417.23228513180254	0	0.0	2025.1522594451235	1	0	tensor(3)	-0.6552140298921294
62371.75572993922	500.0	746.1999287644719	92.8033992585373	0	0.0	2117.955658703664	1	0	tensor(3)	-1.503168682552138
63356.70173783096	1000.0	761.2539208727279	0.0	0	0.0	2117.955658703664	1	0	tensor(3)	0.43994607411897646
63970.367537090126	1000.0	1147.5881216135595	0.0	0	0.0	2117.955658703664	1	0	tensor(3)	1.1330932546789219
64837.66596020278	1000.0	1280.289698500906	0.0	0	0.0	2117.955658703664	1	0	tensor(3)	1.1330932546789219
65464.45960496044	1000.0	1653.4960537432476	0.0	0	0.0	2117.955658703657	1	0	tensor(3)	1.1330932546789225
66200.0	1000.0	1917.955658703689	0.0	0	38.28867438589805	2117.955658703664	1	0	tensor(3)	1.1330932546789216
67381.02699670003	2000.0	1736.9286620036462	0.0	0	0.0	2117.955658703657	1	0	tensor(3)	1.1330932546789216
68583.48619508451	2000.0	1534.4694636191555	0.0	0	0.0	2117.9556587036495	1	0	tensor(3)	1.8262404352388681
69430.41237904299	2000.0	1687.543279660689	0.0	0	0.0	2117.9556587036495	1	0	tensor(3)	1.8262404352388681
71041.12494511364	2000.0	1076.8307135900411	0.0	0	0.0	2117.955658703635	1	0	tensor(3)	1.8262404352388693
72011.53788906058	1000.0	1106.417769643102	0.0	0	0.0	2117.955658703635	1	0	tensor(3)	0.4399460741189789
72582.72513852573	1000.0	1535.2305201779518	0.0	0	0.0	2117.9556587036495	1	0	tensor(3)	1.133093254678923
73294.58710433335	1000.0	1823.368554370339	0.0	0	0.0	2117.955658703635	1	0	tensor(3)	1.133093254678924
74200.0	1000.0	1917.9556587036827	0.0	0	171.79377162878518	2117.955658703635	1	0	tensor(3)	1.133093254678924
75200.0	1000.0	1917.955658703686	0.0	0	319.48976063079317	2117.9556587036495	1	0	tensor(3)	1.133093254678923
76200.0	1000.0	1917.955658703681	0.0	0	197.47413462161785	2117.9556587036495	1	0	tensor(3)	1.133093254678923
77567.88273202522	1000.0	1550.0729266784665	0.0	0	0.0	2117.9556587036495	1	0	tensor(3)	1.133093254678923
79074.01972164937	1000.0	1043.9359370543064	0.0	0	0.0	2117.9556587036495	1	0	tensor(3)	1.133093254678923
80063.3743563532	1000.0	1054.5813023504836	0.0	0	0.0	2117.955658703664	1	0	tensor(3)	1.1330932546789219
80933.95234877766	1000.0	1184.0033099260381	0.0	0	0.0	2117.955658703664	1	0	tensor(3)	1.1330932546789219
81431.98150694922	1000.0	1685.9741517544905	0.0	0	0.0	2117.955658703664	1	0	tensor(3)	1.1330932546789219
82549.05367787536	2000.0	1568.9019808283451	0.0	0	0.0	2117.955658703664	1	0	tensor(3)	1.1330932546789219
83646.03853528442	1000.0	1471.9171234192877	0.0	0	0.0	2117.955658703664	1	0	tensor(3)	0.4399460741189767
84967.74151490914	1000.0	1150.214143794568	0.0	0	0.0	2117.9556587036495	1	0	tensor(3)	1.133093254678923
85549.6353358167	1000.0	1568.3203228870082	0.0	0	0.0	2117.9556587036495	1	0	tensor(3)	1.133093254678923
86200.0	1000.0	1917.9556587037066	0.0	0	27.06451687705703	2117.9556587036495	1	0	tensor(3)	1.133093254678923
87200.0	2000.0	1917.9556587037087	0.0	0	112.78605571087974	2117.9556587036495	1	0	tensor(3)	1.133093254678923
88558.99414929419	2000.0	1558.9615094095163	0.0	0	0.0	2117.9556587036495	1	0	tensor(3)	1.8262404352388681
89216.92936128181	1000.0	1901.026297421895	0.0	0	0.0	2117.9556587036495	1	0	tensor(3)	0.4399460741189778
90728.95630805238	2000.0	1388.9993506513322	0.0	0	0.0	2117.955658703664	1	0	tensor(3)	1.1330932546789219
92745.77823138476	2000.0	372.17742731895703	0.0	0	0.0	2117.955658703664	1	0	tensor(3)	1.826240435238867
93118.01029736124	500.0	999.9453613424754	0.0	0	0.0	2117.955658703664	1	0	tensor(3)	-0.9463482870009143
93848.55461118127	1000.0	1269.4010475224309	0.0	0	0.0	2117.9556587036495	1	0	tensor(3)	0.43994607411897757
94317.72489297057	1000.0	1800.2307657331398	0.0	0	0.0	2117.955658703664	1	0	tensor(3)	1.1330932546789219
95200.0	2000.0	1917.9556587037218	0.0	0	58.956484087582794	2117.955658703664	1	0	tensor(3)	1.1330932546789219
96200.0	2000.0	1917.9556587037118	0.0	0	125.67136142248637	2117.955658703664	1	0	tensor(3)	1.826240435238867
97569.62965297002	3000.0	1548.3260057336909	0.0	0	0.0	2117.955658703664	1	0	tensor(3)	1.826240435238867
98911.02611042376	2000.0	1206.929548279943	0.0	0	0.0	2117.955658703664	1	0	tensor(3)	1.4207753271307024
100280.05623032206	2000.0	837.8994283816371	0.0	0	0.0	2117.955658703664	1	0	tensor(3)	1.826240435238867
101311.52483296432	1000.0	806.4308257393769	0.0	0	0.0	2117.955658703664	1	0	tensor(3)	0.4399460741189767
102370.44795465058	1000.0	747.5077040531089	0.0	0	0.0	2117.9556587036495	1	0	tensor(3)	1.133093254678923
103047.54471274606	1000.0	1070.410945957623	0.0	0	0.0	2117.9556587036495	1	0	tensor(3)	1.133093254678923
103595.67416567533	1000.0	1522.2814930283464	0.0	0	0.0	2117.9556587036495	1	0	tensor(3)	1.133093254678923
104417.31269173534	2000.0	1700.642966968343	0.0	0	0.0	2117.9556587036495	1	0	tensor(3)	1.133093254678923
105300.51965232292	2000.0	1817.43600638077	0.0	0	0.0	2117.9556587036495	1	0	tensor(3)	1.8262404352388681
106925.82377851925	2000.0	1192.1318801844445	0.0	0	0.0	2117.9556587036495	1	0	tensor(3)	1.8262404352388681
108105.33931886213	2000.0	1012.616339841568	0.0	0	0.0	2117.9556587036495	1	0	tensor(3)	1.8262404352388681
109197.78282965142	1000.0	920.1728290522709	0.0	0	0.0	2117.955658703635	1	0	tensor(3)	0.4399460741189789
110240.31757595022	1000.0	877.6380827534707	0.0	0	0.0	2117.9556587036204	1	0	tensor(3)	1.1330932546789252
111078.69672651749	1000.0	1039.2589321861933	0.0	0	0.0	2117.955658703606	1	0	tensor(3)	1.1330932546789265
111889.90851299155	1000.0	1228.0471457121303	0.0	0	0.0	2117.9556587035913	1	0	tensor(3)	1.1330932546789276
112314.50330484235	1000.0	1803.4523538613291	0.0	0	0.0	2117.9556587035913	1	0	tensor(3)	1.1330932546789276
113471.21936824986	2000.0	1646.7362904538209	0.0	0	0.0	2117.9556587035913	1	0	tensor(3)	1.1330932546789276
114966.36783348063	2000.0	1151.5878252230457	0.0	0	0.0	2117.9556587035913	1	0	tensor(3)	1.8262404352388728
115715.02839990339	1000.0	1402.9272588003046	0.0	0	0.0	2117.9556587035913	1	0	tensor(3)	0.43994607411898234
116573.02272560996	2000.0	1544.9329330937433	0.0	0	0.0	2117.9556587035913	1	0	tensor(3)	1.1330932546789276
117573.98034368354	2000.0	1543.9753150201748	0.0	0	0.0	2117.955658703606	1	0	tensor(3)	1.8262404352388715
119045.44160272385	2000.0	1072.5140559798656	0.0	0	0.0	2117.955658703606	1	0	tensor(3)	1.8262404352388715
119894.68344446835	2000.0	1223.2722142353753	0.0	0	0.0	2117.955658703606	1	0	tensor(3)	1.8262404352388715
121344.88202220626	2000.0	773.073636497461	0.0	0	0.0	2117.9556587035913	1	0	tensor(3)	1.8262404352388728
122870.8484848053	2000.0	247.10717389842526	0.0	0	0.0	2117.9556587035913	1	0	tensor(3)	1.8262404352388728
123790.26788478607	1000.0	545.6206674178126	217.93289350014487	0	0.0	2335.888552203731	1	0	tensor(3)	-0.8868276529429668
124543.03816287137	1000.0	792.8503893325014	0.0	0	0.0	2335.8885522037162	1	0	tensor(3)	1.1139168886178488
125268.27414406883	1000.0	1067.6144081350442	0.0	0	0.0	2335.8885522037162	1	0	tensor(3)	1.1139168886178488
125940.83221549758	1000.0	1395.0563367063046	0.0	0	0.0	2335.8885522037162	1	0	tensor(3)	1.1139168886178488
126540.4156431476	1000.0	1795.4729090562769	0.0	0	0.0	2335.8885522037162	1	0	tensor(3)	1.1139168886178488
128827.47963779741	2000.0	508.4089144064578	0.0	0	0.0	2335.888552203731	1	0	tensor(3)	1.113916888617847
129383.89612353162	500.0	951.9924286722512	0.0	0	0.0	2335.888552203731	1	0	tensor(3)	-0.9655246530619888
130221.6456317876	1000.0	1114.2429204162777	0.0	0	0.0	2335.8885522037453	1	0	tensor(3)	0.4207697080579005
130927.74171823735	1000.0	1408.1468339665412	0.0	0	0.0	2335.8885522037453	1	0	tensor(3)	1.1139168886178459
131554.51172171728	1000.0	1781.3768304866055	0.0	0	0.0	2335.88855220376	1	0	tensor(3)	1.1139168886178457
132200.0	1000.0	2135.888552203901	0.0	0	31.071212809474673	2335.8885522037745	1	0	tensor(3)	1.1139168886178428
133545.01176277993	2000.0	1790.8767894239418	0.0	0	0.0	2335.8885522037745	1	0	tensor(3)	1.1139168886178428
134444.89639536612	1000.0	1890.992156837757	0.0	0	0.0	2335.8885522037745	1	0	tensor(3)	0.4207697080578978
135200.0	1000.0	2135.888552203897	0.0	0	157.94087521007168	2335.8885522037745	1	0	tensor(3)	1.113916888617843
136212.9426855726	2000.0	2122.9458666313326	0.0	0	0.0	2335.8885522037745	1	0	tensor(3)	1.113916888617843
137200.0	1000.0	2135.8885522039436	0.0	0	290.13981315874844	2335.8885522037745	1	0	tensor(3)	0.4207697080578978
138200.0	1000.0	2135.88855220394	0.0	0	108.08592442653026	2335.8885522037745	1	0	tensor(3)	1.113916888617843
139200.0	1000.0	2135.888552203959	0.0	0	122.8929855627357	2335.8885522037745	1	0	tensor(3)	1.113916888617843
140462.7300018637	1000.0	1873.1585503402478	0.0	0	0.0	2335.8885522038036	1	0	tensor(3)	1.1139168886178403
141263.54387292225	1000.0	2072.3446792816976	0.0	0	0.0	2335.8885522037745	1	0	tensor(3)	1.113916888617843
142231.7708324775	1000.0	2104.1177197264715	0.0	0	0.0	2335.8885522037745	1	0	tensor(3)	1.113916888617843
143284.446683358	1000.0	2051.441868845965	0.0	0	0.0	2335.8885522037745	1	0	tensor(3)	1.113916888617843
144200.0	1000.0	2135.8885522039495	0.0	0	356.1544784885773	2335.8885522037745	1	0	tensor(3)	1.113916888617843
145200.0	1000.0	2135.8885522039036	0.0	0	213.86553404317237	2335.8885522037745	1	0	tensor(3)	1.113916888617843
146200.0	1000.0	2135.888552203881	0.0	0	345.18527215946233	2335.8885522037453	1	0	tensor(3)	1.1139168886178459
147397.89752758679	2000.0	1937.9910246171012	0.0	0	0.0	2335.8885522037453	1	0	tensor(3)	1.1139168886178457
148200.0	1000.0	2135.8885522038654	0.0	0	38.891039581998484	2335.8885522037453	1	0	tensor(3)	0.4207697080579007
149200.0	1000.0	2135.888552203863	0.0	0	454.2165903848945	2335.8885522037162	1	0	tensor(3)	1.1139168886178488
150200.0	2000.0	2135.8885522038663	0.0	0	345.85036101020523	2335.8885522037162	1	0	tensor(3)	1.1139168886178488
151200.0	2000.0	2135.888552203879	0.0	0	35.58792477918905	2335.8885522037453	1	0	tensor(3)	1.8070640691777908
152200.0	2000.0	2135.8885522038718	0.0	0	165.0121021264349	2335.8885522037453	1	0	tensor(3)	1.8070640691777908
153654.05178290428	2000.0	1681.836769299577	0.0	0	0.0	2335.8885522037453	1	0	tensor(3)	1.8070640691777908
155980.71305106208	2000.0	355.1755011417713	0.0	0	0.0	2335.8885522037453	1	0	tensor(3)	1.8070640691777933
156640.79518750586	500.0	695.0933646979777	0.0	0	0.0	2335.8885522037453	1	0	tensor(3)	-0.9655246530619904
157905.99817072242	1000.0	429.8903814814133	0.0	0	0.0	2335.8885522037453	1	0	tensor(3)	0.4207697080579005
158207.82402551034	500.0	1128.0645266934832	0.0	0	0.0	2335.8885522037453	1	0	tensor(3)	-0.272377472502045
158773.1256094056	1000.0	1562.7629427982017	0.0	0	0.0	2335.8885522037162	1	0	tensor(3)	0.42076970805790326
159374.24585198567	1000.0	1961.6427002181667	0.0	0	0.0	2335.8885522037162	1	0	tensor(3)	1.1139168886178488
160600.92014101677	2000.0	1734.9684111870586	0.0	0	0.0	2335.8885522037162	1	0	tensor(3)	1.1139168886178488
161477.14266597983	2000.0	1858.7458862240035	0.0	0	0.0	2335.8885522037162	1	0	tensor(3)	1.807064069177794
162331.60764608777	2000.0	2004.2809061160938	0.0	0	0.0	2335.8885522037453	1	0	tensor(3)	1.8070640691777908
163793.51799359804	2000.0	1542.370558605802	0.0	0	0.0	2335.8885522037453	1	0	tensor(3)	1.8070640691777908
165089.6040564117	2000.0	1246.284495792089	0.0	0	0.0	2335.8885522037162	1	0	tensor(3)	1.8070640691777915
166085.17093082314	1000.0	1250.717621380691	0.0	0	0.0	2335.8885522037162	1	0	tensor(3)	0.4207697080579035
166773.1370509306	1000.0	1562.7515012732238	0.0	0	0.0	2335.8885522037162	1	0	tensor(3)	1.1139168886178488
167311.20871222462	1000.0	2024.6798399792053	0.0	0	0.0	2335.8885522037162	1	0	tensor(3)	1.1139168886178488
168564.6058342136	2000.0	1771.2827179902115	0.0	0	0.0	2335.8885522037453	1	0	tensor(3)	1.1139168886178463
169914.73656570647	2000.0	1421.1519864973498	0.0	0	0.0	2335.8885522037453	1	0	tensor(3)	1.8070640691777908
170377.645306711	1000.0	1958.2432454928191	0.0	0	0.0	2335.8885522037745	1	0	tensor(3)	0.4207697080578978
171946.26271867866	2000.0	1389.6258335251564	0.0	0	0.0	2335.8885522037745	1	0	tensor(3)	1.113916888617843
172523.68771289816	1000.0	1812.2008393056392	0.0	0	0.0	2335.8885522037745	1	0	tensor(3)	0.4207697080578978
174023.49882019171	2000.0	1312.3897320120907	0.0	0	0.0	2335.8885522038036	1	0	tensor(3)	1.11391688861784
174775.29526465863	1000.0	1560.5932875451713	0.0	0	0.0	2335.8885522038036	1	0	tensor(3)	0.42076970805789504
175663.020078271	1000.0	1672.8684739327734	0.0	0	0.0	2335.8885522038036	1	0	tensor(3)	1.1139168886178403
176300.5630318616	1000.0	2035.3255203421731	0.0	0	0.0	2335.8885522038327	1	0	tensor(3)	1.1139168886178372
177410.14534868262	2000.0	1925.74320352114	0.0	0	0.0	2335.8885522038618	1	0	tensor(3)	1.1139168886178343
178436.06358511178	2000.0	1899.8249670919888	0.0	0	0.0	2335.8885522038618	1	0	tensor(3)	1.8070640691777795
179200.0	2000.0	2135.8885522037554	0.0	0	140.65147259522928	2335.8885522038618	1	0	tensor(3)	1.8070640691777795
180200.0	2000.0	2135.888552203731	0.0	0	185.99243009116617	2335.8885522038618	1	0	tensor(3)	1.8070640691777795
181644.52790034315	2000.0	1691.3606518605866	0.0	0	0.0	2335.8885522038327	1	0	tensor(3)	1.8070640691777826
182582.95600950587	1000.0	1752.9325426978596	0.0	0	0.0	2335.8885522038327	1	0	tensor(3)	0.42076970805789216
183511.42630062788	1000.0	1824.4622515758263	0.0	0	0.0	2335.8885522038327	1	0	tensor(3)	1.1139168886178372
184401.32869787232	1000.0	1934.559854331383	0.0	0	0.0	2335.8885522038327	1	0	tensor(3)	1.1139168886178372
185200.0	1000.0	2135.888552203708	0.0	0	285.22750461130636	2335.8885522038618	1	0	tensor(3)	1.1139168886178346
186200.0	2000.0	2135.8885522037244	0.0	0	53.82228583691176	2335.8885522038618	1	0	tensor(3)	1.1139168886178343
187257.98720626626	2000.0	2077.9013459374746	0.0	0	0.0	2335.888552203891	1	0	tensor(3)	1.8070640691777786
188340.2720927088	2000.0	1995.6164594949348	0.0	0	0.0	2335.8885522038618	1	0	tensor(3)	1.8070640691777784
189265.41403861696	2000.0	2070.4745135867806	0.0	0	0.0	2335.8885522038618	1	0	tensor(3)	1.8070640691777795
190220.704653171	2000.0	2115.1838990327115	0.0	0	0.0	2335.8885522038618	1	0	tensor(3)	1.8070640691777795
191200.0	2000.0	2135.8885522037326	0.0	0	147.08171872704406	2335.8885522038618	1	0	tensor(3)	1.8070640691777795
192720.86014839416	2000.0	1615.0284038096008	0.0	0	0.0	2335.8885522038618	1	0	tensor(3)	1.8070640691777795
194153.30121473694	2000.0	1182.5873374668342	0.0	0	0.0	2335.888552203891	1	0	tensor(3)	1.8070640691777768
195252.18680310622	1000.0	1083.7017490975823	0.0	0	0.0	2335.88855220392	1	0	tensor(3)	0.42076970805788366
196189.99375873958	1000.0	1145.8947934642126	0.0	0	0.0	2335.88855220392	1	0	tensor(3)	1.1139168886178288
197025.60146199062	1000.0	1310.2870902131754	0.0	0	0.0	2335.88855220392	1	0	tensor(3)	1.1139168886178288
197635.71764151572	1000.0	1700.1709106880783	0.0	0	0.0	2335.88855220392	1	0	tensor(3)	1.1139168886178288
198826.16616207227	2000.0	1509.7223901315094	0.0	0	0.0	2335.88855220392	1	0	tensor(3)	1.1139168886178288
200098.06656438642	2000.0	1237.8219878173652	0.0	0	0.0	2335.888552203949	1	0	tensor(3)	1.8070640691777733
200739.2122532524	1000.0	1596.676298951392	0.0	0	0.0	2335.888552203949	1	0	tensor(3)	0.4207697080578809
201689.20278475052	1000.0	1646.6857674532935	0.0	0	0.0	2335.88855220392	1	0	tensor(3)	1.1139168886178288
202910.46579891435	1000.0	1425.4227532894602	0.0	0	0.0	2335.888552203891	1	0	tensor(3)	1.1139168886178317
203859.61395565505	1000.0	1476.2745965487702	0.0	0	0.0	2335.888552203891	1	0	tensor(3)	1.1139168886178317
204482.10761653524	1000.0	1853.7809356685866	0.0	0	0.0	2335.8885522038618	1	0	tensor(3)	1.1139168886178346
205200.0	1000.0	2135.8885522038036	0.0	0	48.384868284425465	2335.8885522038327	1	0	tensor(3)	1.113916888617836
206200.0	2000.0	2135.888552203804	0.0	0	314.2784100380668	2335.8885522038327	1	0	tensor(3)	1.1139168886178374
207200.0	2000.0	2135.888552203785	0.0	0	247.70777512071072	2335.8885522038327	1	0	tensor(3)	1.8070640691777826
208245.93801598568	2000.0	2089.9505362180807	0.0	0	189.11522781677195	2335.8885522038327	1	0	tensor(3)	1.8070640691777826
209911.3234330026	2000.0	1424.56511920114	0.0	0	0.0	2335.8885522038327	1	0	tensor(3)	1.8070640691777826
210875.3650900678	1000.0	1460.5234621359443	0.0	0	0.0	2335.8885522038327	1	0	tensor(3)	0.42076970805789216
212055.3757129298	1000.0	1280.5128392739307	0.0	0	0.0	2335.8885522038036	1	0	tensor(3)	1.1139168886178403
212860.17936343566	1000.0	1475.7091887680656	0.0	0	0.0	2335.8885522038036	1	0	tensor(3)	1.1139168886178403
213663.06929949348	1000.0	1672.8192527102783	0.0	0	0.0	2335.8885522038036	1	0	tensor(3)	1.1139168886178403
214516.48856213514	1000.0	1819.3999900686065	0.0	0	0.0	2335.8885522038036	1	0	tensor(3)	1.1139168886178403
215200.0	1000.0	2135.8885522037485	0.0	0	115.1718836890359	2335.8885522037745	1	0	tensor(3)	1.1139168886178419
216533.92520356947	2000.0	1801.9633486342934	0.0	0	0.0	2335.8885522037745	1	0	tensor(3)	1.113916888617843
217412.88649111797	2000.0	1923.0020610857805	0.0	0	0.0	2335.8885522037745	1	0	tensor(3)	1.8070640691777882
218938.31928514576	2000.0	1397.5692670580067	0.0	0	0.0	2335.8885522038036	1	0	tensor(3)	1.8070640691777853
221052.86075538132	2000.0	283.02779682244994	0.0	0	0.0	2335.8885522038036	1	0	tensor(3)	1.8070640691777875
221645.92480755365	1000.0	711.2341747949213	21.27043014476496	0	0.0	2357.15898234857	1	0	tensor(3)	0.2910532663062637
222474.3278804703	1000.0	882.8311018782794	0.0	0	0.0	2357.15898234857	1	0	tensor(3)	1.1118230277347987
223164.40874272952	1000.0	1192.75023961905	0.0	0	0.0	2357.15898234857	1	0	tensor(3)	1.1118230277347987
223901.203598185	1000.0	1455.9553841635725	0.0	0	0.0	2357.15898234857	1	0	tensor(3)	1.1118230277347987
224657.4912981636	1000.0	1699.667684184934	0.0	0	0.0	2357.158982348541	1	0	tensor(3)	1.1118230277348016
225617.0179277834	1000.0	1740.1410545651586	0.0	0	0.0	2357.158982348541	1	0	tensor(3)	1.1118230277348016
226670.94478464322	1000.0	1686.2141977053095	0.0	0	0.0	2357.158982348541	1	0	tensor(3)	1.1118230277348016
227977.38475233782	1000.0	1379.774230010722	0.0	0	0.0	2357.158982348541	1	0	tensor(3)	1.1118230277348016
228994.91926098694	1000.0	1362.2397213616082	0.0	0	0.0	2357.158982348512	1	0	tensor(3)	1.111823027734802
229541.05960140814	1000.0	1816.099380940393	0.0	0	0.0	2357.158982348512	1	0	tensor(3)	1.1118230277348042
230355.50305788685	1000.0	2001.6559244616878	0.0	0	0.0	2357.158982348512	1	0	tensor(3)	1.1118230277348042
232395.57929614952	2000.0	961.5796861990201	0.0	0	0.0	2357.158982348512	1	0	tensor(3)	1.1118230277348042
233465.82335184756	1000.0	891.3356305009888	0.0	0	0.0	2357.158982348512	1	0	tensor(3)	0.4186758471748591
234415.53012999622	1000.0	941.628852352339	0.0	0	0.0	2357.158982348512	1	0	tensor(3)	1.1118230277348042
235254.3151433721	1000.0	1102.84383897647	0.0	0	0.0	2357.158982348512	1	0	tensor(3)	1.1118230277348042
235929.65371479976	1000.0	1427.505267548788	0.0	0	0.0	2357.158982348512	1	0	tensor(3)	1.1118230277348042
237368.7068194451	2000.0	988.4521629034843	0.0	0	0.0	2357.158982348483	1	0	tensor(3)	1.1118230277348073
238111.14647074035	1000.0	1246.0125116082681	0.0	0	0.0	2357.158982348483	1	0	tensor(3)	0.41867584717486206
239593.18693033824	2000.0	763.9720520103374	0.0	0	0.0	2357.158982348483	1	0	tensor(3)	1.1118230277348073
240762.1143478109	2000.0	595.0446345376818	0.0	0	0.0	2357.1589823484537	1	0	tensor(3)	1.8049702082947552
241866.14851759945	1000.0	491.0104647491162	0.0	0	0.0	2357.1589823484537	1	0	tensor(3)	0.41867584717486495
242608.72822225813	1000.0	748.4307600904183	0.0	0	0.0	2357.1589823484246	1	0	tensor(3)	1.1118230277348131
243272.73014541116	1000.0	1084.4288369373787	0.0	0	0.0	2357.1589823483955	1	0	tensor(3)	1.111823027734816
244405.20072669996	2000.0	951.9582556485811	0.0	0	0.0	2357.1589823483955	1	0	tensor(3)	1.111823027734816
245041.47392119822	2000.0	1315.685061150336	0.0	0	0.0	2357.1589823483955	1	0	tensor(3)	1.804970208294761
245925.86904246305	2000.0	1431.289939885493	0.0	0	0.0	2357.1589823483955	1	0	tensor(3)	1.804970208294761
248102.3433694636	3000.0	254.8156128849601	0.0	0	0.0	2357.1589823483955	1	0	tensor(3)	1.8049702082947612
248756.5411985504	1000.0	645.5512787608895	44.933494962723074	0	0.0	2402.0924773111183	1	0	tensor(3)	-0.26095484413449777
249559.86348260412	1000.0	842.2289947071627	0.0	0	0.0	2402.0924773111183	1	0	tensor(3)	1.1072584143099506
250797.26050825167	1000.0	604.8319690596577	0.0	0	0.0	2402.0924773111474	1	0	tensor(3)	1.1072584143099475
251262.03437087734	500.0	1140.0581064339679	0.0	0	0.0	2402.0924773111183	1	0	tensor(3)	-0.27903594680994015
251982.87840350257	1000.0	1419.2140738087367	0.0	0	0.0	2402.0924773111183	1	0	tensor(3)	0.41411123375000525
252356.98521868326	1000.0	2045.1072586280625	0.0	0	0.0	2402.0924773111183	1	0	tensor(3)	1.1072584143099506
253529.09870522033	2000.0	1872.9937720910043	0.0	0	0.0	2402.0924773111183	1	0	tensor(3)	1.1072584143099506
254459.6785689044	2000.0	1942.4139084069238	0.0	0	0.0	2402.0924773111183	1	0	tensor(3)	1.8004055948698958
256080.98732406847	2000.0	1321.1051532428837	0.0	0	0.0	2402.0924773111183	1	0	tensor(3)	1.8004055948698958
257534.5313148715	2000.0	867.5611624398452	0.0	0	0.0	2402.0924773111183	1	0	tensor(3)	1.8004055948698958
258996.95665371843	1000.0	405.13582359292394	0.0	0	0.0	2402.0924773111183	1	0	tensor(3)	0.41411123375000547
259446.48752094578	500.0	955.6049563655944	0.0	0	0.0	2402.0924773111183	1	0	tensor(3)	-0.27903594680994015
260363.2475042874	1000.0	1038.8449730239886	0.0	0	0.0	2402.0924773111183	1	0	tensor(3)	0.41411123375000525
261079.08272012937	1000.0	1323.0097571819852	0.0	0	0.0	2402.0924773111183	1	0	tensor(3)	1.1072584143099506
262009.1229195882	2000.0	1392.9695577231735	0.0	0	0.0	2402.0924773111183	1	0	tensor(3)	1.1072584143099506
263472.2922292259	2000.0	929.8002480854485	0.0	0	0.0	2402.092477311089	1	0	tensor(3)	1.800405594869897
264416.89676907024	1000.0	985.1957082411175	0.0	0	0.0	2402.092477311089	1	0	tensor(3)	0.41411123375000725
265187.31548449205	1000.0	1214.7769928193393	0.0	0	0.0	2402.092477311031	1	0	tensor(3)	1.1072584143099573
266508.6160030082	2000.0	893.4764743031585	0.0	0	0.0	2402.092477311031	1	0	tensor(3)	1.1072584143099595
267122.02821406774	1000.0	1280.064263243568	0.0	0	0.0	2402.0924773109728	1	0	tensor(3)	0.41411123375002046
268417.4446070453	2000.0	984.6478702660195	0.0	0	0.0	2402.0924773109728	1	0	tensor(3)	1.1072584143099655
269822.6473034534	2000.0	579.4451738579734	0.0	0	0.0	2402.092477311031	1	0	tensor(3)	1.8004055948699047
270524.9119672416	1000.0	877.1805100697228	0.0	0	0.0	2402.092477311031	1	0	tensor(3)	0.41411123375001446
271769.5443151969	2000.0	632.5481621144075	0.0	0	0.0	2402.092477311031	1	0	tensor(3)	1.1072584143099595
272498.70922388334	1000.0	903.3832534279769	0.0	0	0.0	2402.092477311031	1	0	tensor(3)	0.41411123375001446
273180.0285267837	1000.0	1222.063950527631	0.0	0	0.0	2402.092477311089	1	0	tensor(3)	1.1072584143099535
273948.9994454889	1000.0	1453.0930318224262	0.0	0	0.0	2402.092477311089	1	0	tensor(3)	1.1072584143099535
274700.3544287312	1000.0	1701.7380485802162	0.0	0	0.0	2402.092477311089	1	0	tensor(3)	1.1072584143099535
275368.20303112053	1000.0	2033.8894461908892	0.0	0	0.0	2402.092477311089	1	0	tensor(3)	1.1072584143099535
276941.9143160611	2000.0	1460.1781612502843	0.0	0	0.0	2402.0924773111474	1	0	tensor(3)	1.1072584143099475
278091.7787381018	1000.0	1310.3137392096257	0.0	0	0.0	2402.092477311089	1	0	tensor(3)	0.41411123375000847
279223.46693057654	1000.0	1178.6255467349388	0.0	0	0.0	2402.0924773111474	1	0	tensor(3)	1.1072584143099475
280031.42070157174	1000.0	1370.6717757398058	0.0	0	0.0	2402.0924773111474	1	0	tensor(3)	1.1072584143099475
280560.5226916397	1000.0	1841.5697856717775	0.0	0	0.0	2402.0924773111474	1	0	tensor(3)	1.1072584143099475
281200.0	1000.0	2202.0924773115353	0.0	0	82.83339189511025	2402.0924773111474	1	0	tensor(3)	1.1072584143099475
282921.5848954746	2000.0	1480.5075818369205	0.0	0	0.0	2402.0924773111474	1	0	tensor(3)	1.1072584143099475
283928.574299421	1000.0	1473.518177890558	0.0	0	0.0	2402.0924773111474	1	0	tensor(3)	0.4141112337500024
284438.08066673507	1000.0	1964.0118105764561	0.0	0	0.0	2402.0924773111474	1	0	tensor(3)	1.1072584143099475
285796.05712737405	2000.0	1606.0353499374582	0.0	0	0.0	2402.092477311089	1	0	tensor(3)	1.1072584143099538
286544.31095719733	1000.0	1857.781520114244	0.0	0	0.0	2402.0924773111474	1	0	tensor(3)	0.4141112337500024
287335.5350418823	1000.0	2066.557435429184	0.0	0	0.0	2402.0924773111474	1	0	tensor(3)	1.1072584143099475
288200.0	1000.0	2202.09247731154	0.0	0	77.80130908970023	2402.0924773111474	1	0	tensor(3)	1.1072584143099475
289200.0	1000.0	2202.0924773114893	0.0	0	26.338651734637097	2402.0924773111474	1	0	tensor(3)	1.1072584143099475
290431.5657251409	1000.0	1970.5267521706123	0.0	0	0.0	2402.0924773112056	1	0	tensor(3)	1.1072584143099415
291384.2972109524	1000.0	2017.7952663591298	0.0	0	0.0	2402.0924773112056	1	0	tensor(3)	1.1072584143099415
292211.60365000856	1000.0	2190.4888273029405	0.0	0	0.0	2402.0924773111474	1	0	tensor(3)	1.1072584143099475
293200.0	1000.0	2202.0924773115257	0.0	0	166.86162019748008	2402.0924773111474	1	0	tensor(3)	1.1072584143099475
294200.0	1000.0	2202.092477311497	0.0	0	348.32271604274865	2402.0924773111474	1	0	tensor(3)	1.1072584143099475
295200.0	1000.0	2202.092477311535	0.0	0	43.911505103926174	2402.0924773111474	1	0	tensor(3)	1.1072584143099475
296601.9573710027	2000.0	1800.1351063088193	0.0	0	0.0	2402.0924773111474	1	0	tensor(3)	1.1072584143099475
297492.13366603013	1000.0	1909.9588112814167	0.0	0	0.0	2402.0924773111474	1	0	tensor(3)	0.4141112337500024
298200.0	1000.0	2202.0924773115744	0.0	0	135.64007442077855	2402.0924773111474	1	0	tensor(3)	1.1072584143099475
299212.73833179666	2000.0	2189.3541455149234	0.0	0	0.0	2402.0924773111474	1	0	tensor(3)	1.1072584143099475
300200.0	2000.0	2202.09247731161	0.0	0	321.9775369045674	2402.0924773112056	1	0	tensor(3)	1.8004055948698867
301208.234614654	2000.0	2193.8578626576696	0.0	0	0.0	2402.0924773112056	1	0	tensor(3)	1.8004055948698867
303127.43608396745	3000.0	1274.6563933442471	0.0	0	0.0	2402.0924773111474	1	0	tensor(3)	1.800405594869893
2.15	1.25	0.96	0.68	0.95	1.08	1.47	1.76	2.5	2.78	1.87	1.47	1.31	1.25	1.55	1.81	1.6	1.41	1.71	1.26	1.46	1.53	1.26	1.55	2.0	2.09	2.64	2.17	1.05	1.15	0.88	1.15	1.73	2.18	2.25	1.45	1.59	2.04	2.33	1.18	1.53	1.42	0.98	1.41	1.27	1.63	1.88	1.84	1.26	1.3	0.97	1.31	1.76	2.19	2.31	2.42	0.89	1.08	1.05	1.12	1.58	1.15	1.46	1.76	1.95	2.0	1.58	1.01	1.12	1.56	1.17	1.33	1.44	1.02	0.89	0.72	1.1	1.52	1.83	1.16	0.95	0.93	1.34	1.9	1.91	1.37	1.76	1.85	1.26	1.07	1.48	2.09	2.75	2.9	2.29	1.44	1.29	0.89	0.95	1.2	2.09	2.42	1.74	1.53	1.93	1.32	0.76	1.27	1.64	2.34	2.24	1.17	1.55	2.04	1.76	1.68	1.97	1.34	1.88	1.58	1.45	1.58	1.49	1.68	1.17	0.88	0.85	1.15	1.62	1.78	1.38	1.39	1.83	1.37	1.12	1.18	1.03	1.07	1.04	1.12	1.64	1.54	1.25	1.81	1.41	1.56	2.35	2.53	2.27	1.9	2.15	1.25	0.96	0.68	0.95	1.08	1.47	1.76	2.5	2.78	1.87	1.47	1.31	1.25	1.55	1.81	1.6	1.41	1.71	1.26	1.46	1.53	1.26	1.55	2.0	2.09	2.64	2.17	1.05	1.15	0.88	1.15	1.73	2.18	2.25	1.45	1.59	2.04	2.33	1.18	1.53	1.42	0.98	1.41	1.27	1.63	1.88	1.84	1.26	1.3	0.97	1.31	1.76	2.19	2.31	2.42	0.89	1.08	1.05	1.12	1.58	1.15	1.46	1.76	1.95	2.0	1.58	1.01	1.12	1.56	1.17	1.33	1.44	1.02	0.89	0.72	1.1	1.52	1.83	1.16	0.95	0.93	1.34	1.9	1.91	1.37	1.76	1.85	1.26	1.07	1.48	2.09	2.75	2.9	2.29	1.44	1.29	0.89	0.95	1.2	2.09	2.42	1.74	1.53	1.93	1.32	0.76	1.27	1.64	2.34	2.24	1.17	1.55	2.04	1.76	1.68	1.97	1.34	1.88	1.58	1.45	1.58	1.49	1.68	1.17	0.88	0.85	1.15	1.62	1.78	1.38	1.39	1.83	1.37	1.12	1.18	1.03	1.07	1.04	1.12	1.64	1.54	1.25	1.81	1.41	1.56	2.35	2.53	2.27	1.9	2.15	1.25	0.96	0.68
1.0	2.0	3.0	4.0	5.0	6.0	7.0	8.0	9.0	10.0	11.0	12.0	13.0	14.0	15.0	16.0	17.0	18.0	19.0	20.0	21.0	22.0	23.0	24.0	25.0	26.0	27.0	28.0	29.0	30.0	31.0	32.0	33.0	34.0	35.0	36.0	37.0	38.0	39.0	40.0	41.0	42.0	43.0	44.0	45.0	46.0	47.0	48.0	49.0	50.0	51.0	52.0	53.0	54.0	55.0	56.0	57.0	58.0	59.0	60.0	61.0	62.0	63.0	64.0	65.0	66.0	67.0	68.0	69.0	70.0	71.0	72.0	73.0	74.0	75.0	76.0	77.0	78.0	79.0	80.0	81.0	82.0	83.0	84.0	85.0	86.0	87.0	88.0	89.0	90.0	91.0	92.0	93.0	94.0	95.0	96.0	97.0	98.0	99.0	100.0	101.0	102.0	103.0	104.0	105.0	106.0	107.0	108.0	109.0	110.0	111.0	112.0	113.0	114.0	115.0	116.0	117.0	118.0	119.0	120.0	121.0	122.0	123.0	124.0	125.0	126.0	127.0	128.0	129.0	130.0	131.0	132.0	133.0	134.0	135.0	136.0	137.0	138.0	139.0	140.0	141.0	142.0	143.0	144.0	145.0	146.0	147.0	148.0	149.0	149.0	150.0	151.0	152.0	153.0	154.0	155.0	156.0	157.0	158.0	159.0	160.0	161.0	162.0	163.0	164.0	165.0	166.0	167.0	168.0	169.0	170.0	171.0	172.0	173.0	174.0	175.0	176.0	177.0	178.0	179.0	180.0	181.0	182.0	183.0	184.0	185.0	186.0	187.0	188.0	189.0	190.0	191.0	192.0	193.0	194.0	195.0	196.0	197.0	198.0	199.0	200.0	201.0	202.0	203.0	204.0	205.0	206.0	207.0	208.0	209.0	210.0	211.0	212.0	213.0	214.0	215.0	216.0	217.0	218.0	219.0	220.0	221.0	222.0	223.0	224.0	225.0	226.0	227.0	228.0	229.0	230.0	231.0	232.0	233.0	234.0	235.0	236.0	237.0	238.0	239.0	240.0	241.0	242.0	243.0	244.0	245.0	246.0	247.0	248.0	249.0	250.0	251.0	252.0	253.0	254.0	255.0	256.0	257.0	258.0	259.0	260.0	261.0	262.0	263.0	264.0	265.0	266.0	267.0	268.0	269.0	270.0	271.0	272.0	273.0	274.0	275.0	276.0	277.0	278.0	279.0	280.0	281.0	282.0	283.0	284.0	285.0	286.0	287.0	288.0	289.0	290.0	291.0	292.0	293.0	294.0	295.0	296.0	297.0	298.0	298.0	299.0	300.0	301.0	302.0
2947.698125751719
