3541.5150104125064	1000.0	2000.0	362.0070637282789	0	0.0	3541.5150104125064	1	0	tensor(2)	-2.654153429767922
4742.023365016887	3000.0	1799.4916453956187	0.0	0	0.0	3541.515010412505	1	0	tensor(3)	0.6985822236551784
6753.58174070806	3000.0	787.9332697044458	0.0	0	0.0	3541.515010412506	1	0	tensor(3)	1.9971945123232882
7356.577533974166	1000.0	1184.93747643834	0.0	0	0.0	1541.515010412506	1	0	tensor(6)	-5.930538330696248
8374.726699061603	2000.0	1166.7883113509042	0.0	0	0.0	1541.5150104125078	1	0	tensor(3)	1.1680739579718633
9428.245052891503	2000.0	1113.2699575210036	0.0	0	0.0	1541.5150104125078	1	0	tensor(3)	1.8612211385318083
10381.0220880226	2000.0	1160.4929223899053	0.0	0	0.0	1541.5150104125078	1	0	tensor(3)	1.8612211385318083
11200.0	2000.0	1341.5150104125037	0.0	0	227.24908561084885	1541.5150104125078	1	0	tensor(3)	1.8612211385318083
12959.32573729604	3000.0	582.1892731164653	0.0	0	0.0	1541.5150104125096	1	0	tensor(3)	1.8612211385318085
14701.860385804497	2000.0	200.0	360.34537539199346	0	0.0	1901.8603858045026	1	0	tensor(3)	-0.7222937883253249
15694.77376644565	1000.0	487.2089430603529	280.12232370150485	0	0.0	2181.9827095060027	1	0	tensor(3)	-1.2460136655911742
16331.777592719072	1000.0	850.2051167869316	0.0	0	0.0	2181.9827095060027	1	0	tensor(3)	1.1278674571778005
16804.879445603758	1000.0	1377.1032639022478	0.0	0	0.0	2181.9827095060064	1	0	tensor(3)	1.1278674571778002
17265.52008768592	1000.0	1916.4626218200851	0.0	0	0.0	2181.9827095060064	1	0	tensor(3)	1.1278674571778
18214.386426232442	2000.0	1967.5962832735584	0.0	0	0.0	2181.9827095060027	1	0	tensor(3)	1.1278674571778002
19200.0	2000.0	1981.9827095060036	0.0	0	100.89123085356186	2181.9827095060027	1	0	tensor(3)	1.8210146377377456
20320.38884975927	3000.0	1861.5938597467352	0.0	0	0.0	2181.9827095060027	1	0	tensor(3)	1.8210146377377456
21455.686400119866	3000.0	1726.2963093861397	0.0	0	0.0	2181.9827095060064	1	0	tensor(3)	2.22647974584591
22232.61682476608	3000.0	1949.365884739926	0.0	0	0.0	2181.9827095060027	1	0	tensor(3)	2.2264797458459102
23653.434515403107	3000.0	1528.548194102897	0.0	0	0.0	2181.9827095060027	1	0	tensor(3)	2.2264797458459102
25766.634208349555	3000.0	415.3485011564531	0.0	0	0.0	2181.9827095060027	1	0	tensor(3)	2.2264797458459102
26553.70673617487	2000.0	628.2759733311374	0.0	0	0.0	2181.9827095059954	1	0	tensor(3)	1.4155495296295815
27350.400198564992	2000.0	831.5825109410205	0.0	0	0.0	2181.9827095059954	1	0	tensor(3)	1.821014637737746
28570.97089465715	2000.0	611.0118148488584	0.0	0	0.0	2181.9827095059954	1	0	tensor(3)	1.821014637737746
29287.439604550596	2000.0	894.5431049554128	0.0	0	0.0	2181.9827095059954	1	0	tensor(3)	1.821014637737746
30132.027772602505	2000.0	1049.954936903503	0.0	0	0.0	2181.9827095059954	1	0	tensor(3)	1.821014637737746
30731.598240004194	2000.0	1450.3844695018124	0.0	0	0.0	2181.982709505992	1	0	tensor(3)	1.8210146377377465
31526.909793548894	3000.0	1655.0729159571104	0.0	0	0.0	2181.982709505992	1	0	tensor(3)	1.8210146377377465
32333.828936890473	3000.0	1848.1537726155334	0.0	0	0.0	2181.982709505992	1	0	tensor(3)	2.226479745845911
34086.93943887279	3000.0	1095.043270633214	0.0	0	0.0	2181.982709505988	1	0	tensor(3)	2.2264797458459116
35128.589909059956	2000.0	1053.3928004460508	0.0	0	0.0	2181.9827095059954	1	0	tensor(3)	1.415549529629582
35759.19334482408	2000.0	1422.789364681922	0.0	0	0.0	2181.9827095059954	1	0	tensor(3)	1.821014637737746
36641.66461686431	3000.0	1540.3180926416946	0.0	0	0.0	2181.9827095059954	1	0	tensor(3)	1.8210146377377463
37970.80793194828	3000.0	1211.1747775577276	0.0	0	0.0	2181.9827095059954	1	0	tensor(3)	2.226479745845911
38951.68213050708	3000.0	1230.3005789989363	0.0	0	0.0	2181.9827095059954	1	0	tensor(3)	2.226479745845911
40803.89828717435	3000.0	378.0844223316672	0.0	0	0.0	2181.9827095059954	1	0	tensor(3)	2.226479745845911
41800.21389581011	2000.0	522.1854424865985	140.4166287906994	0	0.0	2322.3993382966946	1	0	tensor(3)	0.5604053110465028
42675.99118603599	2000.0	646.4081522607232	0.0	0	0.0	2322.3993382966946	1	0	tensor(3)	1.808370191898864
44120.86802017518	2000.0	201.53131812154334	0.0	0	0.0	2322.3993382966946	1	0	tensor(3)	1.808370191898864
44688.75219117093	1000.0	725.9777026342114	92.33055550841675	0	0.0	2414.729893805117	1	0	tensor(3)	-0.14119127845245039
45788.30195690847	2000.0	626.4279368966619	0.0	0	0.0	2414.729893805117	1	0	tensor(3)	1.105939235157995
46578.19850436053	2000.0	836.5313894446094	0.0	0	0.0	2414.729893805117	1	0	tensor(3)	1.7990864157179405
47367.34161157955	2000.0	1047.3882822255925	0.0	0	0.0	2414.729893805117	1	0	tensor(3)	1.7990864157179405
48211.93797888829	3000.0	1202.7919149168529	0.0	0	0.0	2414.729893805117	1	0	tensor(3)	1.7990864157179405
48857.26536439414	3000.0	1557.4645294109914	0.0	0	0.0	2414.72989380511	1	0	tensor(3)	2.204551523826106
49584.28422644678	3000.0	1830.445667358341	0.0	0	0.0	2414.72989380511	1	0	tensor(3)	2.204551523826106
50809.21379417727	3000.0	1605.5160996278466	0.0	0	0.0	2414.72989380511	1	0	tensor(3)	2.204551523826106
52150.57812083178	3000.0	1264.1517729733391	0.0	0	0.0	2414.72989380511	1	0	tensor(3)	2.204551523826106
53879.46283893896	3000.0	535.2670548661474	0.0	0	0.0	2414.7298938051026	1	0	tensor(3)	2.2045515238261064
54592.32801453298	2000.0	822.4018792721304	0.0	0	0.0	2414.7298938051026	1	0	tensor(3)	1.3936213076097772
55407.258895189785	2000.0	1007.4709986153176	0.0	0	0.0	2414.7298938051026	1	0	tensor(3)	1.7990864157179418
56396.767405583996	2000.0	1017.9624882210983	0.0	0	0.0	2414.7298938051026	1	0	tensor(3)	1.7990864157179418
57397.791660776114	2000.0	1016.9382330289792	0.0	0	0.0	2414.7298938051026	1	0	tensor(3)	1.7990864157179418
58184.48230263852	2000.0	1230.2475911665726	0.0	0	0.0	2414.7298938051026	1	0	tensor(3)	1.7990864157179418
58719.2327103939	2000.0	1695.4971834111911	0.0	0	0.0	2414.7298938050953	1	0	tensor(3)	1.7990864157179418
59416.602475354775	3000.0	1998.1274184503145	0.0	0	0.0	2414.729893805088	1	0	tensor(3)	1.7990864157179436
60200.0	3000.0	2214.7298938050817	0.0	0	88.19802696608531	2414.7298938050953	1	0	tensor(3)	2.2045515238261073
61200.0	3000.0	2214.7298938050767	0.0	0	243.03602211472753	2414.7298938050953	1	0	tensor(3)	2.2045515238261073
62278.827655572844	3000.0	2135.9022382322282	0.0	0	0.0	2414.7298938050953	1	0	tensor(3)	2.2045515238261073
63543.57656198153	3000.0	1871.153331823549	0.0	0	0.0	2414.7298938050953	1	0	tensor(3)	2.2045515238261073
64798.9774621188	3000.0	1615.7524316862775	0.0	0	0.0	2414.7298938050953	1	0	tensor(3)	2.2045515238261073
66345.62292137269	3000.0	1069.1069724323827	0.0	0	0.0	2414.7298938050953	1	0	tensor(3)	2.2045515238261073
67224.07956825798	2000.0	1190.6503255470998	0.0	0	0.0	2414.7298938051026	1	0	tensor(3)	1.3936213076097779
68078.26851440141	3000.0	1336.461379403665	0.0	0	0.0	2414.7298938051244	1	0	tensor(3)	1.799086415717941
70418.3638789861	3000.0	200.0	203.63398518104606	0	0.0	2618.3638789860997	1	0	tensor(3)	0.9754020209936667
71615.84957747962	2000.0	444.60161063539834	442.0873091289168	0	0.0	3060.45118811501	1	0	tensor(3)	-1.3519096644266688
72611.57193310834	2000.0	512.7661589753773	63.88690396869288	0	0.0	3124.3380920836935	1	0	tensor(3)	1.3102095364683022
73147.46854117607	2000.0	976.8695509076282	0.0	0	0.0	3124.3380920836935	1	0	tensor(3)	1.6935309602804594
74178.26921933313	3000.0	946.068872750557	0.0	0	0.0	3124.3380920836935	1	0	tensor(3)	1.6935309602804596
75078.6592886469	3000.0	1045.6788034367873	0.0	0	0.0	3124.3380920836935	1	0	tensor(3)	2.098996068388624
77133.08343412171	3000.0	200.0	208.745342038028	0	0.0	3333.0834341217123	1	0	tensor(3)	0.8333170319284451
77825.59769304325	1000.0	664.152977633791	156.66723655533264	0	0.0	1489.750670677051	1	0	tensor(6)	-6.868256920830234
78526.59897308434	2000.0	963.1516975927029	0.0	0	0.0	1489.750670677051	1	0	tensor(3)	1.1703587871698728
79541.59348631404	2000.0	948.1571843630061	0.0	0	0.0	1489.750670677051	1	0	tensor(3)	1.863505967729818
80631.91336255618	2000.0	857.8373081208779	0.0	0	0.0	1489.750670677051	1	0	tensor(3)	1.863505967729818
81730.59164459417	2000.0	759.1590260828771	0.0	0	0.0	1489.7506706770364	1	0	tensor(3)	1.8635059677298185
83242.12881461602	2000.0	247.62185606101778	0.0	0	0.0	1489.7506706770364	1	0	tensor(3)	1.8635059677298185
84305.81461801322	2000.0	427.6430774577127	243.70702479389948	0	0.0	1733.4576954709337	1	0	tensor(3)	0.3894239754209168
85228.24382517219	2000.0	558.0906804765641	52.87681017782819	0	0.0	1786.3345056487597	1	0	tensor(3)	1.5314438829972308
86237.8018079072	2000.0	548.5326977415424	0.0	0	0.0	1786.3345056487742	1	0	tensor(3)	1.848704744064199
87134.99731183216	2000.0	651.3371938165866	0.0	0	0.0	1786.3345056487742	1	0	tensor(3)	1.848704744064199
87719.51895415266	2000.0	1066.8155514960947	0.0	0	0.0	1786.3345056487888	1	0	tensor(3)	1.8487047440641982
88779.68842196227	3000.0	1006.6460836865023	0.0	0	0.0	1786.3345056487888	1	0	tensor(3)	1.8487047440641984
90794.52476260562	3000.0	200.0	208.19025695683763	0	0.0	1994.5247626056516	1	0	tensor(3)	1.001382866444877
91661.88771868887	1000.0	580.4436714505375	247.8066275337812	0	0.0	2242.3313901393994	1	0	tensor(3)	-1.4628121267002874
92538.62118219885	2000.0	703.7102079405598	0.0	0	0.0	2242.331390139414	1	0	tensor(3)	1.1226399271705074
93765.10514821217	2000.0	477.22624192723697	0.0	0	0.0	2242.331390139414	1	0	tensor(3)	1.8157871077304528
94805.51999860535	2000.0	492.5857928552739	55.77440132121143	0	0.0	2298.1057914606354	1	0	tensor(3)	1.4760342190646458
95507.81068762808	2000.0	790.2951038325591	0.0	0	0.0	2298.1057914606354	1	0	tensor(3)	1.8106806269919145
96201.32449332671	2000.0	1096.7812981339425	0.0	0	0.0	2298.1057914606354	1	0	tensor(3)	1.8106806269919145
97576.58810816694	2000.0	721.5176832937208	0.0	0	0.0	2298.1057914606354	1	0	tensor(3)	1.8106806269919145
99146.68156815837	2000.0	235.78498126600348	84.36075796372742	0	0.0	2382.4665494243673	1	0	tensor(3)	1.2964689052083487
100013.80844882884	2000.0	576.862380568913	208.20427997338797	0	0.0	2590.670829397757	1	0	tensor(3)	0.5297641023674244
100898.2825969671	2000.0	692.3882324306774	0.0	0	0.0	2590.670829397757	1	0	tensor(3)	1.7789897822077525
102519.42881406548	2000.0	200.0	128.75798466772073	0	0.0	2719.428814065468	1	0	tensor(3)	1.00262830218122
103142.8426357923	500.0	717.5229442876539	140.93676601446185	0	0.0	2860.3655800799315	1	0	tensor(3)	-1.8772054783087917
103974.5334217243	1000.0	885.8321583556296	0.0	0	0.0	2860.3655800799315	1	0	tensor(3)	0.35470947889786997
104567.23949206619	1000.0	1293.1260880137347	0.0	0	0.0	2860.3655800799315	1	0	tensor(3)	1.0478566594578154
105572.8877500377	2000.0	1287.4778300422233	0.0	0	0.0	2860.3655800799315	1	0	tensor(3)	1.0478566594578154
106270.49687763813	2000.0	1589.8687024418057	0.0	0	0.0	2860.3655800799315	1	0	tensor(3)	1.7410038400177605
106839.23798445605	2000.0	2021.1275956238815	0.0	0	0.0	2860.3655800799315	1	0	tensor(3)	1.7410038400177605
107948.64195473197	3000.0	1911.7236253479603	0.0	0	0.0	2860.365580079946	1	0	tensor(3)	1.7410038400177585
109008.69515250862	2000.0	1851.6704275713041	0.0	0	0.0	2860.3655800799315	1	0	tensor(3)	1.335538731909596
109766.23934687708	2000.0	2094.1262332028577	0.0	0	0.0	2860.365580079917	1	0	tensor(3)	1.7410038400177628
110636.00060716248	2000.0	2224.364972917452	0.0	0	0.0	2860.3655800799024	1	0	tensor(3)	1.7410038400177652
111700.04456933607	3000.0	2160.321010743866	0.0	0	0.0	2860.365580079917	1	0	tensor(3)	1.741003840017763
112735.54515733616	3000.0	2124.8204227437723	0.0	0	0.0	2860.365580079917	1	0	tensor(3)	2.1464689481259276
113657.55477651217	2000.0	2202.8108035677537	0.0	0	0.0	2860.365580079917	1	0	tensor(3)	1.3355387319095982
114539.73018012475	3000.0	2320.635399955189	0.0	0	0.0	2860.3655800799024	1	0	tensor(3)	1.7410038400177654
115682.69198178072	3000.0	2177.673598299216	0.0	0	0.0	2860.3655800799024	1	0	tensor(3)	2.14646894812593
116895.78736424052	3000.0	1964.578215839409	0.0	0	0.0	2860.3655800799024	1	0	tensor(3)	2.14646894812593
118584.08126811373	3000.0	1276.2843119662066	0.0	0	0.0	2860.365580079917	1	0	tensor(3)	2.1464689481259276
119652.327557792	3000.0	1208.038022287951	0.0	0	0.0	2860.365580079917	1	0	tensor(3)	2.1464689481259276
120443.58182174242	2000.0	1416.7837583375224	0.0	0	0.0	2860.365580079917	1	0	tensor(3)	1.3355387319095982
121491.28853441341	2000.0	1369.0770456665418	0.0	0	0.0	2860.365580079917	1	0	tensor(3)	1.7410038400177628
122807.7006519682	2000.0	1052.6649281117384	0.0	0	0.0	2860.365580079917	1	0	tensor(3)	1.7410038400177628
123364.71534209441	1000.0	1495.650237985535	0.0	0	0.0	2860.365580079917	1	0	tensor(3)	0.3547094788978725
124616.66193510262	2000.0	1243.703644977342	0.0	0	0.0	2860.3655800799315	1	0	tensor(3)	1.0478566594578154
125431.54702126511	2000.0	1428.8185588148442	0.0	0	0.0	2860.3655800799315	1	0	tensor(3)	1.7410038400177605
126203.4515524787	2000.0	1656.914027601264	0.0	0	0.0	2860.3655800799315	1	0	tensor(3)	1.7410038400177605
127286.8568039469	3000.0	1573.5087761330678	0.0	0	0.0	2860.3655800799315	1	0	tensor(3)	1.7410038400177608
128865.12319210645	3000.0	995.2423879735229	0.0	0	0.0	2860.3655800799315	1	0	tensor(3)	2.1464689481259254
129915.88680904265	2000.0	944.4787710372955	0.0	0	0.0	2860.365580079917	1	0	tensor(3)	1.3355387319095982
130829.96657613087	3000.0	1030.3990039490802	0.0	0	0.0	2860.365580079917	1	0	tensor(3)	1.741003840017763
133337.97804577847	3000.0	200.0	677.6124656985138	0	0.0	3537.9780457784364	1	0	tensor(3)	-1.9934029713749748
133699.4254232885	500.0	838.5526224899542	0.0	0	0.0	1537.9780457784072	1	0	tensor(6)	-7.316672866842896
134424.5698833178	1000.0	1113.4081624606572	0.0	0	0.0	1537.9780457783781	1	0	tensor(3)	0.4750866023851595
135697.23674396102	2000.0	840.7413018174145	0.0	0	0.0	1537.9780457783781	1	0	tensor(3)	1.1682337829451046
137156.78935942377	2000.0	381.1886863546983	0.0	0	0.0	1537.9780457783781	1	0	tensor(3)	1.86138096350505
137803.7758519465	1000.0	734.2021938319588	0.0	0	0.0	1537.9780457783781	1	0	tensor(3)	0.4750866023851597
138847.43419970173	2000.0	690.5438460767144	0.0	0	0.0	1537.9780457783781	1	0	tensor(3)	1.1682337829451046
139406.22512078352	2000.0	1131.7529249949534	0.0	0	0.0	1537.9780457784072	1	0	tensor(3)	1.8613809635050487
140506.30184502716	3000.0	1031.676200751337	0.0	0	0.0	1537.9780457784072	1	0	tensor(3)	1.861380963505049
141463.16075747696	3000.0	1074.8172883015582	0.0	0	0.0	1537.9780457784072	1	0	tensor(3)	2.2668460716132137
142958.88055778237	3000.0	579.0974879961254	0.0	0	0.0	1537.9780457784072	1	0	tensor(3)	2.2668460716132137
144383.97655977012	2000.0	255.88162274193766	101.8801367335858	0	0.0	1639.8581825119618	1	0	tensor(3)	0.8398721940948529
145269.71529876004	1000.0	512.7813851985177	142.63850144651028	0	0.0	1782.4966839584813	1	0	tensor(3)	-0.3932005307514423
146267.11904946525	1000.0	546.7368818377026	31.35924734438919	0	0.0	1813.8559313028818	1	0	tensor(3)	0.9657995041737693
146911.01321218561	1000.0	902.8427191173216	0.0	0	0.0	1813.8559313028818	1	0	tensor(3)	1.1539549882401043
148233.55516302877	2000.0	580.3007682741597	0.0	0	0.0	1813.8559313028818	1	0	tensor(3)	1.1539549882401041
148652.33569541085	1000.0	1161.5202358920867	0.0	0	0.0	1813.8559313028527	1	0	tensor(3)	0.4608078076801608
149384.56643751278	2000.0	1429.2894937901772	0.0	0	0.0	1813.8559313028818	1	0	tensor(3)	1.1539549882401041
150443.05597893405	2000.0	1370.7999523689077	0.0	0	0.0	1813.8559313028527	1	0	tensor(3)	1.847102168800051
151200.0	2000.0	1613.8559313029905	0.0	0	203.64281484362436	1813.8559313028527	1	0	tensor(3)	1.847102168800051
152305.1073743569	3000.0	1508.7485569460728	0.0	0	0.0	1813.8559313028818	1	0	tensor(3)	1.8471021688000495
153312.31025340862	3000.0	1501.5456778943728	0.0	0	0.0	1813.8559313028818	1	0	tensor(3)	2.252567276908214
154200.0	3000.0	1613.8559313029878	0.0	0	128.30671115388395	1813.8559313028818	1	0	tensor(3)	2.252567276908214
156893.22108030875	3000.0	200.0	279.36514900578635	0	0.0	2093.2210803086637	1	0	tensor(3)	0.5707605934583662
157819.9049907786	2000.0	548.9120354612228	275.5959459310834	0	0.0	2368.8170262397325	1	0	tensor(3)	-0.255236253710172
158648.1173726855	2000.0	720.699653554326	0.0	0	0.0	2368.8170262397325	1	0	tensor(3)	1.803804529984493
159541.22912746572	2000.0	827.5878987741295	0.0	0	0.0	2368.8170262397325	1	0	tensor(3)	1.803804529984493
160213.48868203166	2000.0	1155.3283442081683	0.0	0	0.0	2368.8170262397325	1	0	tensor(3)	1.803804529984493
160935.88382647446	3000.0	1432.9331997653708	0.0	0	0.0	2368.8170262397325	1	0	tensor(3)	1.8038045299844931
163371.0124958014	3000.0	200.0	202.19546956159974	0	0.0	2571.0124958013184	1	0	tensor(3)	0.9902781768990453
163733.08991953175	500.0	837.9225762696461	0.0	0	0.0	2571.0124958013184	1	0	tensor(3)	-1.3966502062554091
164753.34132857987	1000.0	817.6711672215212	0.0	0	0.0	2571.0124958013184	1	0	tensor(3)	0.39510926297264615
165436.30090089564	1000.0	1134.7115949057638	0.0	0	0.0	2571.0124958013184	1	0	tensor(3)	1.0882564435325917
166134.3572476478	1000.0	1436.655248153601	0.0	0	0.0	2571.0124958013184	1	0	tensor(3)	1.0882564435325917
166866.52319064917	2000.0	1704.4893051522383	0.0	0	0.0	2571.0124958013184	1	0	tensor(3)	1.0882564435325914
167463.6085436042	2000.0	2107.403952197196	0.0	0	0.0	2571.0124958013184	1	0	tensor(3)	1.7814036240925366
168614.9635365692	3000.0	1956.048959232211	0.0	0	0.0	2571.0124958012893	1	0	tensor(3)	1.7814036240925404
169852.3260999863	3000.0	1718.6863958151384	0.0	0	0.0	2571.0124958013184	1	0	tensor(3)	2.1868687322007014
170827.23203222908	3000.0	1743.7804635723369	0.0	0	0.0	2571.0124958013184	1	0	tensor(3)	2.1868687322007014
171641.40612327348	3000.0	1929.6063725279148	0.0	0	0.0	2571.0124958013184	1	0	tensor(3)	2.1868687322007014
173002.07018635055	3000.0	1568.9423094508363	0.0	0	0.0	2571.0124958013184	1	0	tensor(3)	2.1868687322007014
174346.88860599836	2000.0	1224.123889803025	0.0	0	0.0	2571.0124958013475	1	0	tensor(3)	1.3759385159843687
175605.3457628256	2000.0	965.6667329757909	0.0	0	0.0	2571.0124958013475	1	0	tensor(3)	1.7814036240925333
176893.08652841763	2000.0	677.9259673837855	0.0	0	0.0	2571.0124958013475	1	0	tensor(3)	1.7814036240925333
178003.0092050176	2000.0	568.0032907837887	0.0	0	0.0	2571.0124958013475	1	0	tensor(3)	1.7814036240925333
178924.40876279943	2000.0	646.6037330019185	0.0	0	0.0	2571.0124958013475	1	0	tensor(3)	1.7814036240925333
179596.8239474099	2000.0	974.1885483914791	0.0	0	0.0	2571.0124958013475	1	0	tensor(3)	1.7814036240925333
180310.79136380705	3000.0	1260.2211319943606	0.0	0	0.0	2571.0124958013475	1	0	tensor(3)	1.7814036240925333
181047.60708311794	3000.0	1523.4054126834712	0.0	0	0.0	2571.0124958013475	1	0	tensor(3)	2.186868732200698
182955.59484458488	3000.0	615.4176512165295	0.0	0	0.0	2571.0124958013766	1	0	tensor(3)	2.1868687322006957
183937.17528933118	2000.0	633.8372064702337	0.0	0	0.0	2571.0124958014057	1	0	tensor(3)	1.3759385159843613
184729.14924110685	2000.0	841.8632546945819	0.0	0	0.0	2571.0124958014057	1	0	tensor(3)	1.781403624092526
185591.5344453391	2000.0	979.4780504623633	0.0	0	0.0	2571.0124958014057	1	0	tensor(3)	1.781403624092526
186183.6633378285	2000.0	1387.3491579729566	0.0	0	0.0	2571.012495801435	1	0	tensor(3)	1.7814036240925246
187144.96003900262	3000.0	1426.0524567988655	0.0	0	0.0	2571.012495801435	1	0	tensor(3)	1.7814036240925226
187944.37837948778	3000.0	1626.6341163137038	0.0	0	0.0	2571.012495801464	1	0	tensor(3)	2.1868687322006837
189152.7060141054	3000.0	1418.3064816960723	0.0	0	0.0	2571.012495801493	1	0	tensor(3)	2.1868687322006832
189924.48779519717	2000.0	1646.5247006043433	0.0	0	0.0	2571.012495801522	1	0	tensor(3)	1.3759385159843474
190747.6115390327	2000.0	1823.4009567688404	0.0	0	0.0	2571.012495801522	1	0	tensor(3)	1.781403624092512
191754.43878903135	2000.0	1816.573706770169	0.0	0	0.0	2571.012495801522	1	0	tensor(3)	1.781403624092512
193022.81802756534	2000.0	1548.194468236163	0.0	0	0.0	2571.012495801522	1	0	tensor(3)	1.781403624092512
194176.99318666637	2000.0	1394.019309135113	0.0	0	0.0	2571.012495801493	1	0	tensor(3)	1.7814036240925155
194897.9839098149	2000.0	1673.0285859865835	0.0	0	0.0	2571.012495801493	1	0	tensor(3)	1.7814036240925155
195796.0526840194	2000.0	1774.959811782111	0.0	0	0.0	2571.012495801464	1	0	tensor(3)	1.781403624092519
196843.26886831483	3000.0	1727.743627486705	0.0	0	0.0	2571.012495801493	1	0	tensor(3)	1.7814036240925155
197700.11517306144	3000.0	1870.8973227400797	0.0	0	0.0	2571.012495801493	1	0	tensor(3)	2.18686873220068
198603.7750078863	3000.0	1967.2374879152098	0.0	0	0.0	2571.012495801464	1	0	tensor(3)	2.1868687322006837
200077.134502367	3000.0	1493.8779934345173	0.0	0	0.0	2571.012495801464	1	0	tensor(3)	2.1868687322006837
201325.8434095372	3000.0	1245.1690862643204	0.0	0	0.0	2571.012495801435	1	0	tensor(3)	2.1868687322006872
202591.59345306965	3000.0	979.4190427318537	0.0	0	0.0	2571.012495801464	1	0	tensor(3)	2.1868687322006837
203324.3398459114	2000.0	1246.6726498901023	0.0	0	0.0	2571.012495801435	1	0	tensor(3)	1.3759385159843571
204202.61066271536	2000.0	1368.4018330861404	0.0	0	0.0	2571.012495801435	1	0	tensor(3)	1.7814036240925224
205072.4000348428	2000.0	1498.6124609586905	0.0	0	0.0	2571.012495801435	1	0	tensor(3)	1.7814036240925224
206315.33740691218	2000.0	1255.6750888893391	0.0	0	0.0	2571.012495801464	1	0	tensor(3)	1.781403624092521
206979.24421872455	2000.0	1591.7682770769943	0.0	0	0.0	2571.012495801464	1	0	tensor(3)	1.781403624092519
207540.81898452615	2000.0	2030.193511275379	0.0	0	0.0	2571.012495801464	1	0	tensor(3)	1.781403624092519
208673.7105854918	3000.0	1897.3019103097486	0.0	0	0.0	2571.012495801464	1	0	tensor(3)	1.7814036240925193
209523.59164398062	3000.0	2047.4208518209393	0.0	0	0.0	2571.012495801493	1	0	tensor(3)	2.18686873220068
210777.25400462715	3000.0	1793.758491174398	0.0	0	0.0	2571.012495801493	1	0	tensor(3)	2.18686873220068
212465.51302063346	3000.0	1105.4994751680838	0.0	0	0.0	2571.012495801493	1	0	tensor(3)	2.18686873220068
213573.49942587333	2000.0	997.5130699282137	0.0	0	0.0	2571.012495801522	1	0	tensor(3)	1.3759385159843474
214281.37337783477	2000.0	1289.6391179668237	0.0	0	0.0	2571.012495801522	1	0	tensor(3)	1.781403624092512
215288.42243892662	2000.0	1282.590056874983	0.0	0	0.0	2571.012495801522	1	0	tensor(3)	1.7814036240925106
216065.9419651459	3000.0	1505.0705306556922	0.0	0	0.0	2571.0124958015513	1	0	tensor(3)	1.7814036240925084
217282.86512778047	3000.0	1288.147368021141	0.0	0	0.0	2571.0124958015513	1	0	tensor(3)	2.186868732200673
219128.08752753577	2000.0	442.92496826585926	0.0	0	0.0	2571.0124958015513	1	0	tensor(3)	1.3759385159843436
219878.776117039	1000.0	692.2363787626352	0.0	0	0.0	2571.0124958015513	1	0	tensor(3)	0.39510926297261795
220869.79152944154	2000.0	701.2209663600842	0.0	0	0.0	2571.0124958015513	1	0	tensor(3)	1.088256443532563
221766.39168150834	2000.0	804.6208142933053	0.0	0	0.0	2571.0124958015804	1	0	tensor(3)	1.7814036240925049
222329.4528363144	2000.0	1241.5596594872413	0.0	0	0.0	2571.0124958015804	1	0	tensor(3)	1.7814036240925049
223219.85075983923	3000.0	1351.161735962412	0.0	0	0.0	2571.0124958015513	1	0	tensor(3)	1.7814036240925084
224313.93716939053	3000.0	1257.075326411121	0.0	0	0.0	2571.0124958015513	1	0	tensor(3)	2.186868732200673
225857.28135542315	3000.0	713.7311403784897	0.0	0	0.0	2571.012495801522	1	0	tensor(3)	2.1868687322006757
227182.2258889137	2000.0	388.7866068879332	0.0	0	0.0	2571.0124958015513	1	0	tensor(3)	1.3759385159843436
228204.03468777507	2000.0	494.1376273695738	127.15981934298202	0	0.0	2698.172315144562	1	0	tensor(3)	1.002017392934861
228992.28340800805	2000.0	705.8889071366057	0.0	0	0.0	2698.172315144533	1	0	tensor(3)	1.7649763089927573
229978.99080391516	2000.0	719.1815112295126	0.0	0	0.0	2698.172315144533	1	0	tensor(3)	1.7649763089927573
231156.0364023043	2000.0	542.1359128403863	0.0	0	0.0	2698.172315144533	1	0	tensor(3)	1.7649763089927573
231993.05519092985	1000.0	705.1171242148091	0.0	0	0.0	2698.172315144533	1	0	tensor(3)	0.3786819478728668
232662.6679841912	1000.0	1035.5043309534858	0.0	0	0.0	2698.172315144504	1	0	tensor(3)	1.071829128432816
233545.47540315933	2000.0	1152.6969119853693	0.0	0	0.0	2698.172315144504	1	0	tensor(3)	1.071829128432816
234573.00094476368	2000.0	1125.1713703809887	0.0	0	0.0	2698.172315144504	1	0	tensor(3)	1.764976308992761
235490.56953170535	2000.0	1207.60278343932	0.0	0	0.0	2698.172315144504	1	0	tensor(3)	1.764976308992761
236258.10805332338	2000.0	1440.0642618213121	0.0	0	0.0	2698.172315144533	1	0	tensor(3)	1.7649763089927573
237222.88111909784	3000.0	1475.2911960468389	0.0	0	0.0	2698.172315144562	1	0	tensor(3)	1.7649763089927555
237982.579388334	3000.0	1715.5929268107016	0.0	0	0.0	2698.172315144533	1	0	tensor(3)	2.1704414171009216
240384.43031296402	3000.0	313.74200218072895	0.0	0	0.0	2698.172315144562	1	0	tensor(3)	2.1704414171009176
241529.14567640994	2000.0	421.53423583289964	252.5075970981119	0	0.0	2950.679912242689	1	0	tensor(3)	-0.19448755843721277
242569.18882339873	2000.0	500.2685467716356	118.77745792749897	0	0.0	3069.457370170334	1	0	tensor(3)	0.9916888519214475
243528.49583792503	2000.0	582.9860157464776	42.02448350113034	0	0.0	3111.4818536714592	1	0	tensor(3)	1.4439672586169618
244422.45360601717	2000.0	689.0282476543382	0.0	0	0.0	3111.4818536714592	1	0	tensor(3)	1.696114159623744
245827.48659340123	2000.0	283.995260270272	0.0	0	0.0	3111.4818536714592	1	0	tensor(3)	1.696114159623744
246284.47585887677	500.0	827.005994794745	0.0	0	0.0	1111.4818536714592	1	0	tensor(6)	-6.895483288241573
247824.3176899003	2000.0	287.16416377123915	0.0	0	0.0	1111.4818536714592	1	0	tensor(3)	0.49081107287831865
248409.2756682316	1000.0	744.8699412897431	42.66375584978839	0	0.0	1154.1456095212488	1	0	tensor(3)	0.23353523508736193
249200.0	2000.0	954.1456095213264	0.0	0	95.7144941741717	1154.1456095212488	1	0	tensor(3)	1.1826649507460376
250311.7954335965	2000.0	842.3501759248064	0.0	0	0.0	1154.1456095212488	1	0	tensor(3)	1.8758121313059828
251200.0	1000.0	954.1456095213296	0.0	0	144.25278589167283	1154.145609521307	1	0	tensor(3)	0.4895177701860913
252200.0	1000.0	954.145609521343	0.0	0	140.7142304420413	1154.145609521278	1	0	tensor(3)	1.1826649507460358
253200.0	1000.0	954.14560952138	0.0	0	206.82797752463375	1154.145609521278	1	0	tensor(3)	1.1826649507460367
254200.0	1000.0	954.1456095213657	0.0	0	552.7102367155021	1154.1456095212488	1	0	tensor(3)	1.1826649507460376
255200.0	2000.0	954.1456095214057	0.0	0	424.02000505354954	1154.145609521278	1	0	tensor(3)	1.1826649507460365
256200.0	2000.0	954.1456095214012	0.0	0	297.19277202215744	1154.1456095212488	1	0	tensor(3)	1.8758121313059828
257328.36481994306	2000.0	825.7807895783445	0.0	0	0.0	1154.1456095212488	1	0	tensor(3)	1.8758121313059828
258270.5230006489	2000.0	883.6226088724877	0.0	0	0.0	1154.1456095212488	1	0	tensor(3)	1.8758121313059828
259342.78908596814	2000.0	811.3565235532258	0.0	0	0.0	1154.1456095212197	1	0	tensor(3)	1.8758121313059835
260335.42657733677	2000.0	818.7190321845849	0.0	0	0.0	1154.1456095212197	1	0	tensor(3)	1.8758121313059837
261200.0	2000.0	954.1456095213277	0.0	0	210.77004498816677	1154.1456095212197	1	0	tensor(3)	1.8758121313059837
262200.0	2000.0	954.1456095213132	0.0	0	163.56087154720444	1154.1456095212197	1	0	tensor(3)	1.8758121313059837
263222.6548607168	2000.0	931.4907488045185	0.0	0	0.0	1154.1456095212197	1	0	tensor(3)	1.8758121313059841
264200.0	2000.0	954.1456095212693	0.0	0	333.1037450978183	1154.1456095211906	1	0	tensor(3)	1.8758121313059832
265298.5986982564	3000.0	855.5469112649064	0.0	0	0.0	1154.1456095211906	1	0	tensor(3)	1.8758121313059846
266579.0910137154	2000.0	575.0545958059026	0.0	0	0.0	1154.1456095211324	1	0	tensor(3)	1.4703470231978208
267844.4085628067	2000.0	418.2198269911573	108.48278027655553	0	0.0	1262.6283897976973	1	0	tensor(3)	1.2213716146477707
268792.86056162853	2000.0	521.7281163277581	51.960288158437805	0	0.0	1314.5886779561406	1	0	tensor(3)	1.5586705751839776
269920.34260621236	2000.0	428.8575222927642	34.61145054883025	0	0.0	1349.2001285050064	1	0	tensor(3)	1.6614876035929296
271334.4575551316	2000.0	263.775586518738	249.03301314519717	0	0.0	1598.2331416501547	1	0	tensor(3)	0.36438326304775354
272125.7814071491	1000.0	576.53545052613	104.08371602487153	0	0.0	1702.3168576750322	1	0	tensor(3)	-0.15745639068632966
272931.68731838395	1000.0	770.629539291334	0.0	0	0.0	1702.3168576750322	1	0	tensor(3)	1.1601930860228447
274026.2539933363	2000.0	676.0628643389625	0.0	0	0.0	1702.316857674974	1	0	tensor(3)	1.1601930860228469
274700.1100265376	2000.0	1002.2068311376431	0.0	0	0.0	1702.316857674974	1	0	tensor(3)	1.8533402665827927
275551.24433325283	2000.0	1151.0725244223981	0.0	0	0.0	1702.3168576750322	1	0	tensor(3)	1.8533402665827898
276485.6349259236	3000.0	1216.6819317516104	0.0	0	0.0	1702.3168576750322	1	0	tensor(3)	1.8533402665827898
277865.05078760826	3000.0	837.266070066918	0.0	0	0.0	1702.3168576750322	1	0	tensor(3)	2.2588053746909544
278823.0599505618	2000.0	879.2569071133887	0.0	0	0.0	1702.316857674974	1	0	tensor(3)	1.447875158474628
279769.689316841	2000.0	932.6275408341687	0.0	0	0.0	1702.316857674974	1	0	tensor(3)	1.8533402665827927
281135.78081611666	2000.0	566.5360415584737	0.0	0	0.0	1702.316857674974	1	0	tensor(3)	1.8533402665827927
282067.92565323703	1000.0	634.391204438064	0.0	0	0.0	1702.316857674974	1	0	tensor(3)	0.4670459054629025
282744.80069971154	1000.0	957.5161579635173	0.0	0	0.0	1702.316857674974	1	0	tensor(3)	1.1601930860228475
283527.9392572272	1000.0	1174.3776004479237	0.0	0	0.0	1702.3168576750322	1	0	tensor(3)	1.1601930860228447
284731.2716534997	2000.0	971.0452041754025	0.0	0	0.0	1702.3168576750904	1	0	tensor(3)	1.1601930860228415
285837.2486513985	2000.0	865.0682062766277	0.0	0	0.0	1702.3168576750904	1	0	tensor(3)	1.8533402665827867
286412.7558730152	1000.0	1289.5609846598952	0.0	0	0.0	1702.3168576750904	1	0	tensor(3)	0.46704590546289626
287318.3761563505	2000.0	1383.9407013246353	0.0	0	0.0	1702.3168576750904	1	0	tensor(3)	1.1601930860228402
288247.19610561733	2000.0	1455.120752057717	0.0	0	0.0	1702.3168576750322	1	0	tensor(3)	1.853340266582788
289200.0	2000.0	1502.3168576750718	0.0	0	251.47274556517368	1702.3168576750904	1	0	tensor(3)	1.8533402665827867
290294.3347906902	3000.0	1407.9820669849023	0.0	0	0.0	1702.3168576751486	1	0	tensor(3)	1.8533402665827838
292258.78171067673	3000.0	443.535146998429	0.0	0	0.0	1702.3168576750904	1	0	tensor(3)	2.258805374690949
292975.07161633414	1000.0	727.2452413409871	0.0	0	0.0	1702.3168576750904	1	0	tensor(3)	0.06158079735473171
293770.52917365724	1000.0	931.7876840178819	0.0	0	0.0	1702.3168576750904	1	0	tensor(3)	1.1601930860228413
295411.89622822223	2000.0	290.420629452904	0.0	0	0.0	1702.3168576750904	1	0	tensor(3)	1.1601930860228415
296064.9746966869	1000.0	672.0908029852822	34.74864199705314	0	0.0	1737.0654996721423	1	0	tensor(3)	0.25668265639777643
296583.96202599094	1000.0	1153.103473681267	0.0	0	0.0	1737.0654996721423	1	0	tensor(3)	1.1583216889400403
297827.0677127739	2000.0	909.9977868983372	0.0	0	0.0	1737.0654996721423	1	0	tensor(3)	1.15832168894004
298624.09927700827	2000.0	1112.9662226640244	0.0	0	0.0	1737.0654996721423	1	0	tensor(3)	1.8514688694999855
299613.6477990119	2000.0	1123.417700660375	0.0	0	0.0	1737.0654996721423	1	0	tensor(3)	1.8514688694999855
300399.897414496	2000.0	1337.1680851762746	0.0	0	0.0	1737.0654996721423	1	0	tensor(3)	1.8514688694999855
301379.16496386135	3000.0	1357.9005358109619	0.0	0	0.0	1737.0654996721423	1	0	tensor(3)	1.8514688694999855
302507.8887223589	3000.0	1229.176777313377	0.0	0	0.0	1737.0654996721423	1	0	tensor(3)	2.25693397760815
303783.40035201935	3000.0	953.6651476529307	0.0	0	0.0	1737.0654996720841	1	0	tensor(3)	2.2569339776081527
305008.5198079535	2000.0	728.5456917187205	0.0	0	0.0	1737.0654996720841	1	0	tensor(3)	1.446003761391824
306122.11707361665	2000.0	614.9484260554976	0.0	0	0.0	1737.0654996720841	1	0	tensor(3)	1.8514688694999886
307244.1305924043	2000.0	492.93490726784785	0.0	0	0.0	1737.0654996720841	1	0	tensor(3)	1.8514688694999886
307938.6208779083	2000.0	798.4446217637685	0.0	0	0.0	1737.0654996720841	1	0	tensor(3)	1.8514688694999886
308622.1853496103	2000.0	1114.880150061745	0.0	0	0.0	1737.0654996720841	1	0	tensor(3)	1.8514688694999886
3.37	3.42	1.99	1.3	1.48	1.97	2.56	3.29	3.13	1.09	1.49	1.32	1.1	1.74	2.41	2.94	2.93	3.29	3.3	3.32	2.05	1.81	1.63	2.11	1.96	1.95	2.71	3.36	3.88	2.65	1.67	2.22	2.77	3.01	2.88	3.3	1.83	2.11	2.62	2.37	1.38	1.8	2.51	3.01	3.6	4.29	3.95	2.09	2.35	2.17	2.41	2.77	1.88	2.0	2.49	3.32	3.72	3.13	2.36	2.46	2.03	2.54	2.48	3.13	3.01	1.82	1.09	1.6	2.09	2.81	3.32	3.86	2.22	1.59	2.0	2.36	2.56	1.59	1.59	1.63	1.95	2.02	2.75	2.93	2.97	3.29	1.74	1.31	1.63	1.89	2.34	2.9	2.63	1.24	1.55	1.76	2.41	2.66	1.41	0.97	1.61	2.14	2.77	2.77	2.21	2.1	2.22	2.83	2.48	2.02	2.59	3.15	3.93	2.24	1.61	2.22	2.04	2.09	1.78	1.56	1.62	2.35	2.63	3.45	3.28	1.7	2.54	2.56	1.25	1.38	1.27	1.92	2.14	1.53	1.99	2.61	3.2	3.2	2.73	1.56	1.23	1.47	1.24	1.69	1.73	1.88	2.4	2.95	3.37	2.97	3.37	3.42	1.99	1.3	1.48	1.97	2.56	3.29	3.13	1.09	1.49	1.32	1.1	1.74	2.41	2.94	2.93	3.29	3.3	3.32	2.05	1.81	1.63	2.11	1.96	1.95	2.71	3.36	3.88	2.65	1.67	2.22	2.77	3.01	2.88	3.3	1.83	2.11	2.62	2.37	1.38	1.8	2.51	3.01	3.6	4.29	3.95	2.09	2.35	2.17	2.41	2.77	1.88	2.0	2.49	3.32	3.72	3.13	2.36	2.46	2.03	2.54	2.48	3.13	3.01	1.82	1.09	1.6	2.09	2.81	3.32	3.86	2.22	1.59	2.0	2.36	2.56	1.59	1.59	1.63	1.95	2.02	2.75	2.93	2.97	3.29	1.74	1.31	1.63	1.89	2.34	2.9	2.63	1.24	1.55	1.76	2.41	2.66	1.41	0.97	1.61	2.14	2.77	2.77	2.21	2.1	2.22	2.83	2.48	2.02	2.59	3.15	3.93	2.24	1.61	2.22	2.04	2.09	1.78	1.56	1.62	2.35	2.63	3.45	3.28	1.7	2.54	2.56	1.25	1.38	1.27	1.92	2.14	1.53	1.99	2.61	3.2	3.2	2.73	1.56	1.23	1.47	1.24	1.69	1.73	1.88	2.4	2.95	3.37	2.97	3.37	3.42	1.99	1.3	1.48	1.97	2.56	3.29	3.13
1.0	2.0	3.0	4.0	5.0	6.0	7.0	8.0	9.0	10.0	11.0	12.0	13.0	14.0	15.0	16.0	17.0	18.0	19.0	20.0	21.0	22.0	23.0	24.0	25.0	26.0	27.0	28.0	29.0	30.0	31.0	32.0	33.0	34.0	35.0	36.0	37.0	38.0	39.0	40.0	41.0	42.0	43.0	44.0	45.0	46.0	47.0	48.0	49.0	50.0	51.0	52.0	53.0	54.0	55.0	56.0	57.0	58.0	59.0	60.0	61.0	62.0	63.0	64.0	65.0	66.0	67.0	68.0	69.0	70.0	71.0	72.0	73.0	74.0	75.0	76.0	77.0	78.0	79.0	80.0	81.0	82.0	83.0	84.0	85.0	86.0	87.0	88.0	89.0	90.0	91.0	92.0	93.0	94.0	95.0	96.0	97.0	98.0	99.0	100.0	101.0	102.0	103.0	104.0	105.0	106.0	107.0	108.0	109.0	110.0	111.0	112.0	113.0	114.0	115.0	116.0	117.0	118.0	119.0	120.0	121.0	122.0	123.0	124.0	125.0	126.0	127.0	128.0	129.0	130.0	131.0	132.0	133.0	134.0	135.0	136.0	137.0	138.0	139.0	140.0	141.0	142.0	143.0	144.0	145.0	146.0	147.0	148.0	149.0	149.0	150.0	151.0	152.0	153.0	154.0	155.0	156.0	157.0	158.0	159.0	160.0	161.0	162.0	163.0	164.0	165.0	166.0	167.0	168.0	169.0	170.0	171.0	172.0	173.0	174.0	175.0	176.0	177.0	178.0	179.0	180.0	181.0	182.0	183.0	184.0	185.0	186.0	187.0	188.0	189.0	190.0	191.0	192.0	193.0	194.0	195.0	196.0	197.0	198.0	199.0	200.0	201.0	202.0	203.0	204.0	205.0	206.0	207.0	208.0	209.0	210.0	211.0	212.0	213.0	214.0	215.0	216.0	217.0	218.0	219.0	220.0	221.0	222.0	223.0	224.0	225.0	226.0	227.0	228.0	229.0	230.0	231.0	232.0	233.0	234.0	235.0	236.0	237.0	238.0	239.0	240.0	241.0	242.0	243.0	244.0	245.0	246.0	247.0	248.0	249.0	250.0	251.0	252.0	253.0	254.0	255.0	256.0	257.0	258.0	259.0	260.0	261.0	262.0	263.0	264.0	265.0	266.0	267.0	268.0	269.0	270.0	271.0	272.0	273.0	274.0	275.0	276.0	277.0	278.0	279.0	280.0	281.0	282.0	283.0	284.0	285.0	286.0	287.0	288.0	289.0	290.0	291.0	292.0	293.0	294.0	295.0	296.0	297.0	298.0	298.0	299.0	300.0	301.0	302.0	303.0	304.0	305.0	306.0	307.0
3058.824327410866
