4654.294717390293	300.0	2000.0	148.55355680957268	0	0.0	2654.294717390293	1	0	tensor(6)	-7.0134447681625325
5539.489097381082	3000.0	2114.8056200092115	0.0	0	0.0	2654.294717390293	1	0	tensor(3)	-0.1262538356023089
6789.337920634083	3000.0	1864.9567967562089	0.0	0	0.0	2654.294717390292	1	0	tensor(3)	2.1763312573917366
7915.98647650458	2000.0	1738.3082408857126	0.0	0	0.0	2654.294717390292	1	0	tensor(3)	1.3654010411754076
8960.02428951621	2000.0	1694.2704278740835	0.0	0	0.0	2654.294717390294	1	0	tensor(3)	1.770866149283572
9706.996993207329	2000.0	1947.297724182965	0.0	0	0.0	2654.294717390295	1	0	tensor(3)	1.770866149283572
10877.039016487677	3000.0	1777.255700902615	0.0	0	0.0	2654.294717390292	1	0	tensor(3)	1.7708661492835724
12183.39285930865	3000.0	1470.9018580816419	0.0	0	0.0	2654.2947173902903	1	0	tensor(3)	2.176331257391737
13418.627679539095	2000.0	1235.6670378511978	0.0	0	0.0	2654.2947173902903	1	0	tensor(3)	1.3654010411754076
14294.350522368066	2000.0	1359.9441950222267	0.0	0	0.0	2654.2947173902903	1	0	tensor(3)	1.7708661492835722
15311.724001793258	2000.0	1342.570715597034	0.0	0	0.0	2654.2947173902903	1	0	tensor(3)	1.7708661492835722
17111.587062212122	2000.0	542.7076551781689	0.0	0	0.0	2654.2947173902885	1	0	tensor(3)	1.7708661492835724
17866.751110128225	1000.0	787.5436072620705	0.0	0	0.0	2654.294717390296	1	0	tensor(3)	0.38457178816368176
18691.443563063283	1000.0	962.8511543270128	0.0	0	0.0	2654.294717390296	1	0	tensor(3)	1.0777189687236266
19738.30192197831	1000.0	915.992795411986	0.0	0	0.0	2654.294717390294	1	0	tensor(3)	1.0777189687236266
20258.02321155404	500.0	1396.2715058362523	0.0	0	0.0	2654.294717390294	1	0	tensor(3)	-0.3085753923962642
21012.33067482425	1000.0	1641.964042566042	0.0	0	0.0	2654.294717390294	1	0	tensor(3)	0.3845717881636815
21672.267848781245	1000.0	1982.0268686090471	0.0	0	0.0	2654.294717390294	1	0	tensor(3)	1.0777189687236268
22592.60591828479	2000.0	2061.6887991055037	0.0	0	0.0	2654.294717390294	1	0	tensor(3)	1.0777189687236268
23200.0	1000.0	2454.2947173902903	0.0	0	17.265848831073527	2654.294717390294	1	0	tensor(3)	0.3845717881636817
24540.31254719837	2000.0	2113.982170191919	0.0	0	0.0	2654.2947173902976	1	0	tensor(3)	1.0777189687236262
25694.453680226652	1000.0	1959.8410371636376	0.0	0	0.0	2654.2947173903012	1	0	tensor(3)	0.38457178816368065
26514.728556002294	1000.0	2139.5661613879925	0.0	0	0.0	2654.2947173902976	1	0	tensor(3)	1.0777189687236264
27200.0	1000.0	2454.2947173902844	0.0	0	139.6807090533366	2654.2947173902976	1	0	tensor(3)	1.0777189687236264
28200.0	1000.0	2454.294717390282	0.0	0	322.3166789266288	2654.2947173902976	1	0	tensor(3)	1.0777189687236264
29200.0	2000.0	2454.294717390279	0.0	0	30.013287140125612	2654.2947173902976	1	0	tensor(3)	1.0777189687236262
30338.40918515438	2000.0	2315.8855322358995	0.0	0	0.0	2654.2947173903012	1	0	tensor(3)	1.770866149283571
31492.327019630797	2000.0	2161.9676977594845	0.0	0	0.0	2654.2947173903012	1	0	tensor(3)	1.770866149283571
32436.355096066774	1000.0	2217.939621323509	0.0	0	0.0	2654.2947173903012	1	0	tensor(3)	0.38457178816368065
33506.92921387595	1000.0	2147.365503514342	0.0	0	0.0	2654.294717390312	1	0	tensor(3)	1.0777189687236253
34653.76102436245	2000.0	2000.5336930278386	0.0	0	0.0	2654.294717390312	1	0	tensor(3)	1.0777189687236242
35902.86634246976	2000.0	1751.428374920541	0.0	0	0.0	2654.294717390316	1	0	tensor(3)	1.7708661492835693
36469.04537310919	1000.0	2185.2493442811056	0.0	0	0.0	2654.2947173903085	1	0	tensor(3)	0.3845717881636791
37857.69939503609	2000.0	1796.59532235421	0.0	0	0.0	2654.2947173903012	1	0	tensor(3)	1.0777189687236257
39061.38873785767	2000.0	1592.9059795326223	0.0	0	0.0	2654.2947173903012	1	0	tensor(3)	1.770866149283571
39755.58526577411	1000.0	1898.7094516161742	0.0	0	0.0	2654.2947173903012	1	0	tensor(3)	0.38457178816368065
40607.013458091365	1000.0	2047.2812592989217	0.0	0	0.0	2654.2947173903012	1	0	tensor(3)	1.077718968723626
42044.74983235706	2000.0	1609.5448850332216	0.0	0	0.0	2654.2947173903085	1	0	tensor(3)	1.0777189687236248
42541.591786495126	1000.0	2112.7029308951514	0.0	0	0.0	2654.2947173903012	1	0	tensor(3)	0.38457178816368065
43849.02103157394	2000.0	1805.2736858163425	0.0	0	0.0	2654.2947173903012	1	0	tensor(3)	1.0777189687236257
45150.31999131198	2000.0	1503.9747260783056	0.0	0	0.0	2654.2947173903012	1	0	tensor(3)	1.770866149283571
46855.76496005814	2000.0	798.5297573321557	0.0	0	0.0	2654.2947173903012	1	0	tensor(3)	1.770866149283571
47645.76093041621	1000.0	1008.5337869740899	0.0	0	0.0	2654.2947173903085	1	0	tensor(3)	0.38457178816367976
48383.864921825094	1000.0	1270.4297955652114	0.0	0	0.0	2654.294717390316	1	0	tensor(3)	1.077718968723624
48864.64414411934	1000.0	1789.6505732709709	0.0	0	0.0	2654.294717390316	1	0	tensor(3)	1.077718968723624
49583.519091086906	1000.0	2070.7756263034053	0.0	0	0.0	2654.294717390316	1	0	tensor(3)	1.077718968723624
50340.72848257391	1000.0	2313.566234816402	0.0	0	0.0	2654.294717390316	1	0	tensor(3)	1.077718968723624
51798.744933264454	2000.0	1855.5497841258639	0.0	0	0.0	2654.294717390316	1	0	tensor(3)	1.077718968723624
52490.1358792754	1000.0	2164.158838114913	0.0	0	0.0	2654.294717390323	1	0	tensor(3)	0.3845717881636778
54185.59617301031	2000.0	1468.6985443800118	0.0	0	0.0	2654.294717390323	1	0	tensor(3)	1.077718968723623
55199.779606842785	2000.0	1454.515110547533	0.0	0	0.0	2654.294717390323	1	0	tensor(3)	1.770866149283568
55874.74159431589	2000.0	1779.5531230744386	0.0	0	0.0	2654.294717390323	1	0	tensor(3)	1.770866149283568
56789.84394193531	2000.0	1864.450775455026	0.0	0	0.0	2654.294717390323	1	0	tensor(3)	1.770866149283568
58466.67135515715	3000.0	1187.623362233188	0.0	0	0.0	2654.294717390323	1	0	tensor(3)	1.7708661492835682
61348.29614216955	2000.0	200.0	894.0014247792116	0	0.0	3548.296142169529	1	0	tensor(3)	-4.067220389957432
61918.50076500775	500.0	712.6700335420533	82.87465638025807	0	0.0	1631.170798549785	1	0	tensor(6)	-7.412856738117078
63015.58238331074	1000.0	615.5884152390647	0.0	0	0.0	1631.170798549785	1	0	tensor(3)	0.4706855612843622
63511.440157235964	500.0	1119.7306413138456	0.0	0	0.0	1631.170798549785	1	0	tensor(3)	-0.22246161927558347
64284.41660518597	1000.0	1346.7541933638415	0.0	0	0.0	1631.170798549785	1	0	tensor(3)	0.4706855612843622
65200.0	1000.0	1431.1707985498056	0.0	0	338.43675684175105	1631.1707985497778	1	0	tensor(3)	1.1638327418443077
66200.0	1000.0	1431.1707985498128	0.0	0	421.44703205856786	1631.170798549785	1	0	tensor(3)	1.1638327418443075
67200.0	1000.0	1431.170798549824	0.0	0	144.16874310432468	1631.1707985497924	1	0	tensor(3)	1.1638327418443075
68200.0	1000.0	1431.1707985498206	0.0	0	171.80366165602754	1631.1707985497778	1	0	tensor(3)	1.163832741844308
69503.21696578978	1000.0	1127.9538327600524	0.0	0	0.0	1631.1707985497778	1	0	tensor(3)	1.163832741844308
70200.0	1000.0	1431.1707985498242	0.0	0	49.22155539075902	1631.1707985497778	1	0	tensor(3)	1.163832741844308
71200.0	1000.0	1431.1707985498047	0.0	0	449.7141742833919	1631.1707985497778	1	0	tensor(3)	1.163832741844308
72200.0	1000.0	1431.170798549801	0.0	0	466.86814978432085	1631.1707985497633	1	0	tensor(3)	1.1638327418443086
73200.0	2000.0	1431.1707985497876	0.0	0	35.25995416218939	1631.1707985497633	1	0	tensor(3)	1.1638327418443086
74318.03703851682	2000.0	1313.1337600329784	0.0	0	0.0	1631.1707985497487	1	0	tensor(3)	1.8569799224042542
75200.0	2000.0	1431.1707985498128	0.0	0	112.2068834421807	1631.1707985497342	1	0	tensor(3)	1.8569799224042551
76204.98758451169	2000.0	1426.183214038125	0.0	0	0.0	1631.1707985497342	1	0	tensor(3)	1.8569799224042551
77733.82656922945	2000.0	897.3442293203675	0.0	0	0.0	1631.1707985497487	1	0	tensor(3)	1.8569799224042542
78498.3151675511	1000.0	1132.855630998708	0.0	0	0.0	1631.1707985497487	1	0	tensor(3)	0.47068556128436406
79228.83698374988	1000.0	1402.3338147999207	0.0	0	0.0	1631.1707985497487	1	0	tensor(3)	1.1638327418443093
80200.0	1000.0	1431.170798549798	0.0	0	297.5688952261553	1631.1707985497633	1	0	tensor(3)	1.1638327418443086
81200.0	1000.0	1431.1707985498026	0.0	0	107.32370291939878	1631.1707985497633	1	0	tensor(3)	1.1638327418443086
82200.0	1000.0	1431.170798549794	0.0	0	167.82408984751964	1631.1707985497633	1	0	tensor(3)	1.1638327418443086
83200.0	1000.0	1431.1707985497987	0.0	0	8.541047842183616	1631.1707985497487	1	0	tensor(3)	1.1638327418443093
84200.0	1000.0	1431.17079854981	0.0	0	343.5625458625	1631.1707985497487	1	0	tensor(3)	1.1638327418443093
85200.0	1000.0	1431.1707985498022	0.0	0	311.07215190799616	1631.1707985497487	1	0	tensor(3)	1.1638327418443093
86200.0	2000.0	1431.1707985498049	0.0	0	164.6887889324862	1631.1707985497487	1	0	tensor(3)	1.1638327418443093
87725.48202383805	2000.0	905.6887747117329	0.0	0	0.0	1631.1707985497487	1	0	tensor(3)	1.8569799224042542
88472.93934785025	1000.0	1158.231450699538	0.0	0	0.0	1631.1707985497487	1	0	tensor(3)	0.47068556128436406
89640.91948466175	2000.0	990.2513138880246	0.0	0	0.0	1631.1707985497487	1	0	tensor(3)	1.1638327418443093
90416.18734017057	2000.0	1214.9834583791903	0.0	0	0.0	1631.1707985497487	1	0	tensor(3)	1.8569799224042542
91200.0	2000.0	1431.1707985497535	0.0	0	82.51743339082168	1631.1707985497487	1	0	tensor(3)	1.8569799224042542
92200.0	2000.0	1431.1707985497635	0.0	0	389.4472239523602	1631.1707985497487	1	0	tensor(3)	1.8569799224042542
93200.0	2000.0	1431.170798549754	0.0	0	150.7636792840931	1631.1707985497342	1	0	tensor(3)	1.8569799224042551
94200.0	2000.0	1431.1707985497487	0.0	0	316.3790740744589	1631.1707985497342	1	0	tensor(3)	1.8569799224042551
95814.57503645844	3000.0	816.5957620913123	0.0	0	0.0	1631.1707985497487	1	0	tensor(3)	1.8569799224042545
97256.47167411633	2000.0	374.6991244334138	0.0	0	0.0	1631.1707985497487	1	0	tensor(3)	1.4515148142960896
98180.71867260145	1000.0	512.9349291760323	62.48280322773974	0	0.0	1693.6536017774924	1	0	tensor(3)	0.09260587784747909
99179.17900851656	1000.0	524.4963004857332	10.021707224822421	0	0.0	1703.6753090023121	1	0	tensor(3)	1.0999908649904495
100129.40069329987	1000.0	574.2746157024092	0.0	0	0.0	1703.6753090023121	1	0	tensor(3)	1.160121108339384
101159.97464985914	1000.0	543.7006591431618	0.0	0	0.0	1703.6753090023121	1	0	tensor(3)	1.160121108339384
102411.91582604301	1000.0	358.8121700259344	67.05268706663134	0	0.0	1770.7279960689484	1	0	tensor(3)	0.7541313663518232
103018.29075091987	1000.0	752.4372451490771	0.0	0	0.0	1770.7279960689484	1	0	tensor(3)	1.1564474887516112
104391.70767838227	2000.0	379.02031768667223	0.0	0	0.0	1770.7279960689484	1	0	tensor(3)	1.1564474887516112
105173.51165214511	1000.0	597.2163439238195	0.0	0	0.0	1770.7279960689484	1	0	tensor(3)	0.463300308191666
106083.11427667395	1000.0	687.6137193949749	0.0	0	0.0	1770.7279960689484	1	0	tensor(3)	1.1564474887516112
107049.41322502059	1000.0	721.3147710483352	0.0	0	0.0	1770.7279960689484	1	0	tensor(3)	1.1564474887516112
107941.57392305031	1000.0	829.1540730186011	0.0	0	0.0	1770.7279960689484	1	0	tensor(3)	1.1564474887516112
108853.87788986975	1000.0	916.8501061991574	0.0	0	0.0	1770.7279960689484	1	0	tensor(3)	1.1564474887516112
109698.1977939125	1000.0	1072.5302021564019	0.0	0	0.0	1770.7279960689484	1	0	tensor(3)	1.1564474887516112
110473.27927501447	1000.0	1297.448721054428	0.0	0	0.0	1770.7279960689339	1	0	tensor(3)	1.156447488751612
111614.19194928414	2000.0	1156.5360467847631	0.0	0	0.0	1770.7279960689339	1	0	tensor(3)	1.156447488751612
112460.64193164682	2000.0	1310.086064422074	0.0	0	0.0	1770.7279960689339	1	0	tensor(3)	1.8495946693115572
114168.92342949838	2000.0	601.8045665705101	0.0	0	0.0	1770.7279960689339	1	0	tensor(3)	1.8495946693115572
115467.80400472888	1000.0	310.27426721579366	7.350275875793869	0	0.0	1778.0782719447452	1	0	tensor(3)	0.4188747925421772
116369.24529238218	1000.0	524.6377477814619	115.80476821895002	0	0.0	1893.8830401636951	1	0	tensor(3)	0.4542159154735436
116930.82459701506	1000.0	963.058443148583	0.0	0	0.0	1893.8830401636806	1	0	tensor(3)	1.1490445247872445
117641.43518428924	1000.0	1252.4478558744029	0.0	0	0.0	1893.883040163666	1	0	tensor(3)	1.1490445247872456
118338.79157904122	2000.0	1555.0914611224043	0.0	0	0.0	1893.8830401636515	1	0	tensor(3)	1.1490445247872463
119748.19454451928	2000.0	1145.6884956443366	0.0	0	0.0	1893.8830401636515	1	0	tensor(3)	1.8421917053471915
120956.65249398226	2000.0	937.2305461813628	0.0	0	0.0	1893.8830401636515	1	0	tensor(3)	1.8421917053471915
122100.7874547236	2000.0	793.0955854400174	0.0	0	0.0	1893.883040163637	1	0	tensor(3)	1.8421917053471926
122874.51544034836	2000.0	1019.3675998152397	0.0	0	0.0	1893.883040163637	1	0	tensor(3)	1.8421917053471926
123820.12638448847	2000.0	1073.7566556751221	0.0	0	0.0	1893.883040163637	1	0	tensor(3)	1.8421917053471926
125143.41163060482	2000.0	750.4714095587552	0.0	0	0.0	1893.883040163637	1	0	tensor(3)	1.8421917053471926
125805.42549211298	1000.0	1088.4575480506114	0.0	0	0.0	1893.883040163637	1	0	tensor(3)	0.45589734422730227
126505.46260851773	1000.0	1388.4204316458588	0.0	0	0.0	1893.883040163637	1	0	tensor(3)	1.1490445247872474
127222.37207585602	1000.0	1671.510964307582	0.0	0	0.0	1893.883040163637	1	0	tensor(3)	1.1490445247872474
128200.0	1000.0	1693.883040163586	0.0	0	233.39399275384494	1893.8830401636224	1	0	tensor(3)	1.1490445247872483
129200.0	1000.0	1693.8830401635614	0.0	0	347.05541546123277	1893.8830401636224	1	0	tensor(3)	1.1490445247872483
130620.99024447105	2000.0	1272.8927956925252	0.0	0	0.0	1893.8830401636224	1	0	tensor(3)	1.1490445247872483
131525.01800324072	2000.0	1368.8650369228235	0.0	0	0.0	1893.8830401635933	1	0	tensor(3)	1.842191705347195
132305.4866164964	2000.0	1588.3964236671238	0.0	0	0.0	1893.8830401635787	1	0	tensor(3)	1.842191705347196
133291.46438395412	2000.0	1602.4186562093691	0.0	0	0.0	1893.8830401635496	1	0	tensor(3)	1.842191705347198
134351.33198378433	2000.0	1542.5510563791538	0.0	0	0.0	1893.8830401635496	1	0	tensor(3)	1.8421917053471981
135372.51841940117	2000.0	1521.364620762312	0.0	0	0.0	1893.8830401635496	1	0	tensor(3)	1.8421917053471981
136803.03252015755	2000.0	1090.8505200059449	0.0	0	0.0	1893.8830401635496	1	0	tensor(3)	1.8421917053471981
137801.42438257404	1000.0	1092.458657589458	0.0	0	0.0	1893.8830401635496	1	0	tensor(3)	0.4558973442273078
139164.16019198747	1000.0	729.7228481760455	0.0	0	0.0	1893.8830401635496	1	0	tensor(3)	1.149044524787253
139556.3877124714	500.0	1337.4953276921224	0.0	0	0.0	1893.8830401635496	1	0	tensor(3)	-0.23724983633263805
140530.39798321042	1000.0	1363.4850569530777	0.0	0	0.0	1893.8830401635496	1	0	tensor(3)	0.4558973442273076
141348.0235135506	1000.0	1545.8595266128707	0.0	0	0.0	1893.8830401635496	1	0	tensor(3)	1.149044524787253
142200.0	1000.0	1693.8830401634727	0.0	0	231.1606231809419	1893.8830401635496	1	0	tensor(3)	1.149044524787253
143365.46654061915	2000.0	1528.4164995443257	0.0	0	0.0	1893.8830401635496	1	0	tensor(3)	1.149044524787253
144200.0	2000.0	1693.8830401634893	0.0	0	100.36075330871972	1893.8830401635496	1	0	tensor(3)	1.8421917053471981
145200.0	2000.0	1693.8830401635234	0.0	0	230.97629461318138	1893.8830401635496	1	0	tensor(3)	1.8421917053471981
146430.54067149587	2000.0	1463.3423686676686	0.0	0	0.0	1893.8830401635787	1	0	tensor(3)	1.8421917053471961
147333.5211705518	2000.0	1560.361869611711	0.0	0	0.0	1893.8830401635787	1	0	tensor(3)	1.8421917053471961
148567.6431011526	2000.0	1326.2399390109485	0.0	0	0.0	1893.8830401635787	1	0	tensor(3)	1.8421917053471961
149365.79733633873	1000.0	1528.0857038248369	0.0	0	0.0	1893.8830401635787	1	0	tensor(3)	0.4558973442273059
150332.45806583363	1000.0	1561.42497432994	0.0	0	0.0	1893.8830401636078	1	0	tensor(3)	1.1490445247872492
151200.0	1000.0	1693.8830401635837	0.0	0	148.7947748900624	1893.8830401636078	1	0	tensor(3)	1.1490445247872492
152200.0	1000.0	1693.8830401636064	0.0	0	390.6271933898388	1893.883040163637	1	0	tensor(3)	1.1490445247872474
153200.0	1000.0	1693.8830401636212	0.0	0	508.1066610167909	1893.883040163637	1	0	tensor(3)	1.1490445247872474
154200.0	2000.0	1693.883040163621	0.0	0	280.2701454977796	1893.883040163637	1	0	tensor(3)	1.1490445247872474
155963.30017617912	3000.0	930.5828639845088	0.0	0	0.0	1893.883040163637	1	0	tensor(3)	1.8421917053471928
157241.30313596327	2000.0	652.5799042003487	0.0	0	0.0	1893.8830401636078	1	0	tensor(3)	1.4367265972390295
157850.4561795718	2000.0	1043.4268605918187	0.0	0	0.0	1893.8830401636078	1	0	tensor(3)	1.8421917053471941
158804.09501410223	2000.0	1089.7880260613597	0.0	0	0.0	1893.8830401636078	1	0	tensor(3)	1.8421917053471941
159575.85226338013	2000.0	1318.030776783454	0.0	0	0.0	1893.8830401636078	1	0	tensor(3)	1.8421917053471941
160976.83673300204	3000.0	917.0463071615509	0.0	0	0.0	1893.883040163637	1	0	tensor(3)	1.8421917053471935
162023.95195340345	2000.0	869.9310867601635	0.0	0	0.0	1893.883040163637	1	0	tensor(3)	1.436726597239028
162820.39158855422	2000.0	1073.491451609404	0.0	0	0.0	1893.883040163637	1	0	tensor(3)	1.8421917053471926
163570.75032372918	2000.0	1323.1327164344382	0.0	0	0.0	1893.883040163637	1	0	tensor(3)	1.8421917053471926
164961.15552085807	2000.0	932.727519305538	0.0	0	0.0	1893.883040163637	1	0	tensor(3)	1.8421917053471926
165820.46048903774	1000.0	1073.4225511258662	0.0	0	0.0	1893.883040163666	1	0	tensor(3)	0.4558973442273003
166690.61381217788	1000.0	1203.2692279857029	0.0	0	0.0	1893.883040163666	1	0	tensor(3)	1.1490445247872456
167306.20345605855	1000.0	1587.6795841050407	0.0	0	0.0	1893.883040163666	1	0	tensor(3)	1.1490445247872456
168330.8509340525	1000.0	1563.0321061110674	0.0	0	0.0	1893.883040163666	1	0	tensor(3)	1.1490445247872456
169439.32842831925	1000.0	1454.5546118442726	0.0	0	0.0	1893.883040163666	1	0	tensor(3)	1.1490445247872456
170304.4962646766	1000.0	1589.3867754869418	0.0	0	0.0	1893.8830401636951	1	0	tensor(3)	1.1490445247872436
171200.0	1000.0	1693.8830401635646	0.0	0	382.05500492465217	1893.8830401636951	1	0	tensor(3)	1.1490445247872436
172725.9867633391	2000.0	1167.8962768244546	0.0	0	0.0	1893.8830401637533	1	0	tensor(3)	1.149044524787241
173778.8932325641	1000.0	1114.9898075994533	0.0	0	0.0	1893.8830401637533	1	0	tensor(3)	0.455897344227294
175038.99960702102	1000.0	854.8834331425204	0.0	0	0.0	1893.8830401637533	1	0	tensor(3)	1.1490445247872398
175703.5060787699	1000.0	1190.3769613936538	0.0	0	0.0	1893.8830401637533	1	0	tensor(3)	1.1490445247872398
176529.25454289513	1000.0	1364.62849726842	0.0	0	0.0	1893.8830401637824	1	0	tensor(3)	1.149044524787238
177200.0	1000.0	1693.8830401635528	0.0	0	143.2367485157738	1893.8830401637824	1	0	tensor(3)	1.149044524787238
178449.3110731273	2000.0	1444.5719670362628	0.0	0	0.0	1893.8830401637824	1	0	tensor(3)	1.149044524787238
179316.02157191263	2000.0	1577.8614682508646	0.0	0	0.0	1893.8830401637824	1	0	tensor(3)	1.842191705347183
180200.0	2000.0	1693.8830401634834	0.0	0	4.555925917200511	1893.8830401637533	1	0	tensor(3)	1.842191705347185
182378.89254690224	2000.0	514.9904932612632	0.0	0	0.0	1893.8830401637824	1	0	tensor(3)	1.8421917053471848
182931.3751162602	1000.0	962.5079239032824	0.0	0	0.0	1893.8830401637824	1	0	tensor(3)	0.45589734422729294
183662.35030041967	1000.0	1231.5327397437977	0.0	0	0.0	1893.8830401637533	1	0	tensor(3)	1.1490445247872398
184669.49192395894	2000.0	1224.3911162045076	0.0	0	0.0	1893.8830401637533	1	0	tensor(3)	1.1490445247872398
185445.9359461946	1000.0	1447.9470939688367	0.0	0	0.0	1893.8830401637242	1	0	tensor(3)	0.4558973442272967
186879.13436779496	2000.0	1014.7486723684656	0.0	0	0.0	1893.8830401637242	1	0	tensor(3)	1.1490445247872418
188112.01692264105	2000.0	781.8661175223824	0.0	0	0.0	1893.8830401636951	1	0	tensor(3)	1.8421917053471888
189038.22216912403	1000.0	855.660871039422	0.0	0	0.0	1893.8830401636951	1	0	tensor(3)	0.4558973442272985
189569.33482532488	1000.0	1324.5482148385897	0.0	0	0.0	1893.8830401637242	1	0	tensor(3)	1.1490445247872418
190558.0246150847	2000.0	1335.8584250787521	0.0	0	0.0	1893.8830401637242	1	0	tensor(3)	1.1490445247872418
191200.0	1000.0	1693.883040163462	0.0	0	117.08404260134557	1893.8830401637533	1	0	tensor(3)	0.4558973442272948
192320.7906770536	2000.0	1573.092363109848	0.0	0	0.0	1893.8830401637533	1	0	tensor(3)	1.1490445247872398
193256.25003113158	2000.0	1637.6330090318668	0.0	0	0.0	1893.8830401637533	1	0	tensor(3)	1.842191705347185
194388.75768675475	2000.0	1505.12535340871	0.0	0	0.0	1893.8830401637533	1	0	tensor(3)	1.842191705347185
195393.35812357688	2000.0	1500.5249165865869	0.0	0	0.0	1893.8830401637824	1	0	tensor(3)	1.842191705347183
196783.24255198846	2000.0	1110.6404881750277	0.0	0	0.0	1893.8830401637824	1	0	tensor(3)	1.8421917053471821
197681.9529205995	1000.0	1211.9301195640066	0.0	0	0.0	1893.8830401637824	1	0	tensor(3)	0.45589734422729294
198486.28608335005	1000.0	1407.596956813456	0.0	0	0.0	1893.8830401637824	1	0	tensor(3)	1.149044524787238
199200.0	1000.0	1693.8830401635319	0.0	0	33.47404386731796	1893.8830401638115	1	0	tensor(3)	1.1490445247872363
200200.0	1000.0	1693.8830401635557	0.0	0	222.4047236541228	1893.8830401637824	1	0	tensor(3)	1.149044524787238
201899.07163441653	2000.0	994.8114057470557	0.0	0	0.0	1893.8830401638406	1	0	tensor(3)	1.1490445247872352
202422.27159367583	1000.0	1471.6114464877671	0.0	0	0.0	1893.8830401638697	1	0	tensor(3)	0.4558973442272889
203344.88503095554	2000.0	1548.9980092080345	0.0	0	0.0	1893.8830401638697	1	0	tensor(3)	1.1490445247872323
204200.0	1000.0	1693.8830401635614	0.0	0	185.63263066517538	1893.8830401638697	1	0	tensor(3)	0.4558973442272874
205200.0	2000.0	1693.8830401635678	0.0	0	163.6786354096257	1893.8830401638988	1	0	tensor(3)	1.1490445247872307
206200.0	2000.0	1693.883040163547	0.0	0	239.7710973446665	1893.8830401638988	1	0	tensor(3)	1.842191705347176
207889.95103545327	3000.0	1003.9320047102835	0.0	0	0.0	1893.8830401638697	1	0	tensor(3)	1.8421917053471777
209433.88360236512	2000.0	459.99943779840606	0.0	0	0.0	1893.8830401638697	1	0	tensor(3)	1.436726597239013
210599.80429588357	1000.0	431.89863099277727	137.81988671279242	0	0.0	2031.7029268766346	1	0	tensor(3)	-0.38042244689289306
211316.3427956401	500.0	715.3601312362614	0.0	0	0.0	2031.7029268766346	1	0	tensor(3)	-0.24665030717608447
211892.3995317126	500.0	1139.3033951637665	0.0	0	0.0	2031.7029268766346	1	0	tensor(3)	0.446496873383861
212899.44854775583	1000.0	1132.2543791205474	0.0	0	0.0	2031.7029268766346	1	0	tensor(3)	0.44649687338386107
213645.69042518135	1000.0	1386.012501695027	0.0	0	0.0	2031.7029268766346	1	0	tensor(3)	1.1396440539438064
214200.0	1000.0	1831.7029268763852	0.0	0	88.15082595712738	2031.7029268766346	1	0	tensor(3)	1.1396440539438064
215200.0	1000.0	1831.7029268763865	0.0	0	459.86782728115213	2031.7029268766346	1	0	tensor(3)	1.1396440539438064
216601.4891797594	2000.0	1430.2137471169945	0.0	0	0.0	2031.7029268766637	1	0	tensor(3)	1.1396440539438055
217462.36973194763	1000.0	1569.33319492878	0.0	0	0.0	2031.7029268766928	1	0	tensor(3)	0.4464968733838588
218464.74040910936	1000.0	1566.9625177670666	0.0	0	0.0	2031.7029268766928	1	0	tensor(3)	1.1396440539438022
219298.10848931692	1000.0	1733.5944375594875	0.0	0	0.0	2031.7029268766637	1	0	tensor(3)	1.1396440539438044
220200.0	1000.0	1831.7029268763622	0.0	0	224.40528858249309	2031.7029268766346	1	0	tensor(3)	1.1396440539438064
221200.0	2000.0	1831.7029268763497	0.0	0	211.7254606531642	2031.7029268766346	1	0	tensor(3)	1.1396440539438064
222301.66090647748	2000.0	1730.0420203988865	0.0	0	0.0	2031.7029268766346	1	0	tensor(3)	1.8327912345037518
223260.53799928635	2000.0	1771.164927589983	0.0	0	0.0	2031.7029268766055	1	0	tensor(3)	1.8327912345037536
224200.0	2000.0	1831.7029268763372	0.0	0	146.66445746607496	2031.7029268766055	1	0	tensor(3)	1.8327912345037536
225200.0	2000.0	1831.7029268763545	0.0	0	104.56674320972525	2031.7029268766055	1	0	tensor(3)	1.8327912345037536
226200.0	2000.0	1831.7029268763756	0.0	0	62.33450407750206	2031.7029268766055	1	0	tensor(3)	1.8327912345037536
227863.77076890794	2000.0	1167.932157968446	0.0	0	0.0	2031.7029268766055	1	0	tensor(3)	1.8327912345037536
228575.33255127317	1000.0	1456.3703756032128	0.0	0	0.0	2031.7029268766346	1	0	tensor(3)	0.4464968733838613
229363.6355143251	1000.0	1668.067412551301	0.0	0	0.0	2031.7029268766346	1	0	tensor(3)	1.1396440539438064
230200.0	1000.0	1831.7029268764145	0.0	0	111.17762894806219	2031.7029268766346	1	0	tensor(3)	1.1396440539438064
231200.0	1000.0	1831.7029268763956	0.0	0	418.9709974657744	2031.7029268766346	1	0	tensor(3)	1.1396440539438064
232200.0	1000.0	1831.702926876433	0.0	0	379.74396399373654	2031.7029268766637	1	0	tensor(3)	1.1396440539438044
233200.0	1000.0	1831.7029268764409	0.0	0	143.9176240163797	2031.7029268766637	1	0	tensor(3)	1.1396440539438044
234200.0	1000.0	1831.7029268764168	0.0	0	475.90881213831017	2031.7029268766637	1	0	tensor(3)	1.1396440539438044
235358.06102961084	2000.0	1673.6418972656081	0.0	0	0.0	2031.7029268766637	1	0	tensor(3)	1.1396440539438042
237025.69432731633	2000.0	1006.0085995601123	0.0	0	0.0	2031.7029268766637	1	0	tensor(3)	1.8327912345037496
237851.077033985	1000.0	1180.6258928914062	0.0	0	0.0	2031.7029268766928	1	0	tensor(3)	0.4464968733838571
239056.29525819476	2000.0	975.4076686816518	0.0	0	0.0	2031.7029268766928	1	0	tensor(3)	1.139644053943802
239871.2419525865	2000.0	1160.4609742899174	0.0	0	0.0	2031.7029268766928	1	0	tensor(3)	1.8327912345037474
240654.10138443552	2000.0	1377.6015424409188	0.0	0	0.0	2031.702926876722	1	0	tensor(3)	1.8327912345037454
241306.81352780486	2000.0	1724.8893990715958	0.0	0	0.0	2031.702926876722	1	0	tensor(3)	1.8327912345037454
242200.0	2000.0	1831.7029268764497	0.0	0	108.11769259677385	2031.702926876751	1	0	tensor(3)	1.8327912345037431
243200.0	2000.0	1831.7029268764584	0.0	0	34.24598147190409	2031.702926876722	1	0	tensor(3)	1.8327912345037454
244441.8882504454	3000.0	1589.8146764310486	0.0	0	0.0	2031.702926876722	1	0	tensor(3)	1.8327912345037456
245493.21934129202	2000.0	1538.4835855843987	0.0	0	0.0	2031.702926876751	1	0	tensor(3)	1.4273261263955803
247067.59626011943	2000.0	964.1066667569825	0.0	0	0.0	2031.702926876751	1	0	tensor(3)	1.8327912345037431
247691.41045983564	1000.0	1340.2924670407683	0.0	0	0.0	2031.702926876751	1	0	tensor(3)	0.4464968733838528
248561.68805832032	1000.0	1470.0148685560766	0.0	0	0.0	2031.702926876751	1	0	tensor(3)	1.139644053943798
249200.0	1000.0	1831.702926876382	0.0	0	80.70947668288136	2031.702926876751	1	0	tensor(3)	1.139644053943798
250200.0	1000.0	1831.702926876398	0.0	0	376.55745223350823	2031.702926876751	1	0	tensor(3)	1.139644053943798
251379.06151767678	1000.0	1652.6414091996128	0.0	0	0.0	2031.702926876751	1	0	tensor(3)	1.139644053943798
252200.0	1000.0	1831.7029268763977	0.0	0	340.3540031359298	2031.70292687678	1	0	tensor(3)	1.139644053943796
253938.82731175554	2000.0	1092.8756151208195	0.0	0	0.0	2031.702926876751	1	0	tensor(3)	1.139644053943798
254725.97860467344	1000.0	1305.7243222029053	0.0	0	0.0	2031.702926876722	1	0	tensor(3)	0.446496873383855
255787.79810456387	1000.0	1243.904822312476	0.0	0	0.0	2031.702926876722	1	0	tensor(3)	1.1396440539438002
256618.3201385836	1000.0	1413.3827882927233	0.0	0	0.0	2031.7029268766928	1	0	tensor(3)	1.1396440539438015
257782.16696015332	1000.0	1249.5359667230073	0.0	0	0.0	2031.7029268766928	1	0	tensor(3)	1.1396440539438022
258552.4600818963	1000.0	1479.2428449799863	0.0	0	0.0	2031.7029268766637	1	0	tensor(3)	1.1396440539438044
259260.44651252156	1000.0	1771.2564143547338	0.0	0	0.0	2031.7029268766637	1	0	tensor(3)	1.1396440539438044
260200.0	1000.0	1831.7029268763113	0.0	0	290.37818610473187	2031.7029268766637	1	0	tensor(3)	1.1396440539438044
261551.21755753545	2000.0	1480.48536934088	0.0	0	0.0	2031.7029268766346	1	0	tensor(3)	1.1396440539438064
262200.0	1000.0	1831.7029268762924	0.0	0	19.253466763533652	2031.7029268765764	1	0	tensor(3)	0.4464968733838639
264766.80931528425	2000.0	264.89361159208124	0.0	0	0.0	2031.7029268765473	1	0	tensor(3)	1.1396440539438115
265516.26469386707	1000.0	692.119667206593	176.68143419732482	0	0.0	2208.3843610738986	1	0	tensor(3)	-0.6276182417870448
266284.58752416016	1000.0	923.7968369134869	0.0	0	0.0	2208.3843610738986	1	0	tensor(3)	1.125617543956849
266796.1307691251	1000.0	1412.2535919484988	0.0	0	0.0	2208.384361073957	1	0	tensor(3)	1.125617543956844
267550.24067917105	2000.0	1658.1436819026057	0.0	0	0.0	2208.384361073957	1	0	tensor(3)	1.1256175439568439
268604.2281204921	2000.0	1604.1562405815976	0.0	0	0.0	2208.3843610738986	1	0	tensor(3)	1.8187647245167908
269717.9932943541	2000.0	1490.391066719565	0.0	0	0.0	2208.3843610738986	1	0	tensor(3)	1.818764724516796
270885.598811307	2000.0	1322.785549766695	0.0	0	0.0	2208.384361073782	1	0	tensor(3)	1.8187647245168033
271845.63800518116	2000.0	1362.7463558924924	0.0	0	0.0	2208.384361073782	1	0	tensor(3)	1.8187647245168042
273166.2819030086	2000.0	1042.102458065035	0.0	0	0.0	2208.384361073724	1	0	tensor(3)	1.8187647245168093
274621.50587663066	2000.0	586.8784844429608	0.0	0	0.0	2208.384361073666	1	0	tensor(3)	1.8187647245168144
275324.9673645827	1000.0	883.4169964909356	0.0	0	0.0	2208.384361073666	1	0	tensor(3)	0.43247036339692396
276082.5501462707	1000.0	1125.834214802885	0.0	0	0.0	2208.384361073666	1	0	tensor(3)	1.1256175439568692
276829.38193702715	1000.0	1379.0024240464045	0.0	0	0.0	2208.384361073666	1	0	tensor(3)	1.1256175439568692
277345.7787762648	1000.0	1862.6055848087806	0.0	0	0.0	2208.384361073666	1	0	tensor(3)	1.1256175439568692
278722.90911706164	2000.0	1485.4752440118991	0.0	0	0.0	2208.3843610736076	1	0	tensor(3)	1.1256175439568712
279316.54063387105	1000.0	1891.8437272025008	0.0	0	0.0	2208.3843610736076	1	0	tensor(3)	0.43247036339692896
280200.0	1000.0	2008.3843610735057	0.0	0	209.50860495655797	2208.3843610736076	1	0	tensor(3)	1.125617543956874
281314.4039455067	2000.0	1893.9804155667382	0.0	0	0.0	2208.3843610736076	1	0	tensor(3)	1.125617543956874
282223.8022415113	2000.0	1984.58211956218	0.0	0	0.0	2208.3843610736076	1	0	tensor(3)	1.8187647245168193
283200.0	2000.0	2008.3843610734898	0.0	0	86.02404587267665	2208.3843610736076	1	0	tensor(3)	1.8187647245168193
284850.03973747144	2000.0	1358.3446236020693	0.0	0	0.0	2208.384361073666	1	0	tensor(3)	1.8187647245168144
286756.63478010194	2000.0	451.7495809716066	0.0	0	0.0	2208.3843610736076	1	0	tensor(3)	1.8187647245168193
287765.14951780083	1000.0	443.2348432728228	0.0	0	0.0	2208.3843610736076	1	0	tensor(3)	0.43247036339692896
288497.89753426076	500.0	710.4868268129555	0.0	0	0.0	2208.3843610736076	1	0	tensor(3)	-0.26067681716301694
289162.7761012631	1000.0	1045.60825981062	0.0	0	0.0	2208.384361073666	1	0	tensor(3)	0.43247036339692374
289957.89216991985	1000.0	1250.4921911538709	0.0	0	0.0	2208.384361073666	1	0	tensor(3)	1.1256175439568692
290564.8625457203	1000.0	1643.5218153533951	0.0	0	0.0	2208.384361073666	1	0	tensor(3)	1.1256175439568692
291855.67499914457	2000.0	1352.7093619291038	0.0	0	0.0	2208.384361073666	1	0	tensor(3)	1.125617543956869
292853.52050228463	2000.0	1354.8638587889936	0.0	0	0.0	2208.3843610736076	1	0	tensor(3)	1.8187647245168193
293718.2628260083	2000.0	1490.1215350652642	0.0	0	0.0	2208.3843610736076	1	0	tensor(3)	1.8187647245168193
294777.45286861603	2000.0	1430.931492457542	0.0	0	0.0	2208.3843610735494	1	0	tensor(3)	1.818764724516822
295803.8016632377	2000.0	1404.5826978359228	0.0	0	0.0	2208.3843610736076	1	0	tensor(3)	1.8187647245168193
297247.3246966139	2000.0	961.0596644597563	0.0	0	0.0	2208.3843610736076	1	0	tensor(3)	1.8187647245168193
298557.5353728961	2000.0	650.8489881775203	0.0	0	0.0	2208.3843610736076	1	0	tensor(3)	1.8187647245168193
299550.8164370554	1000.0	657.5679240182234	0.0	0	0.0	2208.384361073666	1	0	tensor(3)	0.43247036339692696
300204.98867787974	1000.0	1003.395683193879	0.0	0	0.0	2208.384361073666	1	0	tensor(3)	1.1256175439568692
300802.90151514846	1000.0	1405.4828459250964	0.0	0	0.0	2208.384361073666	1	0	tensor(3)	1.1256175439568692
301600.2061505393	1000.0	1608.178210534365	0.0	0	0.0	2208.384361073666	1	0	tensor(3)	1.1256175439568692
302558.5384381203	2000.0	1649.8459229533303	0.0	0	0.0	2208.384361073724	1	0	tensor(3)	1.125617543956864
303274.9862964535	2000.0	1933.3980646200696	0.0	0	0.0	2208.384361073724	1	0	tensor(3)	1.8187647245168093
305193.9845031194	3000.0	1014.3998579540735	0.0	0	0.0	2208.384361073724	1	0	tensor(3)	1.8187647245168095
3.31	1.93	1.92	2.17	2.84	2.59	2.95	2.56	1.97	2.43	1.7	1.22	1.18	1.56	1.11	1.0	1.54	2.2	1.59	1.17	0.92	1.15	1.54	1.75	1.91	2.47	1.71	1.03	1.11	1.52	1.96	1.64	1.76	1.6	1.53	1.46	1.71	1.63	1.95	2.31	1.89	1.68	1.26	1.45	1.66	1.54	1.75	1.32	1.56	1.64	2.1	2.73	3.27	1.75	1.14	0.93	0.66	0.74	0.78	1.24	1.75	1.78	1.19	1.23	0.95	1.39	1.85	2.27	1.68	2.02	2.36	2.27	1.55	1.11	1.38	1.25	1.15	1.46	1.17	1.44	2.09	1.91	1.56	1.42	1.7	2.28	2.22	2.59	2.28	2.75	2.41	1.98	1.23	1.19	1.41	1.47	1.26	0.89	1.85	1.55	1.42	1.19	0.95	1.0	1.02	1.48	1.97	1.97	1.74	1.0	0.49	0.95	1.54	2.24	1.58	1.76	2.0	2.11	2.04	1.49	1.45	1.46	1.58	1.61	1.66	1.49	1.8	2.17	2.29	2.22	1.47	1.52	1.27	1.2	0.82	1.26	1.42	1.9	2.14	2.51	2.36	2.15	1.98	1.55	1.14	1.2	1.24	1.39	1.95	3.01	3.31	1.93	1.92	2.17	2.84	2.59	2.95	2.56	1.97	2.43	1.7	1.22	1.18	1.56	1.11	1.0	1.54	2.2	1.59	1.17	0.92	1.15	1.54	1.75	1.91	2.47	1.71	1.03	1.11	1.52	1.96	1.64	1.76	1.6	1.53	1.46	1.71	1.63	1.95	2.31	1.89	1.68	1.26	1.45	1.66	1.54	1.75	1.32	1.56	1.64	2.1	2.73	3.27	1.75	1.14	0.93	0.66	0.74	0.78	1.24	1.75	1.78	1.19	1.23	0.95	1.39	1.85	2.27	1.68	2.02	2.36	2.27	1.55	1.11	1.38	1.25	1.15	1.46	1.17	1.44	2.09	1.91	1.56	1.42	1.7	2.28	2.22	2.59	2.28	2.75	2.41	1.98	1.23	1.19	1.41	1.47	1.26	0.89	1.85	1.55	1.42	1.19	0.95	1.0	1.02	1.48	1.97	1.97	1.74	1.0	0.49	0.95	1.54	2.24	1.58	1.76	2.0	2.11	2.04	1.49	1.45	1.46	1.58	1.61	1.66	1.49	1.8	2.17	2.29	2.22	1.47	1.52	1.27	1.2	0.82	1.26	1.42	1.9	2.14	2.51	2.36	2.15	1.98	1.55	1.14	1.2	1.24	1.39	1.95	3.01	3.31	1.93	1.92	2.17
1.0	2.0	3.0	4.0	5.0	6.0	7.0	8.0	9.0	10.0	11.0	12.0	13.0	14.0	15.0	16.0	17.0	18.0	19.0	20.0	21.0	22.0	23.0	24.0	25.0	26.0	27.0	28.0	29.0	30.0	31.0	32.0	33.0	34.0	35.0	36.0	37.0	38.0	39.0	40.0	41.0	42.0	43.0	44.0	45.0	46.0	47.0	48.0	49.0	50.0	51.0	52.0	53.0	54.0	55.0	56.0	57.0	58.0	59.0	60.0	61.0	62.0	63.0	64.0	65.0	66.0	67.0	68.0	69.0	70.0	71.0	72.0	73.0	74.0	75.0	76.0	77.0	78.0	79.0	80.0	81.0	82.0	83.0	84.0	85.0	86.0	87.0	88.0	89.0	90.0	91.0	92.0	93.0	94.0	95.0	96.0	97.0	98.0	99.0	100.0	101.0	102.0	103.0	104.0	105.0	106.0	107.0	108.0	109.0	110.0	111.0	112.0	113.0	114.0	115.0	116.0	117.0	118.0	119.0	120.0	121.0	122.0	123.0	124.0	125.0	126.0	127.0	128.0	129.0	130.0	131.0	132.0	133.0	134.0	135.0	136.0	137.0	138.0	139.0	140.0	141.0	142.0	143.0	144.0	145.0	146.0	147.0	148.0	149.0	149.0	150.0	151.0	152.0	153.0	154.0	155.0	156.0	157.0	158.0	159.0	160.0	161.0	162.0	163.0	164.0	165.0	166.0	167.0	168.0	169.0	170.0	171.0	172.0	173.0	174.0	175.0	176.0	177.0	178.0	179.0	180.0	181.0	182.0	183.0	184.0	185.0	186.0	187.0	188.0	189.0	190.0	191.0	192.0	193.0	194.0	195.0	196.0	197.0	198.0	199.0	200.0	201.0	202.0	203.0	204.0	205.0	206.0	207.0	208.0	209.0	210.0	211.0	212.0	213.0	214.0	215.0	216.0	217.0	218.0	219.0	220.0	221.0	222.0	223.0	224.0	225.0	226.0	227.0	228.0	229.0	230.0	231.0	232.0	233.0	234.0	235.0	236.0	237.0	238.0	239.0	240.0	241.0	242.0	243.0	244.0	245.0	246.0	247.0	248.0	249.0	250.0	251.0	252.0	253.0	254.0	255.0	256.0	257.0	258.0	259.0	260.0	261.0	262.0	263.0	264.0	265.0	266.0	267.0	268.0	269.0	270.0	271.0	272.0	273.0	274.0	275.0	276.0	277.0	278.0	279.0	280.0	281.0	282.0	283.0	284.0	285.0	286.0	287.0	288.0	289.0	290.0	291.0	292.0	293.0	294.0	295.0	296.0	297.0	298.0	298.0	299.0	300.0	301.0	302.0
4366.484532353974
