5527.498074510064	300.0	2000.0	306.0389912231839	0	0.0	3527.498074510064	1	0	tensor(6)	-8.117313209620406
6159.304961127578	1000.0	2368.193113382485	0.0	0	0.0	3527.4980745100634	1	0	tensor(3)	-0.30134359274259165
7387.701258012362	2000.0	2139.796816497701	0.0	0	0.0	3527.498074510063	1	0	tensor(3)	0.9026292115833445
8390.606651237636	2000.0	2136.8914232724264	0.0	0	0.0	3527.498074510063	1	0	tensor(3)	1.5957763921432897
9798.706890834359	2000.0	1728.791183675704	0.0	0	0.0	3527.498074510062	1	0	tensor(3)	1.59577639214329
11234.823933806103	2000.0	1292.6741407039594	0.0	0	0.0	3527.498074510061	1	0	tensor(3)	1.59577639214329
11716.815565793888	1000.0	1810.6825087161749	0.0	0	0.0	3527.498074510061	1	0	tensor(3)	0.2094820310233998
13117.535898950182	2000.0	1409.9621755598794	0.0	0	0.0	3527.4980745100584	1	0	tensor(3)	0.9026292115833454
14152.820373364251	2000.0	1374.6777011458116	0.0	0	0.0	3527.4980745100584	1	0	tensor(3)	1.595776392143291
14916.870628254845	2000.0	1610.6274462552178	0.0	0	0.0	3527.4980745100584	1	0	tensor(3)	1.595776392143291
15885.513184661197	3000.0	1641.9848898488658	0.0	0	0.0	3527.4980745100584	1	0	tensor(3)	1.5957763921432913
17269.96710769039	3000.0	1257.5309668196696	0.0	0	0.0	3527.4980745100565	1	0	tensor(3)	2.0012415002514565
18207.291754479193	2000.0	1320.2063200308655	0.0	0	0.0	1527.4980745100547	1	0	tensor(6)	-4.543613816161699
19240.710973080044	2000.0	1286.7871014300167	0.0	0	0.0	1527.4980745100547	1	0	tensor(3)	1.8618512919464656
20455.205444141335	2000.0	1072.2926303687263	0.0	0	0.0	1527.4980745100547	1	0	tensor(3)	1.8618512919464656
21200.0	2000.0	1327.4980745100636	0.0	0	0.8057424826001807	1527.4980745100547	1	0	tensor(3)	1.8618512919464656
22256.223147047684	2000.0	1271.2749274623825	0.0	0	0.0	1527.4980745100547	1	0	tensor(3)	1.8618512919464656
23200.0	2000.0	1327.4980745100627	0.0	0	242.80692278362767	1527.4980745100547	1	0	tensor(3)	1.8618512919464656
24221.661446760307	3000.0	1305.8366277497553	0.0	0	0.0	1527.4980745100547	1	0	tensor(3)	1.8618512919464658
25200.0	2000.0	1327.4980745100609	0.0	0	153.52752907756803	1527.4980745100547	1	0	tensor(3)	1.456386183838301
26349.14673011213	2000.0	1178.3513443979327	0.0	0	0.0	1527.4980745100547	1	0	tensor(3)	1.8618512919464656
28420.960670566375	2000.0	200.0	93.46259605631536	0	0.0	1620.9606705663682	1	0	tensor(3)	1.2991239901305067
29158.207590475045	1000.0	616.9281211807045	154.17504108937186	0	0.0	1775.135711655741	1	0	tensor(3)	-0.46199991299445514
29980.357983057733	1000.0	794.7777285980147	0.0	0	0.0	1775.135711655741	1	0	tensor(3)	1.1561975141017213
30513.25078124245	1000.0	1261.8849304132982	0.0	0	0.0	1775.135711655741	1	0	tensor(3)	1.1561975141017213
32254.389700807533	2000.0	520.7460108482132	0.0	0	0.0	1775.135711655741	1	0	tensor(3)	1.1561975141017213
33082.53571479651	1000.0	692.5999968592408	0.0	0	0.0	1775.135711655752	1	0	tensor(3)	0.463050333541776
33715.94322222119	1000.0	1059.1924894345561	0.0	0	0.0	1775.1357116557447	1	0	tensor(3)	1.1561975141017211
34531.835548873576	1000.0	1243.3001627821652	0.0	0	0.0	1775.1357116557374	1	0	tensor(3)	1.1561975141017218
35779.95807303524	2000.0	995.177638620498	0.0	0	0.0	1775.1357116557338	1	0	tensor(3)	1.1561975141017218
37272.75521952887	2000.0	502.3804921268691	0.0	0	0.0	1775.135711655741	1	0	tensor(3)	1.8493446946616665
38049.2453905332	1000.0	725.8903211225348	0.0	0	0.0	1775.135711655741	1	0	tensor(3)	0.4630503335417762
39017.56161261665	2000.0	757.574099039084	0.0	0	0.0	1775.135711655741	1	0	tensor(3)	1.1561975141017213
39907.04999617885	2000.0	868.0857154768884	0.0	0	0.0	1775.135711655741	1	0	tensor(3)	1.8493446946616665
41108.00422628329	2000.0	667.1314853724521	0.0	0	0.0	1775.1357116557338	1	0	tensor(3)	1.8493446946616672
42094.69898417103	2000.0	680.4367274847099	0.0	0	0.0	1775.1357116557338	1	0	tensor(3)	1.8493446946616672
42716.43589463102	2000.0	1058.6998170247211	0.0	0	0.0	1775.1357116557338	1	0	tensor(3)	1.8493446946616672
43483.3134982987	2000.0	1291.8222133570384	0.0	0	0.0	1775.1357116557338	1	0	tensor(3)	1.8493446946616672
44200.0	2000.0	1575.1357116557504	0.0	0	67.8428301374006	1775.1357116557338	1	0	tensor(3)	1.8493446946616672
45209.14159293236	2000.0	1565.9941187233817	0.0	0	12.809367126690631	1775.1357116557338	1	0	tensor(3)	1.8493446946616672
47052.64669814562	2000.0	722.4890135101269	0.0	0	0.0	1775.1357116557338	1	0	tensor(3)	1.8493446946616672
48223.894714027454	2000.0	551.240997628289	0.0	0	0.0	1775.1357116557338	1	0	tensor(3)	1.8493446946616672
49317.156463006526	1000.0	578.721792467786	120.74254381856565	0	0.0	1895.878255474301	1	0	tensor(3)	-0.26868527326985925
50133.50461143219	1000.0	762.3736440421294	0.0	0	0.0	1895.878255474301	1	0	tensor(3)	1.1489171702014798
51098.486529614005	2000.0	797.3917258603142	0.0	0	0.0	1895.878255474301	1	0	tensor(3)	1.14891717020148
52005.93966692879	2000.0	889.9385885455296	0.0	0	0.0	1895.878255474301	1	0	tensor(3)	1.8420643507614252
53008.19219863651	2000.0	887.6860568377955	0.0	0	0.0	1895.878255474301	1	0	tensor(3)	1.8420643507614252
53962.42970209052	2000.0	933.4485533837839	0.0	0	0.0	1895.878255474301	1	0	tensor(3)	1.8420643507614252
54987.33263277791	2000.0	908.5456226963958	0.0	0	0.0	1895.878255474301	1	0	tensor(3)	1.8420643507614252
55750.528731504266	2000.0	1145.3495239700358	0.0	0	0.0	1895.878255474301	1	0	tensor(3)	1.8420643507614252
56698.85396330418	2000.0	1197.0242921701138	0.0	0	0.0	1895.878255474301	1	0	tensor(3)	1.8420643507614252
57776.64762182492	2000.0	1119.230633649382	0.0	0	0.0	1895.878255474301	1	0	tensor(3)	1.8420643507614252
59282.39987347279	2000.0	613.4783820015191	0.0	0	0.0	1895.878255474301	1	0	tensor(3)	1.8420643507614252
60175.74719417169	1000.0	720.1310613026163	0.0	0	0.0	1895.878255474301	1	0	tensor(3)	0.4557699896415347
61013.49017561133	1000.0	882.3880798629602	0.0	0	0.0	1895.878255474301	1	0	tensor(3)	1.1489171702014798
61759.809703119965	1000.0	1136.0685523543311	0.0	0	0.0	1895.878255474301	1	0	tensor(3)	1.1489171702014798
62534.73029347314	1000.0	1361.1479620011517	0.0	0	0.0	1895.878255474301	1	0	tensor(3)	1.1489171702014798
63401.85685477677	1000.0	1494.0214006975211	0.0	0	0.0	1895.8782554742938	1	0	tensor(3)	1.1489171702014802
64200.0	1000.0	1695.8782554742972	0.0	0	38.7812697901245	1895.8782554742938	1	0	tensor(3)	1.1489171702014802
65200.0	1000.0	1695.8782554742909	0.0	0	326.0467486833513	1895.8782554742938	1	0	tensor(3)	1.1489171702014802
66200.0	1000.0	1695.8782554742927	0.0	0	230.3409634316049	1895.8782554742938	1	0	tensor(3)	1.14891717020148
67200.0	1000.0	1695.8782554742832	0.0	0	386.8802631578874	1895.8782554742866	1	0	tensor(3)	1.1489171702014804
68200.0	1000.0	1695.878255474287	0.0	0	373.43381109552865	1895.8782554742938	1	0	tensor(3)	1.1489171702014802
69200.0	1000.0	1695.8782554743034	0.0	0	305.0150234605535	1895.8782554742938	1	0	tensor(3)	1.1489171702014802
70342.93130362667	1000.0	1552.9469518476346	0.0	0	0.0	1895.8782554742938	1	0	tensor(3)	1.1489171702014802
71220.98570630998	1000.0	1674.892549164332	0.0	0	0.0	1895.8782554742938	1	0	tensor(3)	1.1489171702014802
72693.73140625677	2000.0	1202.1468492175386	0.0	0	0.0	1895.8782554742938	1	0	tensor(3)	1.1489171702014802
73200.0	1000.0	1695.8782554742963	0.0	0	6.193531556244125	1895.8782554742793	1	0	tensor(3)	0.45576998964153603
74200.0	1000.0	1695.8782554742959	0.0	0	451.33835419766547	1895.8782554742647	1	0	tensor(3)	1.148917170201482
75641.54875081817	2000.0	1254.329504656116	0.0	0	0.0	1895.8782554742647	1	0	tensor(3)	1.1489171702014822
76820.4985231704	2000.0	1075.379732303871	0.0	0	0.0	1895.8782554742647	1	0	tensor(3)	1.8420643507614274
77960.18110985393	2000.0	935.6971456203426	0.0	0	0.0	1895.8782554742647	1	0	tensor(3)	1.8420643507614274
79597.05800421021	2000.0	298.8202512640654	0.0	0	0.0	1895.8782554742647	1	0	tensor(3)	1.8420643507614274
80166.04728155398	1000.0	729.8309739203028	0.0	0	0.0	1895.8782554742647	1	0	tensor(3)	0.45576998964153703
81273.65945723344	2000.0	622.2187982408537	0.0	0	0.0	1895.8782554742647	1	0	tensor(3)	1.1489171702014822
82314.18025213628	2000.0	581.6980033380078	0.0	0	0.0	1895.8782554742647	1	0	tensor(3)	1.8420643507614274
83233.1852237405	1000.0	662.6930317338075	0.0	0	0.0	1895.8782554742793	1	0	tensor(3)	0.45576998964153603
84033.2860003828	1000.0	862.5922550915166	0.0	0	0.0	1895.8782554742793	1	0	tensor(3)	1.1489171702014813
84621.638676115	1000.0	1274.2395793592984	0.0	0	0.0	1895.8782554742793	1	0	tensor(3)	1.1489171702014813
85374.98907078941	1000.0	1520.8891846848965	0.0	0	0.0	1895.8782554742793	1	0	tensor(3)	1.1489171702014813
86806.11240186373	2000.0	1089.7658536105562	0.0	0	0.0	1895.8782554742793	1	0	tensor(3)	1.148917170201481
87264.30629651657	1000.0	1631.5719589577152	0.0	0	0.0	1895.8782554742647	1	0	tensor(3)	0.45576998964153703
88200.0	2000.0	1695.8782554742886	0.0	0	82.83381503433338	1895.8782554742647	1	0	tensor(3)	1.1489171702014822
89200.0	2000.0	1695.8782554742918	0.0	0	46.32116605788178	1895.8782554742793	1	0	tensor(3)	1.8420643507614263
90315.79597912154	2000.0	1580.082276352767	0.0	0	0.0	1895.8782554742793	1	0	tensor(3)	1.8420643507614263
91200.0	1000.0	1695.8782554743116	0.0	0	79.45424176771485	1895.8782554742793	1	0	tensor(3)	0.45576998964153603
92617.28075846704	2000.0	1278.5974970072675	0.0	0	0.0	1895.8782554742793	1	0	tensor(3)	1.148917170201481
93981.39936652877	2000.0	914.4788889455165	0.0	0	0.0	1895.8782554742793	1	0	tensor(3)	1.8420643507614263
94753.21711612729	1000.0	1142.6611393470062	0.0	0	0.0	1895.8782554742793	1	0	tensor(3)	0.45576998964153603
95431.66645761541	1000.0	1464.211797858878	0.0	0	0.0	1895.8782554742793	1	0	tensor(3)	1.1489171702014813
96506.55012325021	1000.0	1389.328132224076	0.0	0	0.0	1895.8782554742793	1	0	tensor(3)	1.1489171702014813
97541.86151207298	1000.0	1354.016743401315	0.0	0	0.0	1895.8782554742647	1	0	tensor(3)	1.1489171702014822
98528.05935377281	1000.0	1367.8189017014925	0.0	0	0.0	1895.8782554742647	1	0	tensor(3)	1.1489171702014822
99296.10298900824	1000.0	1599.775266466064	0.0	0	0.0	1895.8782554742647	1	0	tensor(3)	1.1489171702014822
100410.75533096121	1000.0	1485.122924513098	0.0	0	0.0	1895.8782554742647	1	0	tensor(3)	1.1489171702014822
101373.72394417143	1000.0	1522.1543113028679	0.0	0	0.0	1895.8782554742647	1	0	tensor(3)	1.1489171702014822
102219.3786021185	1000.0	1676.499653355812	0.0	0	0.0	1895.8782554742647	1	0	tensor(3)	1.1489171702014822
103200.0	1000.0	1695.87825547431	0.0	0	123.08718282199698	1895.8782554742793	1	0	tensor(3)	1.1489171702014813
104200.0	1000.0	1695.8782554743168	0.0	0	326.25916822082945	1895.8782554742793	1	0	tensor(3)	1.1489171702014813
105202.52238371302	1000.0	1693.3558717613084	0.0	0	0.0	1895.8782554742793	1	0	tensor(3)	1.1489171702014813
106200.0	1000.0	1695.8782554743213	0.0	0	215.14352644930477	1895.8782554742938	1	0	tensor(3)	1.1489171702014802
107200.0	1000.0	1695.878255474312	0.0	0	32.35264585024561	1895.8782554742793	1	0	tensor(3)	1.1489171702014813
108200.0	1000.0	1695.8782554743161	0.0	0	254.0315472423099	1895.8782554742793	1	0	tensor(3)	1.1489171702014813
109340.17048621182	1000.0	1555.707769262494	0.0	0	0.0	1895.8782554742647	1	0	tensor(3)	1.1489171702014822
110417.58044091635	1000.0	1478.2978145579445	0.0	0	0.0	1895.8782554742647	1	0	tensor(3)	1.1489171702014822
111481.3719967071	1000.0	1414.5062587672135	0.0	0	0.0	1895.8782554742647	1	0	tensor(3)	1.1489171702014822
112200.0	1000.0	1695.8782554743004	0.0	0	98.45091059130209	1895.8782554742647	1	0	tensor(3)	1.1489171702014822
113200.0	1000.0	1695.878255474295	0.0	0	351.41123548570613	1895.8782554742647	1	0	tensor(3)	1.1489171702014822
114716.24866202805	2000.0	1179.6295934462382	0.0	0	0.0	1895.8782554742647	1	0	tensor(3)	1.1489171702014822
115553.2868995978	1000.0	1342.5913558764923	0.0	0	0.0	1895.8782554742647	1	0	tensor(3)	0.45576998964153703
116549.7867754786	1000.0	1346.0914799956922	0.0	0	0.0	1895.8782554742502	1	0	tensor(3)	1.148917170201483
117312.22925009354	1000.0	1583.6490053807518	0.0	0	0.0	1895.8782554742647	1	0	tensor(3)	1.1489171702014822
118200.0	2000.0	1695.878255474296	0.0	0	8.841965103900293	1895.8782554742793	1	0	tensor(3)	1.148917170201481
119413.77239020664	2000.0	1482.1058652676634	0.0	0	0.0	1895.8782554742793	1	0	tensor(3)	1.8420643507614263
120200.0	2000.0	1695.878255474304	0.0	0	17.983990750581142	1895.8782554742793	1	0	tensor(3)	1.8420643507614263
121200.0	2000.0	1695.878255474302	0.0	0	335.5746041529783	1895.8782554742793	1	0	tensor(3)	1.8420643507614263
122225.53019243751	2000.0	1670.3480630367987	0.0	0	0.0	1895.8782554742793	1	0	tensor(3)	1.8420643507614263
123200.0	2000.0	1695.8782554743032	0.0	0	198.9902397866099	1895.8782554742647	1	0	tensor(3)	1.8420643507614274
124347.47604254966	2000.0	1548.4022129246428	0.0	0	0.0	1895.8782554742647	1	0	tensor(3)	1.8420643507614274
125358.7245326546	2000.0	1537.1537228197133	0.0	0	0.0	1895.8782554742647	1	0	tensor(3)	1.8420643507614274
126885.38772138262	2000.0	1010.4905340916936	0.0	0	0.0	1895.8782554742647	1	0	tensor(3)	1.8420643507614274
128177.76238667566	2000.0	718.1158687986597	0.0	0	0.0	1895.8782554742647	1	0	tensor(3)	1.8420643507614274
129138.61924886977	2000.0	757.2590066045393	0.0	0	0.0	1895.8782554742647	1	0	tensor(3)	1.8420643507614274
129961.9978632965	1000.0	933.8803921778051	0.0	0	0.0	1895.8782554742647	1	0	tensor(3)	0.45576998964153703
130559.812256281	1000.0	1336.0659991933164	0.0	0	0.0	1895.8782554742793	1	0	tensor(3)	1.1489171702014813
131551.09467869802	1000.0	1344.7835767763122	0.0	0	0.0	1895.8782554743084	1	0	tensor(3)	1.1489171702014802
132250.65272135864	1000.0	1645.2255341157024	0.0	0	0.0	1895.8782554743084	1	0	tensor(3)	1.14891717020148
133200.0	1000.0	1695.8782554743368	0.0	0	354.8559578398126	1895.878255474323	1	0	tensor(3)	1.148917170201479
134200.0	1000.0	1695.8782554743302	0.0	0	302.26180773050874	1895.878255474323	1	0	tensor(3)	1.1489171702014784
135450.27414906694	2000.0	1445.6041064073881	0.0	0	0.0	1895.8782554742938	1	0	tensor(3)	1.1489171702014802
136516.68747184146	2000.0	1379.1907836328533	0.0	0	0.0	1895.8782554742938	1	0	tensor(3)	1.8420643507614254
137222.18232846868	2000.0	1673.695927005637	0.0	0	0.0	1895.878255474323	1	0	tensor(3)	1.8420643507614234
138220.94488823647	3000.0	1674.9333672378593	0.0	0	0.0	1895.878255474323	1	0	tensor(3)	1.8420643507614236
139603.63447161295	3000.0	1292.2437838613805	0.0	0	0.0	1895.878255474352	1	0	tensor(3)	2.2475294588695864
141068.47459837378	2000.0	827.403657100569	0.0	0	0.0	1895.878255474352	1	0	tensor(3)	1.4365992426532572
142625.66643991618	2000.0	332.8088350690758	62.59701951091779	0	0.0	1958.4752749852778	1	0	tensor(3)	1.4623593032585256
143896.9762248808	2000.0	340.3826180979409	278.8835679935175	0	0.0	2237.358842978778	1	0	tensor(3)	0.14292791702688212
144761.22298366672	1000.0	543.0810893430353	66.94523003103808	0	0.0	2304.3040730098146	1	0	tensor(3)	0.022130463196442962
145212.54241180763	1000.0	1091.761661202116	0.0	0	0.0	2304.3040730098146	1	0	tensor(3)	1.1169490239426167
146331.4394297375	2000.0	972.8646432722219	0.0	0	0.0	2304.3040730097855	1	0	tensor(3)	1.1169490239426194
147216.48153816193	2000.0	1087.8225348478218	0.0	0	0.0	2304.3040730097855	1	0	tensor(3)	1.8100962045025646
148046.59275200297	2000.0	1257.7113210068035	0.0	0	0.0	2304.3040730097855	1	0	tensor(3)	1.8100962045025646
148922.09225109708	3000.0	1382.2118219126914	0.0	0	0.0	2304.3040730097855	1	0	tensor(3)	1.8100962045025648
150169.87476305498	3000.0	1134.4293099547788	0.0	0	0.0	2304.3040730097564	1	0	tensor(3)	2.215561312610732
151236.9731631901	2000.0	1067.33090981966	0.0	0	0.0	2304.3040730097855	1	0	tensor(3)	1.4046310963944
152334.5840147544	2000.0	969.7200582553567	0.0	0	0.0	2304.3040730097855	1	0	tensor(3)	1.8100962045025646
152951.5035710816	2000.0	1352.8005019281545	0.0	0	0.0	2304.3040730098146	1	0	tensor(3)	1.8100962045025617
153799.61204460228	2000.0	1504.692028407462	0.0	0	0.0	2304.3040730097855	1	0	tensor(3)	1.8100962045025646
154840.21030926626	2000.0	1464.0937637434806	0.0	0	0.0	2304.3040730097855	1	0	tensor(3)	1.8100962045025646
155976.68597484272	2000.0	1327.6180981670022	0.0	0	0.0	2304.3040730097855	1	0	tensor(3)	1.8100962045025646
157636.44036528934	2000.0	667.8637077203639	0.0	0	0.0	2304.3040730097855	1	0	tensor(3)	1.8100962045025646
158221.87030201766	1000.0	1082.4337709920253	0.0	0	0.0	2304.3040730098146	1	0	tensor(3)	0.423801843382672
159227.01080822202	2000.0	1077.293264787672	0.0	0	0.0	2304.3040730098437	1	0	tensor(3)	1.1169490239426139
160010.558523556	1000.0	1293.7455494536955	0.0	0	0.0	2304.3040730098437	1	0	tensor(3)	0.4238018433826687
161366.52835772885	2000.0	937.7757152808823	0.0	0	0.0	2304.3040730098437	1	0	tensor(3)	1.1169490239426139
162504.19495689322	2000.0	800.109116116509	0.0	0	0.0	2304.304073009873	1	0	tensor(3)	1.8100962045025561
163445.7064201821	2000.0	858.5976528276403	0.0	0	0.0	2304.304073009873	1	0	tensor(3)	1.8100962045025561
164368.44879722872	2000.0	935.8552757810136	0.0	0	0.0	2304.304073009873	1	0	tensor(3)	1.8100962045025561
165213.4982567911	2000.0	1090.8058162186185	0.0	0	0.0	2304.304073009873	1	0	tensor(3)	1.8100962045025561
166176.65939875992	2000.0	1127.6446742497906	0.0	0	0.0	2304.3040730098437	1	0	tensor(3)	1.8100962045025575
166967.04087050722	2000.0	1337.263202502487	0.0	0	0.0	2304.3040730098437	1	0	tensor(3)	1.810096204502559
167756.93740075332	2000.0	1547.3666722564078	0.0	0	0.0	2304.3040730098437	1	0	tensor(3)	1.810096204502559
168918.3626651737	2000.0	1385.9414078360219	0.0	0	0.0	2304.3040730098146	1	0	tensor(3)	1.8100962045025617
170026.75741217824	2000.0	1277.546660831522	0.0	0	0.0	2304.3040730097855	1	0	tensor(3)	1.8100962045025646
170923.13708352894	2000.0	1381.1669894808274	0.0	0	0.0	2304.3040730097855	1	0	tensor(3)	1.8100962045025646
171862.36199978003	2000.0	1441.9420732297333	0.0	0	0.0	2304.3040730098146	1	0	tensor(3)	1.8100962045025617
172844.9325843747	3000.0	1459.3714886350422	0.0	0	0.0	2304.3040730098437	1	0	tensor(3)	1.810096204502559
174947.49122772206	3000.0	356.8128452877142	0.0	0	0.0	2304.304073009873	1	0	tensor(3)	2.2155613126107223
175721.51112262878	1000.0	587.8152573827297	5.022307001741126	0	0.0	2309.3263800115965	1	0	tensor(3)	-0.0122731836895138
176907.62618729088	1000.0	401.7001927206143	0.0	0	0.0	2309.3263800115965	1	0	tensor(3)	1.1164729469890426
177374.19893730944	500.0	935.1274427020419	0.0	0	0.0	2309.3263800116256	1	0	tensor(3)	-0.2698214141308508
177898.5278337163	1000.0	1410.7985462952236	0.0	0	0.0	2309.3263800116256	1	0	tensor(3)	0.4233257664290946
178549.2558919272	1000.0	1760.0704880843346	0.0	0	0.0	2309.3263800116256	1	0	tensor(3)	1.11647294698904
179892.1255707487	2000.0	1417.200809262872	0.0	0	0.0	2309.3263800116256	1	0	tensor(3)	1.11647294698904
180636.695824414	1000.0	1672.630555597571	0.0	0	0.0	2309.3263800115965	1	0	tensor(3)	0.4233257664290976
181579.61155297156	1000.0	1729.7148270400396	0.0	0	0.0	2309.3263800115965	1	0	tensor(3)	1.1164729469890426
182425.97900347767	1000.0	1883.347376533934	0.0	0	0.0	2309.3263800115965	1	0	tensor(3)	1.1164729469890426
183200.0	1000.0	2109.326380011609	0.0	0	101.69359015507507	2309.3263800115965	1	0	tensor(3)	1.1164729469890426
184273.0635618274	2000.0	2036.2628181842244	0.0	0	0.0	2309.3263800115674	1	0	tensor(3)	1.1164729469890444
185261.3407435633	2000.0	2047.9856364483248	0.0	0	0.0	2309.3263800115674	1	0	tensor(3)	1.8096201275489907
186893.22862623577	2000.0	1416.0977537758554	0.0	0	0.0	2309.3263800115674	1	0	tensor(3)	1.8096201275489907
188262.2058226487	2000.0	1047.1205573629254	0.0	0	0.0	2309.3263800115965	1	0	tensor(3)	1.8096201275489878
189305.1951318379	2000.0	1004.131248173714	0.0	0	0.0	2309.3263800115965	1	0	tensor(3)	1.8096201275489878
190184.45977348505	2000.0	1124.8666065265647	0.0	0	0.0	2309.3263800115965	1	0	tensor(3)	1.8096201275489878
190863.80381770473	2000.0	1445.52256230687	0.0	0	0.0	2309.3263800115965	1	0	tensor(3)	1.8096201275489878
191629.54232466748	2000.0	1679.7840553441165	0.0	0	0.0	2309.3263800115965	1	0	tensor(3)	1.8096201275489878
192279.633287808	2000.0	2029.693092203566	0.0	0	0.0	2309.3263800115674	1	0	tensor(3)	1.8096201275489907
194047.68611513748	3000.0	1261.640264874104	0.0	0	0.0	2309.3263800115674	1	0	tensor(3)	1.8096201275489907
195590.14835690998	2000.0	719.178023101589	0.0	0	0.0	2309.3263800115674	1	0	tensor(3)	1.404155019440826
196140.4484823171	1000.0	1168.8778976945227	0.0	0	0.0	2309.3263800115965	1	0	tensor(3)	0.4233257664290976
197928.4006453837	2000.0	380.9257346279509	0.0	0	0.0	2309.3263800115965	1	0	tensor(3)	1.1164729469890426
198274.34574653464	500.0	1034.980633477031	0.0	0	0.0	2309.3263800115965	1	0	tensor(3)	-0.9629685946907934
198791.50994149296	1000.0	1517.8164385187108	0.0	0	0.0	2309.3263800115674	1	0	tensor(3)	0.42332576642910014
200191.96541334307	2000.0	1117.360966668607	0.0	0	0.0	2309.3263800115965	1	0	tensor(3)	1.1164729469890444
201074.83122253345	2000.0	1234.4951574782629	0.0	0	0.0	2309.3263800115674	1	0	tensor(3)	1.8096201275489907
202093.2301736134	2000.0	1216.0962063982865	0.0	0	0.0	2309.3263800115674	1	0	tensor(3)	1.8096201275489907
203174.930025718	2000.0	1134.3963542936785	0.0	0	0.0	2309.3263800115383	1	0	tensor(3)	1.8096201275489934
204253.73508675638	2000.0	1055.5912932553097	0.0	0	0.0	2309.3263800115383	1	0	tensor(3)	1.8096201275489934
204837.87589246628	2000.0	1471.4504875453881	0.0	0	0.0	2309.326380011509	1	0	tensor(3)	1.8096201275489963
205435.76583463122	2000.0	1873.5605453804696	0.0	0	0.0	2309.326380011509	1	0	tensor(3)	1.8096201275489963
206880.93448524154	3000.0	1428.3918947701377	0.0	0	0.0	2309.326380011509	1	0	tensor(3)	1.809620127548997
209056.94467004258	2000.0	252.38170996910583	0.0	0	0.0	2309.32638001148	1	0	tensor(3)	1.4041550194408343
209456.57450701797	500.0	852.7518729937029	0.0	0	0.0	2309.32638001148	1	0	tensor(3)	-0.9629685946907826
210235.5559303097	1000.0	1073.770449701959	0.0	0	0.0	2309.32638001148	1	0	tensor(3)	0.42332576642910846
210765.4979939704	1000.0	1543.8283860412619	0.0	0	0.0	2309.32638001148	1	0	tensor(3)	1.1164729469890537
212407.11842598463	2000.0	902.2079540270493	0.0	0	0.0	2309.326380011509	1	0	tensor(3)	1.1164729469890526
213083.16904482583	1000.0	1226.1573351858888	0.0	0	0.0	2309.3263800115383	1	0	tensor(3)	0.42332576642910535
213707.70893517934	1000.0	1601.617444832415	0.0	0	0.0	2309.3263800115674	1	0	tensor(3)	1.1164729469890455
214604.53568937932	1000.0	1704.7906906324388	0.0	0	0.0	2309.3263800115674	1	0	tensor(3)	1.1164729469890455
215397.80794720966	1000.0	1911.518432802091	0.0	0	0.0	2309.3263800115965	1	0	tensor(3)	1.1164729469890426
216200.0	1000.0	2109.32638001172	0.0	0	144.2096450344543	2309.3263800115965	1	0	tensor(3)	1.1164729469890426
217200.0	1000.0	2109.3263800117375	0.0	0	97.34394222131232	2309.3263800115965	1	0	tensor(3)	1.1164729469890426
218200.0	1000.0	2109.3263800117493	0.0	0	83.07037040550495	2309.3263800115965	1	0	tensor(3)	1.1164729469890426
219200.0	1000.0	2109.3263800117174	0.0	0	75.87096609888249	2309.3263800115965	1	0	tensor(3)	1.1164729469890426
220200.0	1000.0	2109.3263800117165	0.0	0	32.77192040035152	2309.3263800115965	1	0	tensor(3)	1.1164729469890426
221367.79882436115	2000.0	1941.527555650578	0.0	0	0.0	2309.3263800115965	1	0	tensor(3)	1.1164729469890426
222450.65235443477	2000.0	1858.6740255769469	0.0	0	0.0	2309.3263800115965	1	0	tensor(3)	1.8096201275489878
223296.86023939954	1000.0	2012.4661406121672	0.0	0	0.0	2309.3263800116256	1	0	tensor(3)	0.4233257664290948
224615.8384704936	2000.0	1693.4879095181027	0.0	0	0.0	2309.3263800115965	1	0	tensor(3)	1.1164729469890426
225830.2925766932	2000.0	1479.0338033184757	0.0	0	0.0	2309.3263800115965	1	0	tensor(3)	1.8096201275489878
226934.60664776346	2000.0	1374.7197322482334	0.0	0	0.0	2309.3263800115965	1	0	tensor(3)	1.8096201275489878
228153.21601953678	2000.0	1156.1103604749082	0.0	0	0.0	2309.3263800115674	1	0	tensor(3)	1.8096201275489892
229200.68966952013	2000.0	1108.6367104915755	0.0	0	0.0	2309.3263800115674	1	0	tensor(3)	1.8096201275489907
230220.56080708033	2000.0	1088.7655729313835	0.0	0	0.0	2309.3263800115383	1	0	tensor(3)	1.8096201275489934
231136.56229654438	2000.0	1172.7640834673318	0.0	0	0.0	2309.3263800115383	1	0	tensor(3)	1.8096201275489956
232012.26046743954	1000.0	1297.0659125721675	0.0	0	0.0	2309.3263800115383	1	0	tensor(3)	0.42332576642910313
232658.11832616111	1000.0	1651.208053850611	0.0	0	0.0	2309.326380011509	1	0	tensor(3)	1.116472946989051
233561.41738931948	1000.0	1747.9089906922313	0.0	0	0.0	2309.326380011509	1	0	tensor(3)	1.116472946989051
234238.004030015	1000.0	2071.3223499967507	0.0	0	0.0	2309.326380011509	1	0	tensor(3)	1.116472946989051
235626.4073611016	2000.0	1682.9190189101882	0.0	0	0.0	2309.326380011509	1	0	tensor(3)	1.116472946989051
236293.31176059	1000.0	2016.0146194217523	0.0	0	0.0	2309.326380011509	1	0	tensor(3)	0.4233257664291059
237609.25732498037	2000.0	1700.0690550313832	0.0	0	0.0	2309.326380011509	1	0	tensor(3)	1.116472946989051
238399.9941147026	2000.0	1909.3322653091586	0.0	0	0.0	2309.3263800115383	1	0	tensor(3)	1.8096201275489934
240039.65955082988	2000.0	1269.6668291819267	0.0	0	0.0	2309.3263800115965	1	0	tensor(3)	1.80962012754899
240731.719603961	1000.0	1577.60677605079	0.0	0	0.0	2309.3263800115965	1	0	tensor(3)	0.4233257664290976
241758.17846028824	2000.0	1551.1479197235676	0.0	0	0.0	2309.3263800115965	1	0	tensor(3)	1.1164729469890426
243188.78752301147	2000.0	1120.5388570003452	0.0	0	0.0	2309.3263800115965	1	0	tensor(3)	1.8096201275489878
244780.3107305109	2000.0	529.0156495009435	0.0	0	0.0	2309.3263800115674	1	0	tensor(3)	1.8096201275489903
245221.66656325466	500.0	1087.6598167571747	0.0	0	0.0	2309.3263800115965	1	0	tensor(3)	-0.9629685946907934
246199.4006844365	1000.0	1109.9256955753922	0.0	0	0.0	2309.3263800116256	1	0	tensor(3)	0.4233257664290946
247154.66766832038	1000.0	1154.658711691491	0.0	0	0.0	2309.3263800116256	1	0	tensor(3)	1.11647294698904
248162.33772335405	1000.0	1146.988656657822	0.0	0	0.0	2309.3263800116256	1	0	tensor(3)	1.11647294698904
248935.8172546375	1000.0	1373.509125374368	0.0	0	0.0	2309.3263800116256	1	0	tensor(3)	1.11647294698904
250189.12477793056	1000.0	1120.2016020813494	0.0	0	0.0	2309.3263800116547	1	0	tensor(3)	1.1164729469890389
250741.42409283176	1000.0	1567.9022871801417	0.0	0	0.0	2309.3263800116547	1	0	tensor(3)	1.1164729469890373
251448.17200377982	1000.0	1861.1543762321135	0.0	0	0.0	2309.3263800116547	1	0	tensor(3)	1.1164729469890373
252259.58649526862	1000.0	2049.739884743307	0.0	0	0.0	2309.3263800116256	1	0	tensor(3)	1.11647294698904
253200.0	1000.0	2109.3263800119166	0.0	0	144.26719066762598	2309.3263800116256	1	0	tensor(3)	1.11647294698904
254200.0	1000.0	2109.3263800119335	0.0	0	254.23239647882292	2309.3263800116256	1	0	tensor(3)	1.11647294698904
255200.0	1000.0	2109.3263800119203	0.0	0	56.73505241464591	2309.3263800116256	1	0	tensor(3)	1.11647294698904
256200.0	1000.0	2109.326380011924	0.0	0	246.26843397470657	2309.3263800116547	1	0	tensor(3)	1.1164729469890373
257200.0	1000.0	2109.3263800119057	0.0	0	392.05624846817227	2309.3263800116547	1	0	tensor(3)	1.1164729469890373
258328.23468350756	1000.0	1981.091696504357	0.0	0	0.0	2309.326380011684	1	0	tensor(3)	1.1164729469890355
259599.04143832024	1000.0	1710.284941691681	0.0	0	0.0	2309.326380011684	1	0	tensor(3)	1.1164729469890344
260580.8591836874	1000.0	1728.467196324528	0.0	0	0.0	2309.326380011684	1	0	tensor(3)	1.1164729469890344
261304.6331549365	1000.0	2004.6932250754164	0.0	0	0.0	2309.326380011684	1	0	tensor(3)	1.1164729469890344
262200.0	1000.0	2109.3263800119053	0.0	0	245.11896105084452	2309.326380011713	1	0	tensor(3)	1.1164729469890315
263204.4450802933	2000.0	2104.881299718624	0.0	0	96.36227689892985	2309.326380011742	1	0	tensor(3)	1.116472946989031
264200.0	1000.0	2109.326380011892	0.0	0	187.5104198580957	2309.326380011713	1	0	tensor(3)	0.42332576642908704
265200.0	1000.0	2109.326380011862	0.0	0	335.2359250008594	2309.326380011684	1	0	tensor(3)	1.1164729469890344
266838.6606415243	2000.0	1470.6657384876285	0.0	0	0.0	2309.326380011684	1	0	tensor(3)	1.1164729469890344
268180.3548246619	2000.0	1128.9715553500419	0.0	0	0.0	2309.326380011684	1	0	tensor(3)	1.8096201275489796
269025.98183139804	2000.0	1283.3445486139797	0.0	0	0.0	2309.326380011742	1	0	tensor(3)	1.809620127548974
269732.0336180287	2000.0	1577.2927619833627	0.0	0	0.0	2309.3263800118	1	0	tensor(3)	1.8096201275489685
270799.2034589983	3000.0	1510.1229210136898	0.0	0	0.0	2309.326380011742	1	0	tensor(3)	1.8096201275489743
271765.1092734274	2000.0	1544.2171065845264	0.0	0	0.0	2309.326380011742	1	0	tensor(3)	1.4041550194408094
272828.8868986528	2000.0	1480.4394813590934	0.0	0	0.0	2309.326380011742	1	0	tensor(3)	1.809620127548974
273780.9706031348	2000.0	1528.355776877161	0.0	0	0.0	2309.326380011742	1	0	tensor(3)	1.809620127548974
275163.1992384605	2000.0	1146.1271415514457	0.0	0	0.0	2309.3263800118	1	0	tensor(3)	1.809620127548973
276225.84129042336	2000.0	1083.4850895885984	0.0	0	0.0	2309.3263800118	1	0	tensor(3)	1.8096201275489685
277364.1938859032	2000.0	945.132494108816	0.0	0	0.0	2309.3263800118	1	0	tensor(3)	1.8096201275489685
278778.1538749788	2000.0	531.172505033303	0.0	0	0.0	2309.3263800118	1	0	tensor(3)	1.8096201275489685
279500.909931756	1000.0	808.416448256066	0.0	0	0.0	2309.326380011742	1	0	tensor(3)	0.4233257664290837
280084.7203852906	1000.0	1224.6059947214014	0.0	0	0.0	2309.326380011742	1	0	tensor(3)	1.1164729469890289
280701.14743036625	1000.0	1608.178949645716	0.0	0	0.0	2309.326380011742	1	0	tensor(3)	1.1164729469890289
281221.3319786837	1000.0	2087.9944013282984	0.0	0	0.0	2309.326380011742	1	0	tensor(3)	1.1164729469890278
282886.27204728406	2000.0	1423.054332727951	0.0	0	0.0	2309.326380011742	1	0	tensor(3)	1.1164729469890289
283622.80285485846	1000.0	1686.5235251535435	0.0	0	0.0	2309.326380011742	1	0	tensor(3)	0.4233257664290837
284715.1694641259	2000.0	1594.156915886081	0.0	0	0.0	2309.326380011684	1	0	tensor(3)	1.1164729469890344
285410.1205543917	2000.0	1899.2058256201597	0.0	0	0.0	2309.326380011684	1	0	tensor(3)	1.8096201275489796
286304.0773893542	3000.0	2005.2489906576775	0.0	0	0.0	2309.326380011684	1	0	tensor(3)	1.8096201275489796
287200.0	3000.0	2109.3263800118507	0.0	0	95.47291319194483	2309.326380011684	1	0	tensor(3)	2.215085235657144
289056.39006289205	3000.0	1252.9363171198067	0.0	0	0.0	2309.326380011684	1	0	tensor(3)	2.215085235657144
290782.0027630186	2000.0	527.3236169932416	0.0	0	0.0	2309.326380011684	1	0	tensor(3)	1.404155019440815
291956.5810859352	2000.0	382.3818414695926	29.63654739298255	0	0.0	2338.9629274046747	1	0	tensor(3)	1.6289447518401898
293532.6332299952	2000.0	200.0	393.67030259048715	0	0.0	2732.633229995088	1	0	tensor(3)	-0.5924938944953372
293992.15447883133	500.0	757.7722316252505	17.293480461384917	0	0.0	2749.9267104564933	1	0	tensor(3)	-1.1186361430035143
294451.4769692317	1000.0	1298.4497412248918	0.0	0	0.0	2749.9267104564933	1	0	tensor(3)	0.37141910088468594
295457.2300779657	2000.0	1292.6966324908308	0.0	0	0.0	2749.926710456435	1	0	tensor(3)	1.0645662814446397
296283.94997182937	2000.0	1465.9767386271126	0.0	0	0.0	2749.926710456377	1	0	tensor(3)	1.7577134620045898
297119.0138194123	3000.0	1630.9128910441593	0.0	0	0.0	2749.926710456377	1	0	tensor(3)	1.7577134620045933
297805.61935977713	3000.0	1944.3073506793269	0.0	0	0.0	2749.9267104563187	1	0	tensor(3)	2.1631785701127666
298824.6906699062	3000.0	1925.2360405501686	0.0	0	0.0	2749.9267104562605	1	0	tensor(3)	2.163178570112775
300320.30576823076	3000.0	1429.620942225657	0.0	0	0.0	2749.9267104562605	1	0	tensor(3)	2.163178570112775
301125.0598733223	2000.0	1624.8668371340298	0.0	0	0.0	2749.9267104562605	1	0	tensor(3)	1.3522483538964454
302279.57501347474	3000.0	1470.3516969815616	0.0	0	0.0	2749.9267104562605	1	0	tensor(3)	1.7577134620046102
303612.4545877805	2000.0	1137.4721226757865	0.0	0	0.0	2749.9267104562605	1	0	tensor(3)	1.3522483538964454
304719.01613752404	2000.0	1030.9105729322853	0.0	0	0.0	2749.9267104563187	1	0	tensor(3)	1.7577134620046015
305985.4383947459	2000.0	764.4883157103973	0.0	0	0.0	2749.926710456377	1	0	tensor(3)	1.757713462004593
1.47	2.04	1.58	1.71	2.09	1.6	1.7	1.88	2.41	2.54	2.66	2.24	2.3	2.33	2.05	2.4	2.54	2.68	2.8	2.21	1.36	1.47	1.04	1.45	1.63	1.71	1.01	1.03	1.37	1.88	2.29	1.55	1.75	1.63	1.75	2.07	2.26	2.58	2.63	1.93	1.1	1.38	2.07	0.88	1.56	1.98	1.99	2.08	1.89	2.21	2.69	2.73	1.53	1.16	0.82	1.12	1.74	1.48	1.39	1.48	1.51	1.64	1.45	1.6	1.07	1.14	1.78	1.86	1.47	1.47	1.95	2.43	2.06	1.32	1.76	1.81	2.0	1.26	1.2	1.4	1.9	1.7	1.83	2.2	1.78	1.3	1.48	1.78	1.62	1.73	1.12	1.04	1.22	1.04	1.36	0.9	1.59	1.48	1.56	1.04	1.12	1.26	1.58	1.1	1.01	1.09	1.39	1.83	2.27	1.26	1.16	1.36	1.99	2.05	2.26	2.75	2.1	2.28	2.2	2.28	1.62	1.76	1.85	1.84	1.45	1.4	1.39	1.58	1.56	1.92	2.27	2.92	3.06	2.7	1.66	1.53	1.61	1.99	1.81	1.47	2.07	2.73	3.34	3.7	2.33	1.84	2.32	2.85	2.11	1.03	1.47	2.04	1.58	1.71	2.09	1.6	1.7	1.88	2.41	2.54	2.66	2.24	2.3	2.33	2.05	2.4	2.54	2.68	2.8	2.21	1.36	1.47	1.04	1.45	1.63	1.71	1.01	1.03	1.37	1.88	2.29	1.55	1.75	1.63	1.75	2.07	2.26	2.58	2.63	1.93	1.1	1.38	2.07	0.88	1.56	1.98	1.99	2.08	1.89	2.21	2.69	2.73	1.53	1.16	0.82	1.12	1.74	1.48	1.39	1.48	1.51	1.64	1.45	1.6	1.07	1.14	1.78	1.86	1.47	1.47	1.95	2.43	2.06	1.32	1.76	1.81	2.0	1.26	1.2	1.4	1.9	1.7	1.83	2.2	1.78	1.3	1.48	1.78	1.62	1.73	1.12	1.04	1.22	1.04	1.36	0.9	1.59	1.48	1.56	1.04	1.12	1.26	1.58	1.1	1.01	1.09	1.39	1.83	2.27	1.26	1.16	1.36	1.99	2.05	2.26	2.75	2.1	2.28	2.2	2.28	1.62	1.76	1.85	1.84	1.45	1.4	1.39	1.58	1.56	1.92	2.27	2.92	3.06	2.7	1.66	1.53	1.61	1.99	1.81	1.47	2.07	2.73	3.34	3.7	2.33	1.84	2.32	2.85	2.11	1.03	1.47	2.04	1.58	1.71
1.0	2.0	3.0	4.0	5.0	6.0	7.0	8.0	9.0	10.0	11.0	12.0	13.0	14.0	15.0	16.0	17.0	18.0	19.0	20.0	21.0	22.0	23.0	24.0	25.0	26.0	27.0	28.0	29.0	30.0	31.0	32.0	33.0	34.0	35.0	36.0	37.0	38.0	39.0	40.0	41.0	42.0	43.0	44.0	45.0	46.0	47.0	48.0	49.0	50.0	51.0	52.0	53.0	54.0	55.0	56.0	57.0	58.0	59.0	60.0	61.0	62.0	63.0	64.0	65.0	66.0	67.0	68.0	69.0	70.0	71.0	72.0	73.0	74.0	75.0	76.0	77.0	78.0	79.0	80.0	81.0	82.0	83.0	84.0	85.0	86.0	87.0	88.0	89.0	90.0	91.0	92.0	93.0	94.0	95.0	96.0	97.0	98.0	99.0	100.0	101.0	102.0	103.0	104.0	105.0	106.0	107.0	108.0	109.0	110.0	111.0	112.0	113.0	114.0	115.0	116.0	117.0	118.0	119.0	120.0	121.0	122.0	123.0	124.0	125.0	126.0	127.0	128.0	129.0	130.0	131.0	132.0	133.0	134.0	135.0	136.0	137.0	138.0	139.0	140.0	141.0	142.0	143.0	144.0	145.0	146.0	147.0	148.0	149.0	149.0	150.0	151.0	152.0	153.0	154.0	155.0	156.0	157.0	158.0	159.0	160.0	161.0	162.0	163.0	164.0	165.0	166.0	167.0	168.0	169.0	170.0	171.0	172.0	173.0	174.0	175.0	176.0	177.0	178.0	179.0	180.0	181.0	182.0	183.0	184.0	185.0	186.0	187.0	188.0	189.0	190.0	191.0	192.0	193.0	194.0	195.0	196.0	197.0	198.0	199.0	200.0	201.0	202.0	203.0	204.0	205.0	206.0	207.0	208.0	209.0	210.0	211.0	212.0	213.0	214.0	215.0	216.0	217.0	218.0	219.0	220.0	221.0	222.0	223.0	224.0	225.0	226.0	227.0	228.0	229.0	230.0	231.0	232.0	233.0	234.0	235.0	236.0	237.0	238.0	239.0	240.0	241.0	242.0	243.0	244.0	245.0	246.0	247.0	248.0	249.0	250.0	251.0	252.0	253.0	254.0	255.0	256.0	257.0	258.0	259.0	260.0	261.0	262.0	263.0	264.0	265.0	266.0	267.0	268.0	269.0	270.0	271.0	272.0	273.0	274.0	275.0	276.0	277.0	278.0	279.0	280.0	281.0	282.0	283.0	284.0	285.0	286.0	287.0	288.0	289.0	290.0	291.0	292.0	293.0	294.0	295.0	296.0	297.0	298.0	298.0	299.0	300.0	301.0	302.0
4998.4951358032395
