2949.4615615569587	300.0	2000.0	144.61268274351016	0	0.0	2949.4615615569587	1	0	tensor(3)	-1.0339229054097308
4174.886426542589	3000.0	1774.5751350143696	0.0	0	0.0	2949.4615615569587	1	0	tensor(3)	-0.17088644037617984
5425.172267514946	3000.0	1524.289294042013	0.0	0	0.0	2949.4615615569583	1	0	tensor(3)	2.131698652617866
6689.616415346786	3000.0	1259.8451462101725	0.0	0	0.0	2949.4615615569583	1	0	tensor(3)	2.131698652617866
8713.237564230112	2000.0	236.2239973268462	0.0	0	0.0	2949.4615615569583	1	0	tensor(3)	1.3207684364015368
9254.451207821076	1000.0	726.6684984332725	31.658144697388337	0	0.0	2981.119706254348	1	0	tensor(3)	0.14444654440969862
9950.642142805955	1000.0	1030.4775634483933	0.0	0	0.0	2981.119706254348	1	0	tensor(3)	1.027542593153974
10835.598143256002	1000.0	1145.5215629983459	0.0	0	0.0	2981.119706254348	1	0	tensor(3)	1.027542593153974
11683.565281472105	1000.0	1297.5544247822452	0.0	0	0.0	2981.119706254349	1	0	tensor(3)	1.0275425931539737
12777.26398647408	1000.0	1203.8557197802706	0.0	0	0.0	2981.119706254349	1	0	tensor(3)	1.0275425931539737
13283.809061718372	1000.0	1697.310644535979	0.0	0	0.0	2981.119706254349	1	0	tensor(3)	1.0275425931539737
14354.377350746785	2000.0	1626.7423555075632	0.0	0	0.0	2981.119706254349	1	0	tensor(3)	1.0275425931539734
15008.908543468298	2000.0	1972.2111627860509	0.0	0	0.0	2981.1197062543506	1	0	tensor(3)	1.7206897737139184
15787.988105081535	2000.0	2193.1316011728127	0.0	0	0.0	2981.1197062543506	1	0	tensor(3)	1.7206897737139184
16892.500908259062	3000.0	2088.618797995286	0.0	0	0.0	2981.1197062543506	1	0	tensor(3)	1.7206897737139186
17518.2304839619	3000.0	2462.8892222924537	0.0	0	0.0	2981.119706254356	1	0	tensor(3)	2.1261548818220826
18391.696045982877	3000.0	2589.423660271476	0.0	0	0.0	2981.119706254358	1	0	tensor(3)	2.126154881822082
20133.544465830415	3000.0	1847.5752404239358	0.0	0	0.0	2981.119706254358	1	0	tensor(3)	2.126154881822082
21327.8179441132	3000.0	1653.3017621411466	0.0	0	0.0	2981.119706254358	1	0	tensor(3)	2.126154881822082
22165.842731958335	3000.0	1815.2769742960095	0.0	0	0.0	2981.119706254358	1	0	tensor(3)	2.126154881822082
23004.388710888816	3000.0	1976.7309953655279	0.0	0	0.0	2981.119706254358	1	0	tensor(3)	2.126154881822082
23876.4821025331	3000.0	2104.637603721242	0.0	0	0.0	2981.119706254358	1	0	tensor(3)	2.126154881822082
24591.60451039383	3000.0	2389.5151958605115	0.0	0	0.0	2981.119706254358	1	0	tensor(3)	2.126154881822082
25553.67855956296	3000.0	2427.4411466913816	0.0	0	0.0	2981.119706254358	1	0	tensor(3)	2.126154881822082
27991.37618771009	3000.0	989.7435185442471	0.0	0	0.0	2981.119706254358	1	0	tensor(3)	2.126154881822082
29570.032121867498	2000.0	411.08758438684004	0.0	0	0.0	2981.119706254358	1	0	tensor(3)	1.3152246656057527
30287.748100568024	1000.0	693.3716056863167	0.0	0	0.0	2981.119706254358	1	0	tensor(3)	0.33439541259402705
30879.289692639573	1000.0	1101.8300136147657	0.0	0	0.0	2981.1197062543542	1	0	tensor(3)	1.0275425931539728
31403.407831477805	1000.0	1577.711874776533	0.0	0	0.0	2981.1197062543542	1	0	tensor(3)	1.0275425931539728
32017.42490718548	1000.0	1963.6947990688577	0.0	0	0.0	2981.1197062543542	1	0	tensor(3)	1.0275425931539728
33057.48267080627	2000.0	1923.6370354480646	0.0	0	0.0	2981.1197062543506	1	0	tensor(3)	1.0275425931539728
34220.36183621015	2000.0	1760.7578700441854	0.0	0	0.0	2981.119706254347	1	0	tensor(3)	1.7206897737139188
34991.05166670015	1000.0	1990.0680395541872	0.0	0	0.0	2981.1197062543506	1	0	tensor(3)	0.3343954125940277
36313.638065161256	2000.0	1667.481641093085	0.0	0	0.0	2981.1197062543506	1	0	tensor(3)	1.0275425931539734
37932.91267450667	2000.0	1048.20703174767	0.0	0	0.0	2981.1197062543506	1	0	tensor(3)	1.7206897737139184
38685.89563586926	1000.0	1295.2240703850778	0.0	0	0.0	2981.1197062543506	1	0	tensor(3)	0.3343954125940283
39458.83185714345	2000.0	1522.2878491108793	0.0	0	0.0	2981.1197062543433	1	0	tensor(3)	1.0275425931539748
40318.01201425427	2000.0	1663.1076920000526	0.0	0	0.0	2981.1197062543506	1	0	tensor(3)	1.7206897737139184
40847.18941380983	2000.0	2133.9302924445046	0.0	0	0.0	2981.1197062543506	1	0	tensor(3)	1.7206897737139184
42149.890115966904	3000.0	1831.2295902874314	0.0	0	0.0	2981.1197062543506	1	0	tensor(3)	1.7206897737139186
43197.60286129727	3000.0	1783.5168449570622	0.0	0	0.0	2981.1197062543506	1	0	tensor(3)	2.1261548818220835
43987.7491758766	3000.0	1993.3705303777476	0.0	0	0.0	2981.1197062543506	1	0	tensor(3)	2.1261548818220835
44749.65867026619	3000.0	2231.461035988154	0.0	0	0.0	2981.1197062543433	1	0	tensor(3)	2.126154881822085
46250.79593637466	3000.0	1730.3237698796881	0.0	0	0.0	2981.1197062543506	1	0	tensor(3)	2.1261548818220835
47754.91660698166	3000.0	1226.203099272692	0.0	0	0.0	2981.1197062543506	1	0	tensor(3)	2.1261548818220835
48776.641340608156	2000.0	1204.4783656461957	0.0	0	0.0	2981.1197062543506	1	0	tensor(3)	1.3152246656057538
49698.66874954089	2000.0	1282.450956713463	0.0	0	0.0	2981.1197062543506	1	0	tensor(3)	1.7206897737139184
50476.96309905623	2000.0	1504.156607198125	0.0	0	0.0	2981.119706254358	1	0	tensor(3)	1.7206897737139173
51110.528552790405	2000.0	1870.5911534639486	0.0	0	0.0	2981.119706254358	1	0	tensor(3)	1.7206897737139173
51896.942993148055	3000.0	2084.1767131063043	0.0	0	0.0	2981.119706254358	1	0	tensor(3)	1.7206897737139175
52875.10051000496	3000.0	2106.019196249398	0.0	0	0.0	2981.119706254358	1	0	tensor(3)	2.126154881822082
54140.647318083546	3000.0	1840.47238817081	0.0	0	0.0	2981.119706254358	1	0	tensor(3)	2.126154881822082
55481.34143213198	3000.0	1499.7782741223737	0.0	0	0.0	2981.119706254358	1	0	tensor(3)	2.126154881822082
58233.17342497617	3000.0	200.0	452.0537187218123	0	0.0	3433.173424976172	1	0	tensor(3)	-0.6144194623598788
58739.18136423262	500.0	741.1793590661015	47.18729832255468	0	0.0	1480.360723298727	1	0	tensor(6)	-7.597269440701899
59279.50580103961	1000.0	1200.8549222591132	0.0	0	0.0	1480.360723298727	1	0	tensor(3)	0.4776138184614863
60697.17924660346	2000.0	783.1814766952616	0.0	0	0.0	1480.360723298727	1	0	tensor(3)	1.1707609990214318
61541.64504744357	2000.0	938.7156758551531	0.0	0	0.0	1480.360723298727	1	0	tensor(3)	1.863908179581377
62325.30661548516	2000.0	1155.0541078135614	0.0	0	0.0	1480.360723298727	1	0	tensor(3)	1.863908179581377
63200.0	2000.0	1280.3607232987224	0.0	0	250.0639188631394	1480.3607232987197	1	0	tensor(3)	1.8639081795813772
64200.0	2000.0	1280.360723298717	0.0	0	184.40031403304602	1480.3607232987197	1	0	tensor(3)	1.8639081795813772
65708.02260345787	3000.0	772.3381198408451	0.0	0	0.0	1480.3607232987197	1	0	tensor(3)	1.8639081795813774
67151.14902603305	2000.0	329.2116972656603	0.0	0	0.0	1480.3607232987124	1	0	tensor(3)	1.4584430714732126
67750.50350821852	1000.0	729.8572150801803	0.0	0	0.0	1480.3607232987124	1	0	tensor(3)	0.4776138184614871
68994.86141550571	2000.0	485.49930779298415	0.0	0	0.0	1480.3607232987124	1	0	tensor(3)	1.1707609990214323
70029.36743069258	2000.0	494.0172233748898	43.023930768770526	0	0.0	1523.3846540674858	1	0	tensor(3)	1.6038910001462376
70915.7358276553	2000.0	607.6488264121642	0.0	0	0.0	1523.3846540675004	1	0	tensor(3)	1.8620345847588604
71605.69398650523	2000.0	917.6906675622338	0.0	0	0.0	1523.3846540674858	1	0	tensor(3)	1.8620345847588609
72817.58368273619	2000.0	705.8009713312614	0.0	0	0.0	1523.3846540674858	1	0	tensor(3)	1.8620345847588609
73612.36663641402	2000.0	911.0180176534375	0.0	0	0.0	1523.3846540674713	1	0	tensor(3)	1.8620345847588615
74286.28611437544	2000.0	1237.0985396920219	0.0	0	0.0	1523.3846540674713	1	0	tensor(3)	1.8620345847588615
75307.15227783468	2000.0	1216.2323762327699	0.0	0	0.0	1523.3846540674713	1	0	tensor(3)	1.8620345847588615
76382.56884204138	2000.0	1140.8158120260937	0.0	0	0.0	1523.3846540674858	1	0	tensor(3)	1.8620345847588609
77300.73599828895	2000.0	1222.6486557785222	0.0	0	0.0	1523.3846540674858	1	0	tensor(3)	1.8620345847588609
78200.0	2000.0	1323.3846540674629	0.0	0	300.37274779949803	1523.3846540674858	1	0	tensor(3)	1.8620345847588609
79200.0	2000.0	1323.3846540674483	0.0	0	181.5388444919954	1523.3846540674713	1	0	tensor(3)	1.8620345847588615
80393.90117951325	2000.0	1129.483474554187	0.0	0	0.0	1523.3846540674713	1	0	tensor(3)	1.8620345847588615
81488.96701677513	2000.0	1034.4176372923005	0.0	0	0.0	1523.3846540674858	1	0	tensor(3)	1.8620345847588609
82501.9096930338	2000.0	1021.4749610336219	0.0	0	0.0	1523.3846540674713	1	0	tensor(3)	1.8620345847588615
83454.75498980957	2000.0	1068.6296642578495	0.0	0	0.0	1523.3846540674713	1	0	tensor(3)	1.8620345847588615
84200.0	2000.0	1323.3846540674267	0.0	0	104.26647519439575	1523.3846540674713	1	0	tensor(3)	1.8620345847588615
85352.67588136786	3000.0	1170.7087726995665	0.0	0	0.0	1523.3846540674713	1	0	tensor(3)	1.8620345847588617
86411.49457045039	2000.0	1111.8900836170487	0.0	0	0.0	1523.3846540674713	1	0	tensor(3)	1.456569476650697
87604.24638877269	2000.0	919.1382652947525	0.0	0	0.0	1523.3846540674713	1	0	tensor(3)	1.8620345847588615
88820.47902819484	2000.0	702.9056258726022	0.0	0	0.0	1523.3846540674567	1	0	tensor(3)	1.8620345847588624
89546.78319576503	2000.0	976.6014583024077	0.0	0	0.0	1523.3846540674567	1	0	tensor(3)	1.8620345847588624
91138.02890299258	2000.0	385.3557510748615	0.0	0	0.0	1523.3846540674567	1	0	tensor(3)	1.8620345847588624
92401.47832474667	2000.0	250.77876481189168	128.87243549112566	0	0.0	1652.257089558596	1	0	tensor(3)	1.0826927651262654
93237.46677923253	1000.0	578.1932320500302	163.40292172399722	0	0.0	1815.6600112825545	1	0	tensor(3)	-0.5197162765388541
93758.126450252	1000.0	1057.5335610305474	0.0	0	0.0	1815.660011282569	1	0	tensor(3)	1.1538484343650734
94631.26991689594	2000.0	1184.390094386617	0.0	0	0.0	1815.660011282569	1	0	tensor(3)	1.1538484343650734
95476.99967848064	2000.0	1338.6603328018857	0.0	0	0.0	1815.660011282569	1	0	tensor(3)	1.8469956149250186
96506.89039690947	2000.0	1308.769614373066	0.0	0	0.0	1815.660011282569	1	0	tensor(3)	1.8469956149250186
97200.0	2000.0	1615.660011282526	0.0	0	57.80692920341971	1815.660011282569	1	0	tensor(3)	1.8469956149250186
98200.0	2000.0	1615.6600112825101	0.0	0	292.9309212427761	1815.660011282569	1	0	tensor(3)	1.8469956149250186
99200.0	3000.0	1615.660011282509	0.0	0	215.36096324850223	1815.660011282569	1	0	tensor(3)	1.8469956149250186
100282.49487028584	3000.0	1533.165140996676	0.0	0	0.0	1815.660011282569	1	0	tensor(3)	2.2524607230331832
101206.08025111916	3000.0	1609.5797601633446	0.0	0	0.0	1815.660011282569	1	0	tensor(3)	2.2524607230331832
102456.77643800234	3000.0	1358.8835732801608	0.0	0	0.0	1815.6600112825545	1	0	tensor(3)	2.252460723033184
103209.77582052094	2000.0	1605.8841907615576	0.0	0	0.0	1815.6600112825545	1	0	tensor(3)	1.441530506816855
104200.0	3000.0	1615.6600112824838	0.0	0	123.56720712900278	1815.6600112825545	1	0	tensor(3)	1.8469956149250195
105200.0	3000.0	1615.6600112824954	0.0	0	0.5256253959523747	1815.6600112825545	1	0	tensor(3)	2.252460723033184
106200.0	3000.0	1615.6600112825063	0.0	0	8.50799757342611	1815.6600112825545	1	0	tensor(3)	2.252460723033184
107652.56632765422	3000.0	1163.0936836282895	0.0	0	0.0	1815.6600112825545	1	0	tensor(3)	2.252460723033184
109056.62527905655	2000.0	759.0347322259465	0.0	0	0.0	1815.66001128254	1	0	tensor(3)	1.4415305068168556
109818.4600277667	2000.0	997.1999835158092	0.0	0	0.0	1815.6600112825545	1	0	tensor(3)	1.8469956149250195
111208.83240120069	2000.0	606.827610081803	0.0	0	0.0	1815.6600112825545	1	0	tensor(3)	1.8469956149250195
112320.42300776442	2000.0	495.23700351807156	0.0	0	0.0	1815.660011282569	1	0	tensor(3)	1.8469956149250186
113154.19980797217	2000.0	661.460203310327	0.0	0	0.0	1815.660011282569	1	0	tensor(3)	1.8469956149250186
113731.30300266248	2000.0	1084.3570086200157	0.0	0	0.0	1815.6600112825545	1	0	tensor(3)	1.8469956149250195
114946.08689495453	2000.0	869.5731163279795	0.0	0	0.0	1815.6600112825545	1	0	tensor(3)	1.8469956149250195
115588.61323875228	1000.0	1227.0467725302397	0.0	0	0.0	1815.6600112825545	1	0	tensor(3)	0.4607012538051291
116288.12652016488	1000.0	1527.5334911176424	0.0	0	0.0	1815.6600112825545	1	0	tensor(3)	1.1538484343650743
118361.72809491554	2000.0	453.93191636699174	0.0	0	0.0	1815.660011282569	1	0	tensor(3)	1.1538484343650734
118810.16070168569	500.0	1005.499309596851	0.0	0	0.0	1815.6600112825836	1	0	tensor(3)	-0.9255931073147636
119485.1724936451	1000.0	1330.4875176374342	0.0	0	0.0	1815.6600112825836	1	0	tensor(3)	0.4607012538051272
120200.0	1000.0	1615.6600112825479	0.0	0	43.56602506795025	1815.6600112825836	1	0	tensor(3)	1.1538484343650726
121200.0	1000.0	1615.6600112825372	0.0	0	240.85219787659298	1815.6600112825836	1	0	tensor(3)	1.1538484343650726
122200.0	1000.0	1615.660011282547	0.0	0	260.4277692608739	1815.6600112825836	1	0	tensor(3)	1.1538484343650726
123434.51503499271	2000.0	1381.1449762898258	0.0	0	0.0	1815.6600112825836	1	0	tensor(3)	1.1538484343650726
124425.89929655263	2000.0	1389.7607147299166	0.0	0	0.0	1815.660011282569	1	0	tensor(3)	1.8469956149250186
125929.64062879134	2000.0	886.0193824912068	0.0	0	0.0	1815.660011282569	1	0	tensor(3)	1.8469956149250186
126900.85457315155	1000.0	914.8054381309962	0.0	0	0.0	1815.660011282569	1	0	tensor(3)	0.4607012538051283
127598.00791799494	1000.0	1217.6520932876094	0.0	0	0.0	1815.660011282569	1	0	tensor(3)	1.1538484343650734
128200.0	1000.0	1615.660011282536	0.0	0	131.9902972294658	1815.660011282569	1	0	tensor(3)	1.1538484343650734
129297.30694089996	2000.0	1518.353070382594	0.0	0	0.0	1815.660011282569	1	0	tensor(3)	1.1538484343650734
130200.0	2000.0	1615.6600112825556	0.0	0	268.97807537126937	1815.660011282569	1	0	tensor(3)	1.8469956149250186
131200.0	2000.0	1615.6600112825683	0.0	0	481.3349466036743	1815.660011282569	1	0	tensor(3)	1.8469956149250186
132200.0	3000.0	1615.6600112825972	0.0	0	199.27006916870596	1815.6600112825981	1	0	tensor(3)	1.8469956149250182
133200.0	3000.0	1615.66001128257	0.0	0	411.57133803283796	1815.660011282569	1	0	tensor(3)	2.252460723033183
134273.64770905118	6000.0	1542.0123022314233	0.0	0	0.0	1815.660011282569	1	0	tensor(3)	2.2524607230331832
135437.23611195557	6000.0	1378.423899327037	0.0	0	0.0	1815.660011282569	1	0	tensor(3)	2.945607903593128
136869.8812980529	6000.0	945.7787132297287	0.0	0	0.0	1815.660011282569	1	0	tensor(3)	2.945607903593128
137995.21638985505	3000.0	820.4436214276095	0.0	0	0.0	1815.6600112825981	1	0	tensor(3)	1.5593135424732367
139493.49576354914	3000.0	322.16424773352594	0.0	0	0.0	1815.6600112825981	1	0	tensor(3)	2.252460723033182
140197.25129826734	2000.0	681.7261169657102	63.31740395038182	0	0.0	1878.9774152329774	1	0	tensor(3)	1.0577658588044312
141294.3064129592	3000.0	584.6710022738225	0.0	0	0.0	1878.9774152329774	1	0	tensor(3)	1.8431353906148868
142195.0750474403	3000.0	683.9023677926905	0.0	0	0.0	1878.9774152329774	1	0	tensor(3)	2.2486004987230515
143063.38653208056	3000.0	815.5908831524097	0.0	0	0.0	1878.9774152329774	1	0	tensor(3)	2.2486004987230515
143950.01634146072	3000.0	928.9610737722392	0.0	0	0.0	1878.9774152329774	1	0	tensor(3)	2.2486004987230515
144773.7932837688	3000.0	1105.1841314641645	0.0	0	0.0	1878.9774152330065	1	0	tensor(3)	2.2486004987230497
145931.329220699	3000.0	947.6481945339675	0.0	0	0.0	1878.9774152330065	1	0	tensor(3)	2.2486004987230497
146732.06706811473	3000.0	1146.9103471182589	0.0	0	0.0	1878.9774152330065	1	0	tensor(3)	2.2486004987230497
147486.56009428448	3000.0	1392.4173209485093	0.0	0	0.0	1878.9774152330065	1	0	tensor(3)	2.2486004987230497
148200.0	3000.0	1678.9774152329653	0.0	0	79.33874444820685	1878.9774152329774	1	0	tensor(3)	2.2486004987230515
149200.0	3000.0	1678.9774152329599	0.0	0	291.6689499410277	1878.9774152329774	1	0	tensor(3)	2.2486004987230515
150200.0	3000.0	1678.9774152329405	0.0	0	512.8241393497447	1878.9774152329774	1	0	tensor(3)	2.2486004987230515
151213.07398149217	3000.0	1665.903433740789	0.0	0	0.0	1878.9774152329774	1	0	tensor(3)	2.2486004987230515
152200.0	3000.0	1678.9774152329462	0.0	0	117.14745210041292	1878.9774152330065	1	0	tensor(3)	2.2486004987230497
153531.66641275963	3000.0	1347.3110024733157	0.0	0	0.0	1878.9774152329774	1	0	tensor(3)	2.2486004987230515
154663.50412051508	3000.0	1215.4732947178563	0.0	0	0.0	1878.9774152330065	1	0	tensor(3)	2.2486004987230497
156422.15110885052	3000.0	456.8263063824015	0.0	0	0.0	1878.9774152329774	1	0	tensor(3)	2.2486004987230506
157315.3451857349	1000.0	563.6322294979967	0.0	0	0.0	1878.9774152329483	1	0	tensor(3)	0.05137592138683372
157931.1060203698	1000.0	947.8713948631125	0.0	0	0.0	1878.9774152329483	1	0	tensor(3)	1.149988210054944
158731.35135236382	1000.0	1147.6260628690686	0.0	0	0.0	1878.97741523289	1	0	tensor(3)	1.1499882100549457
159640.76309368305	1000.0	1238.2143215498281	0.0	0	0.0	1878.97741523289	1	0	tensor(3)	1.1499882100549472
160295.18540439	1000.0	1583.7920108428966	0.0	0	0.0	1878.97741523289	1	0	tensor(3)	1.1499882100549472
161200.0	1000.0	1678.9774152329285	0.0	0	24.388478805078194	1878.97741523289	1	0	tensor(3)	1.1499882100549472
162200.0	1000.0	1678.9774152329348	0.0	0	171.3240610116918	1878.97741523289	1	0	tensor(3)	1.1499882100549472
163428.62405264293	2000.0	1450.353362590019	0.0	0	0.0	1878.9774152329192	1	0	tensor(3)	1.1499882100549452
164328.8477174067	2000.0	1550.1296978262903	0.0	0	0.0	1878.9774152329483	1	0	tensor(3)	1.8431353906148886
165200.0	2000.0	1678.9774152329944	0.0	0	74.78765614551958	1878.9774152329483	1	0	tensor(3)	1.8431353906148886
166200.0	3000.0	1678.9774152329635	0.0	0	38.45237799762981	1878.9774152329483	1	0	tensor(3)	1.8431353906148888
167330.67424007063	3000.0	1548.3031751623018	0.0	0	0.0	1878.9774152329192	1	0	tensor(3)	2.248600498723055
168453.59648865554	3000.0	1425.3809265774223	0.0	0	0.0	1878.9774152329192	1	0	tensor(3)	2.248600498723055
169772.37427398056	3000.0	1106.6031412524273	0.0	0	0.0	1878.9774152329774	1	0	tensor(3)	2.2486004987230532
170525.5190906349	2000.0	1353.458324598077	0.0	0	0.0	1878.9774152329483	1	0	tensor(3)	1.437670282506724
171200.0	3000.0	1678.9774152329858	0.0	0	25.32755791177624	1878.9774152329483	1	0	tensor(3)	1.8431353906148888
172200.0	3000.0	1678.97741523299	0.0	0	296.01832476395066	1878.9774152329483	1	0	tensor(3)	2.2486004987230537
173200.0	3000.0	1678.9774152329974	0.0	0	357.8159298239625	1878.9774152329483	1	0	tensor(3)	2.2486004987230537
174436.864814659	3000.0	1442.1126005740127	0.0	0	0.0	1878.9774152329774	1	0	tensor(3)	2.248600498723052
176529.0814574187	3000.0	349.8959578143152	0.0	0	0.0	1878.9774152329483	1	0	tensor(3)	2.2486004987230537
178457.1420827501	2000.0	200.0	778.1646675170746	0	0.0	2657.142082750099	1	0	tensor(3)	-3.2902990198351194
179441.62742026008	1000.0	464.2196327755331	248.7049702854904	0	0.0	2905.847053035599	1	0	tensor(3)	-1.14491004732614
180297.17075994107	1000.0	608.6762930945333	0.0	0	0.0	2905.847053035599	1	0	tensor(3)	1.0404669549467473
180822.0047822685	1000.0	1083.8422707671052	0.0	0	0.0	2905.847053035628	1	0	tensor(3)	1.0404669549467436
181841.76298478493	2000.0	1064.0840682506573	0.0	0	0.0	2905.847053035657	1	0	tensor(3)	1.0404669549467407
183176.6750547306	2000.0	729.1719983050076	0.0	0	0.0	2905.847053035657	1	0	tensor(3)	1.7336141355066828
183874.26216279928	1000.0	1031.5848902363286	0.0	0	0.0	2905.847053035657	1	0	tensor(3)	0.3473197743867925
185104.74429369989	2000.0	801.1027593357363	0.0	0	0.0	2905.8470530356863	1	0	tensor(3)	1.0404669549467338
186758.80239370023	2000.0	200.0	52.95534066462457	0	0.0	2958.8023937003454	1	0	tensor(3)	1.414082141613688
187106.78505953125	500.0	852.0173341689521	0.0	0	0.0	2958.8023937003454	1	0	tensor(3)	-1.0479743362592817
188191.7860110279	2000.0	767.0163826723108	0.0	0	0.0	2958.8023937003454	1	0	tensor(3)	0.3383200248606091
188965.5338347183	2000.0	993.2685589819142	0.0	0	0.0	2958.8023937003745	1	0	tensor(3)	1.7246143859804954
189707.31752852662	2000.0	1251.4848651736042	0.0	0	0.0	2958.8023937003454	1	0	tensor(3)	1.7246143859804957
190353.70842782603	2000.0	1605.0939658742252	0.0	0	0.0	2958.8023937003454	1	0	tensor(3)	1.7246143859804997
191133.51112754777	3000.0	1825.2912661524322	0.0	0	0.0	2958.8023937003163	1	0	tensor(3)	1.7246143859805048
192114.02585259595	3000.0	1844.7765411042778	0.0	0	0.0	2958.8023937003454	1	0	tensor(3)	2.1300794940886645
193129.05616898445	3000.0	1829.7462247157555	0.0	0	0.0	2958.8023937003745	1	0	tensor(3)	2.1300794940886605
194111.59730788023	3000.0	1847.2050858199702	0.0	0	0.0	2958.8023937003745	1	0	tensor(3)	2.1300794940886596
195599.39679166634	3000.0	1359.4056020338653	0.0	0	0.0	2958.8023937003745	1	0	tensor(3)	2.1300794940886596
197082.36159751323	3000.0	876.440796186988	0.0	0	0.0	2958.8023937004036	1	0	tensor(3)	2.1300794940886543
197876.10065840583	2000.0	1082.7017352944167	0.0	0	0.0	2958.8023937004327	1	0	tensor(3)	1.3191492778723217
198723.82550942866	2000.0	1234.976884271595	0.0	0	0.0	2958.802393700462	1	0	tensor(3)	1.7246143859804834
199507.59277144124	2000.0	1451.2096222590205	0.0	0	0.0	2958.802393700462	1	0	tensor(3)	1.7246143859804794
200004.78490739004	2000.0	1954.0174863102563	0.0	0	0.0	2958.802393700462	1	0	tensor(3)	1.7246143859804794
200862.45160409948	3000.0	2096.350789600801	0.0	0	0.0	2958.802393700462	1	0	tensor(3)	1.7246143859804777
201553.28288282105	3000.0	2405.519510879221	0.0	0	0.0	2958.802393700462	1	0	tensor(3)	2.130079494088644
202741.96640848726	3000.0	2216.8359852129925	0.0	0	0.0	2958.802393700491	1	0	tensor(3)	2.130079494088639
204802.40085451544	3000.0	1156.401539184816	0.0	0	0.0	2958.802393700491	1	0	tensor(3)	2.130079494088635
205947.1022537477	2000.0	1011.7001399525462	0.0	0	0.0	2958.80239370052	1	0	tensor(3)	1.3191492778723046
206779.3991749432	1000.0	1179.4032187570851	0.0	0	0.0	2958.80239370052	1	0	tensor(3)	0.3383200248605788
207585.00625448508	1000.0	1373.796139215181	0.0	0	0.0	2958.80239370052	1	0	tensor(3)	1.031467205420524
208323.27368283714	1000.0	1635.5287108631178	0.0	0	0.0	2958.80239370052	1	0	tensor(3)	1.031467205420524
208941.6638060388	1000.0	2017.1385876614595	0.0	0	0.0	2958.80239370052	1	0	tensor(3)	1.031467205420524
209854.63359574115	2000.0	2104.168797959115	0.0	0	0.0	2958.80239370052	1	0	tensor(3)	1.0314672054205238
210900.46745021353	2000.0	2058.334943486716	0.0	0	0.0	2958.802393700549	1	0	tensor(3)	1.7246143859804641
211900.87094092823	2000.0	2057.93145277202	0.0	0	0.0	2958.802393700549	1	0	tensor(3)	1.7246143859804641
213079.5905681017	3000.0	1879.211825598539	0.0	0	0.0	2958.8023937005782	1	0	tensor(3)	1.7246143859804612
214921.0550861888	3000.0	1037.7473075114633	0.0	0	0.0	2958.8023937006074	1	0	tensor(3)	2.13007949408862
216045.17411625505	2000.0	913.628277445205	0.0	0	0.0	2958.8023937005782	1	0	tensor(3)	1.3191492778722926
217626.34764770244	2000.0	332.4547459978212	0.0	0	0.0	2958.8023937005782	1	0	tensor(3)	1.724614385980459
218024.65697865674	1000.0	934.1454150434851	0.0	0	0.0	2958.8023937005782	1	0	tensor(3)	0.33832002486056884
218750.76147887573	2000.0	1208.0409148244776	0.0	0	0.0	2958.802393700549	1	0	tensor(3)	1.0314672054205158
219566.8919698534	2000.0	1391.9104238468303	0.0	0	0.0	2958.802393700549	1	0	tensor(3)	1.7246143859804641
221284.69770208336	3000.0	674.1046916168664	0.0	0	0.0	2958.80239370052	1	0	tensor(3)	1.7246143859804672
221746.29581505922	1000.0	1212.5065786410019	0.0	0	0.0	2958.80239370052	1	0	tensor(3)	-0.06714508324758567
222972.02407943373	2000.0	986.7783142664904	0.0	0	0.0	2958.802393700462	1	0	tensor(3)	1.0314672054205323
224001.7234195095	2000.0	957.0789741907073	0.0	0	0.0	2958.802393700462	1	0	tensor(3)	1.7246143859804794
225058.6299808855	2000.0	900.1724128147256	0.0	0	0.0	2958.802393700462	1	0	tensor(3)	1.7246143859804794
226121.03201800113	2000.0	837.7703756991215	0.0	0	0.0	2958.802393700462	1	0	tensor(3)	1.7246143859804794
226860.37483020127	2000.0	1098.4275634989513	0.0	0	0.0	2958.8023937004036	1	0	tensor(3)	1.7246143859804874
227450.47358898103	2000.0	1508.3288047191645	0.0	0	0.0	2958.8023937004036	1	0	tensor(3)	1.7246143859804894
228793.95588454374	2000.0	1164.8465091564758	0.0	0	0.0	2958.8023937004036	1	0	tensor(3)	1.7246143859804894
229595.59345654363	2000.0	1363.208937156594	0.0	0	0.0	2958.8023937004036	1	0	tensor(3)	1.7246143859804894
230787.1682956454	2000.0	1171.6340980548002	0.0	0	0.0	2958.8023937003745	1	0	tensor(3)	1.7246143859804905
231752.3816329997	2000.0	1206.4207607004814	0.0	0	0.0	2958.8023937004036	1	0	tensor(3)	1.7246143859804937
232600.5551486699	2000.0	1358.2472450302844	0.0	0	0.0	2958.8023937004036	1	0	tensor(3)	1.7246143859804894
233482.09694346657	2000.0	1476.7054502336034	0.0	0	0.0	2958.8023937004036	1	0	tensor(3)	1.7246143859804894
234751.04765895178	3000.0	1207.7547347483928	0.0	0	0.0	2958.8023937003745	1	0	tensor(3)	1.7246143859804948
235865.8328966404	2000.0	1092.969497059772	0.0	0	0.0	2958.8023937004036	1	0	tensor(3)	1.3191492778723248
236844.9396600063	2000.0	1113.8627336938546	0.0	0	0.0	2958.8023937004036	1	0	tensor(3)	1.7246143859804894
237891.87063404656	2000.0	1066.931759653588	0.0	0	0.0	2958.8023937004036	1	0	tensor(3)	1.7246143859804894
239062.3625308265	2000.0	896.4398628736387	0.0	0	0.0	2958.8023937004036	1	0	tensor(3)	1.7246143859804894
239721.00628339392	1000.0	1237.796110306192	0.0	0	0.0	2958.8023937004036	1	0	tensor(3)	0.3383200248605992
241306.5522621334	2000.0	652.2501315666831	0.0	0	0.0	2958.8023937004036	1	0	tensor(3)	1.0314672054205443
242124.1992882228	1000.0	834.603105477302	0.0	0	0.0	2958.8023937004036	1	0	tensor(3)	0.3383200248605992
242715.97915106386	1000.0	1242.823242636233	0.0	0	0.0	2958.8023937004036	1	0	tensor(3)	1.0314672054205445
243855.3161236237	2000.0	1103.486270076412	0.0	0	0.0	2958.8023937003745	1	0	tensor(3)	1.0314672054205465
244933.19012142433	2000.0	1025.6122722757593	0.0	0	0.0	2958.8023937003745	1	0	tensor(3)	1.7246143859804945
245915.15992798549	2000.0	1043.6424657146042	0.0	0	0.0	2958.8023937004036	1	0	tensor(3)	1.7246143859804928
246691.4852928346	2000.0	1267.3171008654908	0.0	0	0.0	2958.8023937004036	1	0	tensor(3)	1.7246143859804894
247591.54325423864	2000.0	1367.259139461492	0.0	0	0.0	2958.8023937004036	1	0	tensor(3)	1.7246143859804894
248289.67218554913	3000.0	1669.1302081510162	0.0	0	0.0	2958.8023937004327	1	0	tensor(3)	1.7246143859804846
249334.97375175424	3000.0	1623.8286419459134	0.0	0	0.0	2958.8023937004327	1	0	tensor(3)	2.1300794940886494
250548.77741809492	3000.0	1410.0249756052333	0.0	0	0.0	2958.802393700462	1	0	tensor(3)	2.130079494088644
252278.0333223828	3000.0	680.769071317354	0.0	0	0.0	2958.8023937004327	1	0	tensor(3)	2.1300794940886494
253178.51144119469	2000.0	780.2909525054675	0.0	0	0.0	2958.8023937004327	1	0	tensor(3)	1.3191492778723197
254557.37586228512	3000.0	401.42653141499045	0.0	0	0.0	2958.802393700462	1	0	tensor(3)	1.7246143859804794
255518.33050132898	2000.0	497.21966624255015	56.747773871409834	0	0.0	3015.5501675718697	1	0	tensor(3)	0.9685253564198975
256521.67159072668	2000.0	493.8785768448291	0.0	0	0.0	3015.5501675718697	1	0	tensor(3)	1.714477107756521
257490.32755469708	2000.0	525.2226128744287	0.0	0	0.0	3015.5501675718697	1	0	tensor(3)	1.714477107756521
257928.57294550337	1000.0	1086.977222068175	0.0	0	0.0	3015.5501675718697	1	0	tensor(3)	0.3281827466366307
258695.5860242171	2000.0	1319.9641433544564	0.0	0	0.0	3015.550167571899	1	0	tensor(3)	1.0213299271965748
259874.959559422	2000.0	1140.5906081495748	0.0	0	0.0	3015.550167571899	1	0	tensor(3)	1.7144771077565157
260703.88219062073	2000.0	1311.6679769508364	0.0	0	0.0	3015.550167571899	1	0	tensor(3)	1.7144771077565157
261640.04506393813	2000.0	1375.5051036334564	0.0	0	0.0	3015.550167571899	1	0	tensor(3)	1.7144771077565157
262277.20683530706	2000.0	1738.3433322645171	0.0	0	0.0	3015.550167571899	1	0	tensor(3)	1.7144771077565157
263753.3929280341	3000.0	1262.157239537459	0.0	0	0.0	3015.550167571899	1	0	tensor(3)	1.7144771077565202
265303.30035633605	2000.0	712.2498112355005	0.0	0	0.0	3015.5501675718697	1	0	tensor(3)	1.3090119996483522
267091.19437920314	2000.0	200.0	275.64421163156953	0	0.0	3291.194379203487	1	0	tensor(3)	0.030924824014999436
267551.15003331297	500.0	781.8684594213416	41.824113531140625	0	0.0	3333.0184927346418	1	0	tensor(3)	-1.3763231089378052
267972.9850863372	500.0	1360.033406397096	0.0	0	0.0	3333.0184927346418	1	0	tensor(3)	0.26091593336892877
268953.9764774576	1000.0	1379.0420152766796	0.0	0	0.0	3333.0184927346418	1	0	tensor(3)	0.2609159333689288
269813.8325198886	1000.0	1519.1859728457603	0.0	0	0.0	3333.0184927345836	1	0	tensor(3)	0.9540631139288884
270293.33404998714	1000.0	2039.684442747167	0.0	0	0.0	3333.0184927346418	1	0	tensor(3)	0.9540631139288742
270852.8538346594	1000.0	2480.1646580749884	0.0	0	0.0	3333.0184927346418	1	0	tensor(3)	0.9540631139288742
271870.06774709735	2000.0	2462.950745636973	0.0	0	0.0	3333.0184927346418	1	0	tensor(3)	0.9540631139288743
272961.36408093484	2000.0	2371.6544117994627	0.0	0	0.0	3333.0184927346418	1	0	tensor(3)	1.6472102944888194
274302.70728982054	2000.0	2030.3112029137721	0.0	0	0.0	3333.0184927346418	1	0	tensor(3)	1.6472102944888194
275401.3809806653	1000.0	1931.6375120690261	0.0	0	0.0	3333.0184927345836	1	0	tensor(3)	0.26091593336894325
276273.5230443719	1000.0	2059.4954483624133	0.0	0	0.0	3333.0184927345836	1	0	tensor(3)	0.9540631139288884
277038.1680330391	1000.0	2294.850459695262	0.0	0	0.0	3333.0184927345254	1	0	tensor(3)	0.9540631139289024
277754.64119739365	1000.0	2578.3772953407347	0.0	0	0.0	3333.0184927345254	1	0	tensor(3)	0.9540631139289024
278840.2889765362	2000.0	2492.7295161981037	0.0	0	0.0	3333.0184927345254	1	0	tensor(3)	0.9540631139289024
279955.6128064606	3000.0	2377.4056862737243	0.0	0	0.0	3333.0184927345254	1	0	tensor(3)	1.6472102944888478
280567.3284565598	3000.0	2765.6900361744993	0.0	0	0.0	3333.018492734467	1	0	tensor(3)	2.0526754025970266
281200.0	3000.0	3133.0184927342193	0.0	0	81.85770616721129	3333.018492734467	1	0	tensor(3)	2.0526754025970266
282200.0	6000.0	3133.018492734193	0.0	0	96.43236393941334	3333.018492734467	1	0	tensor(3)	2.0526754025970266
283200.0	6000.0	3133.0184927342398	0.0	0	291.74487815232715	3333.018492734467	1	0	tensor(3)	2.7458225831569716
284645.71647904126	6000.0	2687.3020136929317	0.0	0	0.0	3333.018492734467	1	0	tensor(3)	2.7458225831569716
286878.5466037709	6000.0	1454.4718889631908	0.0	0	0.0	3333.018492734409	1	0	tensor(3)	2.7458225831569743
287848.32290104334	3000.0	1484.6955916907393	0.0	0	0.0	3333.018492734409	1	0	tensor(3)	1.3595282220370957
289319.1763056279	3000.0	1013.842187106131	0.0	0	0.0	3333.018492734467	1	0	tensor(3)	2.0526754025970266
290025.7402759708	3000.0	1307.2782167632458	0.0	0	0.0	3333.018492734467	1	0	tensor(3)	2.0526754025970266
291198.6712779317	3000.0	1134.3472148023093	0.0	0	0.0	3333.018492734467	1	0	tensor(3)	2.0526754025970266
292084.20190841187	3000.0	1248.816584322156	0.0	0	0.0	3333.018492734467	1	0	tensor(3)	2.0526754025970266
293035.12222454295	3000.0	1297.8962681910489	0.0	0	0.0	3333.0184927345254	1	0	tensor(3)	2.0526754025970124
294470.5608951029	3000.0	862.4575976311439	0.0	0	0.0	3333.0184927345254	1	0	tensor(3)	2.0526754025970124
295647.2329907891	3000.0	685.7855019450094	0.0	0	0.0	3333.0184927345836	1	0	tensor(3)	2.052675402596998
296435.930570038	3000.0	897.0879226961605	0.0	0	0.0	3333.0184927345836	1	0	tensor(3)	2.052675402596998
297434.0996853688	3000.0	898.9188073652795	0.0	0	0.0	3333.0184927345836	1	0	tensor(3)	2.052675402596998
298271.24068400747	3000.0	1061.7778087266113	0.0	0	0.0	3333.0184927345254	1	0	tensor(3)	2.0526754025970124
298995.1844048244	3000.0	1337.8340879096875	0.0	0	0.0	3333.0184927345254	1	0	tensor(3)	2.0526754025970124
299686.3627085811	3000.0	1646.6557841529284	0.0	0	0.0	3333.0184927345254	1	0	tensor(3)	2.0526754025970124
300637.60442027904	3000.0	1695.4140724549104	0.0	0	0.0	3333.018492734467	1	0	tensor(3)	2.0526754025970266
301728.38321863936	3000.0	1604.6352740945988	0.0	0	0.0	3333.018492734467	1	0	tensor(3)	2.0526754025970266
302667.2804126263	3000.0	1665.7380801077022	0.0	0	0.0	3333.018492734409	1	0	tensor(3)	2.052675402597041
304175.7783896629	3000.0	1157.2401030710666	0.0	0	0.0	3333.018492734409	1	0	tensor(3)	2.052675402597041
2.47	2.53	2.9	2.27	1.44	1.25	1.46	1.47	1.56	1.2	1.76	2.36	2.97	3.65	4.26	2.92	2.02	2.5	3.19	3.83	4.31	4.38	2.4	1.55	1.51	1.34	1.26	1.34	1.47	1.91	2.18	1.48	1.9	2.15	1.05	1.48	2.04	2.69	3.23	3.04	3.36	3.82	2.73	1.96	1.63	1.91	2.1	2.77	3.31	3.82	3.56	1.37	2.11	1.9	1.11	1.17	1.48	1.97	1.98	2.21	2.92	3.23	1.55	1.58	1.49	1.76	2.29	2.69	2.33	1.67	2.2	2.42	2.43	1.86	2.64	2.61	1.38	2.41	2.07	2.53	2.46	2.9	2.12	1.56	1.98	2.22	2.32	1.6	1.85	1.34	1.56	2.25	2.26	2.56	2.43	2.95	3.43	3.07	3.36	2.14	2.54	3.13	2.48	2.31	2.2	1.67	2.41	1.75	1.8	2.41	2.84	1.88	1.34	1.66	1.09	0.89	1.39	1.54	1.68	1.85	2.36	2.24	0.83	1.09	1.27	1.84	2.4	3.01	3.7	5.87	8.44	4.37	4.34	3.24	3.9	3.46	1.93	3.73	2.94	3.43	4.05	2.92	2.53	3.09	3.68	4.24	5.03	4.48	3.73	2.18	2.47	2.53	2.9	2.27	1.44	1.25	1.46	1.47	1.56	1.2	1.76	2.36	2.97	3.65	4.26	2.92	2.02	2.5	3.19	3.83	4.31	4.38	2.4	1.55	1.51	1.34	1.26	1.34	1.47	1.91	2.18	1.48	1.9	2.15	1.05	1.48	2.04	2.69	3.23	3.04	3.36	3.82	2.73	1.96	1.63	1.91	2.1	2.77	3.31	3.82	3.56	1.37	2.11	1.9	1.11	1.17	1.48	1.97	1.98	2.21	2.92	3.23	1.55	1.58	1.49	1.76	2.29	2.69	2.33	1.67	2.2	2.42	2.43	1.86	2.64	2.61	1.38	2.41	2.07	2.53	2.46	2.9	2.12	1.56	1.98	2.22	2.32	1.6	1.85	1.34	1.56	2.25	2.26	2.56	2.43	2.95	3.43	3.07	3.36	2.14	2.54	3.13	2.48	2.31	2.2	1.67	2.41	1.75	1.8	2.41	2.84	1.88	1.34	1.66	1.09	0.89	1.39	1.54	1.68	1.85	2.36	2.24	0.83	1.09	1.27	1.84	2.4	3.01	3.7	5.87	8.44	4.37	4.34	3.24	3.9	3.46	1.93	3.73	2.94	3.43	4.05	2.92	2.53	3.09	3.68	4.24	5.03	4.48	3.73	2.18	2.47	2.53	2.9	2.27	1.44
1.0	2.0	3.0	4.0	5.0	6.0	7.0	8.0	9.0	10.0	11.0	12.0	13.0	14.0	15.0	16.0	17.0	18.0	19.0	20.0	21.0	22.0	23.0	24.0	25.0	26.0	27.0	28.0	29.0	30.0	31.0	32.0	33.0	34.0	35.0	36.0	37.0	38.0	39.0	40.0	41.0	42.0	43.0	44.0	45.0	46.0	47.0	48.0	49.0	50.0	51.0	52.0	53.0	54.0	55.0	56.0	57.0	58.0	59.0	60.0	61.0	62.0	63.0	64.0	65.0	66.0	67.0	68.0	69.0	70.0	71.0	72.0	73.0	74.0	75.0	76.0	77.0	78.0	79.0	80.0	81.0	82.0	83.0	84.0	85.0	86.0	87.0	88.0	89.0	90.0	91.0	92.0	93.0	94.0	95.0	96.0	97.0	98.0	99.0	100.0	101.0	102.0	103.0	104.0	105.0	106.0	107.0	108.0	109.0	110.0	111.0	112.0	113.0	114.0	115.0	116.0	117.0	118.0	119.0	120.0	121.0	122.0	123.0	124.0	125.0	126.0	127.0	128.0	129.0	130.0	131.0	132.0	133.0	134.0	135.0	136.0	137.0	138.0	139.0	140.0	141.0	142.0	143.0	144.0	145.0	146.0	147.0	148.0	149.0	149.0	150.0	151.0	152.0	153.0	154.0	155.0	156.0	157.0	158.0	159.0	160.0	161.0	162.0	163.0	164.0	165.0	166.0	167.0	168.0	169.0	170.0	171.0	172.0	173.0	174.0	175.0	176.0	177.0	178.0	179.0	180.0	181.0	182.0	183.0	184.0	185.0	186.0	187.0	188.0	189.0	190.0	191.0	192.0	193.0	194.0	195.0	196.0	197.0	198.0	199.0	200.0	201.0	202.0	203.0	204.0	205.0	206.0	207.0	208.0	209.0	210.0	211.0	212.0	213.0	214.0	215.0	216.0	217.0	218.0	219.0	220.0	221.0	222.0	223.0	224.0	225.0	226.0	227.0	228.0	229.0	230.0	231.0	232.0	233.0	234.0	235.0	236.0	237.0	238.0	239.0	240.0	241.0	242.0	243.0	244.0	245.0	246.0	247.0	248.0	249.0	250.0	251.0	252.0	253.0	254.0	255.0	256.0	257.0	258.0	259.0	260.0	261.0	262.0	263.0	264.0	265.0	266.0	267.0	268.0	269.0	270.0	271.0	272.0	273.0	274.0	275.0	276.0	277.0	278.0	279.0	280.0	281.0	282.0	283.0	284.0	285.0	286.0	287.0	288.0	289.0	290.0	291.0	292.0	293.0	294.0	295.0	296.0	297.0	298.0	298.0	299.0	300.0	301.0	302.0	303.0
2660.864564949323
