6043.375372792104	300.0	2000.0	193.82443683706484	0	0.0	4043.375372792104	1	0	tensor(6)	-7.630492091887912
7200.0	300.0	1843.4000000000005	0.0	0	836.9192273376684	2043.3999999999987	1	0	tensor(6)	-6.06518560558459
8200.0	2000.0	1843.3999999999999	0.0	0	248.30072137475963	2043.3999999999978	1	0	tensor(3)	-0.0651856055845913
9728.622340913083	3000.0	1314.7776590869141	0.0	0	0.0	2043.399999999995	1	0	tensor(3)	1.8319343793012903
10753.419381165682	2000.0	1289.9806188343166	0.0	0	0.0	2043.399999999996	1	0	tensor(3)	1.4264692711931257
12167.776559629358	2000.0	875.6234403706403	0.0	0	0.0	2043.399999999996	1	0	tensor(3)	1.8319343793012903
12977.630626824623	2000.0	1065.7693731753748	0.0	0	0.0	2043.3999999999978	1	0	tensor(3)	1.83193437930129
14332.183755791011	2000.0	711.2162442089868	0.0	0	0.0	2043.3999999999978	1	0	tensor(3)	1.83193437930129
15352.467690800238	2000.0	690.9323091997604	0.0	0	0.0	2043.3999999999978	1	0	tensor(3)	1.83193437930129
16268.029928719488	2000.0	775.3700712805113	0.0	0	0.0	2043.3999999999996	1	0	tensor(3)	1.83193437930129
17282.748822916576	1000.0	760.651177083425	0.0	0	0.0	2043.4000000000015	1	0	tensor(3)	0.44564001818139964
18324.28353308247	1000.0	719.1164669175314	0.0	0	0.0	2043.400000000005	1	0	tensor(3)	1.1387871987413445
19096.013164632506	1000.0	947.3868353674952	0.0	0	0.0	2043.4000000000015	1	0	tensor(3)	1.1387871987413445
19750.649935430036	1000.0	1292.7500645699668	0.0	0	0.0	2043.4000000000015	1	0	tensor(3)	1.1387871987413447
20306.691534332895	1000.0	1736.7084656671054	0.0	0	0.0	2043.4000000000015	1	0	tensor(3)	1.1387871987413447
21715.12566710708	2000.0	1328.274332892919	0.0	0	0.0	2043.4000000000015	1	0	tensor(3)	1.1387871987413447
22511.274374320164	1000.0	1532.1256256798388	0.0	0	0.0	2043.4000000000015	1	0	tensor(3)	0.4456400181813996
23416.44168755973	1000.0	1626.958312440272	0.0	0	0.0	2043.4000000000015	1	0	tensor(3)	1.1387871987413447
24372.71615805176	1000.0	1670.6838419482397	0.0	0	0.0	2043.4000000000015	1	0	tensor(3)	1.1387871987413447
25438.151795058595	1000.0	1605.2482049414036	0.0	0	0.0	2043.4000000000015	1	0	tensor(3)	1.1387871987413447
26200.0	1000.0	1843.399999999997	0.0	0	83.57990852513831	2043.4000000000015	1	0	tensor(3)	1.1387871987413447
27488.840550896566	2000.0	1554.5594491034285	0.0	0	0.0	2043.4000000000015	1	0	tensor(3)	1.1387871987413447
28275.60128650849	2000.0	1767.7987134915093	0.0	0	0.0	2043.4000000000015	1	0	tensor(3)	1.8319343793012899
29200.0	2000.0	1843.3999999999983	0.0	0	54.69361816388846	2043.4000000000015	1	0	tensor(3)	1.8319343793012899
30558.7241929024	2000.0	1484.675807097601	0.0	0	0.0	2043.4000000000015	1	0	tensor(3)	1.8319343793012899
31701.208552554228	2000.0	1342.1914474457717	0.0	0	0.0	2043.400000000005	1	0	tensor(3)	1.8319343793012897
33511.62706831002	2000.0	531.7729316899735	0.0	0	0.0	2043.4000000000015	1	0	tensor(3)	1.8319343793012899
34257.41527876953	1000.0	785.984721230461	0.0	0	0.0	2043.3999999999942	1	0	tensor(3)	0.4456400181813998
34845.04770459678	1000.0	1198.3522954032087	0.0	0	0.0	2043.399999999987	1	0	tensor(3)	1.1387871987413456
35824.15073123273	1000.0	1219.2492687672548	0.0	0	0.0	2043.399999999987	1	0	tensor(3)	1.1387871987413458
36475.1944900481	1000.0	1568.205509951878	0.0	0	0.0	2043.399999999987	1	0	tensor(3)	1.1387871987413458
37387.049948433196	2000.0	1656.350051566789	0.0	0	0.0	2043.3999999999942	1	0	tensor(3)	1.1387871987413454
38666.6628840838	2000.0	1376.7371159161823	0.0	0	0.0	2043.3999999999942	1	0	tensor(3)	1.8319343793012903
39388.26648447365	1000.0	1655.133515526338	0.0	0	0.0	2043.3999999999942	1	0	tensor(3)	0.44564001818140014
41001.56612631928	2000.0	1041.8338736807075	0.0	0	0.0	2043.3999999999942	1	0	tensor(3)	1.1387871987413454
42040.45944676692	1000.0	1002.940553233068	0.0	0	0.0	2043.3999999999942	1	0	tensor(3)	0.44564001818140014
42885.74084600936	1000.0	1157.6591539906262	0.0	0	0.0	2043.399999999987	1	0	tensor(3)	1.1387871987413458
43396.616910810895	1000.0	1646.783089189089	0.0	0	0.0	2043.399999999987	1	0	tensor(3)	1.1387871987413458
44303.10565109781	2000.0	1740.2943489021795	0.0	0	0.0	2043.399999999987	1	0	tensor(3)	1.1387871987413458
45200.0	2000.0	1843.3999999999935	0.0	0	60.608491792867426	2043.3999999999942	1	0	tensor(3)	1.8319343793012903
46200.0	3000.0	1843.3999999999892	0.0	0	77.46828144422034	2043.3999999999942	1	0	tensor(3)	1.8319343793012905
47294.46132858661	2000.0	1748.9386714133866	0.0	0	0.0	2043.3999999999942	1	0	tensor(3)	1.4264692711931257
49524.130429965095	2000.0	519.2695700349036	0.0	0	0.0	2043.4000000000015	1	0	tensor(3)	1.8319343793012899
50017.29513208836	500.0	1026.1048679116352	0.0	0	0.0	2043.4000000000015	1	0	tensor(3)	-0.9406543429384915
50976.19326249362	2000.0	1067.2067375063696	0.0	0	0.0	2043.4000000000015	1	0	tensor(3)	0.4456400181813993
51555.04420505242	1000.0	1488.3557949475753	0.0	0	0.0	2043.4000000000015	1	0	tensor(3)	0.4456400181813996
52500.978570155596	2000.0	1542.4214298443985	0.0	0	0.0	2043.4000000000015	1	0	tensor(3)	1.1387871987413447
54063.421056118525	2000.0	979.9789438814717	0.0	0	0.0	2043.4000000000015	1	0	tensor(3)	1.8319343793012899
55184.131718327975	2000.0	859.2682816720171	0.0	0	0.0	2043.4000000000015	1	0	tensor(3)	1.8319343793012899
56625.56667518288	2000.0	417.83332481710653	0.0	0	0.0	2043.4000000000015	1	0	tensor(3)	1.8319343793012899
57150.58797250891	500.0	892.8120274910838	0.0	0	0.0	2043.4000000000087	1	0	tensor(3)	-0.9406543429384917
58195.01733769504	1000.0	848.3826623049588	0.0	0	0.0	2043.4000000000087	1	0	tensor(3)	0.4456400181813988
59060.50367199427	1000.0	982.8963280057169	0.0	0	0.0	2043.4000000000015	1	0	tensor(3)	1.1387871987413447
59834.11903267859	1000.0	1209.2809673214003	0.0	0	0.0	2043.4000000000015	1	0	tensor(3)	1.1387871987413447
60522.25208050884	1000.0	1521.147919491143	0.0	0	0.0	2043.4000000000015	1	0	tensor(3)	1.1387871987413447
61525.39164050799	2000.0	1518.0083594919993	0.0	0	0.0	2043.4000000000015	1	0	tensor(3)	1.1387871987413447
62755.85159483736	2000.0	1287.548405162632	0.0	0	0.0	2043.4000000000015	1	0	tensor(3)	1.8319343793012899
63513.30944090261	1000.0	1530.0905590973755	0.0	0	0.0	2043.3999999999942	1	0	tensor(3)	0.44564001818140014
65104.7198577611	2000.0	938.6801422388949	0.0	0	0.0	2043.3999999999942	1	0	tensor(3)	1.1387871987413454
65969.68950579737	1000.0	1073.7104942026172	0.0	0	0.0	2043.399999999987	1	0	tensor(3)	0.44564001818140025
66560.59280347693	1000.0	1482.8071965230556	0.0	0	0.0	2043.399999999987	1	0	tensor(3)	1.1387871987413456
67694.10872944666	2000.0	1349.291270553324	0.0	0	0.0	2043.3999999999796	1	0	tensor(3)	1.1387871987413458
68800.8621615145	2000.0	1242.5378384854966	0.0	0	0.0	2043.3999999999796	1	0	tensor(3)	1.8319343793012917
69750.53344207964	2000.0	1292.866557920346	0.0	0	0.0	2043.3999999999796	1	0	tensor(3)	1.8319343793012917
71004.33924604037	2000.0	1039.0607539596294	0.0	0	0.0	2043.3999999999942	1	0	tensor(3)	1.8319343793012908
72427.27321246045	2000.0	616.1267875395529	0.0	0	0.0	2043.4000000000087	1	0	tensor(3)	1.8319343793012894
73271.78334233744	2000.0	771.6166576625616	0.0	0	0.0	2043.4000000000087	1	0	tensor(3)	1.8319343793012894
74798.80275962215	2000.0	244.59724037785236	0.0	0	0.0	2043.4000000000087	1	0	tensor(3)	1.8319343793012894
75393.90272368706	1000.0	718.7747806720564	69.27750435911136	0	0.0	2112.6775043591333	1	0	tensor(3)	0.02469770017021089
75951.30416205997	1000.0	1161.3733422991384	0.0	0	0.0	2112.6775043591333	1	0	tensor(3)	1.1335099068848242
77510.10449096069	2000.0	602.5730133984349	0.0	0	0.0	2112.677504359148	1	0	tensor(3)	1.1335099068848231
78123.85630702537	1000.0	988.8211973337425	0.0	0	0.0	2112.6775043591333	1	0	tensor(3)	0.44036272632487905
78671.32161415544	1000.0	1441.3558902036525	0.0	0	0.0	2112.6775043591188	1	0	tensor(3)	1.1335099068848253
79748.11519735538	2000.0	1364.5623070037311	0.0	0	0.0	2112.6775043591188	1	0	tensor(3)	1.1335099068848253
80794.69983409054	2000.0	1317.9776702685806	0.0	0	0.0	2112.6775043591188	1	0	tensor(3)	1.8266570874447705
81869.69870600215	2000.0	1242.978798356985	0.0	0	0.0	2112.6775043591188	1	0	tensor(3)	1.8266570874447705
82767.5396938112	2000.0	1345.1378105479473	0.0	0	0.0	2112.6775043591188	1	0	tensor(3)	1.8266570874447705
84741.27256367923	3000.0	371.40494067992375	0.0	0	0.0	2112.6775043591333	1	0	tensor(3)	1.8266570874447696
85265.90170251382	1000.0	846.7758018453496	0.0	0	0.0	2112.6775043591333	1	0	tensor(3)	0.03489761821671444
86832.46834911517	2000.0	280.2091552440137	0.0	0	0.0	2112.6775043591333	1	0	tensor(3)	1.1335099068848242
88201.61119338492	1000.0	275.6923651628592	364.6260541885853	0	0.0	2477.303558547719	1	0	tensor(3)	-1.7817334144589476
88738.02642224009	500.0	748.3482860170151	9.071149709323436	0	0.0	2486.374708257048	1	0	tensor(3)	-0.3425660679214101
89517.53798399837	1000.0	968.8367242587319	0.0	0	0.0	2486.374708257048	1	0	tensor(3)	0.4050080108944762
90023.7861085481	1000.0	1462.5885997089988	0.0	0	0.0	2486.374708257048	1	0	tensor(3)	1.0981551914544216
91086.2610568255	2000.0	1400.1136514315835	0.0	0	0.0	2486.374708257048	1	0	tensor(3)	1.0981551914544214
92500.87208661996	2000.0	985.5026216371305	0.0	0	0.0	2486.374708257048	1	0	tensor(3)	1.7913023720143668
94148.69544354256	1000.0	337.6792647145429	0.0	0	0.0	2486.374708257048	1	0	tensor(3)	0.4050080108944764
94853.22671834822	500.0	651.7895013844222	18.641511475539232	0	0.0	2505.0162197325844	1	0	tensor(3)	-0.40210131244481473
95584.27486090802	500.0	920.7413588246236	0.0	0	0.0	2505.0162197325844	1	0	tensor(3)	0.4028949369683662
96226.99202923916	500.0	1278.0241904934746	0.0	0	0.0	2505.01621973257	1	0	tensor(3)	0.40289493696836787
97124.01307186994	1000.0	1381.0031478626795	0.0	0	0.0	2505.01621973257	1	0	tensor(3)	0.4028949369683679
97921.66614160457	1000.0	1583.350078128049	0.0	0	0.0	2505.01621973257	1	0	tensor(3)	1.0960421175283133
98910.52060045415	1000.0	1594.4956192784648	0.0	0	0.0	2505.01621973257	1	0	tensor(3)	1.0960421175283133
99663.38916102622	1000.0	1841.6270587064057	0.0	0	0.0	2505.01621973257	1	0	tensor(3)	1.0960421175283133
100458.48255513106	1000.0	2046.533664601552	0.0	0	0.0	2505.01621973257	1	0	tensor(3)	1.0960421175283133
101200.0	1000.0	2305.016219732627	0.0	0	94.536945105021	2505.0162197325844	1	0	tensor(3)	1.0960421175283117
102417.11396253084	2000.0	2087.902257201803	0.0	0	0.0	2505.0162197325844	1	0	tensor(3)	1.0960421175283117
103200.0	1000.0	2305.0162197326486	0.0	0	56.84679504984524	2505.0162197325844	1	0	tensor(3)	0.4028949369683665
104674.87030683753	2000.0	1830.1459128951058	0.0	0	0.0	2505.01621973257	1	0	tensor(3)	1.0960421175283133
105467.33310839387	1000.0	2037.6831113387707	0.0	0	0.0	2505.01621973257	1	0	tensor(3)	0.40289493696836814
106200.0	1000.0	2305.0162197326467	0.0	0	28.343842894857517	2505.01621973257	1	0	tensor(3)	1.0960421175283133
108266.62657249496	2000.0	1238.3896472376944	0.0	0	0.0	2505.01621973257	1	0	tensor(3)	1.0960421175283133
109398.611779195	1000.0	1106.4044405376776	0.0	0	0.0	2505.01621973257	1	0	tensor(3)	0.40289493696836814
110124.75603854879	1000.0	1380.2601811838858	0.0	0	0.0	2505.01621973257	1	0	tensor(3)	1.0960421175283133
111108.98078302837	1000.0	1396.0354367043017	0.0	0	0.0	2505.01621973257	1	0	tensor(3)	1.0960421175283133
112013.6175926055	1000.0	1491.3986271271624	0.0	0	0.0	2505.01621973257	1	0	tensor(3)	1.0960421175283133
112499.43682013487	1000.0	2005.5793995977672	0.0	0	0.0	2505.01621973257	1	0	tensor(3)	1.0960421175283133
113710.61132596078	2000.0	1794.40489377185	0.0	0	0.0	2505.0162197325844	1	0	tensor(3)	1.0960421175283117
114361.65063983844	1000.0	2143.365579894181	0.0	0	0.0	2505.0162197325844	1	0	tensor(3)	0.4028949369683665
115200.0	1000.0	2305.016219732608	0.0	0	104.86862298777851	2505.0162197325844	1	0	tensor(3)	1.0960421175283117
116663.29242695519	2000.0	1841.7237927774192	0.0	0	0.0	2505.0162197325844	1	0	tensor(3)	1.0960421175283117
117200.0	1000.0	2305.0162197326144	0.0	0	45.186281020520255	2505.0162197325844	1	0	tensor(3)	0.4028949369683665
118200.0	2000.0	2305.0162197326213	0.0	0	11.991082901935442	2505.016219732599	1	0	tensor(3)	1.09604211752831
119839.37307703818	2000.0	1665.6431426944337	0.0	0	0.0	2505.016219732599	1	0	tensor(3)	1.789189298088255
120521.85569499641	1000.0	1983.160524736201	0.0	0	0.0	2505.016219732599	1	0	tensor(3)	0.4028949369683648
121568.09979643884	2000.0	1936.916423293776	0.0	0	0.0	2505.016219732599	1	0	tensor(3)	1.09604211752831
122307.92621605984	2000.0	2197.0900036727908	0.0	0	0.0	2505.0162197326135	1	0	tensor(3)	1.789189298088254
123200.0	2000.0	2305.0162197326313	0.0	0	213.10935047478415	2505.0162197326135	1	0	tensor(3)	1.7891892980882536
124269.93714532684	3000.0	2235.0790744057877	0.0	0	0.0	2505.0162197326135	1	0	tensor(3)	1.7891892980882536
125783.21465399206	2000.0	1721.8015657405774	0.0	0	0.0	2505.016219732628	1	0	tensor(3)	1.3837241899800872
127484.31505748817	2000.0	1020.7011622444822	0.0	0	0.0	2505.016219732628	1	0	tensor(3)	1.7891892980882518
128766.92139842166	2000.0	738.0948213110004	0.0	0	0.0	2505.016219732628	1	0	tensor(3)	1.7891892980882518
129201.07927679142	1000.0	1303.9369429412552	0.0	0	0.0	2505.016219732628	1	0	tensor(3)	0.4028949369683615
130435.73241182532	2000.0	1069.2838079073608	0.0	0	0.0	2505.016219732628	1	0	tensor(3)	1.0960421175283066
131456.2425832884	2000.0	1048.773636444263	0.0	0	0.0	2505.016219732628	1	0	tensor(3)	1.7891892980882513
133224.05504693007	2000.0	280.96117280261774	0.0	0	0.0	2505.016219732657	1	0	tensor(3)	1.7891892980882511
133787.03787991937	1000.0	730.9109866959246	12.932646882604189	0	0.0	2517.9488666152465	1	0	tensor(3)	0.32381116450839575
134661.05346101502	1000.0	856.8954056002808	0.0	0	0.0	2517.9488666152756	1	0	tensor(3)	1.0945542263639627
136016.7232664375	1000.0	501.2256001777925	0.0	0	0.0	2517.9488666152756	1	0	tensor(3)	1.0945542263639627
137045.53408551426	500.0	495.50282237784154	23.088041276803892	0	0.0	2541.036907892063	1	0	tensor(3)	-0.43297004006752976
137884.5779987703	500.0	656.4589091218043	0.0	0	0.0	2541.036907892092	1	0	tensor(3)	0.39870538815323553
138523.9844944846	500.0	1017.0524134075013	0.0	0	0.0	2541.036907892063	1	0	tensor(3)	0.398705388153239
139165.7601560495	500.0	1375.2767518426022	0.0	0	0.0	2541.036907892063	1	0	tensor(3)	0.398705388153239
140131.29469588946	1000.0	1409.742212002658	0.0	0	0.0	2541.036907892063	1	0	tensor(3)	0.398705388153239
141234.53806056766	1000.0	1306.4988473244566	0.0	0	0.0	2541.036907892092	1	0	tensor(3)	1.091852568713181
141968.1957552614	1000.0	1572.8411526307077	0.0	0	0.0	2541.0369078921212	1	0	tensor(3)	1.0918525687131777
142735.1658535496	1000.0	1805.8710543424997	0.0	0	0.0	2541.0369078921212	1	0	tensor(3)	1.0918525687131777
143386.4489740448	1000.0	2154.587933847335	0.0	0	0.0	2541.0369078921212	1	0	tensor(3)	1.0918525687131777
144247.95710693818	1000.0	2293.0798009539453	0.0	0	0.0	2541.0369078921212	1	0	tensor(3)	1.0918525687131777
145378.7101574127	2000.0	2162.326750479416	0.0	0	0.0	2541.0369078921212	1	0	tensor(3)	1.0918525687131775
146369.02180995204	1000.0	2172.015097940062	0.0	0	0.0	2541.036907892092	1	0	tensor(3)	0.3987053881532359
147748.73751369733	1000.0	1792.2993941947732	0.0	0	0.0	2541.036907892063	1	0	tensor(3)	1.0918525687131844
148757.10846003046	1000.0	1783.9284478616223	0.0	0	0.0	2541.036907892063	1	0	tensor(3)	1.0918525687131844
149329.80028984218	1000.0	2211.2366180498866	0.0	0	0.0	2541.036907892063	1	0	tensor(3)	1.0918525687131844
150200.0	1000.0	2341.0369078920503	0.0	0	302.66255696013104	2541.036907892063	1	0	tensor(3)	1.0918525687131844
151688.59332163422	2000.0	1852.4435862578011	0.0	0	0.0	2541.036907892063	1	0	tensor(3)	1.0918525687131844
152905.89601861354	2000.0	1635.1408892785512	0.0	0	0.0	2541.036907892092	1	0	tensor(3)	1.7849997492731262
153988.5055508717	2000.0	1552.5313570204266	0.0	0	0.0	2541.0369078921212	1	0	tensor(3)	1.7849997492731227
155038.31906091093	2000.0	1502.7178469812072	0.0	0	0.0	2541.0369078921212	1	0	tensor(3)	1.7849997492731227
155981.33177185367	2000.0	1559.7051360384758	0.0	0	0.0	2541.0369078921212	1	0	tensor(3)	1.7849997492731227
157028.2127001974	2000.0	1512.8242076947595	0.0	0	0.0	2541.0369078921212	1	0	tensor(3)	1.7849997492731227
158151.13849633178	2000.0	1389.8984115603357	0.0	0	0.0	2541.036907892092	1	0	tensor(3)	1.7849997492731262
159427.4226979051	2000.0	1113.614209986997	0.0	0	0.0	2541.036907892092	1	0	tensor(3)	1.7849997492731262
160892.1263997607	2000.0	648.9105081314183	0.0	0	0.0	2541.036907892092	1	0	tensor(3)	1.7849997492731262
162137.30007387602	2000.0	403.7368340160949	0.0	0	0.0	2541.036907892092	1	0	tensor(3)	1.7849997492731262
162626.2581137759	1000.0	914.7787941162517	0.0	0	0.0	2541.036907892092	1	0	tensor(3)	0.3987053881532359
163440.69982455674	2000.0	1100.3370833354597	0.0	0	0.0	2541.036907892092	1	0	tensor(3)	1.091852568713181
164283.74593242267	2000.0	1257.2909754695606	0.0	0	0.0	2541.036907892092	1	0	tensor(3)	1.7849997492731262
165942.7846947703	2000.0	598.2522131219607	0.0	0	0.0	2541.0369078921503	1	0	tensor(3)	1.784999749273122
166652.09434694095	1000.0	888.9425609512836	0.0	0	0.0	2541.0369078921503	1	0	tensor(3)	0.398705388153229
167458.99207457333	1000.0	1082.044833318903	0.0	0	0.0	2541.0369078921503	1	0	tensor(3)	1.0918525687131742
168311.22275364143	1000.0	1229.8141542508067	0.0	0	0.0	2541.0369078921212	1	0	tensor(3)	1.0918525687131777
168983.8122292505	1000.0	1557.2246786417168	0.0	0	0.0	2541.0369078921212	1	0	tensor(3)	1.0918525687131777
169873.56421823913	2000.0	1667.4726896530829	0.0	0	0.0	2541.0369078921212	1	0	tensor(3)	1.0918525687131775
171559.34602815492	2000.0	981.6908797372995	0.0	0	0.0	2541.0369078921212	1	0	tensor(3)	1.7849997492731227
172641.78061367356	1000.0	899.2562942186463	0.0	0	0.0	2541.0369078921212	1	0	tensor(3)	0.3987053881532324
173914.48173520635	1000.0	626.5551726858704	0.0	0	0.0	2541.0369078921212	1	0	tensor(3)	1.0918525687131777
174403.1250211503	500.0	1137.911886741909	0.0	0	0.0	2541.036907892092	1	0	tensor(3)	-0.29444179240671
175221.74887739346	1000.0	1319.2880304987457	0.0	0	0.0	2541.036907892063	1	0	tensor(3)	0.398705388153239
175699.9731873531	1000.0	1841.063720539079	0.0	0	0.0	2541.036907892063	1	0	tensor(3)	1.0918525687131844
176846.46223016724	2000.0	1694.5746777249467	0.0	0	0.0	2541.036907892063	1	0	tensor(3)	1.0918525687131844
177646.4707516021	2000.0	1894.5661562901032	0.0	0	0.0	2541.036907892063	1	0	tensor(3)	1.7849997492731295
178587.91751609737	2000.0	1953.1193917948438	0.0	0	0.0	2541.036907892063	1	0	tensor(3)	1.7849997492731295
179989.78302885388	2000.0	1551.2538790383292	0.0	0	0.0	2541.036907892063	1	0	tensor(3)	1.7849997492731295
181144.9595589867	2000.0	1396.0773489054884	0.0	0	0.0	2541.036907892063	1	0	tensor(3)	1.7849997492731295
183000.19148716822	2000.0	540.8454207240223	0.0	0	0.0	2541.036907892092	1	0	tensor(3)	1.7849997492731289
183605.8414085986	1000.0	935.1954992936401	0.0	0	0.0	2541.036907892092	1	0	tensor(3)	0.3987053881532359
185158.80111015704	2000.0	382.2357977351784	0.0	0	0.0	2541.036907892092	1	0	tensor(3)	1.091852568713181
185774.61210410524	1000.0	766.4248037869725	0.0	0	0.0	2541.036907892092	1	0	tensor(3)	0.3987053881532359
186928.79323564857	2000.0	612.2436722436444	0.0	0	0.0	2541.036907892063	1	0	tensor(3)	1.0918525687131817
187920.76944401624	1000.0	620.2674638759449	0.0	0	0.0	2541.036907892063	1	0	tensor(3)	0.39870538815323925
188488.89711679457	1000.0	1052.1397910976398	0.0	0	0.0	2541.036907892034	1	0	tensor(3)	1.091852568713188
189365.43136197652	1000.0	1175.6055459156742	0.0	0	0.0	2541.036907892034	1	0	tensor(3)	1.091852568713188
190008.5906422231	1000.0	1532.4462656690787	0.0	0	0.0	2541.036907892005	1	0	tensor(3)	1.0918525687131915
190771.79702057855	1000.0	1769.2398873136663	0.0	0	0.0	2541.036907892005	1	0	tensor(3)	1.0918525687131915
191791.4391386547	1000.0	1749.5977692375393	0.0	0	0.0	2541.036907892034	1	0	tensor(3)	1.091852568713188
192251.8939004797	1000.0	2289.143007412519	0.0	0	0.0	2541.036907892034	1	0	tensor(3)	1.091852568713188
193288.91385704052	2000.0	2252.123050851708	0.0	0	0.0	2541.036907892005	1	0	tensor(3)	1.0918525687131906
194200.0	2000.0	2341.036907892213	0.0	0	191.0579020070436	2541.0369078919757	1	0	tensor(3)	1.7849997492731378
195256.32268456978	3000.0	2284.71422332242	0.0	0	0.0	2541.0369078919466	1	0	tensor(3)	1.784999749273142
197128.33927973692	3000.0	1412.6976281552734	0.0	0	0.0	2541.0369078919466	1	0	tensor(3)	2.190464857381311
198952.39050503817	2000.0	588.6464028540205	0.0	0	0.0	2541.0369078919466	1	0	tensor(3)	1.379534641164979
199813.8235783569	2000.0	727.2133295352592	0.0	0	0.0	2541.0369078919466	1	0	tensor(3)	1.7849997492731435
200711.54350690465	2000.0	829.4934009874798	0.0	0	0.0	2541.0369078919175	1	0	tensor(3)	1.7849997492731466
201218.646840285	1000.0	1322.3900676071662	0.0	0	0.0	2541.0369078919175	1	0	tensor(3)	0.39870538815325646
202013.26064551924	2000.0	1527.7762623728781	0.0	0	0.0	2541.0369078918884	1	0	tensor(3)	1.091852568713203
202759.7435968262	1000.0	1781.2933110659062	0.0	0	0.0	2541.0369078918884	1	0	tensor(3)	0.39870538815325995
203747.79442385593	2000.0	1793.2424840362205	0.0	0	0.0	2541.0369078918884	1	0	tensor(3)	1.0918525687132052
204795.0037421016	2000.0	1746.033165790531	0.0	0	0.0	2541.0369078918884	1	0	tensor(3)	1.7849997492731504
206498.11286609285	2000.0	1042.9240417993187	0.0	0	0.0	2541.0369078919466	1	0	tensor(3)	1.7849997492731449
207413.8642618123	1000.0	1127.172646079909	0.0	0	0.0	2541.0369078919466	1	0	tensor(3)	0.3987053881532531
208100.81582718962	1000.0	1440.2210807025822	0.0	0	0.0	2541.0369078919466	1	0	tensor(3)	1.0918525687131984
208747.74605962576	1000.0	1793.2908482664316	0.0	0	0.0	2541.0369078919466	1	0	tensor(3)	1.0918525687131984
209542.4496492647	1000.0	1998.5872586275248	0.0	0	0.0	2541.0369078919466	1	0	tensor(3)	1.0918525687131984
210507.8503696656	2000.0	2033.186538226648	0.0	0	0.0	2541.0369078919175	1	0	tensor(3)	1.0918525687132017
211773.56345054635	2000.0	1767.4734573458588	0.0	0	0.0	2541.0369078919175	1	0	tensor(3)	1.7849997492731466
212847.93360145486	2000.0	1693.1033064373278	0.0	0	0.0	2541.0369078919175	1	0	tensor(3)	1.7849997492731466
214020.9224214368	2000.0	1520.1144864554237	0.0	0	0.0	2541.0369078919466	1	0	tensor(3)	1.7849997492731458
214688.93048163535	1000.0	1852.1064262568607	0.0	0	0.0	2541.0369078919466	1	0	tensor(3)	0.3987053881532531
215340.1339475605	1000.0	2200.902960331712	0.0	0	0.0	2541.0369078919466	1	0	tensor(3)	1.0918525687131984
216355.56151291955	2000.0	2185.4753949726864	0.0	0	0.0	2541.0369078919757	1	0	tensor(3)	1.0918525687131946
217634.49440850306	2000.0	1906.5424993891606	0.0	0	0.0	2541.0369078919757	1	0	tensor(3)	1.7849997492731398
218786.01608561864	2000.0	1755.0208222735464	0.0	0	0.0	2541.0369078919757	1	0	tensor(3)	1.7849997492731398
220738.50689120413	2000.0	802.5300166880538	0.0	0	0.0	2541.036907892005	1	0	tensor(3)	1.7849997492731364
221297.50845968915	1000.0	1243.528448203034	0.0	0	0.0	2541.036907892005	1	0	tensor(3)	0.3987053881532462
222108.53889485408	2000.0	1432.498013038088	0.0	0	0.0	2541.0369078919757	1	0	tensor(3)	1.0918525687131946
223327.62668170925	2000.0	1213.410226182931	0.0	0	0.0	2541.0369078919757	1	0	tensor(3)	1.7849997492731398
223895.5132993934	1000.0	1645.5236084987707	0.0	0	0.0	2541.0369078919757	1	0	tensor(3)	0.3987053881532495
225594.34825737294	2000.0	946.6886505192134	0.0	0	0.0	2541.0369078919466	1	0	tensor(3)	1.0918525687131981
226077.6273210202	1000.0	1463.4095868719512	0.0	0	0.0	2541.0369078919466	1	0	tensor(3)	0.3987053881532531
226675.7962516677	1000.0	1865.240656224491	0.0	0	0.0	2541.0369078919466	1	0	tensor(3)	1.0918525687131984
227700.97656005618	2000.0	1840.0603478360083	0.0	0	0.0	2541.0369078919466	1	0	tensor(3)	1.0918525687131981
228838.88393280742	2000.0	1702.1529750847471	0.0	0	0.0	2541.0369078919466	1	0	tensor(3)	1.7849997492731435
229688.7089782792	2000.0	1852.3279296129733	0.0	0	0.0	2541.0369078919466	1	0	tensor(3)	1.7849997492731435
230635.52045488206	2000.0	1905.5164530100997	0.0	0	0.0	2541.0369078919175	1	0	tensor(3)	1.7849997492731466
231343.20439470385	2000.0	2197.832513188304	0.0	0	0.0	2541.0369078918884	1	0	tensor(3)	1.7849997492731504
232716.08368354832	3000.0	1824.9532243438182	0.0	0	0.0	2541.0369078918593	1	0	tensor(3)	1.7849997492731537
233677.02877831718	2000.0	1864.008129574938	0.0	0	0.0	2541.0369078918593	1	0	tensor(3)	1.3795346411649891
234600.57127141824	2000.0	1940.4656364738871	0.0	0	0.0	2541.03690789183	1	0	tensor(3)	1.784999749273157
236279.45466695787	2000.0	1261.5822409342627	0.0	0	0.0	2541.0369078918593	1	0	tensor(3)	1.7849997492731537
237878.6309896849	1000.0	662.4059182072544	0.0	0	0.0	2541.03690789183	1	0	tensor(3)	0.39870538815326406
238208.22077604936	500.0	1332.8161318427715	0.0	0	0.0	2541.03690789183	1	0	tensor(3)	-0.2944417924066789
238912.74872186672	1000.0	1628.2881860253929	0.0	0	0.0	2541.03690789183	1	0	tensor(3)	0.3987053881532666
239388.41250714674	1000.0	2152.6244007453624	0.0	0	0.0	2541.0369078918593	1	0	tensor(3)	1.0918525687132086
240495.0366948063	2000.0	2046.0002130858206	0.0	0	0.0	2541.03690789183	1	0	tensor(3)	1.091852568713212
241468.51442221695	2000.0	2072.5224856751593	0.0	0	0.0	2541.0369078918593	1	0	tensor(3)	1.7849997492731537
243401.0691108641	2000.0	1139.9677970280054	0.0	0	0.0	2541.0369078918884	1	0	tensor(3)	1.7849997492731524
244700.14429461272	1000.0	840.8926132794041	0.0	0	0.0	2541.0369078918884	1	0	tensor(3)	0.39870538815325995
245981.56869018282	1000.0	559.468217709257	0.0	0	0.0	2541.03690789183	1	0	tensor(3)	1.0918525687132092
246454.3476915151	500.0	1086.6892163769949	0.0	0	0.0	2541.03690789183	1	0	tensor(3)	-0.2944417924066789
247097.320795203	1000.0	1443.7161126891222	0.0	0	0.0	2541.03690789183	1	0	tensor(3)	0.3987053881532666
247666.63523017004	1000.0	1874.4016777221086	0.0	0	0.0	2541.03690789183	1	0	tensor(3)	1.0918525687132121
248266.6968857651	1000.0	2274.3400221270686	0.0	0	0.0	2541.03690789183	1	0	tensor(3)	1.0918525687132121
249200.0	1000.0	2341.036907892178	0.0	0	415.52758829225786	2541.03690789183	1	0	tensor(3)	1.0918525687132121
250200.0	1000.0	2341.0369078921594	0.0	0	274.2332356220868	2541.03690789183	1	0	tensor(3)	1.09185256871321
251519.1046175404	2000.0	2021.9322903517786	0.0	0	0.0	2541.0369078918593	1	0	tensor(3)	1.0918525687132086
253110.11465039878	2000.0	1430.9222574934192	0.0	0	0.0	2541.03690789183	1	0	tensor(3)	1.784999749273157
253971.193248976	1000.0	1569.8436589162266	0.0	0	0.0	2541.03690789183	1	0	tensor(3)	0.39870538815326684
255020.81088320483	1000.0	1520.226024687379	0.0	0	0.0	2541.03690789183	1	0	tensor(3)	1.0918525687132121
255782.1243797871	1000.0	1758.9125281051151	0.0	0	0.0	2541.036907891801	1	0	tensor(3)	1.0918525687132155
256634.3606424648	1000.0	1906.6762654274235	0.0	0	0.0	2541.036907891801	1	0	tensor(3)	1.0918525687132155
257979.15814801128	1000.0	1561.8787598809422	0.0	0	0.0	2541.036907891801	1	0	tensor(3)	1.0918525687132155
258674.37649992804	1000.0	1866.6604079641972	0.0	0	0.0	2541.036907891801	1	0	tensor(3)	1.0918525687132155
259413.19862819277	1000.0	2127.83827969949	0.0	0	0.0	2541.036907891801	1	0	tensor(3)	1.0918525687132155
260513.50650620623	1000.0	2027.5304016859984	0.0	0	0.0	2541.036907891801	1	0	tensor(3)	1.0918525687132155
261291.5485170067	1000.0	2249.4883908855127	0.0	0	0.0	2541.036907891801	1	0	tensor(3)	1.0918525687132155
262981.8159629133	2000.0	1559.2209449789693	0.0	0	0.0	2541.03690789183	1	0	tensor(3)	1.0918525687132132
263864.485294048	1000.0	1676.551613844213	0.0	0	0.0	2541.036907891772	1	0	tensor(3)	0.39870538815327233
264746.68608923064	1000.0	1794.3508186615404	0.0	0	0.0	2541.036907891801	1	0	tensor(3)	1.0918525687132168
265255.7794253545	1000.0	2285.257482537623	0.0	0	0.0	2541.036907891801	1	0	tensor(3)	1.0918525687132155
266682.5299871412	2000.0	1858.5069207509323	0.0	0	0.0	2541.036907891801	1	0	tensor(3)	1.0918525687132155
268055.02200156	2000.0	1486.0149063321837	0.0	0	0.0	2541.036907891801	1	0	tensor(3)	1.7849997492731606
269170.79339942214	2000.0	1370.2435084700705	0.0	0	0.0	2541.0369078918593	1	0	tensor(3)	1.7849997492731537
270039.49277076137	2000.0	1501.544137130887	0.0	0	0.0	2541.0369078919175	1	0	tensor(3)	1.7849997492731506
271122.1171612763	2000.0	1418.919746616037	0.0	0	0.0	2541.036907892034	1	0	tensor(3)	1.7849997492731355
271977.25981135137	2000.0	1563.7770965409356	0.0	0	0.0	2541.036907892034	1	0	tensor(3)	1.7849997492731329
272713.74168903346	3000.0	1827.2952188588058	0.0	0	0.0	2541.0369078919757	1	0	tensor(3)	1.78499974927314
273955.24374191795	3000.0	1585.7931659742926	0.0	0	0.0	2541.0369078919175	1	0	tensor(3)	2.1904648573813117
276092.95960789034	2000.0	448.0773000019135	0.0	0	0.0	2541.0369078919757	1	0	tensor(3)	1.3795346411649807
276735.8760511169	1000.0	805.1608567753453	0.0	0	0.0	2541.0369078919757	1	0	tensor(3)	0.3987053881532495
277374.9005881693	1000.0	1166.1363197229757	0.0	0	0.0	2541.0369078919175	1	0	tensor(3)	1.0918525687132017
278087.7147148711	1000.0	1453.3221930211475	0.0	0	0.0	2541.0369078919175	1	0	tensor(3)	1.0918525687132017
279383.4545576362	2000.0	1157.5823502559442	0.0	0	0.0	2541.0369078919175	1	0	tensor(3)	1.0918525687132017
280372.25747758726	2000.0	1168.7794303049618	0.0	0	0.0	2541.0369078919757	1	0	tensor(3)	1.784999749273141
281910.65714528004	2000.0	630.3797626122436	0.0	0	0.0	2541.0369078919757	1	0	tensor(3)	1.7849997492731398
282775.823392026	1000.0	765.213515866313	0.0	0	0.0	2541.0369078919757	1	0	tensor(3)	0.3987053881532495
283304.8928281873	1000.0	1236.1440797050222	0.0	0	0.0	2541.0369078919757	1	0	tensor(3)	1.0918525687131946
284127.7860218014	1000.0	1413.2508860909795	0.0	0	0.0	2541.036907892034	1	0	tensor(3)	1.091852568713192
285855.08659947006	1000.0	685.9503084222918	0.0	0	0.0	2541.0369078919757	1	0	tensor(3)	1.0918525687131946
286953.38209197554	500.0	587.6548159167703	0.0	0	0.0	2541.0369078919757	1	0	tensor(3)	-0.2944417924066961
287642.8280826824	500.0	898.2088252098918	0.0	0	0.0	2541.0369078919757	1	0	tensor(3)	0.3987053881532493
288364.1234380402	500.0	1176.913469852059	0.0	0	0.0	2541.0369078919757	1	0	tensor(3)	0.3987053881532493
289502.2197186016	1000.0	1038.817189290646	0.0	0	0.0	2541.036907892034	1	0	tensor(3)	0.3987053881532425
290336.2979477915	1000.0	1204.738960100699	0.0	0	0.0	2541.036907892034	1	0	tensor(3)	1.091852568713188
291018.59209363617	1000.0	1522.4448142560175	0.0	0	0.0	2541.036907892034	1	0	tensor(3)	1.091852568713188
291943.8248463923	1000.0	1597.212061499798	0.0	0	0.0	2541.0369078919757	1	0	tensor(3)	1.0918525687131893
292841.08316375647	1000.0	1699.9537441356083	0.0	0	0.0	2541.0369078919757	1	0	tensor(3)	1.0918525687131946
293316.0209763389	1000.0	2225.0159315531764	0.0	0	0.0	2541.0369078919175	1	0	tensor(3)	1.0918525687132017
294285.89043550065	2000.0	2255.1464723913687	0.0	0	0.0	2541.0369078919175	1	0	tensor(3)	1.0918525687132017
295978.177305242	2000.0	1562.8596026499729	0.0	0	0.0	2541.0369078919175	1	0	tensor(3)	1.7849997492731466
297110.35399590875	1000.0	1430.6829119832532	0.0	0	0.0	2541.0369078919757	1	0	tensor(3)	0.3987053881532523
297799.51863417926	1000.0	1741.518273712755	0.0	0	0.0	2541.0369078919757	1	0	tensor(3)	1.0918525687131946
298688.0705497304	1000.0	1852.9663581616198	0.0	0	0.0	2541.036907892034	1	0	tensor(3)	1.091852568713188
299254.523490246	1000.0	2286.5134176460497	0.0	0	0.0	2541.036907892034	1	0	tensor(3)	1.091852568713188
300200.0	2000.0	2341.036907892022	0.0	0	29.164930011495017	2541.036907892034	1	0	tensor(3)	1.0918525687131877
301200.0	2000.0	2341.0369078920576	0.0	0	130.57289073476568	2541.036907892034	1	0	tensor(3)	1.7849997492731329
302200.0	2000.0	2341.036907892088	0.0	0	261.2550699377898	2541.036907892092	1	0	tensor(3)	1.7849997492731302
303677.96201804455	2000.0	1863.0748898475094	0.0	0	0.0	2541.036907892092	1	0	tensor(3)	1.7849997492731262
304773.6941333339	2000.0	1767.3427745581262	0.0	0	0.0	2541.036907892092	1	0	tensor(3)	1.7849997492731262
2.17	2.49	2.41	1.69	1.44	1.7	1.86	1.9	1.9	2.28	1.38	1.33	1.09	1.48	1.95	1.34	1.16	1.07	0.79	1.39	1.88	2.49	2.18	1.59	1.48	1.93	1.56	1.2	1.59	1.15	1.84	1.73	1.17	1.41	1.66	1.16	1.33	1.93	2.54	2.99	2.24	1.08	1.17	0.71	2.0	1.74	2.09	1.49	1.87	2.15	1.0	1.03	1.53	1.48	1.75	2.02	1.56	1.73	1.3	1.3	1.78	2.06	2.0	2.07	1.33	1.52	2.07	2.33	1.45	1.34	1.67	1.62	1.69	2.06	2.44	2.32	2.97	2.24	1.63	1.73	1.2	0.76	0.88	1.33	2.09	2.15	1.22	0.65	0.6	0.8	1.03	1.15	1.33	1.69	1.17	1.56	1.48	1.81	1.37	1.26	1.36	0.86	0.9	1.45	1.31	1.1	1.77	1.3	1.33	1.56	1.75	1.82	1.36	1.66	1.75	2.18	2.75	3.17	1.9	1.17	1.17	1.41	1.82	1.88	2.18	1.71	0.97	1.44	1.45	0.65	0.57	0.58	0.65	0.88	1.15	1.42	1.23	1.31	1.8	1.47	0.9	0.94	1.36	1.41	1.67	1.76	2.37	1.68	1.78	1.67	2.17	2.49	2.41	1.69	1.44	1.7	1.86	1.9	1.9	2.28	1.38	1.33	1.09	1.48	1.95	1.34	1.16	1.07	0.79	1.39	1.88	2.49	2.18	1.59	1.48	1.93	1.56	1.2	1.59	1.15	1.84	1.73	1.17	1.41	1.66	1.16	1.33	1.93	2.54	2.99	2.24	1.08	1.17	0.71	2.0	1.74	2.09	1.49	1.87	2.15	1.0	1.03	1.53	1.48	1.75	2.02	1.56	1.73	1.3	1.3	1.78	2.06	2.0	2.07	1.33	1.52	2.07	2.33	1.45	1.34	1.67	1.62	1.69	2.06	2.44	2.32	2.97	2.24	1.63	1.73	1.2	0.76	0.88	1.33	2.09	2.15	1.22	0.65	0.6	0.8	1.03	1.15	1.33	1.69	1.17	1.56	1.48	1.81	1.37	1.26	1.36	0.86	0.9	1.45	1.31	1.1	1.77	1.3	1.33	1.56	1.75	1.82	1.36	1.66	1.75	2.18	2.75	3.17	1.9	1.17	1.17	1.41	1.82	1.88	2.18	1.71	0.97	1.44	1.45	0.65	0.57	0.58	0.65	0.88	1.15	1.42	1.23	1.31	1.8	1.47	0.9	0.94	1.36	1.41	1.67	1.76	2.37	1.68	1.78	1.67	2.17	2.49	2.41
1.0	2.0	3.0	4.0	5.0	6.0	7.0	8.0	9.0	10.0	11.0	12.0	13.0	14.0	15.0	16.0	17.0	18.0	19.0	20.0	21.0	22.0	23.0	24.0	25.0	26.0	27.0	28.0	29.0	30.0	31.0	32.0	33.0	34.0	35.0	36.0	37.0	38.0	39.0	40.0	41.0	42.0	43.0	44.0	45.0	46.0	47.0	48.0	49.0	50.0	51.0	52.0	53.0	54.0	55.0	56.0	57.0	58.0	59.0	60.0	61.0	62.0	63.0	64.0	65.0	66.0	67.0	68.0	69.0	70.0	71.0	72.0	73.0	74.0	75.0	76.0	77.0	78.0	79.0	80.0	81.0	82.0	83.0	84.0	85.0	86.0	87.0	88.0	89.0	90.0	91.0	92.0	93.0	94.0	95.0	96.0	97.0	98.0	99.0	100.0	101.0	102.0	103.0	104.0	105.0	106.0	107.0	108.0	109.0	110.0	111.0	112.0	113.0	114.0	115.0	116.0	117.0	118.0	119.0	120.0	121.0	122.0	123.0	124.0	125.0	126.0	127.0	128.0	129.0	130.0	131.0	132.0	133.0	134.0	135.0	136.0	137.0	138.0	139.0	140.0	141.0	142.0	143.0	144.0	145.0	146.0	147.0	148.0	149.0	149.0	150.0	151.0	152.0	153.0	154.0	155.0	156.0	157.0	158.0	159.0	160.0	161.0	162.0	163.0	164.0	165.0	166.0	167.0	168.0	169.0	170.0	171.0	172.0	173.0	174.0	175.0	176.0	177.0	178.0	179.0	180.0	181.0	182.0	183.0	184.0	185.0	186.0	187.0	188.0	189.0	190.0	191.0	192.0	193.0	194.0	195.0	196.0	197.0	198.0	199.0	200.0	201.0	202.0	203.0	204.0	205.0	206.0	207.0	208.0	209.0	210.0	211.0	212.0	213.0	214.0	215.0	216.0	217.0	218.0	219.0	220.0	221.0	222.0	223.0	224.0	225.0	226.0	227.0	228.0	229.0	230.0	231.0	232.0	233.0	234.0	235.0	236.0	237.0	238.0	239.0	240.0	241.0	242.0	243.0	244.0	245.0	246.0	247.0	248.0	249.0	250.0	251.0	252.0	253.0	254.0	255.0	256.0	257.0	258.0	259.0	260.0	261.0	262.0	263.0	264.0	265.0	266.0	267.0	268.0	269.0	270.0	271.0	272.0	273.0	274.0	275.0	276.0	277.0	278.0	279.0	280.0	281.0	282.0	283.0	284.0	285.0	286.0	287.0	288.0	289.0	290.0	291.0	292.0	293.0	294.0	295.0	296.0	297.0	298.0	298.0	299.0	300.0	301.0
5704.695789457163
