3279.09186651418	300.0	2000.0	148.64485282443178	0	0.0	3279.09186651418	1	0	tensor(3)	-1.1221211064909866
4165.77421906125	3000.0	2113.317647452931	0.0	0	0.0	3279.0918665141808	1	0	tensor(3)	-0.23711282811274198
5371.788623783005	3000.0	1907.303242731175	0.0	0	0.0	3279.0918665141803	1	0	tensor(3)	2.0654722648813038
6232.076201896335	3000.0	2047.0156646178461	0.0	0	0.0	3279.091866514181	1	0	tensor(3)	2.0654722648813038
7659.535854481766	2000.0	1619.5560120324162	0.0	0	0.0	3279.0918665141826	1	0	tensor(3)	1.2545420486649739
8811.009506623415	2000.0	1468.082359890767	0.0	0	0.0	3279.0918665141826	1	0	tensor(3)	1.6600071567731383
9642.988447325393	2000.0	1636.1034191887888	0.0	0	0.0	3279.0918665141826	1	0	tensor(3)	1.6600071567731383
10823.259563919506	3000.0	1455.832302594676	0.0	0	0.0	3279.0918665141826	1	0	tensor(3)	1.6600071567731383
12065.453363449913	2000.0	1213.6385030642705	0.0	0	0.0	3279.0918665141835	1	0	tensor(3)	1.2545420486649737
13041.16350044399	2000.0	1237.928366070193	0.0	0	0.0	3279.0918665141817	1	0	tensor(3)	1.6600071567731387
14967.500900759325	2000.0	311.5909657548573	0.0	0	0.0	3279.0918665141817	1	0	tensor(3)	1.6600071567731387
15267.396265082172	500.0	1011.6956014320094	0.0	0	0.0	3279.0918665141817	1	0	tensor(3)	-1.1125815654666424
15992.023992154474	1000.0	1287.0678743597052	0.0	0	0.0	3279.09186651418	1	0	tensor(3)	0.27371279565324846
16377.260543658163	1000.0	1901.8313228560166	0.0	0	0.0	3279.09186651418	1	0	tensor(3)	0.966859976213194
17178.793883386883	2000.0	2100.2979831272964	0.0	0	0.0	3279.09186651418	1	0	tensor(3)	0.9668599762131935
18185.057922408054	3000.0	2094.033944106123	0.0	0	0.0	3279.09186651418	1	0	tensor(3)	1.6600071567731394
19344.53156473061	3000.0	1934.5603017835645	0.0	0	0.0	3279.091866514176	1	0	tensor(3)	2.065472264881304
20402.6897090007	3000.0	1876.402157513474	0.0	0	0.0	3279.091866514176	1	0	tensor(3)	2.0654722648813046
21509.66678096766	3000.0	1769.4250855465204	0.0	0	0.0	3279.09186651418	1	0	tensor(3)	2.0654722648813038
22435.900356035625	3000.0	1843.1915104785508	0.0	0	0.0	3279.09186651418	1	0	tensor(3)	2.0654722648813038
23306.125151882115	3000.0	1972.9667146320617	0.0	0	0.0	3279.0918665141835	1	0	tensor(3)	2.065472264881303
25334.796991272513	3000.0	944.2948752416657	0.0	0	0.0	3279.0918665141835	1	0	tensor(3)	2.065472264881303
26254.265517999927	2000.0	1024.8263485142525	0.0	0	0.0	3279.0918665141835	1	0	tensor(3)	1.2545420486649737
27158.11456685619	3000.0	1120.9772996579884	0.0	0	0.0	3279.0918665141835	1	0	tensor(3)	1.6600071567731383
28279.24496017594	3000.0	999.8469063382373	0.0	0	0.0	3279.09186651418	1	0	tensor(3)	2.0654722648813038
29150.319446126632	3000.0	1128.7724203875441	0.0	0	0.0	3279.09186651418	1	0	tensor(3)	2.0654722648813038
29919.71549193683	3000.0	1359.3763745773485	0.0	0	0.0	3279.09186651418	1	0	tensor(3)	2.0654722648813038
30850.98099108329	3000.0	1428.11087543089	0.0	0	0.0	3279.09186651418	1	0	tensor(3)	2.0654722648813038
31822.876038652696	3000.0	1456.2158278614809	0.0	0	0.0	3279.09186651418	1	0	tensor(3)	2.0654722648813038
33007.643730254684	3000.0	1271.4481362594893	0.0	0	0.0	3279.091866514176	1	0	tensor(3)	2.065472264881304
33714.26118391332	3000.0	1564.830682600859	0.0	0	0.0	3279.091866514176	1	0	tensor(3)	2.0654722648813046
34777.00257046205	3000.0	1502.0892960521267	0.0	0	0.0	3279.091866514176	1	0	tensor(3)	2.065472264881304
35662.49599141864	3000.0	1616.5958750955392	0.0	0	0.0	3279.09186651418	1	0	tensor(3)	2.065472264881304
36244.49979284433	3000.0	2034.5920736698372	0.0	0	0.0	3279.0918665141726	1	0	tensor(3)	2.065472264881305
36941.61319720467	3000.0	2337.478669309501	0.0	0	0.0	3279.0918665141726	1	0	tensor(3)	2.0654722648813055
37663.80863469944	3000.0	2615.2832318147316	0.0	0	0.0	3279.0918665141726	1	0	tensor(3)	2.0654722648813055
38358.29872393167	3000.0	2920.7931425824922	0.0	0	0.0	3279.0918665141726	1	0	tensor(3)	2.0654722648813055
39771.126232412615	3000.0	2507.965634101553	0.0	0	0.0	3279.0918665141726	1	0	tensor(3)	2.0654722648813055
42234.70293315165	3000.0	1044.3889333625123	0.0	0	0.0	3279.0918665141726	1	0	tensor(3)	2.0654722648813055
43457.40762854682	2000.0	821.6842379673418	0.0	0	0.0	3279.0918665141726	1	0	tensor(3)	1.2545420486649759
44744.16989405814	2000.0	534.9219724560141	0.0	0	0.0	3279.0918665141726	1	0	tensor(3)	1.6600071567731405
45253.8547269058	1000.0	1025.2371396083568	0.0	0	0.0	3279.0918665141726	1	0	tensor(3)	0.27371279565325035
46100.67326552041	2000.0	1178.4186009937516	0.0	0	0.0	3279.0918665141726	1	0	tensor(3)	0.9668599762131954
46824.4706144377	2000.0	1454.6212520764655	0.0	0	0.0	3279.0918665141653	1	0	tensor(3)	1.6600071567731423
47583.37207700603	2000.0	1695.719789508127	0.0	0	0.0	3279.0918665141653	1	0	tensor(3)	1.6600071567731423
48585.73687650288	2000.0	1693.3549900112776	0.0	0	0.0	3279.0918665141726	1	0	tensor(3)	1.6600071567731405
49477.10271606223	2000.0	1801.9891504519255	0.0	0	0.0	3279.09186651418	1	0	tensor(3)	1.660007156773139
50800.23019673947	2000.0	1478.861669774693	0.0	0	0.0	3279.09186651418	1	0	tensor(3)	1.660007156773139
51791.50995779673	2000.0	1487.5819087174343	0.0	0	0.0	3279.09186651418	1	0	tensor(3)	1.660007156773139
53096.396651656454	2000.0	1182.6952148577063	0.0	0	0.0	3279.09186651418	1	0	tensor(3)	1.660007156773139
53814.61619053264	2000.0	1464.4756759815207	0.0	0	0.0	3279.09186651418	1	0	tensor(3)	1.660007156773139
54946.76688845174	2000.0	1332.3249780624171	0.0	0	0.0	3279.09186651418	1	0	tensor(3)	1.660007156773139
55733.704167885604	2000.0	1545.3876986285582	0.0	0	0.0	3279.09186651418	1	0	tensor(3)	1.660007156773139
56744.668105624834	3000.0	1534.4237608893322	0.0	0	0.0	3279.09186651418	1	0	tensor(3)	1.6600071567731391
57673.20773220022	3000.0	1605.8841343139484	0.0	0	0.0	3279.09186651418	1	0	tensor(3)	2.0654722648813038
59503.241777723066	3000.0	775.8500887911011	0.0	0	0.0	3279.09186651418	1	0	tensor(3)	2.0654722648813038
61123.05427762426	3000.0	200.0	43.96241111009414	0	0.0	3323.054277624273	1	0	tensor(3)	1.7946598848660464
61875.453481510005	2000.0	636.0211812235349	188.42038510927614	0	0.0	1511.474662733548	1	0	tensor(6)	-5.673426265906157
62678.45332570723	2000.0	833.0213370263052	0.0	0	0.0	1511.4746627335553	1	0	tensor(3)	1.8625611528576649
63221.46180733092	2000.0	1290.0128554026196	0.0	0	0.0	1511.474662733548	1	0	tensor(3)	1.862561152857665
64721.42003029293	3000.0	790.0546324406157	0.0	0	0.0	1511.4746627335553	1	0	tensor(3)	1.862561152857665
65948.66669660529	2000.0	562.8079661282543	0.0	0	0.0	1511.474662733548	1	0	tensor(3)	1.4570960447495005
66463.5478996845	1000.0	1047.9267630490358	0.0	0	0.0	1511.4746627335553	1	0	tensor(3)	0.4762667917377746
67912.92184301741	2000.0	598.5528197161251	0.0	0	0.0	1511.4746627335553	1	0	tensor(3)	1.1694139722977197
70003.54949141454	2000.0	200.0	692.0748286809928	0	0.0	2203.5494914145384	1	0	tensor(3)	-2.3215118015432403
70285.26644595165	500.0	918.2830454628938	0.0	0	0.0	2203.5494914145384	1	0	tensor(3)	-0.953407716411556
71043.78845862109	1000.0	1159.761032793469	0.0	0	0.0	2203.549491414524	1	0	tensor(3)	0.4328866447083359
71719.44109464173	1000.0	1484.108396772826	0.0	0	0.0	2203.549491414524	1	0	tensor(3)	1.1260338252682813
72687.3929922127	2000.0	1516.156499201876	0.0	0	0.0	2203.549491414524	1	0	tensor(3)	1.1260338252682813
73464.99845498455	2000.0	1738.5510364300353	0.0	0	0.0	2203.549491414524	1	0	tensor(3)	1.8191810058282265
74200.0	2000.0	2003.5494914145843	0.0	0	88.78906518178701	2203.549491414524	1	0	tensor(3)	1.8191810058282265
75249.41424589451	3000.0	1954.135245520065	0.0	0	0.0	2203.549491414524	1	0	tensor(3)	1.8191810058282267
76312.65196284551	2000.0	1890.8975285690763	0.0	0	0.0	2203.549491414524	1	0	tensor(3)	1.413715897720062
78253.5687612978	2000.0	949.9807301167784	0.0	0	0.0	2203.549491414524	1	0	tensor(3)	1.8191810058282265
79199.014502582	1000.0	1004.5349888325825	0.0	0	0.0	2203.5494914145092	1	0	tensor(3)	0.4328866447083373
80172.43918850404	1000.0	1031.1103029105375	0.0	0	0.0	2203.5494914145092	1	0	tensor(3)	1.1260338252682824
81208.94341569195	2000.0	994.6060757226373	0.0	0	0.0	2203.5494914145092	1	0	tensor(3)	1.1260338252682824
82190.99464674485	2000.0	1012.5548446697377	0.0	0	0.0	2203.5494914144947	1	0	tensor(3)	1.819181005828229
83508.08690661885	2000.0	695.4625847957506	0.0	0	0.0	2203.5494914144947	1	0	tensor(3)	1.819181005828229
84600.57894657	2000.0	602.9705448445831	0.0	0	0.0	2203.5494914144947	1	0	tensor(3)	1.819181005828229
86139.72446224978	2000.0	247.01722175910552	183.1921925943043	0	0.0	2386.7416840088117	1	0	tensor(3)	0.7028337734438967
86718.6585005217	1000.0	699.0641649845211	30.98098149734099	0	0.0	2417.722665506153	1	0	tensor(3)	0.22659144289176503
87960.03774059442	2000.0	457.68492491181	0.0	0	0.0	2417.722665506153	1	0	tensor(3)	1.105624512435756
88558.86364027929	1000.0	858.8590252269285	0.0	0	0.0	2417.722665506153	1	0	tensor(3)	0.4124773318758109
89723.67230799189	2000.0	694.0503575143189	0.0	0	0.0	2417.722665506153	1	0	tensor(3)	1.105624512435756
90452.16099677092	2000.0	965.5616687352972	0.0	0	0.0	2417.722665506153	1	0	tensor(3)	1.7987716929957012
91260.67678293191	2000.0	1157.0458825743158	0.0	0	0.0	2417.7226655061677	1	0	tensor(3)	1.7987716929956998
91934.10643947539	2000.0	1483.6162260308477	0.0	0	0.0	2417.7226655061822	1	0	tensor(3)	1.798771692995698
92776.34866288149	3000.0	1641.3740026247585	0.0	0	0.0	2417.7226655061822	1	0	tensor(3)	1.7987716929956983
94274.25946473285	3000.0	1143.4632007734003	0.0	0	0.0	2417.7226655061822	1	0	tensor(3)	2.204236801103863
95325.1074052593	2000.0	1092.615260246957	0.0	0	0.0	2417.722665506197	1	0	tensor(3)	1.3933065848875321
96313.71826975503	2000.0	1104.0043957512214	0.0	0	0.0	2417.722665506197	1	0	tensor(3)	1.7987716929956967
97001.16423571043	2000.0	1416.5584297958053	0.0	0	0.0	2417.722665506197	1	0	tensor(3)	1.7987716929956967
98131.87844309429	2000.0	1285.8442224119235	0.0	0	0.0	2417.7226655061822	1	0	tensor(3)	1.798771692995698
99424.86584338022	2000.0	992.8568221260057	0.0	0	0.0	2417.7226655061822	1	0	tensor(3)	1.798771692995698
100451.08244973666	2000.0	966.6402157695759	0.0	0	0.0	2417.722665506197	1	0	tensor(3)	1.7987716929956967
101420.05639767712	2000.0	997.6662678291134	0.0	0	0.0	2417.722665506197	1	0	tensor(3)	1.7987716929956967
102338.06895985267	2000.0	1079.653705653585	0.0	0	0.0	2417.722665506197	1	0	tensor(3)	1.7987716929956967
103421.98348105243	2000.0	995.739184453829	0.0	0	0.0	2417.722665506197	1	0	tensor(3)	1.7987716929956967
104319.71035522885	2000.0	1098.0123102774037	0.0	0	0.0	2417.7226655062113	1	0	tensor(3)	1.7987716929956952
105067.18954376163	2000.0	1350.533121744608	0.0	0	0.0	2417.7226655062113	1	0	tensor(3)	1.7987716929956952
106311.998778189	2000.0	1105.72388731725	0.0	0	0.0	2417.722665506226	1	0	tensor(3)	1.7987716929956936
107234.35362055387	2000.0	1183.3690449523683	0.0	0	0.0	2417.722665506226	1	0	tensor(3)	1.7987716929956936
108227.87200424612	2000.0	1189.8506612601109	0.0	0	0.0	2417.7226655062113	1	0	tensor(3)	1.7987716929956952
109062.86276139715	2000.0	1354.8599041090906	0.0	0	0.0	2417.7226655062113	1	0	tensor(3)	1.7987716929956952
110129.79438928462	3000.0	1287.9282762216055	0.0	0	0.0	2417.7226655062113	1	0	tensor(3)	1.7987716929956954
110856.18618240538	3000.0	1561.5364831008455	0.0	0	0.0	2417.7226655062113	1	0	tensor(3)	2.20423680110386
112001.84020308031	3000.0	1415.8824624258898	0.0	0	0.0	2417.7226655062113	1	0	tensor(3)	2.20423680110386
113263.5802802435	3000.0	1154.14238526269	0.0	0	0.0	2417.7226655062113	1	0	tensor(3)	2.20423680110386
114227.18980893576	2000.0	1190.5328565704456	0.0	0	0.0	2417.7226655062113	1	0	tensor(3)	1.3933065848875306
115049.87790290217	2000.0	1367.8447626040404	0.0	0	0.0	2417.7226655062113	1	0	tensor(3)	1.7987716929956952
115919.45705058303	2000.0	1498.2656149231727	0.0	0	0.0	2417.722665506226	1	0	tensor(3)	1.7987716929956936
116962.76071493459	2000.0	1454.96195057161	0.0	0	0.0	2417.722665506226	1	0	tensor(3)	1.7987716929956936
117541.02103813847	2000.0	1876.7016273677207	0.0	0	0.0	2417.7226655062404	1	0	tensor(3)	1.798771692995692
118548.12502000021	3000.0	1869.5976455059756	0.0	0	0.0	2417.7226655062404	1	0	tensor(3)	1.7987716929956923
119629.2673724237	3000.0	1788.455293082492	0.0	0	0.0	2417.7226655062404	1	0	tensor(3)	2.204236801103857
120404.25308855607	3000.0	2013.469576950134	0.0	0	0.0	2417.7226655062404	1	0	tensor(3)	2.204236801103857
121452.66060071689	3000.0	1965.0620647893074	0.0	0	0.0	2417.722665506226	1	0	tensor(3)	2.2042368011038587
122894.75983190395	3000.0	1522.9628336022386	0.0	0	0.0	2417.7226655062113	1	0	tensor(3)	2.20423680110386
124377.049465391	2000.0	1040.6732001152088	0.0	0	0.0	2417.7226655062113	1	0	tensor(3)	1.3933065848875306
125574.2585722599	2000.0	843.4640932463028	0.0	0	0.0	2417.7226655062113	1	0	tensor(3)	1.7987716929956952
126449.87762635939	2000.0	967.8450391468141	0.0	0	0.0	2417.7226655062113	1	0	tensor(3)	1.7987716929956952
127089.05441449705	2000.0	1328.6682510091548	0.0	0	0.0	2417.7226655062113	1	0	tensor(3)	1.7987716929956952
127826.17105857533	3000.0	1591.5516069308765	0.0	0	0.0	2417.7226655062113	1	0	tensor(3)	1.7987716929956954
128490.85889795884	3000.0	1926.8637675473763	0.0	0	0.0	2417.7226655062113	1	0	tensor(3)	2.20423680110386
129721.7408548797	3000.0	1695.9818106265207	0.0	0	0.0	2417.7226655062113	1	0	tensor(3)	2.20423680110386
130660.58096861045	3000.0	1757.1416968957612	0.0	0	0.0	2417.7226655062113	1	0	tensor(3)	2.20423680110386
132219.89274444839	3000.0	1197.8299210578207	0.0	0	0.0	2417.722665506197	1	0	tensor(3)	2.2042368011038613
133220.10897333125	2000.0	1197.6136921749717	0.0	0	0.0	2417.7226655062113	1	0	tensor(3)	1.3933065848875323
134232.1213144849	2000.0	1185.6013510213493	0.0	0	0.0	2417.7226655062113	1	0	tensor(3)	1.7987716929956952
135306.26579117237	3000.0	1111.456874333896	0.0	0	0.0	2417.7226655062404	1	0	tensor(3)	1.7987716929956923
136024.88684572343	2000.0	1392.835819782814	0.0	0	0.0	2417.7226655062404	1	0	tensor(3)	1.3933065848875275
136927.70724096117	2000.0	1490.0154245450733	0.0	0	0.0	2417.7226655062404	1	0	tensor(3)	1.798771692995692
139219.03538190867	2000.0	200.0	1.3127164024382125	0	0.0	2419.035381908703	1	0	tensor(3)	1.7908677290089523
139872.7991630887	1000.0	658.9895522924883	112.75333347250489	0	0.0	2531.7887153812044	1	0	tensor(3)	-0.2767253897266011
140551.70358668666	1000.0	980.0851286945151	0.0	0	0.0	2531.7887153812044	1	0	tensor(3)	1.0929417916683737
141024.58008512435	1000.0	1507.2086302568262	0.0	0	0.0	2531.7887153812044	1	0	tensor(3)	1.0929417916683737
142117.41121716748	2000.0	1414.3774982137184	0.0	0	0.0	2531.7887153812044	1	0	tensor(3)	1.0929417916683737
142780.30164772941	2000.0	1751.4870676517799	0.0	0	0.0	2531.7887153812044	1	0	tensor(3)	1.7860889722283189
144562.23319285768	3000.0	969.5555225235173	0.0	0	0.0	2531.7887153812044	1	0	tensor(3)	1.786088972228319
146331.29420330847	2000.0	200.49451207276655	0.0	0	0.0	2531.7887153812335	1	0	tensor(3)	1.380623864120151
146861.21465740784	500.0	746.5687019530843	75.99464397972122	0	0.0	2607.7833593609685	1	0	tensor(3)	-1.4517045141516363
147795.90670304306	1000.0	811.8766563178449	0.0	0	0.0	2607.7833593609685	1	0	tensor(3)	0.3905577108465814
148735.45115263032	1000.0	872.3322067306054	0.0	0	0.0	2607.7833593609685	1	0	tensor(3)	1.0837048914065268
149586.48748948713	1000.0	1021.2958698738088	0.0	0	0.0	2607.7833593609685	1	0	tensor(3)	1.0837048914065268
150438.13473680604	1000.0	1169.6486225549022	0.0	0	0.0	2607.7833593609685	1	0	tensor(3)	1.0837048914065268
150937.0541372018	1000.0	1670.7292221591347	0.0	0	0.0	2607.7833593609685	1	0	tensor(3)	1.0837048914065268
151891.7467224035	2000.0	1716.0366369574297	0.0	0	0.0	2607.7833593609685	1	0	tensor(3)	1.0837048914065266
152644.4519806102	2000.0	1963.3313787507493	0.0	0	0.0	2607.7833593609685	1	0	tensor(3)	1.7768520719664718
153576.57794548458	2000.0	2031.205413876377	0.0	0	0.0	2607.7833593609685	1	0	tensor(3)	1.7768520719664718
154299.98536019798	2000.0	2307.797999163018	0.0	0	0.0	2607.7833593609685	1	0	tensor(3)	1.7768520719664718
155911.1136407626	3000.0	1696.6697185984208	0.0	0	0.0	2607.7833593609685	1	0	tensor(3)	1.776852071966472
157046.7334503352	2000.0	1561.049909025839	0.0	0	0.0	2607.7833593609394	1	0	tensor(3)	1.3713869638583112
158158.4672050409	2000.0	1449.3161543201074	0.0	0	0.0	2607.7833593609685	1	0	tensor(3)	1.776852071966474
158931.82484302763	3000.0	1675.958516333409	0.0	0	0.0	2607.7833593609685	1	0	tensor(3)	1.776852071966472
161255.4014760587	3000.0	352.3818833023344	0.0	0	0.0	2607.7833593609394	1	0	tensor(3)	2.182317180074638
162379.83308622005	2000.0	376.179230105422	148.22895696443214	0	0.0	2756.0123163253884	1	0	tensor(3)	0.4619974937824389
162928.40923288756	1000.0	827.6030834379069	0.0	0	0.0	2756.0123163253884	1	0	tensor(3)	0.37054198255730597
164622.1541318767	2000.0	295.43672681327405	161.57854236452044	0	0.0	2917.5908586898877	1	0	tensor(3)	0.06903716019866502
165104.43638437748	1000.0	813.1544743125344	0.0	0	0.0	2917.5908586898877	1	0	tensor(3)	0.3453612338258426
165841.96798838855	2000.0	1075.622870301449	0.0	0	0.0	2917.5908586898877	1	0	tensor(3)	1.0385084143857877
166747.9652577979	2000.0	1169.6256008921057	0.0	0	0.0	2917.5908586898877	1	0	tensor(3)	1.731655594945733
167378.88638706694	2000.0	1538.7044716230735	0.0	0	0.0	2917.590858689917	1	0	tensor(3)	1.731655594945729
168403.92056881182	3000.0	1513.6702898782185	0.0	0	0.0	2917.590858689946	1	0	tensor(3)	1.7316555949457233
169370.44563358393	3000.0	1547.1452251060832	0.0	0	0.0	2917.590858689946	1	0	tensor(3)	2.137120703053888
170404.97837560403	3000.0	1512.6124830860367	0.0	0	0.0	2917.590858689946	1	0	tensor(3)	2.137120703053888
171353.3960078069	3000.0	1564.1948508831456	0.0	0	0.0	2917.590858689946	1	0	tensor(3)	2.137120703053888
171964.08659932174	3000.0	1953.504259368307	0.0	0	0.0	2917.590858689946	1	0	tensor(3)	2.137120703053888
172938.31062199047	3000.0	1979.2802366995547	0.0	0	0.0	2917.590858689946	1	0	tensor(3)	2.137120703053888
174692.06730530027	3000.0	1225.5235533897696	0.0	0	0.0	2917.590858689946	1	0	tensor(3)	2.137120703053888
175676.47706738228	2000.0	1241.1137913077532	0.0	0	0.0	2917.590858689946	1	0	tensor(3)	1.3261904868375582
176421.6927848976	2000.0	1495.8980737924305	0.0	0	0.0	2917.590858689946	1	0	tensor(3)	1.7316555949457229
177194.7786361603	2000.0	1722.8122225297093	0.0	0	0.0	2917.590858689917	1	0	tensor(3)	1.731655594945726
177982.39113406572	3000.0	1935.1997246243025	0.0	0	0.0	2917.590858689917	1	0	tensor(3)	1.7316555949457282
178678.62677117245	3000.0	2238.9640875175637	0.0	0	0.0	2917.590858689917	1	0	tensor(3)	2.137120703053893
179463.14288120667	3000.0	2454.447977483301	0.0	0	0.0	2917.590858689917	1	0	tensor(3)	2.137120703053893
180457.2889836344	3000.0	2460.301875055567	0.0	0	0.0	2917.5908586898877	1	0	tensor(3)	2.1371207030538977
181672.5812201335	3000.0	2245.0096385564666	0.0	0	0.0	2917.5908586898877	1	0	tensor(3)	2.1371207030538977
182315.1227266502	3000.0	2602.4681320397426	0.0	0	0.0	2917.5908586898586	1	0	tensor(3)	2.1371207030539026
183200.0	3000.0	2717.590858689954	0.0	0	35.94472260266775	2917.5908586898586	1	0	tensor(3)	2.1371207030539026
184200.0	3000.0	2717.590858689973	0.0	0	161.67659609412658	2917.5908586898586	1	0	tensor(3)	2.1371207030539026
185200.0	3000.0	2717.590858689971	0.0	0	113.26992803474423	2917.5908586898586	1	0	tensor(3)	2.1371207030539026
186425.58680927177	6000.0	2492.0040494181994	0.0	0	0.0	2917.5908586898586	1	0	tensor(3)	2.1371207030539026
187330.31352231107	3000.0	2587.2773363788638	0.0	0	0.0	2917.5908586898586	1	0	tensor(3)	1.4439735224939576
188655.46498448536	3000.0	2262.1258742045625	0.0	0	0.0	2917.5908586898586	1	0	tensor(3)	2.1371207030538986
190933.26588886234	3000.0	984.3249698275746	0.0	0	0.0	2917.5908586898586	1	0	tensor(3)	2.1371207030539026
192075.87265133607	2000.0	841.7182073538511	0.0	0	0.0	2917.5908586898877	1	0	tensor(3)	1.326190486837572
192793.83219619456	2000.0	1123.7586624953842	0.0	0	0.0	2917.5908586898877	1	0	tensor(3)	1.731655594945733
194179.38076430646	2000.0	738.2100943834773	0.0	0	0.0	2917.5908586898877	1	0	tensor(3)	1.731655594945733
194910.97178908807	2000.0	1006.619069601849	0.0	0	0.0	2917.5908586898877	1	0	tensor(3)	1.731655594945733
195727.65153350326	2000.0	1189.9393251866354	0.0	0	0.0	2917.590858689917	1	0	tensor(3)	1.731655594945728
196793.5350487263	2000.0	1124.055809963576	0.0	0	0.0	2917.590858689917	1	0	tensor(3)	1.731655594945728
197589.4265785975	2000.0	1328.164280092397	0.0	0	0.0	2917.590858689917	1	0	tensor(3)	1.731655594945728
198803.87994513198	2000.0	1113.7109135579	0.0	0	0.0	2917.590858689917	1	0	tensor(3)	1.731655594945728
200055.97197324687	2000.0	861.6188854430201	0.0	0	0.0	2917.590858689917	1	0	tensor(3)	1.731655594945728
201048.22094706117	2000.0	869.3699116287044	0.0	0	0.0	2917.590858689917	1	0	tensor(3)	1.731655594945728
202510.64131154146	2000.0	406.94954714841697	0.0	0	0.0	2917.590858689946	1	0	tensor(3)	1.7316555949457229
203469.00874851592	2000.0	517.2568560250528	68.67474585104563	0	0.0	2986.2656045409385	1	0	tensor(3)	1.3077250358522856
204286.95854896872	2000.0	699.3070555722438	0.0	0	0.0	2986.2656045409385	1	0	tensor(3)	1.7197735109585595
204968.23487948012	2000.0	1018.0307250608278	0.0	0	0.0	2986.2656045409385	1	0	tensor(3)	1.7197735109585595
205840.89970346336	3000.0	1145.3659010775896	0.0	0	0.0	2986.2656045409385	1	0	tensor(3)	1.7197735109585595
206608.44369268103	3000.0	1377.821911859954	0.0	0	0.0	2986.2656045409385	1	0	tensor(3)	2.125238619066724
208283.13859863527	3000.0	703.127005905721	0.0	0	0.0	2986.2656045409385	1	0	tensor(3)	2.125238619066727
209147.44797156626	2000.0	838.8176329747747	0.0	0	0.0	2986.2656045409676	1	0	tensor(3)	1.3143084028503926
210054.55592767432	2000.0	931.7096768667152	0.0	0	0.0	2986.2656045409676	1	0	tensor(3)	1.7197735109585541
210807.70610813654	2000.0	1178.5594964044765	0.0	0	0.0	2986.2656045409385	1	0	tensor(3)	1.7197735109585595
211397.8488631756	2000.0	1588.4167413654307	0.0	0	0.0	2986.2656045409385	1	0	tensor(3)	1.7197735109585595
212292.64579354497	3000.0	1693.6198109960617	0.0	0	0.0	2986.2656045409094	1	0	tensor(3)	1.7197735109585648
213314.5828304727	3000.0	1671.6827740682988	0.0	0	0.0	2986.2656045408803	1	0	tensor(3)	2.1252386190667343
214783.74779877267	3000.0	1202.517805768334	0.0	0	0.0	2986.2656045409094	1	0	tensor(3)	2.1252386190667303
215669.3622501948	2000.0	1316.9033543461915	0.0	0	0.0	2986.2656045409094	1	0	tensor(3)	1.3143084028504
216693.94625762032	2000.0	1292.3193469206633	0.0	0	0.0	2986.2656045409094	1	0	tensor(3)	1.7197735109585646
218537.2705539193	2000.0	448.99505062163746	0.0	0	0.0	2986.2656045409094	1	0	tensor(3)	1.7197735109585623
219071.82669862948	500.0	914.4389059114807	0.0	0	0.0	2986.2656045408803	1	0	tensor(3)	-1.0528152112812148
219914.14349104158	1000.0	1072.1221134993589	0.0	0	0.0	2986.2656045408803	1	0	tensor(3)	0.3334791498386792
220415.96805011437	1000.0	1570.2975544266042	0.0	0	0.0	2986.2656045408803	1	0	tensor(3)	1.0266263303986247
221170.8695866624	2000.0	1815.3960178785749	0.0	0	0.0	2986.2656045408803	1	0	tensor(3)	1.0266263303986245
221793.53344077847	2000.0	2192.7321637625428	0.0	0	0.0	2986.2656045408803	1	0	tensor(3)	1.7197735109585697
222589.46802643416	2000.0	2396.797578106865	0.0	0	0.0	2986.2656045408803	1	0	tensor(3)	1.7197735109585697
223660.86313851707	3000.0	2325.4024660239324	0.0	0	0.0	2986.2656045409094	1	0	tensor(3)	1.7197735109585648
224633.02834668607	3000.0	2353.2372578549034	0.0	0	0.0	2986.2656045409094	1	0	tensor(3)	2.1252386190667294
226241.19371649824	3000.0	1745.0718880427385	0.0	0	0.0	2986.2656045408803	1	0	tensor(3)	2.125238619066731
228618.85047765332	2000.0	367.41512688765016	0.0	0	0.0	2986.2656045409094	1	0	tensor(3)	1.314308402850402
229035.3971837931	500.0	950.8684207478746	0.0	0	0.0	2986.2656045409094	1	0	tensor(3)	-1.052815211281217
229487.95347852336	1000.0	1498.3121260176347	0.0	0	0.0	2986.2656045409094	1	0	tensor(3)	0.3334791498386741
230208.32815943024	2000.0	1777.937445110733	0.0	0	0.0	2986.2656045408803	1	0	tensor(3)	1.0266263303986245
231007.24529702877	2000.0	1979.0203075121642	0.0	0	0.0	2986.2656045408803	1	0	tensor(3)	1.7197735109585697
231833.0225334937	2000.0	2153.243071047247	0.0	0	0.0	2986.2656045408803	1	0	tensor(3)	1.7197735109585697
233122.96526949562	2000.0	1863.3003350453232	0.0	0	0.0	2986.2656045408803	1	0	tensor(3)	1.719773510958574
234585.8510305048	2000.0	1400.4145740361394	0.0	0	0.0	2986.2656045408803	1	0	tensor(3)	1.7197735109585697
236021.18311526199	2000.0	965.0824892789651	0.0	0	0.0	2986.2656045409094	1	0	tensor(3)	1.7197735109585646
237329.9568283899	2000.0	656.3087761510362	0.0	0	0.0	2986.2656045408803	1	0	tensor(3)	1.7197735109585668
237838.1025672627	1000.0	1148.1630372781979	0.0	0	0.0	2986.2656045408803	1	0	tensor(3)	0.33347914983867943
238947.08559270343	2000.0	1039.1800118374263	0.0	0	0.0	2986.2656045409094	1	0	tensor(3)	1.0266263303986194
239827.12382621784	2000.0	1159.1417783230017	0.0	0	0.0	2986.2656045409094	1	0	tensor(3)	1.7197735109585646
240366.51545065735	2000.0	1619.7501538834763	0.0	0	0.0	2986.2656045408803	1	0	tensor(3)	1.7197735109585697
241324.87596916556	3000.0	1661.389635375264	0.0	0	0.0	2986.2656045409094	1	0	tensor(3)	1.7197735109585648
242800.52347968772	3000.0	1185.7421248530904	0.0	0	0.0	2986.2656045409385	1	0	tensor(3)	2.125238619066725
244043.78172151893	2000.0	942.4838830218813	0.0	0	0.0	2986.2656045409676	1	0	tensor(3)	1.3143084028503937
244977.609305714	2000.0	1008.6562988268022	0.0	0	0.0	2986.2656045409967	1	0	tensor(3)	1.719773510958549
245717.77266278522	2000.0	1268.492941755593	0.0	0	0.0	2986.2656045409967	1	0	tensor(3)	1.719773510958549
246680.8081936601	3000.0	1305.4574108807064	0.0	0	0.0	2986.2656045409967	1	0	tensor(3)	1.7197735109585492
247950.22564051303	2000.0	1036.0399640278224	0.0	0	0.0	2986.265604541026	1	0	tensor(3)	1.3143084028503793
248815.05493991403	2000.0	1171.210664626783	0.0	0	0.0	2986.265604541026	1	0	tensor(3)	1.719773510958544
249829.93306068206	2000.0	1156.3325438587503	0.0	0	0.0	2986.265604541026	1	0	tensor(3)	1.719773510958544
250960.1571974208	2000.0	1026.108407120011	0.0	0	0.0	2986.265604541055	1	0	tensor(3)	1.7197735109585386
252202.6151851461	2000.0	783.6504193947048	0.0	0	0.0	2986.265604541055	1	0	tensor(3)	1.7197735109585386
253002.90422777695	2000.0	983.3613767638556	0.0	0	0.0	2986.265604541055	1	0	tensor(3)	1.7197735109585428
254019.0811783194	2000.0	967.1844262213943	0.0	0	0.0	2986.265604541055	1	0	tensor(3)	1.7197735109585386
255110.80443739932	2000.0	875.4611671414702	0.0	0	0.0	2986.265604541055	1	0	tensor(3)	1.7197735109585417
256138.0343112096	2000.0	848.2312933311991	0.0	0	0.0	2986.265604541055	1	0	tensor(3)	1.7197735109585386
256924.61264924353	2000.0	1061.652955297246	0.0	0	0.0	2986.265604541055	1	0	tensor(3)	1.7197735109585386
257905.14685159095	2000.0	1081.1187529498468	0.0	0	0.0	2986.265604541084	1	0	tensor(3)	1.7197735109585333
258442.8533217568	2000.0	1543.412282784006	0.0	0	0.0	2986.265604541084	1	0	tensor(3)	1.7197735109585333
259544.2005009969	3000.0	1442.0651035438832	0.0	0	0.0	2986.265604541084	1	0	tensor(3)	1.7197735109585335
260377.83748028363	3000.0	1608.4281242571546	0.0	0	0.0	2986.265604541055	1	0	tensor(3)	2.125238619066702
261179.10919796085	3000.0	1807.156406579933	0.0	0	0.0	2986.265604541055	1	0	tensor(3)	2.125238619066703
261888.1296790936	3000.0	2098.13592544719	0.0	0	0.0	2986.265604541055	1	0	tensor(3)	2.125238619066703
263986.4940602348	3000.0	999.7715443059928	0.0	0	0.0	2986.265604541055	1	0	tensor(3)	2.1252386190667045
264985.6359999115	2000.0	1000.6296046292699	0.0	0	0.0	2986.265604541026	1	0	tensor(3)	1.3143084028503749
265929.02134598856	2000.0	1057.2442585521476	0.0	0	0.0	2986.2656045409967	1	0	tensor(3)	1.719773510958549
266520.92151934066	2000.0	1465.3440852000672	0.0	0	0.0	2986.2656045409967	1	0	tensor(3)	1.719773510958549
267782.7981646838	3000.0	1203.46743985694	0.0	0	0.0	2986.2656045409967	1	0	tensor(3)	1.7197735109585492
268780.78909776476	3000.0	1205.4765067759918	0.0	0	0.0	2986.2656045409967	1	0	tensor(3)	2.125238619066714
269673.8608004689	3000.0	1312.4048040718903	0.0	0	0.0	2986.2656045409967	1	0	tensor(3)	2.125238619066714
271357.6617797391	3000.0	628.6038248017242	0.0	0	0.0	2986.2656045409967	1	0	tensor(3)	2.125238619066714
272216.51731610595	2000.0	769.7482884348474	0.0	0	0.0	2986.2656045409967	1	0	tensor(3)	1.3143084028503844
273196.7059740865	2000.0	789.5596304543551	0.0	0	0.0	2986.2656045409967	1	0	tensor(3)	1.719773510958549
273952.0683727688	2000.0	1034.1972317719683	0.0	0	0.0	2986.2656045409385	1	0	tensor(3)	1.7197735109585595
274861.9726091336	2000.0	1124.2929954072056	0.0	0	0.0	2986.2656045409385	1	0	tensor(3)	1.7197735109585595
275548.5946164157	2000.0	1437.6709881250779	0.0	0	0.0	2986.2656045408803	1	0	tensor(3)	1.7197735109585697
276525.8498609856	3000.0	1460.415743555181	0.0	0	0.0	2986.2656045408803	1	0	tensor(3)	1.7197735109585697
277449.1787399514	3000.0	1537.086864589331	0.0	0	0.0	2986.265604540822	1	0	tensor(3)	2.125238619066745
278691.5250336359	3000.0	1294.740570904847	0.0	0	0.0	2986.2656045408803	1	0	tensor(3)	2.1252386190667343
279717.1823917696	3000.0	1269.0832127711603	0.0	0	0.0	2986.2656045409385	1	0	tensor(3)	2.125238619066724
280840.3063886208	3000.0	1145.9592159199865	0.0	0	0.0	2986.2656045409967	1	0	tensor(3)	2.125238619066714
282490.8968463156	3000.0	495.3687582252343	0.0	0	0.0	2986.2656045409967	1	0	tensor(3)	2.125238619066714
283406.39265033504	2000.0	579.8729542057918	0.0	0	0.0	2986.2656045409967	1	0	tensor(3)	1.3143084028503844
284107.72361682286	2000.0	878.541987717976	0.0	0	0.0	2986.265604541055	1	0	tensor(3)	1.7197735109585386
284994.9422505302	2000.0	991.3233540107253	0.0	0	0.0	2986.265604541055	1	0	tensor(3)	1.7197735109585304
286089.2716384013	2000.0	896.9939661396413	0.0	0	0.0	2986.2656045409967	1	0	tensor(3)	1.7197735109585406
287434.6455374126	1000.0	551.6200671283704	0.0	0	0.0	2986.265604541055	1	0	tensor(3)	0.33347914983865035
288088.30111969984	1000.0	897.9644848411336	0.0	0	0.0	2986.265604541113	1	0	tensor(3)	1.0266263303985832
288774.53714670637	1000.0	1211.7284578346184	0.0	0	0.0	2986.265604541113	1	0	tensor(3)	1.0266263303985832
289356.013156754	1000.0	1630.2524477868985	0.0	0	0.0	2986.265604541113	1	0	tensor(3)	1.0266263303985832
290429.97466802003	2000.0	1556.29093652087	0.0	0	0.0	2986.265604541113	1	0	tensor(3)	1.026626330398583
291131.0788544243	2000.0	1855.186750116647	0.0	0	0.0	2986.265604541113	1	0	tensor(3)	1.7197735109585284
291958.8061177949	2000.0	2027.4594867460464	0.0	0	0.0	2986.265604541055	1	0	tensor(3)	1.7197735109585386
293205.80839460786	3000.0	1780.4572099330733	0.0	0	0.0	2986.265604541113	1	0	tensor(3)	1.7197735109585346
294888.9581356499	2000.0	1097.307468891042	0.0	0	0.0	2986.265604541113	1	0	tensor(3)	1.3143084028503638
295629.31790267676	1000.0	1356.9477018641874	0.0	0	0.0	2986.265604541113	1	0	tensor(3)	0.33347914983863797
296372.3215168136	1000.0	1613.9440877273148	0.0	0	0.0	2986.265604541113	1	0	tensor(3)	1.0266263303985832
297288.8138510652	1000.0	1697.45175347575	0.0	0	0.0	2986.2656045411713	1	0	tensor(3)	1.026626330398577
297910.41506841965	1000.0	2075.8505361212556	0.0	0	0.0	2986.2656045411713	1	0	tensor(3)	1.0266263303985728
298598.32060807676	1000.0	2387.944996464074	0.0	0	0.0	2986.2656045411713	1	0	tensor(3)	1.0266263303985728
299793.05928199145	2000.0	2193.206322549399	0.0	0	0.0	2986.2656045412295	1	0	tensor(3)	1.0266263303985623
300438.0322860736	1000.0	2548.2333184671643	0.0	0	0.0	2986.2656045412295	1	0	tensor(3)	0.33347914983861715
301451.57157404796	2000.0	2534.694030492802	0.0	0	0.0	2986.2656045412295	1	0	tensor(3)	1.0266263303985623
302200.0	2000.0	2786.2656045407525	0.0	0	165.92016536119627	2986.2656045412295	1	0	tensor(3)	1.7197735109585075
2.77	2.2	3.05	1.8	1.87	2.27	3.03	1.78	1.4	1.9	1.62	1.1	1.67	2.2	2.8	2.91	3.15	3.42	3.93	4.55	2.57	1.48	1.77	2.51	3.04	3.58	3.93	2.73	2.88	3.56	3.71	3.61	3.96	4.66	4.55	2.5	2.25	1.23	1.55	2.14	2.53	1.65	2.05	2.55	2.13	2.18	2.14	1.88	1.91	1.68	2.15	2.48	3.17	3.82	3.31	1.68	2.14	2.28	2.17	2.81	2.9	2.66	1.41	1.87	1.74	1.09	1.15	1.55	1.86	2.6	2.59	2.94	2.13	1.39	1.19	0.94	1.12	2.02	2.43	2.31	1.78	1.77	1.64	1.84	1.84	1.78	1.88	2.37	3.16	3.15	2.4	1.87	2.47	2.99	2.14	2.07	2.29	2.51	2.05	2.12	2.53	2.43	2.17	2.2	2.57	2.72	3.2	3.72	3.56	3.28	1.67	1.91	2.29	2.46	3.06	3.06	3.38	3.24	1.83	2.2	1.61	2.28	2.24	2.92	3.45	3.74	2.22	2.68	2.49	2.09	2.48	2.91	2.64	1.8	0.9	1.11	1.29	1.82	2.44	2.93	2.22	1.38	1.45	1.0	1.45	1.31	1.63	1.6	1.81	2.79	2.77	2.2	3.05	1.8	1.87	2.27	3.03	1.78	1.4	1.9	1.62	1.1	1.67	2.2	2.8	2.91	3.15	3.42	3.93	4.55	2.57	1.48	1.77	2.51	3.04	3.58	3.93	2.73	2.88	3.56	3.71	3.61	3.96	4.66	4.55	2.5	2.25	1.23	1.55	2.14	2.53	1.65	2.05	2.55	2.13	2.18	2.14	1.88	1.91	1.68	2.15	2.48	3.17	3.82	3.31	1.68	2.14	2.28	2.17	2.81	2.9	2.66	1.41	1.87	1.74	1.09	1.15	1.55	1.86	2.6	2.59	2.94	2.13	1.39	1.19	0.94	1.12	2.02	2.43	2.31	1.78	1.77	1.64	1.84	1.84	1.78	1.88	2.37	3.16	3.15	2.4	1.87	2.47	2.99	2.14	2.07	2.29	2.51	2.05	2.12	2.53	2.43	2.17	2.2	2.57	2.72	3.2	3.72	3.56	3.28	1.67	1.91	2.29	2.46	3.06	3.06	3.38	3.24	1.83	2.2	1.61	2.28	2.24	2.92	3.45	3.74	2.22	2.68	2.49	2.09	2.48	2.91	2.64	1.8	0.9	1.11	1.29	1.82	2.44	2.93	2.22	1.38	1.45	1.0	1.45	1.31	1.63	1.6	1.81	2.79	2.77	2.2	3.05	1.8	1.87
1.0	2.0	3.0	4.0	5.0	6.0	7.0	8.0	9.0	10.0	11.0	12.0	13.0	14.0	15.0	16.0	17.0	18.0	19.0	20.0	21.0	22.0	23.0	24.0	25.0	26.0	27.0	28.0	29.0	30.0	31.0	32.0	33.0	34.0	35.0	36.0	37.0	38.0	39.0	40.0	41.0	42.0	43.0	44.0	45.0	46.0	47.0	48.0	49.0	50.0	51.0	52.0	53.0	54.0	55.0	56.0	57.0	58.0	59.0	60.0	61.0	62.0	63.0	64.0	65.0	66.0	67.0	68.0	69.0	70.0	71.0	72.0	73.0	74.0	75.0	76.0	77.0	78.0	79.0	80.0	81.0	82.0	83.0	84.0	85.0	86.0	87.0	88.0	89.0	90.0	91.0	92.0	93.0	94.0	95.0	96.0	97.0	98.0	99.0	100.0	101.0	102.0	103.0	104.0	105.0	106.0	107.0	108.0	109.0	110.0	111.0	112.0	113.0	114.0	115.0	116.0	117.0	118.0	119.0	120.0	121.0	122.0	123.0	124.0	125.0	126.0	127.0	128.0	129.0	130.0	131.0	132.0	133.0	134.0	135.0	136.0	137.0	138.0	139.0	140.0	141.0	142.0	143.0	144.0	145.0	146.0	147.0	148.0	149.0	149.0	150.0	151.0	152.0	153.0	154.0	155.0	156.0	157.0	158.0	159.0	160.0	161.0	162.0	163.0	164.0	165.0	166.0	167.0	168.0	169.0	170.0	171.0	172.0	173.0	174.0	175.0	176.0	177.0	178.0	179.0	180.0	181.0	182.0	183.0	184.0	185.0	186.0	187.0	188.0	189.0	190.0	191.0	192.0	193.0	194.0	195.0	196.0	197.0	198.0	199.0	200.0	201.0	202.0	203.0	204.0	205.0	206.0	207.0	208.0	209.0	210.0	211.0	212.0	213.0	214.0	215.0	216.0	217.0	218.0	219.0	220.0	221.0	222.0	223.0	224.0	225.0	226.0	227.0	228.0	229.0	230.0	231.0	232.0	233.0	234.0	235.0	236.0	237.0	238.0	239.0	240.0	241.0	242.0	243.0	244.0	245.0	246.0	247.0	248.0	249.0	250.0	251.0	252.0	253.0	254.0	255.0	256.0	257.0	258.0	259.0	260.0	261.0	262.0	263.0	264.0	265.0	266.0	267.0	268.0	269.0	270.0	271.0	272.0	273.0	274.0	275.0	276.0	277.0	278.0	279.0	280.0	281.0	282.0	283.0	284.0	285.0	286.0	287.0	288.0	289.0	290.0	291.0	292.0	293.0	294.0	295.0	296.0	297.0	298.0	298.0	299.0	300.0	301.0	302.0	303.0
2967.4588828672945
