5927.858830264557	1000.0	2000.0	164.02077958161368	0	0.0	5927.858830264557	1	0	tensor(2)	-3.066019561365946
6286.9458687559845	3000.0	2640.912961508573	0.0	0	0.0	3927.858830264557	1	0	tensor(6)	-5.433473443530188
6881.885803765482	6000.0	3045.9730264990753	0.0	0	0.0	3927.858830264556	1	0	tensor(3)	1.8651388451379218
7761.95809532834	6000.0	3165.9007349362164	0.0	0	0.0	3927.8588302645558	1	0	tensor(3)	2.558286025697867
8347.099917414635	6000.0	3580.7589128499226	0.0	0	0.0	3927.8588302645558	1	0	tensor(3)	2.558286025697867
9200.0	6000.0	3727.85883026456	0.0	0	78.68215426984352	3927.8588302645585	1	0	tensor(3)	2.558286025697867
10200.0	6000.0	3727.8588302645576	0.0	0	463.3126843771497	3927.8588302645576	1	0	tensor(3)	2.5582860256978663
11200.0	6000.0	3727.8588302645603	0.0	0	383.5736756954557	3927.8588302645603	1	0	tensor(3)	2.5582860256978655
12464.64671450618	6000.0	3463.2121157583806	0.0	0	0.0	3927.858830264562	1	0	tensor(3)	2.5582860256978646
13715.68158730777	6000.0	3212.1772429567905	0.0	0	0.0	3927.858830264562	1	0	tensor(3)	2.5582860256978646
14817.966520167643	6000.0	3109.892310096918	0.0	0	0.0	3927.8588302645603	1	0	tensor(3)	2.558286025697865
16256.90578170736	6000.0	2670.9530485571995	0.0	0	0.0	3927.858830264562	1	0	tensor(3)	2.5582860256978646
17545.327501942633	6000.0	2382.5313283219257	0.0	0	0.0	3927.8588302645585	1	0	tensor(3)	2.558286025697866
18152.185513316283	6000.0	2775.673316948278	0.0	0	0.0	3927.858830264562	1	0	tensor(3)	2.558286025697864
18781.158690466582	6000.0	3146.70013979798	0.0	0	0.0	3927.858830264562	1	0	tensor(3)	2.5582860256978646
20158.964818448887	6000.0	2768.8940118156725	0.0	0	0.0	3927.8588302645585	1	0	tensor(3)	2.558286025697866
21228.039993588958	6000.0	2699.8188366756003	0.0	0	0.0	3927.8588302645585	1	0	tensor(3)	2.558286025697866
22026.61930529707	6000.0	2901.2395249674855	0.0	0	0.0	3927.8588302645585	1	0	tensor(3)	2.558286025697866
23302.988216510956	6000.0	2624.8706137535974	0.0	0	0.0	3927.8588302645585	1	0	tensor(3)	2.558286025697866
24488.670512021883	6000.0	2439.188318242669	0.0	0	0.0	3927.8588302645585	1	0	tensor(3)	2.558286025697866
25355.907156020232	6000.0	2571.9516742443207	0.0	0	0.0	3927.8588302645585	1	0	tensor(3)	2.558286025697866
26334.869871395244	6000.0	2592.988958869307	0.0	0	0.0	3927.8588302645585	1	0	tensor(3)	2.558286025697866
27212.745461560546	6000.0	2715.1133687040065	0.0	0	0.0	3927.8588302645585	1	0	tensor(3)	2.558286025697866
28410.6164470295	6000.0	2517.2423832350537	0.0	0	0.0	3927.858830264562	1	0	tensor(3)	2.5582860256978646
29817.772644764056	6000.0	2110.086185500498	0.0	0	0.0	3927.858830264562	1	0	tensor(3)	2.5582860256978646
30490.815665877966	3000.0	2437.043164386587	0.0	0	0.0	3927.858830264562	1	0	tensor(3)	1.1719916645779747
31128.70020037659	3000.0	2799.158629887966	0.0	0	0.0	3927.858830264562	1	0	tensor(3)	1.8651388451379196
31576.802414984508	3000.0	3351.0564152800503	0.0	0	0.0	3927.8588302645658	1	0	tensor(3)	1.865138845137918
32287.473981041356	3000.0	3640.3848492232037	0.0	0	0.0	3927.8588302645694	1	0	tensor(3)	1.8651388451379165
33300.23104007276	6000.0	3627.6277901917942	0.0	0	0.0	3927.8588302645585	1	0	tensor(3)	1.8651388451379198
34222.034190820494	6000.0	3705.824639444064	0.0	0	0.0	3927.8588302645658	1	0	tensor(3)	2.5582860256978646
35200.0	6000.0	3727.8588302645526	0.0	0	55.129329035458795	3927.8588302645585	1	0	tensor(3)	2.558286025697865
36200.0	6000.0	3727.858830264546	0.0	0	127.23919343193847	3927.858830264551	1	0	tensor(3)	2.558286025697868
37436.59433210975	6000.0	3491.2644981547946	0.0	0	0.0	3927.858830264551	1	0	tensor(3)	2.558286025697869
38241.03503500359	6000.0	3686.823795260948	0.0	0	0.0	3927.858830264551	1	0	tensor(3)	2.558286025697869
39442.99092149699	6000.0	3484.867908767541	0.0	0	0.0	3927.8588302645585	1	0	tensor(3)	2.558286025697866
40200.0	6000.0	3727.858830264526	0.0	0	64.87729307404516	3927.8588302645585	1	0	tensor(3)	2.558286025697866
41200.0	6000.0	3727.8588302645235	0.0	0	2.1872052051257924	3927.858830264551	1	0	tensor(3)	2.558286025697869
42624.78511139547	6000.0	3303.0737188690573	0.0	0	0.0	3927.858830264544	1	0	tensor(3)	2.5582860256978717
43820.77064455893	6000.0	3107.0881857055956	0.0	0	0.0	3927.858830264544	1	0	tensor(3)	2.5582860256978717
44869.28663301143	6000.0	3058.5721972530937	0.0	0	0.0	3927.858830264551	1	0	tensor(3)	2.558286025697869
46097.774791986325	6000.0	2830.0840382781944	0.0	0	0.0	3927.858830264551	1	0	tensor(3)	2.558286025697869
47066.12057944336	6000.0	2861.7382508211554	0.0	0	0.0	3927.858830264551	1	0	tensor(3)	2.558286025697869
47926.27344477692	6000.0	3001.5853854876045	0.0	0	0.0	3927.858830264551	1	0	tensor(3)	2.558286025697869
48876.285362963805	6000.0	3051.573467300723	0.0	0	0.0	3927.858830264551	1	0	tensor(3)	2.558286025697869
50214.66113980875	6000.0	2713.197690455781	0.0	0	0.0	3927.858830264551	1	0	tensor(3)	2.558286025697869
51810.253412726524	6000.0	2117.6054175380004	0.0	0	0.0	3927.858830264551	1	0	tensor(3)	2.558286025697869
52970.304493198135	6000.0	1957.5543370663856	0.0	0	0.0	3927.8588302645585	1	0	tensor(3)	2.558286025697866
53723.27688746051	6000.0	2204.581942804013	0.0	0	0.0	3927.8588302645585	1	0	tensor(3)	2.558286025697866
54572.65694157029	6000.0	2355.201888694235	0.0	0	0.0	3927.8588302645585	1	0	tensor(3)	2.558286025697866
55873.31732963197	6000.0	2054.541500632562	0.0	0	0.0	3927.8588302645585	1	0	tensor(3)	2.558286025697866
57023.971086478734	6000.0	1903.8877437858043	0.0	0	0.0	3927.8588302645585	1	0	tensor(3)	2.558286025697866
57754.983777684414	6000.0	2172.875052580124	0.0	0	0.0	3927.858830264551	1	0	tensor(3)	2.558286025697869
59013.191986586535	6000.0	1914.6668436780035	0.0	0	0.0	3927.858830264551	1	0	tensor(3)	2.558286025697869
60050.66153396906	6000.0	1877.1972962954671	0.0	0	0.0	3927.858830264551	1	0	tensor(3)	2.558286025697869
61567.73006519041	6000.0	1360.1287650741247	0.0	0	0.0	3927.858830264551	1	0	tensor(3)	2.558286025697869
62290.895678323686	3000.0	1636.9631519408397	0.0	0	0.0	3927.858830264551	1	0	tensor(3)	1.1719916645779789
62903.747759617756	3000.0	2024.1110706467764	0.0	0	0.0	3927.858830264551	1	0	tensor(3)	1.8651388451379238
63746.73016726216	3000.0	2181.1286630023624	0.0	0	0.0	3927.858830264551	1	0	tensor(3)	1.8651388451379238
64787.07812914192	6000.0	2140.780701122605	0.0	0	0.0	3927.858830264551	1	0	tensor(3)	1.865138845137924
65673.69118738794	6000.0	2254.1676428765895	0.0	0	0.0	3927.858830264551	1	0	tensor(3)	2.558286025697869
66662.77720736807	6000.0	2265.081622896464	0.0	0	0.0	3927.858830264551	1	0	tensor(3)	2.558286025697868
67654.04664939038	6000.0	2273.812180874142	0.0	0	0.0	3927.858830264544	1	0	tensor(3)	2.558286025697871
68750.6090011252	6000.0	2177.2498291393313	0.0	0	0.0	3927.858830264544	1	0	tensor(3)	2.5582860256978712
69715.58901386184	6000.0	2212.269816402685	0.0	0	0.0	3927.8588302645367	1	0	tensor(3)	2.558286025697874
70787.9387724676	6000.0	2139.9200577969004	0.0	0	0.0	3927.8588302645367	1	0	tensor(3)	2.5582860256978748
72144.48880016722	6000.0	1783.3700300972894	0.0	0	0.0	3927.858830264551	1	0	tensor(3)	2.558286025697869
73175.7610815739	6000.0	1752.0977486906106	0.0	0	0.0	3927.8588302645658	1	0	tensor(3)	2.558286025697863
73854.92249107907	6000.0	2072.9363391854517	0.0	0	0.0	3927.8588302645658	1	0	tensor(3)	2.558286025697863
74676.00639894213	6000.0	2251.8524313223847	0.0	0	0.0	3927.8588302645658	1	0	tensor(3)	2.558286025697863
76216.3830240852	6000.0	1711.4758061793102	0.0	0	0.0	3927.8588302645658	1	0	tensor(3)	2.558286025697863
76936.24669952881	3000.0	1991.6121307357016	0.0	0	0.0	3927.8588302645803	1	0	tensor(3)	1.1719916645779676
77488.19291054846	3000.0	2439.6659197160493	0.0	0	0.0	3927.8588302645803	1	0	tensor(3)	1.8651388451379125
77964.83576954593	3000.0	2963.0230607185954	0.0	0	0.0	3927.858830264595	1	0	tensor(3)	1.8651388451379067
78986.25716818454	6000.0	2941.6016620799783	0.0	0	0.0	3927.858830264595	1	0	tensor(3)	1.8651388451379063
80028.67307790625	6000.0	2899.1857523582776	0.0	0	0.0	3927.858830264595	1	0	tensor(3)	2.5582860256978512
80764.56054532687	6000.0	3163.2982849376663	0.0	0	0.0	3927.858830264595	1	0	tensor(3)	2.5582860256978512
81589.40173939889	6000.0	3338.4570908656556	0.0	0	0.0	3927.858830264595	1	0	tensor(3)	2.5582860256978512
82400.87063848518	6000.0	3526.988191779361	0.0	0	0.0	3927.8588302645803	1	0	tensor(3)	2.5582860256978575
83513.7712879411	6000.0	3414.087542323439	0.0	0	0.0	3927.8588302645658	1	0	tensor(3)	2.558286025697863
84299.43327355375	6000.0	3628.4255567107875	0.0	0	0.0	3927.858830264551	1	0	tensor(3)	2.558286025697869
85200.0	6000.0	3727.85883026453	0.0	0	139.20608637531404	3927.858830264551	1	0	tensor(3)	2.558286025697869
86200.0	6000.0	3727.8588302645257	0.0	0	362.06145860717515	3927.858830264551	1	0	tensor(3)	2.558286025697869
87200.0	6000.0	3727.8588302645444	0.0	0	76.60483853505866	3927.858830264551	1	0	tensor(3)	2.558286025697869
88540.59820636563	6000.0	3387.2606238989215	0.0	0	0.0	3927.8588302645658	1	0	tensor(3)	2.558286025697863
89765.44691841815	6000.0	3162.411911846412	0.0	0	0.0	3927.8588302645658	1	0	tensor(3)	2.558286025697863
90708.03292962	6000.0	3219.82590064455	0.0	0	0.0	3927.8588302645658	1	0	tensor(3)	2.558286025697863
91841.1364195463	6000.0	3086.722410718255	0.0	0	0.0	3927.8588302645658	1	0	tensor(3)	2.558286025697863
92621.81844448193	6000.0	3306.0403857826127	0.0	0	0.0	3927.8588302645658	1	0	tensor(3)	2.558286025697863
93703.23319737299	6000.0	3224.6256328915665	0.0	0	0.0	3927.8588302645658	1	0	tensor(3)	2.558286025697863
94490.22209769706	6000.0	3437.636732567504	0.0	0	0.0	3927.8588302645658	1	0	tensor(3)	2.558286025697863
95563.03251798204	6000.0	3364.8263122825224	0.0	0	0.0	3927.8588302645658	1	0	tensor(3)	2.558286025697863
96924.56170999636	6000.0	3003.2971202682074	0.0	0	0.0	3927.858830264551	1	0	tensor(3)	2.558286025697869
98051.37951152949	6000.0	2876.4793187350824	0.0	0	0.0	3927.858830264551	1	0	tensor(3)	2.558286025697869
99098.06605266272	6000.0	2829.7927776018373	0.0	0	0.0	3927.8588302645658	1	0	tensor(3)	2.558286025697863
100082.00519996592	6000.0	2845.8536302986454	0.0	0	0.0	3927.8588302645803	1	0	tensor(3)	2.5582860256978575
101481.70621741508	6000.0	2446.1526128494706	0.0	0	0.0	3927.8588302645803	1	0	tensor(3)	2.5582860256978575
102699.02390144746	6000.0	2228.834928817085	0.0	0	0.0	3927.8588302645803	1	0	tensor(3)	2.5582860256978575
103558.73794917847	6000.0	2369.1208810860826	0.0	0	0.0	3927.8588302645803	1	0	tensor(3)	2.5582860256978575
105188.85176095583	6000.0	1739.0070693087193	0.0	0	0.0	3927.8588302645803	1	0	tensor(3)	2.5582860256978575
106197.13976971546	6000.0	1730.7190605490694	0.0	0	0.0	3927.8588302645803	1	0	tensor(3)	2.5582860256978575
107322.19432789157	6000.0	1605.6645023729561	0.0	0	0.0	3927.8588302645803	1	0	tensor(3)	2.5582860256978575
108373.72568122334	6000.0	1554.1331490411787	0.0	0	0.0	3927.8588302645803	1	0	tensor(3)	2.5582860256978575
109412.5462341287	6000.0	1515.3125961358116	0.0	0	0.0	3927.8588302645803	1	0	tensor(3)	2.5582860256978575
109976.45929145331	3000.0	1951.3995388112103	0.0	0	0.0	3927.8588302645803	1	0	tensor(3)	1.1719916645779676
110340.7755691243	3000.0	2587.083261140227	0.0	0	0.0	3927.8588302645803	1	0	tensor(3)	1.8651388451379125
111203.57894285684	6000.0	2724.27988740768	0.0	0	0.0	3927.8588302645803	1	0	tensor(3)	1.8651388451379125
112216.15690276872	6000.0	2711.7019274957947	0.0	0	0.0	3927.8588302645803	1	0	tensor(3)	2.5582860256978575
113142.18133978361	6000.0	2785.6774904809004	0.0	0	0.0	3927.8588302645658	1	0	tensor(3)	2.558286025697863
113867.64781700064	6000.0	3060.2110132638572	0.0	0	0.0	3927.8588302645658	1	0	tensor(3)	2.558286025697863
114702.71504210828	6000.0	3225.143788156223	0.0	0	0.0	3927.8588302645658	1	0	tensor(3)	2.558286025697863
115698.61960191622	6000.0	3229.2392283482945	0.0	0	0.0	3927.8588302645803	1	0	tensor(3)	2.5582860256978575
116200.0	6000.0	3727.858830264518	0.0	0	64.75635629633325	3927.8588302645803	1	0	tensor(3)	2.5582860256978575
117200.0	6000.0	3727.8588302645153	0.0	0	533.4165319167223	3927.858830264595	1	0	tensor(3)	2.5582860256978512
118200.0	6000.0	3727.858830264505	0.0	0	55.65530601903447	3927.858830264595	1	0	tensor(3)	2.5582860256978512
119200.0	6000.0	3727.858830264499	0.0	0	190.13084237079602	3927.858830264595	1	0	tensor(3)	2.5582860256978512
120494.73898044918	6000.0	3433.119849815299	0.0	0	0.0	3927.858830264595	1	0	tensor(3)	2.5582860256978512
121413.46250555008	6000.0	3514.396324714404	0.0	0	0.0	3927.8588302645803	1	0	tensor(3)	2.5582860256978575
122721.29714713771	6000.0	3206.561683126777	0.0	0	0.0	3927.8588302645803	1	0	tensor(3)	2.5582860256978575
123895.01982870551	6000.0	3032.8390015589794	0.0	0	0.0	3927.8588302645803	1	0	tensor(3)	2.5582860256978575
124776.57750770885	6000.0	3151.281322555633	0.0	0	0.0	3927.8588302645803	1	0	tensor(3)	2.5582860256978575
125834.31332705403	6000.0	3093.5455032104614	0.0	0	0.0	3927.8588302645803	1	0	tensor(3)	2.5582860256978575
126939.14735849042	6000.0	2988.7114717740706	0.0	0	0.0	3927.8588302645803	1	0	tensor(3)	2.5582860256978575
127855.51060849731	6000.0	3072.3482217671612	0.0	0	0.0	3927.8588302645803	1	0	tensor(3)	2.5582860256978575
128415.70081282755	6000.0	3512.158017436933	0.0	0	0.0	3927.8588302645658	1	0	tensor(3)	2.558286025697863
129204.77517297858	6000.0	3723.0836572858843	0.0	0	0.0	3927.858830264551	1	0	tensor(3)	2.558286025697869
130427.53178061874	6000.0	3500.3270496457308	0.0	0	0.0	3927.8588302645658	1	0	tensor(3)	2.558286025697863
131284.7410402736	6000.0	3643.1177899908566	0.0	0	0.0	3927.8588302645658	1	0	tensor(3)	2.5582860256978592
132286.46760512248	6000.0	3641.391225141985	0.0	0	0.0	3927.858830264595	1	0	tensor(3)	2.5582860256978606
133634.71454692556	6000.0	3293.1442833388815	0.0	0	0.0	3927.8588302645803	1	0	tensor(3)	2.5582860256978552
134349.90812820656	6000.0	3577.9507020579035	0.0	0	0.0	3927.8588302646094	1	0	tensor(3)	2.5582860256978526
135438.6351063236	6000.0	3489.2237239408787	0.0	0	0.0	3927.858830264624	1	0	tensor(3)	2.558286025697839
136368.55306338327	6000.0	3559.305766881244	0.0	0	0.0	3927.858830264624	1	0	tensor(3)	2.55828602569784
137238.8533154836	6000.0	3689.005514780885	0.0	0	0.0	3927.858830264624	1	0	tensor(3)	2.55828602569784
139095.71877516515	6000.0	2832.1400550993126	0.0	0	0.0	3927.858830264624	1	0	tensor(3)	2.55828602569784
140051.25119305984	6000.0	2876.607637204625	0.0	0	0.0	3927.858830264624	1	0	tensor(3)	2.55828602569784
141174.64368631213	6000.0	2753.215143952372	0.0	0	0.0	3927.858830264624	1	0	tensor(3)	2.55828602569784
142076.15542466906	6000.0	2851.703405595429	0.0	0	0.0	3927.858830264624	1	0	tensor(3)	2.55828602569784
143404.10598252443	6000.0	2523.7528477400865	0.0	0	0.0	3927.858830264624	1	0	tensor(3)	2.55828602569784
144916.74609618532	6000.0	2011.1127340791604	0.0	0	0.0	3927.858830264624	1	0	tensor(3)	2.55828602569784
146100.76653009214	6000.0	1827.0923001723572	0.0	0	0.0	3927.858830264624	1	0	tensor(3)	2.55828602569784
146982.03803502047	6000.0	1945.8207952440503	0.0	0	0.0	3927.858830264624	1	0	tensor(3)	2.55828602569784
147844.28687735123	6000.0	2083.5719529132894	0.0	0	0.0	3927.858830264653	1	0	tensor(3)	2.5582860256978286
148622.9106907556	6000.0	2304.9481395089215	0.0	0	0.0	3927.858830264653	1	0	tensor(3)	2.5582860256978286
149679.96244762492	6000.0	2247.896382639625	0.0	0	0.0	3927.858830264653	1	0	tensor(3)	2.5582860256978286
150599.51270932803	6000.0	2328.34612093648	0.0	0	0.0	3927.858830264653	1	0	tensor(3)	2.5582860256978286
151719.55234536788	6000.0	2208.3064848966387	0.0	0	0.0	3927.858830264653	1	0	tensor(3)	2.5582860256978286
152360.8094011762	6000.0	2567.049429088301	0.0	0	0.0	3927.858830264653	1	0	tensor(3)	2.5582860256978286
153373.34805865338	6000.0	2554.510771611116	0.0	0	0.0	3927.858830264653	1	0	tensor(3)	2.5582860256978286
154422.4821927356	6000.0	2505.3766375288874	0.0	0	0.0	3927.858830264653	1	0	tensor(3)	2.5582860256978286
155073.9951022636	6000.0	2853.8637280008966	0.0	0	0.0	3927.858830264653	1	0	tensor(3)	2.5582860256978286
156078.39767967642	6000.0	2849.461150588087	0.0	0	0.0	3927.858830264653	1	0	tensor(3)	2.5582860256978286
156672.50979349858	6000.0	3255.3490367658897	0.0	0	0.0	3927.858830264653	1	0	tensor(3)	2.5582860256978286
157517.23158826228	6000.0	3410.6272420021983	0.0	0	0.0	3927.858830264653	1	0	tensor(3)	2.5582860256978286
158200.0	6000.0	3727.85883026447	0.0	0	99.77322077937424	3927.858830264653	1	0	tensor(3)	2.5582860256978286
159200.0	6000.0	3727.858830264478	0.0	0	209.9998208474135	3927.858830264624	1	0	tensor(3)	2.558286025697838
160200.0	6000.0	3727.8588302645235	0.0	0	358.42570282061934	3927.858830264624	1	0	tensor(3)	2.55828602569784
161200.0	6000.0	3727.858830264505	0.0	0	267.64560083989636	3927.858830264624	1	0	tensor(3)	2.55828602569784
163076.8881527774	6000.0	2850.970677487103	0.0	0	0.0	3927.858830264624	1	0	tensor(3)	2.55828602569784
164132.17755572664	6000.0	2795.681274537845	0.0	0	0.0	3927.858830264624	1	0	tensor(3)	2.5582860256978424
165593.9761633007	6000.0	2333.882666963853	0.0	0	0.0	3927.858830264624	1	0	tensor(3)	2.55828602569784
166288.51101259928	6000.0	2639.34781766525	0.0	0	0.0	3927.858830264595	1	0	tensor(3)	2.5582860256978512
166992.49335651982	6000.0	2935.3654737447605	0.0	0	0.0	3927.858830264624	1	0	tensor(3)	2.55828602569784
167878.43908443936	6000.0	3049.419745825217	0.0	0	0.0	3927.858830264653	1	0	tensor(3)	2.5582860256978357
169461.6428089993	6000.0	2466.216021265268	0.0	0	0.0	3927.858830264653	1	0	tensor(3)	2.5582860256978286
170732.5140356134	6000.0	2195.344794651158	0.0	0	0.0	3927.858830264624	1	0	tensor(3)	2.558286025697831
171678.19963241654	6000.0	2249.6591978479905	0.0	0	0.0	3927.858830264624	1	0	tensor(3)	2.55828602569784
172892.56372297622	6000.0	2035.2951072883322	0.0	0	0.0	3927.858830264624	1	0	tensor(3)	2.558286025697833
174130.98611099558	6000.0	1796.872719268977	0.0	0	0.0	3927.858830264653	1	0	tensor(3)	2.5582860256978313
175280.63792047172	6000.0	1647.2209097928671	0.0	0	0.0	3927.858830264653	1	0	tensor(3)	2.5582860256978286
176319.3722884733	6000.0	1608.4865417913188	0.0	0	0.0	3927.858830264653	1	0	tensor(3)	2.5582860256978286
176791.81134560026	3000.0	2136.0474846643538	0.0	0	0.0	3927.858830264653	1	0	tensor(3)	1.1719916645779387
177638.00202520605	6000.0	2289.8568050585386	0.0	0	0.0	3927.858830264624	1	0	tensor(3)	1.8651388451378952
178466.67197783626	3000.0	2461.186852428329	0.0	0	0.0	3927.858830264653	1	0	tensor(3)	1.1719916645779387
179154.7197975247	3000.0	2773.1390327398763	0.0	0	0.0	3927.858830264624	1	0	tensor(3)	1.865138845137895
179955.59057974396	3000.0	2972.268250520622	0.0	0	0.0	3927.858830264595	1	0	tensor(3)	1.8651388451379045
181110.0671131757	6000.0	2817.791717088937	0.0	0	0.0	3927.858830264624	1	0	tensor(3)	1.8651388451378996
181829.20557082156	3000.0	3098.6532594430673	0.0	0	0.0	3927.858830264595	1	0	tensor(3)	1.1719916645779547
182647.3068945304	6000.0	3280.5519357342196	0.0	0	0.0	3927.858830264595	1	0	tensor(3)	1.8651388451379063
183584.11206604893	6000.0	3343.7467642156876	0.0	0	0.0	3927.858830264595	1	0	tensor(3)	2.5582860256978512
184278.71090033904	6000.0	3649.1479299255666	0.0	0	0.0	3927.8588302645658	1	0	tensor(3)	2.558286025697863
185200.0	6000.0	3727.8588302645844	0.0	0	110.38906398383551	3927.8588302645367	1	0	tensor(3)	2.5582860256978748
186257.00536362207	6000.0	3670.8534666425403	0.0	0	0.0	3927.8588302645367	1	0	tensor(3)	2.5582860256978748
187435.66588360735	6000.0	3492.1929466572487	0.0	0	0.0	3927.8588302645367	1	0	tensor(3)	2.5582860256978748
188740.35582505522	6000.0	3187.5030052094057	0.0	0	0.0	3927.8588302645367	1	0	tensor(3)	2.5582860256978748
189425.30311803205	6000.0	3502.555712232602	0.0	0	0.0	3927.8588302645367	1	0	tensor(3)	2.5582860256978748
190371.87022857246	6000.0	3555.988601692163	0.0	0	0.0	3927.8588302645076	1	0	tensor(3)	2.5582860256978863
191867.63907190983	6000.0	3060.219758354783	0.0	0	0.0	3927.8588302644785	1	0	tensor(3)	2.558286025697898
193229.55329546134	6000.0	2698.3055348032626	0.0	0	0.0	3927.8588302644494	1	0	tensor(3)	2.558286025697909
194347.1496270056	6000.0	2580.709203259041	0.0	0	0.0	3927.8588302644494	1	0	tensor(3)	2.558286025697909
195165.28716998408	6000.0	2762.5716602805646	0.0	0	0.0	3927.8588302644494	1	0	tensor(3)	2.558286025697909
196052.30985390052	6000.0	2875.548976364147	0.0	0	0.0	3927.8588302644785	1	0	tensor(3)	2.558286025697898
197247.40001077796	6000.0	2680.458819486686	0.0	0	0.0	3927.8588302644785	1	0	tensor(3)	2.558286025697898
198357.4337473994	6000.0	2570.4250828652284	0.0	0	0.0	3927.8588302644494	1	0	tensor(3)	2.558286025697909
199746.61735857918	6000.0	2181.241471685445	0.0	0	0.0	3927.8588302644202	1	0	tensor(3)	2.558286025697911
200789.10463608138	6000.0	2138.7541941832746	0.0	0	0.0	3927.8588302644202	1	0	tensor(3)	2.5582860256979205
201970.3770220887	6000.0	1957.481808175921	0.0	0	0.0	3927.8588302644202	1	0	tensor(3)	2.5582860256979205
202688.48265512032	6000.0	2239.3761751443208	0.0	0	0.0	3927.8588302644202	1	0	tensor(3)	2.5582860256979205
203251.88782763956	6000.0	2675.971002625092	0.0	0	0.0	3927.8588302644494	1	0	tensor(3)	2.558286025697909
203948.10949490467	6000.0	2979.7493353599434	0.0	0	0.0	3927.8588302644494	1	0	tensor(3)	2.558286025697909
205219.04443983728	6000.0	2708.8143904273393	0.0	0	0.0	3927.8588302644494	1	0	tensor(3)	2.558286025697909
206159.8618341009	6000.0	2767.99699616373	0.0	0	0.0	3927.8588302644785	1	0	tensor(3)	2.558286025697898
207359.92482000994	6000.0	2567.9340102546803	0.0	0	0.0	3927.8588302644494	1	0	tensor(3)	2.558286025697909
208479.0073887866	6000.0	2448.8514414780357	0.0	0	0.0	3927.8588302644494	1	0	tensor(3)	2.558286025697909
209700.04843496004	6000.0	2227.8103953045593	0.0	0	0.0	3927.8588302644202	1	0	tensor(3)	2.558286025697911
210591.24711582376	6000.0	2336.6117144408813	0.0	0	0.0	3927.8588302644494	1	0	tensor(3)	2.558286025697909
211519.8871997027	6000.0	2407.971630561959	0.0	0	0.0	3927.8588302644494	1	0	tensor(3)	2.558286025697909
212544.6248496403	6000.0	2383.2339806243644	0.0	0	0.0	3927.8588302644494	1	0	tensor(3)	2.558286025697909
213011.52978273094	3000.0	2916.3290475337135	0.0	0	0.0	3927.8588302644494	1	0	tensor(3)	1.1719916645780195
213650.53321366236	6000.0	3277.3256166022616	0.0	0	0.0	3927.8588302644494	1	0	tensor(3)	1.865138845137964
214542.94151288382	6000.0	3384.9173173808335	0.0	0	0.0	3927.8588302644494	1	0	tensor(3)	2.558286025697909
215200.0	6000.0	3727.858830264645	0.0	0	35.550776485411916	3927.8588302644785	1	0	tensor(3)	2.558286025697898
216449.90767635324	6000.0	3477.9511539114	0.0	0	0.0	3927.8588302644785	1	0	tensor(3)	2.558286025697898
217584.98192635804	6000.0	3342.876903906589	0.0	0	0.0	3927.8588302644494	1	0	tensor(3)	2.558286025697909
219107.95963771225	6000.0	2819.899192552382	0.0	0	0.0	3927.8588302644785	1	0	tensor(3)	2.5582860256979045
220353.4502616016	6000.0	2574.4085686630247	0.0	0	0.0	3927.8588302645076	1	0	tensor(3)	2.5582860256978863
221283.94473560568	6000.0	2643.914094658943	0.0	0	0.0	3927.8588302645076	1	0	tensor(3)	2.5582860256978863
222001.24681162433	6000.0	2926.6120186402877	0.0	0	0.0	3927.8588302645076	1	0	tensor(3)	2.5582860256978863
222634.40870415597	6000.0	3293.4501261086402	0.0	0	0.0	3927.8588302645076	1	0	tensor(3)	2.5582860256978863
223457.45230636222	6000.0	3470.406523902396	0.0	0	0.0	3927.8588302645076	1	0	tensor(3)	2.5582860256978863
225123.88920643492	6000.0	2803.969623829677	0.0	0	0.0	3927.8588302645076	1	0	tensor(3)	2.5582860256978934
226077.44769985243	6000.0	2850.4111304121498	0.0	0	0.0	3927.8588302645076	1	0	tensor(3)	2.5582860256978863
227279.92774965055	6000.0	2647.931080614011	0.0	0	0.0	3927.8588302644785	1	0	tensor(3)	2.5582860256978956
228367.38409750522	6000.0	2560.4747327593736	0.0	0	0.0	3927.8588302644785	1	0	tensor(3)	2.558286025697898
229029.1139325694	6000.0	2898.74489769521	0.0	0	0.0	3927.8588302645076	1	0	tensor(3)	2.5582860256978863
229956.98026769562	6000.0	2970.8785625689707	0.0	0	0.0	3927.8588302645076	1	0	tensor(3)	2.5582860256978863
231275.74740445806	6000.0	2652.1114258065413	0.0	0	0.0	3927.8588302645076	1	0	tensor(3)	2.5582860256978863
232509.86693783902	6000.0	2417.991892425605	0.0	0	0.0	3927.8588302645367	1	0	tensor(3)	2.5582860256978748
233567.64820770975	6000.0	2360.210622554876	0.0	0	0.0	3927.8588302645367	1	0	tensor(3)	2.5582860256978748
234385.5196068092	6000.0	2542.3392234554226	0.0	0	0.0	3927.8588302645076	1	0	tensor(3)	2.5582860256978863
235305.63287531707	6000.0	2622.225954947569	0.0	0	0.0	3927.8588302645076	1	0	tensor(3)	2.5582860256978863
236344.4689959086	6000.0	2583.389834356006	0.0	0	0.0	3927.8588302645367	1	0	tensor(3)	2.5582860256978748
237406.4073921819	6000.0	2521.4514380827272	0.0	0	0.0	3927.8588302645367	1	0	tensor(3)	2.5582860256978748
238302.52289120524	6000.0	2625.3359390593732	0.0	0	0.0	3927.8588302645658	1	0	tensor(3)	2.558286025697863
239261.046487619	6000.0	2666.8123426456264	0.0	0	0.0	3927.8588302645658	1	0	tensor(3)	2.558286025697863
240592.8476466972	6000.0	2335.011183567456	0.0	0	0.0	3927.8588302645658	1	0	tensor(3)	2.558286025697863
241575.60260461364	6000.0	2352.2562256510228	0.0	0	0.0	3927.8588302645658	1	0	tensor(3)	2.558286025697863
242766.5929496822	6000.0	2161.2658805824813	0.0	0	0.0	3927.858830264595	1	0	tensor(3)	2.5582860256978512
243440.57168301372	6000.0	2487.287147250968	0.0	0	0.0	3927.858830264595	1	0	tensor(3)	2.5582860256978512
244799.20615456547	6000.0	2128.652675699239	0.0	0	0.0	3927.858830264653	1	0	tensor(3)	2.558286025697838
245692.07054891658	6000.0	2235.788281348119	0.0	0	0.0	3927.858830264653	1	0	tensor(3)	2.5582860256978286
246857.14165813924	6000.0	2070.717172125449	0.0	0	0.0	3927.858830264624	1	0	tensor(3)	2.558286025697833
247669.05429230243	6000.0	2258.804537962255	0.0	0	0.0	3927.858830264624	1	0	tensor(3)	2.55828602569784
248846.41698537263	6000.0	2081.4418448920846	0.0	0	0.0	3927.858830264624	1	0	tensor(3)	2.55828602569784
249833.0357733383	6000.0	2094.8230569263824	0.0	0	0.0	3927.858830264624	1	0	tensor(3)	2.55828602569784
250962.18328861613	6000.0	1965.6755416485641	0.0	0	0.0	3927.858830264624	1	0	tensor(3)	2.55828602569784
252014.41166844103	6000.0	1913.4471618236917	0.0	0	0.0	3927.858830264653	1	0	tensor(3)	2.5582860256978335
253434.3267188199	6000.0	1493.532111444837	0.0	0	0.0	3927.858830264682	1	0	tensor(3)	2.558286025697819
253914.89421077236	3000.0	2012.9646194923998	0.0	0	0.0	3927.8588302647113	1	0	tensor(3)	1.1719916645779154
254638.05281968473	3000.0	2289.806010580014	0.0	0	0.0	3927.8588302647113	1	0	tensor(3)	1.8651388451378603
255194.90282710508	3000.0	2732.9560031596684	0.0	0	0.0	3927.8588302647404	1	0	tensor(3)	1.8651388451378486
256353.84644335095	6000.0	2574.012386913797	0.0	0	0.0	3927.8588302647695	1	0	tensor(3)	1.8651388451378392
257235.6935735361	6000.0	2692.1652567286224	0.0	0	0.0	3927.8588302647695	1	0	tensor(3)	2.558286025697782
258398.7110594538	6000.0	2529.147770810905	0.0	0	0.0	3927.8588302647695	1	0	tensor(3)	2.558286025697782
259345.4983733408	6000.0	2582.360456923932	0.0	0	0.0	3927.8588302647986	1	0	tensor(3)	2.55828602569777
260051.9346686135	6000.0	2875.9241616512545	0.0	0	0.0	3927.8588302647986	1	0	tensor(3)	2.55828602569777
260601.13607019806	6000.0	3326.7227600666733	0.0	0	0.0	3927.8588302647986	1	0	tensor(3)	2.55828602569777
261362.22377240803	6000.0	3565.6350578567008	0.0	0	0.0	3927.8588302647986	1	0	tensor(3)	2.55828602569777
262270.4448632729	6000.0	3657.413966991845	0.0	0	0.0	3927.8588302647986	1	0	tensor(3)	2.55828602569777
263200.0	6000.0	3727.858830264678	0.0	0	72.53670523082837	3927.8588302647695	1	0	tensor(3)	2.5582860256977726
264200.0	6000.0	3727.858830264734	0.0	0	116.97620585089317	3927.8588302648277	1	0	tensor(3)	2.5582860256977638
265200.0	6000.0	3727.858830264783	0.0	0	428.31682364916196	3927.858830264886	1	0	tensor(3)	2.558286025697743
266200.0	6000.0	3727.858830264786	0.0	0	313.84469055145746	3927.858830264886	1	0	tensor(3)	2.558286025697738
267200.0	6000.0	3727.8588302647745	0.0	0	291.9850215637707	3927.858830264886	1	0	tensor(3)	2.5582860256977358
268200.0	6000.0	3727.858830264738	0.0	0	216.1794058768428	3927.858830264886	1	0	tensor(3)	2.5582860256977358
269200.0	6000.0	3727.8588302647386	0.0	0	182.86748752044514	3927.858830264886	1	0	tensor(3)	2.5582860256977358
270275.4409578682	6000.0	3652.417872396556	0.0	0	0.0	3927.858830264886	1	0	tensor(3)	2.5582860256977358
271407.77495709463	6000.0	3520.083873170078	0.0	0	0.0	3927.8588302648277	1	0	tensor(3)	2.5582860256977593
272671.75598254276	6000.0	3256.102847721956	0.0	0	0.0	3927.8588302647695	1	0	tensor(3)	2.558286025697782
273875.66101825837	6000.0	3052.197812006311	0.0	0	0.0	3927.8588302648277	1	0	tensor(3)	2.558286025697777
275018.40641069703	6000.0	2909.452419567708	0.0	0	0.0	3927.8588302648277	1	0	tensor(3)	2.5582860256977593
276246.3303022801	6000.0	2681.5285279846403	0.0	0	0.0	3927.8588302648277	1	0	tensor(3)	2.5582860256977593
277033.01849277696	6000.0	2894.8403374877853	0.0	0	0.0	3927.8588302648277	1	0	tensor(3)	2.5582860256977593
277674.0819294492	6000.0	3253.7769008155246	0.0	0	0.0	3927.8588302648277	1	0	tensor(3)	2.5582860256977593
278619.3027483478	6000.0	3308.5560819169277	0.0	0	0.0	3927.8588302648277	1	0	tensor(3)	2.5582860256977593
279610.950512623	6000.0	3316.9083176416866	0.0	0	0.0	3927.8588302648277	1	0	tensor(3)	2.5582860256977593
280359.65024160367	6000.0	3568.2085886609757	0.0	0	0.0	3927.858830264886	1	0	tensor(3)	2.5582860256977358
281574.62120860076	6000.0	3353.2376216638445	0.0	0	0.0	3927.858830264886	1	0	tensor(3)	2.5582860256977358
282685.04496244976	6000.0	3242.8138678148307	0.0	0	0.0	3927.858830264886	1	0	tensor(3)	2.5582860256977358
283575.19471805653	6000.0	3352.6641122080064	0.0	0	0.0	3927.858830264886	1	0	tensor(3)	2.5582860256977358
284548.34654854337	6000.0	3379.512281721098	0.0	0	0.0	3927.858830264886	1	0	tensor(3)	2.5582860256977358
285685.6414783324	6000.0	3242.217351932074	0.0	0	0.0	3927.8588302648277	1	0	tensor(3)	2.5582860256977593
287502.2422133133	6000.0	2425.6166169511566	0.0	0	0.0	3927.858830264886	1	0	tensor(3)	2.558286025697745
288863.4524549373	6000.0	2064.406375327145	0.0	0	0.0	3927.8588302648277	1	0	tensor(3)	2.5582860256977593
290210.5307661892	6000.0	1717.3280640752214	0.0	0	0.0	3927.8588302647695	1	0	tensor(3)	2.5582860256977775
290705.54366349237	3000.0	2222.315166772035	0.0	0	0.0	3927.858830264653	1	0	tensor(3)	1.17199166457792
291425.6226193106	3000.0	2502.23621095377	0.0	0	0.0	3927.858830264653	1	0	tensor(3)	1.8651388451378836
292244.9913128683	6000.0	2682.8675173960632	0.0	0	0.0	3927.858830264653	1	0	tensor(3)	1.8651388451378836
293600.6742444683	6000.0	2327.1845857960984	0.0	0	0.0	3927.858830264653	1	0	tensor(3)	2.5582860256978286
294725.64448217384	6000.0	2202.21434809054	0.0	0	0.0	3927.8588302647113	1	0	tensor(3)	2.558286025697805
295721.2049832286	6000.0	2206.653847035851	0.0	0	0.0	3927.8588302647113	1	0	tensor(3)	2.558286025697805
296587.953847734	6000.0	2339.904982530405	0.0	0	0.0	3927.8588302647113	1	0	tensor(3)	2.558286025697805
297691.2087999777	6000.0	2236.6500302866853	0.0	0	0.0	3927.8588302647113	1	0	tensor(3)	2.558286025697805
298553.26716304163	6000.0	2374.5916672228063	0.0	0	0.0	3927.8588302647113	1	0	tensor(3)	2.558286025697805
299735.0780954144	6000.0	2192.7807348500355	0.0	0	0.0	3927.8588302647113	1	0	tensor(3)	2.558286025697805
300458.99179328966	6000.0	2468.8670369748506	0.0	0	0.0	3927.8588302647113	1	0	tensor(3)	2.558286025697805
301128.9490630756	6000.0	2798.9097671889017	0.0	0	0.0	3927.8588302647113	1	0	tensor(3)	2.558286025697805
301805.47604121914	6000.0	3122.3827890453194	0.0	0	0.0	3927.8588302647695	1	0	tensor(3)	2.558286025697782
303012.2429593761	6000.0	2915.6158708883445	0.0	0	0.0	3927.8588302647695	1	0	tensor(3)	2.558286025697782
8.21	8.18	9.36	9.43	11.4	7.61	5.21	3.17	5.82	5.75	4.24	7.3	8.0	5.5	4.74	6.58	5.71	6.51	5.36	6.35	5.6	5.35	5.33	4.62	3.89	5.29	4.97	5.68	6.32	8.09	6.02	6.17	7.33	5.92	7.61	4.43	5.68	4.75	6.81	5.54	6.46	6.07	5.13	6.51	5.51	4.82	5.13	7.1	8.38	5.66	4.83	7.51	4.31	6.24	5.29	5.17	5.03	4.48	7.29	7.98	7.14	5.41	6.51	5.1	5.02	4.77	8.05	7.26	6.53	4.3	4.33	5.87	6.8	7.37	7.48	6.23	6.35	7.22	6.5	7.14	7.73	5.62	5.47	5.72	5.33	6.07	7.81	6.52	6.96	4.98	5.02	4.76	6.21	6.64	5.51	5.43	5.4	6.43	4.69	5.54	7.74	5.27	4.74	4.44	6.92	8.93	5.79	7.26	5.69	7.7	11.9	9.64	5.68	6.67	5.82	5.24	4.76	6.94	6.99	5.4	4.91	8.66	8.38	5.85	5.19	6.72	6.48	5.66	6.28	4.86	5.29	5.24	2.84	5.36	5.4	5.1	5.46	5.69	4.39	4.95	6.85	7.05	6.29	5.4	6.0	6.83	9.48	4.73	7.11	6.49	8.21	8.18	9.36	9.43	11.4	7.61	5.21	3.17	5.82	5.75	4.24	7.3	8.0	5.5	4.74	6.58	5.71	6.51	5.36	6.35	5.6	5.35	5.33	4.62	3.89	5.29	4.97	5.68	6.32	8.09	6.02	6.17	7.33	5.92	7.61	4.43	5.68	4.75	6.81	5.54	6.46	6.07	5.13	6.51	5.51	4.82	5.13	7.1	8.38	5.66	4.83	7.51	4.31	6.24	5.29	5.17	5.03	4.48	7.29	7.98	7.14	5.41	6.51	5.1	5.02	4.77	8.05	7.26	6.53	4.3	4.33	5.87	6.8	7.37	7.48	6.23	6.35	7.22	6.5	7.14	7.73	5.62	5.47	5.72	5.33	6.07	7.81	6.52	6.96	4.98	5.02	4.76	6.21	6.64	5.51	5.43	5.4	6.43	4.69	5.54	7.74	5.27	4.74	4.44	6.92	8.93	5.79	7.26	5.69	7.7	11.9	9.64	5.68	6.67	5.82	5.24	4.76	6.94	6.99	5.4	4.91	8.66	8.38	5.85	5.19	6.72	6.48	5.66	6.28	4.86	5.29	5.24	2.84	5.36	5.4	5.1	5.46	5.69	4.39	4.95	6.85	7.05	6.29	5.4	6.0	6.83	9.48	4.73	7.11	6.49	8.21	8.18	9.36
1.0	2.0	3.0	4.0	5.0	6.0	7.0	8.0	9.0	10.0	11.0	12.0	13.0	14.0	15.0	16.0	17.0	18.0	19.0	20.0	21.0	22.0	23.0	24.0	25.0	26.0	27.0	28.0	29.0	30.0	31.0	32.0	33.0	34.0	35.0	36.0	37.0	38.0	39.0	40.0	41.0	42.0	43.0	44.0	45.0	46.0	47.0	48.0	49.0	50.0	51.0	52.0	53.0	54.0	55.0	56.0	57.0	58.0	59.0	60.0	61.0	62.0	63.0	64.0	65.0	66.0	67.0	68.0	69.0	70.0	71.0	72.0	73.0	74.0	75.0	76.0	77.0	78.0	79.0	80.0	81.0	82.0	83.0	84.0	85.0	86.0	87.0	88.0	89.0	90.0	91.0	92.0	93.0	94.0	95.0	96.0	97.0	98.0	99.0	100.0	101.0	102.0	103.0	104.0	105.0	106.0	107.0	108.0	109.0	110.0	111.0	112.0	113.0	114.0	115.0	116.0	117.0	118.0	119.0	120.0	121.0	122.0	123.0	124.0	125.0	126.0	127.0	128.0	129.0	130.0	131.0	132.0	133.0	134.0	135.0	136.0	137.0	138.0	139.0	140.0	141.0	142.0	143.0	144.0	145.0	146.0	147.0	148.0	149.0	149.0	150.0	151.0	152.0	153.0	154.0	155.0	156.0	157.0	158.0	159.0	160.0	161.0	162.0	163.0	164.0	165.0	166.0	167.0	168.0	169.0	170.0	171.0	172.0	173.0	174.0	175.0	176.0	177.0	178.0	179.0	180.0	181.0	182.0	183.0	184.0	185.0	186.0	187.0	188.0	189.0	190.0	191.0	192.0	193.0	194.0	195.0	196.0	197.0	198.0	199.0	200.0	201.0	202.0	203.0	204.0	205.0	206.0	207.0	208.0	209.0	210.0	211.0	212.0	213.0	214.0	215.0	216.0	217.0	218.0	219.0	220.0	221.0	222.0	223.0	224.0	225.0	226.0	227.0	228.0	229.0	230.0	231.0	232.0	233.0	234.0	235.0	236.0	237.0	238.0	239.0	240.0	241.0	242.0	243.0	244.0	245.0	246.0	247.0	248.0	249.0	250.0	251.0	252.0	253.0	254.0	255.0	256.0	257.0	258.0	259.0	260.0	261.0	262.0	263.0	264.0	265.0	266.0	267.0	268.0	269.0	270.0	271.0	272.0	273.0	274.0	275.0	276.0	277.0	278.0	279.0	280.0	281.0	282.0	283.0	284.0	285.0	286.0	287.0	288.0	289.0	290.0	291.0	292.0	293.0	294.0	295.0	296.0	297.0	298.0	298.0	299.0	300.0	301.0
5690.592653038685
