4639.027645124442	1000.0	2000.0	214.50921484763316	0	0.0	4639.027645124442	1	0	tensor(2)	-2.262619154891869
5269.5181190325575	6000.0	2432.558573482696	0.0	0	0.0	4702.076692515253	1	0	tensor(2)	0.36569227951097855
5887.12694236927	6000.0	2814.949750145983	0.0	0	0.0	4702.076692515253	1	0	tensor(3)	1.9475638527121177
6771.594369549491	6000.0	2930.4823229657623	0.0	0	0.0	4702.076692515253	1	0	tensor(3)	2.1475638527121177
7648.02905028677	6000.0	3054.0476422284837	0.0	0	0.0	4702.076692515253	1	0	tensor(3)	2.1475638527121177
8400.886130577179	6000.0	3301.1905619380755	0.0	0	0.0	4702.076692515254	1	0	tensor(3)	2.1475638527121177
9949.19691738849	6000.0	2752.879775126764	0.0	0	0.0	4702.076692515253	1	0	tensor(3)	2.147563852712118
10869.849605079718	6000.0	2832.2270874355363	0.0	0	0.0	4702.076692515254	1	0	tensor(3)	2.1475638527121172
11888.650624845259	6000.0	2813.4260676699964	0.0	0	0.0	4702.076692515254	1	0	tensor(3)	2.1475638527121177
12996.364846158718	6000.0	2705.711846356536	0.0	0	0.0	4702.076692515253	1	0	tensor(3)	2.147563852712117
13852.805430270966	6000.0	2849.2712622442878	0.0	0	0.0	4702.076692515253	1	0	tensor(3)	2.1475638527121177
15208.509621238522	6000.0	2493.5670712767314	0.0	0	0.0	4702.076692515253	1	0	tensor(3)	2.1475638527121177
16432.11890120671	6000.0	2269.9577913085427	0.0	0	0.0	4702.076692515253	1	0	tensor(3)	2.1475638527121177
17772.788013474245	6000.0	1929.2886790410103	0.0	0	0.0	4702.076692515251	1	0	tensor(3)	2.1475638527121195
18266.590593313475	3000.0	2435.4860992017825	0.0	0	0.0	4702.076692515253	1	0	tensor(3)	0.7612694915922293
19402.61653923115	6000.0	2299.4601532841093	0.0	0	0.0	4702.076692515253	1	0	tensor(3)	1.4544166721521736
20180.84905368799	6000.0	2521.22763882727	0.0	0	0.0	4702.076692515257	1	0	tensor(3)	2.147563852712116
20920.462326936497	6000.0	2781.614365578763	0.0	0	0.0	4702.076692515255	1	0	tensor(3)	2.147563852712116
21646.891036858364	6000.0	3055.1856556568964	0.0	0	0.0	4702.076692515253	1	0	tensor(3)	2.1475638527121177
22372.459947681215	6000.0	3329.616744834044	0.0	0	0.0	4702.076692515253	1	0	tensor(3)	2.1475638527121177
23238.790882468482	6000.0	3463.285810046778	0.0	0	0.0	4702.076692515253	1	0	tensor(3)	2.1475638527121177
24589.86561698383	6000.0	3112.2110755314297	0.0	0	0.0	4702.076692515253	1	0	tensor(3)	2.1475638527121177
25751.744223505444	6000.0	2950.3324690098125	0.0	0	0.0	4702.076692515253	1	0	tensor(3)	2.1475638527121177
26802.270669825237	6000.0	2899.806022690015	0.0	0	0.0	4702.076692515253	1	0	tensor(3)	2.1475638527121177
27923.00814954935	6000.0	2779.068542965898	0.0	0	0.0	4702.076692515249	1	0	tensor(3)	2.1475638527121204
29002.990056456358	6000.0	2699.0866360588934	0.0	0	0.0	4702.076692515249	1	0	tensor(3)	2.1475638527121204
30423.45563777816	6000.0	2278.6210547370974	0.0	0	0.0	4702.076692515249	1	0	tensor(3)	2.1475638527121204
31867.61664678441	6000.0	1834.4600457308502	0.0	0	0.0	4702.076692515249	1	0	tensor(3)	2.1475638527121204
32549.05382594325	3000.0	2153.022866572009	0.0	0	0.0	4702.076692515249	1	0	tensor(3)	0.7612694915922307
33303.096875161784	6000.0	2398.979817353479	0.0	0	0.0	4702.076692515249	1	0	tensor(3)	1.454416672152175
34139.750699832686	6000.0	2562.3259926825817	0.0	0	0.0	4702.076692515257	1	0	tensor(3)	2.1475638527121186
35101.005611897075	6000.0	2601.0710806181864	0.0	0	0.0	4702.076692515249	1	0	tensor(3)	2.147563852712116
35943.430254751496	6000.0	2758.646437763771	0.0	0	0.0	4702.076692515257	1	0	tensor(3)	2.1475638527121177
36823.23517683959	6000.0	2878.8415156756846	0.0	0	0.0	4702.076692515264	1	0	tensor(3)	2.147563852712111
38437.24667244419	6000.0	2264.83002007108	0.0	0	0.0	4702.076692515264	1	0	tensor(3)	2.147563852712111
39541.788354271004	6000.0	2160.2883382442697	0.0	0	0.0	4702.076692515264	1	0	tensor(3)	2.147563852712111
40740.271726462735	6000.0	1961.8049660525444	0.0	0	0.0	4702.076692515271	1	0	tensor(3)	2.147563852712106
41730.893497865785	6000.0	1971.1831946494945	0.0	0	0.0	4702.076692515271	1	0	tensor(3)	2.147563852712106
42834.30364849702	6000.0	1867.773044018257	0.0	0	0.0	4702.076692515271	1	0	tensor(3)	2.147563852712106
43827.45802537491	6000.0	1874.6186671403736	0.0	0	0.0	4702.076692515271	1	0	tensor(3)	2.147563852712106
44533.261914320654	6000.0	2168.8147781946254	0.0	0	0.0	4702.076692515278	1	0	tensor(3)	2.1475638527121004
46347.302043376025	6000.0	1354.7746491392604	0.0	0	0.0	4702.076692515278	1	0	tensor(3)	2.1475638527121004
47564.31301576863	6000.0	1137.7636767466583	0.0	0	0.0	4702.076692515278	1	0	tensor(3)	2.1475638527121004
47927.85886900427	3000.0	1774.217823511015	0.0	0	0.0	2702.0766925152784	1	0	tensor(6)	-4.52324159809529
48930.23248796187	6000.0	1771.8442045534157	0.0	0	0.0	2702.0766925152784	1	0	tensor(3)	2.169905582464654
49842.067050449004	6000.0	1860.009642066273	0.0	0	0.0	2702.076692515271	1	0	tensor(3)	2.8630527630245997
50966.842184827336	6000.0	1735.2345076879396	0.0	0	0.0	2702.076692515264	1	0	tensor(3)	2.8630527630246005
51643.564537385006	3000.0	2058.5121551302627	0.0	0	0.0	2702.076692515264	1	0	tensor(3)	1.476758401904711
52260.66277399631	3000.0	2441.4139185189592	0.0	0	0.0	2702.076692515264	1	0	tensor(3)	2.169905582464656
53200.0	3000.0	2502.0766925152643	0.0	0	586.3034941477526	2702.076692515264	1	0	tensor(3)	2.169905582464656
54301.393341940944	6000.0	2400.6833505743157	0.0	0	0.0	2702.076692515264	1	0	tensor(3)	2.1699055824646556
55691.927232034985	6000.0	2010.1494604802679	0.0	0	0.0	2702.076692515264	1	0	tensor(3)	2.8630527630246005
56666.49059213177	6000.0	2035.586100383482	0.0	0	0.0	2702.076692515264	1	0	tensor(3)	2.8630527630246005
57908.720652195414	6000.0	1793.3560403198335	0.0	0	0.0	2702.0766925152566	1	0	tensor(3)	2.8630527630246014
58793.494277765625	6000.0	1908.582414749624	0.0	0	0.0	2702.076692515264	1	0	tensor(3)	2.8630527630246005
59779.64876684276	6000.0	1922.4279256725038	0.0	0	0.0	2702.076692515264	1	0	tensor(3)	2.8630527630246005
61160.64017134011	6000.0	1541.4365211751574	0.0	0	0.0	2702.076692515271	1	0	tensor(3)	2.8630527630245997
61559.22346691042	3000.0	2142.85322560484	0.0	0	0.0	2702.076692515271	1	0	tensor(3)	1.47675840190471
62977.61866938609	6000.0	1724.458023129175	0.0	0	0.0	2702.076692515271	1	0	tensor(3)	2.1699055824646543
64603.516059733076	6000.0	1098.560632782186	0.0	0	0.0	2702.076692515271	1	0	tensor(3)	2.8630527630245997
65411.580338085536	3000.0	1290.4963544297223	0.0	0	0.0	2702.076692515271	1	0	tensor(3)	1.47675840190471
66596.3081851251	6000.0	1105.768507390174	0.0	0	0.0	2702.0766925153002	1	0	tensor(3)	2.169905582464652
67019.40666360335	3000.0	1682.670028911932	0.0	0	0.0	2702.0766925153002	1	0	tensor(3)	1.476758401904706
68131.57344230282	6000.0	1570.5032502124702	0.0	0	0.0	2702.076692515293	1	0	tensor(3)	2.1699055824646516
69343.79385781373	6000.0	1358.282834701556	0.0	0	0.0	2702.0766925152857	1	0	tensor(3)	2.863052763024598
70008.65520418588	3000.0	1693.4214883294019	0.0	0	0.0	2702.0766925152857	1	0	tensor(3)	1.476758401904708
70508.70767118136	3000.0	2193.369021333932	0.0	0	0.0	2702.0766925152857	1	0	tensor(3)	2.169905582464653
71598.65020806728	6000.0	2103.4264844480117	0.0	0	0.0	2702.076692515271	1	0	tensor(3)	2.1699055824646543
72254.74393715973	6000.0	2447.3327553555596	0.0	0	0.0	2702.076692515271	1	0	tensor(3)	2.8630527630245997
73200.0	6000.0	2502.076692515282	0.0	0	0.1944184443418635	2702.076692515271	1	0	tensor(3)	2.8630527630245997
74281.60632266775	6000.0	2420.4703698475378	0.0	0	0.0	2702.0766925152857	1	0	tensor(3)	2.863052763024598
75200.0	6000.0	2502.0766925152916	0.0	0	359.0722445410938	2702.0766925152857	1	0	tensor(3)	2.863052763024598
76200.0	6000.0	2502.0766925152907	0.0	0	280.6147221385472	2702.0766925152857	1	0	tensor(3)	2.863052763024598
77200.0	6000.0	2502.0766925152802	0.0	0	54.66176382517733	2702.0766925152857	1	0	tensor(3)	2.863052763024598
78200.0	6000.0	2502.076692515271	0.0	0	59.02693277153594	2702.0766925152857	1	0	tensor(3)	2.863052763024598
79200.0	6000.0	2502.0766925152684	0.0	0	328.1079862664774	2702.0766925152857	1	0	tensor(3)	2.863052763024598
80200.0	6000.0	2502.076692515269	0.0	0	376.6981642968749	2702.0766925153002	1	0	tensor(3)	2.8630527630245957
81200.0	6000.0	2502.076692515268	0.0	0	262.75124339149625	2702.076692515315	1	0	tensor(3)	2.863052763024594
82200.0	6000.0	2502.0766925152575	0.0	0	144.39319893745414	2702.076692515315	1	0	tensor(3)	2.863052763024594
83729.54382956617	6000.0	1972.5328629490666	0.0	0	0.0	2702.076692515315	1	0	tensor(3)	2.863052763024594
84624.6893284095	6000.0	2077.3873641057367	0.0	0	0.0	2702.076692515315	1	0	tensor(3)	2.863052763024594
86028.97528765224	6000.0	1673.1014048629759	0.0	0	0.0	2702.076692515315	1	0	tensor(3)	2.863052763024594
86922.00632856083	6000.0	1780.0703639543822	0.0	0	0.0	2702.076692515315	1	0	tensor(3)	2.863052763024594
87726.47680140541	6000.0	1975.5998911098109	0.0	0	0.0	2702.076692515315	1	0	tensor(3)	2.863052763024594
88278.65928917598	6000.0	2423.4174033392296	0.0	0	0.0	2702.076692515315	1	0	tensor(3)	2.863052763024594
89200.0	6000.0	2502.076692515209	0.0	0	140.32996429166815	2702.076692515315	1	0	tensor(3)	2.863052763024594
90200.0	6000.0	2502.076692515212	0.0	0	316.1402047557349	2702.0766925153293	1	0	tensor(3)	2.8630527630245917
91200.0	6000.0	2502.0766925152107	0.0	0	262.9872854392015	2702.0766925153293	1	0	tensor(3)	2.8630527630245917
92450.87157137196	6000.0	2251.2051211432645	0.0	0	0.0	2702.0766925153293	1	0	tensor(3)	2.8630527630245917
93994.15486418796	6000.0	1707.921828327251	0.0	0	0.0	2702.076692515315	1	0	tensor(3)	2.863052763024594
94792.9864154025	6000.0	1909.090277112729	0.0	0	0.0	2702.0766925153293	1	0	tensor(3)	2.8630527630245917
95624.99610431858	6000.0	2077.080588196656	0.0	0	0.0	2702.0766925153293	1	0	tensor(3)	2.8630527630245917
96599.40962955318	6000.0	2102.667062962068	0.0	0	0.0	2702.0766925153293	1	0	tensor(3)	2.8630527630245917
97358.50990414251	6000.0	2343.5667883727347	0.0	0	0.0	2702.0766925153293	1	0	tensor(3)	2.8630527630245917
98659.26078772146	6000.0	2042.8159047937897	0.0	0	0.0	2702.0766925153293	1	0	tensor(3)	2.8630527630245917
99842.92957683363	6000.0	1859.1471156816147	0.0	0	0.0	2702.076692515315	1	0	tensor(3)	2.863052763024594
100712.85337577974	3000.0	1989.223316735505	0.0	0	0.0	2702.076692515315	1	0	tensor(3)	1.476758401904704
101501.28391479842	3000.0	2200.7927777168297	0.0	0	0.0	2702.076692515315	1	0	tensor(3)	2.169905582464649
102404.9104364197	3000.0	2297.1662560955583	0.0	0	0.0	2702.076692515315	1	0	tensor(3)	2.169905582464649
103200.0	3000.0	2502.076692515271	0.0	0	78.83934131117712	2702.0766925153293	1	0	tensor(3)	2.1699055824646467
104200.0	3000.0	2502.076692515272	0.0	0	363.8313252610387	2702.0766925153293	1	0	tensor(3)	2.1699055824646467
105200.0	3000.0	2502.0766925152666	0.0	0	359.88129278428096	2702.0766925153293	1	0	tensor(3)	2.1699055824646467
106200.0	3000.0	2502.0766925152757	0.0	0	482.6556370721373	2702.076692515344	1	0	tensor(3)	2.169905582464645
107301.49223201507	6000.0	2400.5844605002194	0.0	0	0.0	2702.076692515344	1	0	tensor(3)	2.1699055824646445
108287.00546127035	6000.0	2415.071231244946	0.0	0	0.0	2702.076692515344	1	0	tensor(3)	2.8630527630245894
109338.25148520582	6000.0	2363.8252073094613	0.0	0	0.0	2702.076692515344	1	0	tensor(3)	2.8630527630245894
110735.61463269967	6000.0	1966.4620598156123	0.0	0	0.0	2702.076692515344	1	0	tensor(3)	2.8630527630245894
111516.66611824073	6000.0	2185.410574274562	0.0	0	0.0	2702.0766925153584	1	0	tensor(3)	2.8630527630245877
112682.83534858123	6000.0	2019.2413439340721	0.0	0	0.0	2702.0766925153584	1	0	tensor(3)	2.8630527630245877
113268.4582116758	6000.0	2433.618480839496	0.0	0	0.0	2702.0766925153584	1	0	tensor(3)	2.8630527630245877
114712.63175168188	6000.0	1989.4449408334065	0.0	0	0.0	2702.0766925153584	1	0	tensor(3)	2.8630527630245877
115479.10544843962	6000.0	2222.971244075654	0.0	0	0.0	2702.0766925153584	1	0	tensor(3)	2.8630527630245877
116388.58232213919	6000.0	2313.4943703760923	0.0	0	0.0	2702.0766925153584	1	0	tensor(3)	2.8630527630245877
117321.6458427474	6000.0	2380.430849767879	0.0	0	0.0	2702.0766925153584	1	0	tensor(3)	2.8630527630245877
118200.0	6000.0	2502.0766925152807	0.0	0	106.00859755468264	2702.0766925153584	1	0	tensor(3)	2.8630527630245877
119200.0	6000.0	2502.076692515292	0.0	0	305.9226651501376	2702.0766925153584	1	0	tensor(3)	2.8630527630245877
120200.0	6000.0	2502.076692515304	0.0	0	23.202987547047087	2702.076692515373	1	0	tensor(3)	2.8630527630245854
121200.0	6000.0	2502.0766925153016	0.0	0	135.7471283429186	2702.076692515373	1	0	tensor(3)	2.8630527630245854
122200.0	6000.0	2502.076692515296	0.0	0	42.502647272864124	2702.0766925153584	1	0	tensor(3)	2.8630527630245877
123492.03829099282	6000.0	2210.0384015224954	0.0	0	0.0	2702.0766925153584	1	0	tensor(3)	2.8630527630245877
124327.83462487499	6000.0	2374.242067640317	0.0	0	0.0	2702.0766925153584	1	0	tensor(3)	2.8630527630245877
125605.80859628273	6000.0	2096.268096232575	0.0	0	0.0	2702.076692515344	1	0	tensor(3)	2.8630527630245894
126364.87186912948	6000.0	2337.2048233858277	0.0	0	0.0	2702.076692515344	1	0	tensor(3)	2.8630527630245894
127342.26192107028	6000.0	2359.8147714450297	0.0	0	0.0	2702.076692515344	1	0	tensor(3)	2.8630527630245894
128220.72420252988	6000.0	2481.352489985443	0.0	0	0.0	2702.076692515344	1	0	tensor(3)	2.8630527630245894
129282.33174936335	6000.0	2419.7449431519767	0.0	0	0.0	2702.076692515344	1	0	tensor(3)	2.8630527630245894
130616.1556009856	6000.0	2085.9210915297535	0.0	0	0.0	2702.076692515344	1	0	tensor(3)	2.8630527630245894
131581.6047549554	6000.0	2120.4719375599593	0.0	0	0.0	2702.0766925153584	1	0	tensor(3)	2.8630527630245877
132264.85766355702	6000.0	2437.219028958314	0.0	0	0.0	2702.0766925153293	1	0	tensor(3)	2.86305276302459
133200.0	6000.0	2502.07669251534	0.0	0	157.28484314441448	2702.0766925153584	1	0	tensor(3)	2.8630527630245886
134200.0	6000.0	2502.0766925153425	0.0	0	370.6805010829121	2702.076692515344	1	0	tensor(3)	2.8630527630245894
135200.0	6000.0	2502.0766925153284	0.0	0	47.728216122603044	2702.076692515344	1	0	tensor(3)	2.8630527630245894
136214.7009942401	6000.0	2487.375698275215	0.0	0	0.0	2702.076692515344	1	0	tensor(3)	2.8630527630245894
137455.47276941428	6000.0	2246.60392310101	0.0	0	0.0	2702.076692515344	1	0	tensor(3)	2.8630527630245894
138568.98794820323	6000.0	2133.0887443120605	0.0	0	0.0	2702.076692515344	1	0	tensor(3)	2.8630527630245894
139496.22685664461	6000.0	2205.8498358706656	0.0	0	0.0	2702.076692515344	1	0	tensor(3)	2.8630527630245894
140715.2659708991	6000.0	1986.810721616124	0.0	0	0.0	2702.076692515344	1	0	tensor(3)	2.8630527630245894
141348.30611676342	6000.0	2353.770575751832	0.0	0	0.0	2702.076692515344	1	0	tensor(3)	2.8630527630245894
142215.0545641971	6000.0	2487.022128318125	0.0	0	0.0	2702.076692515344	1	0	tensor(3)	2.8630527630245894
143347.8644803144	6000.0	2354.2122122008577	0.0	0	0.0	2702.076692515344	1	0	tensor(3)	2.8630527630245894
144602.06382959007	6000.0	2100.012862925192	0.0	0	0.0	2702.076692515344	1	0	tensor(3)	2.8630527630245894
146158.39039429775	6000.0	1543.6862982174857	0.0	0	0.0	2702.076692515344	1	0	tensor(3)	2.8630527630245894
146668.51050139777	3000.0	2033.5661911174532	0.0	0	0.0	2702.076692515344	1	0	tensor(3)	1.4767584019047
147810.5235788052	6000.0	1891.5531137100236	0.0	0	0.0	2702.076692515344	1	0	tensor(3)	2.1699055824646445
149252.38009424615	6000.0	1449.6965982691277	0.0	0	0.0	2702.076692515344	1	0	tensor(3)	2.8630527630245894
150014.346202046	3000.0	1687.7304904692608	0.0	0	0.0	2702.076692515315	1	0	tensor(3)	1.476758401904704
151117.63298298352	6000.0	1584.443709531753	0.0	0	0.0	2702.076692515315	1	0	tensor(3)	2.169905582464649
151973.90090550247	6000.0	1728.1757870127906	0.0	0	0.0	2702.076692515315	1	0	tensor(3)	2.863052763024594
153070.48228540795	6000.0	1631.5944071072988	0.0	0	0.0	2702.076692515315	1	0	tensor(3)	2.863052763024594
153929.3064242136	6000.0	1772.7702683016366	0.0	0	0.0	2702.076692515344	1	0	tensor(3)	2.8630527630245894
154555.54254505344	6000.0	2146.5341474617653	0.0	0	0.0	2702.076692515315	1	0	tensor(3)	2.863052763024592
155528.8136008946	6000.0	2173.2630916206163	0.0	0	0.0	2702.076692515344	1	0	tensor(3)	2.8630527630245894
156834.76797596746	6000.0	1867.3087165477416	0.0	0	0.0	2702.076692515315	1	0	tensor(3)	2.863052763024592
158206.15106505735	6000.0	1495.92562745786	0.0	0	0.0	2702.076692515344	1	0	tensor(3)	2.8630527630245903
159219.7636227902	6000.0	1482.3130697250092	0.0	0	0.0	2702.076692515315	1	0	tensor(3)	2.863052763024594
160330.4473316547	6000.0	1371.6293608604979	0.0	0	0.0	2702.0766925152857	1	0	tensor(3)	2.863052763024598
161266.34052215875	3000.0	1435.7361703564702	0.0	0	0.0	2702.076692515315	1	0	tensor(3)	1.476758401904704
161868.25711229543	3000.0	1833.8195802197697	0.0	0	0.0	2702.076692515315	1	0	tensor(3)	2.169905582464649
162893.95087999493	6000.0	1808.1258125202799	0.0	0	0.0	2702.076692515344	1	0	tensor(3)	2.1699055824646445
163578.899432789	3000.0	2123.1772597261916	0.0	0	0.0	2702.076692515373	1	0	tensor(3)	1.4767584019046975
164690.65411378356	6000.0	2011.4225787316807	0.0	0	0.0	2702.076692515373	1	0	tensor(3)	2.1699055824646405
165879.16309821038	6000.0	1822.9135943048404	0.0	0	0.0	2702.076692515402	1	0	tensor(3)	2.8630527630245837
166651.54241547626	3000.0	2050.5342770389716	0.0	0	0.0	2702.076692515373	1	0	tensor(3)	1.476758401904696
167361.5150808329	3000.0	2340.5616116823303	0.0	0	0.0	2702.076692515373	1	0	tensor(3)	2.169905582464644
168561.87500843807	6000.0	2140.2016840771385	0.0	0	0.0	2702.076692515373	1	0	tensor(3)	2.1699055824646405
169544.28205991065	6000.0	2157.7946326045712	0.0	0	0.0	2702.076692515402	1	0	tensor(3)	2.863052763024582
170293.75824332816	6000.0	2408.318449187043	0.0	0	0.0	2702.076692515402	1	0	tensor(3)	2.863052763024582
171576.0940329092	6000.0	2125.982659606016	0.0	0	0.0	2702.076692515373	1	0	tensor(3)	2.8630527630245832
172523.00350620507	6000.0	2179.0731863101155	0.0	0	0.0	2702.076692515373	1	0	tensor(3)	2.8630527630245854
173795.6326708079	6000.0	1906.4440217072674	0.0	0	0.0	2702.076692515373	1	0	tensor(3)	2.8630527630245868
175252.84455384573	6000.0	1449.232138669485	0.0	0	0.0	2702.076692515373	1	0	tensor(3)	2.8630527630245854
175847.6218183193	3000.0	1854.4548741958774	0.0	0	0.0	2702.076692515373	1	0	tensor(3)	1.476758401904696
176451.80491415723	3000.0	2250.271778357954	0.0	0	0.0	2702.076692515373	1	0	tensor(3)	2.169905582464641
177205.98629920447	6000.0	2496.090393310721	0.0	0	0.0	2702.076692515373	1	0	tensor(3)	2.1699055824646405
178979.49480715315	6000.0	1722.5818853620376	0.0	0	0.0	2702.076692515373	1	0	tensor(3)	2.8630527630245868
180299.36905948594	6000.0	1402.7076330292425	0.0	0	0.0	2702.076692515344	1	0	tensor(3)	2.8630527630245894
181253.42456206444	6000.0	1448.652130450738	0.0	0	0.0	2702.076692515373	1	0	tensor(3)	2.8630527630245854
181848.71780874187	3000.0	1853.3588837733028	0.0	0	0.0	2702.076692515373	1	0	tensor(3)	1.476758401904696
182750.6303599513	6000.0	1951.4463325638803	0.0	0	0.0	2702.076692515373	1	0	tensor(3)	2.1699055824646405
183830.47660808085	6000.0	1871.6000844343525	0.0	0	0.0	2702.076692515402	1	0	tensor(3)	2.8630527630245837
184677.84024017976	6000.0	2024.2364523354483	0.0	0	0.0	2702.076692515402	1	0	tensor(3)	2.863052763024582
185940.58822985122	6000.0	1761.4884626640023	0.0	0	0.0	2702.076692515402	1	0	tensor(3)	2.863052763024582
186716.86269560986	3000.0	1985.2139969053526	0.0	0	0.0	2702.076692515402	1	0	tensor(3)	1.476758401904692
187799.2338296914	6000.0	1902.8428628238046	0.0	0	0.0	2702.076692515402	1	0	tensor(3)	2.1699055824646365
188218.99315299044	3000.0	2483.083539524763	0.0	0	0.0	2702.076692515402	1	0	tensor(3)	1.476758401904692
189437.44108815055	6000.0	2264.6356043646556	0.0	0	0.0	2702.076692515402	1	0	tensor(3)	2.1699055824646365
190470.99113960107	6000.0	2231.085552914101	0.0	0	0.0	2702.076692515431	1	0	tensor(3)	2.86305276302458
191200.0	6000.0	2502.076692515138	0.0	0	100.4871415621601	2702.076692515431	1	0	tensor(3)	2.863052763024578
192200.0	6000.0	2502.076692515112	0.0	0	118.38938361642067	2702.076692515431	1	0	tensor(3)	2.863052763024578
193200.0	6000.0	2502.0766925151192	0.0	0	409.56625321219326	2702.0766925154603	1	0	tensor(3)	2.863052763024574
194844.1050304803	6000.0	1857.9716620348152	0.0	0	0.0	2702.0766925154603	1	0	tensor(3)	2.863052763024574
196346.71429597907	6000.0	1355.3623965360766	0.0	0	0.0	2702.0766925154603	1	0	tensor(3)	2.863052763024574
196911.99705567007	3000.0	1790.0796368450797	0.0	0	0.0	2702.0766925154603	1	0	tensor(3)	1.4767584019046838
198025.03614041072	6000.0	1677.0405521044163	0.0	0	0.0	2702.076692515431	1	0	tensor(3)	2.169905582464633
198893.2789800595	6000.0	1808.7977124556646	0.0	0	0.0	2702.076692515431	1	0	tensor(3)	2.863052763024578
200053.27284737525	6000.0	1648.8038451399132	0.0	0	0.0	2702.076692515431	1	0	tensor(3)	2.863052763024578
200676.14672366914	3000.0	2025.9299688460057	0.0	0	0.0	2702.076692515431	1	0	tensor(3)	1.476758401904688
201406.77933754638	3000.0	2295.2973549687695	0.0	0	0.0	2702.076692515431	1	0	tensor(3)	2.169905582464633
202492.36073451219	6000.0	2209.715958002973	0.0	0	0.0	2702.076692515431	1	0	tensor(3)	2.169905582464633
203455.9251008179	3000.0	2246.151591697255	0.0	0	0.0	2702.076692515431	1	0	tensor(3)	1.476758401904688
204575.00055065073	6000.0	2127.0761418644206	0.0	0	0.0	2702.076692515431	1	0	tensor(3)	2.169905582464633
205560.96127750663	6000.0	2141.1154150085085	0.0	0	0.0	2702.076692515431	1	0	tensor(3)	2.863052763024578
206765.74328959812	6000.0	1936.3334029169953	0.0	0	0.0	2702.0766925154603	1	0	tensor(3)	2.8630527630245757
207882.96029493096	6000.0	1819.1163975841919	0.0	0	0.0	2702.0766925154603	1	0	tensor(3)	2.863052763024574
209458.39609717016	6000.0	1243.680595344982	0.0	0	0.0	2702.0766925154603	1	0	tensor(3)	2.863052763024574
210036.18407114001	3000.0	1665.8926213751256	0.0	0	0.0	2702.0766925154603	1	0	tensor(3)	1.4767584019046838
210560.82838591712	3000.0	2141.2483065980177	0.0	0	0.0	2702.0766925154603	1	0	tensor(3)	2.169905582464629
211857.5680910129	6000.0	1844.5086015022573	0.0	0	0.0	2702.0766925154894	1	0	tensor(3)	2.169905582464627
212791.3177987822	3000.0	1910.758893732938	0.0	0	0.0	2702.0766925154894	1	0	tensor(3)	1.47675840190468
213761.6181394049	6000.0	1940.4585531102325	0.0	0	0.0	2702.0766925154603	1	0	tensor(3)	2.169905582464629
214363.9515377485	3000.0	2338.125154766614	0.0	0	0.0	2702.0766925154894	1	0	tensor(3)	1.47675840190468
215200.0	3000.0	2502.076692515114	0.0	0	231.3969328965468	2702.0766925154894	1	0	tensor(3)	2.169905582464625
216200.0	6000.0	2502.0766925151383	0.0	0	319.01207760727266	2702.0766925155185	1	0	tensor(3)	2.1699055824646205
217200.0	6000.0	2502.0766925151424	0.0	0	73.5999403441092	2702.0766925155185	1	0	tensor(3)	2.8630527630245655
218384.77235736352	6000.0	2317.3043351516276	0.0	0	0.0	2702.0766925155476	1	0	tensor(3)	2.8630527630245615
219450.7482413526	6000.0	2251.328451162558	0.0	0	0.0	2702.0766925155767	1	0	tensor(3)	2.863052763024561
220620.90148595345	6000.0	2081.1752065617084	0.0	0	0.0	2702.0766925155767	1	0	tensor(3)	2.863052763024558
221404.65155211347	6000.0	2297.425140401669	0.0	0	0.0	2702.0766925155476	1	0	tensor(3)	2.863052763024559
222461.27381852994	6000.0	2240.802873985185	0.0	0	0.0	2702.0766925155476	1	0	tensor(3)	2.8630527630245615
223275.9357969522	6000.0	2426.1408955629036	0.0	0	0.0	2702.0766925155476	1	0	tensor(3)	2.8630527630245615
224200.0	6000.0	2502.0766925151183	0.0	0	248.62358568632044	2702.0766925155476	1	0	tensor(3)	2.8630527630245615
225427.0606119734	6000.0	2275.016080541738	0.0	0	0.0	2702.0766925155185	1	0	tensor(3)	2.8630527630245655
226332.78270367463	6000.0	2369.293988840522	0.0	0	0.0	2702.0766925155185	1	0	tensor(3)	2.8630527630245655
227200.0	6000.0	2502.0766925152047	0.0	0	37.42644065024797	2702.0766925155476	1	0	tensor(3)	2.8630527630245615
228200.0	6000.0	2502.076692515208	0.0	0	201.26180595779442	2702.0766925155476	1	0	tensor(3)	2.8630527630245615
229200.0	6000.0	2502.0766925152357	0.0	0	377.68081421678653	2702.0766925155476	1	0	tensor(3)	2.8630527630245615
230428.44591548474	6000.0	2273.630777030475	0.0	0	0.0	2702.0766925154894	1	0	tensor(3)	2.8630527630245663
231200.0	6000.0	2502.0766925152448	0.0	0	54.45578765193932	2702.0766925154894	1	0	tensor(3)	2.8630527630245695
232200.0	6000.0	2502.076692515251	0.0	0	13.470560547692003	2702.0766925154894	1	0	tensor(3)	2.8630527630245695
233274.75619233766	6000.0	2427.320500177562	0.0	0	0.0	2702.0766925154603	1	0	tensor(3)	2.863052763024574
234492.65098708987	6000.0	2209.4257054253717	0.0	0	0.0	2702.0766925154894	1	0	tensor(3)	2.8630527630245695
235906.78574969253	6000.0	1795.290942822696	0.0	0	0.0	2702.0766925154894	1	0	tensor(3)	2.8630527630245695
236657.5984029832	6000.0	2044.4782895320784	0.0	0	0.0	2702.0766925154894	1	0	tensor(3)	2.8630527630245695
237486.8249211711	6000.0	2215.251771344161	0.0	0	0.0	2702.076692515431	1	0	tensor(3)	2.8630527630245757
238200.0	6000.0	2502.07669251523	0.0	0	80.48705824385979	2702.0766925154603	1	0	tensor(3)	2.863052763024574
239200.0	6000.0	2502.0766925152625	0.0	0	355.99769829248544	2702.0766925154894	1	0	tensor(3)	2.8630527630245695
240200.0	6000.0	2502.0766925152734	0.0	0	286.9594781853375	2702.0766925155185	1	0	tensor(3)	2.8630527630245655
241404.2617744007	6000.0	2297.81491811455	0.0	0	0.0	2702.0766925154894	1	0	tensor(3)	2.8630527630245695
242795.4561713372	6000.0	1906.620521178005	0.0	0	0.0	2702.0766925154894	1	0	tensor(3)	2.8630527630245695
243940.6186484167	6000.0	1761.4580440985192	0.0	0	0.0	2702.0766925154603	1	0	tensor(3)	2.863052763024574
244459.74339957046	3000.0	2242.3332929447743	0.0	0	0.0	2702.0766925154603	1	0	tensor(3)	1.4767584019046838
245445.87762561173	6000.0	2256.199066903509	0.0	0	0.0	2702.0766925154603	1	0	tensor(3)	2.169905582464629
246720.8940345438	6000.0	1981.182657971427	0.0	0	0.0	2702.0766925154603	1	0	tensor(3)	2.863052763024574
247950.0847874343	6000.0	1751.9919050809156	0.0	0	0.0	2702.0766925154603	1	0	tensor(3)	2.863052763024574
249389.41619848268	6000.0	1312.6604940325315	0.0	0	0.0	2702.0766925154603	1	0	tensor(3)	2.863052763024574
250072.45222675535	3000.0	1629.6244657598577	0.0	0	0.0	2702.0766925154603	1	0	tensor(3)	1.4767584019046838
250784.65685586445	3000.0	1917.4198366507553	0.0	0	0.0	2702.0766925154603	1	0	tensor(3)	2.169905582464629
251629.19130961414	3000.0	2072.885382901057	0.0	0	0.0	2702.0766925154603	1	0	tensor(3)	2.169905582464629
252253.1706755497	3000.0	2448.9060169654713	0.0	0	0.0	2702.0766925154603	1	0	tensor(3)	2.169905582464629
253200.0	3000.0	2502.076692515176	0.0	0	98.24969675313332	2702.0766925154603	1	0	tensor(3)	2.169905582464629
254259.14647987112	3000.0	2442.9302126440393	0.0	0	0.0	2702.0766925154603	1	0	tensor(3)	2.169905582464629
255200.0	3000.0	2502.0766925151333	0.0	0	534.7541203731962	2702.0766925154894	1	0	tensor(3)	2.169905582464625
256417.09828739788	6000.0	2284.97840511727	0.0	0	0.0	2702.0766925155185	1	0	tensor(3)	2.1699055824646205
257345.13561892993	6000.0	2356.9410735852184	0.0	0	0.0	2702.0766925155185	1	0	tensor(3)	2.8630527630245655
258341.84831611539	6000.0	2360.2283763997507	0.0	0	0.0	2702.0766925155476	1	0	tensor(3)	2.8630527630245615
259557.10018179385	6000.0	2144.976510721255	0.0	0	0.0	2702.0766925155185	1	0	tensor(3)	2.8630527630245632
260200.0	6000.0	2502.076692515141	0.0	0	40.20064491749508	2702.0766925155185	1	0	tensor(3)	2.8630527630245655
261364.7954253374	6000.0	2337.2812671777324	0.0	0	0.0	2702.0766925155185	1	0	tensor(3)	2.8630527630245655
262200.0	6000.0	2502.07669251511	0.0	0	207.0664544737956	2702.0766925154894	1	0	tensor(3)	2.8630527630245695
263200.0	6000.0	2502.0766925151056	0.0	0	56.378314331232104	2702.0766925154603	1	0	tensor(3)	2.863052763024573
264200.0	6000.0	2502.0766925151397	0.0	0	253.2791349348263	2702.0766925154894	1	0	tensor(3)	2.863052763024572
265620.74718156044	6000.0	2081.329510954676	0.0	0	0.0	2702.0766925154603	1	0	tensor(3)	2.863052763024574
266947.1480101478	6000.0	1754.928682367329	0.0	0	0.0	2702.0766925155185	1	0	tensor(3)	2.8630527630245655
267977.1312556377	6000.0	1724.9454368774539	0.0	0	0.0	2702.0766925155185	1	0	tensor(3)	2.8630527630245655
268856.8737750205	6000.0	1845.202917494644	0.0	0	0.0	2702.0766925154603	1	0	tensor(3)	2.863052763024574
270071.4276690244	6000.0	1630.6490234907292	0.0	0	0.0	2702.0766925154603	1	0	tensor(3)	2.863052763024574
270812.45958685206	6000.0	1889.6171056630378	0.0	0	0.0	2702.0766925154603	1	0	tensor(3)	2.863052763024574
272100.29625290463	6000.0	1601.7804396104082	0.0	0	0.0	2702.0766925154603	1	0	tensor(3)	2.863052763024574
272884.650324211	6000.0	1817.426368304002	0.0	0	0.0	2702.0766925154603	1	0	tensor(3)	2.863052763024574
273981.4941390942	6000.0	1720.5825534207538	0.0	0	0.0	2702.0766925154603	1	0	tensor(3)	2.863052763024574
274713.1254203028	6000.0	1988.951272212095	0.0	0	0.0	2702.0766925155185	1	0	tensor(3)	2.8630527630245655
275307.3373801512	6000.0	2394.739312363622	0.0	0	0.0	2702.0766925155185	1	0	tensor(3)	2.8630527630245655
276337.69906125386	6000.0	2364.3776312610044	0.0	0	0.0	2702.0766925155185	1	0	tensor(3)	2.8630527630245655
277200.0	6000.0	2502.076692514872	0.0	0	98.18701474322006	2702.0766925155767	1	0	tensor(3)	2.863052763024558
278275.0172279488	6000.0	2427.0594645661263	0.0	0	0.0	2702.076692515635	1	0	tensor(3)	2.8630527630245495
279417.8181420681	6000.0	2284.2585504468007	0.0	0	0.0	2702.0766925155767	1	0	tensor(3)	2.8630527630245513
280505.39027752867	6000.0	2196.6864149862467	0.0	0	0.0	2702.0766925155767	1	0	tensor(3)	2.863052763024558
281200.0	6000.0	2502.076692514911	0.0	0	116.873649263056	2702.0766925155767	1	0	tensor(3)	2.863052763024558
282414.03349517286	6000.0	2288.0431973420727	0.0	0	0.0	2702.0766925155767	1	0	tensor(3)	2.863052763024558
283200.0	6000.0	2502.0766925149223	0.0	0	10.401457062689587	2702.0766925155185	1	0	tensor(3)	2.8630527630245655
284279.72331990715	6000.0	2422.3533726077726	0.0	0	0.0	2702.0766925155185	1	0	tensor(3)	2.8630527630245655
285200.0	6000.0	2502.0766925149337	0.0	0	190.42190401651897	2702.0766925155185	1	0	tensor(3)	2.8630527630245655
286200.0	6000.0	2502.076692514937	0.0	0	9.124553321453277	2702.0766925155185	1	0	tensor(3)	2.8630527630245655
287567.289851448	6000.0	2134.7868410669316	0.0	0	0.0	2702.0766925155185	1	0	tensor(3)	2.8630527630245655
288840.6289232777	6000.0	1861.4477692371918	0.0	0	0.0	2702.0766925155185	1	0	tensor(3)	2.8630527630245686
289780.27136790624	6000.0	1921.8053246087004	0.0	0	0.0	2702.0766925155767	1	0	tensor(3)	2.863052763024558
290507.4228156331	6000.0	2194.65387688186	0.0	0	0.0	2702.0766925155767	1	0	tensor(3)	2.863052763024558
291200.0	6000.0	2502.076692514967	0.0	0	43.05561199953081	2702.0766925155767	1	0	tensor(3)	2.863052763024558
292200.0	6000.0	2502.0766925149196	0.0	0	287.19035603269003	2702.0766925155767	1	0	tensor(3)	2.863052763024558
293408.3679987388	6000.0	2293.7086937760846	0.0	0	0.0	2702.0766925155767	1	0	tensor(3)	2.863052763024558
294314.15780663444	6000.0	2387.918885880469	0.0	0	0.0	2702.076692515635	1	0	tensor(3)	2.8630527630245495
295604.4097005919	6000.0	2097.66699192301	0.0	0	0.0	2702.076692515635	1	0	tensor(3)	2.8630527630245495
296624.3472663393	6000.0	2077.7294261756347	0.0	0	0.0	2702.076692515693	1	0	tensor(3)	2.863052763024542
298297.11026330583	6000.0	1404.9664292090802	0.0	0	0.0	2702.076692515693	1	0	tensor(3)	2.863052763024542
298833.07961977425	3000.0	1868.9970727406665	0.0	0	0.0	2702.076692515635	1	0	tensor(3)	1.47675840190466
299702.29760023655	6000.0	1999.7790922783688	0.0	0	0.0	2702.076692515635	1	0	tensor(3)	2.1699055824646045
300342.1538969038	6000.0	2359.922795611174	0.0	0	0.0	2702.076692515635	1	0	tensor(3)	2.8630527630245495
301200.0	6000.0	2502.076692514911	0.0	0	160.40330940188142	2702.076692515635	1	0	tensor(3)	2.8630527630245495
302401.8505403035	6000.0	2300.226152211484	0.0	0	0.0	2702.076692515635	1	0	tensor(3)	2.8630527630245495
7.32	8.87	5.62	6.83	4.34	6.32	5.76	3.95	7.04	5.94	4.98	5.55	4.47	5.53	5.19	7.48	7.04	6.3	5.54	4.87	5.98	4.97	4.84	7.65	3.73	4.66	5.55	5.77	6.2	7.69	5.72	6.87	4.03	4.74	5.9	5.51	6.39	8.02	5.99	8.53	3.28	4.99	4.0	7.55	6.6	4.58	3.85	5.0	7.22	4.24	4.83	7.67	6.61	5.46	5.32	5.2	5.85	6.95	3.32	5.31	4.75	6.82	7.02	6.22	6.15	5.4	6.19	7.1	6.31	6.49	9.15	5.97	7.91	8.72	6.57	9.3	5.78	7.23	4.12	6.5	5.02	5.24	6.58	8.83	7.46	7.43	6.53	4.26	3.98	5.47	6.16	6.89	7.34	3.39	5.05	4.07	5.19	4.08	5.17	4.39	3.7	8.2	6.05	5.95	6.57	4.31	8.44	4.31	7.89	4.71	6.63	5.36	4.98	7.27	6.7	8.42	4.88	6.96	5.73	8.63	5.85	8.39	6.55	6.63	7.42	6.01	5.72	8.73	6.21	7.8	7.33	6.61	6.31	3.41	6.41	5.64	7.29	7.29	6.28	4.0	5.87	5.03	6.37	5.47	3.23	5.53	7.67	9.52	6.37	4.43	7.32	8.87	5.62	6.83	4.34	6.32	5.76	3.95	7.04	5.94	4.98	5.55	4.47	5.53	5.19	7.48	7.04	6.3	5.54	4.87	5.98	4.97	4.84	7.65	3.73	4.66	5.55	5.77	6.2	7.69	5.72	6.87	4.03	4.74	5.9	5.51	6.39	8.02	5.99	8.53	3.28	4.99	4.0	7.55	6.6	4.58	3.85	5.0	7.22	4.24	4.83	7.67	6.61	5.46	5.32	5.2	5.85	6.95	3.32	5.31	4.75	6.82	7.02	6.22	6.15	5.4	6.19	7.1	6.31	6.49	9.15	5.97	7.91	8.72	6.57	9.3	5.78	7.23	4.12	6.5	5.02	5.24	6.58	8.83	7.46	7.43	6.53	4.26	3.98	5.47	6.16	6.89	7.34	3.39	5.05	4.07	5.19	4.08	5.17	4.39	3.7	8.2	6.05	5.95	6.57	4.31	8.44	4.31	7.89	4.71	6.63	5.36	4.98	7.27	6.7	8.42	4.88	6.96	5.73	8.63	5.85	8.39	6.55	6.63	7.42	6.01	5.72	8.73	6.21	7.8	7.33	6.61	6.31	3.41	6.41	5.64	7.29	7.29	6.28	4.0	5.87	5.03	6.37	5.47	3.23	5.53	7.67	9.52	6.37	4.43	7.32	8.87	5.62
1.0	2.0	3.0	4.0	5.0	6.0	7.0	8.0	9.0	10.0	11.0	12.0	13.0	14.0	15.0	16.0	17.0	18.0	19.0	20.0	21.0	22.0	23.0	24.0	25.0	26.0	27.0	28.0	29.0	30.0	31.0	32.0	33.0	34.0	35.0	36.0	37.0	38.0	39.0	40.0	41.0	42.0	43.0	44.0	45.0	46.0	47.0	48.0	49.0	50.0	51.0	52.0	53.0	54.0	55.0	56.0	57.0	58.0	59.0	60.0	61.0	62.0	63.0	64.0	65.0	66.0	67.0	68.0	69.0	70.0	71.0	72.0	73.0	74.0	75.0	76.0	77.0	78.0	79.0	80.0	81.0	82.0	83.0	84.0	85.0	86.0	87.0	88.0	89.0	90.0	91.0	92.0	93.0	94.0	95.0	96.0	97.0	98.0	99.0	100.0	101.0	102.0	103.0	104.0	105.0	106.0	107.0	108.0	109.0	110.0	111.0	112.0	113.0	114.0	115.0	116.0	117.0	118.0	119.0	120.0	121.0	122.0	123.0	124.0	125.0	126.0	127.0	128.0	129.0	130.0	131.0	132.0	133.0	134.0	135.0	136.0	137.0	138.0	139.0	140.0	141.0	142.0	143.0	144.0	145.0	146.0	147.0	148.0	149.0	149.0	150.0	151.0	152.0	153.0	154.0	155.0	156.0	157.0	158.0	159.0	160.0	161.0	162.0	163.0	164.0	165.0	166.0	167.0	168.0	169.0	170.0	171.0	172.0	173.0	174.0	175.0	176.0	177.0	178.0	179.0	180.0	181.0	182.0	183.0	184.0	185.0	186.0	187.0	188.0	189.0	190.0	191.0	192.0	193.0	194.0	195.0	196.0	197.0	198.0	199.0	200.0	201.0	202.0	203.0	204.0	205.0	206.0	207.0	208.0	209.0	210.0	211.0	212.0	213.0	214.0	215.0	216.0	217.0	218.0	219.0	220.0	221.0	222.0	223.0	224.0	225.0	226.0	227.0	228.0	229.0	230.0	231.0	232.0	233.0	234.0	235.0	236.0	237.0	238.0	239.0	240.0	241.0	242.0	243.0	244.0	245.0	246.0	247.0	248.0	249.0	250.0	251.0	252.0	253.0	254.0	255.0	256.0	257.0	258.0	259.0	260.0	261.0	262.0	263.0	264.0	265.0	266.0	267.0	268.0	269.0	270.0	271.0	272.0	273.0	274.0	275.0	276.0	277.0	278.0	279.0	280.0	281.0	282.0	283.0	284.0	285.0	286.0	287.0	288.0	289.0	290.0	291.0	292.0	293.0	294.0	295.0	296.0	297.0	298.0	298.0	299.0	300.0	301.0
4356.345191159009
