2733.008025756636	1000.0	2000.0	217.10817233259672	0	0.0	2733.008025756636	1	0	tensor(2)	-1.6332339847130077
3948.3745534862865	6000.0	1784.633472270349	0.0	0	0.0	2733.0080257566356	1	0	tensor(3)	0.8669789691583039
5499.612584738039	6000.0	1233.3954410185963	0.0	0	0.0	2733.0080257566356	1	0	tensor(3)	2.8587384383863585
5957.536493816448	3000.0	1775.471531940187	0.0	0	0.0	2733.008025756635	1	0	tensor(3)	1.4724440772664689
7165.003463629758	6000.0	1568.0045621268762	0.0	0	0.0	2733.008025756634	1	0	tensor(3)	2.1655912578264136
8025.271150951949	6000.0	1707.7368748046845	0.0	0	0.0	2733.0080257566333	1	0	tensor(3)	2.858738438386359
8795.841412579883	6000.0	1937.1666131767483	0.0	0	0.0	2733.0080257566315	1	0	tensor(3)	2.858738438386359
9725.86403809314	6000.0	2007.1439876634897	0.0	0	0.0	2733.0080257566296	1	0	tensor(3)	2.858738438386359
10583.914022506664	6000.0	2149.0940032499657	0.0	0	0.0	2733.0080257566315	1	0	tensor(3)	2.858738438386359
11829.26330657861	6000.0	1903.7447191780163	0.0	0	0.0	2733.0080257566315	1	0	tensor(3)	2.858738438386359
12711.892933328776	6000.0	2021.1150924278516	0.0	0	0.0	2733.0080257566315	1	0	tensor(3)	2.858738438386359
14021.308045162124	6000.0	1711.6999805945006	0.0	0	0.0	2733.0080257566315	1	0	tensor(3)	2.858738438386359
15096.136731518658	6000.0	1636.8712942379686	0.0	0	0.0	2733.0080257566315	1	0	tensor(3)	2.858738438386359
15983.756336246914	6000.0	1749.2516895097122	0.0	0	0.0	2733.0080257566315	1	0	tensor(3)	2.858738438386359
17256.04599157174	6000.0	1476.962034184884	0.0	0	0.0	2733.0080257566296	1	0	tensor(3)	2.858738438386359
18487.949008342515	6000.0	1245.0590174141112	0.0	0	0.0	2733.0080257566315	1	0	tensor(3)	2.8587384383863594
19164.300450455536	3000.0	1568.7075753010915	0.0	0	0.0	2733.0080257566296	1	0	tensor(3)	1.4724440772664695
19560.105797126438	3000.0	2172.9022286301897	0.0	0	0.0	2733.0080257566296	1	0	tensor(3)	2.1655912578264145
20281.588151107193	6000.0	2451.4198746494353	0.0	0	0.0	2733.0080257566296	1	0	tensor(3)	2.1655912578264145
21320.981840234497	6000.0	2412.026185522129	0.0	0	0.0	2733.0080257566296	1	0	tensor(3)	2.8587384383863594
22200.0	6000.0	2533.0080257566233	0.0	0	245.13272210025025	2733.0080257566296	1	0	tensor(3)	2.8587384383863594
23200.0	6000.0	2533.008025756623	0.0	0	133.71501305104175	2733.0080257566296	1	0	tensor(3)	2.8587384383863594
24200.0	6000.0	2533.00802575662	0.0	0	26.716378585377242	2733.0080257566296	1	0	tensor(3)	2.8587384383863594
25569.539636581587	6000.0	2163.4683891750306	0.0	0	0.0	2733.0080257566296	1	0	tensor(3)	2.8587384383863594
26465.05036438003	6000.0	2267.9576613765885	0.0	0	0.0	2733.0080257566296	1	0	tensor(3)	2.8587384383863594
27200.0	6000.0	2533.0080257566196	0.0	0	64.09309100628889	2733.0080257566296	1	0	tensor(3)	2.8587384383863594
28200.0	6000.0	2533.00802575662	0.0	0	232.86300905728785	2733.0080257566296	1	0	tensor(3)	2.8587384383863594
29200.0	6000.0	2533.0080257566146	0.0	0	236.40136303025065	2733.0080257566296	1	0	tensor(3)	2.8587384383863594
30200.0	6000.0	2533.008025756617	0.0	0	239.49885248295323	2733.0080257566333	1	0	tensor(3)	2.858738438386359
31200.0	6000.0	2533.0080257566137	0.0	0	234.68959214066126	2733.0080257566333	1	0	tensor(3)	2.858738438386359
32261.446027724498	6000.0	2471.5619980321153	0.0	0	0.0	2733.008025756637	1	0	tensor(3)	2.8587384383863585
33200.0	6000.0	2533.008025756611	0.0	0	160.45230505346262	2733.008025756637	1	0	tensor(3)	2.858738438386359
34349.04085506873	6000.0	2383.967170687881	0.0	0	0.0	2733.0080257566333	1	0	tensor(3)	2.8587384383863585
35200.0	6000.0	2533.008025756613	0.0	0	158.8260667187351	2733.008025756637	1	0	tensor(3)	2.858738438386359
36200.0	6000.0	2533.008025756609	0.0	0	397.32741946461465	2733.0080257566296	1	0	tensor(3)	2.858738438386359
37793.69090163807	6000.0	1939.317124118538	0.0	0	0.0	2733.0080257566296	1	0	tensor(3)	2.8587384383863594
39305.09375162644	6000.0	1427.9142741301685	0.0	0	0.0	2733.0080257566224	1	0	tensor(3)	2.85873843838636
40206.77387930411	6000.0	1526.2341464524923	0.0	0	0.0	2733.0080257566224	1	0	tensor(3)	2.85873843838636
40662.73542343368	3000.0	2070.2726023229266	0.0	0	0.0	2733.0080257566224	1	0	tensor(3)	1.4724440772664706
41520.79432826919	6000.0	2212.213697487412	0.0	0	0.0	2733.0080257566224	1	0	tensor(3)	2.1655912578264154
42535.792182560785	6000.0	2197.215843195827	0.0	0	0.0	2733.0080257566224	1	0	tensor(3)	2.85873843838636
43552.33792276897	6000.0	2180.670102987645	0.0	0	0.0	2733.0080257566224	1	0	tensor(3)	2.85873843838636
44610.36569139327	6000.0	2122.642334363346	0.0	0	0.0	2733.0080257566296	1	0	tensor(3)	2.8587384383863594
45343.71152734917	6000.0	2389.2964984074447	0.0	0	0.0	2733.0080257566296	1	0	tensor(3)	2.8587384383863594
46355.163347928145	6000.0	2377.844677828476	0.0	0	0.0	2733.0080257566296	1	0	tensor(3)	2.8587384383863594
47293.77853297343	6000.0	2439.2294927831804	0.0	0	0.0	2733.0080257566296	1	0	tensor(3)	2.8587384383863594
48200.0	6000.0	2533.0080257566187	0.0	0	62.89941734814056	2733.0080257566224	1	0	tensor(3)	2.85873843838636
49346.36403653247	6000.0	2386.6439892241406	0.0	0	0.0	2733.0080257566224	1	0	tensor(3)	2.85873843838636
50200.0	6000.0	2533.008025756599	0.0	0	143.8597819733477	2733.0080257566224	1	0	tensor(3)	2.85873843838636
51429.65194863165	6000.0	2303.3560771249504	0.0	0	0.0	2733.0080257566224	1	0	tensor(3)	2.85873843838636
52200.0	6000.0	2533.0080257565955	0.0	0	52.829525082808686	2733.0080257566224	1	0	tensor(3)	2.85873843838636
53356.79022666011	6000.0	2376.2177990964938	0.0	0	0.0	2733.0080257566224	1	0	tensor(3)	2.85873843838636
54588.02128650064	6000.0	2144.986739255968	0.0	0	0.0	2733.0080257566224	1	0	tensor(3)	2.85873843838636
55704.02158300128	6000.0	2028.986442755325	0.0	0	0.0	2733.0080257566296	1	0	tensor(3)	2.8587384383863594
56612.58534642106	6000.0	2120.422679335551	0.0	0	0.0	2733.008025756637	1	0	tensor(3)	2.8587384383863585
57542.984184592045	6000.0	2190.023841164559	0.0	0	0.0	2733.008025756644	1	0	tensor(3)	2.858738438386357
58369.22485931095	6000.0	2363.783166445658	0.0	0	0.0	2733.008025756644	1	0	tensor(3)	2.858738438386357
59619.64941726094	6000.0	2113.358608495668	0.0	0	0.0	2733.008025756644	1	0	tensor(3)	2.858738438386357
60615.71073937998	6000.0	2117.2972863766227	0.0	0	0.0	2733.008025756637	1	0	tensor(3)	2.8587384383863585
61465.774629229556	6000.0	2267.2333965270536	0.0	0	0.0	2733.008025756637	1	0	tensor(3)	2.8587384383863585
62579.72258653373	6000.0	2153.285439222878	0.0	0	0.0	2733.008025756637	1	0	tensor(3)	2.8587384383863585
63825.511741960785	6000.0	1907.4962837958178	0.0	0	0.0	2733.0080257566296	1	0	tensor(3)	2.8587384383863585
64495.126922019175	3000.0	2237.881103737428	0.0	0	0.0	2733.0080257566296	1	0	tensor(3)	1.4724440772664695
65837.70709028345	6000.0	1895.3009354731441	0.0	0	0.0	2733.0080257566224	1	0	tensor(3)	2.1655912578264145
66452.88242994566	3000.0	2280.125595810954	0.0	0	0.0	2733.008025756644	1	0	tensor(3)	1.4724440772664695
67377.85944682905	6000.0	2355.148578927552	0.0	0	0.0	2733.008025756637	1	0	tensor(3)	2.165591257826414
68548.65537449653	6000.0	2184.352651260055	0.0	0	0.0	2733.0080257566296	1	0	tensor(3)	2.858738438386359
69458.1834788779	6000.0	2274.8245468787068	0.0	0	0.0	2733.0080257566296	1	0	tensor(3)	2.8587384383863594
70461.87156701805	6000.0	2271.136458738565	0.0	0	0.0	2733.0080257566296	1	0	tensor(3)	2.8587384383863594
71200.0	6000.0	2533.0080257566156	0.0	0	33.80046920382301	2733.0080257566296	1	0	tensor(3)	2.8587384383863594
72200.0	6000.0	2533.008025756625	0.0	0	401.45095529261744	2733.0080257566296	1	0	tensor(3)	2.8587384383863594
73200.0	6000.0	2533.00802575661	0.0	0	70.31788473149936	2733.0080257566296	1	0	tensor(3)	2.8587384383863594
74566.82329243956	6000.0	2166.1847333170444	0.0	0	0.0	2733.008025756615	1	0	tensor(3)	2.858738438386361
75299.90416549606	6000.0	2433.103860260554	0.0	0	0.0	2733.008025756615	1	0	tensor(3)	2.858738438386361
76794.2792008219	6000.0	1938.7288249347037	0.0	0	0.0	2733.008025756615	1	0	tensor(3)	2.858738438386361
78120.43663376597	6000.0	1612.5713919906302	0.0	0	0.0	2733.008025756615	1	0	tensor(3)	2.858738438386361
79998.32633321549	6000.0	734.6816925411161	0.0	0	0.0	2733.008025756615	1	0	tensor(3)	2.858738438386361
80777.66290233747	3000.0	955.3451234191253	0.0	0	0.0	2733.008025756615	1	0	tensor(3)	1.4724440772664718
81287.10447850806	3000.0	1445.903547248532	0.0	0	0.0	2733.008025756615	1	0	tensor(3)	2.1655912578264167
81640.42291895433	3000.0	2092.5851068022653	0.0	0	0.0	2733.008025756615	1	0	tensor(3)	2.1655912578264167
82466.01269484604	6000.0	2266.995330910565	0.0	0	0.0	2733.008025756615	1	0	tensor(3)	2.1655912578264163
83200.0	6000.0	2533.008025756611	0.0	0	65.1332135576231	2733.008025756615	1	0	tensor(3)	2.858738438386361
84347.22891502237	6000.0	2385.779110734235	0.0	0	0.0	2733.0080257566005	1	0	tensor(3)	2.8587384383863634
85871.98353034398	6000.0	1861.0244954126288	0.0	0	0.0	2733.0080257566005	1	0	tensor(3)	2.8587384383863634
86861.37574321081	6000.0	1871.6322825458064	0.0	0	0.0	2733.0080257566005	1	0	tensor(3)	2.8587384383863634
87656.6405582847	3000.0	2076.3674674719273	0.0	0	0.0	2733.0080257566005	1	0	tensor(3)	1.4724440772664735
88317.15665011597	6000.0	2415.8513756406473	0.0	0	0.0	2733.0080257566005	1	0	tensor(3)	2.1655912578264185
89532.23138609724	6000.0	2200.776639659391	0.0	0	0.0	2733.0080257566005	1	0	tensor(3)	2.8587384383863634
90783.15108122185	6000.0	1949.8569445347794	0.0	0	0.0	2733.0080257566005	1	0	tensor(3)	2.8587384383863634
91656.69845127313	6000.0	2076.3095744835077	0.0	0	0.0	2733.0080257566005	1	0	tensor(3)	2.8587384383863634
93319.57248912219	6000.0	1413.435536634458	0.0	0	0.0	2733.008025756615	1	0	tensor(3)	2.858738438386361
93786.54496511033	3000.0	1946.4630606463174	0.0	0	0.0	2733.008025756615	1	0	tensor(3)	1.4724440772664718
94607.5230297541	6000.0	2125.484996002555	0.0	0	0.0	2733.0080257566296	1	0	tensor(3)	2.1655912578264145
95922.48455063048	6000.0	1810.5234751261555	0.0	0	0.0	2733.0080257566296	1	0	tensor(3)	2.8587384383863594
96849.23540704937	6000.0	1883.7726187072624	0.0	0	0.0	2733.0080257566296	1	0	tensor(3)	2.8587384383863594
97449.40104415678	3000.0	2283.606981599854	0.0	0	0.0	2733.0080257566296	1	0	tensor(3)	1.4724440772664695
98334.79544961655	6000.0	2398.212576140079	0.0	0	0.0	2733.0080257566296	1	0	tensor(3)	2.1655912578264145
99987.28620440648	6000.0	1745.72182135014	0.0	0	0.0	2733.008025756644	1	0	tensor(3)	2.858738438386357
100592.04947411093	3000.0	2140.958551645693	0.0	0	0.0	2733.008025756644	1	0	tensor(3)	1.4724440772664675
101200.0	6000.0	2533.0080257566374	0.0	0	11.098126800075988	2733.008025756644	1	0	tensor(3)	2.1655912578264123
102200.0	6000.0	2533.0080257566387	0.0	0	62.889838249757304	2733.008025756644	1	0	tensor(3)	2.858738438386357
103544.01966847264	6000.0	2188.988357284008	0.0	0	0.0	2733.008025756644	1	0	tensor(3)	2.858738438386357
104755.13844882706	6000.0	1977.869576929605	0.0	0	0.0	2733.008025756644	1	0	tensor(3)	2.858738438386357
105506.30410851614	6000.0	2226.703917240531	0.0	0	0.0	2733.0080257566296	1	0	tensor(3)	2.8587384383863594
106659.37091084248	6000.0	2073.637114914184	0.0	0	0.0	2733.0080257566296	1	0	tensor(3)	2.8587384383863594
108184.63674874266	6000.0	1548.371277014003	0.0	0	0.0	2733.0080257566296	1	0	tensor(3)	2.8587384383863594
108781.20331095501	3000.0	1951.8047148016649	0.0	0	0.0	2733.0080257566296	1	0	tensor(3)	1.4724440772664695
109514.52611411062	6000.0	2218.4819116460494	0.0	0	0.0	2733.0080257566296	1	0	tensor(3)	2.1655912578264145
110337.25563585978	6000.0	2395.752389896882	0.0	0	0.0	2733.0080257566296	1	0	tensor(3)	2.8587384383863594
111723.65160220885	6000.0	2009.3564235478123	0.0	0	0.0	2733.008025756644	1	0	tensor(3)	2.858738438386357
113191.09735715254	6000.0	1541.910668604115	0.0	0	0.0	2733.008025756644	1	0	tensor(3)	2.858738438386357
113793.52437282252	3000.0	1939.4836529341328	0.0	0	0.0	2733.008025756644	1	0	tensor(3)	1.4724440772664675
114952.26148730914	6000.0	1780.7465384475202	0.0	0	0.0	2733.008025756644	1	0	tensor(3)	2.1655912578264123
115582.61897235489	6000.0	2150.3890534017746	0.0	0	0.0	2733.008025756644	1	0	tensor(3)	2.858738438386357
116415.56030284992	6000.0	2317.4477229067343	0.0	0	0.0	2733.0080257566296	1	0	tensor(3)	2.8587384383863594
117615.48926825603	6000.0	2117.518757500619	0.0	0	0.0	2733.0080257566296	1	0	tensor(3)	2.8587384383863594
118775.53448274113	6000.0	1957.473543015508	0.0	0	0.0	2733.0080257566296	1	0	tensor(3)	2.8587384383863594
119941.59572748223	6000.0	1791.412298274431	0.0	0	0.0	2733.008025756644	1	0	tensor(3)	2.858738438386357
120923.0378867198	6000.0	1809.970139036864	0.0	0	0.0	2733.008025756644	1	0	tensor(3)	2.858738438386357
121997.52944966934	6000.0	1735.4785760873108	0.0	0	0.0	2733.008025756644	1	0	tensor(3)	2.858738438386357
122689.76304450196	6000.0	2043.2449812546984	0.0	0	0.0	2733.0080257566588	1	0	tensor(3)	2.858738438386355
123264.7142326637	6000.0	2468.293793092963	0.0	0	0.0	2733.0080257566588	1	0	tensor(3)	2.858738438386355
124698.79098420434	6000.0	2034.2170415523192	0.0	0	0.0	2733.0080257566588	1	0	tensor(3)	2.858738438386355
125651.8843450008	6000.0	2081.123680755856	0.0	0	0.0	2733.008025756644	1	0	tensor(3)	2.858738438386357
126469.28774057287	6000.0	2263.720285183794	0.0	0	0.0	2733.008025756644	1	0	tensor(3)	2.858738438386357
127307.86902091038	6000.0	2425.1390048462813	0.0	0	0.0	2733.008025756644	1	0	tensor(3)	2.858738438386357
128200.0	6000.0	2533.0080257566556	0.0	0	64.8131862704031	2733.0080257566296	1	0	tensor(3)	2.8587384383863594
129200.0	6000.0	2533.0080257566756	0.0	0	267.1487893297017	2733.0080257566296	1	0	tensor(3)	2.8587384383863594
130200.0	6000.0	2533.0080257566774	0.0	0	187.87903506522707	2733.0080257566296	1	0	tensor(3)	2.8587384383863594
131515.9048454422	6000.0	2217.10318031449	0.0	0	0.0	2733.008025756615	1	0	tensor(3)	2.8587384383863603
132579.14982351186	6000.0	2153.858202244814	0.0	0	0.0	2733.008025756615	1	0	tensor(3)	2.8587384383863625
133765.0032842873	6000.0	1968.0047414693895	0.0	0	0.0	2733.0080257566296	1	0	tensor(3)	2.8587384383863608
134667.4327290753	6000.0	2065.575296681357	0.0	0	0.0	2733.0080257566005	1	0	tensor(3)	2.8587384383863634
135932.26057121664	6000.0	1800.747454540056	0.0	0	0.0	2733.0080257566005	1	0	tensor(3)	2.8587384383863634
136967.89574706322	6000.0	1765.1122786934732	0.0	0	0.0	2733.0080257566296	1	0	tensor(3)	2.8587384383863594
137621.2874428747	6000.0	2111.720582882025	0.0	0	0.0	2733.0080257566296	1	0	tensor(3)	2.8587384383863594
138609.2440388438	6000.0	2123.7639869129243	0.0	0	0.0	2733.0080257566296	1	0	tensor(3)	2.8587384383863594
139857.66187640262	6000.0	1875.3461493540885	0.0	0	0.0	2733.0080257566296	1	0	tensor(3)	2.8587384383863594
140958.89882614385	6000.0	1774.1091996128637	0.0	0	0.0	2733.0080257566296	1	0	tensor(3)	2.8587384383863594
141757.85571122458	6000.0	1975.1523145320998	0.0	0	0.0	2733.0080257566296	1	0	tensor(3)	2.8587384383863594
142894.20739367668	6000.0	1838.8006320799823	0.0	0	0.0	2733.0080257566005	1	0	tensor(3)	2.8587384383863634
144368.6841018487	6000.0	1364.3239239079912	0.0	0	0.0	2733.0080257566296	1	0	tensor(3)	2.8587384383863594
144950.58434585985	3000.0	1782.4236798968273	0.0	0	0.0	2733.0080257566296	1	0	tensor(3)	1.4724440772664695
146282.079906546	6000.0	1450.9281192106696	0.0	0	0.0	2733.0080257566296	1	0	tensor(3)	2.1655912578264145
146727.02232417985	3000.0	2005.9857015767905	0.0	0	0.0	2733.0080257566005	1	0	tensor(3)	1.4724440772664735
147449.13736609375	3000.0	2283.8706596629213	0.0	0	0.0	2733.0080257566005	1	0	tensor(3)	2.1655912578264185
148200.0	6000.0	2533.0080257566983	0.0	0	44.34612347395159	2733.0080257566296	1	0	tensor(3)	2.1655912578264145
149200.0	6000.0	2533.0080257567097	0.0	0	315.746522636764	2733.0080257566296	1	0	tensor(3)	2.8587384383863594
150200.0	6000.0	2533.0080257566906	0.0	0	164.54589285393013	2733.0080257566296	1	0	tensor(3)	2.8587384383863594
151200.0	6000.0	2533.008025756707	0.0	0	80.96543650326203	2733.0080257566588	1	0	tensor(3)	2.858738438386355
152200.0	6000.0	2533.0080257566938	0.0	0	44.29550682863919	2733.0080257566588	1	0	tensor(3)	2.858738438386355
153426.93631626174	6000.0	2306.0717094949937	0.0	0	0.0	2733.0080257566588	1	0	tensor(3)	2.858738438386355
155113.7863448849	6000.0	1619.2216808718283	0.0	0	0.0	2733.0080257566588	1	0	tensor(3)	2.858738438386355
156092.5499244462	6000.0	1640.4581013104994	0.0	0	0.0	2733.008025756688	1	0	tensor(3)	2.858738438386351
156875.40227242844	6000.0	1857.6057533282533	0.0	0	0.0	2733.008025756688	1	0	tensor(3)	2.858738438386351
157489.8383941935	6000.0	2243.169631563216	0.0	0	0.0	2733.008025756688	1	0	tensor(3)	2.858738438386351
158260.1008738278	6000.0	2472.907151928939	0.0	0	0.0	2733.008025756688	1	0	tensor(3)	2.858738438386351
159209.70983160552	6000.0	2523.2981941512044	0.0	0	0.0	2733.008025756717	1	0	tensor(3)	2.8587384383863466
160391.01938421265	6000.0	2341.988641544056	0.0	0	0.0	2733.008025756688	1	0	tensor(3)	2.858738438386351
161831.64678182208	6000.0	1901.361243934601	0.0	0	0.0	2733.008025756717	1	0	tensor(3)	2.8587384383863492
163126.1107517731	6000.0	1606.8972739835692	0.0	0	0.0	2733.008025756746	1	0	tensor(3)	2.858738438386343
164309.82348945382	6000.0	1423.1845363028751	0.0	0	0.0	2733.008025756775	1	0	tensor(3)	2.858738438386339
165173.85223366757	6000.0	1559.1557920891141	0.0	0	0.0	2733.008025756746	1	0	tensor(3)	2.858738438386343
165708.2796226493	3000.0	2024.728403107392	0.0	0	0.0	2733.008025756746	1	0	tensor(3)	1.472444077266453
166758.88364172514	6000.0	1974.1243840315578	0.0	0	0.0	2733.008025756717	1	0	tensor(3)	2.165591257826402
167413.21408967828	3000.0	2319.793936078384	0.0	0	0.0	2733.008025756717	1	0	tensor(3)	1.4724440772664573
168200.0	3000.0	2533.0080257566765	0.0	0	70.68918007958564	2733.008025756688	1	0	tensor(3)	2.1655912578264065
169205.90892161263	6000.0	2527.0991041440184	0.0	0	0.0	2733.008025756688	1	0	tensor(3)	2.1655912578264065
170200.0	6000.0	2533.0080257566187	0.0	0	172.84297101871925	2733.0080257566588	1	0	tensor(3)	2.858738438386355
171200.0	6000.0	2533.008025756616	0.0	0	165.51211595433415	2733.0080257566588	1	0	tensor(3)	2.858738438386355
172200.0	6000.0	2533.008025756583	0.0	0	338.4940472485614	2733.0080257566588	1	0	tensor(3)	2.858738438386355
173200.0	6000.0	2533.0080257566087	0.0	0	270.6587582589709	2733.0080257566588	1	0	tensor(3)	2.858738438386355
174349.37083259	6000.0	2383.6371931666276	0.0	0	0.0	2733.0080257566588	1	0	tensor(3)	2.858738438386355
175751.67070494842	6000.0	1981.3373208082035	0.0	0	0.0	2733.0080257566588	1	0	tensor(3)	2.858738438386355
176450.7705331152	6000.0	2282.237492641412	0.0	0	0.0	2733.0080257566296	1	0	tensor(3)	2.8587384383863594
177509.42924494488	6000.0	2223.5787808117466	0.0	0	0.0	2733.0080257566296	1	0	tensor(3)	2.8587384383863594
178444.2310044025	6000.0	2288.7770213540853	0.0	0	0.0	2733.0080257566005	1	0	tensor(3)	2.8587384383863634
179373.5439507369	6000.0	2359.464075019703	0.0	0	0.0	2733.0080257566005	1	0	tensor(3)	2.8587384383863634
180329.10228201185	6000.0	2403.9057437447427	0.0	0	0.0	2733.0080257566005	1	0	tensor(3)	2.8587384383863634
181284.0364970195	6000.0	2448.971528737069	0.0	0	0.0	2733.0080257565714	1	0	tensor(3)	2.858738438386368
182362.53264838943	6000.0	2370.4753773671223	0.0	0	0.0	2733.0080257565714	1	0	tensor(3)	2.858738438386368
183471.9034372613	6000.0	2261.1045884952873	0.0	0	0.0	2733.0080257565423	1	0	tensor(3)	2.858738438386372
184200.0	6000.0	2533.0080257565983	0.0	0	38.91450781785534	2733.0080257565423	1	0	tensor(3)	2.858738438386372
185200.0	6000.0	2533.008025756582	0.0	0	89.37830044882139	2733.0080257565423	1	0	tensor(3)	2.858738438386372
186751.4870549259	6000.0	1981.5209708306484	0.0	0	0.0	2733.0080257565423	1	0	tensor(3)	2.858738438386372
188144.39032809134	6000.0	1588.6176976652278	0.0	0	0.0	2733.0080257565423	1	0	tensor(3)	2.858738438386372
189277.10821304997	6000.0	1455.899812706566	0.0	0	0.0	2733.0080257565423	1	0	tensor(3)	2.858738438386372
189657.32076276746	3000.0	2075.68726298906	0.0	0	0.0	2733.0080257565423	1	0	tensor(3)	1.472444077266482
190644.39934285983	6000.0	2088.6086828966945	0.0	0	0.0	2733.0080257565714	1	0	tensor(3)	2.165591257826425
191573.26784402516	6000.0	2159.740181731354	0.0	0	0.0	2733.0080257565423	1	0	tensor(3)	2.8587384383863697
192378.80982404092	6000.0	2354.19820171561	0.0	0	0.0	2733.0080257565132	1	0	tensor(3)	2.858738438386376
193410.15074929455	6000.0	2322.8572764619753	0.0	0	0.0	2733.0080257565132	1	0	tensor(3)	2.858738438386376
194349.40430851595	6000.0	2383.6037172405568	0.0	0	0.0	2733.0080257565132	1	0	tensor(3)	2.858738438386376
195200.0	6000.0	2533.008025756507	0.0	0	70.5425249725522	2733.0080257565423	1	0	tensor(3)	2.858738438386372
196200.0	6000.0	2533.0080257565146	0.0	0	37.43984405725496	2733.0080257565423	1	0	tensor(3)	2.858738438386372
197200.0	6000.0	2533.008025756514	0.0	0	253.3719420892885	2733.0080257565423	1	0	tensor(3)	2.858738438386372
198227.88479610355	6000.0	2505.1232296529797	0.0	0	0.0	2733.0080257565423	1	0	tensor(3)	2.858738438386372
199200.0	6000.0	2533.008025756531	0.0	0	65.26284085039515	2733.0080257565714	1	0	tensor(3)	2.858738438386368
200372.18520348208	6000.0	2360.822822274436	0.0	0	0.0	2733.0080257565714	1	0	tensor(3)	2.858738438386368
201284.39560273453	6000.0	2448.612423021989	0.0	0	0.0	2733.0080257565423	1	0	tensor(3)	2.858738438386372
202711.37221799797	6000.0	2021.6358077585455	0.0	0	0.0	2733.0080257565132	1	0	tensor(3)	2.858738438386376
204109.4800242931	6000.0	1623.528001463418	0.0	0	0.0	2733.0080257565132	1	0	tensor(3)	2.858738438386376
205415.09158703397	6000.0	1317.9164387225742	0.0	0	0.0	2733.0080257565132	1	0	tensor(3)	2.858738438386376
205753.6036935202	3000.0	1979.4043322362922	0.0	0	0.0	2733.0080257565132	1	0	tensor(3)	1.4724440772664862
206801.0065371144	6000.0	1932.0014886421093	0.0	0	0.0	2733.0080257565423	1	0	tensor(3)	2.165591257826427
207579.18994522144	6000.0	2153.8180805350594	0.0	0	0.0	2733.0080257565423	1	0	tensor(3)	2.858738438386372
208445.99133134866	6000.0	2287.0166944077905	0.0	0	0.0	2733.0080257565132	1	0	tensor(3)	2.8587384383863723
209867.0500128962	6000.0	1865.95801286026	0.0	0	0.0	2733.0080257565132	1	0	tensor(3)	2.858738438386376
211314.59906352064	6000.0	1418.4089622357808	0.0	0	0.0	2733.008025756484	1	0	tensor(3)	2.8587384383863803
211852.74369971844	3000.0	1880.2643260379923	0.0	0	0.0	2733.0080257565132	1	0	tensor(3)	1.4724440772664862
213300.79104462266	6000.0	1432.216981133762	0.0	0	0.0	2733.008025756484	1	0	tensor(3)	2.165591257826434
213810.72975686516	3000.0	1922.2782688912305	0.0	0	0.0	2733.008025756484	1	0	tensor(3)	1.4724440772664904
215178.45944864137	6000.0	1554.5485771150234	0.0	0	0.0	2733.008025756484	1	0	tensor(3)	2.165591257826435
215732.26088273487	3000.0	2000.7471430215303	0.0	0	0.0	2733.008025756484	1	0	tensor(3)	1.4724440772664904
216727.19715945201	6000.0	2005.8108663043984	0.0	0	0.0	2733.008025756484	1	0	tensor(3)	2.165591257826435
218185.07038786937	6000.0	1547.9376378870083	0.0	0	0.0	2733.008025756484	1	0	tensor(3)	2.8587384383863803
219238.95593252892	6000.0	1494.0520932274626	0.0	0	0.0	2733.008025756455	1	0	tensor(3)	2.858738438386384
220020.89128363086	6000.0	1712.1167421255675	0.0	0	0.0	2733.008025756484	1	0	tensor(3)	2.8587384383863803
220570.55605141795	6000.0	2162.45197433848	0.0	0	0.0	2733.008025756484	1	0	tensor(3)	2.8587384383863803
221200.0	6000.0	2533.0080257564123	0.0	0	77.16493320747395	2733.008025756484	1	0	tensor(3)	2.8587384383863803
222200.0	6000.0	2533.0080257563595	0.0	0	120.93070415779948	2733.008025756484	1	0	tensor(3)	2.8587384383863803
223200.0	6000.0	2533.0080257563627	0.0	0	109.50850739286398	2733.008025756484	1	0	tensor(3)	2.8587384383863803
224200.0	6000.0	2533.008025756363	0.0	0	156.37767062408966	2733.008025756484	1	0	tensor(3)	2.8587384383863803
225200.0	6000.0	2533.008025756349	0.0	0	90.44803907224559	2733.008025756484	1	0	tensor(3)	2.8587384383863803
226487.3475506817	6000.0	2245.6604750746046	0.0	0	0.0	2733.008025756484	1	0	tensor(3)	2.8587384383863803
227605.84467107462	6000.0	2127.1633546816747	0.0	0	0.0	2733.008025756455	1	0	tensor(3)	2.8587384383863808
228556.98954383223	3000.0	2176.0184819240626	0.0	0	0.0	2733.008025756455	1	0	tensor(3)	1.4724440772664942
229658.1305510196	3000.0	2074.8774747367024	0.0	0	0.0	2733.008025756455	1	0	tensor(3)	2.1655912578264394
230772.10135709553	6000.0	1960.9066686607603	0.0	0	0.0	2733.008025756484	1	0	tensor(3)	2.1655912578264367
231331.2520438938	6000.0	2401.7559818625036	0.0	0	0.0	2733.008025756484	1	0	tensor(3)	2.8587384383863803
232200.0	6000.0	2533.008025756307	0.0	0	89.02109388494864	2733.008025756484	1	0	tensor(3)	2.8587384383863803
233351.58322340884	6000.0	2381.424802347454	0.0	0	0.0	2733.008025756484	1	0	tensor(3)	2.8587384383863803
234446.52464350255	6000.0	2286.483382253765	0.0	0	0.0	2733.008025756426	1	0	tensor(3)	2.8587384383863848
235473.35245831186	6000.0	2259.655567444405	0.0	0	0.0	2733.008025756426	1	0	tensor(3)	2.8587384383863883
236616.80692912836	6000.0	2116.201096627892	0.0	0	0.0	2733.008025756397	1	0	tensor(3)	2.8587384383863923
237820.15601332887	6000.0	1912.852012427404	0.0	0	0.0	2733.008025756397	1	0	tensor(3)	2.8587384383863923
239070.90827754373	6000.0	1662.0997482125642	0.0	0	0.0	2733.008025756397	1	0	tensor(3)	2.8587384383863923
240309.11305026244	6000.0	1423.8949754938792	0.0	0	0.0	2733.008025756426	1	0	tensor(3)	2.8587384383863883
240891.67661784674	3000.0	1841.3314079096072	0.0	0	0.0	2733.008025756426	1	0	tensor(3)	1.4724440772664984
241966.6490876031	6000.0	1766.3589381532406	0.0	0	0.0	2733.008025756455	1	0	tensor(3)	2.165591257826439
242622.9739242145	3000.0	2110.034101541846	0.0	0	0.0	2733.008025756455	1	0	tensor(3)	1.4724440772664942
243759.45225416942	6000.0	1973.5557715869309	0.0	0	0.0	2733.008025756484	1	0	tensor(3)	2.1655912578264376
244731.4846442056	6000.0	2001.5233815507895	0.0	0	0.0	2733.008025756484	1	0	tensor(3)	2.8587384383863803
245605.7910731233	6000.0	2127.2169526330963	0.0	0	0.0	2733.008025756484	1	0	tensor(3)	2.8587384383863803
246271.89735222608	3000.0	2461.1106735302874	0.0	0	0.0	2733.008025756484	1	0	tensor(3)	1.4724440772664904
247274.48801072652	6000.0	2458.5200150298424	0.0	0	0.0	2733.0080257565132	1	0	tensor(3)	2.1655912578264305
248736.89653887448	6000.0	1996.111486881865	0.0	0	0.0	2733.0080257565423	1	0	tensor(3)	2.858738438386372
249899.8898953798	6000.0	1833.118130376576	0.0	0	0.0	2733.0080257565423	1	0	tensor(3)	2.858738438386372
250989.23447075477	6000.0	1743.7735550015711	0.0	0	0.0	2733.008025756484	1	0	tensor(3)	2.8587384383863794
252195.1456852223	6000.0	1537.8623405340722	0.0	0	0.0	2733.008025756484	1	0	tensor(3)	2.8587384383863803
253353.54202590956	6000.0	1379.465999846768	0.0	0	0.0	2733.008025756484	1	0	tensor(3)	2.8587384383863803
254042.69463263504	3000.0	1690.3133931212794	0.0	0	0.0	2733.0080257565132	1	0	tensor(3)	1.4724440772664862
255055.65231643617	6000.0	1677.3557093201696	0.0	0	0.0	2733.0080257565132	1	0	tensor(3)	2.1655912578264305
256430.2035512539	6000.0	1302.80447450243	0.0	0	0.0	2733.0080257565132	1	0	tensor(3)	2.858738438386376
257277.9740541251	3000.0	1455.0339716312074	0.0	0	0.0	2733.008025756484	1	0	tensor(3)	1.4724440772664904
257907.83185638604	3000.0	1825.1761693702815	0.0	0	0.0	2733.008025756455	1	0	tensor(3)	2.1655912578264394
259224.3075639859	6000.0	1508.7004617704235	0.0	0	0.0	2733.008025756455	1	0	tensor(3)	2.165591257826439
259844.96327747402	3000.0	1888.0447482823195	0.0	0	0.0	2733.008025756455	1	0	tensor(3)	1.4724440772664942
260909.22363688867	6000.0	1823.7843888676925	0.0	0	0.0	2733.008025756426	1	0	tensor(3)	2.1655912578264425
262418.2979286652	6000.0	1314.710097091128	0.0	0	0.0	2733.0080257563677	1	0	tensor(3)	2.858738438386391
263104.6822866458	3000.0	1628.3257391104908	0.0	0	0.0	2733.0080257563386	1	0	tensor(3)	1.4724440772665084
263609.86929946125	3000.0	2123.1387262950257	0.0	0	0.0	2733.0080257563386	1	0	tensor(3)	2.165591257826455
264472.8936230256	6000.0	2260.1144027305295	0.0	0	0.0	2733.008025756222	1	0	tensor(3)	2.165591257826464
265200.0	6000.0	2533.008025756108	0.0	0	64.62451677955687	2733.008025756222	1	0	tensor(3)	2.8587384383864167
266200.0	6000.0	2533.0080257561053	0.0	0	130.57183174957754	2733.0080257562804	1	0	tensor(3)	2.8587384383864087
267200.0	6000.0	2533.008025756073	0.0	0	93.35164438956417	2733.0080257562804	1	0	tensor(3)	2.8587384383864087
268430.07709134696	6000.0	2302.9309344091253	0.0	0	0.0	2733.0080257562804	1	0	tensor(3)	2.858738438386415
269887.4962382825	6000.0	1845.5117874735663	0.0	0	0.0	2733.008025756222	1	0	tensor(3)	2.8587384383864136
270953.73440317606	6000.0	1779.273622579943	0.0	0	0.0	2733.008025756222	1	0	tensor(3)	2.8587384383864167
271872.05151666433	6000.0	1860.956509091611	0.0	0	0.0	2733.008025756164	1	0	tensor(3)	2.858738438386424
272561.61867907125	6000.0	2171.3893466847003	0.0	0	0.0	2733.008025756164	1	0	tensor(3)	2.858738438386425
273752.554447288	6000.0	1980.45357846801	0.0	0	0.0	2733.008025756222	1	0	tensor(3)	2.8587384383864167
274528.527135125	6000.0	2204.4808906309536	0.0	0	0.0	2733.0080257562804	1	0	tensor(3)	2.8587384383864087
275259.8794656434	6000.0	2473.128560112622	0.0	0	0.0	2733.0080257562804	1	0	tensor(3)	2.8587384383864087
276200.0	6000.0	2533.0080257560235	0.0	0	392.55226312362356	2733.0080257562804	1	0	tensor(3)	2.8587384383864087
277200.0	6000.0	2533.008025756096	0.0	0	187.86181188374758	2733.0080257562804	1	0	tensor(3)	2.8587384383864087
278200.0	6000.0	2533.0080257560935	0.0	0	31.95379958761623	2733.008025756222	1	0	tensor(3)	2.8587384383864167
279200.0	6000.0	2533.0080257560453	0.0	0	66.20617015298922	2733.008025756222	1	0	tensor(3)	2.8587384383864167
280200.0	6000.0	2533.008025755979	0.0	0	198.62501407542732	2733.008025756164	1	0	tensor(3)	2.858738438386425
281400.53830263944	6000.0	2332.469723116602	0.0	0	0.0	2733.008025756164	1	0	tensor(3)	2.858738438386425
282884.3446950694	6000.0	1848.6633306866256	0.0	0	0.0	2733.008025756164	1	0	tensor(3)	2.858738438386425
283818.47746458463	6000.0	1914.530561171437	0.0	0	0.0	2733.008025756164	1	0	tensor(3)	2.858738438386425
285119.8676542884	6000.0	1613.140371467681	0.0	0	0.0	2733.008025756164	1	0	tensor(3)	2.858738438386425
285886.3201125475	6000.0	1846.6879132086015	0.0	0	0.0	2733.008025756164	1	0	tensor(3)	2.858738438386425
286871.8560439002	6000.0	1861.1519818558706	0.0	0	0.0	2733.008025756222	1	0	tensor(3)	2.8587384383864185
287797.74185561424	6000.0	1935.2661701417835	0.0	0	0.0	2733.0080257562804	1	0	tensor(3)	2.8587384383864105
289301.862373922	6000.0	1431.1456518340422	0.0	0	0.0	2733.0080257562804	1	0	tensor(3)	2.8587384383864087
289741.8091472019	3000.0	1991.1988785541741	0.0	0	0.0	2733.0080257562804	1	0	tensor(3)	1.4724440772665188
290788.07275275927	6000.0	1944.935272996843	0.0	0	0.0	2733.008025756222	1	0	tensor(3)	2.1655912578264718
291847.43082140165	6000.0	1885.5772043544969	0.0	0	0.0	2733.008025756222	1	0	tensor(3)	2.8587384383864167
293515.70521486696	6000.0	1217.302810889183	0.0	0	0.0	2733.008025756222	1	0	tensor(3)	2.858738438386415
294174.27998427395	3000.0	1558.7280414822333	0.0	0	0.0	2733.008025756222	1	0	tensor(3)	1.4724440772665273
294814.1017565269	3000.0	1918.906269229285	0.0	0	0.0	2733.008025756222	1	0	tensor(3)	2.165591257826472
296238.1627069353	6000.0	1494.8453188209148	0.0	0	0.0	2733.008025756222	1	0	tensor(3)	2.1655912578264718
296653.1519172412	3000.0	2079.8561085149668	0.0	0	0.0	2733.008025756164	1	0	tensor(3)	1.4724440772665355
297586.64069899323	6000.0	2146.367326762953	0.0	0	0.0	2733.0080257560476	1	0	tensor(3)	2.1655912578264918
298200.0	6000.0	2533.008025756184	0.0	0	33.46771111025009	2733.0080257560476	1	0	tensor(3)	2.8587384383864416
299200.0	6000.0	2533.0080257561867	0.0	0	434.3168930254178	2733.0080257559894	1	0	tensor(3)	2.85873843838645
300227.57907926204	6000.0	2505.4289464941407	0.0	0	0.0	2733.0080257560476	1	0	tensor(3)	2.8587384383864416
7.19	5.15	4.1	5.58	7.25	7.18	9.63	6.49	6.44	5.97	4.01	5.07	7.55	5.56	6.17	4.49	5.55	6.88	7.18	8.17	6.75	7.77	5.66	5.56	7.04	7.34	5.4	7.7	7.58	5.77	7.44	7.3	10.2	7.61	4.02	4.1	6.12	6.12	6.49	7.43	7.4	6.35	6.24	7.39	8.27	6.56	6.38	6.8	4.43	6.95	5.44	6.27	5.36	5.79	8.02	7.69	6.42	4.6	5.35	4.24	6.6	4.07	6.15	5.21	7.6	5.41	5.1	7.04	10.4	10.5	4.56	5.75	6.58	5.7	4.87	5.88	3.46	2.86	6.04	8.38	7.77	6.06	5.55	5.05	4.31	7.39	6.01	5.55	5.1	6.23	3.71	7.19	5.58	6.19	4.48	6.14	4.1	5.09	8.18	5.37	6.02	5.33	5.92	6.9	4.83	4.7	6.55	5.95	5.35	5.63	4.04	4.85	7.21	8.66	7.04	5.65	5.75	4.84	5.36	8.23	8.44	4.88	7.25	9.05	9.68	6.36	8.09	8.24	5.83	6.59	5.24	5.18	5.95	6.32	7.07	6.75	6.97	4.03	6.1	6.08	5.48	2.33	4.54	5.77	5.2	7.61	11.1	7.94	7.63	9.81	7.19	5.15	4.1	5.58	7.25	7.18	9.63	6.49	6.44	5.97	4.01	5.07	7.55	5.56	6.17	4.49	5.55	6.88	7.18	8.17	6.75	7.77	5.66	5.56	7.04	7.34	5.4	7.7	7.58	5.77	7.44	7.3	10.2	7.61	4.02	4.1	6.12	6.12	6.49	7.43	7.4	6.35	6.24	7.39	8.27	6.56	6.38	6.8	4.43	6.95	5.44	6.27	5.36	5.79	8.02	7.69	6.42	4.6	5.35	4.24	6.6	4.07	6.15	5.21	7.6	5.41	5.1	7.04	10.4	10.5	4.56	5.75	6.58	5.7	4.87	5.88	3.46	2.86	6.04	8.38	7.77	6.06	5.55	5.05	4.31	7.39	6.01	5.55	5.1	6.23	3.71	7.19	5.58	6.19	4.48	6.14	4.1	5.09	8.18	5.37	6.02	5.33	5.92	6.9	4.83	4.7	6.55	5.95	5.35	5.63	4.04	4.85	7.21	8.66	7.04	5.65	5.75	4.84	5.36	8.23	8.44	4.88	7.25	9.05	9.68	6.36	8.09	8.24	5.83	6.59	5.24	5.18	5.95	6.32	7.07	6.75	6.97	4.03	6.1	6.08	5.48	2.33	4.54	5.77	5.2	7.61	11.1	7.94	7.63	9.81	7.19	5.15	4.1
1.0	2.0	3.0	4.0	5.0	6.0	7.0	8.0	9.0	10.0	11.0	12.0	13.0	14.0	15.0	16.0	17.0	18.0	19.0	20.0	21.0	22.0	23.0	24.0	25.0	26.0	27.0	28.0	29.0	30.0	31.0	32.0	33.0	34.0	35.0	36.0	37.0	38.0	39.0	40.0	41.0	42.0	43.0	44.0	45.0	46.0	47.0	48.0	49.0	50.0	51.0	52.0	53.0	54.0	55.0	56.0	57.0	58.0	59.0	60.0	61.0	62.0	63.0	64.0	65.0	66.0	67.0	68.0	69.0	70.0	71.0	72.0	73.0	74.0	75.0	76.0	77.0	78.0	79.0	80.0	81.0	82.0	83.0	84.0	85.0	86.0	87.0	88.0	89.0	90.0	91.0	92.0	93.0	94.0	95.0	96.0	97.0	98.0	99.0	100.0	101.0	102.0	103.0	104.0	105.0	106.0	107.0	108.0	109.0	110.0	111.0	112.0	113.0	114.0	115.0	116.0	117.0	118.0	119.0	120.0	121.0	122.0	123.0	124.0	125.0	126.0	127.0	128.0	129.0	130.0	131.0	132.0	133.0	134.0	135.0	136.0	137.0	138.0	139.0	140.0	141.0	142.0	143.0	144.0	145.0	146.0	147.0	148.0	149.0	149.0	150.0	151.0	152.0	153.0	154.0	155.0	156.0	157.0	158.0	159.0	160.0	161.0	162.0	163.0	164.0	165.0	166.0	167.0	168.0	169.0	170.0	171.0	172.0	173.0	174.0	175.0	176.0	177.0	178.0	179.0	180.0	181.0	182.0	183.0	184.0	185.0	186.0	187.0	188.0	189.0	190.0	191.0	192.0	193.0	194.0	195.0	196.0	197.0	198.0	199.0	200.0	201.0	202.0	203.0	204.0	205.0	206.0	207.0	208.0	209.0	210.0	211.0	212.0	213.0	214.0	215.0	216.0	217.0	218.0	219.0	220.0	221.0	222.0	223.0	224.0	225.0	226.0	227.0	228.0	229.0	230.0	231.0	232.0	233.0	234.0	235.0	236.0	237.0	238.0	239.0	240.0	241.0	242.0	243.0	244.0	245.0	246.0	247.0	248.0	249.0	250.0	251.0	252.0	253.0	254.0	255.0	256.0	257.0	258.0	259.0	260.0	261.0	262.0	263.0	264.0	265.0	266.0	267.0	268.0	269.0	270.0	271.0	272.0	273.0	274.0	275.0	276.0	277.0	278.0	279.0	280.0	281.0	282.0	283.0	284.0	285.0	286.0	287.0	288.0	289.0	290.0	291.0	292.0	293.0	294.0	295.0	296.0	297.0	298.0	298.0	299.0	300.0	301.0
2429.0896639496673
