4822.972613450231	1000.0	2000.0	315.95758042540416	0	0.0	2822.9726134502307	1	0	tensor(6)	-8.034698675547224
5803.7146824432675	3000.0	2019.2579310069632	0.0	0	0.0	2822.9726134502307	1	0	tensor(3)	1.0537055607215318
6808.727282637092	3000.0	2014.245330813138	0.0	0	0.0	2822.97261345023	1	0	tensor(3)	2.1523178493896418
7491.515629266118	3000.0	2331.456984184112	0.0	0	0.0	2822.972613450229	1	0	tensor(3)	2.1523178493896418
8495.765806626505	6000.0	2327.206806823726	0.0	0	0.0	2822.97261345023	1	0	tensor(3)	2.1523178493896413
9781.951933638766	3000.0	2041.0206798114634	0.0	0	0.0	2822.972613450228	1	0	tensor(3)	1.4591706688296968
10847.644830787878	3000.0	1975.3277826623523	0.0	0	0.0	2822.972613450229	1	0	tensor(3)	2.1523178493896418
11653.286643259391	3000.0	2169.6859701908406	0.0	0	0.0	2822.972613450229	1	0	tensor(3)	2.1523178493896418
12439.253360705548	3000.0	2383.719252744683	0.0	0	0.0	2822.9726134502307	1	0	tensor(3)	2.1523178493896418
13327.340509419611	3000.0	2495.6321040306207	0.0	0	0.0	2822.9726134502307	1	0	tensor(3)	2.1523178493896413
14200.0	3000.0	2622.972613450234	0.0	0	131.56947718147057	2822.9726134502307	1	0	tensor(3)	2.1523178493896413
15596.175243990563	3000.0	2226.7973694596703	0.0	0	0.0	2822.972613450229	1	0	tensor(3)	2.1523178493896418
16467.27565942177	3000.0	2355.696954028459	0.0	0	0.0	2822.9726134502307	1	0	tensor(3)	2.1523178493896413
17576.966663769843	3000.0	2246.005949680391	0.0	0	0.0	2822.972613450236	1	0	tensor(3)	2.152317849389641
18367.513886036635	3000.0	2455.4587274135956	0.0	0	0.0	2822.9726134502343	1	0	tensor(3)	2.152317849389641
19200.0	3000.0	2622.972613450231	0.0	0	83.62673390439522	2822.9726134502343	1	0	tensor(3)	2.152317849389641
20471.683307130595	3000.0	2351.2893063196348	0.0	0	0.0	2822.972613450238	1	0	tensor(3)	2.1523178493896404
21709.5932913614	3000.0	2113.3793220888333	0.0	0	0.0	2822.9726134502416	1	0	tensor(3)	2.1523178493896395
22654.774169618082	3000.0	2168.1984438321515	0.0	0	0.0	2822.9726134502416	1	0	tensor(3)	2.1523178493896395
23737.481909371567	3000.0	2085.4907040786675	0.0	0	0.0	2822.9726134502416	1	0	tensor(3)	2.1523178493896395
24579.754428525714	3000.0	2243.2181849245217	0.0	0	0.0	2822.9726134502453	1	0	tensor(3)	2.152317849389639
25502.173183758892	3000.0	2320.799429691341	0.0	0	0.0	2822.9726134502453	1	0	tensor(3)	2.152317849389639
26702.482453394485	6000.0	2120.4901600557464	0.0	0	0.0	2822.9726134502453	1	0	tensor(3)	2.1523178493896395
27679.169419071317	3000.0	2143.803194378912	0.0	0	0.0	2822.9726134502453	1	0	tensor(3)	1.4591706688296942
28723.525687748654	3000.0	2099.4469257015767	0.0	0	0.0	2822.9726134502453	1	0	tensor(3)	2.152317849389639
29707.131824610817	3000.0	2115.840788839416	0.0	0	0.0	2822.9726134502453	1	0	tensor(3)	2.152317849389639
30690.929349337104	3000.0	2132.0432641131233	0.0	0	0.0	2822.972613450249	1	0	tensor(3)	2.1523178493896387
31485.320722522796	3000.0	2337.651890927432	0.0	0	0.0	2822.972613450249	1	0	tensor(3)	2.1523178493896387
32324.687139021236	3000.0	2498.285474428991	0.0	0	0.0	2822.972613450249	1	0	tensor(3)	2.1523178493896387
33261.64683404701	3000.0	2561.325779403217	0.0	0	0.0	2822.972613450249	1	0	tensor(3)	2.152317849389638
34200.0	3000.0	2622.972613450231	0.0	0	20.623589017952327	2822.9726134502525	1	0	tensor(3)	2.152317849389638
35200.0	3000.0	2622.972613450232	0.0	0	358.9559105049266	2822.9726134502525	1	0	tensor(3)	2.1523178493896378
36200.0	3000.0	2622.972613450238	0.0	0	178.34710146932775	2822.972613450256	1	0	tensor(3)	2.1523178493896373
37200.0	3000.0	2622.9726134502453	0.0	0	174.69806143627648	2822.972613450249	1	0	tensor(3)	2.1523178493896387
38450.752237448636	3000.0	2372.2203760016077	0.0	0	0.0	2822.972613450249	1	0	tensor(3)	2.1523178493896387
39348.6044522427	3000.0	2474.3681612075466	0.0	0	0.0	2822.972613450256	1	0	tensor(3)	2.1523178493896373
40366.07192778915	3000.0	2456.9006856610913	0.0	0	0.0	2822.972613450256	1	0	tensor(3)	2.1523178493896373
41200.0	3000.0	2622.9726134502343	0.0	0	135.21905789606535	2822.972613450256	1	0	tensor(3)	2.1523178493896373
42200.0	3000.0	2622.972613450238	0.0	0	9.664674861698586	2822.972613450256	1	0	tensor(3)	2.1523178493896373
43352.34784155199	3000.0	2470.624771898241	0.0	0	0.0	2822.972613450256	1	0	tensor(3)	2.1523178493896373
44200.0	3000.0	2622.972613450241	0.0	0	60.79339138848445	2822.9726134502635	1	0	tensor(3)	2.1523178493896364
45307.842203332	3000.0	2515.130410118239	0.0	0	0.0	2822.9726134502707	1	0	tensor(3)	2.152317849389635
46200.0	3000.0	2622.9726134502434	0.0	0	232.34020513983705	2822.9726134502707	1	0	tensor(3)	2.152317849389635
47499.12617955377	3000.0	2323.8464338964714	0.0	0	0.0	2822.9726134502707	1	0	tensor(3)	2.152317849389635
48319.93508745042	3000.0	2503.0375259998214	0.0	0	0.0	2822.9726134502635	1	0	tensor(3)	2.1523178493896364
49200.0	3000.0	2622.9726134502494	0.0	0	102.78010836674366	2822.9726134502635	1	0	tensor(3)	2.1523178493896364
50200.0	3000.0	2622.9726134502416	0.0	0	62.488688692305004	2822.9726134502635	1	0	tensor(3)	2.1523178493896364
51200.0	3000.0	2622.972613450248	0.0	0	23.605337502114708	2822.9726134502635	1	0	tensor(3)	2.1523178493896364
52200.0	3000.0	2622.97261345025	0.0	0	42.191545726593176	2822.9726134502635	1	0	tensor(3)	2.1523178493896364
53249.18518862783	3000.0	2573.7874248224202	0.0	0	0.0	2822.972613450256	1	0	tensor(3)	2.1523178493896373
54200.0	3000.0	2622.972613450252	0.0	0	180.77804590518645	2822.972613450249	1	0	tensor(3)	2.1523178493896387
55200.0	3000.0	2622.97261345025	0.0	0	23.80655419363029	2822.972613450249	1	0	tensor(3)	2.1523178493896387
56244.51677640848	3000.0	2578.455837041767	0.0	0	0.0	2822.972613450249	1	0	tensor(3)	2.1523178493896387
57314.57889492484	3000.0	2508.3937185254063	0.0	0	0.0	2822.972613450256	1	0	tensor(3)	2.152317849389638
58200.0	3000.0	2622.972613450241	0.0	0	138.13622257788666	2822.972613450256	1	0	tensor(3)	2.1523178493896373
59200.0	3000.0	2622.9726134502375	0.0	0	206.19396974386473	2822.972613450256	1	0	tensor(3)	2.1523178493896373
60200.0	3000.0	2622.9726134502375	0.0	0	149.73652499203308	2822.972613450256	1	0	tensor(3)	2.1523178493896373
61200.0	3000.0	2622.9726134502325	0.0	0	26.76308338608942	2822.9726134502635	1	0	tensor(3)	2.1523178493896364
62200.0	3000.0	2622.972613450232	0.0	0	355.68372030061437	2822.9726134502635	1	0	tensor(3)	2.1523178493896364
63702.22979929544	6000.0	2120.742814154789	0.0	0	0.0	2822.9726134502635	1	0	tensor(3)	2.1523178493896364
65190.20655867753	3000.0	1632.766054772702	0.0	0	0.0	2822.9726134502707	1	0	tensor(3)	1.4591706688296904
66103.00184271751	3000.0	1719.9707707327254	0.0	0	0.0	2822.9726134502707	1	0	tensor(3)	2.1523178493896364
66986.48585638238	3000.0	1836.4867570678707	0.0	0	0.0	2822.9726134502853	1	0	tensor(3)	2.1523178493896338
67527.37557241776	3000.0	2295.597041032479	0.0	0	0.0	2822.9726134502707	1	0	tensor(3)	2.1523178493896347
68200.0	3000.0	2622.972613450235	0.0	0	67.64709446203778	2822.9726134502707	1	0	tensor(3)	2.152317849389635
69200.0	3000.0	2622.9726134502243	0.0	0	232.04804150054406	2822.9726134502707	1	0	tensor(3)	2.152317849389635
70200.0	3000.0	2622.9726134502243	0.0	0	84.09124937554589	2822.9726134502707	1	0	tensor(3)	2.152317849389635
71200.0	3000.0	2622.972613450223	0.0	0	52.64615294415853	2822.9726134502707	1	0	tensor(3)	2.152317849389635
72200.0	3000.0	2622.9726134502152	0.0	0	46.043493752367795	2822.9726134502707	1	0	tensor(3)	2.152317849389635
73200.0	3000.0	2622.972613450196	0.0	0	141.1757833501033	2822.9726134502707	1	0	tensor(3)	2.152317849389635
74347.51232589058	3000.0	2475.4602875596242	0.0	0	0.0	2822.9726134502707	1	0	tensor(3)	2.152317849389635
75200.0	3000.0	2622.972613450189	0.0	0	31.82332569907885	2822.9726134502707	1	0	tensor(3)	2.152317849389635
76200.0	3000.0	2622.972613450197	0.0	0	317.9983025024121	2822.9726134502707	1	0	tensor(3)	2.152317849389635
77200.0	3000.0	2622.9726134502043	0.0	0	255.07408752077026	2822.9726134502707	1	0	tensor(3)	2.152317849389635
78200.0	3000.0	2622.9726134501925	0.0	0	353.39979921106715	2822.9726134502707	1	0	tensor(3)	2.152317849389635
79200.0	3000.0	2622.9726134501852	0.0	0	324.6690860995004	2822.9726134502707	1	0	tensor(3)	2.152317849389635
80697.50153141163	6000.0	2125.471082038558	0.0	0	0.0	2822.9726134502707	1	0	tensor(3)	2.1523178493896356
81458.728601026	3000.0	2364.2440124241953	0.0	0	0.0	2822.9726134502853	1	0	tensor(3)	1.4591706688296882
82467.55727759156	3000.0	2355.4153358586186	0.0	0	0.0	2822.9726134502853	1	0	tensor(3)	2.152317849389633
83426.82957232713	3000.0	2396.143041123053	0.0	0	0.0	2822.9726134502853	1	0	tensor(3)	2.152317849389633
84627.37450445682	3000.0	2195.5981089933575	0.0	0	0.0	2822.9726134503	1	0	tensor(3)	2.1523178493896307
85874.27729261469	3000.0	1948.695320835492	0.0	0	0.0	2822.9726134503144	1	0	tensor(3)	2.1523178493896284
86986.44451646181	3000.0	1836.5280969883786	0.0	0	0.0	2822.9726134503144	1	0	tensor(3)	2.1523178493896284
87794.39523203998	3000.0	2028.5773814101879	0.0	0	0.0	2822.9726134503	1	0	tensor(3)	2.1523178493896307
89045.17664445173	3000.0	1777.7959689984464	0.0	0	0.0	2822.9726134503	1	0	tensor(3)	2.1523178493896307
90227.45547293141	3000.0	1595.517140518751	0.0	0	0.0	2822.9726134503	1	0	tensor(3)	2.1523178493896307
91283.64640496025	3000.0	1539.3262084899047	0.0	0	0.0	2822.9726134503144	1	0	tensor(3)	2.1523178493896284
92287.71948587938	3000.0	1535.253127570785	0.0	0	0.0	2822.9726134503	1	0	tensor(3)	2.1523178493896307
93171.86641246162	3000.0	1651.1062009885338	0.0	0	0.0	2822.9726134503	1	0	tensor(3)	2.1523178493896307
93929.49956132211	3000.0	1893.4730521280408	0.0	0	0.0	2822.9726134503	1	0	tensor(3)	2.1523178493896307
94496.24808181945	3000.0	2326.724531630688	0.0	0	0.0	2822.9726134503	1	0	tensor(3)	2.1523178493896307
95200.0	3000.0	2622.9726134501234	0.0	0	82.54790330425021	2822.9726134503	1	0	tensor(3)	2.1523178493896307
96200.0	3000.0	2622.9726134501225	0.0	0	342.99053777146037	2822.9726134503	1	0	tensor(3)	2.1523178493896307
97200.0	3000.0	2622.972613450129	0.0	0	308.96922632007045	2822.9726134503	1	0	tensor(3)	2.1523178493896307
98200.0	3000.0	2622.9726134501284	0.0	0	310.11861569488246	2822.9726134503	1	0	tensor(3)	2.1523178493896307
99200.0	3000.0	2622.9726134501248	0.0	0	93.37648858202738	2822.9726134503	1	0	tensor(3)	2.1523178493896307
100200.0	3000.0	2622.972613450122	0.0	0	296.94549191465194	2822.9726134503	1	0	tensor(3)	2.1523178493896307
101216.95401565712	3000.0	2606.0185977930128	0.0	0	0.0	2822.9726134503144	1	0	tensor(3)	2.1523178493896284
102200.0	3000.0	2622.972613450115	0.0	0	136.65091753577872	2822.9726134503144	1	0	tensor(3)	2.1523178493896284
103708.36813599462	3000.0	2114.604477455502	0.0	0	0.0	2822.9726134503144	1	0	tensor(3)	2.1523178493896284
104730.63285925859	3000.0	2092.3397541915433	0.0	0	0.0	2822.972613450329	1	0	tensor(3)	2.1523178493896262
105925.51953591454	3000.0	1897.4530775355827	0.0	0	0.0	2822.972613450329	1	0	tensor(3)	2.1523178493896262
107064.9811267008	3000.0	1757.9914867493228	0.0	0	0.0	2822.9726134503144	1	0	tensor(3)	2.1523178493896284
108781.4488362635	3000.0	1041.5237771866227	0.0	0	0.0	2822.972613450329	1	0	tensor(3)	2.1523178493896262
109631.16311160136	3000.0	1191.8095018487684	0.0	0	0.0	2822.972613450329	1	0	tensor(3)	2.1523178493896262
110315.11945861914	3000.0	1507.8531548309802	0.0	0	0.0	2822.972613450329	1	0	tensor(3)	2.1523178493896262
111545.24535492297	3000.0	1277.7272585271428	0.0	0	0.0	2822.972613450329	1	0	tensor(3)	2.1523178493896262
112677.73796188802	3000.0	1145.2346515621048	0.0	0	0.0	2822.972613450329	1	0	tensor(3)	2.1523178493896262
113449.47513813364	3000.0	1373.4974753164925	0.0	0	0.0	2822.972613450329	1	0	tensor(3)	2.1523178493896262
114290.87986086967	3000.0	1532.092752580471	0.0	0	0.0	2822.9726134503144	1	0	tensor(3)	2.1523178493896267
115098.70087592935	3000.0	1724.2717375207867	0.0	0	0.0	2822.9726134503144	1	0	tensor(3)	2.1523178493896284
116018.99153046755	3000.0	1803.9810829825735	0.0	0	0.0	2822.9726134503144	1	0	tensor(3)	2.1523178493896284
116783.95984264008	3000.0	2039.0127708100513	0.0	0	0.0	2822.9726134503144	1	0	tensor(3)	2.1523178493896284
117747.46942485847	3000.0	2075.503188591646	0.0	0	0.0	2822.9726134503	1	0	tensor(3)	2.1523178493896307
118555.95355122924	3000.0	2267.0190622208893	0.0	0	0.0	2822.9726134503	1	0	tensor(3)	2.1523178493896307
119637.86162489514	3000.0	2185.1109885549845	0.0	0	0.0	2822.9726134503	1	0	tensor(3)	2.1523178493896307
120799.34544601986	3000.0	2023.6271674302814	0.0	0	0.0	2822.9726134503	1	0	tensor(3)	2.1523178493896307
121529.21404972693	3000.0	2293.7585637232132	0.0	0	0.0	2822.9726134503	1	0	tensor(3)	2.1523178493896307
122287.56921415332	3000.0	2535.4033992968216	0.0	0	0.0	2822.9726134503	1	0	tensor(3)	2.1523178493896307
123200.0	3000.0	2622.9726134501493	0.0	0	23.249838129922864	2822.9726134503	1	0	tensor(3)	2.1523178493896307
124200.0	3000.0	2622.9726134501384	0.0	0	208.54013804264832	2822.9726134502853	1	0	tensor(3)	2.152317849389633
125701.4399163325	3000.0	2121.5326971176464	0.0	0	0.0	2822.9726134502853	1	0	tensor(3)	2.152317849389633
126487.117234077	3000.0	2335.855379373149	0.0	0	0.0	2822.9726134502853	1	0	tensor(3)	2.152317849389633
127200.0	3000.0	2622.9726134501493	0.0	0	142.37126053732936	2822.9726134502853	1	0	tensor(3)	2.152317849389633
128200.0	3000.0	2622.972613450155	0.0	0	81.22627823971561	2822.9726134502853	1	0	tensor(3)	2.152317849389633
129200.0	3000.0	2622.9726134501716	0.0	0	150.2929191574949	2822.9726134503	1	0	tensor(3)	2.1523178493896307
130200.0	3000.0	2622.9726134501684	0.0	0	275.38507121453586	2822.9726134503	1	0	tensor(3)	2.1523178493896307
131200.0	3000.0	2622.9726134501793	0.0	0	261.2511992694781	2822.9726134503	1	0	tensor(3)	2.1523178493896324
133078.09655741285	6000.0	1744.87605603732	0.0	0	0.0	2822.9726134503	1	0	tensor(3)	2.152317849389629
134084.58014368452	3000.0	1738.392469765654	0.0	0	0.0	2822.9726134502853	1	0	tensor(3)	1.4591706688296886
134687.56178656878	3000.0	2135.4108268814125	0.0	0	0.0	2822.9726134502853	1	0	tensor(3)	2.152317849389633
135204.60513766462	3000.0	2618.3674757855733	0.0	0	0.0	2822.9726134502853	1	0	tensor(3)	2.152317849389633
136303.91336220157	3000.0	2519.0592512486114	0.0	0	0.0	2822.9726134502853	1	0	tensor(3)	2.152317849389633
137200.0	3000.0	2622.9726134501534	0.0	0	196.4090250422596	2822.9726134502853	1	0	tensor(3)	2.152317849389633
138204.07504023396	3000.0	2618.8975732161803	0.0	0	0.0	2822.9726134502853	1	0	tensor(3)	2.152317849389633
139200.0	3000.0	2622.972613450146	0.0	0	38.491425131243886	2822.9726134502853	1	0	tensor(3)	2.152317849389633
140200.0	3000.0	2622.972613450133	0.0	0	13.247487784101395	2822.9726134502853	1	0	tensor(3)	2.152317849389633
141200.0	3000.0	2622.9726134501057	0.0	0	241.66684348351555	2822.9726134502853	1	0	tensor(3)	2.152317849389633
142200.0	3000.0	2622.972613450093	0.0	0	121.00492871875758	2822.9726134502853	1	0	tensor(3)	2.152317849389633
143238.93990591515	3000.0	2584.0327075349305	0.0	0	0.0	2822.9726134502853	1	0	tensor(3)	2.152317849389633
144200.0	3000.0	2622.9726134500906	0.0	0	292.99201908989926	2822.9726134502853	1	0	tensor(3)	2.152317849389633
146549.1549420035	6000.0	1273.8176714466342	0.0	0	0.0	2822.9726134502853	1	0	tensor(3)	2.1523178493896324
147797.62182409246	3000.0	1025.3507893576725	0.0	0	0.0	2822.9726134502853	1	0	tensor(3)	1.4591706688296882
148685.1152273958	3000.0	1137.8573860543208	0.0	0	0.0	2822.9726134502853	1	0	tensor(3)	2.152317849389633
149718.9057489112	3000.0	1104.066864538926	0.0	0	0.0	2822.9726134503144	1	0	tensor(3)	2.1523178493896284
150659.32976508053	2000.0	1163.6428483696054	0.0	0	0.0	2822.9726134503144	1	0	tensor(3)	1.3413876331732992
151694.26489521368	3000.0	1128.707718236447	0.0	0	0.0	2822.9726134503435	1	0	tensor(3)	1.7468527412814596
152564.01651132802	3000.0	1258.9561021221143	0.0	0	0.0	2822.9726134503435	1	0	tensor(3)	2.152317849389624
153225.05139981638	3000.0	1597.921213633767	0.0	0	0.0	2822.9726134503435	1	0	tensor(3)	2.152317849389624
154282.50079960198	3000.0	1540.471813848161	0.0	0	0.0	2822.9726134503726	1	0	tensor(3)	2.1523178493896196
155156.56446093376	3000.0	1666.4081525163942	0.0	0	0.0	2822.9726134503726	1	0	tensor(3)	2.1523178493896196
155739.53280156618	3000.0	2083.4398118840127	0.0	0	0.0	2822.9726134503435	1	0	tensor(3)	2.152317849389624
156560.20776254876	3000.0	2262.7648509014207	0.0	0	0.0	2822.9726134503435	1	0	tensor(3)	2.152317849389624
157200.0	3000.0	2622.972613450184	0.0	0	168.3947369105008	2822.9726134503435	1	0	tensor(3)	2.152317849389624
158200.0	3000.0	2622.972613450176	0.0	0	312.0218615375343	2822.9726134503726	1	0	tensor(3)	2.1523178493896196
159286.15237730747	3000.0	2536.8202361426847	0.0	0	0.0	2822.9726134503726	1	0	tensor(3)	2.1523178493896196
160200.0	3000.0	2622.972613450191	0.0	0	258.4957381723216	2822.9726134503726	1	0	tensor(3)	2.1523178493896196
161201.48821270207	3000.0	2621.4844007481374	0.0	0	0.0	2822.9726134504017	1	0	tensor(3)	2.152317849389615
162200.0	3000.0	2622.972613450197	0.0	0	273.8813717721205	2822.9726134503726	1	0	tensor(3)	2.1523178493896196
163200.0	3000.0	2622.972613450184	0.0	0	300.47698145825416	2822.9726134503726	1	0	tensor(3)	2.1523178493896196
164786.8753087279	3000.0	2036.0973047222874	0.0	0	0.0	2822.9726134504017	1	0	tensor(3)	2.152317849389615
165793.9335268722	3000.0	2029.0390865780128	0.0	0	0.0	2822.9726134504017	1	0	tensor(3)	2.152317849389615
166635.61235364745	3000.0	2187.36025980274	0.0	0	0.0	2822.9726134504017	1	0	tensor(3)	2.152317849389615
167558.4113481121	3000.0	2264.561265338088	0.0	0	0.0	2822.9726134503435	1	0	tensor(3)	2.1523178493896213
168497.50839931172	3000.0	2325.464214138503	0.0	0	0.0	2822.9726134503726	1	0	tensor(3)	2.152317849389623
169648.52576779987	3000.0	2174.4468456503664	0.0	0	0.0	2822.9726134503726	1	0	tensor(3)	2.1523178493896196
170729.21771812782	3000.0	2093.754895322433	0.0	0	0.0	2822.9726134503726	1	0	tensor(3)	2.1523178493896196
171706.9013794314	3000.0	2116.0712340188734	0.0	0	0.0	2822.9726134503726	1	0	tensor(3)	2.1523178493896196
172683.69678655354	3000.0	2139.2758268967254	0.0	0	0.0	2822.9726134503435	1	0	tensor(3)	2.152317849389624
173547.66019284955	3000.0	2275.312420600717	0.0	0	0.0	2822.9726134503435	1	0	tensor(3)	2.152317849389624
174566.0526556548	3000.0	2256.9199577954737	0.0	0	0.0	2822.9726134503435	1	0	tensor(3)	2.152317849389624
175916.90645058997	6000.0	1906.0661628603182	0.0	0	0.0	2822.9726134503435	1	0	tensor(3)	2.1523178493896236
176701.87764020363	3000.0	2121.094973246633	0.0	0	0.0	2822.9726134503144	1	0	tensor(3)	1.4591706688296828
177518.14982708532	3000.0	2304.8227863649586	0.0	0	0.0	2822.9726134503144	1	0	tensor(3)	2.1523178493896284
178232.88824274737	3000.0	2590.0843707029144	0.0	0	0.0	2822.9726134503144	1	0	tensor(3)	2.1523178493896284
179200.0	3000.0	2622.972613450269	0.0	0	105.85734557188698	2822.9726134503144	1	0	tensor(3)	2.1523178493896284
180200.0	3000.0	2622.9726134502293	0.0	0	86.4043107451871	2822.9726134502853	1	0	tensor(3)	2.152317849389633
181200.0	3000.0	2622.972613450234	0.0	0	179.56455290672602	2822.972613450256	1	0	tensor(3)	2.1523178493896373
182200.0	3000.0	2622.972613450217	0.0	0	389.41324724495644	2822.9726134502853	1	0	tensor(3)	2.152317849389633
183327.71435538778	3000.0	2495.258258062429	0.0	0	0.0	2822.972613450256	1	0	tensor(3)	2.1523178493896373
184360.57179426527	3000.0	2462.4008191849907	0.0	0	0.0	2822.9726134502853	1	0	tensor(3)	2.152317849389633
185200.0	3000.0	2622.9726134502275	0.0	0	61.56435207166942	2822.9726134502853	1	0	tensor(3)	2.152317849389633
186200.0	3000.0	2622.97261345021	0.0	0	304.8144168382569	2822.9726134503144	1	0	tensor(3)	2.1523178493896284
187200.0	3000.0	2622.9726134502334	0.0	0	80.61469544854481	2822.9726134503144	1	0	tensor(3)	2.1523178493896284
188200.0	3000.0	2622.9726134502284	0.0	0	281.74960887929774	2822.9726134503435	1	0	tensor(3)	2.152317849389624
189200.0	3000.0	2622.9726134502253	0.0	0	37.61546774159069	2822.9726134503435	1	0	tensor(3)	2.152317849389624
190243.0921896335	3000.0	2579.880423816716	0.0	0	0.0	2822.9726134503144	1	0	tensor(3)	2.1523178493896284
191220.6566904543	3000.0	2602.3159229958833	0.0	0	0.0	2822.9726134503144	1	0	tensor(3)	2.1523178493896284
192332.03549071756	3000.0	2490.9371227326374	0.0	0	0.0	2822.9726134503144	1	0	tensor(3)	2.1523178493896284
193512.058353932	3000.0	2310.914259518217	0.0	0	0.0	2822.9726134503144	1	0	tensor(3)	2.1523178493896284
194575.954795242	3000.0	2247.017818208209	0.0	0	0.0	2822.9726134502853	1	0	tensor(3)	2.152317849389633
195281.63040237594	3000.0	2541.3422110742804	0.0	0	0.0	2822.9726134502853	1	0	tensor(3)	2.152317849389633
196200.0	3000.0	2622.9726134502375	0.0	0	82.43130825931439	2822.972613450256	1	0	tensor(3)	2.1523178493896373
197200.0	3000.0	2622.972613450265	0.0	0	251.79183166314033	2822.9726134502853	1	0	tensor(3)	2.152317849389633
198200.0	3000.0	2622.97261345029	0.0	0	152.4445968431246	2822.9726134503144	1	0	tensor(3)	2.1523178493896284
199532.99298917758	3000.0	2289.9796242726748	0.0	0	0.0	2822.9726134503144	1	0	tensor(3)	2.1523178493896284
200550.24513818993	3000.0	2272.7274752603466	0.0	0	0.0	2822.9726134503435	1	0	tensor(3)	2.1523178493896267
201200.0	3000.0	2622.972613450288	0.0	0	117.46040017879568	2822.9726134503435	1	0	tensor(3)	2.152317849389624
202200.0	3000.0	2622.9726134503003	0.0	0	203.44180328008952	2822.9726134503435	1	0	tensor(3)	2.152317849389624
203287.8951404921	3000.0	2535.0774729582035	0.0	0	0.0	2822.9726134503435	1	0	tensor(3)	2.152317849389624
204776.23775480027	3000.0	2046.7348586499952	0.0	0	0.0	2822.9726134503435	1	0	tensor(3)	2.152317849389624
205859.90209103102	3000.0	1963.0705224192707	0.0	0	0.0	2822.9726134503435	1	0	tensor(3)	2.152317849389624
206609.99953253253	3000.0	2212.973080917749	0.0	0	0.0	2822.9726134503435	1	0	tensor(3)	2.152317849389624
207449.37187090324	3000.0	2373.6007425470343	0.0	0	0.0	2822.9726134503435	1	0	tensor(3)	2.152317849389624
208200.0	3000.0	2622.9726134502566	0.0	0	171.8919133444433	2822.9726134503144	1	0	tensor(3)	2.1523178493896284
209200.0	3000.0	2622.972613450225	0.0	0	211.4676334344258	2822.9726134503144	1	0	tensor(3)	2.1523178493896284
210226.1598161232	3000.0	2596.812797327005	0.0	0	0.0	2822.9726134503144	1	0	tensor(3)	2.1523178493896284
211200.0	3000.0	2622.9726134502084	0.0	0	361.1802441717882	2822.9726134503144	1	0	tensor(3)	2.1523178493896284
213210.55400359014	6000.0	1612.418609860079	0.0	0	0.0	2822.9726134503435	1	0	tensor(3)	2.1523178493896236
214489.2202717059	3000.0	1333.7523417443467	0.0	0	0.0	2822.9726134503435	1	0	tensor(3)	1.4591706688296793
215278.09354111992	3000.0	1544.8790723303628	0.0	0	0.0	2822.9726134503435	1	0	tensor(3)	2.152317849389624
216280.50669781325	3000.0	1542.4659156370335	0.0	0	0.0	2822.9726134503435	1	0	tensor(3)	2.152317849389624
217081.217359945	3000.0	1741.7552535052644	0.0	0	0.0	2822.9726134503144	1	0	tensor(3)	2.1523178493896284
217622.12835963833	3000.0	2200.8442538119534	0.0	0	0.0	2822.9726134503144	1	0	tensor(3)	2.1523178493896284
218437.48248112906	3000.0	2385.4901323212202	0.0	0	0.0	2822.9726134503144	1	0	tensor(3)	2.1523178493896284
219416.97294946943	3000.0	2405.9996639808123	0.0	0	0.0	2822.9726134502853	1	0	tensor(3)	2.152317849389633
220204.82556442064	3000.0	2618.1470490295796	0.0	0	0.0	2822.9726134502853	1	0	tensor(3)	2.152317849389633
221409.37102194593	3000.0	2413.6015915042876	0.0	0	0.0	2822.9726134502853	1	0	tensor(3)	2.152317849389633
222369.08701062558	3000.0	2453.8856028246405	0.0	0	0.0	2822.9726134503144	1	0	tensor(3)	2.1523178493896284
223200.0	3000.0	2622.972613450205	0.0	0	148.21334460415528	2822.9726134503144	1	0	tensor(3)	2.1523178493896284
224200.0	3000.0	2622.9726134502257	0.0	0	216.76584484486375	2822.9726134503144	1	0	tensor(3)	2.1523178493896284
225200.0	3000.0	2622.972613450244	0.0	0	99.72818811560865	2822.9726134503144	1	0	tensor(3)	2.1523178493896284
226200.0	3000.0	2622.972613450256	0.0	0	333.22498877489124	2822.9726134503144	1	0	tensor(3)	2.1523178493896284
227200.0	3000.0	2622.97261345026	0.0	0	241.31297078196076	2822.9726134503435	1	0	tensor(3)	2.152317849389624
228200.0	3000.0	2622.9726134502403	0.0	0	341.2220029879245	2822.9726134503435	1	0	tensor(3)	2.152317849389624
229281.33513422037	6000.0	2541.637479229889	0.0	0	0.0	2822.9726134503435	1	0	tensor(3)	2.1523178493896236
230200.0	3000.0	2622.9726134502725	0.0	0	22.20842866212479	2822.9726134503726	1	0	tensor(3)	1.4591706688296746
232497.89862103618	6000.0	1325.0739924140987	0.0	0	0.0	2822.9726134504017	1	0	tensor(3)	2.1523178493896182
233619.01301419755	3000.0	1203.95959925274	0.0	0	0.0	2822.972613450431	1	0	tensor(3)	1.4591706688296657
234970.607522093	3000.0	852.3650913573206	0.0	0	0.0	2822.97261345046	1	0	tensor(3)	2.1523178493896062
235835.65305588377	3000.0	987.319557566534	0.0	0	0.0	2822.97261345046	1	0	tensor(3)	2.1523178493896062
236621.29215880687	3000.0	1201.680454643433	0.0	0	0.0	2822.97261345046	1	0	tensor(3)	2.1523178493896062
237795.08457266566	3000.0	1027.8880407846477	0.0	0	0.0	2822.97261345046	1	0	tensor(3)	2.1523178493896062
238582.91036384742	2000.0	1240.0622496028468	0.0	0	0.0	2822.97261345046	1	0	tensor(3)	1.3413876331732768
239581.67339323924	3000.0	1241.299220211009	0.0	0	0.0	2822.97261345046	1	0	tensor(3)	1.7468527412814416
240618.70912232384	3000.0	1204.2634911263644	0.0	0	0.0	2822.972613450431	1	0	tensor(3)	2.1523178493896107
241728.84843991612	3000.0	1094.1241735340777	0.0	0	0.0	2822.972613450431	1	0	tensor(3)	2.1523178493896107
242572.19103102843	3000.0	1250.7815824218044	0.0	0	0.0	2822.972613450431	1	0	tensor(3)	2.1523178493896107
243438.37947515116	3000.0	1384.5931382990489	0.0	0	0.0	2822.97261345046	1	0	tensor(3)	2.1523178493896062
243992.3711144415	3000.0	1830.601499008675	0.0	0	0.0	2822.97261345046	1	0	tensor(3)	2.1523178493896062
244570.94926856016	3000.0	2252.0233448900194	0.0	0	0.0	2822.97261345046	1	0	tensor(3)	2.1523178493896062
245344.86746098628	3000.0	2478.1051524639165	0.0	0	0.0	2822.972613450489	1	0	tensor(3)	2.152317849389602
246265.35917279043	3000.0	2557.6134406597707	0.0	0	0.0	2822.972613450489	1	0	tensor(3)	2.152317849389602
247200.0	3000.0	2622.972613450207	0.0	0	62.30822995930794	2822.972613450489	1	0	tensor(3)	2.152317849389602
248200.0	3000.0	2622.9726134501834	0.0	0	290.23443554053665	2822.972613450489	1	0	tensor(3)	2.152317849389602
249200.0	3000.0	2622.9726134502	0.0	0	10.212284152803477	2822.972613450489	1	0	tensor(3)	2.152317849389602
250200.0	3000.0	2622.9726134502066	0.0	0	71.76368286594516	2822.972613450489	1	0	tensor(3)	2.152317849389602
251200.0	3000.0	2622.972613450198	0.0	0	101.92880378296832	2822.972613450518	1	0	tensor(3)	2.1523178493895974
252264.0974343466	3000.0	2558.8751791036216	0.0	0	0.0	2822.972613450547	1	0	tensor(3)	2.152317849389593
253200.0	3000.0	2622.9726134502225	0.0	0	278.5948777277081	2822.972613450547	1	0	tensor(3)	2.152317849389593
254200.0	3000.0	2622.972613450236	0.0	0	67.47075944015523	2822.9726134505763	1	0	tensor(3)	2.1523178493895885
255447.62755293262	3000.0	2375.3450605175735	0.0	0	0.0	2822.9726134505763	1	0	tensor(3)	2.1523178493895885
257111.93611316642	3000.0	1711.0365002838143	0.0	0	0.0	2822.9726134505763	1	0	tensor(3)	2.1523178493895885
257750.00373527638	2000.0	2072.968878173882	0.0	0	0.0	2822.9726134505763	1	0	tensor(3)	1.341387633173259
258457.55564517758	3000.0	2365.4169682726942	0.0	0	0.0	2822.9726134505763	1	0	tensor(3)	1.7468527412814239
259297.9578665483	3000.0	2525.0147469019644	0.0	0	0.0	2822.9726134505763	1	0	tensor(3)	2.1523178493895885
260459.1172915003	3000.0	2363.855321949968	0.0	0	0.0	2822.9726134505763	1	0	tensor(3)	2.1523178493895885
261477.2614923029	3000.0	2345.71112114739	0.0	0	0.0	2822.9726134506054	1	0	tensor(3)	2.1523178493895876
262403.0403543458	3000.0	2419.9322591044693	0.0	0	0.0	2822.9726134505763	1	0	tensor(3)	2.1523178493895894
263200.0	3000.0	2622.972613450267	0.0	0	85.62189879175276	2822.9726134505763	1	0	tensor(3)	2.152317849389586
264200.0	3000.0	2622.9726134502994	0.0	0	156.47598833788652	2822.9726134506054	1	0	tensor(3)	2.1523178493895894
265200.0	3000.0	2622.9726134502794	0.0	0	382.59291974594817	2822.9726134506054	1	0	tensor(3)	2.152317849389585
266200.0	3000.0	2622.972613450246	0.0	0	154.00724707904737	2822.9726134506054	1	0	tensor(3)	2.152317849389584
267200.0	3000.0	2622.972613450187	0.0	0	46.04679404833587	2822.9726134506054	1	0	tensor(3)	2.152317849389584
268397.91545077774	3000.0	2425.057162672475	0.0	0	0.0	2822.9726134506636	1	0	tensor(3)	2.152317849389575
269200.0	3000.0	2622.9726134502666	0.0	0	64.10684151004534	2822.9726134506636	1	0	tensor(3)	2.152317849389575
270200.0	3000.0	2622.9726134502785	0.0	0	181.9077635073918	2822.9726134506636	1	0	tensor(3)	2.152317849389575
271200.0	3000.0	2622.972613450248	0.0	0	308.5252561068628	2822.9726134506636	1	0	tensor(3)	2.152317849389575
272200.0	3000.0	2622.972613450289	0.0	0	214.9348102369695	2822.9726134506636	1	0	tensor(3)	2.152317849389575
273246.4775047059	3000.0	2576.495108744352	0.0	0	0.0	2822.9726134506636	1	0	tensor(3)	2.152317849389575
274681.0208768749	3000.0	2141.951736575341	0.0	0	0.0	2822.9726134506636	1	0	tensor(3)	2.152317849389575
275417.8030475266	3000.0	2405.1695659236384	0.0	0	0.0	2822.9726134506636	1	0	tensor(3)	2.152317849389575
276349.38497235265	3000.0	2473.5876410975784	0.0	0	0.0	2822.9726134506636	1	0	tensor(3)	2.152317849389575
277224.80468935665	3000.0	2598.1679240936005	0.0	0	0.0	2822.9726134506636	1	0	tensor(3)	2.152317849389575
278200.0	3000.0	2622.972613450273	0.0	0	270.5882140700123	2822.9726134506636	1	0	tensor(3)	2.152317849389575
279200.0	3000.0	2622.972613450227	0.0	0	164.36124286515405	2822.9726134506054	1	0	tensor(3)	2.152317849389584
280200.0	3000.0	2622.972613450221	0.0	0	202.7992715954897	2822.972613450547	1	0	tensor(3)	2.152317849389593
281634.8018716962	6000.0	2188.170741753983	0.0	0	0.0	2822.972613450547	1	0	tensor(3)	2.1523178493895925
282416.4686558266	3000.0	2406.5039576235736	0.0	0	0.0	2822.972613450547	1	0	tensor(3)	1.459170668829648
283200.0	3000.0	2622.972613450128	0.0	0	14.193506951618474	2822.972613450547	1	0	tensor(3)	2.152317849389593
284200.0	3000.0	2622.9726134501366	0.0	0	149.8366954770172	2822.972613450547	1	0	tensor(3)	2.152317849389593
285242.7381417231	3000.0	2580.2344717270066	0.0	0	0.0	2822.9726134506054	1	0	tensor(3)	2.152317849389584
286200.0	3000.0	2622.9726134501093	0.0	0	297.16189394996036	2822.9726134506054	1	0	tensor(3)	2.152317849389584
288623.41052239307	6000.0	1199.562091056978	0.0	0	0.0	2822.972613450547	1	0	tensor(3)	2.1523178493895925
289579.9538987988	3000.0	1243.0187146512212	0.0	0	0.0	2822.9726134506054	1	0	tensor(3)	1.459170668829639
290308.6446699822	3000.0	1514.3279434678125	0.0	0	0.0	2822.9726134506054	1	0	tensor(3)	2.152317849389584
291034.1274880197	3000.0	1788.8451254302947	0.0	0	0.0	2822.9726134506054	1	0	tensor(3)	2.152317849389584
292380.77725435136	3000.0	1442.1953590985768	0.0	0	0.0	2822.9726134506054	1	0	tensor(3)	2.152317849389584
293208.2779304723	3000.0	1614.6946829776575	0.0	0	0.0	2822.972613450547	1	0	tensor(3)	2.152317849389593
294188.20797922014	3000.0	1634.764634229843	0.0	0	0.0	2822.972613450547	1	0	tensor(3)	2.152317849389593
295568.7000162573	3000.0	1254.27259719267	0.0	0	0.0	2822.972613450547	1	0	tensor(3)	2.152317849389593
296470.7549982311	3000.0	1352.2176152188642	0.0	0	0.0	2822.9726134506054	1	0	tensor(3)	2.152317849389591
297758.55404165754	3000.0	1064.4185717923986	0.0	0	0.0	2822.9726134506054	1	0	tensor(3)	2.152317849389584
298451.2115820755	3000.0	1371.7610313744133	0.0	0	0.0	2822.9726134506054	1	0	tensor(3)	2.152317849389584
299828.26964909676	3000.0	994.702964353161	0.0	0	0.0	2822.9726134506054	1	0	tensor(3)	2.152317849389584
300504.3803180547	3000.0	1318.5922953951635	0.0	0	0.0	2822.9726134506054	1	0	tensor(3)	2.152317849389584
301249.26769835956	3000.0	1573.7049150903492	0.0	0	0.0	2822.9726134506054	1	0	tensor(3)	2.152317849389584
302061.17426437244	3000.0	1761.798349077484	0.0	0	0.0	2822.9726134506054	1	0	tensor(3)	2.152317849389584
302925.25116102694	3000.0	1897.72145242299	0.0	0	0.0	2822.9726134506054	1	0	tensor(3)	2.152317849389584
3.75	3.75	4.25	5.54	3.32	2.92	4.24	3.06	3.96	3.83	1.82	3.81	3.12	3.54	3.74	3.28	2.54	2.17	2.73	4.48	3.52	4.85	3.48	3.73	3.72	3.73	3.76	4.1	3.76	3.43	3.75	4.67	3.44	3.02	3.38	3.1	3.39	4.37	3.46	3.09	3.87	3.61	2.99	3.41	3.22	2.44	3.6	4.41	3.29	3.31	2.39	3.19	4.05	3.45	3.9	3.73	3.86	5.8	3.6	3.3	1.81	3.61	4.1	4.63	4.01	4.08	3.7	2.9	3.93	3.41	4.54	3.82	4.55	3.79	5.54	4.29	4.47	3.09	3.64	3.63	2.2	2.83	3.13	3.83	2.5	3.19	3.01	3.38	3.67	4.52	4.71	4.3	3.65	3.87	3.3	3.39	3.75	4.17	1.96	3.89	2.7	2.97	2.68	1.76	3.29	3.66	3.35	3.17	3.72	3.96	3.43	4.27	3.49	3.59	2.48	3.14	3.96	4.05	3.52	3.26	2.17	3.57	4.01	3.98	4.85	2.99	4.63	3.73	3.97	3.74	5.17	3.06	3.81	2.15	3.44	4.1	3.21	3.49	2.69	4.73	3.41	2.9	3.46	2.87	3.43	2.15	3.51	3.3	3.86	2.42	3.75	3.75	4.25	5.54	3.32	2.92	4.24	3.06	3.96	3.83	1.82	3.81	3.12	3.54	3.74	3.28	2.54	2.17	2.73	4.48	3.52	4.85	3.48	3.73	3.72	3.73	3.76	4.1	3.76	3.43	3.75	4.67	3.44	3.02	3.38	3.1	3.39	4.37	3.46	3.09	3.87	3.61	2.99	3.41	3.22	2.44	3.6	4.41	3.29	3.31	2.39	3.19	4.05	3.45	3.9	3.73	3.86	5.8	3.6	3.3	1.81	3.61	4.1	4.63	4.01	4.08	3.7	2.9	3.93	3.41	4.54	3.82	4.55	3.79	5.54	4.29	4.47	3.09	3.64	3.63	2.2	2.83	3.13	3.83	2.5	3.19	3.01	3.38	3.67	4.52	4.71	4.3	3.65	3.87	3.3	3.39	3.75	4.17	1.96	3.89	2.7	2.97	2.68	1.76	3.29	3.66	3.35	3.17	3.72	3.96	3.43	4.27	3.49	3.59	2.48	3.14	3.96	4.05	3.52	3.26	2.17	3.57	4.01	3.98	4.85	2.99	4.63	3.73	3.97	3.74	5.17	3.06	3.81	2.15	3.44	4.1	3.21	3.49	2.69	4.73	3.41	2.9	3.46	2.87	3.43	2.15	3.51	3.3	3.86	2.42	3.75	3.75	4.25
1.0	2.0	3.0	4.0	5.0	6.0	7.0	8.0	9.0	10.0	11.0	12.0	13.0	14.0	15.0	16.0	17.0	18.0	19.0	20.0	21.0	22.0	23.0	24.0	25.0	26.0	27.0	28.0	29.0	30.0	31.0	32.0	33.0	34.0	35.0	36.0	37.0	38.0	39.0	40.0	41.0	42.0	43.0	44.0	45.0	46.0	47.0	48.0	49.0	50.0	51.0	52.0	53.0	54.0	55.0	56.0	57.0	58.0	59.0	60.0	61.0	62.0	63.0	64.0	65.0	66.0	67.0	68.0	69.0	70.0	71.0	72.0	73.0	74.0	75.0	76.0	77.0	78.0	79.0	80.0	81.0	82.0	83.0	84.0	85.0	86.0	87.0	88.0	89.0	90.0	91.0	92.0	93.0	94.0	95.0	96.0	97.0	98.0	99.0	100.0	101.0	102.0	103.0	104.0	105.0	106.0	107.0	108.0	109.0	110.0	111.0	112.0	113.0	114.0	115.0	116.0	117.0	118.0	119.0	120.0	121.0	122.0	123.0	124.0	125.0	126.0	127.0	128.0	129.0	130.0	131.0	132.0	133.0	134.0	135.0	136.0	137.0	138.0	139.0	140.0	141.0	142.0	143.0	144.0	145.0	146.0	147.0	148.0	149.0	149.0	150.0	151.0	152.0	153.0	154.0	155.0	156.0	157.0	158.0	159.0	160.0	161.0	162.0	163.0	164.0	165.0	166.0	167.0	168.0	169.0	170.0	171.0	172.0	173.0	174.0	175.0	176.0	177.0	178.0	179.0	180.0	181.0	182.0	183.0	184.0	185.0	186.0	187.0	188.0	189.0	190.0	191.0	192.0	193.0	194.0	195.0	196.0	197.0	198.0	199.0	200.0	201.0	202.0	203.0	204.0	205.0	206.0	207.0	208.0	209.0	210.0	211.0	212.0	213.0	214.0	215.0	216.0	217.0	218.0	219.0	220.0	221.0	222.0	223.0	224.0	225.0	226.0	227.0	228.0	229.0	230.0	231.0	232.0	233.0	234.0	235.0	236.0	237.0	238.0	239.0	240.0	241.0	242.0	243.0	244.0	245.0	246.0	247.0	248.0	249.0	250.0	251.0	252.0	253.0	254.0	255.0	256.0	257.0	258.0	259.0	260.0	261.0	262.0	263.0	264.0	265.0	266.0	267.0	268.0	269.0	270.0	271.0	272.0	273.0	274.0	275.0	276.0	277.0	278.0	279.0	280.0	281.0	282.0	283.0	284.0	285.0	286.0	287.0	288.0	289.0	290.0	291.0	292.0	293.0	294.0	295.0	296.0	297.0	298.0	298.0	299.0	300.0	301.0
4389.077729083045
