5929.972441183688	1000.0	2000.0	274.96604242987496	0	0.0	3929.972441183688	1	0	tensor(6)	-8.064196888573473
6943.94081852357	3000.0	1986.0316226601187	0.0	0	0.0	3929.9724411836883	1	0	tensor(3)	0.7656861101893501
7768.632783116766	3000.0	2161.3396580669223	0.0	0	0.0	3929.972441183689	1	0	tensor(3)	1.8642983988574593
8635.469525190148	3000.0	2294.5029159935407	0.0	0	0.0	3929.9724411836896	1	0	tensor(3)	1.864298398857459
9493.72601440891	3000.0	2436.2464267747796	0.0	0	0.0	3929.9724411836905	1	0	tensor(3)	1.864298398857459
10230.59260095974	3000.0	2699.3798402239513	0.0	0	0.0	3929.9724411836933	1	0	tensor(3)	1.864298398857458
11276.137722767426	3000.0	2653.8347184162667	0.0	0	0.0	3929.972441183694	1	0	tensor(3)	1.8642983988574575
12158.341928437869	3000.0	2771.630512745822	0.0	0	0.0	3929.9724411836924	1	0	tensor(3)	1.864298398857458
13054.097566820832	3000.0	2875.874874362859	0.0	0	0.0	3929.972441183694	1	0	tensor(3)	1.8642983988574575
13914.826230728808	3000.0	3015.1462104548814	0.0	0	0.0	3929.972441183694	1	0	tensor(3)	1.8642983988574575
15436.753860807732	6000.0	2493.218580375957	0.0	0	0.0	3929.9724411836924	1	0	tensor(3)	1.864298398857458
16199.508707479743	3000.0	2730.463733703945	0.0	0	0.0	3929.9724411836905	1	0	tensor(3)	1.171151218297514
16864.202746877803	3000.0	3065.769694305882	0.0	0	0.0	3929.972441183687	1	0	tensor(3)	1.86429839885746
18531.377154392507	6000.0	2398.595286791178	0.0	0	0.0	3929.972441183687	1	0	tensor(3)	1.8642983988574602
19498.297518296902	3000.0	2431.6749228867816	0.0	0	0.0	3929.9724411836887	1	0	tensor(3)	1.171151218297515
20135.42908009975	3000.0	2794.5433610839336	0.0	0	0.0	3929.9724411836924	1	0	tensor(3)	1.8642983988574582
21184.428379704972	3000.0	2745.5440614787153	0.0	0	0.0	3929.972441183694	1	0	tensor(3)	1.8642983988574575
22611.63870203086	3000.0	2318.333739152828	0.0	0	0.0	3929.9724411836905	1	0	tensor(3)	1.8642983988574588
23874.321437053422	3000.0	2055.6510041302645	0.0	0	0.0	3929.9724411836905	1	0	tensor(3)	1.8642983988574588
24999.179371008257	6000.0	1930.7930701754324	0.0	0	0.0	3929.972441183694	1	0	tensor(3)	1.8642983988574573
25994.312323611866	3000.0	1935.6601175718174	0.0	0	0.0	3929.972441183694	1	0	tensor(3)	1.1711512182975126
27143.592723440168	3000.0	1786.3797177435117	0.0	0	0.0	3929.972441183694	1	0	tensor(3)	1.8642983988574575
28103.792246186116	3000.0	1826.1801949975618	0.0	0	0.0	3929.972441183694	1	0	tensor(3)	1.8642983988574575
28900.93127960088	3000.0	2029.0411615827954	0.0	0	0.0	3929.972441183694	1	0	tensor(3)	1.8642983988574575
29735.373762843494	3000.0	2194.598678340186	0.0	0	0.0	3929.972441183694	1	0	tensor(3)	1.8642983988574575
30771.903226901944	3000.0	2158.0692142817356	0.0	0	0.0	3929.972441183698	1	0	tensor(3)	1.864298398857456
31762.206892112423	3000.0	2167.765549071256	0.0	0	0.0	3929.972441183694	1	0	tensor(3)	1.8642983988574575
32494.946848933723	3000.0	2435.025592249952	0.0	0	0.0	3929.972441183694	1	0	tensor(3)	1.8642983988574575
33553.46684858658	3000.0	2376.505592597092	0.0	0	0.0	3929.9724411836905	1	0	tensor(3)	1.864298398857458
34239.59225638678	3000.0	2690.3801847968807	0.0	0	0.0	3929.972441183676	1	0	tensor(3)	1.8642983988574624
35325.29413790416	3000.0	2604.6783032794992	0.0	0	0.0	3929.9724411836723	1	0	tensor(3)	1.8642983988574662
36103.4970606005	3000.0	2826.4753805831565	0.0	0	0.0	3929.9724411836723	1	0	tensor(3)	1.864298398857466
37201.344208052855	3000.0	2728.628233130797	0.0	0	0.0	3929.9724411836723	1	0	tensor(3)	1.864298398857466
38068.03289537093	3000.0	2861.939545812714	0.0	0	0.0	3929.9724411836723	1	0	tensor(3)	1.864298398857466
39389.31991863108	3000.0	2540.6525225525615	0.0	0	0.0	3929.972441183665	1	0	tensor(3)	1.864298398857469
40313.305355613375	3000.0	2616.667085570267	0.0	0	0.0	3929.972441183665	1	0	tensor(3)	1.864298398857469
41240.81924206706	3000.0	2689.1531991165816	0.0	0	0.0	3929.972441183665	1	0	tensor(3)	1.864298398857469
42155.25086761801	3000.0	2774.7215735656464	0.0	0	0.0	3929.972441183665	1	0	tensor(3)	1.864298398857469
42993.44435193406	3000.0	2936.5280892495944	0.0	0	0.0	3929.972441183665	1	0	tensor(3)	1.864298398857469
43823.19693609387	3000.0	3106.77550508979	0.0	0	0.0	3929.972441183665	1	0	tensor(3)	1.864298398857469
44784.351897686545	3000.0	3145.620543497112	0.0	0	0.0	3929.972441183665	1	0	tensor(3)	1.864298398857469
45685.65344303885	3000.0	3244.318998144814	0.0	0	0.0	3929.972441183665	1	0	tensor(3)	1.864298398857469
46607.23799756944	3000.0	3322.7344436142116	0.0	0	0.0	3929.972441183665	1	0	tensor(3)	1.864298398857469
47271.478105465205	3000.0	3658.494335718457	0.0	0	0.0	3929.972441183665	1	0	tensor(3)	1.864298398857469
48200.0	3000.0	3729.9724411836664	0.0	0	70.78219439886743	3929.972441183665	1	0	tensor(3)	1.864298398857469
49200.0	3000.0	3729.9724411836596	0.0	0	239.67882108862977	3929.972441183665	1	0	tensor(3)	1.864298398857469
50426.87387763233	3000.0	3503.098563551325	0.0	0	0.0	3929.972441183658	1	0	tensor(3)	1.8642983988574717
51502.65720283931	3000.0	3427.3152383443417	0.0	0	0.0	3929.972441183658	1	0	tensor(3)	1.8642983988574717
52200.0	3000.0	3729.9724411836537	0.0	0	106.43266489864618	3929.972441183658	1	0	tensor(3)	1.8642983988574717
53285.27168053039	3000.0	3644.700760653257	0.0	0	0.0	3929.972441183665	1	0	tensor(3)	1.864298398857469
54200.79023548086	3000.0	3729.182205702789	0.0	0	0.0	3929.9724411836723	1	0	tensor(3)	1.864298398857466
56483.52276071238	6000.0	2446.4496804712694	0.0	0	0.0	3929.9724411836723	1	0	tensor(3)	1.8642983988574655
57519.170449418874	3000.0	2410.8019917647766	0.0	0	0.0	3929.9724411836723	1	0	tensor(3)	1.171151218297521
58355.03653745591	3000.0	2574.9359037277372	0.0	0	0.0	3929.972441183665	1	0	tensor(3)	1.864298398857469
59042.93524999206	3000.0	2887.0371911915886	0.0	0	0.0	3929.9724411836723	1	0	tensor(3)	1.864298398857466
59615.178456022055	3000.0	3314.7939851615934	0.0	0	0.0	3929.9724411836723	1	0	tensor(3)	1.864298398857466
60606.02814616401	3000.0	3323.9442950196353	0.0	0	0.0	3929.9724411836723	1	0	tensor(3)	1.864298398857466
62649.23213070127	6000.0	2280.740310482386	0.0	0	0.0	3929.9724411836723	1	0	tensor(3)	1.8642983988574655
63596.3854437467	3000.0	2333.5869974369516	0.0	0	0.0	3929.972441183665	1	0	tensor(3)	1.171151218297524
64419.55785272082	6000.0	2510.414588462824	0.0	0	0.0	3929.972441183665	1	0	tensor(3)	1.864298398857469
65990.50506400774	6000.0	1939.4673771759055	0.0	0	0.0	3929.972441183665	1	0	tensor(3)	2.557445579417414
66779.82868256887	3000.0	2150.143758614766	0.0	0	0.0	3929.972441183658	1	0	tensor(3)	1.1711512182975268
68415.10923339585	6000.0	1514.8632077877785	0.0	0	0.0	3929.9724411836505	1	0	tensor(3)	1.8642983988574735
69532.77975862964	3000.0	1397.1926825540017	0.0	0	0.0	3929.972441183665	1	0	tensor(3)	1.1711512182975259
70719.30672521741	3000.0	1210.6657159662168	0.0	0	0.0	1929.972441183665	1	0	tensor(6)	-3.7546851869075306
71397.49004686247	3000.0	1532.4823943211516	0.0	0	0.0	1929.9724411836796	1	0	tensor(3)	2.24531481309247
72200.0	3000.0	1729.9724411836246	0.0	0	230.01659961632686	1929.9724411836796	1	0	tensor(3)	2.24531481309247
73200.0	3000.0	1729.9724411836235	0.0	0	383.73555501796363	1929.972441183665	1	0	tensor(3)	2.2453148130924703
74200.0	3000.0	1729.9724411836214	0.0	0	265.7934146747284	1929.972441183665	1	0	tensor(3)	2.2453148130924703
75356.69026279208	3000.0	1573.2821783915338	0.0	0	0.0	1929.972441183665	1	0	tensor(3)	2.2453148130924703
76581.73983279728	3000.0	1348.2326083863522	0.0	0	0.0	1929.9724411836796	1	0	tensor(3)	2.24531481309247
77534.09098479329	3000.0	1395.8814563903345	0.0	0	0.0	1929.9724411836796	1	0	tensor(3)	2.24531481309247
78348.23016567137	3000.0	1581.7422755122554	0.0	0	0.0	1929.9724411836796	1	0	tensor(3)	2.24531481309247
79200.0	3000.0	1729.9724411836216	0.0	0	57.885168574983254	1929.9724411836796	1	0	tensor(3)	2.24531481309247
80226.79171973502	3000.0	1703.1807214486016	0.0	0	0.0	1929.9724411836796	1	0	tensor(3)	2.24531481309247
81200.0	3000.0	1729.972441183634	0.0	0	140.80436246976024	1929.9724411836942	1	0	tensor(3)	2.2453148130924685
82200.0	3000.0	1729.9724411836517	0.0	0	259.2258684085973	1929.9724411836942	1	0	tensor(3)	2.2453148130924685
83200.0	3000.0	1729.9724411836464	0.0	0	276.6537651421095	1929.9724411836796	1	0	tensor(3)	2.24531481309247
84369.58124181589	3000.0	1560.3911993677616	0.0	0	0.0	1929.9724411836796	1	0	tensor(3)	2.24531481309247
85259.90237758707	3000.0	1670.0700635965832	0.0	0	0.0	1929.972441183665	1	0	tensor(3)	2.2453148130924703
86200.0	3000.0	1729.9724411836487	0.0	0	124.99686754631693	1929.972441183665	1	0	tensor(3)	2.2453148130924703
87200.0	3000.0	1729.9724411836553	0.0	0	247.4190234877169	1929.9724411836796	1	0	tensor(3)	2.24531481309247
88200.0	3000.0	1729.972441183665	0.0	0	40.079705026728334	1929.9724411836796	1	0	tensor(3)	2.24531481309247
89200.0	3000.0	1729.972441183661	0.0	0	352.5518082792987	1929.9724411836796	1	0	tensor(3)	2.24531481309247
90200.0	3000.0	1729.9724411836617	0.0	0	71.81530662711884	1929.9724411836796	1	0	tensor(3)	2.24531481309247
91200.0	3000.0	1729.9724411836648	0.0	0	357.0192760821228	1929.9724411836796	1	0	tensor(3)	2.24531481309247
92200.0	3000.0	1729.972441183684	0.0	0	181.05176558197127	1929.9724411836942	1	0	tensor(3)	2.2453148130924685
93200.0	3000.0	1729.9724411836837	0.0	0	68.66237193785491	1929.9724411836942	1	0	tensor(3)	2.2453148130924685
94200.0	3000.0	1729.972441183666	0.0	0	351.0927177318954	1929.9724411836796	1	0	tensor(3)	2.24531481309247
95200.0	3000.0	1729.972441183676	0.0	0	285.4867851476738	1929.9724411836796	1	0	tensor(3)	2.24531481309247
96200.0	3000.0	1729.9724411836776	0.0	0	364.62354714803223	1929.9724411836796	1	0	tensor(3)	2.24531481309247
97200.0	3000.0	1729.9724411836619	0.0	0	20.466473423934076	1929.9724411836796	1	0	tensor(3)	2.24531481309247
98200.0	3000.0	1729.9724411836742	0.0	0	430.69990078800765	1929.9724411836796	1	0	tensor(3)	2.24531481309247
99200.0	3000.0	1729.9724411836796	0.0	0	408.73848579805053	1929.9724411836796	1	0	tensor(3)	2.24531481309247
100200.0	3000.0	1729.9724411836755	0.0	0	325.1113184130809	1929.9724411836796	1	0	tensor(3)	2.24531481309247
101200.0	3000.0	1729.9724411836917	0.0	0	369.87005118733214	1929.9724411836796	1	0	tensor(3)	2.24531481309247
102200.0	3000.0	1729.9724411836798	0.0	0	61.29142819388653	1929.9724411836796	1	0	tensor(3)	2.24531481309247
103200.0	3000.0	1729.9724411836928	0.0	0	363.8111086628487	1929.972441183665	1	0	tensor(3)	2.2453148130924703
104200.0	3000.0	1729.972441183686	0.0	0	284.71895103371935	1929.972441183665	1	0	tensor(3)	2.2453148130924703
105200.0	3000.0	1729.9724411836883	0.0	0	164.8418556113029	1929.9724411836796	1	0	tensor(3)	2.24531481309247
106269.58182357608	3000.0	1660.3906176075907	0.0	0	0.0	1929.9724411836796	1	0	tensor(3)	2.24531481309247
107266.28512001423	3000.0	1663.6873211694501	0.0	0	0.0	1929.9724411836796	1	0	tensor(3)	2.24531481309247
108200.0	3000.0	1729.9724411836892	0.0	0	26.371876418983447	1929.9724411836796	1	0	tensor(3)	2.24531481309247
109200.0	3000.0	1729.9724411836658	0.0	0	178.1811715533695	1929.9724411836796	1	0	tensor(3)	2.24531481309247
110200.0	3000.0	1729.972441183662	0.0	0	159.12622360428213	1929.9724411836796	1	0	tensor(3)	2.24531481309247
111200.0	3000.0	1729.9724411836678	0.0	0	335.10314071424364	1929.9724411836796	1	0	tensor(3)	2.24531481309247
112267.11616736006	3000.0	1662.856273823607	0.0	0	0.0	1929.9724411836796	1	0	tensor(3)	2.24531481309247
113200.0	3000.0	1729.972441183659	0.0	0	238.65218254154024	1929.9724411836796	1	0	tensor(3)	2.24531481309247
114200.0	3000.0	1729.9724411836687	0.0	0	38.62727642482787	1929.9724411836942	1	0	tensor(3)	2.2453148130924685
115200.0	3000.0	1729.9724411836903	0.0	0	95.59942907135701	1929.9724411837087	1	0	tensor(3)	2.2453148130924676
116268.80866877515	3000.0	1661.1637724085415	0.0	0	0.0	1929.9724411837087	1	0	tensor(3)	2.2453148130924676
117346.36182703776	3000.0	1583.6106141459295	0.0	0	0.0	1929.9724411837087	1	0	tensor(3)	2.2453148130924676
118200.0	3000.0	1729.9724411836821	0.0	0	67.909917752826	1929.9724411837087	1	0	tensor(3)	2.2453148130924676
119200.0	3000.0	1729.972441183691	0.0	0	352.1904277512367	1929.9724411837087	1	0	tensor(3)	2.2453148130924676
120200.0	3000.0	1729.972441183702	0.0	0	308.67516412331315	1929.9724411837087	1	0	tensor(3)	2.2453148130924676
121200.0	3000.0	1729.972441183683	0.0	0	324.086315918481	1929.9724411837087	1	0	tensor(3)	2.2453148130924676
122200.0	3000.0	1729.9724411836817	0.0	0	325.9684126583743	1929.9724411837087	1	0	tensor(3)	2.2453148130924676
123200.0	3000.0	1729.972441183676	0.0	0	434.04380451167526	1929.9724411837087	1	0	tensor(3)	2.2453148130924676
124200.0	3000.0	1729.972441183682	0.0	0	178.5104768815072	1929.9724411837087	1	0	tensor(3)	2.2453148130924676
125200.0	3000.0	1729.97244118369	0.0	0	253.33888461343304	1929.9724411837087	1	0	tensor(3)	2.2453148130924676
126300.61623269375	3000.0	1629.3562084899247	0.0	0	0.0	1929.9724411837087	1	0	tensor(3)	2.2453148130924676
127209.76208685097	3000.0	1720.2103543327105	0.0	0	0.0	1929.9724411837087	1	0	tensor(3)	2.2453148130924676
128200.0	3000.0	1729.972441183672	0.0	0	260.0022306408064	1929.9724411837087	1	0	tensor(3)	2.2453148130924676
129200.0	3000.0	1729.9724411836683	0.0	0	175.54667716690165	1929.9724411837087	1	0	tensor(3)	2.2453148130924676
130200.0	3000.0	1729.9724411836585	0.0	0	76.96076000634639	1929.9724411837233	1	0	tensor(3)	2.2453148130924667
131200.0	3000.0	1729.9724411836455	0.0	0	349.5197789437516	1929.9724411837087	1	0	tensor(3)	2.2453148130924667
132200.0	3000.0	1729.972441183638	0.0	0	194.01278817033744	1929.9724411836796	1	0	tensor(3)	2.2453148130924685
133200.0	3000.0	1729.9724411836385	0.0	0	355.6270904414996	1929.9724411836942	1	0	tensor(3)	2.2453148130924685
134200.0	3000.0	1729.9724411836523	0.0	0	521.6206723879441	1929.9724411837233	1	0	tensor(3)	2.2453148130924667
135414.98714077816	6000.0	1514.985300405484	0.0	0	0.0	1929.9724411837524	1	0	tensor(3)	2.245314813092465
136200.0	3000.0	1729.9724411836744	0.0	0	246.098755492887	1929.9724411837524	1	0	tensor(3)	1.55216763253252
137200.0	3000.0	1729.972441183714	0.0	0	146.83263874452678	1929.9724411837524	1	0	tensor(3)	2.245314813092465
138200.0	3000.0	1729.9724411837146	0.0	0	413.97937659040326	1929.9724411837524	1	0	tensor(3)	2.245314813092465
139346.96632645567	3000.0	1583.0061147280664	0.0	0	0.0	1929.9724411837524	1	0	tensor(3)	2.245314813092465
140200.0	3000.0	1729.972441183716	0.0	0	106.76995060860645	1929.9724411837524	1	0	tensor(3)	2.245314813092465
141205.98667286156	3000.0	1723.985768322157	0.0	0	0.0	1929.9724411837233	1	0	tensor(3)	2.2453148130924667
142207.45402865377	3000.0	1722.5184125299568	0.0	0	0.0	1929.9724411837233	1	0	tensor(3)	2.2453148130924667
143200.0	3000.0	1729.9724411837435	0.0	0	50.31463595229434	1929.9724411837233	1	0	tensor(3)	2.2453148130924667
144269.08213666963	3000.0	1660.890304514082	0.0	0	0.0	1929.9724411837233	1	0	tensor(3)	2.2453148130924667
145200.0	3000.0	1729.9724411837037	0.0	0	271.2471239590086	1929.9724411837233	1	0	tensor(3)	2.2453148130924667
146200.0	3000.0	1729.97244118373	0.0	0	11.762005448923446	1929.9724411837233	1	0	tensor(3)	2.2453148130924667
147200.0	3000.0	1729.9724411837396	0.0	0	247.29832081421046	1929.9724411837233	1	0	tensor(3)	2.2453148130924667
148233.96882262046	3000.0	1696.0036185632962	0.0	0	0.0	1929.9724411837233	1	0	tensor(3)	2.2453148130924667
149307.14137719688	3000.0	1622.8310639868705	0.0	0	0.0	1929.9724411837233	1	0	tensor(3)	2.2453148130924667
150200.0	3000.0	1729.9724411837215	0.0	0	46.18477494228864	1929.9724411837233	1	0	tensor(3)	2.2453148130924667
151200.0	3000.0	1729.9724411837128	0.0	0	13.915125843865098	1929.9724411837233	1	0	tensor(3)	2.2453148130924667
152200.0	3000.0	1729.9724411837444	0.0	0	238.57973112125183	1929.9724411837233	1	0	tensor(3)	2.2453148130924667
153200.0	3000.0	1729.9724411837194	0.0	0	130.5108922595391	1929.9724411836942	1	0	tensor(3)	2.2453148130924685
154200.0	3000.0	1729.9724411837067	0.0	0	209.3150719315163	1929.9724411836942	1	0	tensor(3)	2.2453148130924685
155200.0	3000.0	1729.972441183718	0.0	0	124.50775746782892	1929.9724411836942	1	0	tensor(3)	2.2453148130924685
156384.39597748467	3000.0	1545.5764636990389	0.0	0	0.0	1929.972441183665	1	0	tensor(3)	2.2453148130924703
157200.0	3000.0	1729.9724411837444	0.0	0	149.68498475814704	1929.972441183665	1	0	tensor(3)	2.2453148130924703
158200.0	3000.0	1729.9724411837296	0.0	0	307.90647259453544	1929.972441183665	1	0	tensor(3)	2.2453148130924703
159210.14508937733	3000.0	1719.8273518063747	0.0	0	0.0	1929.972441183665	1	0	tensor(3)	2.2453148130924703
160200.0	3000.0	1729.9724411836792	0.0	0	374.26620218355674	1929.972441183665	1	0	tensor(3)	2.2453148130924703
161200.0	3000.0	1729.972441183712	0.0	0	291.22234377524	1929.972441183665	1	0	tensor(3)	2.2453148130924703
162200.0	3000.0	1729.9724411837224	0.0	0	226.0481780358532	1929.972441183636	1	0	tensor(3)	2.245314813092472
163200.0	3000.0	1729.9724411837262	0.0	0	4.572926926397486	1929.972441183636	1	0	tensor(3)	2.2453148130924725
164200.0	3000.0	1729.972441183771	0.0	0	186.94359739252832	1929.972441183636	1	0	tensor(3)	2.2453148130924725
165200.0	3000.0	1729.9724411837792	0.0	0	160.2087900847837	1929.972441183665	1	0	tensor(3)	2.2453148130924703
166200.0	3000.0	1729.9724411837972	0.0	0	241.39229244965827	1929.972441183636	1	0	tensor(3)	2.2453148130924725
167200.0	3000.0	1729.9724411838251	0.0	0	309.58534819062334	1929.9724411836069	1	0	tensor(3)	2.2453148130924743
168200.0	3000.0	1729.972441183824	0.0	0	257.3202117867186	1929.972441183636	1	0	tensor(3)	2.2453148130924725
169200.0	3000.0	1729.9724411838179	0.0	0	350.3542159748613	1929.972441183636	1	0	tensor(3)	2.2453148130924725
170200.0	3000.0	1729.9724411838304	0.0	0	83.29613071377389	1929.9724411836069	1	0	tensor(3)	2.2453148130924743
171246.2437995831	3000.0	1683.728641600732	0.0	0	0.0	1929.9724411836069	1	0	tensor(3)	2.2453148130924743
172536.13525811126	3000.0	1393.8371830725814	0.0	0	0.0	1929.9724411836069	1	0	tensor(3)	2.245314813092476
173385.32982542386	3000.0	1544.6426157599774	0.0	0	0.0	1929.972441183636	1	0	tensor(3)	2.2453148130924725
174200.0	3000.0	1729.9724411838404	0.0	0	146.34633544512326	1929.972441183636	1	0	tensor(3)	2.2453148130924725
175200.0	3000.0	1729.972441183837	0.0	0	52.84527102619177	1929.9724411836069	1	0	tensor(3)	2.2453148130924743
176277.6873404559	3000.0	1652.2851007279285	0.0	0	0.0	1929.9724411835778	1	0	tensor(3)	2.2453148130924765
177200.0	3000.0	1729.9724411838063	0.0	0	144.60452597145922	1929.9724411835778	1	0	tensor(3)	2.2453148130924765
178257.38154067853	3000.0	1672.5909005053015	0.0	0	0.0	1929.9724411836069	1	0	tensor(3)	2.2453148130924743
179200.0	3000.0	1729.9724411838286	0.0	0	210.30924115804373	1929.9724411836069	1	0	tensor(3)	2.2453148130924743
180200.0	3000.0	1729.9724411838095	0.0	0	370.77552584258956	1929.9724411835778	1	0	tensor(3)	2.2453148130924765
181200.0	3000.0	1729.972441183773	0.0	0	233.6121462912124	1929.9724411835778	1	0	tensor(3)	2.2453148130924765
182200.0	3000.0	1729.9724411837954	0.0	0	172.8379130687972	1929.9724411835778	1	0	tensor(3)	2.2453148130924765
183200.0	3000.0	1729.972441183795	0.0	0	178.11779095613747	1929.9724411836069	1	0	tensor(3)	2.2453148130924743
184377.93062853967	3000.0	1552.0418126440939	0.0	0	0.0	1929.9724411836069	1	0	tensor(3)	2.2453148130924743
185307.8004934112	3000.0	1622.1719477725765	0.0	0	0.0	1929.972441183636	1	0	tensor(3)	2.2453148130924725
186200.0	3000.0	1729.9724411837992	0.0	0	26.655369463464012	1929.9724411836069	1	0	tensor(3)	2.2453148130924743
187414.51610861716	3000.0	1515.4563325666254	0.0	0	0.0	1929.9724411836069	1	0	tensor(3)	2.2453148130924743
188633.75540467925	3000.0	1296.21703650452	0.0	0	0.0	1929.9724411836069	1	0	tensor(3)	2.2453148130924743
189340.1560469277	3000.0	1589.8163942560698	0.0	0	0.0	1929.9724411835778	1	0	tensor(3)	2.2453148130924765
190464.62155499752	3000.0	1465.35088618623	0.0	0	0.0	1929.9724411835778	1	0	tensor(3)	2.2453148130924765
191380.7719566465	3000.0	1549.2004845372633	0.0	0	0.0	1929.9724411836069	1	0	tensor(3)	2.2453148130924743
192279.32536147913	3000.0	1650.6470797046354	0.0	0	0.0	1929.9724411835778	1	0	tensor(3)	2.2453148130924765
193200.0	3000.0	1729.972441183783	0.0	0	78.79274559652549	1929.9724411836069	1	0	tensor(3)	2.2453148130924743
194200.0	3000.0	1729.9724411837788	0.0	0	8.881710875284625	1929.9724411836069	1	0	tensor(3)	2.2453148130924743
195200.0	3000.0	1729.972441183774	0.0	0	214.4994444650656	1929.972441183636	1	0	tensor(3)	2.2453148130924725
196338.99957202742	3000.0	1590.9728691563619	0.0	0	0.0	1929.972441183636	1	0	tensor(3)	2.2453148130924725
197200.0	3000.0	1729.9724411837703	0.0	0	59.71568045738968	1929.972441183636	1	0	tensor(3)	2.2453148130924725
198263.98386493413	3000.0	1665.9885762496851	0.0	0	0.0	1929.972441183636	1	0	tensor(3)	2.2453148130924725
199200.0	3000.0	1729.9724411838154	0.0	0	237.84786750999046	1929.972441183665	1	0	tensor(3)	2.2453148130924703
200200.0	3000.0	1729.9724411838129	0.0	0	125.84004910019576	1929.972441183665	1	0	tensor(3)	2.2453148130924703
201200.0	3000.0	1729.9724411837883	0.0	0	24.928786814765772	1929.972441183636	1	0	tensor(3)	2.2453148130924725
202200.0	3000.0	1729.9724411838054	0.0	0	280.98364060671884	1929.972441183636	1	0	tensor(3)	2.2453148130924725
203200.0	3000.0	1729.9724411837958	0.0	0	158.6089638741687	1929.972441183636	1	0	tensor(3)	2.2453148130924725
204396.79008591452	3000.0	1533.1823552693054	0.0	0	0.0	1929.972441183636	1	0	tensor(3)	2.2453148130924725
205200.0	3000.0	1729.9724411838295	0.0	0	18.584002866322407	1929.972441183636	1	0	tensor(3)	2.2453148130924725
206200.0	3000.0	1729.9724411838251	0.0	0	242.0094836592325	1929.972441183636	1	0	tensor(3)	2.2453148130924725
207511.9461724855	3000.0	1418.0262686983301	0.0	0	0.0	1929.972441183665	1	0	tensor(3)	2.2453148130924703
208200.0	3000.0	1729.972441183853	0.0	0	149.40036574090482	1929.972441183665	1	0	tensor(3)	2.2453148130924703
209200.0	3000.0	1729.9724411838777	0.0	0	10.460961716104066	1929.972441183665	1	0	tensor(3)	2.2453148130924703
210200.0	3000.0	1729.9724411838702	0.0	0	419.4644901100837	1929.972441183665	1	0	tensor(3)	2.2453148130924703
211307.25856713374	3000.0	1622.713874050103	0.0	0	0.0	1929.972441183665	1	0	tensor(3)	2.2453148130924703
212285.87694214046	3000.0	1644.0954990433606	0.0	0	0.0	1929.9724411836942	1	0	tensor(3)	2.2453148130924685
213200.0	3000.0	1729.972441183833	0.0	0	232.27954342597513	1929.9724411837233	1	0	tensor(3)	2.2453148130924667
214601.02887725376	6000.0	1328.9435639300877	0.0	0	0.0	1929.9724411837524	1	0	tensor(3)	2.245314813092465
215481.84527250772	3000.0	1448.1271686761133	0.0	0	0.0	1929.9724411837524	1	0	tensor(3)	1.55216763253252
216421.20048364214	3000.0	1508.771957541705	0.0	0	0.0	1929.9724411837815	1	0	tensor(3)	2.245314813092463
217200.0	3000.0	1729.9724411838313	0.0	0	85.66385501512559	1929.9724411837815	1	0	tensor(3)	2.245314813092463
218200.0	3000.0	1729.9724411838083	0.0	0	239.66811041219626	1929.9724411837815	1	0	tensor(3)	2.245314813092463
219274.91063028708	3000.0	1655.0618108967074	0.0	0	0.0	1929.9724411837815	1	0	tensor(3)	2.245314813092463
220200.0	3000.0	1729.9724411837403	0.0	0	218.06528095868998	1929.9724411837815	1	0	tensor(3)	2.245314813092463
221200.0	3000.0	1729.9724411837237	0.0	0	222.29247179807862	1929.9724411837815	1	0	tensor(3)	2.245314813092463
222200.0	3000.0	1729.9724411837378	0.0	0	324.5958544726018	1929.9724411838106	1	0	tensor(3)	2.245314813092461
223200.0	3000.0	1729.9724411837585	0.0	0	228.45388666164945	1929.9724411838106	1	0	tensor(3)	2.245314813092461
224314.312757411	3000.0	1615.6596837727407	0.0	0	0.0	1929.9724411838106	1	0	tensor(3)	2.245314813092461
225432.40372879937	3000.0	1497.568712384395	0.0	0	0.0	1929.9724411838106	1	0	tensor(3)	2.245314813092461
226740.94150160498	3000.0	1189.030939578757	0.0	0	0.0	1929.9724411838106	1	0	tensor(3)	2.245314813092461
227561.89325115702	3000.0	1368.0791900267245	0.0	0	0.0	1929.9724411838106	1	0	tensor(3)	2.245314813092461
228518.32819246533	3000.0	1411.64424871843	0.0	0	0.0	1929.9724411838106	1	0	tensor(3)	2.245314813092461
229361.02135313177	3000.0	1568.9510880519947	0.0	0	0.0	1929.9724411838106	1	0	tensor(3)	2.245314813092461
230200.0	3000.0	1729.9724411837578	0.0	0	226.582803618483	1929.9724411838106	1	0	tensor(3)	2.245314813092461
231200.0	3000.0	1729.9724411837888	0.0	0	169.05233279336244	1929.9724411838106	1	0	tensor(3)	2.245314813092461
232200.0	3000.0	1729.9724411838015	0.0	0	307.0831487327232	1929.9724411838397	1	0	tensor(3)	2.245314813092459
233219.774618762	3000.0	1710.1978224218249	0.0	0	0.0	1929.9724411838397	1	0	tensor(3)	2.245314813092459
234200.0	3000.0	1729.9724411838274	0.0	0	133.02688780234894	1929.9724411838397	1	0	tensor(3)	2.245314813092459
235200.0	3000.0	1729.972441183855	0.0	0	89.02279315376654	1929.9724411838688	1	0	tensor(3)	2.245314813092457
236249.99073247056	3000.0	1679.9817087133197	0.0	0	0.0	1929.972441183898	1	0	tensor(3)	2.245314813092455
237200.0	3000.0	1729.9724411838592	0.0	0	113.11699758068426	1929.9724411838688	1	0	tensor(3)	2.245314813092457
238200.0	3000.0	1729.9724411838795	0.0	0	326.99186662054854	1929.9724411838688	1	0	tensor(3)	2.245314813092457
239200.0	3000.0	1729.9724411838538	0.0	0	391.85053731960943	1929.9724411838688	1	0	tensor(3)	2.245314813092457
240200.0	3000.0	1729.9724411838395	0.0	0	398.9617301018443	1929.9724411838688	1	0	tensor(3)	2.245314813092457
241200.0	3000.0	1729.9724411838295	0.0	0	152.6189405604091	1929.9724411838688	1	0	tensor(3)	2.245314813092457
242200.0	3000.0	1729.9724411838188	0.0	0	453.00840519499616	1929.9724411838688	1	0	tensor(3)	2.245314813092457
243200.0	3000.0	1729.9724411838467	0.0	0	447.34713341799215	1929.972441183898	1	0	tensor(3)	2.245314813092455
244200.0	3000.0	1729.9724411838579	0.0	0	188.27374905650504	1929.9724411838688	1	0	tensor(3)	2.245314813092457
245200.0	3000.0	1729.9724411838513	0.0	0	25.729393818211975	1929.9724411838397	1	0	tensor(3)	2.245314813092459
246200.0	3000.0	1729.9724411838454	0.0	0	258.66258192347595	1929.9724411838397	1	0	tensor(3)	2.245314813092459
247200.0	3000.0	1729.9724411838597	0.0	0	142.51018976938212	1929.9724411838397	1	0	tensor(3)	2.245314813092459
248200.0	3000.0	1729.9724411838356	0.0	0	188.29048762703314	1929.9724411838106	1	0	tensor(3)	2.245314813092461
249200.0	3000.0	1729.9724411838076	0.0	0	220.16368191767833	1929.9724411838106	1	0	tensor(3)	2.245314813092461
250200.0	3000.0	1729.9724411838124	0.0	0	338.0320462610107	1929.9724411838106	1	0	tensor(3)	2.245314813092461
251200.0	3000.0	1729.9724411837906	0.0	0	179.49554314935813	1929.9724411838106	1	0	tensor(3)	2.245314813092461
252200.0	3000.0	1729.972441183816	0.0	0	97.34066271188203	1929.9724411838397	1	0	tensor(3)	2.245314813092459
253200.0	3000.0	1729.972441183805	0.0	0	271.27123290862073	1929.9724411838106	1	0	tensor(3)	2.245314813092461
254218.83639561257	3000.0	1711.1360455712183	0.0	0	0.0	1929.9724411838106	1	0	tensor(3)	2.245314813092461
255228.4999337746	3000.0	1701.4725074091516	0.0	0	0.0	1929.9724411837815	1	0	tensor(3)	2.245314813092463
256200.0	3000.0	1729.972441183775	0.0	0	201.85587361719809	1929.9724411837815	1	0	tensor(3)	2.245314813092463
257200.0	3000.0	1729.9724411837847	0.0	0	192.3337688157626	1929.9724411837815	1	0	tensor(3)	2.245314813092463
258200.0	3000.0	1729.9724411837801	0.0	0	202.09803382414975	1929.9724411838106	1	0	tensor(3)	2.245314813092461
259209.47228794073	3000.0	1720.500153243055	0.0	0	0.0	1929.9724411838397	1	0	tensor(3)	2.245314813092459
260200.0	3000.0	1729.972441183796	0.0	0	314.07372110532015	1929.9724411838397	1	0	tensor(3)	2.245314813092459
261308.27932671853	3000.0	1621.6931144652574	0.0	0	0.0	1929.9724411838397	1	0	tensor(3)	2.245314813092459
262345.66028676275	3000.0	1584.3121544210373	0.0	0	0.0	1929.9724411838397	1	0	tensor(3)	2.245314813092459
263200.0	3000.0	1729.9724411838567	0.0	0	104.4456791600096	1929.972441183927	1	0	tensor(3)	2.2453148130924547
264200.0	3000.0	1729.9724411839165	0.0	0	275.8708294200478	1929.9724411839852	1	0	tensor(3)	2.2453148130924507
265200.0	3000.0	1729.9724411839234	0.0	0	153.94071071385406	1929.9724411839852	1	0	tensor(3)	2.2453148130924494
266200.0	3000.0	1729.9724411839152	0.0	0	182.8573642190313	1929.9724411839852	1	0	tensor(3)	2.2453148130924494
267200.0	3000.0	1729.9724411839518	0.0	0	288.03789396508364	1929.972441183927	1	0	tensor(3)	2.2453148130924534
268200.0	3000.0	1729.972441184002	0.0	0	413.20387633534847	1929.9724411839852	1	0	tensor(3)	2.2453148130924494
269200.0	3000.0	1729.9724411840007	0.0	0	133.87855754728662	1929.9724411839852	1	0	tensor(3)	2.2453148130924494
270270.0998510951	3000.0	1659.8725900888762	0.0	0	0.0	1929.9724411839852	1	0	tensor(3)	2.2453148130924494
271200.0	3000.0	1729.972441183953	0.0	0	156.14546522847377	1929.9724411839852	1	0	tensor(3)	2.2453148130924494
272200.0	3000.0	1729.9724411840327	0.0	0	518.242062860867	1929.9724411839852	1	0	tensor(3)	2.2453148130924494
273200.0	3000.0	1729.9724411839595	0.0	0	471.57150186633226	1929.972441183927	1	0	tensor(3)	2.2453148130924534
274200.0	3000.0	1729.9724411839807	0.0	0	280.2768357929308	1929.9724411838688	1	0	tensor(3)	2.245314813092457
275200.0	3000.0	1729.9724411839468	0.0	0	288.06877085607266	1929.9724411838688	1	0	tensor(3)	2.245314813092457
276200.0	3000.0	1729.9724411839918	0.0	0	191.7889606190147	1929.9724411838688	1	0	tensor(3)	2.245314813092457
277200.0	3000.0	1729.9724411839245	0.0	0	177.27622064121533	1929.9724411838688	1	0	tensor(3)	2.245314813092457
278200.0	3000.0	1729.9724411839031	0.0	0	418.1426894152537	1929.9724411838106	1	0	tensor(3)	2.24531481309246
279200.0	3000.0	1729.9724411838567	0.0	0	279.24335897143465	1929.9724411837524	1	0	tensor(3)	2.245314813092465
280200.0	3000.0	1729.9724411838793	0.0	0	150.10984114086023	1929.9724411838106	1	0	tensor(3)	2.245314813092461
281200.0	3000.0	1729.9724411838524	0.0	0	192.83522834070027	1929.9724411838688	1	0	tensor(3)	2.245314813092457
282200.0	3000.0	1729.9724411838597	0.0	0	318.4077348849969	1929.9724411838106	1	0	tensor(3)	2.245314813092461
283200.0	3000.0	1729.9724411838301	0.0	0	335.5898794137174	1929.9724411838106	1	0	tensor(3)	2.245314813092461
284200.0	3000.0	1729.972441183863	0.0	0	136.07644239877118	1929.9724411838106	1	0	tensor(3)	2.245314813092461
285200.0	3000.0	1729.972441183829	0.0	0	306.1752672053408	1929.9724411838106	1	0	tensor(3)	2.245314813092461
286200.0	3000.0	1729.9724411838633	0.0	0	492.5855263355188	1929.9724411838106	1	0	tensor(3)	2.245314813092461
287200.0	3000.0	1729.9724411838613	0.0	0	13.988065918209031	1929.9724411838106	1	0	tensor(3)	2.245314813092461
288200.0	3000.0	1729.9724411838797	0.0	0	301.4187896345393	1929.9724411838106	1	0	tensor(3)	2.245314813092461
289333.05391369906	3000.0	1596.9185274848317	0.0	0	0.0	1929.9724411838688	1	0	tensor(3)	2.245314813092457
290200.0	3000.0	1729.9724411838188	0.0	0	224.5909465937293	1929.9724411838106	1	0	tensor(3)	2.245314813092461
291200.0	3000.0	1729.9724411837692	0.0	0	139.65662187425187	1929.9724411838106	1	0	tensor(3)	2.245314813092461
292200.0	3000.0	1729.972441183751	0.0	0	233.3125009117648	1929.9724411837524	1	0	tensor(3)	2.245314813092465
293200.0	3000.0	1729.9724411837817	0.0	0	145.7265322842286	1929.9724411837524	1	0	tensor(3)	2.245314813092465
294276.52865589364	3000.0	1653.4437852901156	0.0	0	0.0	1929.9724411837524	1	0	tensor(3)	2.245314813092465
295200.0	3000.0	1729.9724411837858	0.0	0	183.70735357655212	1929.9724411836942	1	0	tensor(3)	2.2453148130924685
296697.139409684	3000.0	1232.8330314997863	0.0	0	0.0	1929.9724411836942	1	0	tensor(3)	2.2453148130924707
297772.0849367745	3000.0	1157.8875044092679	0.0	0	0.0	1929.972441183636	1	0	tensor(3)	2.2453148130924703
298803.8499701492	3000.0	1126.1224710346016	0.0	0	0.0	1929.9724411836942	1	0	tensor(3)	2.2453148130924685
299417.4663487161	3000.0	1512.5060924676936	0.0	0	0.0	1929.9724411836942	1	0	tensor(3)	2.2453148130924685
300564.80564981094	3000.0	1365.1667913728547	0.0	0	0.0	1929.9724411836942	1	0	tensor(3)	2.2453148130924685
301522.45347664424	3000.0	1407.5189645396167	0.0	0	0.0	1929.9724411836942	1	0	tensor(3)	2.2453148130924685
302200.0	3000.0	1729.9724411838758	0.0	0	114.1527727029752	1929.9724411836942	1	0	tensor(3)	2.2453148130924685
303200.0	3000.0	1729.9724411838943	0.0	0	81.04239330685232	1929.9724411836942	1	0	tensor(3)	2.2453148130924685
304200.0	3000.0	1729.9724411838738	0.0	0	340.6940278040711	1929.972441183636	1	0	tensor(3)	2.2453148130924725
3.86	2.51	5.04	3.3	4.49	3.53	4.03	2.71	3.98	4.75	3.05	5.24	4.08	4.15	4.2	3.7	2.1	2.84	4.25	3.88	3.53	3.06	3.89	3.61	3.66	4.02	4.17	3.29	4.14	3.09	3.64	3.2	3.08	2.76	4.67	3.3	3.79	3.82	4.43	3.57	3.21	3.78	3.8	3.5	3.27	3.03	4.33	3.45	3.98	2.99	3.43	2.8	2.79	4.47	3.24	4.53	2.76	3.68	5.98	5.15	2.53	4.25	3.93	3.0	2.39	3.68	5.37	2.78	3.35	3.44	3.16	2.7	4.73	3.23	3.45	5.15	5.02	4.47	3.09	4.31	3.59	2.83	4.32	4.83	3.94	3.75	4.65	4.34	5.95	4.44	3.3	4.05	4.26	4.47	3.96	4.6	3.36	3.98	3.63	3.36	3.94	4.01	3.74	3.65	3.97	4.05	2.83	3.86	2.97	3.65	3.73	3.89	4.87	4.17	4.53	3.42	5.04	4.63	4.55	3.32	3.1	4.24	4.68	5.07	3.32	4.01	4.81	5.47	5.2	4.32	4.71	4.63	3.36	3.76	3.63	4.18	3.32	3.54	3.46	3.52	3.89	2.5	3.21	3.1	5.24	2.97	3.43	4.15	4.18	3.9	3.86	2.51	5.04	3.3	4.49	3.53	4.03	2.71	3.98	4.75	3.05	5.24	4.08	4.15	4.2	3.7	2.1	2.84	4.25	3.88	3.53	3.06	3.89	3.61	3.66	4.02	4.17	3.29	4.14	3.09	3.64	3.2	3.08	2.76	4.67	3.3	3.79	3.82	4.43	3.57	3.21	3.78	3.8	3.5	3.27	3.03	4.33	3.45	3.98	2.99	3.43	2.8	2.79	4.47	3.24	4.53	2.76	3.68	5.98	5.15	2.53	4.25	3.93	3.0	2.39	3.68	5.37	2.78	3.35	3.44	3.16	2.7	4.73	3.23	3.45	5.15	5.02	4.47	3.09	4.31	3.59	2.83	4.32	4.83	3.94	3.75	4.65	4.34	5.95	4.44	3.3	4.05	4.26	4.47	3.96	4.6	3.36	3.98	3.63	3.36	3.94	4.01	3.74	3.65	3.97	4.05	2.83	3.86	2.97	3.65	3.73	3.89	4.87	4.17	4.53	3.42	5.04	4.63	4.55	3.32	3.1	4.24	4.68	5.07	3.32	4.01	4.81	5.47	5.2	4.32	4.71	4.63	3.36	3.76	3.63	4.18	3.32	3.54	3.46	3.52	3.89	2.5	3.21	3.1	5.24	2.97	3.43	4.15	4.18	3.9	3.86	2.51	5.04
1.0	2.0	3.0	4.0	5.0	6.0	7.0	8.0	9.0	10.0	11.0	12.0	13.0	14.0	15.0	16.0	17.0	18.0	19.0	20.0	21.0	22.0	23.0	24.0	25.0	26.0	27.0	28.0	29.0	30.0	31.0	32.0	33.0	34.0	35.0	36.0	37.0	38.0	39.0	40.0	41.0	42.0	43.0	44.0	45.0	46.0	47.0	48.0	49.0	50.0	51.0	52.0	53.0	54.0	55.0	56.0	57.0	58.0	59.0	60.0	61.0	62.0	63.0	64.0	65.0	66.0	67.0	68.0	69.0	70.0	71.0	72.0	73.0	74.0	75.0	76.0	77.0	78.0	79.0	80.0	81.0	82.0	83.0	84.0	85.0	86.0	87.0	88.0	89.0	90.0	91.0	92.0	93.0	94.0	95.0	96.0	97.0	98.0	99.0	100.0	101.0	102.0	103.0	104.0	105.0	106.0	107.0	108.0	109.0	110.0	111.0	112.0	113.0	114.0	115.0	116.0	117.0	118.0	119.0	120.0	121.0	122.0	123.0	124.0	125.0	126.0	127.0	128.0	129.0	130.0	131.0	132.0	133.0	134.0	135.0	136.0	137.0	138.0	139.0	140.0	141.0	142.0	143.0	144.0	145.0	146.0	147.0	148.0	149.0	149.0	150.0	151.0	152.0	153.0	154.0	155.0	156.0	157.0	158.0	159.0	160.0	161.0	162.0	163.0	164.0	165.0	166.0	167.0	168.0	169.0	170.0	171.0	172.0	173.0	174.0	175.0	176.0	177.0	178.0	179.0	180.0	181.0	182.0	183.0	184.0	185.0	186.0	187.0	188.0	189.0	190.0	191.0	192.0	193.0	194.0	195.0	196.0	197.0	198.0	199.0	200.0	201.0	202.0	203.0	204.0	205.0	206.0	207.0	208.0	209.0	210.0	211.0	212.0	213.0	214.0	215.0	216.0	217.0	218.0	219.0	220.0	221.0	222.0	223.0	224.0	225.0	226.0	227.0	228.0	229.0	230.0	231.0	232.0	233.0	234.0	235.0	236.0	237.0	238.0	239.0	240.0	241.0	242.0	243.0	244.0	245.0	246.0	247.0	248.0	249.0	250.0	251.0	252.0	253.0	254.0	255.0	256.0	257.0	258.0	259.0	260.0	261.0	262.0	263.0	264.0	265.0	266.0	267.0	268.0	269.0	270.0	271.0	272.0	273.0	274.0	275.0	276.0	277.0	278.0	279.0	280.0	281.0	282.0	283.0	284.0	285.0	286.0	287.0	288.0	289.0	290.0	291.0	292.0	293.0	294.0	295.0	296.0	297.0	298.0	298.0	299.0	300.0	301.0
5521.409576187943
