3189.0536483018273	1000.0	2000.0	311.7076119391155	0	0.0	3189.0536483018273	1	0	tensor(2)	-2.2721033140330924
3859.9979192949577	3000.0	2329.05572900687	0.0	0	0.0	3189.0536483018277	1	0	tensor(3)	0.7869212408018842
4717.149478813372	3000.0	2471.9041694884563	0.0	0	0.0	3189.053648301828	1	0	tensor(3)	2.085533529469994
6170.182566850938	3000.0	2018.8710814508906	0.0	0	0.0	3189.0536483018277	1	0	tensor(3)	2.085533529469994
7225.8851415551435	3000.0	1963.168506746686	0.0	0	0.0	3189.053648301828	1	0	tensor(3)	2.085533529469994
8467.104961159279	3000.0	1721.9486871425524	0.0	0	0.0	3189.0536483018295	1	0	tensor(3)	2.085533529469994
9571.648746188877	3000.0	1617.4049021129545	0.0	0	0.0	3189.0536483018295	1	0	tensor(3)	2.0855335294699935
10290.950522152041	3000.0	1898.1031261497892	0.0	0	0.0	3189.0536483018277	1	0	tensor(3)	2.085533529469994
11529.370215601619	3000.0	1659.6834327002107	0.0	0	0.0	3189.0536483018277	1	0	tensor(3)	2.085533529469994
12516.788371095394	3000.0	1672.2652772064355	0.0	0	0.0	3189.0536483018277	1	0	tensor(3)	2.085533529469994
13619.966403558052	3000.0	1569.087244743778	0.0	0	0.0	3189.0536483018295	1	0	tensor(3)	2.0855335294699935
14455.0326890935	3000.0	1734.0209592083297	0.0	0	0.0	3189.0536483018277	1	0	tensor(3)	2.085533529469994
15387.004559171788	3000.0	1802.0490891300417	0.0	0	0.0	3189.0536483018295	1	0	tensor(3)	2.0855335294699935
16262.744156845069	3000.0	1926.3094914567625	0.0	0	0.0	3189.0536483018295	1	0	tensor(3)	2.0855335294699935
17192.068326415712	3000.0	1996.9853218861208	0.0	0	0.0	3189.0536483018313	1	0	tensor(3)	2.0855335294699935
18053.62812615838	3000.0	2135.4255221434573	0.0	0	0.0	3189.053648301833	1	0	tensor(3)	2.085533529469993
18968.07865988024	3000.0	2220.974988421597	0.0	0	0.0	3189.053648301833	1	0	tensor(3)	2.085533529469993
20567.578014847277	3000.0	1621.4756334545639	0.0	0	0.0	3189.053648301837	1	0	tensor(3)	2.085533529469992
21305.83073978003	2000.0	1883.2229085218057	0.0	0	0.0	3189.053648301837	1	0	tensor(3)	1.2746033132536625
22045.02925008903	3000.0	2144.0243982128077	0.0	0	0.0	3189.053648301837	1	0	tensor(3)	1.6800684213618273
22787.91752821626	3000.0	2401.136120085573	0.0	0	0.0	3189.053648301833	1	0	tensor(3)	2.085533529469993
23717.007981367704	3000.0	2472.045666934127	0.0	0	0.0	3189.053648301833	1	0	tensor(3)	2.085533529469993
24326.36008826082	3000.0	2862.6935600410097	0.0	0	0.0	3189.053648301833	1	0	tensor(3)	2.085533529469993
25200.0	3000.0	2989.0536483018277	0.0	0	82.91687072947025	3189.0536483018295	1	0	tensor(3)	2.0855335294699935
26204.516421787586	3000.0	2984.537226514241	0.0	0	0.0	3189.0536483018295	1	0	tensor(3)	2.0855335294699935
27200.0	3000.0	2989.0536483018286	0.0	0	347.4781543281133	3189.053648301833	1	0	tensor(3)	2.085533529469993
28200.0	3000.0	2989.053648301826	0.0	0	306.02605406190924	3189.0536483018295	1	0	tensor(3)	2.0855335294699935
29447.898361444728	3000.0	2741.155286857098	0.0	0	0.0	3189.053648301826	1	0	tensor(3)	2.0855335294699944
30414.4572331643	3000.0	2774.5964151375274	0.0	0	0.0	3189.053648301826	1	0	tensor(3)	2.0855335294699944
31803.9928351239	3000.0	2385.0608131779254	0.0	0	0.0	3189.053648301826	1	0	tensor(3)	2.0855335294699944
32655.32720774447	3000.0	2533.726440557352	0.0	0	0.0	3189.0536483018222	1	0	tensor(3)	2.085533529469995
33679.27635516953	3000.0	2509.7772931322856	0.0	0	0.0	3189.0536483018186	1	0	tensor(3)	2.0855335294699957
34764.975098592135	3000.0	2424.0785497096745	0.0	0	0.0	3189.0536483018113	1	0	tensor(3)	2.0855335294699975
35862.60262858339	3000.0	2326.4510197184236	0.0	0	0.0	3189.0536483018186	1	0	tensor(3)	2.0855335294699966
36625.89534550146	3000.0	2563.158302800349	0.0	0	0.0	3189.053648301815	1	0	tensor(3)	2.0855335294699966
37293.39396500532	3000.0	2895.6596832964983	0.0	0	0.0	3189.0536483018222	1	0	tensor(3)	2.085533529469995
38215.88311173102	3000.0	2973.170536570803	0.0	0	0.0	3189.0536483018222	1	0	tensor(3)	2.085533529469995
39200.0	3000.0	2989.053648301826	0.0	0	36.37664492461772	3189.0536483018222	1	0	tensor(3)	2.085533529469995
40273.27987302656	3000.0	2915.773775275264	0.0	0	0.0	3189.053648301815	1	0	tensor(3)	2.0855335294699966
41200.0	3000.0	2989.0536483018222	0.0	0	178.26432537871005	3189.053648301815	1	0	tensor(3)	2.0855335294699966
42200.0	3000.0	2989.053648301828	0.0	0	345.87809972335526	3189.053648301815	1	0	tensor(3)	2.0855335294699966
43200.0	3000.0	2989.0536483018295	0.0	0	449.30605803254	3189.053648301815	1	0	tensor(3)	2.0855335294699966
44333.13295734984	3000.0	2855.9206909519958	0.0	0	0.0	3189.0536483018222	1	0	tensor(3)	2.085533529469995
45484.57139539225	3000.0	2704.4822529095813	0.0	0	0.0	3189.0536483018222	1	0	tensor(3)	2.085533529469995
46322.932426311374	3000.0	2866.1212219904596	0.0	0	0.0	3189.053648301815	1	0	tensor(3)	2.0855335294699966
47200.0	3000.0	2989.0536483018377	0.0	0	51.422887810978864	3189.0536483018222	1	0	tensor(3)	2.085533529469995
48235.28176474322	3000.0	2953.771883558614	0.0	0	0.0	3189.0536483018222	1	0	tensor(3)	2.085533529469995
49200.0	3000.0	2989.053648301831	0.0	0	285.1065457062359	3189.0536483018295	1	0	tensor(3)	2.0855335294699935
50200.0	3000.0	2989.053648301834	0.0	0	379.75596948846214	3189.053648301837	1	0	tensor(3)	2.085533529469992
51254.972993870266	3000.0	2934.0806544315733	0.0	0	0.0	3189.053648301837	1	0	tensor(3)	2.085533529469992
52535.86032155545	3000.0	2653.193326746398	0.0	0	0.0	3189.053648301844	1	0	tensor(3)	2.0855335294699904
53599.741443683706	3000.0	2589.312204618146	0.0	0	0.0	3189.053648301844	1	0	tensor(3)	2.0855335294699904
54693.99847450042	3000.0	2495.0551738014324	0.0	0	0.0	3189.053648301844	1	0	tensor(3)	2.0855335294699904
56185.86108729856	3000.0	2003.1925610032947	0.0	0	0.0	3189.053648301844	1	0	tensor(3)	2.0855335294699904
56974.029640549474	3000.0	2215.0240077523817	0.0	0	0.0	3189.0536483018514	1	0	tensor(3)	2.085533529469989
57580.09973986307	3000.0	2608.953908438784	0.0	0	0.0	3189.0536483018514	1	0	tensor(3)	2.085533529469989
58393.307919540515	3000.0	2795.7457287613415	0.0	0	0.0	3189.0536483018514	1	0	tensor(3)	2.085533529469989
59355.78646079877	3000.0	2833.2671875030896	0.0	0	0.0	3189.0536483018586	1	0	tensor(3)	2.0855335294699873
60340.754923996814	3000.0	2848.29872430505	0.0	0	0.0	3189.053648301866	1	0	tensor(3)	2.085533529469986
61200.0	3000.0	2989.0536483018723	0.0	0	32.462786831034464	3189.053648301866	1	0	tensor(3)	2.085533529469986
62200.0	3000.0	2989.0536483018664	0.0	0	200.92632334601512	3189.053648301866	1	0	tensor(3)	2.085533529469986
63808.45338623642	6000.0	2380.6002620654463	0.0	0	0.0	3189.053648301866	1	0	tensor(3)	2.0855335294699855
64941.8271412958	3000.0	2247.2265070060603	0.0	0	0.0	3189.053648301866	1	0	tensor(3)	1.392386348910041
66564.70769860422	6000.0	1624.3459496976334	0.0	0	0.0	3189.053648301873	1	0	tensor(3)	2.085533529469985
67216.16554894339	3000.0	1972.8880993584628	0.0	0	0.0	3189.0536483018586	1	0	tensor(3)	1.3923863489100408
67762.15351630241	3000.0	2426.90013199945	0.0	0	0.0	3189.053648301866	1	0	tensor(3)	2.0855335294699877
68523.70497183331	3000.0	2665.348676468534	0.0	0	0.0	3189.0536483018586	1	0	tensor(3)	2.085533529469986
69228.9630040365	3000.0	2960.090644265346	0.0	0	0.0	3189.0536483018514	1	0	tensor(3)	2.085533529469989
70278.16273268136	3000.0	2910.8909156204845	0.0	0	0.0	3189.0536483018514	1	0	tensor(3)	2.085533529469989
71200.0	3000.0	2989.0536483018627	0.0	0	45.8826167039806	3189.0536483018514	1	0	tensor(3)	2.085533529469989
72200.0	3000.0	2989.0536483018486	0.0	0	44.43312215185142	3189.053648301837	1	0	tensor(3)	2.085533529469992
73200.0	3000.0	2989.0536483018586	0.0	0	51.21147046839178	3189.053648301837	1	0	tensor(3)	2.085533529469992
74702.1347347704	6000.0	2486.9189135314587	0.0	0	0.0	3189.053648301837	1	0	tensor(3)	2.085533529469992
75334.12168066464	3000.0	2854.931967637217	0.0	0	0.0	3189.053648301837	1	0	tensor(3)	1.392386348910047
76340.73572413357	3000.0	2848.3179241682783	0.0	0	0.0	3189.053648301837	1	0	tensor(3)	2.085533529469992
77200.95264595031	3000.0	2988.1010023515255	0.0	0	0.0	3189.053648301837	1	0	tensor(3)	2.085533529469992
78200.0	3000.0	2989.053648301845	0.0	0	65.13938718661666	3189.053648301837	1	0	tensor(3)	2.085533529469992
79779.44536607836	6000.0	2409.6082822234644	0.0	0	0.0	3189.0536483018222	1	0	tensor(3)	2.085533529469995
80680.32008557153	3000.0	2508.7335627302937	0.0	0	0.0	3189.0536483018222	1	0	tensor(3)	1.39238634891005
81286.15520997338	3000.0	2902.898438328418	0.0	0	0.0	3189.0536483018222	1	0	tensor(3)	2.085533529469995
82266.46830649883	3000.0	2922.585341802953	0.0	0	0.0	3189.0536483018222	1	0	tensor(3)	2.085533529469995
83406.29412635855	3000.0	2782.7595219432387	0.0	0	0.0	3189.053648301837	1	0	tensor(3)	2.085533529469992
84200.0	3000.0	2989.053648301798	0.0	0	123.91120916885848	3189.0536483018222	1	0	tensor(3)	2.085533529469995
85741.6565433689	6000.0	2447.3971049328966	0.0	0	0.0	3189.0536483018222	1	0	tensor(3)	2.085533529469995
86919.67161054468	3000.0	2269.3820377570987	0.0	0	0.0	3189.0536483018222	1	0	tensor(3)	1.39238634891005
88574.79969622644	6000.0	1614.2539520753462	0.0	0	0.0	3189.0536483018222	1	0	tensor(3)	2.085533529469995
89623.39362819256	3000.0	1565.660020109226	0.0	0	0.0	3189.0536483018077	1	0	tensor(3)	1.3923863489100534
90224.66094992014	3000.0	1964.3926983816414	0.0	0	0.0	3189.0536483018222	1	0	tensor(3)	2.085533529469995
91230.54790066527	3000.0	1958.5057476365123	0.0	0	0.0	3189.0536483018222	1	0	tensor(3)	2.085533529469995
92124.63592468847	3000.0	2064.4177236133346	0.0	0	0.0	3189.053648301837	1	0	tensor(3)	2.085533529469992
93298.48755299675	3000.0	1890.5660953050597	0.0	0	0.0	3189.0536483018514	1	0	tensor(3)	2.085533529469989
94011.24991448861	3000.0	2177.80373381319	0.0	0	0.0	3189.0536483018514	1	0	tensor(3)	2.085533529469989
94938.33317946042	3000.0	2250.7204688413885	0.0	0	0.0	3189.053648301866	1	0	tensor(3)	2.085533529469986
95656.3488569658	3000.0	2532.704791336031	0.0	0	0.0	3189.0536483018805	1	0	tensor(3)	2.0855335294699824
96249.39245004716	3000.0	2939.6611982546697	0.0	0	0.0	3189.0536483018805	1	0	tensor(3)	2.0855335294699824
97200.0	3000.0	2989.0536483018454	0.0	0	148.85979439019866	3189.0536483018805	1	0	tensor(3)	2.0855335294699824
98200.0	3000.0	2989.0536483018354	0.0	0	288.3302485822933	3189.0536483018805	1	0	tensor(3)	2.0855335294699824
99200.0	3000.0	2989.0536483018295	0.0	0	9.697417011630023	3189.053648301866	1	0	tensor(3)	2.085533529469986
100200.0	3000.0	2989.053648301833	0.0	0	162.63739672012161	3189.053648301866	1	0	tensor(3)	2.085533529469986
101200.0	3000.0	2989.0536483018486	0.0	0	202.30585397778486	3189.053648301866	1	0	tensor(3)	2.085533529469986
103386.28473926667	6000.0	1802.7689090351694	0.0	0	0.0	3189.053648301866	1	0	tensor(3)	2.0855335294699855
103994.91542926319	3000.0	2194.138219038648	0.0	0	0.0	3189.053648301866	1	0	tensor(3)	1.392386348910041
104667.76034416126	3000.0	2521.293304140569	0.0	0	0.0	3189.053648301866	1	0	tensor(3)	2.085533529469986
106054.47732752337	3000.0	2134.576320778459	0.0	0	0.0	3189.0536483018805	1	0	tensor(3)	2.0855335294699824
106677.38453070303	3000.0	2511.669117598809	0.0	0	0.0	3189.0536483018805	1	0	tensor(3)	2.0855335294699824
107351.67006088306	3000.0	2837.383587418788	0.0	0	0.0	3189.053648301895	1	0	tensor(3)	2.0855335294699797
108216.18471940937	3000.0	2972.8689288924484	0.0	0	0.0	3189.0536483018805	1	0	tensor(3)	2.0855335294699824
109200.0	3000.0	2989.053648301823	0.0	0	213.43580090551404	3189.0536483018805	1	0	tensor(3)	2.0855335294699824
110200.0	3000.0	2989.053648301832	0.0	0	357.0915243060299	3189.0536483018805	1	0	tensor(3)	2.0855335294699824
111200.0	3000.0	2989.053648301833	0.0	0	164.74670038654585	3189.0536483018805	1	0	tensor(3)	2.0855335294699824
112369.62919438083	6000.0	2819.4244539209976	0.0	0	0.0	3189.053648301895	1	0	tensor(3)	2.0855335294699793
113200.0	3000.0	2989.0536483018163	0.0	0	244.48858230680344	3189.0536483019096	1	0	tensor(3)	1.3923863489100314
114738.0261799149	6000.0	2451.027468386908	0.0	0	0.0	3189.0536483019096	1	0	tensor(3)	2.0855335294699766
115973.7666833035	3000.0	2215.286964998303	0.0	0	0.0	3189.0536483019096	1	0	tensor(3)	1.3923863489100314
116743.21484633723	3000.0	2445.8388019645863	0.0	0	0.0	3189.0536483019096	1	0	tensor(3)	2.0855335294699766
117792.27447470365	3000.0	2396.779173598177	0.0	0	0.0	3189.0536483019096	1	0	tensor(3)	2.0855335294699766
118768.41502430868	3000.0	2420.638623993147	0.0	0	0.0	3189.0536483019096	1	0	tensor(3)	2.0855335294699766
119517.90240084326	3000.0	2671.151247458554	0.0	0	0.0	3189.0536483019096	1	0	tensor(3)	2.0855335294699766
120426.02617876185	3000.0	2763.0274695399917	0.0	0	0.0	3189.053648301924	1	0	tensor(3)	2.0855335294699735
121200.0	3000.0	2989.053648301838	0.0	0	10.522830296089523	3189.053648301924	1	0	tensor(3)	2.0855335294699735
122200.0	3000.0	2989.053648301835	0.0	0	436.83535082638264	3189.053648301924	1	0	tensor(3)	2.0855335294699735
123200.0	3000.0	2989.053648301819	0.0	0	166.45386440381117	3189.053648301924	1	0	tensor(3)	2.0855335294699735
124200.0	3000.0	2989.053648301812	0.0	0	91.34883537433052	3189.0536483019387	1	0	tensor(3)	2.08553352946997
125200.0	3000.0	2989.053648301819	0.0	0	293.2939213759382	3189.0536483019387	1	0	tensor(3)	2.08553352946997
126200.0	3000.0	2989.0536483018177	0.0	0	208.61632279014157	3189.0536483019387	1	0	tensor(3)	2.08553352946997
127200.0	3000.0	2989.0536483018145	0.0	0	397.0888623466308	3189.0536483019387	1	0	tensor(3)	2.08553352946997
128200.0	3000.0	2989.0536483018154	0.0	0	190.64707820904732	3189.0536483019387	1	0	tensor(3)	2.08553352946997
129242.95361556299	3000.0	2946.1000327388315	0.0	0	0.0	3189.0536483019387	1	0	tensor(3)	2.08553352946997
130200.0	3000.0	2989.0536483018127	0.0	0	119.99929430226621	3189.053648301924	1	0	tensor(3)	2.085533529469971
131226.75754459194	3000.0	2962.2961037098676	0.0	0	0.0	3189.0536483019096	1	0	tensor(3)	2.0855335294699766
132327.63194151202	3000.0	2861.4217067897666	0.0	0	0.0	3189.053648301895	1	0	tensor(3)	2.085533529469978
133349.27215297424	3000.0	2839.781495327529	0.0	0	0.0	3189.0536483018805	1	0	tensor(3)	2.0855335294699793
134257.91208606175	3000.0	2931.141562240025	0.0	0	0.0	3189.053648301895	1	0	tensor(3)	2.0855335294699806
135561.8045989678	3000.0	2627.249049333997	0.0	0	0.0	3189.053648301895	1	0	tensor(3)	2.0855335294699797
136873.39273108318	3000.0	2315.660917218669	0.0	0	0.0	3189.053648301895	1	0	tensor(3)	2.0855335294699797
137992.9012248144	3000.0	2196.1524234873937	0.0	0	0.0	3189.053648301895	1	0	tensor(3)	2.0855335294699797
138651.02925459028	3000.0	2538.0243937115174	0.0	0	0.0	3189.053648301895	1	0	tensor(3)	2.0855335294699797
139835.22880274864	3000.0	2353.824845553163	0.0	0	0.0	3189.053648301895	1	0	tensor(3)	2.0855335294699797
141694.6836546477	6000.0	1494.369993654052	0.0	0	0.0	3189.053648301895	1	0	tensor(3)	2.0855335294699793
142707.78806692257	3000.0	1481.2655813791741	0.0	0	0.0	3189.053648301866	1	0	tensor(3)	1.392386348910041
143780.25741070296	3000.0	1408.796237598757	0.0	0	0.0	3189.053648301866	1	0	tensor(3)	2.085533529469986
144375.88356498638	3000.0	1813.1700833153275	0.0	0	0.0	3189.053648301895	1	0	tensor(3)	2.0855335294699797
145279.86151494356	3000.0	1909.1921333581263	0.0	0	0.0	3189.053648301866	1	0	tensor(3)	2.085533529469986
146126.13247400612	3000.0	2062.9211742955863	0.0	0	0.0	3189.053648301895	1	0	tensor(3)	2.0855335294699797
146705.54055703996	3000.0	2483.513091261738	0.0	0	0.0	3189.053648301895	1	0	tensor(3)	2.0855335294699797
147531.96379749314	3000.0	2657.0898508085515	0.0	0	0.0	3189.053648301924	1	0	tensor(3)	2.0855335294699735
148375.5757860962	3000.0	2813.477862205518	0.0	0	0.0	3189.053648301953	1	0	tensor(3)	2.085533529469967
149277.95434016592	3000.0	2911.099308135809	0.0	0	0.0	3189.053648301953	1	0	tensor(3)	2.085533529469967
150200.0	3000.0	2989.053648301744	0.0	0	25.811302354821237	3189.053648301953	1	0	tensor(3)	2.085533529469967
151326.05580256568	3000.0	2862.997845736096	0.0	0	0.0	3189.053648301953	1	0	tensor(3)	2.085533529469967
152200.0	3000.0	2989.053648301747	0.0	0	102.74337920144899	3189.053648301953	1	0	tensor(3)	2.085533529469967
154019.34674177782	6000.0	2169.7069065238975	0.0	0	0.0	3189.0536483019823	1	0	tensor(3)	2.085533529469961
155278.85527589958	3000.0	1910.1983724021152	0.0	0	0.0	3189.0536483020114	1	0	tensor(3)	1.3923863489100095
156259.61900244042	3000.0	1929.434645861277	0.0	0	0.0	3189.0536483020114	1	0	tensor(3)	2.0855335294699544
157129.81187447155	3000.0	2059.2417738301474	0.0	0	0.0	3189.0536483020114	1	0	tensor(3)	2.0855335294699544
158394.46813163193	3000.0	1794.585516669771	0.0	0	0.0	3189.0536483020114	1	0	tensor(3)	2.0855335294699544
159136.1397650693	3000.0	2052.9138832323993	0.0	0	0.0	3189.0536483019823	1	0	tensor(3)	2.085533529469961
160247.26978790524	3000.0	1941.7838603964833	0.0	0	0.0	3189.0536483020114	1	0	tensor(3)	2.0855335294699544
161233.23000706336	3000.0	1955.8236412383267	0.0	0	0.0	3189.053648301953	1	0	tensor(3)	2.085533529469966
162526.73472668487	3000.0	1662.318921616789	0.0	0	0.0	3189.053648301924	1	0	tensor(3)	2.0855335294699735
163900.5592732491	3000.0	1288.494375052556	0.0	0	0.0	3189.053648301953	1	0	tensor(3)	2.085533529469972
164958.30778292485	3000.0	1230.7458653768178	0.0	0	0.0	3189.053648301953	1	0	tensor(3)	2.085533529469967
166075.49071800706	3000.0	1113.5629302946343	0.0	0	0.0	3189.053648301924	1	0	tensor(3)	2.0855335294699735
167309.1018375221	3000.0	879.9518107796048	0.0	0	0.0	3189.053648301924	1	0	tensor(3)	2.0855335294699735
168712.09930443997	3000.0	476.95434386172735	0.0	0	0.0	3189.053648301924	1	0	tensor(3)	2.0855335294699735
170008.97726981857	2000.0	572.0624211390143	391.9860426559212	0	0.0	3581.039690957812	1	0	tensor(3)	-1.1773239174833172
170813.01697701812	3000.0	768.0227139394544	0.0	0	0.0	1581.0396909578121	1	0	tensor(6)	-4.140602938234213
171665.9901380944	3000.0	915.049552863136	0.0	0	0.0	1581.0396909578121	1	0	tensor(3)	2.2648621698739504
172384.63484790962	3000.0	1196.4048430479488	0.0	0	0.0	1581.0396909578121	1	0	tensor(3)	2.2648621698739504
173200.0	3000.0	1381.0396909575982	0.0	0	212.69990906401654	1581.0396909578121	1	0	tensor(3)	2.2648621698739504
174200.0	3000.0	1381.0396909576248	0.0	0	170.99458479855093	1581.0396909578412	1	0	tensor(3)	2.2648621698739495
175200.0	3000.0	1381.0396909576036	0.0	0	170.9897200835112	1581.0396909578121	1	0	tensor(3)	2.2648621698739495
176200.0	3000.0	1381.039690957599	0.0	0	178.97782546083909	1581.0396909578121	1	0	tensor(3)	2.2648621698739504
177200.0	3000.0	1381.0396909575807	0.0	0	411.0443790690333	1581.039690957783	1	0	tensor(3)	2.2648621698739517
178200.0	3000.0	1381.0396909575634	0.0	0	179.0200762138993	1581.039690957783	1	0	tensor(3)	2.2648621698739517
179639.75567736168	3000.0	941.2840135958775	0.0	0	0.0	1581.039690957783	1	0	tensor(3)	2.2648621698739517
180460.31152337455	2000.0	1120.7281675830204	0.0	0	0.0	1581.0396909578121	1	0	tensor(3)	1.4539319536576207
181200.0	2000.0	1381.0396909575218	0.0	0	31.27004487661179	1581.0396909578121	1	0	tensor(3)	1.8593970617657853
182200.0	3000.0	1381.0396909575406	0.0	0	192.908933018276	1581.0396909578121	1	0	tensor(3)	1.8593970617657856
183369.80768876025	3000.0	1211.2320021973069	0.0	0	0.0	1581.0396909578121	1	0	tensor(3)	2.2648621698739504
184200.0	3000.0	1381.0396909575554	0.0	0	99.32446517256903	1581.0396909578412	1	0	tensor(3)	2.2648621698739486
185200.0	3000.0	1381.0396909575618	0.0	0	266.54025652998826	1581.0396909578412	1	0	tensor(3)	2.2648621698739486
186200.0	3000.0	1381.0396909575447	0.0	0	179.3046896661399	1581.0396909578121	1	0	tensor(3)	2.2648621698739495
187200.0	3000.0	1381.039690957548	0.0	0	133.10523537089466	1581.0396909578121	1	0	tensor(3)	2.2648621698739504
188411.02459830482	3000.0	1170.0150926527124	0.0	0	0.0	1581.0396909578121	1	0	tensor(3)	2.2648621698739504
189450.40309727684	3000.0	1130.63659368069	0.0	0	0.0	1581.039690957783	1	0	tensor(3)	2.2648621698739517
190325.4633713063	3000.0	1255.5763196511994	0.0	0	0.0	1581.039690957783	1	0	tensor(3)	2.2648621698739517
191200.0	3000.0	1381.039690957509	0.0	0	174.39220617557294	1581.039690957783	1	0	tensor(3)	2.2648621698739517
192200.0	3000.0	1381.0396909574608	0.0	0	318.0792853201856	1581.039690957783	1	0	tensor(3)	2.2648621698739517
193200.0	3000.0	1381.0396909574522	0.0	0	82.54863782209577	1581.039690957754	1	0	tensor(3)	2.2648621698739526
194209.80920606325	3000.0	1371.2304848942324	0.0	0	0.0	1581.039690957754	1	0	tensor(3)	2.264862169873953
195200.0	3000.0	1381.039690957478	0.0	0	320.0955364651745	1581.039690957754	1	0	tensor(3)	2.264862169873953
196200.0	3000.0	1381.039690957479	0.0	0	205.08470560261048	1581.0396909577248	1	0	tensor(3)	2.264862169873954
197200.0	3000.0	1381.0396909574818	0.0	0	228.50992029931513	1581.0396909577248	1	0	tensor(3)	2.2648621698739544
198200.0	3000.0	1381.0396909574756	0.0	0	241.3897758932726	1581.0396909577248	1	0	tensor(3)	2.2648621698739544
199200.0	3000.0	1381.0396909574736	0.0	0	13.943523099005688	1581.0396909577248	1	0	tensor(3)	2.2648621698739544
200200.0	3000.0	1381.0396909574984	0.0	0	265.5391910407925	1581.0396909577248	1	0	tensor(3)	2.2648621698739544
201200.0	3000.0	1381.0396909575168	0.0	0	22.11169692821568	1581.0396909577248	1	0	tensor(3)	2.2648621698739544
202212.3838980682	3000.0	1368.6557928892962	0.0	0	0.0	1581.0396909577248	1	0	tensor(3)	2.2648621698739544
203312.2999682134	3000.0	1268.7397227440588	0.0	0	0.0	1581.0396909576957	1	0	tensor(3)	2.2648621698739557
204200.0	3000.0	1381.0396909574067	0.0	0	119.57526136760134	1581.0396909576666	1	0	tensor(3)	2.264862169873957
205403.77590962834	3000.0	1177.2637813290896	0.0	0	0.0	1581.0396909576666	1	0	tensor(3)	2.264862169873957
206478.64202789107	3000.0	1102.3976630663797	0.0	0	0.0	1581.0396909576666	1	0	tensor(3)	2.264862169873957
207406.39934214356	3000.0	1174.6403488138887	0.0	0	0.0	1581.0396909576375	1	0	tensor(3)	2.2648621698739584
208499.94006829453	3000.0	1081.099622662895	0.0	0	0.0	1581.0396909576375	1	0	tensor(3)	2.2648621698739584
209495.2376885673	3000.0	1085.8020023901577	0.0	0	0.0	1581.0396909576084	1	0	tensor(3)	2.2648621698739597
210804.1259390627	3000.0	776.9137518947634	0.0	0	0.0	1581.0396909576375	1	0	tensor(3)	2.2648621698739584
211622.31206845926	3000.0	958.727622498227	0.0	0	0.0	1581.0396909576375	1	0	tensor(3)	2.2648621698739584
212410.1046155722	3000.0	1170.9350753852436	0.0	0	0.0	1581.0396909576375	1	0	tensor(3)	2.2648621698739584
213657.9380743638	3000.0	923.1016165936579	0.0	0	0.0	1581.0396909576375	1	0	tensor(3)	2.2648621698739584
214450.9242325243	3000.0	1130.1154584331807	0.0	0	0.0	1581.0396909576375	1	0	tensor(3)	2.2648621698739584
215484.40608772132	3000.0	1096.6336032361412	0.0	0	0.0	1581.0396909576084	1	0	tensor(3)	2.2648621698739597
216337.99537074918	3000.0	1243.0443202082397	0.0	0	0.0	1581.0396909575793	1	0	tensor(3)	2.264862169873961
217200.0	3000.0	1381.0396909574597	0.0	0	312.4994541242486	1581.0396909575793	1	0	tensor(3)	2.264862169873961
218200.0	3000.0	1381.0396909574729	0.0	0	149.5804959757079	1581.0396909575793	1	0	tensor(3)	2.264862169873961
219200.0	3000.0	1381.039690957476	0.0	0	333.2192842645163	1581.0396909575793	1	0	tensor(3)	2.264862169873961
220200.0	3000.0	1381.0396909574981	0.0	0	56.32545121922158	1581.0396909575793	1	0	tensor(3)	2.264862169873961
221248.74986308368	3000.0	1332.2898278738262	0.0	0	0.0	1581.0396909575502	1	0	tensor(3)	2.264862169873962
222200.0	3000.0	1381.0396909575209	0.0	0	50.253446937102126	1581.0396909575502	1	0	tensor(3)	2.2648621698739624
223200.0	3000.0	1381.0396909574993	0.0	0	58.67012282679207	1581.039690957521	1	0	tensor(3)	2.2648621698739633
224200.0	3000.0	1381.039690957486	0.0	0	348.26959473159513	1581.0396909575502	1	0	tensor(3)	2.2648621698739624
225200.0	3000.0	1381.039690957444	0.0	0	269.7264283032855	1581.0396909575502	1	0	tensor(3)	2.2648621698739624
226338.59390495837	3000.0	1242.4457859990919	0.0	0	0.0	1581.0396909575502	1	0	tensor(3)	2.2648621698739624
227200.0	3000.0	1381.0396909574417	0.0	0	39.75238602756872	1581.039690957521	1	0	tensor(3)	2.2648621698739637
228200.0	3000.0	1381.0396909574583	0.0	0	28.614286731433822	1581.039690957521	1	0	tensor(3)	2.2648621698739637
229200.0	3000.0	1381.0396909574476	0.0	0	16.854799816792365	1581.0396909575502	1	0	tensor(3)	2.264862169873963
230200.0	3000.0	1381.039690957401	0.0	0	327.04250808877987	1581.0396909575502	1	0	tensor(3)	2.2648621698739624
231200.0	3000.0	1381.039690957421	0.0	0	113.99334111544886	1581.0396909575502	1	0	tensor(3)	2.264862169873962
232200.0	3000.0	1381.0396909574358	0.0	0	271.17296737708966	1581.0396909575793	1	0	tensor(3)	2.264862169873961
233200.0	3000.0	1381.0396909574215	0.0	0	55.25383644492831	1581.0396909575793	1	0	tensor(3)	2.264862169873961
234200.0	3000.0	1381.0396909574065	0.0	0	224.36269603320397	1581.0396909575502	1	0	tensor(3)	2.2648621698739624
235223.6620266508	3000.0	1357.377664306613	0.0	0	0.0	1581.0396909575502	1	0	tensor(3)	2.2648621698739624
236200.0	3000.0	1381.0396909574165	0.0	0	76.88523282838287	1581.0396909575502	1	0	tensor(3)	2.2648621698739624
237200.0	3000.0	1381.039690957404	0.0	0	364.8584812779736	1581.0396909575502	1	0	tensor(3)	2.2648621698739624
238200.0	3000.0	1381.03969095743	0.0	0	197.36701017132145	1581.0396909575502	1	0	tensor(3)	2.2648621698739624
239200.0	3000.0	1381.0396909574342	0.0	0	377.79159606804023	1581.0396909575502	1	0	tensor(3)	2.2648621698739624
240200.0	3000.0	1381.039690957449	0.0	0	118.08190986604313	1581.0396909575502	1	0	tensor(3)	2.2648621698739624
241200.0	3000.0	1381.0396909574642	0.0	0	80.05469228155562	1581.0396909576084	1	0	tensor(3)	2.26486216987396
242294.9327490166	3000.0	1286.1069419408514	0.0	0	0.0	1581.0396909575793	1	0	tensor(3)	2.2648621698739606
243200.0	3000.0	1381.0396909574104	0.0	0	21.663368602952687	1581.0396909575502	1	0	tensor(3)	2.2648621698739624
244200.0	3000.0	1381.0396909574256	0.0	0	135.03040674544172	1581.0396909575502	1	0	tensor(3)	2.2648621698739624
245200.0	3000.0	1381.039690957429	0.0	0	394.9451435773226	1581.0396909575502	1	0	tensor(3)	2.2648621698739624
246200.0	3000.0	1381.0396909574001	0.0	0	260.5525803449855	1581.0396909575793	1	0	tensor(3)	2.264862169873961
247200.0	3000.0	1381.0396909573988	0.0	0	67.23135562497191	1581.039690957521	1	0	tensor(3)	2.2648621698739633
248200.0	3000.0	1381.039690957395	0.0	0	89.4497056156979	1581.039690957521	1	0	tensor(3)	2.2648621698739637
249200.0	3000.0	1381.0396909574056	0.0	0	122.47316019033315	1581.039690957492	1	0	tensor(3)	2.2648621698739646
250328.23458524	3000.0	1252.8051057174303	0.0	0	0.0	1581.039690957492	1	0	tensor(3)	2.264862169873965
251416.4454469423	3000.0	1164.5942440151553	0.0	0	0.0	1581.039690957492	1	0	tensor(3)	2.264862169873965
252200.0	3000.0	1381.0396909574677	0.0	0	65.6007764848182	1581.039690957521	1	0	tensor(3)	2.2648621698739637
253200.0	3000.0	1381.0396909574642	0.0	0	3.423081525514135	1581.0396909575502	1	0	tensor(3)	2.264862169873963
254275.52241521288	3000.0	1305.5172757445596	0.0	0	0.0	1581.0396909575502	1	0	tensor(3)	2.2648621698739624
255200.0	3000.0	1381.039690957462	0.0	0	71.49699072589283	1581.0396909575502	1	0	tensor(3)	2.2648621698739624
256230.20874955264	3000.0	1350.8309414047972	0.0	0	0.0	1581.0396909575502	1	0	tensor(3)	2.2648621698739624
257200.0	3000.0	1381.0396909574451	0.0	0	303.5322319450497	1581.0396909575502	1	0	tensor(3)	2.2648621698739624
258200.0	3000.0	1381.0396909574374	0.0	0	34.1378438367974	1581.0396909575502	1	0	tensor(3)	2.2648621698739624
259200.0	3000.0	1381.0396909574292	0.0	0	374.2064090646163	1581.0396909575502	1	0	tensor(3)	2.2648621698739624
260200.0	3000.0	1381.039690957422	0.0	0	106.74215132385143	1581.0396909575502	1	0	tensor(3)	2.2648621698739624
261200.0	3000.0	1381.0396909574288	0.0	0	401.66393216725555	1581.039690957521	1	0	tensor(3)	2.2648621698739637
262200.0	3000.0	1381.039690957409	0.0	0	130.86775216754177	1581.0396909575502	1	0	tensor(3)	2.264862169873963
263200.0	3000.0	1381.0396909573967	0.0	0	246.831999415881	1581.0396909575502	1	0	tensor(3)	2.2648621698739624
264200.0	3000.0	1381.0396909574235	0.0	0	399.01739006169373	1581.0396909576375	1	0	tensor(3)	2.2648621698739593
265200.0	3000.0	1381.0396909573806	0.0	0	239.13192342902767	1581.0396909576375	1	0	tensor(3)	2.2648621698739584
266200.0	3000.0	1381.0396909573274	0.0	0	247.4218952729716	1581.0396909576375	1	0	tensor(3)	2.2648621698739584
267200.0	3000.0	1381.0396909572328	0.0	0	82.71369018073892	1581.0396909576375	1	0	tensor(3)	2.2648621698739584
268200.0	3000.0	1381.0396909572382	0.0	0	124.91197701840429	1581.0396909576375	1	0	tensor(3)	2.2648621698739584
269200.0	3000.0	1381.0396909572282	0.0	0	59.39709584659431	1581.0396909576375	1	0	tensor(3)	2.2648621698739584
270200.0	3000.0	1381.0396909572983	0.0	0	176.4959442031104	1581.0396909576375	1	0	tensor(3)	2.2648621698739584
271200.0	3000.0	1381.039690957341	0.0	0	394.92448724992573	1581.0396909576375	1	0	tensor(3)	2.2648621698739584
272300.26439368614	3000.0	1280.7752972712003	0.0	0	0.0	1581.0396909576375	1	0	tensor(3)	2.2648621698739584
273200.0	3000.0	1381.0396909573299	0.0	0	33.68744253559271	1581.0396909576375	1	0	tensor(3)	2.264862169873959
274200.0	3000.0	1381.0396909572632	0.0	0	92.88948484597495	1581.0396909575793	1	0	tensor(3)	2.264862169873961
275200.0	3000.0	1381.039690957215	0.0	0	399.1165231105988	1581.039690957521	1	0	tensor(3)	2.2648621698739637
276200.0	3000.0	1381.0396909572064	0.0	0	255.86832541698823	1581.0396909575793	1	0	tensor(3)	2.264862169873961
277200.0	3000.0	1381.039690957196	0.0	0	222.39795757003594	1581.0396909575793	1	0	tensor(3)	2.264862169873961
278287.55083932495	3000.0	1293.4888516322987	0.0	0	0.0	1581.0396909576375	1	0	tensor(3)	2.264862169873959
279368.4697299071	3000.0	1212.56996105008	0.0	0	0.0	1581.0396909576375	1	0	tensor(3)	2.2648621698739584
280253.9147696209	3000.0	1327.1249213362732	0.0	0	0.0	1581.0396909576375	1	0	tensor(3)	2.2648621698739584
281200.0	3000.0	1381.039690957246	0.0	0	211.20650112070143	1581.0396909576957	1	0	tensor(3)	2.2648621698739566
282200.0	3000.0	1381.0396909572978	0.0	0	237.09563416184392	1581.0396909576957	1	0	tensor(3)	2.2648621698739557
283200.0	3000.0	1381.0396909573146	0.0	0	364.56841453694506	1581.0396909576957	1	0	tensor(3)	2.2648621698739557
284260.9843372678	3000.0	1320.0553536895222	0.0	0	0.0	1581.0396909576957	1	0	tensor(3)	2.2648621698739557
285714.96860716346	3000.0	866.0710837937861	0.0	0	0.0	1581.0396909576957	1	0	tensor(3)	2.2648621698739557
286723.3999410977	3000.0	857.6397498595612	0.0	0	0.0	1581.0396909576957	1	0	tensor(3)	2.2648621698739557
287315.2980178872	3000.0	1265.7416730700652	0.0	0	0.0	1581.0396909576957	1	0	tensor(3)	2.2648621698739557
288363.8634445733	3000.0	1217.1762463840291	0.0	0	0.0	1581.039690957754	1	0	tensor(3)	2.2648621698739535
289200.0	3000.0	1381.0396909572885	0.0	0	16.181529243127443	1581.039690957754	1	0	tensor(3)	2.264862169873953
290218.4035029327	3000.0	1362.6361880245554	0.0	0	0.0	1581.039690957754	1	0	tensor(3)	2.264862169873953
291200.0	3000.0	1381.0396909572548	0.0	0	179.61315897013992	1581.039690957754	1	0	tensor(3)	2.264862169873953
292200.0	3000.0	1381.039690957293	0.0	0	18.902017178712413	1581.0396909578121	1	0	tensor(3)	2.2648621698739504
293200.0	3000.0	1381.039690957273	0.0	0	233.0399340368458	1581.0396909579285	1	0	tensor(3)	2.264862169873946
294200.0	3000.0	1381.0396909572817	0.0	0	177.95005444873823	1581.0396909579285	1	0	tensor(3)	2.2648621698739446
295200.0	3000.0	1381.039690957318	0.0	0	100.14985479635652	1581.0396909578703	1	0	tensor(3)	2.264862169873947
296253.7322592468	3000.0	1327.3074317105343	0.0	0	0.0	1581.0396909579285	1	0	tensor(3)	2.264862169873945
297200.0	3000.0	1381.039690957404	0.0	0	124.76535712031182	1581.0396909579285	1	0	tensor(3)	2.2648621698739446
298200.0	3000.0	1381.039690957482	0.0	0	28.84873222647002	1581.0396909579285	1	0	tensor(3)	2.2648621698739446
299200.0	3000.0	1381.0396909574742	0.0	0	380.2259779063752	1581.0396909579285	1	0	tensor(3)	2.2648621698739446
300518.360121326	3000.0	1062.6795696314898	0.0	0	0.0	1581.0396909579285	1	0	tensor(3)	2.2648621698739446
301210.5678010476	3000.0	1370.4718899098773	0.0	0	0.0	1581.0396909578703	1	0	tensor(3)	2.2648621698739473
302200.0	3000.0	1381.0396909574367	0.0	0	17.506614903511945	1581.0396909578703	1	0	tensor(3)	2.2648621698739473
4.26	3.08	2.2	3.83	3.74	2.97	3.02	3.5	3.17	3.26	2.84	2.63	2.99	3.39	2.72	2.87	2.88	1.46	4.49	4.4	3.89	4.24	3.5	3.64	4.38	3.5	3.01	2.21	2.59	4.84	3.32	3.45	3.13	4.18	3.5	2.8	3.17	3.8	4.17	4.94	3.85	3.15	3.86	3.76	3.26	3.83	4.12	3.72	3.53	3.1	3.79	3.14	2.77	2.64	4.01	4.14	3.14	3.79	2.71	3.95	3.42	3.27	4.6	3.41	5.27	3.65	4.01	3.32	3.44	2.91	4.36	3.89	3.79	3.44	2.27	3.88	3.46	3.7	4.7	3.72	3.13	4.69	3.46	2.95	3.98	4.59	3.94	3.96	4.03	3.27	3.08	4.25	4.63	3.89	3.89	3.92	4.69	2.91	4.34	2.27	4.6	3.57	2.46	3.68	3.58	3.3	4.12	3.31	5.29	4.6	4.3	4.52	3.06	3.76	3.29	3.59	4.2	3.54	4.27	3.97	3.3	3.75	3.63	4.75	4.22	4.0	3.7	3.5	3.46	3.58	4.26	3.73	2.58	2.68	3.29	4.44	2.99	4.41	3.73	3.3	3.35	3.96	4.08	4.37	3.21	3.56	4.78	3.72	2.43	4.07	4.26	3.08	2.2	3.83	3.74	2.97	3.02	3.5	3.17	3.26	2.84	2.63	2.99	3.39	2.72	2.87	2.88	1.46	4.49	4.4	3.89	4.24	3.5	3.64	4.38	3.5	3.01	2.21	2.59	4.84	3.32	3.45	3.13	4.18	3.5	2.8	3.17	3.8	4.17	4.94	3.85	3.15	3.86	3.76	3.26	3.83	4.12	3.72	3.53	3.1	3.79	3.14	2.77	2.64	4.01	4.14	3.14	3.79	2.71	3.95	3.42	3.27	4.6	3.41	5.27	3.65	4.01	3.32	3.44	2.91	4.36	3.89	3.79	3.44	2.27	3.88	3.46	3.7	4.7	3.72	3.13	4.69	3.46	2.95	3.98	4.59	3.94	3.96	4.03	3.27	3.08	4.25	4.63	3.89	3.89	3.92	4.69	2.91	4.34	2.27	4.6	3.57	2.46	3.68	3.58	3.3	4.12	3.31	5.29	4.6	4.3	4.52	3.06	3.76	3.29	3.59	4.2	3.54	4.27	3.97	3.3	3.75	3.63	4.75	4.22	4.0	3.7	3.5	3.46	3.58	4.26	3.73	2.58	2.68	3.29	4.44	2.99	4.41	3.73	3.3	3.35	3.96	4.08	4.37	3.21	3.56	4.78	3.72	2.43	4.07	4.26	3.08	2.2
1.0	2.0	3.0	4.0	5.0	6.0	7.0	8.0	9.0	10.0	11.0	12.0	13.0	14.0	15.0	16.0	17.0	18.0	19.0	20.0	21.0	22.0	23.0	24.0	25.0	26.0	27.0	28.0	29.0	30.0	31.0	32.0	33.0	34.0	35.0	36.0	37.0	38.0	39.0	40.0	41.0	42.0	43.0	44.0	45.0	46.0	47.0	48.0	49.0	50.0	51.0	52.0	53.0	54.0	55.0	56.0	57.0	58.0	59.0	60.0	61.0	62.0	63.0	64.0	65.0	66.0	67.0	68.0	69.0	70.0	71.0	72.0	73.0	74.0	75.0	76.0	77.0	78.0	79.0	80.0	81.0	82.0	83.0	84.0	85.0	86.0	87.0	88.0	89.0	90.0	91.0	92.0	93.0	94.0	95.0	96.0	97.0	98.0	99.0	100.0	101.0	102.0	103.0	104.0	105.0	106.0	107.0	108.0	109.0	110.0	111.0	112.0	113.0	114.0	115.0	116.0	117.0	118.0	119.0	120.0	121.0	122.0	123.0	124.0	125.0	126.0	127.0	128.0	129.0	130.0	131.0	132.0	133.0	134.0	135.0	136.0	137.0	138.0	139.0	140.0	141.0	142.0	143.0	144.0	145.0	146.0	147.0	148.0	149.0	149.0	150.0	151.0	152.0	153.0	154.0	155.0	156.0	157.0	158.0	159.0	160.0	161.0	162.0	163.0	164.0	165.0	166.0	167.0	168.0	169.0	170.0	171.0	172.0	173.0	174.0	175.0	176.0	177.0	178.0	179.0	180.0	181.0	182.0	183.0	184.0	185.0	186.0	187.0	188.0	189.0	190.0	191.0	192.0	193.0	194.0	195.0	196.0	197.0	198.0	199.0	200.0	201.0	202.0	203.0	204.0	205.0	206.0	207.0	208.0	209.0	210.0	211.0	212.0	213.0	214.0	215.0	216.0	217.0	218.0	219.0	220.0	221.0	222.0	223.0	224.0	225.0	226.0	227.0	228.0	229.0	230.0	231.0	232.0	233.0	234.0	235.0	236.0	237.0	238.0	239.0	240.0	241.0	242.0	243.0	244.0	245.0	246.0	247.0	248.0	249.0	250.0	251.0	252.0	253.0	254.0	255.0	256.0	257.0	258.0	259.0	260.0	261.0	262.0	263.0	264.0	265.0	266.0	267.0	268.0	269.0	270.0	271.0	272.0	273.0	274.0	275.0	276.0	277.0	278.0	279.0	280.0	281.0	282.0	283.0	284.0	285.0	286.0	287.0	288.0	289.0	290.0	291.0	292.0	293.0	294.0	295.0	296.0	297.0	298.0	298.0	299.0	300.0	301.0
2753.29570882001
