3715.874253219955	1000.0	2000.0	184.74557291626618	0	0.0	3715.874253219955	1	0	tensor(2)	-1.6558212572832505
4785.485605510366	6000.0	1930.388647709588	0.0	0	0.0	3715.874253219955	1	0	tensor(3)	0.6440784138382003
5577.617163422812	6000.0	2138.257089797142	0.0	0	0.0	3715.874253219954	1	0	tensor(3)	2.635837883066255
6128.340256919827	6000.0	2587.5339963001265	0.0	0	0.0	3715.8742532199544	1	0	tensor(3)	2.6358378830662548
6527.580884819162	6000.0	3188.293368400793	0.0	0	0.0	3715.874253219956	1	0	tensor(3)	2.6358378830662548
7200.0	6000.0	3515.8742532199553	0.0	0	44.94485723718117	3715.8742532199562	1	0	tensor(3)	2.6358378830662548
8200.0	6000.0	3515.8742532199553	0.0	0	516.1830536064645	3715.8742532199567	1	0	tensor(3)	2.6358378830662543
9200.0	6000.0	3515.8742532199544	0.0	0	86.83007899178301	3715.874253219956	1	0	tensor(3)	2.6358378830662548
10541.84986749191	6000.0	3174.024385728044	0.0	0	0.0	3715.874253219955	1	0	tensor(3)	2.6358378830662548
11452.31870310853	6000.0	3263.5555501114222	0.0	0	0.0	3715.874253219955	1	0	tensor(3)	2.6358378830662548
12407.79933875079	6000.0	3308.074914469165	0.0	0	0.0	3715.874253219956	1	0	tensor(3)	2.6358378830662548
13313.198575493869	6000.0	3402.6756777260857	0.0	0	0.0	3715.874253219956	1	0	tensor(3)	2.6358378830662548
14200.0	6000.0	3515.8742532199544	0.0	0	290.13967149928067	3715.8742532199576	1	0	tensor(3)	2.635837883066254
15200.0	6000.0	3515.874253219953	0.0	0	181.51950304235106	3715.8742532199576	1	0	tensor(3)	2.635837883066254
16200.0	6000.0	3515.874253219952	0.0	0	102.20303878307277	3715.8742532199576	1	0	tensor(3)	2.635837883066254
17200.0	6000.0	3515.8742532199526	0.0	0	394.29776714306354	3715.8742532199576	1	0	tensor(3)	2.635837883066254
18200.0	6000.0	3515.874253219953	0.0	0	144.7760951913515	3715.8742532199594	1	0	tensor(3)	2.6358378830662534
19376.84185644967	6000.0	3339.0323967702843	0.0	0	0.0	3715.8742532199612	1	0	tensor(3)	2.635837883066253
20200.0	6000.0	3515.8742532199562	0.0	0	238.39457455238517	3715.8742532199612	1	0	tensor(3)	2.6358378830662526
21200.0	6000.0	3515.8742532199562	0.0	0	193.0538579177046	3715.8742532199612	1	0	tensor(3)	2.6358378830662526
22200.0	6000.0	3515.8742532199544	0.0	0	444.0616705581415	3715.8742532199576	1	0	tensor(3)	2.635837883066254
23200.0	6000.0	3515.874253219957	0.0	0	196.63218059734209	3715.8742532199576	1	0	tensor(3)	2.635837883066254
24200.0	6000.0	3515.874253219956	0.0	0	365.7618243908146	3715.8742532199576	1	0	tensor(3)	2.635837883066254
25200.0	6000.0	3515.874253219952	0.0	0	166.70431726788593	3715.8742532199576	1	0	tensor(3)	2.635837883066254
26212.232193245913	6000.0	3503.642059974038	0.0	0	0.0	3715.8742532199576	1	0	tensor(3)	2.635837883066254
27200.0	6000.0	3515.874253219955	0.0	0	271.3269480454728	3715.8742532199612	1	0	tensor(3)	2.6358378830662526
28200.0	6000.0	3515.874253219954	0.0	0	346.36807069539645	3715.8742532199612	1	0	tensor(3)	2.6358378830662526
29200.0	6000.0	3515.874253219954	0.0	0	32.77770785842222	3715.8742532199612	1	0	tensor(3)	2.6358378830662526
30200.0	6000.0	3515.8742532199553	0.0	0	336.52571901184274	3715.8742532199612	1	0	tensor(3)	2.6358378830662526
31316.445505053227	6000.0	3399.42874816673	0.0	0	0.0	3715.8742532199612	1	0	tensor(3)	2.6358378830662526
32411.71687422328	6000.0	3304.15737899668	0.0	0	0.0	3715.8742532199612	1	0	tensor(3)	2.6358378830662526
33299.5062982221	6000.0	3416.3679549978647	0.0	0	0.0	3715.874253219965	1	0	tensor(3)	2.635837883066252
34200.0	6000.0	3515.8742532199667	0.0	0	281.2389946607873	3715.874253219965	1	0	tensor(3)	2.6358378830662517
35200.0	6000.0	3515.874253219967	0.0	0	325.76496497194603	3715.8742532199685	1	0	tensor(3)	2.6358378830662503
36200.0	6000.0	3515.8742532199676	0.0	0	491.25692920461734	3715.874253219972	1	0	tensor(3)	2.63583788306625
37200.0	6000.0	3515.874253219967	0.0	0	524.9963848236221	3715.8742532199685	1	0	tensor(3)	2.63583788306625
38200.0	6000.0	3515.874253219961	0.0	0	277.6319812895963	3715.8742532199685	1	0	tensor(3)	2.6358378830662503
39200.0	6000.0	3515.8742532199644	0.0	0	394.00001934466854	3715.8742532199685	1	0	tensor(3)	2.6358378830662503
40200.0	6000.0	3515.8742532199713	0.0	0	297.8249048725629	3715.8742532199685	1	0	tensor(3)	2.6358378830662503
41200.0	6000.0	3515.8742532199813	0.0	0	94.6893389482284	3715.874253219976	1	0	tensor(3)	2.6358378830662477
42200.0	6000.0	3515.874253219983	0.0	0	57.689078404247994	3715.874253219976	1	0	tensor(3)	2.6358378830662477
43200.0	6000.0	3515.8742532199794	0.0	0	203.31537827599823	3715.874253219983	1	0	tensor(3)	2.6358378830662454
44200.0	6000.0	3515.8742532199803	0.0	0	404.66940046048694	3715.874253219983	1	0	tensor(3)	2.6358378830662454
45200.0	6000.0	3515.8742532199844	0.0	0	339.2004512877684	3715.874253219983	1	0	tensor(3)	2.6358378830662454
46200.0	6000.0	3515.874253219979	0.0	0	228.4608260185778	3715.874253219983	1	0	tensor(3)	2.6358378830662454
47200.0	6000.0	3515.8742532199813	0.0	0	295.4833823060544	3715.874253219983	1	0	tensor(3)	2.6358378830662454
48817.588971322584	6000.0	2898.285281897395	0.0	0	0.0	3715.874253219976	1	0	tensor(3)	2.6358378830662477
50086.06371169208	6000.0	2629.8105415279015	0.0	0	0.0	3715.874253219976	1	0	tensor(3)	2.6358378830662477
50882.68768487376	6000.0	2833.1865683462165	0.0	0	0.0	3715.874253219976	1	0	tensor(3)	2.6358378830662477
51804.71175522747	6000.0	2911.162497992502	0.0	0	0.0	3715.874253219976	1	0	tensor(3)	2.6358378830662477
52299.88353770824	6000.0	3415.9907155117376	0.0	0	0.0	3715.874253219976	1	0	tensor(3)	2.6358378830662477
53200.0	6000.0	3515.8742532199803	0.0	0	37.286135651193035	3715.874253219976	1	0	tensor(3)	2.6358378830662477
54542.208849466806	6000.0	3173.665403753168	0.0	0	0.0	3715.874253219976	1	0	tensor(3)	2.6358378830662477
55547.295164820585	6000.0	3168.5790883993895	0.0	0	0.0	3715.874253219976	1	0	tensor(3)	2.6358378830662477
56804.54890380793	6000.0	2911.3253494120463	0.0	0	0.0	3715.874253219983	1	0	tensor(3)	2.6358378830662454
57891.28257094398	6000.0	2824.591682275999	0.0	0	0.0	3715.874253219983	1	0	tensor(3)	2.6358378830662454
58840.419985065775	6000.0	2875.4542681542052	0.0	0	0.0	3715.8742532199904	1	0	tensor(3)	2.6358378830662432
59847.31548782989	6000.0	2868.558765390086	0.0	0	0.0	3715.8742532199904	1	0	tensor(3)	2.6358378830662432
61156.50566108221	6000.0	2559.368592137771	0.0	0	0.0	3715.8742532199904	1	0	tensor(3)	2.6358378830662432
62039.853642533366	6000.0	2676.020610686612	0.0	0	0.0	3715.8742532199904	1	0	tensor(3)	2.6358378830662432
62715.10518118401	6000.0	3000.7690720359697	0.0	0	0.0	3715.874253219983	1	0	tensor(3)	2.6358378830662454
63572.92585240274	6000.0	3142.948400817239	0.0	0	0.0	3715.874253219976	1	0	tensor(3)	2.6358378830662477
64702.49700279275	6000.0	3013.377250427224	0.0	0	0.0	3715.874253219976	1	0	tensor(3)	2.6358378830662477
65851.3865573196	6000.0	2864.4876959003905	0.0	0	0.0	3715.8742532199904	1	0	tensor(3)	2.6358378830662454
66641.58034327943	6000.0	3074.293909940547	0.0	0	0.0	3715.874253219983	1	0	tensor(3)	2.635837883066247
67447.19678261381	6000.0	3268.677470606175	0.0	0	0.0	3715.8742532199904	1	0	tensor(3)	2.635837883066243
68200.0	6000.0	3515.874253219979	0.0	0	115.4444824167731	3715.874253219983	1	0	tensor(3)	2.6358378830662437
69347.05034369146	6000.0	3368.8239095285103	0.0	0	0.0	3715.874253219983	1	0	tensor(3)	2.635837883066246
70200.0	6000.0	3515.8742532199644	0.0	0	45.03790216491325	3715.874253219983	1	0	tensor(3)	2.6358378830662454
71200.0	6000.0	3515.874253219962	0.0	0	355.6122534860333	3715.874253219983	1	0	tensor(3)	2.6358378830662454
72200.0	6000.0	3515.8742532199576	0.0	0	287.0912232290866	3715.8742532199976	1	0	tensor(3)	2.6358378830662406
73200.0	6000.0	3515.874253219951	0.0	0	277.4840034290246	3715.8742532199976	1	0	tensor(3)	2.6358378830662406
74200.0	6000.0	3515.8742532199594	0.0	0	432.2420855040109	3715.8742532199976	1	0	tensor(3)	2.6358378830662406
75200.0	6000.0	3515.8742532199426	0.0	0	215.55312288849382	3715.8742532199976	1	0	tensor(3)	2.6358378830662406
76200.0	6000.0	3515.8742532199253	0.0	0	4.5441352283378365	3715.8742532199976	1	0	tensor(3)	2.6358378830662406
77232.97144865952	6000.0	3482.9028045604077	0.0	0	0.0	3715.8742532199976	1	0	tensor(3)	2.6358378830662406
78519.99836337351	6000.0	3195.8758898464316	0.0	0	0.0	3715.8742532199976	1	0	tensor(3)	2.6358378830662406
79200.0	6000.0	3515.874253219927	0.0	0	56.23046421207255	3715.8742532199976	1	0	tensor(3)	2.6358378830662406
80200.0	6000.0	3515.874253219906	0.0	0	63.47067813036847	3715.8742532199976	1	0	tensor(3)	2.6358378830662406
81674.66970024766	6000.0	3041.2045529722664	0.0	0	0.0	3715.8742532199976	1	0	tensor(3)	2.6358378830662406
82556.88572950686	6000.0	3158.9885237130757	0.0	0	0.0	3715.8742532199976	1	0	tensor(3)	2.6358378830662406
83312.6526814535	6000.0	3403.2215717664108	0.0	0	0.0	3715.8742532199976	1	0	tensor(3)	2.6358378830662406
84257.66900383405	6000.0	3458.2052493858596	0.0	0	0.0	3715.8742532199976	1	0	tensor(3)	2.6358378830662406
85200.0	6000.0	3515.874253219902	0.0	0	313.28955333500926	3715.8742532199976	1	0	tensor(3)	2.6358378830662406
86200.0	6000.0	3515.8742532199017	0.0	0	211.02505864381965	3715.8742532199976	1	0	tensor(3)	2.6358378830662406
87200.0	6000.0	3515.874253219886	0.0	0	252.01890449572238	3715.8742532199976	1	0	tensor(3)	2.6358378830662406
88200.0	6000.0	3515.8742532198758	0.0	0	313.84397136473854	3715.8742532199976	1	0	tensor(3)	2.6358378830662406
89200.0	6000.0	3515.874253219873	0.0	0	167.58078906001174	3715.8742532199976	1	0	tensor(3)	2.6358378830662406
90352.70947465512	6000.0	3363.164778564761	0.0	0	0.0	3715.874253220012	1	0	tensor(3)	2.6358378830662357
91496.79376817858	6000.0	3219.0804850412796	0.0	0	0.0	3715.8742532199976	1	0	tensor(3)	2.6358378830662406
92691.82142810506	6000.0	3024.0528251148253	0.0	0	0.0	3715.8742532199976	1	0	tensor(3)	2.6358378830662406
93436.88065804653	6000.0	3278.9935951733714	0.0	0	0.0	3715.874253220012	1	0	tensor(3)	2.6358378830662357
94200.0	6000.0	3515.8742532199053	0.0	0	154.48811871666112	3715.8742532199976	1	0	tensor(3)	2.6358378830662406
95200.0	6000.0	3515.8742532199203	0.0	0	363.06829147624376	3715.8742532199976	1	0	tensor(3)	2.6358378830662406
96200.0	6000.0	3515.874253219913	0.0	0	272.13205372991797	3715.8742532199976	1	0	tensor(3)	2.6358378830662406
97200.0	6000.0	3515.8742532199303	0.0	0	253.33439950764296	3715.8742532199976	1	0	tensor(3)	2.6358378830662406
98335.13729774134	6000.0	3380.7369554786096	0.0	0	0.0	3715.874253220012	1	0	tensor(3)	2.6358378830662357
99325.2392025078	6000.0	3390.6350507121483	0.0	0	0.0	3715.874253220012	1	0	tensor(3)	2.6358378830662357
100420.44024119672	6000.0	3295.4340120232373	0.0	0	0.0	3715.874253220012	1	0	tensor(3)	2.6358378830662357
101226.86230669246	6000.0	3489.011946527491	0.0	0	0.0	3715.874253220012	1	0	tensor(3)	2.6358378830662357
102200.0	6000.0	3515.8742532199567	0.0	0	217.83305990867666	3715.874253220012	1	0	tensor(3)	2.6358378830662357
103200.0	6000.0	3515.8742532199526	0.0	0	102.98941656807438	3715.8742532199976	1	0	tensor(3)	2.6358378830662406
104200.0	6000.0	3515.8742532199594	0.0	0	203.8208581367944	3715.874253220012	1	0	tensor(3)	2.6358378830662357
105200.0	6000.0	3515.8742532199485	0.0	0	99.3755265884538	3715.8742532199976	1	0	tensor(3)	2.6358378830662406
106200.0	6000.0	3515.8742532199603	0.0	0	368.962405674989	3715.874253220012	1	0	tensor(3)	2.6358378830662357
107431.44930850275	6000.0	3284.424944717212	0.0	0	0.0	3715.874253220012	1	0	tensor(3)	2.6358378830662357
108992.43157145804	6000.0	2723.442681761915	0.0	0	0.0	3715.8742532199976	1	0	tensor(3)	2.6358378830662406
110280.3402168702	6000.0	2435.534036349775	0.0	0	0.0	3715.8742532199976	1	0	tensor(3)	2.6358378830662406
111581.54344370829	6000.0	2134.3308095116936	0.0	0	0.0	3715.8742532199976	1	0	tensor(3)	2.6358378830662406
112711.10671830445	6000.0	2004.767534915517	0.0	0	0.0	3715.8742532199685	1	0	tensor(3)	2.635837883066248
113400.62204901416	6000.0	2315.2522042058167	0.0	0	0.0	3715.8742532199685	1	0	tensor(3)	2.6358378830662503
114003.27169028949	6000.0	2712.6025629304872	0.0	0	0.0	3715.874253219954	1	0	tensor(3)	2.635837883066255
114681.01994847509	6000.0	3034.854304744879	0.0	0	0.0	3715.874253219954	1	0	tensor(3)	2.635837883066255
115733.18293635178	6000.0	2982.691316868187	0.0	0	0.0	3715.8742532199394	1	0	tensor(3)	2.6358378830662597
116518.36863899873	6000.0	3197.5056142212234	0.0	0	0.0	3715.8742532199394	1	0	tensor(3)	2.6358378830662597
117240.2412417045	6000.0	3475.6330115154396	0.0	0	0.0	3715.8742532199394	1	0	tensor(3)	2.6358378830662597
118200.0	6000.0	3515.87425321995	0.0	0	115.88853388790449	3715.8742532199394	1	0	tensor(3)	2.6358378830662597
119200.0	6000.0	3515.874253219955	0.0	0	229.0535416710918	3715.8742532199394	1	0	tensor(3)	2.6358378830662597
120204.26914996817	6000.0	3511.6051032517807	0.0	0	0.0	3715.8742532199394	1	0	tensor(3)	2.6358378830662597
121200.0	6000.0	3515.874253219943	0.0	0	142.94784654970863	3715.8742532199394	1	0	tensor(3)	2.6358378830662597
122494.55567347149	6000.0	3221.318579748453	0.0	0	0.0	3715.8742532199394	1	0	tensor(3)	2.6358378830662597
123200.0	6000.0	3515.874253219944	0.0	0	148.5933661293966	3715.8742532199394	1	0	tensor(3)	2.6358378830662597
124200.0	6000.0	3515.8742532199503	0.0	0	271.27274681348354	3715.874253219925	1	0	tensor(3)	2.635837883066265
125200.0	6000.0	3515.8742532199544	0.0	0	344.7122288201208	3715.874253219925	1	0	tensor(3)	2.635837883066265
126200.0	6000.0	3515.874253219954	0.0	0	100.93550370368757	3715.874253219925	1	0	tensor(3)	2.635837883066265
127200.0	6000.0	3515.874253219925	0.0	0	240.28490296116797	3715.874253219925	1	0	tensor(3)	2.635837883066265
128200.0	6000.0	3515.8742532199117	0.0	0	308.3210449623584	3715.874253219925	1	0	tensor(3)	2.635837883066265
129200.0	6000.0	3515.874253219903	0.0	0	565.1456181338581	3715.874253219925	1	0	tensor(3)	2.635837883066265
130200.0	6000.0	3515.8742532199	0.0	0	496.8741085436195	3715.874253219925	1	0	tensor(3)	2.635837883066265
131200.0	6000.0	3515.8742532198967	0.0	0	265.5334173147712	3715.874253219925	1	0	tensor(3)	2.635837883066265
132639.8499828733	6000.0	3076.024270346591	0.0	0	0.0	3715.8742532199394	1	0	tensor(3)	2.6358378830662623
133299.81813352113	6000.0	3416.056119698734	0.0	0	0.0	3715.8742532198958	1	0	tensor(3)	2.6358378830662725
134200.0	6000.0	3515.8742532198567	0.0	0	103.08253469347255	3715.8742532198958	1	0	tensor(3)	2.635837883066278
135200.0	6000.0	3515.874253219861	0.0	0	482.45150195714086	3715.8742532198958	1	0	tensor(3)	2.6358378830662748
136513.8965033783	6000.0	3201.977749841575	0.0	0	0.0	3715.8742532198958	1	0	tensor(3)	2.6358378830662748
137315.60775060666	6000.0	3400.266502613237	0.0	0	0.0	3715.874253219925	1	0	tensor(3)	2.635837883066265
138200.0	6000.0	3515.8742532199303	0.0	0	62.21863609366119	3715.874253219925	1	0	tensor(3)	2.635837883066265
139200.0	6000.0	3515.8742532198858	0.0	0	411.87989185677725	3715.8742532198958	1	0	tensor(3)	2.6358378830662748
140200.0	6000.0	3515.874253219842	0.0	0	288.44761907693464	3715.874253219925	1	0	tensor(3)	2.635837883066265
141200.0	6000.0	3515.874253219808	0.0	0	406.11745679937303	3715.8742532198958	1	0	tensor(3)	2.6358378830662748
142200.0	6000.0	3515.8742532197803	0.0	0	553.7518712698075	3715.8742532198958	1	0	tensor(3)	2.6358378830662748
143200.0	6000.0	3515.8742532197634	0.0	0	422.977426619007	3715.8742532198958	1	0	tensor(3)	2.6358378830662748
144200.0	6000.0	3515.8742532197343	0.0	0	333.12284648697823	3715.8742532198958	1	0	tensor(3)	2.6358378830662748
145200.0	6000.0	3515.8742532197384	0.0	0	329.6939292162424	3715.8742532198958	1	0	tensor(3)	2.6358378830662748
146200.0	6000.0	3515.8742532197834	0.0	0	461.144737668772	3715.8742532198958	1	0	tensor(3)	2.6358378830662748
147200.0	6000.0	3515.8742532197693	0.0	0	70.67474552305066	3715.8742532198958	1	0	tensor(3)	2.6358378830662748
148200.0	6000.0	3515.8742532197534	0.0	0	216.96279220515862	3715.8742532198958	1	0	tensor(3)	2.6358378830662748
149200.0	6000.0	3515.8742532197684	0.0	0	344.91705858768546	3715.8742532198958	1	0	tensor(3)	2.6358378830662748
150200.0	6000.0	3515.8742532197407	0.0	0	181.60842885047896	3715.8742532198958	1	0	tensor(3)	2.6358378830662748
151200.0	6000.0	3515.874253219753	0.0	0	494.135903927905	3715.8742532198958	1	0	tensor(3)	2.6358378830662748
152200.0	6000.0	3515.874253219717	0.0	0	319.76863087221864	3715.8742532198958	1	0	tensor(3)	2.6358378830662748
153200.0	6000.0	3515.8742532197066	0.0	0	211.40478222162346	3715.8742532198958	1	0	tensor(3)	2.6358378830662748
154200.0	6000.0	3515.8742532197484	0.0	0	99.21758145964122	3715.8742532198958	1	0	tensor(3)	2.6358378830662748
155200.0	6000.0	3515.874253219768	0.0	0	265.4456014504249	3715.874253219925	1	0	tensor(3)	2.635837883066265
156200.0	6000.0	3515.874253219775	0.0	0	431.61658930414706	3715.874253219925	1	0	tensor(3)	2.635837883066265
157200.0	6000.0	3515.87425321978	0.0	0	488.64548408199335	3715.874253219925	1	0	tensor(3)	2.635837883066265
158200.0	6000.0	3515.8742532197816	0.0	0	282.8109877721581	3715.874253219925	1	0	tensor(3)	2.635837883066265
159200.0	6000.0	3515.874253219762	0.0	0	146.8450589851418	3715.874253219925	1	0	tensor(3)	2.635837883066265
160200.0	6000.0	3515.8742532197357	0.0	0	342.58372649300145	3715.874253219925	1	0	tensor(3)	2.635837883066265
161200.0	6000.0	3515.874253219751	0.0	0	394.6254396781442	3715.8742532198958	1	0	tensor(3)	2.6358378830662748
162200.0	6000.0	3515.8742532197443	0.0	0	327.04594632817316	3715.8742532198667	1	0	tensor(3)	2.6358378830662845
163200.0	6000.0	3515.8742532197434	0.0	0	197.17796455114149	3715.8742532198667	1	0	tensor(3)	2.6358378830662845
164200.0	6000.0	3515.8742532197184	0.0	0	278.12935859747813	3715.8742532198667	1	0	tensor(3)	2.6358378830662845
165200.0	6000.0	3515.87425321971	0.0	0	88.8141413317644	3715.8742532198667	1	0	tensor(3)	2.6358378830662845
166200.0	6000.0	3515.874253219711	0.0	0	375.8140856718237	3715.8742532198667	1	0	tensor(3)	2.6358378830662845
167200.0	6000.0	3515.8742532197352	0.0	0	189.89624419430038	3715.8742532198667	1	0	tensor(3)	2.6358378830662845
168282.4174639346	6000.0	3433.456789285123	0.0	0	0.0	3715.8742532198667	1	0	tensor(3)	2.6358378830662845
169200.0	6000.0	3515.8742532197416	0.0	0	103.42421220929828	3715.8742532198958	1	0	tensor(3)	2.6358378830662748
170200.0	6000.0	3515.8742532197707	0.0	0	204.4588222312741	3715.8742532198958	1	0	tensor(3)	2.6358378830662748
171200.0	6000.0	3515.874253219742	0.0	0	139.6736038234376	3715.8742532198667	1	0	tensor(3)	2.6358378830662845
172200.0	6000.0	3515.874253219718	0.0	0	288.5137059005792	3715.8742532198667	1	0	tensor(3)	2.6358378830662845
173200.0	6000.0	3515.8742532197484	0.0	0	456.6854063596402	3715.8742532198667	1	0	tensor(3)	2.6358378830662845
174200.0	6000.0	3515.8742532197493	0.0	0	215.41060115525033	3715.8742532198958	1	0	tensor(3)	2.6358378830662748
175200.0	6000.0	3515.8742532197602	0.0	0	382.2908168809954	3715.8742532198958	1	0	tensor(3)	2.6358378830662748
176200.0	6000.0	3515.874253219765	0.0	0	380.80061945834314	3715.8742532198958	1	0	tensor(3)	2.6358378830662748
177200.0	6000.0	3515.8742532197703	0.0	0	215.50020608477644	3715.874253219925	1	0	tensor(3)	2.635837883066265
178200.0	6000.0	3515.8742532197853	0.0	0	239.93097195617156	3715.874253219925	1	0	tensor(3)	2.635837883066265
179200.0	6000.0	3515.874253219794	0.0	0	408.1870279023715	3715.874253219925	1	0	tensor(3)	2.635837883066265
180200.0	6000.0	3515.8742532198207	0.0	0	13.334089914947981	3715.874253219925	1	0	tensor(3)	2.635837883066265
181200.0	6000.0	3515.874253219815	0.0	0	266.6223175493069	3715.874253219925	1	0	tensor(3)	2.635837883066265
182200.0	6000.0	3515.8742532198094	0.0	0	149.77392970974324	3715.874253219925	1	0	tensor(3)	2.635837883066265
183200.0	6000.0	3515.874253219834	0.0	0	112.09995040416834	3715.8742532198958	1	0	tensor(3)	2.6358378830662748
184200.0	6000.0	3515.8742532198444	0.0	0	372.62955963157583	3715.8742532198958	1	0	tensor(3)	2.6358378830662748
185200.0	6000.0	3515.8742532198244	0.0	0	518.6249677190499	3715.8742532198958	1	0	tensor(3)	2.6358378830662748
186200.0	6000.0	3515.8742532198266	0.0	0	184.02035382390022	3715.8742532198958	1	0	tensor(3)	2.6358378830662748
187200.0	6000.0	3515.8742532198703	0.0	0	305.86389514862094	3715.8742532198958	1	0	tensor(3)	2.6358378830662748
188200.0	6000.0	3515.8742532198876	0.0	0	256.1206776885665	3715.8742532198667	1	0	tensor(3)	2.6358378830662845
189200.0	6000.0	3515.874253219872	0.0	0	298.1652779218275	3715.8742532198958	1	0	tensor(3)	2.6358378830662748
190234.2258833955	6000.0	3481.648369824363	0.0	0	0.0	3715.8742532198958	1	0	tensor(3)	2.6358378830662748
191200.0	6000.0	3515.8742532198557	0.0	0	93.9030694544781	3715.8742532198958	1	0	tensor(3)	2.6358378830662748
192200.0	6000.0	3515.87425321986	0.0	0	185.71004305157112	3715.8742532198958	1	0	tensor(3)	2.6358378830662748
193200.0	6000.0	3515.874253219837	0.0	0	458.67924317042343	3715.8742532198958	1	0	tensor(3)	2.6358378830662748
194200.0	6000.0	3515.8742532198435	0.0	0	232.92029042419745	3715.874253219925	1	0	tensor(3)	2.635837883066265
195200.0	6000.0	3515.8742532198066	0.0	0	227.97815388676827	3715.8742532198958	1	0	tensor(3)	2.6358378830662748
196200.0	6000.0	3515.874253219802	0.0	0	453.67355630613747	3715.8742532198958	1	0	tensor(3)	2.6358378830662748
197462.433573751	6000.0	3253.440679468792	0.0	0	0.0	3715.874253219925	1	0	tensor(3)	2.635837883066265
198496.8498352993	6000.0	3219.0244179205074	0.0	0	0.0	3715.874253219925	1	0	tensor(3)	2.635837883066265
199685.69015247378	6000.0	3030.184100746026	0.0	0	0.0	3715.874253219925	1	0	tensor(3)	2.635837883066265
200529.39489125522	6000.0	3186.479361964594	0.0	0	0.0	3715.874253219925	1	0	tensor(3)	2.635837883066265
201200.0	6000.0	3515.8742532198003	0.0	0	51.82217586922343	3715.874253219925	1	0	tensor(3)	2.635837883066265
202272.5704461109	6000.0	3443.3038071088886	0.0	0	0.0	3715.874253219925	1	0	tensor(3)	2.635837883066265
203451.78075053243	6000.0	3264.093502687393	0.0	0	0.0	3715.874253219954	1	0	tensor(3)	2.635837883066255
204385.63293076135	6000.0	3330.241322458485	0.0	0	0.0	3715.874253219954	1	0	tensor(3)	2.635837883066255
205369.78968826664	6000.0	3346.0845649531734	0.0	0	0.0	3715.874253219954	1	0	tensor(3)	2.635837883066255
206435.19666916342	6000.0	3280.6775840563796	0.0	0	0.0	3715.874253219954	1	0	tensor(3)	2.635837883066255
207200.0	6000.0	3515.8742532197693	0.0	0	136.0418218053528	3715.874253219925	1	0	tensor(3)	2.635837883066265
208200.0	6000.0	3515.874253219761	0.0	0	19.271153902314836	3715.874253219925	1	0	tensor(3)	2.635837883066265
209200.0	6000.0	3515.874253219789	0.0	0	283.24118258219096	3715.874253219954	1	0	tensor(3)	2.635837883066255
210200.0	6000.0	3515.874253219789	0.0	0	86.95456555561395	3715.874253219954	1	0	tensor(3)	2.635837883066255
211224.03635388176	6000.0	3491.83789933802	0.0	0	0.0	3715.874253219954	1	0	tensor(3)	2.635837883066255
212316.88106362737	6000.0	3398.9931895924374	0.0	0	0.0	3715.874253219954	1	0	tensor(3)	2.635837883066255
213367.02490024947	6000.0	3348.8493529703287	0.0	0	0.0	3715.874253219925	1	0	tensor(3)	2.635837883066265
214287.5052638327	6000.0	3428.3689893871406	0.0	0	0.0	3715.874253219925	1	0	tensor(3)	2.635837883066265
215408.72014414376	6000.0	3307.154109076066	0.0	0	0.0	3715.874253219925	1	0	tensor(3)	2.635837883066265
216200.0	6000.0	3515.8742532197984	0.0	0	157.1856351190945	3715.8742532198958	1	0	tensor(3)	2.6358378830662748
217200.0	6000.0	3515.8742532198003	0.0	0	417.97239373382763	3715.874253219925	1	0	tensor(3)	2.635837883066265
218200.0	6000.0	3515.8742532197875	0.0	0	162.47707948455354	3715.874253219925	1	0	tensor(3)	2.635837883066265
219200.0	6000.0	3515.8742532197534	0.0	0	197.7668898900156	3715.8742532198958	1	0	tensor(3)	2.6358378830662748
220200.0	6000.0	3515.8742532197352	0.0	0	391.6469177121471	3715.8742532198958	1	0	tensor(3)	2.6358378830662748
221200.0	6000.0	3515.8742532197402	0.0	0	316.98342185647925	3715.8742532198667	1	0	tensor(3)	2.6358378830662845
222200.0	6000.0	3515.8742532197475	0.0	0	502.6549703400815	3715.8742532198667	1	0	tensor(3)	2.6358378830662845
223200.0	6000.0	3515.8742532197443	0.0	0	358.39469508163165	3715.8742532198667	1	0	tensor(3)	2.6358378830662845
224200.0	6000.0	3515.874253219742	0.0	0	176.30568965550628	3715.8742532198667	1	0	tensor(3)	2.6358378830662845
225200.0	6000.0	3515.8742532197566	0.0	0	356.589222671726	3715.8742532198667	1	0	tensor(3)	2.6358378830662845
226240.35817504633	6000.0	3475.5160781734376	0.0	0	0.0	3715.8742532198667	1	0	tensor(3)	2.6358378830662845
227417.85453661747	6000.0	3298.019716602293	0.0	0	0.0	3715.8742532198958	1	0	tensor(3)	2.6358378830662748
228489.7691068308	6000.0	3226.10514638895	0.0	0	0.0	3715.8742532198667	1	0	tensor(3)	2.6358378830662845
229472.53009632803	6000.0	3243.3441568917456	0.0	0	0.0	3715.8742532198958	1	0	tensor(3)	2.6358378830662748
230872.12835682326	6000.0	2843.7458963965323	0.0	0	0.0	3715.874253219925	1	0	tensor(3)	2.635837883066267
231739.05846100795	6000.0	2976.81579221186	0.0	0	0.0	3715.874253219925	1	0	tensor(3)	2.635837883066265
232258.5764160246	6000.0	3457.2978371952136	0.0	0	0.0	3715.874253219925	1	0	tensor(3)	2.635837883066265
233200.0	6000.0	3515.8742532198166	0.0	0	200.75044452419388	3715.874253219925	1	0	tensor(3)	2.635837883066265
234200.0	6000.0	3515.874253219842	0.0	0	236.50439048200496	3715.874253219925	1	0	tensor(3)	2.635837883066265
235200.0	6000.0	3515.8742532198344	0.0	0	308.7217818533827	3715.8742532198958	1	0	tensor(3)	2.6358378830662748
236200.0	6000.0	3515.874253219866	0.0	0	472.6691501349851	3715.8742532198958	1	0	tensor(3)	2.6358378830662748
237200.0	6000.0	3515.874253219853	0.0	0	183.3139711903932	3715.8742532198958	1	0	tensor(3)	2.6358378830662748
238503.41518702265	6000.0	3212.4590661972125	0.0	0	0.0	3715.8742532198667	1	0	tensor(3)	2.6358378830662845
239691.1170164445	6000.0	3024.75723677537	0.0	0	0.0	3715.8742532198667	1	0	tensor(3)	2.6358378830662845
240887.30680539645	6000.0	2828.5674478234	0.0	0	0.0	3715.8742532198958	1	0	tensor(3)	2.6358378830662748
241981.3464345715	6000.0	2734.5278186483843	0.0	0	0.0	3715.8742532198958	1	0	tensor(3)	2.6358378830662748
242806.78153893544	6000.0	2909.0927142844425	0.0	0	0.0	3715.8742532198958	1	0	tensor(3)	2.6358378830662748
243458.82524577912	6000.0	3257.0490074407053	0.0	0	0.0	3715.8742532198958	1	0	tensor(3)	2.6358378830662748
244200.0	6000.0	3515.874253219852	0.0	0	186.1459367198986	3715.8742532198958	1	0	tensor(3)	2.6358378830662748
245200.0	6000.0	3515.874253219835	0.0	0	471.9087794473744	3715.874253219925	1	0	tensor(3)	2.635837883066265
246200.0	6000.0	3515.874253219846	0.0	0	422.76547692588065	3715.874253219954	1	0	tensor(3)	2.635837883066255
247598.48887187062	6000.0	3117.3853813492387	0.0	0	0.0	3715.874253219983	1	0	tensor(3)	2.6358378830662454
248583.0206949362	6000.0	3132.8535582836676	0.0	0	0.0	3715.874253219983	1	0	tensor(3)	2.6358378830662454
249285.45240917793	6000.0	3430.4218440419772	0.0	0	0.0	3715.874253219983	1	0	tensor(3)	2.6358378830662454
250200.0	6000.0	3515.8742532198903	0.0	0	141.83585865810164	3715.874253219954	1	0	tensor(3)	2.635837883066255
251200.0	6000.0	3515.8742532198953	0.0	0	361.8980414486141	3715.874253219954	1	0	tensor(3)	2.635837883066255
252200.0	6000.0	3515.8742532198776	0.0	0	321.0459201684571	3715.874253219954	1	0	tensor(3)	2.635837883066255
253200.0	6000.0	3515.8742532198876	0.0	0	42.10018056308036	3715.874253219954	1	0	tensor(3)	2.635837883066255
254200.0	6000.0	3515.8742532198976	0.0	0	76.1880624454061	3715.874253219954	1	0	tensor(3)	2.635837883066255
255200.0	6000.0	3515.8742532198735	0.0	0	304.24317454433185	3715.874253219954	1	0	tensor(3)	2.635837883066255
256220.95624883485	6000.0	3494.9180043850056	0.0	0	0.0	3715.874253219983	1	0	tensor(3)	2.6358378830662454
257705.68089065203	6000.0	3010.1933625678416	0.0	0	0.0	3715.874253219983	1	0	tensor(3)	2.6358378830662454
258882.53729947837	6000.0	2833.336953741506	0.0	0	0.0	3715.874253219983	1	0	tensor(3)	2.6358378830662437
259767.66908627725	6000.0	2948.205166942593	0.0	0	0.0	3715.874253219983	1	0	tensor(3)	2.6358378830662454
260723.75994630877	6000.0	2992.114306911096	0.0	0	0.0	3715.874253219983	1	0	tensor(3)	2.6358378830662454
261752.0410662983	6000.0	2963.8331869215817	0.0	0	0.0	3715.874253219983	1	0	tensor(3)	2.6358378830662454
262600.9602923743	6000.0	3114.9139608456044	0.0	0	0.0	3715.8742532200413	1	0	tensor(3)	2.6358378830662335
263480.4032731714	6000.0	3235.4709800484916	0.0	0	0.0	3715.8742532200413	1	0	tensor(3)	2.63583788306623
264800.4936863246	6000.0	2915.380566895227	0.0	0	0.0	3715.874253219954	1	0	tensor(3)	2.635837883066242
265859.2796728727	6000.0	2856.5945803472005	0.0	0	0.0	3715.874253220012	1	0	tensor(3)	2.6358378830662454
266393.696221367	6000.0	3322.1780318528995	0.0	0	0.0	3715.8742532200413	1	0	tensor(3)	2.635837883066226
267200.0	6000.0	3515.8742532198985	0.0	0	153.1056282017962	3715.8742532200413	1	0	tensor(3)	2.635837883066226
268200.0	6000.0	3515.8742532199285	0.0	0	349.62456201348687	3715.8742532200413	1	0	tensor(3)	2.635837883066226
269200.0	6000.0	3515.8742532199312	0.0	0	157.66389840701595	3715.8742532200995	1	0	tensor(3)	2.6358378830662064
270381.0143819849	6000.0	3334.8598712350813	0.0	0	0.0	3715.8742532200995	1	0	tensor(3)	2.6358378830662064
271316.6746076232	6000.0	3399.1996455967815	0.0	0	0.0	3715.8742532200995	1	0	tensor(3)	2.6358378830662064
272200.0	6000.0	3515.8742532200013	0.0	0	198.69373059429927	3715.8742532200995	1	0	tensor(3)	2.6358378830662064
273200.0	6000.0	3515.8742532200204	0.0	0	291.79234982072376	3715.8742532200995	1	0	tensor(3)	2.6358378830662064
274200.0	6000.0	3515.874253220065	0.0	0	493.23818991763983	3715.8742532200995	1	0	tensor(3)	2.6358378830662064
275200.0	6000.0	3515.8742532199935	0.0	0	221.52088120183907	3715.8742532200995	1	0	tensor(3)	2.6358378830662064
276200.0	6000.0	3515.874253219969	0.0	0	431.37030722305644	3715.8742532200995	1	0	tensor(3)	2.6358378830662064
277200.0	6000.0	3515.8742532199894	0.0	0	482.74431075900793	3715.8742532201577	1	0	tensor(3)	2.635837883066187
278200.0	6000.0	3515.8742532200613	0.0	0	445.2821872624918	3715.8742532201577	1	0	tensor(3)	2.635837883066187
279200.0	6000.0	3515.874253220047	0.0	0	416.1929016961949	3715.8742532201577	1	0	tensor(3)	2.635837883066187
280200.0	6000.0	3515.874253220093	0.0	0	12.91529566643294	3715.8742532201577	1	0	tensor(3)	2.635837883066187
281641.88319592737	6000.0	3073.9910572926815	0.0	0	0.0	3715.8742532201577	1	0	tensor(3)	2.635837883066187
282506.674683735	6000.0	3209.1995694850275	0.0	0	0.0	3715.874253220216	1	0	tensor(3)	2.635837883066183
283280.09066419944	6000.0	3435.783589020579	0.0	0	0.0	3715.874253220216	1	0	tensor(3)	2.6358378830661673
284200.0	6000.0	3515.874253219998	0.0	0	307.9734929681872	3715.874253220216	1	0	tensor(3)	2.6358378830661673
285200.0	6000.0	3515.8742532200017	0.0	0	323.30907300440595	3715.874253220274	1	0	tensor(3)	2.6358378830661477
286200.0	6000.0	3515.8742532199603	0.0	0	174.83725416177185	3715.874253220216	1	0	tensor(3)	2.6358378830661673
287200.0	6000.0	3515.8742532199826	0.0	0	257.62884267250774	3715.874253220216	1	0	tensor(3)	2.6358378830661673
288200.0	6000.0	3515.8742532199763	0.0	0	230.27233254135353	3715.8742532201577	1	0	tensor(3)	2.635837883066187
289200.0	6000.0	3515.8742532199153	0.0	0	155.53253887273604	3715.8742532201577	1	0	tensor(3)	2.635837883066187
290200.0	6000.0	3515.8742532198307	0.0	0	517.5629287263146	3715.8742532201577	1	0	tensor(3)	2.635837883066187
291200.0	6000.0	3515.874253219893	0.0	0	480.8365287007764	3715.8742532201577	1	0	tensor(3)	2.635837883066187
292274.6797070333	6000.0	3441.1945461865516	0.0	0	0.0	3715.8742532200995	1	0	tensor(3)	2.6358378830662064
293200.0	6000.0	3515.8742532198876	0.0	0	125.36688983649947	3715.8742532200995	1	0	tensor(3)	2.6358378830662064
294200.0	6000.0	3515.874253219848	0.0	0	376.4977826469694	3715.8742532200413	1	0	tensor(3)	2.635837883066226
295200.0	6000.0	3515.8742532198844	0.0	0	158.31649745663162	3715.874253219983	1	0	tensor(3)	2.6358378830662454
296200.0	6000.0	3515.874253219885	0.0	0	371.43341538938694	3715.874253219983	1	0	tensor(3)	2.6358378830662454
297200.0	6000.0	3515.874253219856	0.0	0	348.95664210879477	3715.874253219983	1	0	tensor(3)	2.6358378830662454
298205.2469445412	6000.0	3510.6273086787032	0.0	0	0.0	3715.874253219983	1	0	tensor(3)	2.6358378830662454
299200.0	6000.0	3515.874253219884	0.0	0	325.9983625501627	3715.874253219983	1	0	tensor(3)	2.6358378830662454
300200.0	6000.0	3515.8742532198744	0.0	0	404.56371203326853	3715.874253219983	1	0	tensor(3)	2.6358378830662454
7.44	8.32	12.9	11.1	9.12	7.31	5.32	8.24	7.82	6.86	10.4	6.45	5.61	8.4	9.57	6.26	8.92	6.15	9.67	8.78	11.7	8.34	7.55	10.3	7.47	7.83	9.28	6.04	6.36	5.38	8.29	9.35	11.6	8.72	9.19	8.97	8.11	6.94	9.16	10.1	11.1	10.7	11.0	7.53	3.81	5.64	6.64	7.76	10.4	6.65	4.73	5.73	6.53	4.65	8.55	7.33	6.13	5.75	8.5	7.15	6.68	7.34	6.52	9.58	8.1	4.97	9.34	9.83	10.3	9.36	10.6	8.53	8.21	5.07	5.91	7.56	5.69	4.12	7.11	10.6	8.33	10.5	8.19	11.0	8.24	5.51	6.66	6.04	6.15	8.21	7.96	10.0	10.7	7.49	4.38	5.95	7.49	10.0	6.96	9.05	7.41	7.91	10.2	6.02	4.07	5.13	5.43	5.62	6.05	6.75	8.36	5.12	6.87	8.88	7.18	8.05	7.82	6.3	6.21	9.13	11.3	11.1	6.71	9.64	10.9	12.0	10.6	4.65	3.74	8.7	8.46	10.5	5.25	8.99	10.1	6.3	8.68	11.9	12.2	6.72	7.89	9.96	8.2	8.12	7.9	8.05	10.3	9.29	6.83	10.1	7.44	8.32	12.9	11.1	9.12	7.31	5.32	8.24	7.82	6.86	10.4	6.45	5.61	8.4	9.57	6.26	8.92	6.15	9.67	8.78	11.7	8.34	7.55	10.3	7.47	7.83	9.28	6.04	6.36	5.38	8.29	9.35	11.6	8.72	9.19	8.97	8.11	6.94	9.16	10.1	11.1	10.7	11.0	7.53	3.81	5.64	6.64	7.76	10.4	6.65	4.73	5.73	6.53	4.65	8.55	7.33	6.13	5.75	8.5	7.15	6.68	7.34	6.52	9.58	8.1	4.97	9.34	9.83	10.3	9.36	10.6	8.53	8.21	5.07	5.91	7.56	5.69	4.12	7.11	10.6	8.33	10.5	8.19	11.0	8.24	5.51	6.66	6.04	6.15	8.21	7.96	10.0	10.7	7.49	4.38	5.95	7.49	10.0	6.96	9.05	7.41	7.91	10.2	6.02	4.07	5.13	5.43	5.62	6.05	6.75	8.36	5.12	6.87	8.88	7.18	8.05	7.82	6.3	6.21	9.13	11.3	11.1	6.71	9.64	10.9	12.0	10.6	4.65	3.74	8.7	8.46	10.5	5.25	8.99	10.1	6.3	8.68	11.9	12.2	6.72	7.89	9.96	8.2	8.12	7.9	8.05	10.3	9.29	6.83	10.1	7.44	8.32	12.9
1.0	2.0	3.0	4.0	5.0	6.0	7.0	8.0	9.0	10.0	11.0	12.0	13.0	14.0	15.0	16.0	17.0	18.0	19.0	20.0	21.0	22.0	23.0	24.0	25.0	26.0	27.0	28.0	29.0	30.0	31.0	32.0	33.0	34.0	35.0	36.0	37.0	38.0	39.0	40.0	41.0	42.0	43.0	44.0	45.0	46.0	47.0	48.0	49.0	50.0	51.0	52.0	53.0	54.0	55.0	56.0	57.0	58.0	59.0	60.0	61.0	62.0	63.0	64.0	65.0	66.0	67.0	68.0	69.0	70.0	71.0	72.0	73.0	74.0	75.0	76.0	77.0	78.0	79.0	80.0	81.0	82.0	83.0	84.0	85.0	86.0	87.0	88.0	89.0	90.0	91.0	92.0	93.0	94.0	95.0	96.0	97.0	98.0	99.0	100.0	101.0	102.0	103.0	104.0	105.0	106.0	107.0	108.0	109.0	110.0	111.0	112.0	113.0	114.0	115.0	116.0	117.0	118.0	119.0	120.0	121.0	122.0	123.0	124.0	125.0	126.0	127.0	128.0	129.0	130.0	131.0	132.0	133.0	134.0	135.0	136.0	137.0	138.0	139.0	140.0	141.0	142.0	143.0	144.0	145.0	146.0	147.0	148.0	149.0	149.0	150.0	151.0	152.0	153.0	154.0	155.0	156.0	157.0	158.0	159.0	160.0	161.0	162.0	163.0	164.0	165.0	166.0	167.0	168.0	169.0	170.0	171.0	172.0	173.0	174.0	175.0	176.0	177.0	178.0	179.0	180.0	181.0	182.0	183.0	184.0	185.0	186.0	187.0	188.0	189.0	190.0	191.0	192.0	193.0	194.0	195.0	196.0	197.0	198.0	199.0	200.0	201.0	202.0	203.0	204.0	205.0	206.0	207.0	208.0	209.0	210.0	211.0	212.0	213.0	214.0	215.0	216.0	217.0	218.0	219.0	220.0	221.0	222.0	223.0	224.0	225.0	226.0	227.0	228.0	229.0	230.0	231.0	232.0	233.0	234.0	235.0	236.0	237.0	238.0	239.0	240.0	241.0	242.0	243.0	244.0	245.0	246.0	247.0	248.0	249.0	250.0	251.0	252.0	253.0	254.0	255.0	256.0	257.0	258.0	259.0	260.0	261.0	262.0	263.0	264.0	265.0	266.0	267.0	268.0	269.0	270.0	271.0	272.0	273.0	274.0	275.0	276.0	277.0	278.0	279.0	280.0	281.0	282.0	283.0	284.0	285.0	286.0	287.0	288.0	289.0	290.0	291.0	292.0	293.0	294.0	295.0	296.0	297.0	298.0	298.0	299.0	300.0	301.0
3448.7970493087278
