4413.49374028998	1000.0	2000.0	174.2360525994914	0	0.0	4413.49374028998	1	0	tensor(2)	-1.895463573712102
4951.781666531193	3000.0	2515.5408663829085	0.0	0	0.0	4467.322532914101	1	0	tensor(2)	0.51097162727225
5490.839611044892	3000.0	2976.4829218692093	0.0	0	0.0	4467.322532914101	1	0	tensor(3)	1.402066473260025
6342.1897238605225	6000.0	3125.132809053578	0.0	0	0.0	4467.3225329141005	1	0	tensor(3)	1.6020664732600252
6969.916816972144	6000.0	3497.4057159419567	0.0	0	0.0	4467.322532914101	1	0	tensor(3)	2.29521365381997
7505.476314316755	6000.0	3961.846218597346	0.0	0	0.0	4467.3225329141005	1	0	tensor(3)	2.2952136538199697
8200.0	6000.0	4267.322532914101	0.0	0	17.581884799554246	4467.322532914102	1	0	tensor(3)	2.2952136538199697
9200.0	6000.0	4267.322532914103	0.0	0	210.60357288063824	4467.322532914104	1	0	tensor(3)	2.295213653819969
10200.0	6000.0	4267.322532914102	0.0	0	473.5837525838815	4467.322532914103	1	0	tensor(3)	2.2952136538199683
11200.0	6000.0	4267.322532914102	0.0	0	246.84952592981244	4467.322532914103	1	0	tensor(3)	2.2952136538199683
12230.1006077753	6000.0	4237.2219251388	0.0	0	0.0	4467.322532914102	1	0	tensor(3)	2.2952136538199692
13200.0	6000.0	4267.322532914101	0.0	0	248.17222718497578	4467.322532914102	1	0	tensor(3)	2.2952136538199692
14200.0	6000.0	4267.322532914101	0.0	0	132.71592210245944	4467.322532914102	1	0	tensor(3)	2.2952136538199692
15200.0	6000.0	4267.3225329141005	0.0	0	372.9474863249652	4467.322532914102	1	0	tensor(3)	2.2952136538199692
16200.0	6000.0	4267.322532914103	0.0	0	30.861202245232562	4467.322532914104	1	0	tensor(3)	2.2952136538199683
17200.0	6000.0	4267.322532914103	0.0	0	556.5474862320953	4467.322532914104	1	0	tensor(3)	2.2952136538199683
18200.0	6000.0	4267.3225329141005	0.0	0	476.5213268254738	4467.3225329141005	1	0	tensor(3)	2.295213653819969
19200.0	6000.0	4267.322532914102	0.0	0	217.048896133183	4467.322532914104	1	0	tensor(3)	2.295213653819969
20200.0	6000.0	4267.322532914101	0.0	0	491.05354302498745	4467.322532914106	1	0	tensor(3)	2.295213653819968
21200.0	6000.0	4267.322532914098	0.0	0	236.88209554023342	4467.322532914102	1	0	tensor(3)	2.295213653819969
22200.0	6000.0	4267.3225329141	0.0	0	175.42236417002277	4467.322532914102	1	0	tensor(3)	2.2952136538199692
23200.0	6000.0	4267.322532914096	0.0	0	134.56583823326582	4467.322532914099	1	0	tensor(3)	2.29521365381997
24200.0	6000.0	4267.322532914096	0.0	0	413.49175923255825	4467.322532914099	1	0	tensor(3)	2.2952136538199714
25200.0	6000.0	4267.322532914099	0.0	0	221.31408738318714	4467.322532914099	1	0	tensor(3)	2.2952136538199714
26200.0	6000.0	4267.322532914095	0.0	0	0.7584565017496061	4467.322532914099	1	0	tensor(3)	2.2952136538199714
27200.0	6000.0	4267.322532914099	0.0	0	198.39541857928998	4467.322532914099	1	0	tensor(3)	2.2952136538199714
28200.0	6000.0	4267.322532914099	0.0	0	356.4428123383004	4467.322532914099	1	0	tensor(3)	2.2952136538199714
29200.0	6000.0	4267.3225329141005	0.0	0	453.1308997308006	4467.322532914099	1	0	tensor(3)	2.2952136538199714
30366.49031040914	6000.0	4100.832222504958	0.0	0	0.0	4467.322532914102	1	0	tensor(3)	2.2952136538199692
31200.0	6000.0	4267.322532914095	0.0	0	197.03812521211512	4467.322532914102	1	0	tensor(3)	2.2952136538199692
32200.0	6000.0	4267.322532914093	0.0	0	281.75788180299423	4467.322532914102	1	0	tensor(3)	2.2952136538199692
33200.0	6000.0	4267.322532914091	0.0	0	195.95605531311594	4467.322532914099	1	0	tensor(3)	2.2952136538199697
34200.0	6000.0	4267.322532914091	0.0	0	423.8113709653844	4467.322532914095	1	0	tensor(3)	2.2952136538199723
35200.0	6000.0	4267.322532914097	0.0	0	245.6529204098697	4467.322532914102	1	0	tensor(3)	2.295213653819971
36422.64793788099	6000.0	4044.67459503311	0.0	0	0.0	4467.322532914102	1	0	tensor(3)	2.2952136538199706
37341.19476717906	6000.0	4126.127765735038	0.0	0	0.0	4467.322532914106	1	0	tensor(3)	2.295213653819968
38200.0	6000.0	4267.3225329141	0.0	0	370.9181450944088	4467.322532914106	1	0	tensor(3)	2.295213653819967
39200.0	6000.0	4267.322532914093	0.0	0	361.78671525122627	4467.322532914106	1	0	tensor(3)	2.295213653819967
40200.0	6000.0	4267.322532914093	0.0	0	66.98106143485347	4467.322532914106	1	0	tensor(3)	2.295213653819967
41200.0	6000.0	4267.322532914087	0.0	0	388.76670121675124	4467.322532914106	1	0	tensor(3)	2.295213653819967
42347.654305943324	6000.0	4119.6682269707635	0.0	0	0.0	4467.322532914106	1	0	tensor(3)	2.295213653819967
43200.0	6000.0	4267.322532914089	0.0	0	116.52117120627372	4467.322532914099	1	0	tensor(3)	2.2952136538199714
44317.245196689	6000.0	4150.077336225086	0.0	0	0.0	4467.322532914091	1	0	tensor(3)	2.2952136538199754
45200.0	6000.0	4267.322532914089	0.0	0	392.405049272631	4467.322532914091	1	0	tensor(3)	2.2952136538199754
46200.0	6000.0	4267.322532914087	0.0	0	226.95473354195565	4467.322532914091	1	0	tensor(3)	2.2952136538199754
47200.0	6000.0	4267.322532914085	0.0	0	361.63380726152536	4467.322532914091	1	0	tensor(3)	2.2952136538199754
48343.94160455097	6000.0	4123.380928363114	0.0	0	0.0	4467.322532914091	1	0	tensor(3)	2.2952136538199754
49200.0	6000.0	4267.322532914081	0.0	0	3.8303964332080795	4467.322532914091	1	0	tensor(3)	2.2952136538199754
50200.0	6000.0	4267.322532914084	0.0	0	229.8416733270642	4467.322532914091	1	0	tensor(3)	2.2952136538199754
51438.64729008855	6000.0	4028.675242825534	0.0	0	0.0	4467.322532914091	1	0	tensor(3)	2.2952136538199754
52466.09790815961	6000.0	4001.2246247544763	0.0	0	0.0	4467.322532914091	1	0	tensor(3)	2.2952136538199754
53200.0	6000.0	4267.322532914085	0.0	0	101.75277958450897	4467.322532914099	1	0	tensor(3)	2.2952136538199714
54200.0	6000.0	4267.322532914088	0.0	0	456.687753421691	4467.322532914099	1	0	tensor(3)	2.2952136538199714
55200.0	6000.0	4267.322532914092	0.0	0	292.0782226148149	4467.322532914099	1	0	tensor(3)	2.2952136538199714
56200.0	6000.0	4267.322532914094	0.0	0	286.45568422621	4467.322532914099	1	0	tensor(3)	2.2952136538199714
57200.0	6000.0	4267.322532914094	0.0	0	189.13321383374569	4467.322532914099	1	0	tensor(3)	2.2952136538199714
58200.0	6000.0	4267.322532914098	0.0	0	303.19148021913134	4467.322532914106	1	0	tensor(3)	2.295213653819967
59200.0	6000.0	4267.322532914091	0.0	0	287.11284238189546	4467.322532914099	1	0	tensor(3)	2.2952136538199714
60200.0	6000.0	4267.322532914091	0.0	0	182.58761900775426	4467.322532914106	1	0	tensor(3)	2.295213653819967
61412.88220656855	6000.0	4054.440326345535	0.0	0	0.0	4467.322532914106	1	0	tensor(3)	2.295213653819967
62200.0	6000.0	4267.322532914079	0.0	0	5.732099778775591	4467.322532914106	1	0	tensor(3)	2.295213653819967
63200.0	6000.0	4267.322532914074	0.0	0	94.7111919530289	4467.322532914106	1	0	tensor(3)	2.295213653819967
64200.0	6000.0	4267.322532914069	0.0	0	496.43236472715216	4467.322532914099	1	0	tensor(3)	2.2952136538199714
65233.38324985042	6000.0	4233.939283063646	0.0	0	0.0	4467.322532914099	1	0	tensor(3)	2.2952136538199714
66200.0	6000.0	4267.322532914078	0.0	0	303.37445988967374	4467.322532914113	1	0	tensor(3)	2.2952136538199666
67200.0	6000.0	4267.322532914089	0.0	0	240.91264186314947	4467.322532914128	1	0	tensor(3)	2.2952136538199586
68200.0	6000.0	4267.322532914083	0.0	0	637.3791595556249	4467.322532914128	1	0	tensor(3)	2.295213653819956
69200.0	6000.0	4267.3225329140705	0.0	0	370.76051867648493	4467.322532914113	1	0	tensor(3)	2.2952136538199612
70200.0	6000.0	4267.322532914069	0.0	0	246.34785238016048	4467.322532914113	1	0	tensor(3)	2.295213653819965
71200.0	6000.0	4267.322532914075	0.0	0	233.88427526765736	4467.322532914113	1	0	tensor(3)	2.295213653819963
72200.0	6000.0	4267.322532914071	0.0	0	437.6407475427113	4467.322532914113	1	0	tensor(3)	2.295213653819963
73200.0	6000.0	4267.322532914078	0.0	0	111.88869544956833	4467.322532914113	1	0	tensor(3)	2.295213653819963
74207.3483417936	6000.0	4259.974191120492	0.0	0	0.0	4467.322532914113	1	0	tensor(3)	2.295213653819963
75200.0	6000.0	4267.322532914087	0.0	0	434.5367344090191	4467.322532914113	1	0	tensor(3)	2.295213653819963
76200.0	6000.0	4267.322532914094	0.0	0	297.97029823390767	4467.322532914113	1	0	tensor(3)	2.295213653819963
77200.0	6000.0	4267.322532914077	0.0	0	319.49514451730647	4467.322532914113	1	0	tensor(3)	2.295213653819963
78200.0	6000.0	4267.322532914072	0.0	0	506.73688616766594	4467.322532914113	1	0	tensor(3)	2.295213653819963
79200.0	6000.0	4267.322532914064	0.0	0	148.87845520381234	4467.322532914099	1	0	tensor(3)	2.2952136538199714
80200.0	6000.0	4267.322532914064	0.0	0	194.7888360053621	4467.322532914099	1	0	tensor(3)	2.2952136538199714
81200.0	6000.0	4267.322532914073	0.0	0	19.340126713563222	4467.322532914113	1	0	tensor(3)	2.295213653819963
82200.0	6000.0	4267.322532914068	0.0	0	302.55585750027967	4467.322532914113	1	0	tensor(3)	2.295213653819963
83200.0	6000.0	4267.322532914074	0.0	0	210.7517765770899	4467.322532914113	1	0	tensor(3)	2.295213653819963
84200.0	6000.0	4267.322532914074	0.0	0	330.2923918958113	4467.322532914113	1	0	tensor(3)	2.295213653819963
85200.0	6000.0	4267.322532914081	0.0	0	286.4536587665061	4467.322532914113	1	0	tensor(3)	2.295213653819963
86200.0	6000.0	4267.322532914096	0.0	0	230.68387970636832	4467.322532914128	1	0	tensor(3)	2.295213653819954
87200.0	6000.0	4267.322532914111	0.0	0	257.7179464942601	4467.322532914128	1	0	tensor(3)	2.295213653819954
88200.0	6000.0	4267.322532914122	0.0	0	78.15336628077785	4467.322532914128	1	0	tensor(3)	2.295213653819954
89200.0	6000.0	4267.32253291411	0.0	0	209.900123677362	4467.322532914128	1	0	tensor(3)	2.295213653819954
90200.0	6000.0	4267.322532914108	0.0	0	335.9630682137504	4467.322532914128	1	0	tensor(3)	2.295213653819954
91200.0	6000.0	4267.322532914122	0.0	0	388.54731922563224	4467.322532914142	1	0	tensor(3)	2.2952136538199457
92200.0	6000.0	4267.322532914119	0.0	0	21.24399168738455	4467.322532914142	1	0	tensor(3)	2.2952136538199457
93200.0	6000.0	4267.322532914122	0.0	0	194.74782716053596	4467.322532914142	1	0	tensor(3)	2.2952136538199457
94200.0	6000.0	4267.3225329141	0.0	0	290.068458916925	4467.322532914128	1	0	tensor(3)	2.295213653819954
95200.0	6000.0	4267.322532914093	0.0	0	227.84871960105374	4467.322532914128	1	0	tensor(3)	2.295213653819954
96200.0	6000.0	4267.3225329140905	0.0	0	337.3859109377663	4467.322532914128	1	0	tensor(3)	2.295213653819954
97200.0	6000.0	4267.322532914101	0.0	0	83.83553242964263	4467.322532914128	1	0	tensor(3)	2.295213653819954
98200.0	6000.0	4267.3225329140905	0.0	0	471.257032237816	4467.322532914128	1	0	tensor(3)	2.295213653819954
99200.0	6000.0	4267.322532914082	0.0	0	551.5072765727818	4467.322532914128	1	0	tensor(3)	2.295213653819954
100200.0	6000.0	4267.322532914087	0.0	0	267.62738019211974	4467.322532914142	1	0	tensor(3)	2.2952136538199457
101200.0	6000.0	4267.322532914072	0.0	0	92.52324906639114	4467.322532914128	1	0	tensor(3)	2.295213653819954
102200.0	6000.0	4267.3225329140905	0.0	0	141.97521670105925	4467.322532914128	1	0	tensor(3)	2.295213653819954
103200.0	6000.0	4267.3225329141	0.0	0	423.39910659226007	4467.322532914128	1	0	tensor(3)	2.295213653819954
104200.0	6000.0	4267.322532914111	0.0	0	381.23976508749183	4467.322532914128	1	0	tensor(3)	2.295213653819954
105200.0	6000.0	4267.322532914112	0.0	0	254.80131437948148	4467.322532914128	1	0	tensor(3)	2.295213653819954
106200.0	6000.0	4267.322532914114	0.0	0	546.5736456830928	4467.322532914128	1	0	tensor(3)	2.295213653819954
107200.0	6000.0	4267.322532914108	0.0	0	547.5059502541117	4467.322532914128	1	0	tensor(3)	2.295213653819954
108200.0	6000.0	4267.322532914095	0.0	0	31.100354294554563	4467.322532914113	1	0	tensor(3)	2.295213653819963
109200.0	6000.0	4267.322532914094	0.0	0	262.24140552416793	4467.322532914128	1	0	tensor(3)	2.295213653819954
110200.0	6000.0	4267.322532914095	0.0	0	101.62899517035112	4467.322532914128	1	0	tensor(3)	2.295213653819954
111200.0	6000.0	4267.322532914102	0.0	0	150.2541945814737	4467.322532914142	1	0	tensor(3)	2.2952136538199457
112200.0	6000.0	4267.322532914108	0.0	0	230.98350830504205	4467.322532914142	1	0	tensor(3)	2.2952136538199457
113236.61182631733	6000.0	4230.710706596779	0.0	0	0.0	4467.322532914142	1	0	tensor(3)	2.2952136538199457
114200.0	6000.0	4267.322532914093	0.0	0	246.68795112306543	4467.322532914142	1	0	tensor(3)	2.2952136538199457
115200.0	6000.0	4267.322532914104	0.0	0	156.68423602824623	4467.322532914142	1	0	tensor(3)	2.2952136538199457
116338.6347797891	6000.0	4128.687753124988	0.0	0	0.0	4467.322532914142	1	0	tensor(3)	2.2952136538199457
117318.13220016572	6000.0	4149.190332748392	0.0	0	0.0	4467.322532914142	1	0	tensor(3)	2.2952136538199457
118566.33289742943	6000.0	3900.9896354846937	0.0	0	0.0	4467.322532914128	1	0	tensor(3)	2.295213653819954
119224.07561540222	6000.0	4243.246917511899	0.0	0	0.0	4467.322532914142	1	0	tensor(3)	2.2952136538199457
120200.0	6000.0	4267.322532914123	0.0	0	240.81113100667426	4467.322532914142	1	0	tensor(3)	2.2952136538199457
121200.0	6000.0	4267.322532914116	0.0	0	382.513668420841	4467.322532914142	1	0	tensor(3)	2.2952136538199457
122200.0	6000.0	4267.322532914118	0.0	0	432.55186965636676	4467.322532914128	1	0	tensor(3)	2.295213653819954
123200.0	6000.0	4267.322532914125	0.0	0	255.16369254374877	4467.322532914128	1	0	tensor(3)	2.295213653819954
124200.0	6000.0	4267.3225329141205	0.0	0	1.6229817928397097	4467.322532914128	1	0	tensor(3)	2.295213653819954
125200.0	6000.0	4267.322532914125	0.0	0	326.89350870242924	4467.322532914128	1	0	tensor(3)	2.295213653819954
126226.8552625826	6000.0	4240.467270331537	0.0	0	0.0	4467.322532914128	1	0	tensor(3)	2.295213653819954
127363.87349412845	6000.0	4103.449038785682	0.0	0	0.0	4467.322532914113	1	0	tensor(3)	2.295213653819963
128430.24951098362	6000.0	4037.0730219304974	0.0	0	0.0	4467.322532914113	1	0	tensor(3)	2.295213653819963
129200.0	6000.0	4267.322532914118	0.0	0	195.13500744249905	4467.322532914113	1	0	tensor(3)	2.295213653819963
130200.0	6000.0	4267.322532914108	0.0	0	186.51804724342946	4467.322532914099	1	0	tensor(3)	2.2952136538199714
131200.0	6000.0	4267.322532914101	0.0	0	150.03721248361398	4467.322532914084	1	0	tensor(3)	2.2952136538199803
132200.0	6000.0	4267.32253291409	0.0	0	308.326657689875	4467.322532914055	1	0	tensor(3)	2.2952136538199888
133200.0	6000.0	4267.322532914102	0.0	0	187.3828873685561	4467.322532914055	1	0	tensor(3)	2.2952136538200003
134200.0	6000.0	4267.322532914085	0.0	0	32.157425952580525	4467.322532914026	1	0	tensor(3)	2.2952136538200056
135200.0	6000.0	4267.322532914082	0.0	0	204.1763185162563	4467.322532914026	1	0	tensor(3)	2.295213653820009
136200.0	6000.0	4267.322532914104	0.0	0	168.71062327254913	4467.322532914026	1	0	tensor(3)	2.295213653820014
137261.44116166316	6000.0	4205.881371250965	0.0	0	0.0	4467.322532914026	1	0	tensor(3)	2.295213653820014
138200.0	6000.0	4267.322532914118	0.0	0	64.29294713353738	4467.322532914026	1	0	tensor(3)	2.295213653820014
139200.0	6000.0	4267.322532914133	0.0	0	132.93713451430085	4467.322532914026	1	0	tensor(3)	2.295213653820014
140200.0	6000.0	4267.322532914157	0.0	0	542.0367735406035	4467.322532914026	1	0	tensor(3)	2.295213653820014
141200.0	6000.0	4267.322532914161	0.0	0	33.82297478869441	4467.322532914026	1	0	tensor(3)	2.295213653820014
142200.0	6000.0	4267.322532914167	0.0	0	402.99263756812434	4467.322532913997	1	0	tensor(3)	2.295213653820031
143200.0	6000.0	4267.322532914158	0.0	0	226.07587863111985	4467.322532913997	1	0	tensor(3)	2.295213653820031
144200.0	6000.0	4267.322532914123	0.0	0	295.67989307883545	4467.322532913997	1	0	tensor(3)	2.295213653820031
145200.0	6000.0	4267.322532914128	0.0	0	158.3781145537505	4467.322532914026	1	0	tensor(3)	2.295213653820014
146200.0	6000.0	4267.322532914136	0.0	0	131.54602131890715	4467.322532914026	1	0	tensor(3)	2.295213653820014
147322.17036342394	6000.0	4145.152169490212	0.0	0	0.0	4467.322532914055	1	0	tensor(3)	2.2952136538199968
148233.62482674583	6000.0	4233.6977061683265	0.0	0	0.0	4467.322532914055	1	0	tensor(3)	2.2952136538199968
149344.50210812208	6000.0	4122.820424792091	0.0	0	0.0	4467.322532914055	1	0	tensor(3)	2.2952136538199968
150403.36724956255	6000.0	4063.9552833516204	0.0	0	0.0	4467.322532914055	1	0	tensor(3)	2.2952136538199968
151726.02373789885	6000.0	3741.2987950152783	0.0	0	0.0	4467.322532914084	1	0	tensor(3)	2.2952136538199803
152654.97740860868	6000.0	3812.345124305448	0.0	0	0.0	4467.322532914055	1	0	tensor(3)	2.2952136538199968
153720.94079992568	6000.0	3746.3817329884137	0.0	0	0.0	4467.322532914055	1	0	tensor(3)	2.2952136538199968
154893.81161613055	6000.0	3573.510916783537	0.0	0	0.0	4467.322532914055	1	0	tensor(3)	2.2952136538199968
155531.34292032715	6000.0	3935.979612586915	0.0	0	0.0	4467.322532914055	1	0	tensor(3)	2.2952136538199968
156200.0	6000.0	4267.3225329140605	0.0	0	24.332885397510836	4467.322532914055	1	0	tensor(3)	2.2952136538199968
157200.0	6000.0	4267.322532914066	0.0	0	378.6713222209946	4467.322532914055	1	0	tensor(3)	2.2952136538199968
158200.0	6000.0	4267.322532914086	0.0	0	220.85568260840955	4467.322532914084	1	0	tensor(3)	2.2952136538199803
159200.0	6000.0	4267.322532914096	0.0	0	446.26672085904283	4467.322532914084	1	0	tensor(3)	2.2952136538199803
160200.0	6000.0	4267.322532914064	0.0	0	259.29822396003874	4467.322532914084	1	0	tensor(3)	2.2952136538199803
161394.2433221543	6000.0	4073.079210759793	0.0	0	0.0	4467.322532914084	1	0	tensor(3)	2.2952136538199803
162309.74410488777	6000.0	4157.578428026338	0.0	0	0.0	4467.322532914084	1	0	tensor(3)	2.2952136538199803
163201.11518741577	6000.0	4266.207345498333	0.0	0	0.0	4467.322532914113	1	0	tensor(3)	2.295213653819963
164200.0	6000.0	4267.322532914073	0.0	0	40.09537159925094	4467.322532914113	1	0	tensor(3)	2.2952136538199768
165200.0	6000.0	4267.322532914052	0.0	0	327.9108222773357	4467.322532914142	1	0	tensor(3)	2.2952136538199457
166200.0	6000.0	4267.322532914066	0.0	0	284.4650222012715	4467.322532914142	1	0	tensor(3)	2.2952136538199457
167200.0	6000.0	4267.3225329140605	0.0	0	564.7825215327321	4467.322532914142	1	0	tensor(3)	2.2952136538199457
168200.0	6000.0	4267.322532914085	0.0	0	323.14084416037076	4467.322532914142	1	0	tensor(3)	2.2952136538199457
169200.0	6000.0	4267.322532914095	0.0	0	489.66415205129306	4467.322532914113	1	0	tensor(3)	2.295213653819963
170200.0	6000.0	4267.322532914088	0.0	0	257.2743581532268	4467.322532914113	1	0	tensor(3)	2.295213653819963
171200.0	6000.0	4267.322532914084	0.0	0	209.87887623070856	4467.322532914113	1	0	tensor(3)	2.295213653819963
172208.76599783683	6000.0	4258.556535077276	0.0	0	0.0	4467.322532914113	1	0	tensor(3)	2.295213653819963
173200.0	6000.0	4267.3225329140705	0.0	0	250.41801953615504	4467.322532914084	1	0	tensor(3)	2.2952136538199803
174200.0	6000.0	4267.322532914053	0.0	0	259.8886132623302	4467.322532914084	1	0	tensor(3)	2.2952136538199803
175200.0	6000.0	4267.322532914047	0.0	0	282.01208010301343	4467.322532914084	1	0	tensor(3)	2.2952136538199803
176200.0	6000.0	4267.322532914032	0.0	0	2.5273542373324744	4467.322532914055	1	0	tensor(3)	2.2952136538199968
177200.0	6000.0	4267.322532914014	0.0	0	434.20095232952735	4467.322532914055	1	0	tensor(3)	2.2952136538199968
178200.0	6000.0	4267.322532914019	0.0	0	66.79621562318061	4467.322532914055	1	0	tensor(3)	2.2952136538199968
179246.38233943118	6000.0	4220.940193482897	0.0	0	0.0	4467.322532914055	1	0	tensor(3)	2.2952136538199968
180200.0	6000.0	4267.322532914065	0.0	0	120.13048325415002	4467.322532914055	1	0	tensor(3)	2.2952136538199968
181200.0	6000.0	4267.322532914058	0.0	0	365.5550009836443	4467.322532914084	1	0	tensor(3)	2.2952136538199803
182294.54078737408	6000.0	4172.781745540002	0.0	0	0.0	4467.322532914084	1	0	tensor(3)	2.2952136538199803
183200.0	6000.0	4267.3225329140905	0.0	0	88.56742249129456	4467.322532914084	1	0	tensor(3)	2.2952136538199803
184454.07711704745	6000.0	4013.245415866628	0.0	0	0.0	4467.322532914084	1	0	tensor(3)	2.2952136538199803
185648.3458479623	6000.0	3818.97668495174	0.0	0	0.0	4467.322532914084	1	0	tensor(3)	2.2952136538199803
186228.94206227618	6000.0	4238.380470637889	0.0	0	0.0	4467.322532914084	1	0	tensor(3)	2.2952136538199803
187200.0	6000.0	4267.322532914052	0.0	0	488.4060613635229	4467.322532914084	1	0	tensor(3)	2.2952136538199803
188200.0	6000.0	4267.322532914067	0.0	0	15.241250263090478	4467.322532914113	1	0	tensor(3)	2.295213653819963
189200.0	6000.0	4267.3225329140805	0.0	0	393.2860234742111	4467.322532914142	1	0	tensor(3)	2.2952136538199457
190216.41789839635	6000.0	4250.904634517699	0.0	0	0.0	4467.322532914142	1	0	tensor(3)	2.2952136538199457
191200.0	6000.0	4267.322532914049	0.0	0	58.1200023565907	4467.322532914142	1	0	tensor(3)	2.2952136538199457
192200.0	6000.0	4267.32253291405	0.0	0	400.53238852196955	4467.322532914142	1	0	tensor(3)	2.2952136538199457
193336.08233891873	6000.0	4131.240193995311	0.0	0	0.0	4467.322532914142	1	0	tensor(3)	2.2952136538199457
194200.0	6000.0	4267.3225329140305	0.0	0	271.5216846449184	4467.322532914142	1	0	tensor(3)	2.2952136538199457
195200.0	6000.0	4267.322532914008	0.0	0	374.340779006714	4467.322532914142	1	0	tensor(3)	2.2952136538199457
196200.0	6000.0	4267.322532914032	0.0	0	325.6785818870412	4467.322532914142	1	0	tensor(3)	2.2952136538199457
197200.0	6000.0	4267.322532914006	0.0	0	77.89305144012906	4467.322532914142	1	0	tensor(3)	2.2952136538199457
198200.0	6000.0	4267.322532914004	0.0	0	34.39525342028355	4467.3225329141715	1	0	tensor(3)	2.2952136538199426
199200.0	6000.0	4267.322532914015	0.0	0	147.01647032413166	4467.3225329141715	1	0	tensor(3)	2.295213653819929
200200.0	6000.0	4267.322532914012	0.0	0	233.22002608969342	4467.3225329141715	1	0	tensor(3)	2.295213653819929
201355.5462818146	6000.0	4111.776251099391	0.0	0	0.0	4467.3225329141715	1	0	tensor(3)	2.295213653819929
202200.0	6000.0	4267.322532913987	0.0	0	200.67301755514927	4467.322532914142	1	0	tensor(3)	2.2952136538199457
203200.0	6000.0	4267.322532913976	0.0	0	529.0602206983895	4467.322532914113	1	0	tensor(3)	2.295213653819963
204200.0	6000.0	4267.322532913974	0.0	0	345.39215746647096	4467.322532914113	1	0	tensor(3)	2.295213653819963
205200.0	6000.0	4267.322532913987	0.0	0	171.11065997486003	4467.322532914142	1	0	tensor(3)	2.2952136538199457
206268.82969297506	6000.0	4198.492839938957	0.0	0	0.0	4467.3225329141715	1	0	tensor(3)	2.295213653819939
207200.0	6000.0	4267.322532914034	0.0	0	107.40192019043025	4467.3225329141715	1	0	tensor(3)	2.295213653819929
208200.0	6000.0	4267.322532914003	0.0	0	78.38132553605828	4467.3225329141715	1	0	tensor(3)	2.295213653819929
209200.0	6000.0	4267.322532913987	0.0	0	317.748943523271	4467.3225329141715	1	0	tensor(3)	2.295213653819929
210495.36124445387	6000.0	3971.9612884601124	0.0	0	0.0	4467.3225329141715	1	0	tensor(3)	2.295213653819929
211353.08366922385	6000.0	4114.238863690149	0.0	0	0.0	4467.3225329141715	1	0	tensor(3)	2.295213653819929
212200.0	6000.0	4267.32253291403	0.0	0	123.46284891472897	4467.3225329141715	1	0	tensor(3)	2.295213653819929
213200.0	6000.0	4267.3225329140305	0.0	0	439.20514548843494	4467.3225329141715	1	0	tensor(3)	2.295213653819929
214248.11862153187	6000.0	4219.2039113821575	0.0	0	0.0	4467.3225329141715	1	0	tensor(3)	2.295213653819929
215200.0	6000.0	4267.322532913999	0.0	0	265.7574987146654	4467.3225329141715	1	0	tensor(3)	2.295213653819929
216200.0	6000.0	4267.322532913981	0.0	0	122.476716117264	4467.3225329141715	1	0	tensor(3)	2.295213653819929
217200.0	6000.0	4267.322532914012	0.0	0	460.5307056788297	4467.3225329141715	1	0	tensor(3)	2.295213653819929
218200.0	6000.0	4267.322532914002	0.0	0	515.5992154986889	4467.322532914201	1	0	tensor(3)	2.2952136538199115
219200.0	6000.0	4267.322532914014	0.0	0	409.01845747450716	4467.322532914201	1	0	tensor(3)	2.2952136538199115
220200.0	6000.0	4267.322532914014	0.0	0	361.5258771934896	4467.322532914201	1	0	tensor(3)	2.2952136538199115
221200.0	6000.0	4267.322532914028	0.0	0	125.43853407364804	4467.32253291423	1	0	tensor(3)	2.2952136538198955
222200.0	6000.0	4267.322532914009	0.0	0	340.3177413828089	4467.32253291423	1	0	tensor(3)	2.2952136538198955
223236.06665200886	6000.0	4231.2558809051625	0.0	0	0.0	4467.32253291423	1	0	tensor(3)	2.2952136538198955
224200.0	6000.0	4267.322532914018	0.0	0	266.6983669096953	4467.32253291423	1	0	tensor(3)	2.2952136538198955
225200.0	6000.0	4267.322532914054	0.0	0	492.84794184574275	4467.322532914259	1	0	tensor(3)	2.295213653819878
226200.0	6000.0	4267.32253291406	0.0	0	81.18994190398371	4467.322532914259	1	0	tensor(3)	2.295213653819878
227200.0	6000.0	4267.322532914059	0.0	0	328.38642920649727	4467.322532914259	1	0	tensor(3)	2.295213653819878
228200.0	6000.0	4267.322532914082	0.0	0	445.20770194826764	4467.322532914259	1	0	tensor(3)	2.295213653819878
229200.0	6000.0	4267.322532914058	0.0	0	212.18629351002164	4467.32253291423	1	0	tensor(3)	2.2952136538198955
230200.0	6000.0	4267.322532914079	0.0	0	152.6676662094833	4467.32253291423	1	0	tensor(3)	2.2952136538198955
231200.0	6000.0	4267.3225329141	0.0	0	320.26614100366714	4467.32253291423	1	0	tensor(3)	2.2952136538198955
232200.0	6000.0	4267.32253291409	0.0	0	218.33561265846947	4467.32253291423	1	0	tensor(3)	2.2952136538198955
233200.0	6000.0	4267.322532914066	0.0	0	303.083276557707	4467.322532914259	1	0	tensor(3)	2.295213653819878
234200.0	6000.0	4267.3225329140405	0.0	0	376.63305238675093	4467.322532914259	1	0	tensor(3)	2.295213653819878
235200.0	6000.0	4267.322532914024	0.0	0	267.5936371058342	4467.322532914259	1	0	tensor(3)	2.295213653819878
236200.0	6000.0	4267.322532914047	0.0	0	417.302735311765	4467.322532914259	1	0	tensor(3)	2.295213653819878
237200.0	6000.0	4267.322532914031	0.0	0	428.71107563073747	4467.322532914259	1	0	tensor(3)	2.295213653819878
238200.0	6000.0	4267.322532914039	0.0	0	498.6257116907509	4467.322532914259	1	0	tensor(3)	2.295213653819878
239200.0	6000.0	4267.3225329140205	0.0	0	324.95892162102973	4467.322532914288	1	0	tensor(3)	2.295213653819861
240200.0	6000.0	4267.322532914023	0.0	0	199.7791954956192	4467.322532914288	1	0	tensor(3)	2.295213653819861
241200.0	6000.0	4267.322532914065	0.0	0	410.79331963765435	4467.322532914288	1	0	tensor(3)	2.295213653819861
242200.0	6000.0	4267.322532914043	0.0	0	30.321134892932605	4467.322532914259	1	0	tensor(3)	2.295213653819878
243200.0	6000.0	4267.322532914057	0.0	0	295.6037090208556	4467.322532914259	1	0	tensor(3)	2.295213653819878
244200.0	6000.0	4267.322532914032	0.0	0	440.21332888677716	4467.32253291423	1	0	tensor(3)	2.2952136538198955
245200.0	6000.0	4267.322532914032	0.0	0	325.2464108634449	4467.322532914201	1	0	tensor(3)	2.2952136538199115
246242.1812641099	6000.0	4225.1412688041	0.0	0	0.0	4467.3225329141715	1	0	tensor(3)	2.2952136538199186
247200.0	6000.0	4267.322532913984	0.0	0	481.97373871094896	4467.322532914142	1	0	tensor(3)	2.2952136538199457
248200.0	6000.0	4267.32253291398	0.0	0	394.0755571128684	4467.322532914142	1	0	tensor(3)	2.2952136538199457
249200.0	6000.0	4267.3225329139805	0.0	0	91.50155634887051	4467.322532914142	1	0	tensor(3)	2.2952136538199457
250200.0	6000.0	4267.322532913993	0.0	0	147.78752397198696	4467.322532914142	1	0	tensor(3)	2.2952136538199457
251267.938737581	6000.0	4199.383795333036	0.0	0	0.0	4467.3225329141715	1	0	tensor(3)	2.295213653819929
252200.0	6000.0	4267.32253291405	0.0	0	257.304084958334	4467.322532914201	1	0	tensor(3)	2.2952136538199115
253200.0	6000.0	4267.322532914062	0.0	0	51.876329790538875	4467.3225329141715	1	0	tensor(3)	2.295213653819929
254200.0	6000.0	4267.322532914071	0.0	0	150.2690555867157	4467.3225329141715	1	0	tensor(3)	2.295213653819929
255200.0	6000.0	4267.3225329140605	0.0	0	333.3668701190618	4467.3225329141715	1	0	tensor(3)	2.295213653819929
256200.0	6000.0	4267.322532914057	0.0	0	305.94474082198576	4467.3225329141715	1	0	tensor(3)	2.295213653819929
257235.20907502694	6000.0	4232.113457887135	0.0	0	0.0	4467.3225329141715	1	0	tensor(3)	2.295213653819929
258200.0	6000.0	4267.322532914066	0.0	0	226.45766864172765	4467.3225329141715	1	0	tensor(3)	2.295213653819929
259200.0	6000.0	4267.3225329140405	0.0	0	71.7569360206544	4467.3225329141715	1	0	tensor(3)	2.295213653819929
260200.0	6000.0	4267.32253291405	0.0	0	105.8219672688574	4467.3225329141715	1	0	tensor(3)	2.295213653819929
261200.0	6000.0	4267.322532914067	0.0	0	181.29780786609626	4467.322532914142	1	0	tensor(3)	2.2952136538199457
262420.21425057156	6000.0	4047.1082823425354	0.0	0	0.0	4467.322532914142	1	0	tensor(3)	2.295213653819953
263309.808430423	6000.0	4157.51410249111	0.0	0	0.0	4467.32253291423	1	0	tensor(3)	2.295213653819909
264200.0	6000.0	4267.322532914105	0.0	0	56.706621829245705	4467.322532914201	1	0	tensor(3)	2.2952136538199053
265382.5258685587	6000.0	4084.7966643554137	0.0	0	0.0	4467.3225329141715	1	0	tensor(3)	2.2952136538199186
266200.0	6000.0	4267.322532914068	0.0	0	305.98005241842475	4467.322532914142	1	0	tensor(3)	2.295213653819929
267200.0	6000.0	4267.322532914022	0.0	0	40.62371235451428	4467.322532914113	1	0	tensor(3)	2.295213653819963
268200.0	6000.0	4267.322532914011	0.0	0	51.36584413674427	4467.322532914113	1	0	tensor(3)	2.295213653819963
269200.0	6000.0	4267.322532913994	0.0	0	163.90162659378257	4467.322532914113	1	0	tensor(3)	2.295213653819963
270200.0	6000.0	4267.322532914046	0.0	0	5.42226744198706	4467.3225329141715	1	0	tensor(3)	2.295213653819929
271200.0	6000.0	4267.322532914046	0.0	0	433.6264792539296	4467.3225329141715	1	0	tensor(3)	2.295213653819929
272200.0	6000.0	4267.322532914062	0.0	0	8.437122625298798	4467.3225329141715	1	0	tensor(3)	2.295213653819929
273200.0	6000.0	4267.322532914057	0.0	0	42.70209725975292	4467.3225329141715	1	0	tensor(3)	2.295213653819929
274200.0	6000.0	4267.3225329140605	0.0	0	326.5446159481071	4467.322532914113	1	0	tensor(3)	2.295213653819963
275200.0	6000.0	4267.3225329140705	0.0	0	221.53115971869556	4467.3225329141715	1	0	tensor(3)	2.295213653819929
276200.0	6000.0	4267.322532914079	0.0	0	141.40761395276058	4467.32253291423	1	0	tensor(3)	2.2952136538198955
277212.8078600403	6000.0	4254.514672873749	0.0	0	0.0	4467.32253291423	1	0	tensor(3)	2.2952136538198955
278200.0	6000.0	4267.322532914076	0.0	0	279.586125457834	4467.32253291423	1	0	tensor(3)	2.2952136538198955
279200.0	6000.0	4267.322532914005	0.0	0	453.7335282941349	4467.3225329141715	1	0	tensor(3)	2.295213653819929
280200.0	6000.0	4267.3225329140605	0.0	0	155.0785118806525	4467.32253291423	1	0	tensor(3)	2.2952136538198955
281265.17716063285	6000.0	4202.1453722811375	0.0	0	0.0	4467.32253291423	1	0	tensor(3)	2.2952136538198955
282200.0	6000.0	4267.322532913967	0.0	0	326.8556399642839	4467.32253291423	1	0	tensor(3)	2.2952136538198955
283200.0	6000.0	4267.3225329139	0.0	0	165.48736066033598	4467.32253291423	1	0	tensor(3)	2.2952136538198955
284200.0	6000.0	4267.322532913913	0.0	0	421.0025499946787	4467.32253291423	1	0	tensor(3)	2.2952136538198955
285209.42919463705	6000.0	4257.893338276883	0.0	0	0.0	4467.322532914288	1	0	tensor(3)	2.295213653819861
286200.0	6000.0	4267.322532913898	0.0	0	45.94788891263306	4467.32253291423	1	0	tensor(3)	2.2952136538198955
287200.0	6000.0	4267.322532913911	0.0	0	103.63884990621591	4467.32253291423	1	0	tensor(3)	2.2952136538198955
288200.0	6000.0	4267.322532913883	0.0	0	242.35907348216278	4467.32253291423	1	0	tensor(3)	2.2952136538198955
289200.0	6000.0	4267.322532913836	0.0	0	512.703052016208	4467.3225329141715	1	0	tensor(3)	2.295213653819929
290200.0	6000.0	4267.322532913795	0.0	0	84.05855938204331	4467.322532914113	1	0	tensor(3)	2.295213653819963
291200.0	6000.0	4267.32253291381	0.0	0	457.4295032717637	4467.322532914113	1	0	tensor(3)	2.295213653819963
292200.0	6000.0	4267.3225329138195	0.0	0	239.71385906951036	4467.322532914113	1	0	tensor(3)	2.295213653819963
293200.0	6000.0	4267.322532913839	0.0	0	302.6081666541286	4467.322532914113	1	0	tensor(3)	2.295213653819963
294212.8304605661	6000.0	4254.492072347692	0.0	0	0.0	4467.322532914113	1	0	tensor(3)	2.295213653819963
295200.0	6000.0	4267.322532913816	0.0	0	321.42102725751465	4467.3225329141715	1	0	tensor(3)	2.295213653819929
296200.0	6000.0	4267.322532913794	0.0	0	326.81025055027567	4467.3225329141715	1	0	tensor(3)	2.295213653819929
297260.55736106896	6000.0	4206.765171844898	0.0	0	0.0	4467.32253291423	1	0	tensor(3)	2.2952136538198955
298200.0	6000.0	4267.3225329138995	0.0	0	35.85320568375755	4467.32253291423	1	0	tensor(3)	2.2952136538198955
299372.42989468505	6000.0	4094.8926382287927	0.0	0	0.0	4467.3225329141715	1	0	tensor(3)	2.295213653819929
300200.0	6000.0	4267.322532913834	0.0	0	113.96347502520075	4467.322532914113	1	0	tensor(3)	2.295213653819963
6.0	5.92	9.57	11.6	8.25	9.27	6.99	6.34	6.46	6.53	7.48	7.73	11.4	10.8	9.06	11.3	9.45	7.11	7.6	8.36	6.71	7.84	8.18	8.99	8.97	6.45	8.82	8.77	7.04	9.35	6.45	5.31	8.75	10.3	7.96	8.44	7.82	6.64	8.04	5.34	11.1	7.85	11.7	5.53	5.72	8.03	6.3	6.06	11.6	13.3	7.45	9.12	6.93	8.87	8.06	6.85	6.39	5.88	8.16	11.7	7.46	9.19	8.17	13.3	13.2	8.61	9.17	9.19	9.43	7.68	11.1	11.0	7.97	9.48	8.36	9.29	6.15	8.87	8.64	8.41	8.5	8.78	8.99	8.29	10.4	10.0	8.32	8.2	7.82	7.96	8.43	11.0	6.97	11.3	12.5	8.1	8.02	6.95	7.88	7.59	9.67	12.1	10.2	7.44	8.02	8.56	9.29	8.95	5.83	6.95	8.46	5.56	8.95	6.02	7.75	6.73	8.0	9.1	7.7	7.46	9.41	7.54	6.51	5.05	8.14	9.7	9.61	6.82	8.77	8.04	7.71	6.5	5.6	6.66	9.59	13.8	6.34	8.78	8.69	10.3	7.23	9.13	7.59	6.8	7.26	5.85	7.47	4.46	8.69	8.7	6.0	5.92	9.57	11.6	8.25	9.27	6.99	6.34	6.46	6.53	7.48	7.73	11.4	10.8	9.06	11.3	9.45	7.11	7.6	8.36	6.71	7.84	8.18	8.99	8.97	6.45	8.82	8.77	7.04	9.35	6.45	5.31	8.75	10.3	7.96	8.44	7.82	6.64	8.04	5.34	11.1	7.85	11.7	5.53	5.72	8.03	6.3	6.06	11.6	13.3	7.45	9.12	6.93	8.87	8.06	6.85	6.39	5.88	8.16	11.7	7.46	9.19	8.17	13.3	13.2	8.61	9.17	9.19	9.43	7.68	11.1	11.0	7.97	9.48	8.36	9.29	6.15	8.87	8.64	8.41	8.5	8.78	8.99	8.29	10.4	10.0	8.32	8.2	7.82	7.96	8.43	11.0	6.97	11.3	12.5	8.1	8.02	6.95	7.88	7.59	9.67	12.1	10.2	7.44	8.02	8.56	9.29	8.95	5.83	6.95	8.46	5.56	8.95	6.02	7.75	6.73	8.0	9.1	7.7	7.46	9.41	7.54	6.51	5.05	8.14	9.7	9.61	6.82	8.77	8.04	7.71	6.5	5.6	6.66	9.59	13.8	6.34	8.78	8.69	10.3	7.23	9.13	7.59	6.8	7.26	5.85	7.47	4.46	8.69	8.7	6.0	5.92	9.57
1.0	2.0	3.0	4.0	5.0	6.0	7.0	8.0	9.0	10.0	11.0	12.0	13.0	14.0	15.0	16.0	17.0	18.0	19.0	20.0	21.0	22.0	23.0	24.0	25.0	26.0	27.0	28.0	29.0	30.0	31.0	32.0	33.0	34.0	35.0	36.0	37.0	38.0	39.0	40.0	41.0	42.0	43.0	44.0	45.0	46.0	47.0	48.0	49.0	50.0	51.0	52.0	53.0	54.0	55.0	56.0	57.0	58.0	59.0	60.0	61.0	62.0	63.0	64.0	65.0	66.0	67.0	68.0	69.0	70.0	71.0	72.0	73.0	74.0	75.0	76.0	77.0	78.0	79.0	80.0	81.0	82.0	83.0	84.0	85.0	86.0	87.0	88.0	89.0	90.0	91.0	92.0	93.0	94.0	95.0	96.0	97.0	98.0	99.0	100.0	101.0	102.0	103.0	104.0	105.0	106.0	107.0	108.0	109.0	110.0	111.0	112.0	113.0	114.0	115.0	116.0	117.0	118.0	119.0	120.0	121.0	122.0	123.0	124.0	125.0	126.0	127.0	128.0	129.0	130.0	131.0	132.0	133.0	134.0	135.0	136.0	137.0	138.0	139.0	140.0	141.0	142.0	143.0	144.0	145.0	146.0	147.0	148.0	149.0	149.0	150.0	151.0	152.0	153.0	154.0	155.0	156.0	157.0	158.0	159.0	160.0	161.0	162.0	163.0	164.0	165.0	166.0	167.0	168.0	169.0	170.0	171.0	172.0	173.0	174.0	175.0	176.0	177.0	178.0	179.0	180.0	181.0	182.0	183.0	184.0	185.0	186.0	187.0	188.0	189.0	190.0	191.0	192.0	193.0	194.0	195.0	196.0	197.0	198.0	199.0	200.0	201.0	202.0	203.0	204.0	205.0	206.0	207.0	208.0	209.0	210.0	211.0	212.0	213.0	214.0	215.0	216.0	217.0	218.0	219.0	220.0	221.0	222.0	223.0	224.0	225.0	226.0	227.0	228.0	229.0	230.0	231.0	232.0	233.0	234.0	235.0	236.0	237.0	238.0	239.0	240.0	241.0	242.0	243.0	244.0	245.0	246.0	247.0	248.0	249.0	250.0	251.0	252.0	253.0	254.0	255.0	256.0	257.0	258.0	259.0	260.0	261.0	262.0	263.0	264.0	265.0	266.0	267.0	268.0	269.0	270.0	271.0	272.0	273.0	274.0	275.0	276.0	277.0	278.0	279.0	280.0	281.0	282.0	283.0	284.0	285.0	286.0	287.0	288.0	289.0	290.0	291.0	292.0	293.0	294.0	295.0	296.0	297.0	298.0	298.0	299.0	300.0	301.0
4141.808634151009
