4313.408241129607	1000.0	2000.0	239.60367973730138	0	0.0	4313.408241129607	1	0	tensor(2)	-2.2258032598793944
5263.394149854747	3000.0	2050.0140912748598	0.0	0	0.0	4313.408241129608	1	0	tensor(3)	0.3889649648839415
6253.362028948367	3000.0	2060.0462121812407	0.0	0	0.0	4313.408241129608	1	0	tensor(3)	1.687577253552051
6903.545922135366	3000.0	2409.8623189942423	0.0	0	0.0	4313.408241129608	1	0	tensor(3)	1.687577253552051
7764.96253627018	3000.0	2548.4457048594277	0.0	0	0.0	4313.408241129608	1	0	tensor(3)	1.6875772535520515
8718.025663897311	3000.0	2595.3825772322953	0.0	0	0.0	4313.408241129607	1	0	tensor(3)	1.6875772535520517
9383.975480890287	3000.0	2929.43276023932	0.0	0	0.0	4313.408241129607	1	0	tensor(3)	1.6875772535520515
10375.962593600403	3000.0	2937.4456475292045	0.0	0	0.0	4313.408241129608	1	0	tensor(3)	1.6875772535520515
11061.992991614316	3000.0	3251.415249515292	0.0	0	0.0	4313.408241129608	1	0	tensor(3)	1.687577253552051
11961.361813312378	3000.0	3352.0464278172312	0.0	0	0.0	4313.408241129609	1	0	tensor(3)	1.6875772535520506
13279.238271397237	6000.0	3034.169969732373	0.0	0	0.0	4313.408241129609	1	0	tensor(3)	1.68757725355205
14368.653524311672	3000.0	2944.7547168179367	0.0	0	0.0	4313.408241129609	1	0	tensor(3)	0.9944300729921051
15270.159442244798	3000.0	3043.2487988848125	0.0	0	0.0	4313.408241129609	1	0	tensor(3)	1.6875772535520501
16127.617637723704	3000.0	3185.790603405906	0.0	0	0.0	4313.408241129611	1	0	tensor(3)	1.6875772535520492
16815.861817879224	3000.0	3497.5464232503896	0.0	0	0.0	4313.408241129617	1	0	tensor(3)	1.687577253552047
17471.837852963934	3000.0	3841.570388165679	0.0	0	0.0	4313.408241129617	1	0	tensor(3)	1.687577253552047
18511.876521828657	6000.0	3801.5317193009573	0.0	0	0.0	4313.408241129617	1	0	tensor(3)	1.687577253552046
19899.400235616038	6000.0	3414.0080055135745	0.0	0	0.0	4313.408241129615	1	0	tensor(3)	2.3807244341119915
21018.504354356184	6000.0	3294.9038867734275	0.0	0	0.0	4313.408241129619	1	0	tensor(3)	2.38072443411199
22676.242663115234	6000.0	2637.1655780143765	0.0	0	0.0	4313.408241129615	1	0	tensor(3)	2.380724434111992
24348.71785455971	6000.0	1964.6903865699	0.0	0	0.0	4313.408241129615	1	0	tensor(3)	2.380724434111992
25180.283213923725	3000.0	2133.125027205884	0.0	0	0.0	4313.408241129615	1	0	tensor(3)	0.9944300729921023
25767.722045151208	3000.0	2545.686195978399	0.0	0	0.0	4313.408241129615	1	0	tensor(3)	1.6875772535520472
26663.07344746157	3000.0	2650.3347936680398	0.0	0	0.0	4313.408241129619	1	0	tensor(3)	1.6875772535520452
27325.378032271627	3000.0	2988.030208857983	0.0	0	0.0	4313.408241129619	1	0	tensor(3)	1.6875772535520452
27830.520543615497	3000.0	3482.8876975141125	0.0	0	0.0	4313.408241129619	1	0	tensor(3)	1.6875772535520452
28963.123009852643	3000.0	3350.285231276971	0.0	0	0.0	4313.408241129619	1	0	tensor(3)	1.6875772535520452
29937.049772496957	3000.0	3376.358468632657	0.0	0	0.0	4313.408241129619	1	0	tensor(3)	1.6875772535520452
30824.02802315081	3000.0	3489.3802179788004	0.0	0	0.0	4313.408241129619	1	0	tensor(3)	1.6875772535520452
31622.599178767396	3000.0	3690.8090623622174	0.0	0	0.0	4313.408241129619	1	0	tensor(3)	1.6875772535520452
32212.875715862527	3000.0	4100.532525267084	0.0	0	0.0	4313.408241129619	1	0	tensor(3)	1.6875772535520452
33437.31937700303	6000.0	3876.0888641265833	0.0	0	0.0	4313.408241129619	1	0	tensor(3)	1.6875772535520446
34861.3294332078	6000.0	3452.078807921816	0.0	0	0.0	4313.4082411296295	1	0	tensor(3)	2.3807244341119866
36154.5026433318	6000.0	3158.905597797818	0.0	0	0.0	4313.4082411296295	1	0	tensor(3)	2.3807244341119858
38305.33592406631	6000.0	2008.0723170633069	0.0	0	0.0	4313.408241129633	1	0	tensor(3)	2.3807244341119826
39501.590555393515	3000.0	1811.8176857361004	0.0	0	0.0	2313.408241129633	1	0	tensor(6)	-4.478450553757408
40498.83993226226	3000.0	1814.568308867362	0.0	0	0.0	2313.408241129633	1	0	tensor(3)	2.2146966268025365
41395.715483964756	3000.0	1917.692757164867	0.0	0	0.0	2313.408241129633	1	0	tensor(3)	2.2146966268025365
42386.55073991565	3000.0	1926.8575012139738	0.0	0	0.0	2313.408241129633	1	0	tensor(3)	2.2146966268025365
43200.0	3000.0	2113.408241129622	0.0	0	66.95276134667074	2313.408241129633	1	0	tensor(3)	2.2146966268025365
44200.0	3000.0	2113.408241129618	0.0	0	293.8660877301736	2313.408241129633	1	0	tensor(3)	2.2146966268025365
45200.0	3000.0	2113.408241129612	0.0	0	256.4479593294018	2313.408241129633	1	0	tensor(3)	2.2146966268025365
46302.00540021164	3000.0	2011.4028409179716	0.0	0	0.0	2313.408241129633	1	0	tensor(3)	2.2146966268025365
47200.0	3000.0	2113.4082411296017	0.0	0	69.27999045109755	2313.4082411296404	1	0	tensor(3)	2.214696626802536
48265.64331137421	3000.0	2047.764929755394	0.0	0	0.0	2313.4082411296404	1	0	tensor(3)	2.214696626802536
49200.0	3000.0	2113.4082411296004	0.0	0	238.5061477006675	2313.4082411296404	1	0	tensor(3)	2.214696626802536
50200.0	3000.0	2113.4082411296026	0.0	0	157.31748276689905	2313.408241129633	1	0	tensor(3)	2.2146966268025365
51200.0	3000.0	2113.408241129603	0.0	0	171.95477304729138	2313.4082411296404	1	0	tensor(3)	2.214696626802536
52305.37358229388	3000.0	2008.034658835724	0.0	0	0.0	2313.4082411296404	1	0	tensor(3)	2.214696626802536
53200.0	3000.0	2113.4082411296067	0.0	0	62.06695186084835	2313.408241129633	1	0	tensor(3)	2.2146966268025365
54200.0	3000.0	2113.408241129618	0.0	0	326.27997577300266	2313.4082411296404	1	0	tensor(3)	2.214696626802536
55200.0	3000.0	2113.4082411296104	0.0	0	381.41210248421703	2313.4082411296404	1	0	tensor(3)	2.214696626802536
56244.47248713758	3000.0	2068.935753992027	0.0	0	0.0	2313.4082411296404	1	0	tensor(3)	2.214696626802536
58301.910359136884	6000.0	1011.4978819927258	0.0	0	0.0	2313.4082411296476	1	0	tensor(3)	2.214696626802535
58957.695982500816	3000.0	1355.7122586287865	0.0	0	0.0	2313.4082411296476	1	0	tensor(3)	1.52154944624259
59648.259966866506	3000.0	1665.1482742630865	0.0	0	0.0	2313.4082411296476	1	0	tensor(3)	2.214696626802535
60422.23262099789	3000.0	1891.1756201316998	0.0	0	0.0	2313.4082411296476	1	0	tensor(3)	2.214696626802535
61258.26429665824	3000.0	2055.1439444713524	0.0	0	0.0	2313.4082411296476	1	0	tensor(3)	2.214696626802535
62200.0	3000.0	2113.408241129596	0.0	0	125.85783917006484	2313.408241129655	1	0	tensor(3)	2.2146966268025343
63200.0	3000.0	2113.4082411296067	0.0	0	307.975010056216	2313.408241129662	1	0	tensor(3)	2.2146966268025334
64602.14909242399	3000.0	1711.259148705617	0.0	0	0.0	2313.408241129662	1	0	tensor(3)	2.2146966268025334
65483.04037880314	3000.0	1830.3678623264655	0.0	0	0.0	2313.408241129662	1	0	tensor(3)	2.2146966268025334
66474.64596116827	3000.0	1838.7622799613373	0.0	0	0.0	2313.408241129662	1	0	tensor(3)	2.2146966268025334
67594.54809994977	3000.0	1718.8601411798272	0.0	0	0.0	2313.408241129655	1	0	tensor(3)	2.2146966268025334
68549.04384607021	3000.0	1764.364395059375	0.0	0	0.0	2313.408241129655	1	0	tensor(3)	2.2146966268025343
69334.40179296698	3000.0	1979.0064481626332	0.0	0	0.0	2313.408241129655	1	0	tensor(3)	2.2146966268025343
70236.0007973408	3000.0	2077.407443788815	0.0	0	0.0	2313.408241129655	1	0	tensor(3)	2.2146966268025343
71257.11100677587	3000.0	2056.297234353743	0.0	0	0.0	2313.408241129655	1	0	tensor(3)	2.2146966268025343
72200.0	3000.0	2113.408241129624	0.0	0	114.77293781899789	2313.4082411296695	1	0	tensor(3)	2.214696626802533
73200.0	3000.0	2113.408241129622	0.0	0	86.36402024750714	2313.4082411296695	1	0	tensor(3)	2.214696626802533
74236.92321498817	3000.0	2076.485026141456	0.0	0	0.0	2313.4082411296695	1	0	tensor(3)	2.214696626802533
75224.07068828352	3000.0	2089.337552846101	0.0	0	0.0	2313.4082411296695	1	0	tensor(3)	2.214696626802533
76200.0	3000.0	2113.40824112962	0.0	0	24.400191207241733	2313.408241129684	1	0	tensor(3)	2.2146966268025317
77200.0	3000.0	2113.408241129622	0.0	0	84.37892494400148	2313.408241129684	1	0	tensor(3)	2.2146966268025317
78200.0	3000.0	2113.408241129617	0.0	0	243.98963472686592	2313.408241129684	1	0	tensor(3)	2.2146966268025317
79200.0	3000.0	2113.4082411296054	0.0	0	326.32104085586616	2313.408241129684	1	0	tensor(3)	2.2146966268025317
80200.0	3000.0	2113.4082411295985	0.0	0	261.0732021518925	2313.408241129684	1	0	tensor(3)	2.2146966268025317
81200.0	3000.0	2113.408241129604	0.0	0	220.56230125180446	2313.408241129684	1	0	tensor(3)	2.2146966268025317
82540.26324268813	3000.0	1773.144998441468	0.0	0	0.0	2313.408241129684	1	0	tensor(3)	2.2146966268025317
83311.67439210133	3000.0	2001.7338490282837	0.0	0	0.0	2313.408241129684	1	0	tensor(3)	2.2146966268025317
84200.0	3000.0	2113.4082411296204	0.0	0	302.8640671995963	2313.408241129684	1	0	tensor(3)	2.2146966268025317
85332.66207867421	3000.0	1980.7461624554128	0.0	0	0.0	2313.4082411296986	1	0	tensor(3)	2.2146966268025303
86200.0	3000.0	2113.408241129625	0.0	0	201.12130393729603	2313.4082411296986	1	0	tensor(3)	2.2146966268025303
87200.0	3000.0	2113.408241129642	0.0	0	146.56640651804628	2313.408241129713	1	0	tensor(3)	2.214696626802529
88200.0	3000.0	2113.4082411296445	0.0	0	177.72763793692866	2313.408241129713	1	0	tensor(3)	2.214696626802529
89200.0	3000.0	2113.408241129636	0.0	0	318.5176238208951	2313.4082411296986	1	0	tensor(3)	2.2146966268025303
90200.0	3000.0	2113.4082411296376	0.0	0	316.1019491099578	2313.4082411296986	1	0	tensor(3)	2.2146966268025303
91200.0	3000.0	2113.40824112963	0.0	0	141.13144033766002	2313.408241129684	1	0	tensor(3)	2.2146966268025317
92200.0	3000.0	2113.4082411296267	0.0	0	250.03453753856593	2313.408241129684	1	0	tensor(3)	2.2146966268025317
93200.0	3000.0	2113.408241129627	0.0	0	79.677757771904	2313.408241129684	1	0	tensor(3)	2.2146966268025317
94200.0	3000.0	2113.4082411296313	0.0	0	67.42371605074732	2313.4082411296695	1	0	tensor(3)	2.214696626802533
95200.0	3000.0	2113.408241129627	0.0	0	221.34091270634963	2313.4082411296695	1	0	tensor(3)	2.214696626802533
96200.0	3000.0	2113.4082411296426	0.0	0	139.1782606575871	2313.408241129684	1	0	tensor(3)	2.2146966268025317
97426.41632284452	3000.0	1886.9919182851222	0.0	0	0.0	2313.408241129684	1	0	tensor(3)	2.2146966268025317
98203.64007446125	3000.0	2109.768166668402	0.0	0	0.0	2313.4082411296986	1	0	tensor(3)	2.2146966268025303
99346.02934702275	3000.0	1967.3788941068974	0.0	0	0.0	2313.408241129684	1	0	tensor(3)	2.2146966268025317
100200.0	3000.0	2113.408241129641	0.0	0	100.84644808767189	2313.4082411296986	1	0	tensor(3)	2.2146966268025303
101200.0	3000.0	2113.408241129634	0.0	0	37.14767622212821	2313.4082411296986	1	0	tensor(3)	2.2146966268025303
102200.0	3000.0	2113.408241129636	0.0	0	268.3223209890566	2313.4082411296986	1	0	tensor(3)	2.2146966268025303
103200.0	3000.0	2113.408241129624	0.0	0	91.25157900870545	2313.408241129684	1	0	tensor(3)	2.2146966268025317
104826.1269446402	6000.0	1487.281296489413	0.0	0	0.0	2313.408241129684	1	0	tensor(3)	2.214696626802531
106136.93626906953	3000.0	1176.471972060104	0.0	0	0.0	2313.4082411296986	1	0	tensor(3)	1.5215494462425854
107127.61625904153	3000.0	1185.7919820880882	0.0	0	0.0	2313.4082411296986	1	0	tensor(3)	2.2146966268025303
108119.14528284859	3000.0	1194.2629582810273	0.0	0	0.0	2313.4082411296986	1	0	tensor(3)	2.2146966268025303
109139.31318032344	3000.0	1174.0950608061564	0.0	0	0.0	2313.408241129684	1	0	tensor(3)	2.2146966268025317
109644.15457202878	3000.0	1669.2536691008136	0.0	0	0.0	2313.408241129684	1	0	tensor(3)	2.2146966268025317
110450.08687732146	3000.0	1863.321363808122	0.0	0	0.0	2313.408241129684	1	0	tensor(3)	2.2146966268025317
111200.0	3000.0	2113.4082411295826	0.0	0	239.9466018126259	2313.408241129684	1	0	tensor(3)	2.2146966268025317
112200.0	3000.0	2113.408241129582	0.0	0	155.55855199351208	2313.408241129684	1	0	tensor(3)	2.2146966268025317
113742.45620370541	6000.0	1570.9520374241606	0.0	0	0.0	2313.4082411296695	1	0	tensor(3)	2.214696626802533
114809.73617694105	3000.0	1503.6720641885051	0.0	0	0.0	2313.4082411296695	1	0	tensor(3)	1.521549446242588
115908.97808902439	3000.0	1404.4301521051582	0.0	0	0.0	2313.4082411296695	1	0	tensor(3)	2.214696626802533
116687.38889374064	3000.0	1626.0193473888971	0.0	0	0.0	2313.4082411296695	1	0	tensor(3)	2.214696626802533
117341.55161171495	3000.0	1971.856629414575	0.0	0	0.0	2313.4082411296695	1	0	tensor(3)	2.214696626802533
118200.0	3000.0	2113.4082411295362	0.0	0	157.95289093456813	2313.4082411296695	1	0	tensor(3)	2.214696626802533
119359.22825155826	3000.0	1954.1799895712807	0.0	0	0.0	2313.4082411296695	1	0	tensor(3)	2.214696626802533
120430.36670811332	3000.0	1883.0415330162296	0.0	0	0.0	2313.4082411296695	1	0	tensor(3)	2.214696626802533
121371.67076696349	3000.0	1941.737474166043	0.0	0	0.0	2313.4082411296695	1	0	tensor(3)	2.214696626802533
122200.0	3000.0	2113.408241129533	0.0	0	92.44294253757107	2313.4082411296695	1	0	tensor(3)	2.214696626802533
123200.0	3000.0	2113.4082411295476	0.0	0	83.90075953073392	2313.408241129684	1	0	tensor(3)	2.2146966268025317
124352.10115979945	3000.0	1961.3070813300874	0.0	0	0.0	2313.408241129684	1	0	tensor(3)	2.2146966268025317
125329.6863568401	3000.0	1983.721884289444	0.0	0	0.0	2313.408241129684	1	0	tensor(3)	2.2146966268025317
126779.14416252219	3000.0	1534.264078607349	0.0	0	0.0	2313.408241129684	1	0	tensor(3)	2.2146966268025317
127445.26338467571	2000.0	1868.1448564538327	0.0	0	0.0	2313.408241129684	1	0	tensor(3)	1.4037664105862024
128348.8152942455	3000.0	1964.5929468840343	0.0	0	0.0	2313.4082411296695	1	0	tensor(3)	1.8092315186943684
129551.17603337362	3000.0	1762.2322077559197	0.0	0	0.0	2313.4082411296695	1	0	tensor(3)	2.214696626802533
130860.84112490232	3000.0	1452.5671162272172	0.0	0	0.0	2313.4082411296695	1	0	tensor(3)	2.214696626802533
132351.5547034401	3000.0	961.8535376894234	0.0	0	0.0	2313.408241129684	1	0	tensor(3)	2.2146966268025325
133711.80648189396	3000.0	601.6017592355578	0.0	0	0.0	2313.408241129655	1	0	tensor(3)	2.214696626802534
134677.88592651841	2000.0	635.5223146111348	0.0	0	0.0	2313.408241129626	1	0	tensor(3)	1.4037664105862078
135416.57109222858	2000.0	896.8371489009648	0.0	0	0.0	2313.408241129626	1	0	tensor(3)	1.8092315186943724
136531.62779994658	3000.0	781.7804411829704	0.0	0	0.0	2313.408241129626	1	0	tensor(3)	1.8092315186943726
137729.9325624502	3000.0	583.4756786793561	0.0	0	0.0	2313.408241129626	1	0	tensor(3)	2.2146966268025374
138537.08094952983	3000.0	776.3272915997485	0.0	0	0.0	2313.4082411295967	1	0	tensor(3)	2.21469662680254
139373.08499168596	3000.0	940.3232494436224	0.0	0	0.0	2313.4082411295967	1	0	tensor(3)	2.21469662680254
140230.28510906335	3000.0	1083.1231320662714	0.0	0	0.0	2313.4082411295967	1	0	tensor(3)	2.21469662680254
140981.10988982834	3000.0	1332.2983513012748	0.0	0	0.0	2313.4082411295967	1	0	tensor(3)	2.21469662680254
141895.26382429196	3000.0	1418.1444168376565	0.0	0	0.0	2313.4082411295967	1	0	tensor(3)	2.21469662680254
142709.96880229926	3000.0	1603.4394388303701	0.0	0	0.0	2313.4082411295967	1	0	tensor(3)	2.21469662680254
143379.36531668884	3000.0	1934.042924440787	0.0	0	0.0	2313.4082411295967	1	0	tensor(3)	2.21469662680254
144527.36268653363	3000.0	1786.0455545960149	0.0	0	0.0	2313.4082411295967	1	0	tensor(3)	2.21469662680254
145262.00954934827	3000.0	2051.3986917813922	0.0	0	0.0	2313.4082411295967	1	0	tensor(3)	2.21469662680254
146200.0	3000.0	2113.4082411296586	0.0	0	171.66669994322	2313.4082411295967	1	0	tensor(3)	2.21469662680254
147333.1442630726	3000.0	1980.2639780570385	0.0	0	0.0	2313.4082411295967	1	0	tensor(3)	2.21469662680254
148223.40198813137	3000.0	2090.0062529983006	0.0	0	0.0	2313.4082411295967	1	0	tensor(3)	2.21469662680254
149200.0	3000.0	2113.4082411296567	0.0	0	273.4377664485364	2313.4082411295676	1	0	tensor(3)	2.2146966268025428
150309.03863503598	3000.0	2004.3696060936948	0.0	0	0.0	2313.4082411295676	1	0	tensor(3)	2.2146966268025428
151200.0	3000.0	2113.4082411296695	0.0	0	300.99739851951017	2313.4082411295967	1	0	tensor(3)	2.21469662680254
152200.0	3000.0	2113.4082411296786	0.0	0	334.79311776539544	2313.4082411295967	1	0	tensor(3)	2.21469662680254
153200.0	3000.0	2113.408241129682	0.0	0	310.9580683071399	2313.4082411295967	1	0	tensor(3)	2.21469662680254
154200.0	3000.0	2113.4082411296904	0.0	0	18.77548337468761	2313.408241129626	1	0	tensor(3)	2.2146966268025374
155200.0	3000.0	2113.408241129695	0.0	0	188.57809271014412	2313.408241129626	1	0	tensor(3)	2.2146966268025374
156200.0	3000.0	2113.4082411296886	0.0	0	12.93418832894531	2313.408241129655	1	0	tensor(3)	2.2146966268025343
157200.0	3000.0	2113.4082411296968	0.0	0	157.4664843804785	2313.408241129655	1	0	tensor(3)	2.2146966268025343
158200.0	3000.0	2113.408241129733	0.0	0	32.25182948727161	2313.408241129655	1	0	tensor(3)	2.2146966268025343
159200.0	3000.0	2113.4082411297386	0.0	0	27.036193959764205	2313.408241129626	1	0	tensor(3)	2.2146966268025374
160200.0	3000.0	2113.4082411297422	0.0	0	31.615093092026655	2313.408241129626	1	0	tensor(3)	2.2146966268025374
161862.62006774757	6000.0	1450.7881733821798	0.0	0	0.0	2313.408241129626	1	0	tensor(3)	2.214696626802537
162575.37373575766	3000.0	1738.0345053721126	0.0	0	0.0	2313.408241129626	1	0	tensor(3)	1.5215494462425923
163657.92603392957	3000.0	1655.48220720021	0.0	0	0.0	2313.4082411295967	1	0	tensor(3)	2.21469662680254
164456.37063990926	3000.0	1857.0376012204724	0.0	0	0.0	2313.4082411295967	1	0	tensor(3)	2.21469662680254
165301.86577684252	3000.0	2011.5424642871744	0.0	0	0.0	2313.4082411295385	1	0	tensor(3)	2.2146966268025445
166200.0	3000.0	2113.408241129695	0.0	0	5.271284449554514	2313.4082411295385	1	0	tensor(3)	2.2146966268025454
167628.08142769765	6000.0	1685.3268134320347	0.0	0	0.0	2313.4082411295385	1	0	tensor(3)	2.214696626802545
168358.0747929264	3000.0	1955.3334482033003	0.0	0	0.0	2313.4082411295676	1	0	tensor(3)	1.5215494462425978
169200.0	3000.0	2113.4082411296567	0.0	0	200.22683051001513	2313.4082411295676	1	0	tensor(3)	2.2146966268025428
170200.0	3000.0	2113.4082411296586	0.0	0	139.64307595207356	2313.4082411295676	1	0	tensor(3)	2.2146966268025428
171200.0	3000.0	2113.408241129678	0.0	0	225.8047720437171	2313.4082411295967	1	0	tensor(3)	2.21469662680254
172200.0	3000.0	2113.4082411296977	0.0	0	293.3388324766711	2313.408241129626	1	0	tensor(3)	2.2146966268025374
173200.0	3000.0	2113.408241129696	0.0	0	253.27331851914641	2313.408241129626	1	0	tensor(3)	2.2146966268025374
174200.0	3000.0	2113.408241129674	0.0	0	336.9414325923717	2313.4082411295967	1	0	tensor(3)	2.21469662680254
175200.0	3000.0	2113.4082411296504	0.0	0	259.5167713717674	2313.4082411295967	1	0	tensor(3)	2.21469662680254
176239.58742414386	3000.0	2073.820816985788	0.0	0	0.0	2313.4082411295967	1	0	tensor(3)	2.21469662680254
177802.1290782751	6000.0	1511.27916285456	0.0	0	0.0	2313.408241129626	1	0	tensor(3)	2.214696626802537
178672.55876811134	3000.0	1640.8494730183277	0.0	0	0.0	2313.408241129626	1	0	tensor(3)	1.5215494462425923
179545.2081655899	3000.0	1768.2000755397792	0.0	0	0.0	2313.4082411295967	1	0	tensor(3)	2.21469662680254
180541.7841977989	3000.0	1771.6240433307307	0.0	0	0.0	2313.4082411295676	1	0	tensor(3)	2.2146966268025428
181233.8864991436	3000.0	2079.5217419860064	0.0	0	0.0	2313.4082411295676	1	0	tensor(3)	2.2146966268025428
182200.0	3000.0	2113.4082411296185	0.0	0	170.3108387097309	2313.4082411295967	1	0	tensor(3)	2.21469662680254
183200.0	3000.0	2113.408241129643	0.0	0	83.9921229374595	2313.4082411295967	1	0	tensor(3)	2.21469662680254
184200.0	3000.0	2113.408241129634	0.0	0	231.48166948271682	2313.4082411295967	1	0	tensor(3)	2.21469662680254
185915.084148473	6000.0	1398.324092656654	0.0	0	0.0	2313.4082411295967	1	0	tensor(3)	2.2146966268025396
187051.5855515931	3000.0	1261.8226895365335	0.0	0	0.0	2313.4082411295967	1	0	tensor(3)	1.5215494462425951
188278.6801635202	3000.0	1034.7280776093864	0.0	0	0.0	2313.4082411295676	1	0	tensor(3)	2.2146966268025428
189228.33055690868	3000.0	1085.0776842209111	0.0	0	0.0	2313.4082411295676	1	0	tensor(3)	2.2146966268025428
189938.42212865382	3000.0	1374.9861124757656	0.0	0	0.0	2313.4082411295676	1	0	tensor(3)	2.2146966268025428
191126.76804187856	3000.0	1186.6401992510325	0.0	0	0.0	2313.4082411295676	1	0	tensor(3)	2.2146966268025428
191771.54893363587	3000.0	1541.859307493739	0.0	0	0.0	2313.4082411295676	1	0	tensor(3)	2.2146966268025428
192496.58835360454	3000.0	1816.8198875250728	0.0	0	0.0	2313.4082411295676	1	0	tensor(3)	2.2146966268025428
193560.49739021205	3000.0	1752.9108509175671	0.0	0	0.0	2313.4082411295967	1	0	tensor(3)	2.21469662680254
194834.24348773883	3000.0	1479.164753390779	0.0	0	0.0	2313.4082411295967	1	0	tensor(3)	2.21469662680254
195535.5556237004	3000.0	1777.8526174292456	0.0	0	0.0	2313.408241129626	1	0	tensor(3)	2.2146966268025374
196444.41100516063	3000.0	1868.99723596906	0.0	0	0.0	2313.408241129626	1	0	tensor(3)	2.2146966268025374
197442.15261444397	3000.0	1871.255626685718	0.0	0	0.0	2313.408241129655	1	0	tensor(3)	2.2146966268025343
198200.0	3000.0	2113.4082411296754	0.0	0	94.15812638786156	2313.408241129655	1	0	tensor(3)	2.2146966268025343
199200.0	3000.0	2113.4082411296918	0.0	0	238.54990095060202	2313.408241129655	1	0	tensor(3)	2.2146966268025343
200200.0	3000.0	2113.4082411296786	0.0	0	184.20698532857932	2313.408241129655	1	0	tensor(3)	2.2146966268025343
201260.25750995433	3000.0	2053.1507311753253	0.0	0	0.0	2313.408241129626	1	0	tensor(3)	2.2146966268025374
202200.0	3000.0	2113.408241129666	0.0	0	10.400687134620966	2313.408241129626	1	0	tensor(3)	2.2146966268025374
203200.0	3000.0	2113.4082411296604	0.0	0	103.87602329239598	2313.408241129626	1	0	tensor(3)	2.2146966268025374
204200.0	3000.0	2113.4082411296504	0.0	0	34.177207834	2313.408241129626	1	0	tensor(3)	2.2146966268025374
205281.46205431654	3000.0	2031.9461868130982	0.0	0	0.0	2313.408241129626	1	0	tensor(3)	2.2146966268025374
206200.0	3000.0	2113.4082411296285	0.0	0	230.65824843381415	2313.408241129655	1	0	tensor(3)	2.2146966268025343
207200.0	3000.0	2113.408241129612	0.0	0	292.03630351569154	2313.408241129655	1	0	tensor(3)	2.2146966268025343
208222.47598372822	3000.0	2090.932257401364	0.0	0	0.0	2313.408241129626	1	0	tensor(3)	2.2146966268025374
209216.07072646514	3000.0	2097.337514664411	0.0	0	0.0	2313.4082411295967	1	0	tensor(3)	2.21469662680254
210200.0	3000.0	2113.4082411295344	0.0	0	348.0360094611824	2313.4082411295967	1	0	tensor(3)	2.21469662680254
211200.0	3000.0	2113.4082411295276	0.0	0	282.2665364894783	2313.4082411295967	1	0	tensor(3)	2.21469662680254
212200.0	3000.0	2113.4082411295176	0.0	0	143.29592214428703	2313.4082411295967	1	0	tensor(3)	2.21469662680254
213391.97467463504	3000.0	1921.4335664944672	0.0	0	0.0	2313.4082411295967	1	0	tensor(3)	2.21469662680254
214611.73803391744	3000.0	1701.670207212081	0.0	0	0.0	2313.4082411295967	1	0	tensor(3)	2.21469662680254
215377.96687910336	3000.0	1935.441362026167	0.0	0	0.0	2313.4082411295967	1	0	tensor(3)	2.21469662680254
216322.26808484565	3000.0	1991.1401562838737	0.0	0	0.0	2313.4082411295676	1	0	tensor(3)	2.2146966268025428
217607.66317168114	3000.0	1705.7450694483564	0.0	0	0.0	2313.4082411295676	1	0	tensor(3)	2.2146966268025428
218529.15059168427	3000.0	1784.2576494452057	0.0	0	0.0	2313.4082411295676	1	0	tensor(3)	2.2146966268025428
219281.99524707213	3000.0	2031.412994057355	0.0	0	0.0	2313.4082411295676	1	0	tensor(3)	2.2146966268025428
220200.0	3000.0	2113.40824112949	0.0	0	112.18441285952576	2313.4082411295385	1	0	tensor(3)	2.2146966268025454
221585.32685691305	3000.0	1728.0813842164864	0.0	0	0.0	2313.4082411295385	1	0	tensor(3)	2.2146966268025454
222422.57590438944	3000.0	1890.8323367400753	0.0	0	0.0	2313.4082411295385	1	0	tensor(3)	2.2146966268025454
223625.06258915353	3000.0	1688.3456519759939	0.0	0	0.0	2313.4082411295385	1	0	tensor(3)	2.2146966268025454
224642.2022136757	3000.0	1671.2060274538298	0.0	0	0.0	2313.4082411295385	1	0	tensor(3)	2.2146966268025454
225432.85205439673	3000.0	1880.5561867327824	0.0	0	0.0	2313.4082411295385	1	0	tensor(3)	2.2146966268025454
226342.91611631753	3000.0	1970.4921248119501	0.0	0	0.0	2313.4082411295385	1	0	tensor(3)	2.2146966268025454
227200.0	3000.0	2113.4082411294667	0.0	0	101.23821818479337	2313.4082411295385	1	0	tensor(3)	2.2146966268025454
229041.33142454544	6000.0	1272.0768165840282	0.0	0	0.0	2313.4082411295385	1	0	tensor(3)	2.214696626802545
229857.92802719626	3000.0	1455.4802139332014	0.0	0	0.0	2313.4082411295385	1	0	tensor(3)	1.5215494462426007
230846.30383014897	3000.0	1467.1044109804739	0.0	0	0.0	2313.4082411295385	1	0	tensor(3)	2.2146966268025454
231890.98261372076	3000.0	1422.4256274086783	0.0	0	0.0	2313.4082411295385	1	0	tensor(3)	2.2146966268025454
232379.2820495716	2000.0	1934.1261915578234	0.0	0	0.0	2313.4082411295385	1	0	tensor(3)	1.4037664105862162
233200.0	3000.0	2113.4082411294003	0.0	0	192.2217751413118	2313.4082411295094	1	0	tensor(3)	1.8092315186943837
234200.0	3000.0	2113.4082411294085	0.0	0	276.73025006469106	2313.4082411295094	1	0	tensor(3)	2.2146966268025485
235200.0	3000.0	2113.4082411293784	0.0	0	66.12285636930028	2313.4082411295385	1	0	tensor(3)	2.214696626802547
236200.0	3000.0	2113.4082411293693	0.0	0	17.10150453366805	2313.4082411295385	1	0	tensor(3)	2.2146966268025454
237200.0	3000.0	2113.4082411293207	0.0	0	262.84016345685814	2313.4082411295385	1	0	tensor(3)	2.2146966268025454
238317.2549935362	3000.0	1996.1532475931342	0.0	0	0.0	2313.4082411295094	1	0	tensor(3)	2.2146966268025485
239200.0	3000.0	2113.4082411292916	0.0	0	120.2698939940019	2313.4082411295094	1	0	tensor(3)	2.2146966268025485
240200.0	3000.0	2113.408241129294	0.0	0	132.31361368499347	2313.4082411295094	1	0	tensor(3)	2.2146966268025485
241214.8258575966	3000.0	2098.5823835327265	0.0	0	0.0	2313.4082411295094	1	0	tensor(3)	2.2146966268025485
242365.98749470012	3000.0	1947.4207464291542	0.0	0	0.0	2313.4082411294803	1	0	tensor(3)	2.2146966268025507
243293.70332564745	3000.0	2019.7049154818258	0.0	0	0.0	2313.4082411294803	1	0	tensor(3)	2.214696626802551
244200.0	3000.0	2113.408241129282	0.0	0	119.6516367480217	2313.4082411294803	1	0	tensor(3)	2.214696626802551
245468.5544810197	3000.0	1844.853760109619	0.0	0	0.0	2313.4082411294803	1	0	tensor(3)	2.214696626802551
246634.36626042944	3000.0	1679.041980699894	0.0	0	0.0	2313.4082411294803	1	0	tensor(3)	2.214696626802551
247523.9922817802	3000.0	1789.4159593491042	0.0	0	0.0	2313.4082411294803	1	0	tensor(3)	2.214696626802551
248339.14088992632	3000.0	1974.2673512029723	0.0	0	0.0	2313.4082411294803	1	0	tensor(3)	2.214696626802551
249200.0	3000.0	2113.408241129302	0.0	0	193.22178512526443	2313.408241129451	1	0	tensor(3)	2.214696626802554
250200.0	3000.0	2113.4082411293057	0.0	0	168.87996264602407	2313.408241129451	1	0	tensor(3)	2.214696626802554
251200.0	3000.0	2113.4082411292757	0.0	0	360.6609648973099	2313.408241129422	1	0	tensor(3)	2.2146966268025565
252200.0	3000.0	2113.408241129262	0.0	0	21.203479043906555	2313.408241129422	1	0	tensor(3)	2.2146966268025565
253494.29890502707	6000.0	1819.1093361022054	0.0	0	0.0	2313.408241129422	1	0	tensor(3)	2.2146966268025565
254419.441746103	3000.0	1893.9664950262945	0.0	0	0.0	2313.408241129451	1	0	tensor(3)	1.521549446242609
255200.0	3000.0	2113.4082411293275	0.0	0	41.799238052160945	2313.408241129451	1	0	tensor(3)	2.214696626802554
256200.0	3000.0	2113.408241129314	0.0	0	282.3513128278137	2313.408241129451	1	0	tensor(3)	2.214696626802554
257200.0	3000.0	2113.4082411292766	0.0	0	186.65926321977167	2313.408241129451	1	0	tensor(3)	2.214696626802554
258200.0	3000.0	2113.4082411292848	0.0	0	9.070184531941777	2313.408241129451	1	0	tensor(3)	2.214696626802554
259200.0	3000.0	2113.4082411293107	0.0	0	261.7514318450121	2313.408241129451	1	0	tensor(3)	2.214696626802554
260717.06047518336	6000.0	1596.3477659459454	0.0	0	0.0	2313.408241129451	1	0	tensor(3)	2.2146966268025534
261642.94696963875	3000.0	1670.461271490526	0.0	0	0.0	2313.408241129451	1	0	tensor(3)	1.521549446242609
262361.742466756	3000.0	1951.6657743732303	0.0	0	0.0	2313.408241129422	1	0	tensor(3)	2.2146966268025556
263324.91367920395	3000.0	1988.4945619253324	0.0	0	0.0	2313.408241129451	1	0	tensor(3)	2.214696626802554
264298.0928044758	3000.0	2015.3154366534186	0.0	0	0.0	2313.408241129364	1	0	tensor(3)	2.21469662680256
265349.0616934605	3000.0	1964.3465476687302	0.0	0	0.0	2313.408241129364	1	0	tensor(3)	2.2146966268025623
266200.0	3000.0	2113.4082411292666	0.0	0	104.6016526784515	2313.408241129364	1	0	tensor(3)	2.2146966268025623
267200.0	3000.0	2113.4082411293375	0.0	0	331.3477022967418	2313.408241129364	1	0	tensor(3)	2.2146966268025623
268263.56680706167	3000.0	2049.841434067582	0.0	0	0.0	2313.408241129364	1	0	tensor(3)	2.2146966268025623
269200.0	3000.0	2113.4082411291956	0.0	0	52.32869896158809	2313.4082411292475	1	0	tensor(3)	2.21469662680257
270200.0	3000.0	2113.408241129197	0.0	0	194.69721429195488	2313.4082411293057	1	0	tensor(3)	2.2146966268025676
271200.0	3000.0	2113.4082411291956	0.0	0	124.31338037137175	2313.4082411293057	1	0	tensor(3)	2.2146966268025676
272200.0	3000.0	2113.408241129225	0.0	0	117.29836211149814	2313.4082411293057	1	0	tensor(3)	2.2146966268025676
273435.8281037264	3000.0	1877.5801374028586	0.0	0	0.0	2313.4082411292475	1	0	tensor(3)	2.2146966268025734
274401.54518205393	3000.0	1911.8630590752923	0.0	0	0.0	2313.4082411291893	1	0	tensor(3)	2.2146966268025787
275541.7638456272	3000.0	1771.6443955020234	0.0	0	0.0	2313.4082411291893	1	0	tensor(3)	2.214696626802581
276200.0	2000.0	2113.408241129189	0.0	0	25.228038490749896	2313.4082411292475	1	0	tensor(3)	1.403766410586245
277248.8052316189	3000.0	2064.6030095102888	0.0	0	0.0	2313.4082411292475	1	0	tensor(3)	1.8092315186944088
278392.81750953215	3000.0	1920.590731597091	0.0	0	0.0	2313.4082411292475	1	0	tensor(3)	2.2146966268025734
279507.39560964523	3000.0	1806.012631483984	0.0	0	0.0	2313.4082411292475	1	0	tensor(3)	2.2146966268025734
280807.0651566992	3000.0	1506.3430844299846	0.0	0	0.0	2313.4082411293057	1	0	tensor(3)	2.2146966268025676
281931.77792803367	3000.0	1381.6303130955157	0.0	0	0.0	2313.4082411292475	1	0	tensor(3)	2.2146966268025734
283422.17663423833	3000.0	891.2316068908376	0.0	0	0.0	2313.4082411293057	1	0	tensor(3)	2.2146966268025676
284262.2375007639	2000.0	1051.1707403652154	0.0	0	0.0	2313.4082411293057	1	0	tensor(3)	1.4037664105862384
285081.0247485978	3000.0	1232.3834925312954	0.0	0	0.0	2313.4082411292475	1	0	tensor(3)	1.8092315186944088
286234.7673049548	3000.0	1078.6409361742963	0.0	0	0.0	2313.4082411292475	1	0	tensor(3)	2.2146966268025734
287323.3650020608	3000.0	990.0432390683779	0.0	0	0.0	2313.4082411293057	1	0	tensor(3)	2.21469662680257
288073.3373990317	3000.0	1240.0708420974465	0.0	0	0.0	2313.4082411293057	1	0	tensor(3)	2.2146966268025676
288958.30193376425	3000.0	1355.1063073649211	0.0	0	0.0	2313.4082411293057	1	0	tensor(3)	2.2146966268025676
289765.88825140224	3000.0	1547.5199897269138	0.0	0	0.0	2313.4082411293057	1	0	tensor(3)	2.2146966268025676
290638.7383841972	3000.0	1674.6698569319567	0.0	0	0.0	2313.4082411293057	1	0	tensor(3)	2.2146966268025676
291418.52727430646	3000.0	1894.8809668225786	0.0	0	0.0	2313.4082411292475	1	0	tensor(3)	2.2146966268025734
292200.0	3000.0	2113.408241129051	0.0	0	93.47234599868534	2313.4082411293057	1	0	tensor(3)	2.214696626802571
293200.0	3000.0	2113.4082411291156	0.0	0	141.55682452954352	2313.408241129364	1	0	tensor(3)	2.2146966268025623
294200.0	3000.0	2113.4082411291793	0.0	0	197.83467006502906	2313.408241129364	1	0	tensor(3)	2.2146966268025623
295200.0	3000.0	2113.4082411292347	0.0	0	271.9911742420518	2313.408241129422	1	0	tensor(3)	2.2146966268025565
296353.3086669164	3000.0	1960.0995742128546	0.0	0	0.0	2313.408241129422	1	0	tensor(3)	2.2146966268025565
297200.43301027187	3000.0	2112.9752308573725	0.0	0	0.0	2313.408241129422	1	0	tensor(3)	2.2146966268025565
298200.0	3000.0	2113.408241129269	0.0	0	39.48492480191635	2313.408241129364	1	0	tensor(3)	2.2146966268025587
299200.96692155796	3000.0	2112.441319571303	0.0	0	0.0	2313.408241129364	1	0	tensor(3)	2.2146966268025623
300200.0	3000.0	2113.4082411292384	0.0	0	418.6295934100053	2313.408241129364	1	0	tensor(3)	2.2146966268025623
301200.0	3000.0	2113.40824112927	0.0	0	383.1144892935408	2313.408241129364	1	0	tensor(3)	2.2146966268025623
302200.0	3000.0	2113.4082411292156	0.0	0	109.54686131956987	2313.4082411293057	1	0	tensor(3)	2.2146966268025676
3.81	3.97	3.94	3.64	3.86	4.39	3.82	4.73	3.9	3.57	3.83	4.02	3.58	5.39	3.41	4.73	4.95	3.13	3.5	3.45	3.79	4.21	3.28	4.8	3.58	2.72	3.17	3.93	4.8	4.61	3.71	4.85	4.62	2.05	2.37	2.66	3.65	3.1	4.03	3.8	3.48	3.12	4.61	3.3	4.23	3.92	3.49	2.66	3.94	4.86	4.08	2.73	4.77	3.26	3.43	4.22	4.01	4.29	4.05	2.65	2.4	4.01	3.95	2.59	3.45	4.08	3.41	3.08	2.77	2.81	2.84	3.64	4.21	3.21	5.17	3.76	3.49	2.31	2.4	4.71	3.43	4.1	3.79	3.22	3.42	4.3	4.52	2.97	3.41	4.19	4.61	3.15	3.2	2.95	2.63	3.5	4.24	4.22	3.39	4.73	3.96	2.92	3.46	2.95	3.87	4.61	5.34	3.49	4.46	4.66	2.9	3.19	4.8	4.19	3.08	3.71	3.67	4.67	4.56	3.17	2.51	3.41	1.99	3.44	2.95	3.29	2.83	2.41	3.41	2.8	2.65	3.48	3.3	3.35	3.7	3.35	4.49	3.59	3.19	3.7	2.94	4.14	3.1	3.26	3.73	3.19	4.25	4.69	4.0	3.71	3.81	3.97	3.94	3.64	3.86	4.39	3.82	4.73	3.9	3.57	3.83	4.02	3.58	5.39	3.41	4.73	4.95	3.13	3.5	3.45	3.79	4.21	3.28	4.8	3.58	2.72	3.17	3.93	4.8	4.61	3.71	4.85	4.62	2.05	2.37	2.66	3.65	3.1	4.03	3.8	3.48	3.12	4.61	3.3	4.23	3.92	3.49	2.66	3.94	4.86	4.08	2.73	4.77	3.26	3.43	4.22	4.01	4.29	4.05	2.65	2.4	4.01	3.95	2.59	3.45	4.08	3.41	3.08	2.77	2.81	2.84	3.64	4.21	3.21	5.17	3.76	3.49	2.31	2.4	4.71	3.43	4.1	3.79	3.22	3.42	4.3	4.52	2.97	3.41	4.19	4.61	3.15	3.2	2.95	2.63	3.5	4.24	4.22	3.39	4.73	3.96	2.92	3.46	2.95	3.87	4.61	5.34	3.49	4.46	4.66	2.9	3.19	4.8	4.19	3.08	3.71	3.67	4.67	4.56	3.17	2.51	3.41	1.99	3.44	2.95	3.29	2.83	2.41	3.41	2.8	2.65	3.48	3.3	3.35	3.7	3.35	4.49	3.59	3.19	3.7	2.94	4.14	3.1	3.26	3.73	3.19	4.25	4.69	4.0	3.71	3.81	3.97	3.94
1.0	2.0	3.0	4.0	5.0	6.0	7.0	8.0	9.0	10.0	11.0	12.0	13.0	14.0	15.0	16.0	17.0	18.0	19.0	20.0	21.0	22.0	23.0	24.0	25.0	26.0	27.0	28.0	29.0	30.0	31.0	32.0	33.0	34.0	35.0	36.0	37.0	38.0	39.0	40.0	41.0	42.0	43.0	44.0	45.0	46.0	47.0	48.0	49.0	50.0	51.0	52.0	53.0	54.0	55.0	56.0	57.0	58.0	59.0	60.0	61.0	62.0	63.0	64.0	65.0	66.0	67.0	68.0	69.0	70.0	71.0	72.0	73.0	74.0	75.0	76.0	77.0	78.0	79.0	80.0	81.0	82.0	83.0	84.0	85.0	86.0	87.0	88.0	89.0	90.0	91.0	92.0	93.0	94.0	95.0	96.0	97.0	98.0	99.0	100.0	101.0	102.0	103.0	104.0	105.0	106.0	107.0	108.0	109.0	110.0	111.0	112.0	113.0	114.0	115.0	116.0	117.0	118.0	119.0	120.0	121.0	122.0	123.0	124.0	125.0	126.0	127.0	128.0	129.0	130.0	131.0	132.0	133.0	134.0	135.0	136.0	137.0	138.0	139.0	140.0	141.0	142.0	143.0	144.0	145.0	146.0	147.0	148.0	149.0	149.0	150.0	151.0	152.0	153.0	154.0	155.0	156.0	157.0	158.0	159.0	160.0	161.0	162.0	163.0	164.0	165.0	166.0	167.0	168.0	169.0	170.0	171.0	172.0	173.0	174.0	175.0	176.0	177.0	178.0	179.0	180.0	181.0	182.0	183.0	184.0	185.0	186.0	187.0	188.0	189.0	190.0	191.0	192.0	193.0	194.0	195.0	196.0	197.0	198.0	199.0	200.0	201.0	202.0	203.0	204.0	205.0	206.0	207.0	208.0	209.0	210.0	211.0	212.0	213.0	214.0	215.0	216.0	217.0	218.0	219.0	220.0	221.0	222.0	223.0	224.0	225.0	226.0	227.0	228.0	229.0	230.0	231.0	232.0	233.0	234.0	235.0	236.0	237.0	238.0	239.0	240.0	241.0	242.0	243.0	244.0	245.0	246.0	247.0	248.0	249.0	250.0	251.0	252.0	253.0	254.0	255.0	256.0	257.0	258.0	259.0	260.0	261.0	262.0	263.0	264.0	265.0	266.0	267.0	268.0	269.0	270.0	271.0	272.0	273.0	274.0	275.0	276.0	277.0	278.0	279.0	280.0	281.0	282.0	283.0	284.0	285.0	286.0	287.0	288.0	289.0	290.0	291.0	292.0	293.0	294.0	295.0	296.0	297.0	298.0	298.0	299.0	300.0	301.0
3976.1541463198846
