4245.483484581178	1000.0	2000.0	157.66537954727949	0	0.0	4245.483484581178	1	0	tensor(2)	-1.7098262440119125
5135.157986556448	6000.0	2110.32549802473	0.0	0	0.0	4245.483484581178	1	0	tensor(3)	0.4239495429185024
5864.565353634899	6000.0	2380.9181309462783	0.0	0	0.0	4245.483484581178	1	0	tensor(3)	2.4157090121465568
6799.542032780257	6000.0	2445.9414518009207	0.0	0	0.0	4245.483484581178	1	0	tensor(3)	2.415709012146557
7564.939551649437	6000.0	2680.5439329317396	0.0	0	0.0	4245.4834845811765	1	0	tensor(3)	2.415709012146558
8699.3083534542	6000.0	2546.1751311269786	0.0	0	0.0	4245.483484581178	1	0	tensor(3)	2.4157090121465568
9333.179913985061	6000.0	2912.303570596117	0.0	0	0.0	4245.483484581177	1	0	tensor(3)	2.415709012146557
10228.059245115355	6000.0	3017.424239465826	0.0	0	0.0	4245.48348458118	1	0	tensor(3)	2.4157090121465563
11082.724134425918	6000.0	3162.759350155262	0.0	0	0.0	4245.48348458118	1	0	tensor(3)	2.415709012146556
11952.5744729194	6000.0	3292.9090116617817	0.0	0	0.0	4245.483484581183	1	0	tensor(3)	2.4157090121465545
12554.113929039175	6000.0	3691.369555542005	0.0	0	0.0	4245.483484581182	1	0	tensor(3)	2.4157090121465545
13200.0	6000.0	4045.4834845811806	0.0	0	1.306225475293104	4245.483484581182	1	0	tensor(3)	2.4157090121465545
14200.0	6000.0	4045.483484581182	0.0	0	144.4361761682958	4245.483484581182	1	0	tensor(3)	2.4157090121465545
15200.0	6000.0	4045.483484581182	0.0	0	368.6635514445061	4245.483484581182	1	0	tensor(3)	2.4157090121465545
16200.0	6000.0	4045.483484581183	0.0	0	322.0173734260261	4245.483484581182	1	0	tensor(3)	2.4157090121465545
17200.0	6000.0	4045.4834845811783	0.0	0	369.1890561720829	4245.4834845811765	1	0	tensor(3)	2.4157090121465568
18200.0	6000.0	4045.48348458118	0.0	0	555.625236323478	4245.483484581178	1	0	tensor(3)	2.415709012146556
19200.0	6000.0	4045.4834845811774	0.0	0	432.65124485221895	4245.483484581175	1	0	tensor(3)	2.4157090121465585
20200.0	6000.0	4045.4834845811774	0.0	0	236.61202169934768	4245.483484581173	1	0	tensor(3)	2.41570901214656
21200.0	6000.0	4045.483484581179	0.0	0	18.037405068698718	4245.483484581171	1	0	tensor(3)	2.4157090121465603
22200.0	6000.0	4045.4834845811793	0.0	0	294.6598759755652	4245.483484581171	1	0	tensor(3)	2.4157090121465603
23200.0	6000.0	4045.4834845811793	0.0	0	360.75620575910216	4245.483484581171	1	0	tensor(3)	2.4157090121465603
24200.0	6000.0	4045.4834845811793	0.0	0	298.5640299720617	4245.483484581171	1	0	tensor(3)	2.4157090121465603
25200.0	6000.0	4045.4834845811793	0.0	0	370.0214273113779	4245.483484581171	1	0	tensor(3)	2.4157090121465603
26200.0	6000.0	4045.4834845811783	0.0	0	473.8736045706355	4245.483484581171	1	0	tensor(3)	2.4157090121465603
27200.0	6000.0	4045.4834845811765	0.0	0	247.0302883272816	4245.483484581175	1	0	tensor(3)	2.415709012146559
28423.624271707027	6000.0	3821.8592128741484	0.0	0	0.0	4245.483484581171	1	0	tensor(3)	2.4157090121465603
29404.081409631264	6000.0	3841.4020749499127	0.0	0	0.0	4245.483484581171	1	0	tensor(3)	2.4157090121465603
30253.075998846627	6000.0	3992.407485734551	0.0	0	0.0	4245.483484581171	1	0	tensor(3)	2.4157090121465603
31200.0	6000.0	4045.483484581182	0.0	0	102.35395290903762	4245.483484581171	1	0	tensor(3)	2.4157090121465603
32200.0	6000.0	4045.48348458118	0.0	0	457.86205756076015	4245.483484581171	1	0	tensor(3)	2.4157090121465603
33200.0	6000.0	4045.4834845811765	0.0	0	483.1361340719268	4245.483484581167	1	0	tensor(3)	2.4157090121465608
34200.0	6000.0	4045.4834845811793	0.0	0	186.67755138775829	4245.483484581167	1	0	tensor(3)	2.415709012146564
35200.0	6000.0	4045.4834845811747	0.0	0	85.86398276278487	4245.483484581164	1	0	tensor(3)	2.4157090121465625
36200.0	6000.0	4045.4834845811765	0.0	0	376.35173980845866	4245.483484581171	1	0	tensor(3)	2.4157090121465616
37200.0	6000.0	4045.4834845811856	0.0	0	481.062947217506	4245.483484581178	1	0	tensor(3)	2.4157090121465563
38200.0	6000.0	4045.4834845811783	0.0	0	385.7831132748761	4245.483484581178	1	0	tensor(3)	2.4157090121465568
39200.0	6000.0	4045.483484581184	0.0	0	103.47594462950656	4245.483484581178	1	0	tensor(3)	2.4157090121465568
40200.0	6000.0	4045.48348458118	0.0	0	491.519971136142	4245.483484581178	1	0	tensor(3)	2.4157090121465568
41200.0	6000.0	4045.4834845811847	0.0	0	233.6117194702747	4245.483484581178	1	0	tensor(3)	2.4157090121465568
42200.0	6000.0	4045.4834845811865	0.0	0	303.1225478440756	4245.483484581186	1	0	tensor(3)	2.4157090121465528
43200.0	6000.0	4045.4834845811865	0.0	0	451.157941928097	4245.483484581186	1	0	tensor(3)	2.4157090121465528
44200.0	6000.0	4045.48348458118	0.0	0	332.01743698850623	4245.483484581178	1	0	tensor(3)	2.4157090121465568
45200.0	6000.0	4045.4834845811733	0.0	0	41.56632106931647	4245.483484581186	1	0	tensor(3)	2.4157090121465528
46200.0	6000.0	4045.483484581172	0.0	0	192.70907932034606	4245.483484581186	1	0	tensor(3)	2.4157090121465528
47200.0	6000.0	4045.4834845811747	0.0	0	286.2658394601822	4245.483484581186	1	0	tensor(3)	2.4157090121465528
48200.0	6000.0	4045.483484581173	0.0	0	360.8829413049607	4245.483484581186	1	0	tensor(3)	2.4157090121465528
49200.0	6000.0	4045.483484581164	0.0	0	222.36938950865442	4245.483484581186	1	0	tensor(3)	2.4157090121465528
50320.37206546512	6000.0	3925.1114191160427	0.0	0	0.0	4245.483484581186	1	0	tensor(3)	2.4157090121465528
51446.684793388966	6000.0	3798.798691192197	0.0	0	0.0	4245.483484581178	1	0	tensor(3)	2.4157090121465568
52223.59639179506	6000.0	4021.8870927861076	0.0	0	0.0	4245.483484581178	1	0	tensor(3)	2.4157090121465568
53200.0	6000.0	4045.483484581164	0.0	0	194.50513662824233	4245.483484581178	1	0	tensor(3)	2.4157090121465568
54200.0	6000.0	4045.4834845811656	0.0	0	166.36067629468016	4245.483484581178	1	0	tensor(3)	2.4157090121465568
55200.0	6000.0	4045.483484581172	0.0	0	326.2014751649549	4245.483484581178	1	0	tensor(3)	2.4157090121465568
56470.32936980042	6000.0	3775.154114780755	0.0	0	0.0	4245.483484581186	1	0	tensor(3)	2.4157090121465528
57304.23847965878	6000.0	3941.245004922394	0.0	0	0.0	4245.483484581186	1	0	tensor(3)	2.4157090121465528
58200.0	6000.0	4045.4834845811574	0.0	0	154.98968465244252	4245.483484581186	1	0	tensor(3)	2.4157090121465528
59200.0	6000.0	4045.483484581153	0.0	0	277.2681897295188	4245.483484581186	1	0	tensor(3)	2.4157090121465528
60200.0	6000.0	4045.4834845811565	0.0	0	171.98546434102172	4245.483484581186	1	0	tensor(3)	2.4157090121465528
61382.47165104767	6000.0	3863.0118335334873	0.0	0	0.0	4245.483484581186	1	0	tensor(3)	2.4157090121465528
62200.0	6000.0	4045.4834845811574	0.0	0	149.87923143025546	4245.483484581186	1	0	tensor(3)	2.4157090121465528
63200.0	6000.0	4045.483484581151	0.0	0	572.1119278522601	4245.483484581186	1	0	tensor(3)	2.4157090121465528
64200.0	6000.0	4045.483484581153	0.0	0	107.63573424122296	4245.483484581193	1	0	tensor(3)	2.415709012146549
65200.0	6000.0	4045.4834845811474	0.0	0	414.0082073216181	4245.483484581186	1	0	tensor(3)	2.4157090121465528
66200.0	6000.0	4045.483484581151	0.0	0	419.58164952478546	4245.483484581193	1	0	tensor(3)	2.4157090121465514
67200.0	6000.0	4045.483484581155	0.0	0	26.47670197376283	4245.4834845812	1	0	tensor(3)	2.4157090121465465
68200.0	6000.0	4045.483484581163	0.0	0	326.84552385150164	4245.483484581207	1	0	tensor(3)	2.415709012146543
69200.0	6000.0	4045.483484581172	0.0	0	410.13493378770363	4245.483484581215	1	0	tensor(3)	2.4157090121465403
70200.0	6000.0	4045.4834845811647	0.0	0	263.47358017579245	4245.483484581215	1	0	tensor(3)	2.4157090121465368
71322.45138365471	6000.0	3923.0321009264685	0.0	0	0.0	4245.483484581229	1	0	tensor(3)	2.415709012146531
72476.32469707304	6000.0	3769.1587875081223	0.0	0	0.0	4245.483484581215	1	0	tensor(3)	2.4157090121465385
73586.87062209309	6000.0	3658.6128624880866	0.0	0	0.0	4245.483484581215	1	0	tensor(3)	2.4157090121465385
74200.0	6000.0	4045.4834845811815	0.0	0	17.28737387363799	4245.483484581229	1	0	tensor(3)	2.415709012146531
75200.0	6000.0	4045.483484581192	0.0	0	373.75118192340597	4245.483484581215	1	0	tensor(3)	2.4157090121465385
76200.0	6000.0	4045.4834845811874	0.0	0	357.207854901033	4245.4834845812	1	0	tensor(3)	2.4157090121465457
77200.0	6000.0	4045.4834845811893	0.0	0	161.46107459442283	4245.4834845812	1	0	tensor(3)	2.4157090121465457
78200.0	6000.0	4045.483484581193	0.0	0	12.242341233431944	4245.483484581215	1	0	tensor(3)	2.4157090121465385
79200.0	6000.0	4045.4834845811915	0.0	0	8.241953106262372	4245.483484581215	1	0	tensor(3)	2.4157090121465385
80200.0	6000.0	4045.483484581186	0.0	0	0.9412052703264635	4245.4834845812	1	0	tensor(3)	2.4157090121465457
81200.0	6000.0	4045.4834845811874	0.0	0	369.4514692396333	4245.4834845812	1	0	tensor(3)	2.4157090121465457
82200.0	6000.0	4045.4834845811893	0.0	0	116.93944935555919	4245.4834845812	1	0	tensor(3)	2.4157090121465457
83200.0	6000.0	4045.4834845811747	0.0	0	355.7823274899856	4245.483484581186	1	0	tensor(3)	2.4157090121465528
84200.0	6000.0	4045.483484581194	0.0	0	1.6815841451607412	4245.483484581186	1	0	tensor(3)	2.4157090121465528
85200.0	6000.0	4045.4834845811856	0.0	0	156.5865154289204	4245.483484581186	1	0	tensor(3)	2.4157090121465528
86369.62713815716	6000.0	3875.8563464240256	0.0	0	0.0	4245.483484581186	1	0	tensor(3)	2.4157090121465528
87200.0	6000.0	4045.483484581191	0.0	0	278.37926108915417	4245.483484581186	1	0	tensor(3)	2.4157090121465528
88302.03237914066	6000.0	3943.4511054405293	0.0	0	0.0	4245.483484581186	1	0	tensor(3)	2.4157090121465528
89200.0	6000.0	4045.4834845811893	0.0	0	130.09693478235567	4245.4834845812	1	0	tensor(3)	2.4157090121465457
90200.0	6000.0	4045.483484581184	0.0	0	109.20349386637099	4245.4834845812	1	0	tensor(3)	2.4157090121465457
91200.0	6000.0	4045.4834845811993	0.0	0	356.59375500552414	4245.483484581215	1	0	tensor(3)	2.4157090121465385
92200.0	6000.0	4045.4834845811965	0.0	0	543.09605423412	4245.483484581215	1	0	tensor(3)	2.4157090121465385
93200.0	6000.0	4045.4834845812074	0.0	0	192.98067868777434	4245.4834845812	1	0	tensor(3)	2.4157090121465457
94200.0	6000.0	4045.483484581204	0.0	0	641.4558797167265	4245.4834845812	1	0	tensor(3)	2.4157090121465457
95200.0	6000.0	4045.4834845812147	0.0	0	380.94710173190106	4245.4834845812	1	0	tensor(3)	2.4157090121465457
96200.0	6000.0	4045.483484581213	0.0	0	351.4332936740684	4245.483484581215	1	0	tensor(3)	2.4157090121465385
97200.0	6000.0	4045.4834845812056	0.0	0	521.9514312222454	4245.483484581215	1	0	tensor(3)	2.4157090121465385
98200.0	6000.0	4045.4834845812156	0.0	0	490.75206274962693	4245.483484581215	1	0	tensor(3)	2.4157090121465385
99200.0	6000.0	4045.483484581211	0.0	0	502.7799658457807	4245.483484581229	1	0	tensor(3)	2.415709012146531
100200.0	6000.0	4045.4834845811984	0.0	0	197.0581575746328	4245.483484581215	1	0	tensor(3)	2.4157090121465385
101200.0	6000.0	4045.4834845812056	0.0	0	233.14295192236023	4245.483484581215	1	0	tensor(3)	2.4157090121465385
102200.0	6000.0	4045.483484581221	0.0	0	131.33568959149125	4245.483484581215	1	0	tensor(3)	2.4157090121465385
103907.90958730136	6000.0	3337.5738972798586	0.0	0	0.0	4245.483484581215	1	0	tensor(3)	2.4157090121465385
104456.032873362	6000.0	3789.4506112192303	0.0	0	0.0	4245.483484581215	1	0	tensor(3)	2.4157090121465385
105236.6824437823	6000.0	4008.8010407989213	0.0	0	0.0	4245.4834845812	1	0	tensor(3)	2.4157090121465457
106200.0	6000.0	4045.483484581193	0.0	0	181.33950811110844	4245.483484581186	1	0	tensor(3)	2.4157090121465528
107200.0	6000.0	4045.48348458118	0.0	0	212.54193111830682	4245.483484581186	1	0	tensor(3)	2.4157090121465528
108200.0	6000.0	4045.4834845811747	0.0	0	318.1253057898721	4245.483484581186	1	0	tensor(3)	2.4157090121465528
109200.0	6000.0	4045.483484581164	0.0	0	566.2274103173986	4245.483484581186	1	0	tensor(3)	2.4157090121465528
110514.02264531112	6000.0	3731.4608392700334	0.0	0	0.0	4245.483484581186	1	0	tensor(3)	2.4157090121465528
111327.38787504949	6000.0	3918.0956095316656	0.0	0	0.0	4245.483484581186	1	0	tensor(3)	2.4157090121465528
112200.0	6000.0	4045.4834845811456	0.0	0	250.72506482982135	4245.483484581186	1	0	tensor(3)	2.4157090121465528
113200.0	6000.0	4045.483484581143	0.0	0	333.61525576502027	4245.483484581186	1	0	tensor(3)	2.4157090121465528
114200.0	6000.0	4045.4834845811492	0.0	0	478.6906727805472	4245.483484581186	1	0	tensor(3)	2.4157090121465528
115200.0	6000.0	4045.483484581152	0.0	0	409.4170725464501	4245.4834845812	1	0	tensor(3)	2.4157090121465457
116200.0	6000.0	4045.4834845811456	0.0	0	468.27056656499917	4245.4834845812	1	0	tensor(3)	2.4157090121465457
117200.0	6000.0	4045.483484581153	0.0	0	498.03779366811796	4245.483484581215	1	0	tensor(3)	2.4157090121465385
118200.0	6000.0	4045.4834845811693	0.0	0	218.9862515929999	4245.483484581215	1	0	tensor(3)	2.4157090121465385
119200.0	6000.0	4045.4834845811665	0.0	0	169.09965837477648	4245.4834845812	1	0	tensor(3)	2.4157090121465457
120200.0	6000.0	4045.4834845811765	0.0	0	480.00368528126273	4245.4834845812	1	0	tensor(3)	2.4157090121465457
121200.0	6000.0	4045.4834845811856	0.0	0	187.1219219295599	4245.4834845812	1	0	tensor(3)	2.4157090121465457
122200.0	6000.0	4045.48348458118	0.0	0	178.80784180648334	4245.483484581186	1	0	tensor(3)	2.4157090121465528
123200.0	6000.0	4045.4834845811874	0.0	0	359.43229072105896	4245.483484581186	1	0	tensor(3)	2.4157090121465528
124200.0	6000.0	4045.483484581182	0.0	0	228.4053039264545	4245.483484581186	1	0	tensor(3)	2.4157090121465528
125200.0	6000.0	4045.4834845811965	0.0	0	295.3374861010816	4245.4834845812	1	0	tensor(3)	2.4157090121465457
126200.0	6000.0	4045.4834845811956	0.0	0	151.91014971137338	4245.483484581186	1	0	tensor(3)	2.4157090121465528
127200.0	6000.0	4045.4834845811947	0.0	0	278.6954399962415	4245.483484581171	1	0	tensor(3)	2.4157090121465603
128200.0	6000.0	4045.4834845811783	0.0	0	158.36661222831754	4245.483484581171	1	0	tensor(3)	2.4157090121465603
129342.61762073595	6000.0	3902.8658638452316	0.0	0	0.0	4245.483484581171	1	0	tensor(3)	2.4157090121465603
130553.48420494859	6000.0	3691.9992796325914	0.0	0	0.0	4245.483484581171	1	0	tensor(3)	2.4157090121465603
131450.78119397658	6000.0	3794.7022906045686	0.0	0	0.0	4245.483484581142	1	0	tensor(3)	2.415709012146569
132200.9695794989	6000.0	4044.5139050822377	0.0	0	0.0	4245.483484581113	1	0	tensor(3)	2.415709012146584
133200.0	6000.0	4045.483484581134	0.0	0	148.36146508940146	4245.483484581127	1	0	tensor(3)	2.4157090121465883
134200.0	6000.0	4045.4834845811474	0.0	0	291.7489720203448	4245.483484581142	1	0	tensor(3)	2.4157090121465794
135200.0	6000.0	4045.483484581133	0.0	0	491.24858869134914	4245.483484581113	1	0	tensor(3)	2.415709012146578
136200.0	6000.0	4045.4834845811392	0.0	0	463.1969041620905	4245.483484581113	1	0	tensor(3)	2.4157090121465896
137319.28791152377	6000.0	3926.195573057335	0.0	0	0.0	4245.483484581113	1	0	tensor(3)	2.4157090121465896
138200.0	6000.0	4045.4834845811183	0.0	0	185.47677361560636	4245.483484581113	1	0	tensor(3)	2.4157090121465896
139200.0	6000.0	4045.4834845811165	0.0	0	239.81662591165514	4245.483484581113	1	0	tensor(3)	2.4157090121465896
140200.0	6000.0	4045.483484581093	0.0	0	20.001346254430246	4245.483484581113	1	0	tensor(3)	2.4157090121465896
141200.0	6000.0	4045.483484581082	0.0	0	388.43700531538343	4245.483484581084	1	0	tensor(3)	2.4157090121466043
142200.0	6000.0	4045.4834845810838	0.0	0	562.6776271692943	4245.483484581084	1	0	tensor(3)	2.4157090121466043
143200.0	6000.0	4045.4834845810483	0.0	0	118.84034965207684	4245.483484581084	1	0	tensor(3)	2.4157090121466043
144200.0	6000.0	4045.483484581013	0.0	0	407.2839693314745	4245.483484581084	1	0	tensor(3)	2.4157090121466043
145200.0	6000.0	4045.483484581	0.0	0	486.6716480020259	4245.483484581084	1	0	tensor(3)	2.4157090121466043
146200.0	6000.0	4045.483484581021	0.0	0	423.0319747196336	4245.483484581113	1	0	tensor(3)	2.4157090121465896
147200.0	6000.0	4045.4834845810183	0.0	0	439.13745776651194	4245.483484581113	1	0	tensor(3)	2.4157090121465896
148200.0	6000.0	4045.4834845810556	0.0	0	166.73157019889913	4245.483484581142	1	0	tensor(3)	2.415709012146575
149200.0	6000.0	4045.4834845810665	0.0	0	288.18731508302153	4245.483484581142	1	0	tensor(3)	2.415709012146575
150200.0	6000.0	4045.483484581093	0.0	0	402.67379915504716	4245.483484581142	1	0	tensor(3)	2.415709012146575
151200.0	6000.0	4045.483484581081	0.0	0	284.67078651004704	4245.483484581171	1	0	tensor(3)	2.4157090121465603
152200.0	6000.0	4045.4834845811038	0.0	0	342.9694889221282	4245.483484581171	1	0	tensor(3)	2.4157090121465603
153224.2173497412	6000.0	4021.266134839891	0.0	0	0.0	4245.4834845812	1	0	tensor(3)	2.4157090121465457
154200.0	6000.0	4045.4834845810656	0.0	0	445.01217751952936	4245.4834845812	1	0	tensor(3)	2.4157090121465457
155200.0	6000.0	4045.483484581071	0.0	0	142.05508163484046	4245.4834845812	1	0	tensor(3)	2.4157090121465457
156334.92912706395	6000.0	3910.554357517131	0.0	0	0.0	4245.483484581171	1	0	tensor(3)	2.4157090121465603
157224.16026169556	6000.0	4021.323222885543	0.0	0	0.0	4245.483484581171	1	0	tensor(3)	2.415709012146552
158200.0	6000.0	4045.4834845811138	0.0	0	46.108537213585805	4245.483484581171	1	0	tensor(3)	2.4157090121465603
159200.0	6000.0	4045.483484581144	0.0	0	400.61608736845665	4245.4834845812	1	0	tensor(3)	2.4157090121465457
160200.0	6000.0	4045.4834845811374	0.0	0	186.099994903052	4245.4834845812	1	0	tensor(3)	2.4157090121465457
161200.0	6000.0	4045.483484581122	0.0	0	419.3322013086581	4245.4834845812	1	0	tensor(3)	2.4157090121465457
162200.0	6000.0	4045.483484581102	0.0	0	276.7797733253392	4245.4834845812	1	0	tensor(3)	2.4157090121465457
163200.0	6000.0	4045.483484581099	0.0	0	138.51774224400287	4245.483484581171	1	0	tensor(3)	2.4157090121465603
164200.0	6000.0	4045.4834845810965	0.0	0	232.95891804946586	4245.4834845812	1	0	tensor(3)	2.4157090121465576
165200.0	6000.0	4045.48348458108	0.0	0	341.851754162868	4245.483484581171	1	0	tensor(3)	2.4157090121465603
166200.0	6000.0	4045.4834845810847	0.0	0	159.14362610052922	4245.4834845812	1	0	tensor(3)	2.4157090121465457
167200.0	6000.0	4045.4834845810983	0.0	0	491.7594004946877	4245.4834845812	1	0	tensor(3)	2.4157090121465457
168200.0	6000.0	4045.4834845810956	0.0	0	475.4622023665579	4245.4834845812	1	0	tensor(3)	2.4157090121465457
169200.0	6000.0	4045.4834845811074	0.0	0	312.7110691037378	4245.4834845812	1	0	tensor(3)	2.4157090121465457
170200.0	6000.0	4045.4834845810983	0.0	0	181.4488891978399	4245.483484581229	1	0	tensor(3)	2.415709012146531
171232.9678431003	6000.0	4012.5156414808166	0.0	0	0.0	4245.483484581229	1	0	tensor(3)	2.415709012146531
172200.0	6000.0	4045.483484581149	0.0	0	22.04643990963814	4245.483484581229	1	0	tensor(3)	2.415709012146531
173200.0	6000.0	4045.483484581144	0.0	0	441.26806861240766	4245.483484581229	1	0	tensor(3)	2.415709012146531
174200.0	6000.0	4045.4834845811474	0.0	0	255.14575638066162	4245.4834845812	1	0	tensor(3)	2.415709012146534
175200.0	6000.0	4045.483484581193	0.0	0	511.2382642000157	4245.483484581258	1	0	tensor(3)	2.415709012146528
176200.0	6000.0	4045.4834845811693	0.0	0	277.6831814579491	4245.483484581258	1	0	tensor(3)	2.4157090121465163
177462.24662710357	6000.0	3783.2368574775905	0.0	0	0.0	4245.483484581258	1	0	tensor(3)	2.4157090121465163
178448.92545658594	6000.0	3796.5580279951814	0.0	0	0.0	4245.483484581258	1	0	tensor(3)	2.4157090121465163
179200.0	6000.0	4045.483484581109	0.0	0	92.15901469334494	4245.483484581258	1	0	tensor(3)	2.4157090121465163
180200.0	6000.0	4045.4834845811156	0.0	0	285.567601589486	4245.483484581258	1	0	tensor(3)	2.4157090121465163
181200.0	6000.0	4045.4834845811165	0.0	0	572.8526129017118	4245.483484581258	1	0	tensor(3)	2.4157090121465163
182200.0	6000.0	4045.4834845811147	0.0	0	469.5317183708539	4245.483484581258	1	0	tensor(3)	2.4157090121465163
183200.0	6000.0	4045.4834845811347	0.0	0	102.82357841430348	4245.4834845812875	1	0	tensor(3)	2.4157090121465137
184200.0	6000.0	4045.4834845811383	0.0	0	306.1089647351764	4245.483484581258	1	0	tensor(3)	2.4157090121465163
185200.0	6000.0	4045.483484581153	0.0	0	483.83567437849706	4245.483484581229	1	0	tensor(3)	2.415709012146531
186200.0	6000.0	4045.483484581153	0.0	0	458.8076854785031	4245.4834845812	1	0	tensor(3)	2.415709012146534
187200.0	6000.0	4045.483484581133	0.0	0	265.09190476546064	4245.4834845812	1	0	tensor(3)	2.4157090121465457
188200.0	6000.0	4045.4834845811556	0.0	0	165.23677321514697	4245.4834845812	1	0	tensor(3)	2.4157090121465457
189200.0	6000.0	4045.4834845811847	0.0	0	425.7499158884457	4245.4834845812	1	0	tensor(3)	2.4157090121465457
190292.0805412054	6000.0	3953.402943375807	0.0	0	0.0	4245.4834845812	1	0	tensor(3)	2.4157090121465457
191200.0	6000.0	4045.4834845811984	0.0	0	152.54466837726068	4245.4834845812	1	0	tensor(3)	2.415709012146534
192200.0	6000.0	4045.483484581231	0.0	0	377.8382307207503	4245.483484581229	1	0	tensor(3)	2.415709012146531
193200.0	6000.0	4045.48348458122	0.0	0	53.26872769353213	4245.483484581229	1	0	tensor(3)	2.415709012146531
194200.0	6000.0	4045.483484581224	0.0	0	103.87979825108778	4245.483484581229	1	0	tensor(3)	2.415709012146531
195200.0	6000.0	4045.4834845812456	0.0	0	180.6452076479618	4245.483484581258	1	0	tensor(3)	2.4157090121465163
196200.0	6000.0	4045.4834845812475	0.0	0	291.6289936659159	4245.483484581258	1	0	tensor(3)	2.4157090121465163
197200.0	6000.0	4045.483484581252	0.0	0	309.3783109866199	4245.483484581258	1	0	tensor(3)	2.4157090121465163
198200.0	6000.0	4045.48348458126	0.0	0	320.8410233509494	4245.483484581258	1	0	tensor(3)	2.4157090121465163
199200.0	6000.0	4045.483484581266	0.0	0	42.01695589069277	4245.483484581229	1	0	tensor(3)	2.415709012146522
200543.88754435716	6000.0	3701.595940224116	0.0	0	0.0	4245.483484581229	1	0	tensor(3)	2.415709012146531
201540.87078001606	6000.0	3704.612704565224	0.0	0	0.0	4245.4834845812	1	0	tensor(3)	2.4157090121465457
202462.964045102	6000.0	3782.5194394793107	0.0	0	0.0	4245.4834845812	1	0	tensor(3)	2.4157090121465457
203452.088311665	6000.0	3793.395172916322	0.0	0	0.0	4245.4834845812	1	0	tensor(3)	2.4157090121465457
204200.0	6000.0	4045.4834845813134	0.0	0	33.77018640644383	4245.4834845812	1	0	tensor(3)	2.4157090121465457
205239.03783748727	6000.0	4006.4456470940727	0.0	0	0.0	4245.483484581171	1	0	tensor(3)	2.4157090121465603
206200.0	6000.0	4045.483484581351	0.0	0	89.83039190847194	4245.483484581171	1	0	tensor(3)	2.4157090121465603
207200.0	6000.0	4045.483484581332	0.0	0	359.5642958978715	4245.483484581142	1	0	tensor(3)	2.415709012146575
208200.0	6000.0	4045.4834845813384	0.0	0	436.13480119616725	4245.4834845812	1	0	tensor(3)	2.4157090121465576
209200.0	6000.0	4045.48348458132	0.0	0	134.37607388445758	4245.483484581171	1	0	tensor(3)	2.4157090121465603
210443.43248390185	6000.0	3802.0510006794857	0.0	0	0.0	4245.483484581171	1	0	tensor(3)	2.4157090121465603
211329.51111512413	6000.0	3915.9723694572	0.0	0	0.0	4245.483484581171	1	0	tensor(3)	2.4157090121465603
212200.0	6000.0	4045.4834845813384	0.0	0	287.50682771831634	4245.483484581142	1	0	tensor(3)	2.4157090121465634
213200.0	6000.0	4045.4834845813266	0.0	0	177.03316774082487	4245.483484581142	1	0	tensor(3)	2.415709012146575
214200.0	6000.0	4045.4834845813293	0.0	0	465.74763837538194	4245.483484581113	1	0	tensor(3)	2.4157090121465896
215200.0	6000.0	4045.4834845813475	0.0	0	106.1524967213627	4245.483484581142	1	0	tensor(3)	2.4157090121465865
216200.0	6000.0	4045.4834845813657	0.0	0	77.7573770392919	4245.483484581113	1	0	tensor(3)	2.415709012146581
217200.0	6000.0	4045.483484581354	0.0	0	333.7933410805708	4245.483484581142	1	0	tensor(3)	2.415709012146575
218200.0	6000.0	4045.483484581352	0.0	0	525.3171128784597	4245.483484581142	1	0	tensor(3)	2.415709012146575
219222.50028941658	6000.0	4022.9831951647448	0.0	0	0.0	4245.483484581142	1	0	tensor(3)	2.415709012146575
220200.0	6000.0	4045.483484581331	0.0	0	227.3860654986638	4245.483484581142	1	0	tensor(3)	2.415709012146575
221200.0	6000.0	4045.4834845813043	0.0	0	1.9521085304149892	4245.483484581113	1	0	tensor(3)	2.415709012146581
222380.2267004801	6000.0	3865.256784101199	0.0	0	0.0	4245.483484581084	1	0	tensor(3)	2.4157090121466043
223200.0	6000.0	4045.4834845813175	0.0	0	108.36081094658584	4245.483484581084	1	0	tensor(3)	2.4157090121466043
224200.0	6000.0	4045.483484581304	0.0	0	357.95556030253647	4245.483484581084	1	0	tensor(3)	2.4157090121466043
225351.30944409754	6000.0	3894.174040483723	0.0	0	0.0	4245.483484581055	1	0	tensor(3)	2.415709012146619
226200.0	6000.0	4045.483484581271	0.0	0	159.107989686192	4245.483484581055	1	0	tensor(3)	2.415709012146619
227299.99250114182	6000.0	3945.4909834394452	0.0	0	0.0	4245.483484581055	1	0	tensor(3)	2.415709012146619
228729.2713308228	6000.0	3516.2121537584567	0.0	0	0.0	4245.483484581055	1	0	tensor(3)	2.415709012146619
229365.82941823825	6000.0	3879.6540663430183	0.0	0	0.0	4245.483484581055	1	0	tensor(3)	2.415709012146619
230200.0	6000.0	4045.483484581263	0.0	0	102.67701939633116	4245.483484581055	1	0	tensor(3)	2.415709012146619
231200.0	6000.0	4045.4834845812156	0.0	0	294.06497891791514	4245.483484581055	1	0	tensor(3)	2.415709012146619
232200.0	6000.0	4045.483484581244	0.0	0	233.7710874331242	4245.483484581084	1	0	tensor(3)	2.4157090121466163
233200.0	6000.0	4045.483484581244	0.0	0	339.8075787528651	4245.483484581055	1	0	tensor(3)	2.4157090121466074
234200.0	6000.0	4045.4834845812475	0.0	0	205.00446049816674	4245.483484581055	1	0	tensor(3)	2.415709012146619
235200.0	6000.0	4045.4834845812684	0.0	0	41.18455989626818	4245.483484581084	1	0	tensor(3)	2.415709012146613
236200.0	6000.0	4045.4834845812456	0.0	0	388.7314162074181	4245.483484581084	1	0	tensor(3)	2.4157090121466043
237200.0	6000.0	4045.483484581264	0.0	0	82.08967607753584	4245.483484581084	1	0	tensor(3)	2.4157090121466043
238200.0	6000.0	4045.4834845812647	0.0	0	50.796242140291724	4245.483484581084	1	0	tensor(3)	2.4157090121466043
239200.0	6000.0	4045.4834845812875	0.0	0	368.21120007152786	4245.483484581055	1	0	tensor(3)	2.4157090121466074
240200.0	6000.0	4045.4834845812693	0.0	0	54.07004493032582	4245.483484581055	1	0	tensor(3)	2.415709012146619
241200.0	6000.0	4045.483484581271	0.0	0	215.33867015846772	4245.483484581084	1	0	tensor(3)	2.4157090121466043
242200.0	6000.0	4045.483484581293	0.0	0	79.11550374337821	4245.483484581055	1	0	tensor(3)	2.415709012146619
243200.0	6000.0	4045.4834845812893	0.0	0	577.4732915149361	4245.483484580996	1	0	tensor(3)	2.4157090121466367
244200.0	6000.0	4045.483484581302	0.0	0	529.4314182720846	4245.483484581026	1	0	tensor(3)	2.415709012146645
245200.0	6000.0	4045.483484581324	0.0	0	319.2988390851824	4245.483484581026	1	0	tensor(3)	2.4157090121466336
246200.0	6000.0	4045.483484581332	0.0	0	376.2829011589056	4245.483484581026	1	0	tensor(3)	2.4157090121466336
247200.0	6000.0	4045.483484581342	0.0	0	297.70388766081305	4245.483484581055	1	0	tensor(3)	2.415709012146631
248200.0	6000.0	4045.483484581344	0.0	0	435.4629942442698	4245.483484581055	1	0	tensor(3)	2.415709012146619
249200.0	6000.0	4045.4834845813784	0.0	0	395.0138487930235	4245.483484581055	1	0	tensor(3)	2.415709012146619
250200.0	6000.0	4045.4834845813675	0.0	0	300.5229661646881	4245.483484581055	1	0	tensor(3)	2.415709012146619
251200.0	6000.0	4045.4834845813766	0.0	0	288.2817829847045	4245.483484581084	1	0	tensor(3)	2.4157090121466043
252692.38798666396	6000.0	3553.0954979174144	0.0	0	0.0	4245.483484581084	1	0	tensor(3)	2.4157090121466043
253337.57837240235	6000.0	3907.9051121790594	0.0	0	0.0	4245.483484581084	1	0	tensor(3)	2.4157090121466043
254200.0	6000.0	4045.483484581415	0.0	0	94.02874116081512	4245.483484581084	1	0	tensor(3)	2.4157090121466043
255200.0	6000.0	4045.483484581375	0.0	0	288.1852770859841	4245.483484581084	1	0	tensor(3)	2.4157090121466043
256200.0	6000.0	4045.4834845813675	0.0	0	233.27565940973	4245.483484581084	1	0	tensor(3)	2.4157090121466043
257200.0	6000.0	4045.4834845813602	0.0	0	338.30205835960805	4245.483484581113	1	0	tensor(3)	2.4157090121466016
258200.0	6000.0	4045.4834845813493	0.0	0	459.77847286418546	4245.483484581084	1	0	tensor(3)	2.4157090121466043
259200.0	6000.0	4045.4834845813743	0.0	0	1.606190092570614	4245.483484581084	1	0	tensor(3)	2.4157090121466043
260204.224716289	6000.0	4041.2587682923363	0.0	0	0.0	4245.483484581084	1	0	tensor(3)	2.4157090121466043
261200.0	6000.0	4045.483484581334	0.0	0	284.07811899937224	4245.483484581084	1	0	tensor(3)	2.4157090121466043
262200.0	6000.0	4045.4834845813157	0.0	0	342.0311527912272	4245.483484581055	1	0	tensor(3)	2.4157090121466074
263200.0	6000.0	4045.4834845812948	0.0	0	195.27900362806395	4245.483484581084	1	0	tensor(3)	2.4157090121466163
264200.0	6000.0	4045.4834845813184	0.0	0	248.98243338090833	4245.483484581113	1	0	tensor(3)	2.4157090121465954
265200.0	6000.0	4045.4834845813657	0.0	0	609.2009902504506	4245.483484581171	1	0	tensor(3)	2.4157090121465723
266200.0	6000.0	4045.4834845813375	0.0	0	230.57678669219604	4245.483484581084	1	0	tensor(3)	2.4157090121465896
267200.0	6000.0	4045.483484581324	0.0	0	217.47955446573906	4245.483484581171	1	0	tensor(3)	2.415709012146584
268200.0	6000.0	4045.483484581373	0.0	0	293.6028290624963	4245.483484581171	1	0	tensor(3)	2.415709012146584
269200.0	6000.0	4045.4834845813302	0.0	0	519.0810631208587	4245.483484581171	1	0	tensor(3)	2.4157090121465603
270247.9599722758	6000.0	3997.5235123055418	0.0	0	0.0	4245.483484581171	1	0	tensor(3)	2.4157090121465603
271200.0	6000.0	4045.483484581373	0.0	0	246.1975211998215	4245.483484581171	1	0	tensor(3)	2.4157090121465603
272200.0	6000.0	4045.4834845813157	0.0	0	279.15509062900674	4245.483484581171	1	0	tensor(3)	2.4157090121465603
273200.0	6000.0	4045.483484581335	0.0	0	119.93587648216635	4245.483484581171	1	0	tensor(3)	2.4157090121465603
274200.0	6000.0	4045.4834845812893	0.0	0	88.99806905078003	4245.483484581171	1	0	tensor(3)	2.4157090121465603
275200.0	6000.0	4045.483484581331	0.0	0	127.42036072473275	4245.483484581113	1	0	tensor(3)	2.415709012146566
276200.0	6000.0	4045.483484581342	0.0	0	420.1435381639749	4245.483484581113	1	0	tensor(3)	2.4157090121465896
277200.0	6000.0	4045.483484581403	0.0	0	494.28434888331685	4245.483484581229	1	0	tensor(3)	2.4157090121465545
278630.48961384746	6000.0	3614.993870733957	0.0	0	0.0	4245.483484581229	1	0	tensor(3)	2.415709012146531
279557.9053841366	6000.0	3687.578100444791	0.0	0	0.0	4245.483484581229	1	0	tensor(3)	2.415709012146531
280564.64759358874	6000.0	3680.83589099269	0.0	0	0.0	4245.4834845812875	1	0	tensor(3)	2.415709012146502
281337.9298504274	6000.0	3907.553634154085	0.0	0	0.0	4245.4834845812875	1	0	tensor(3)	2.415709012146502
282200.0	6000.0	4045.4834845814817	0.0	0	9.227818271203432	4245.4834845812875	1	0	tensor(3)	2.415709012146502
283200.0	6000.0	4045.4834845814876	0.0	0	477.8742598683457	4245.4834845812875	1	0	tensor(3)	2.415709012146502
284200.0	6000.0	4045.4834845814657	0.0	0	325.07024417520734	4245.483484581229	1	0	tensor(3)	2.415709012146531
285200.0	6000.0	4045.483484581502	0.0	0	321.83896001498215	4245.483484581229	1	0	tensor(3)	2.415709012146531
286286.2229672803	6000.0	3959.2605173012103	0.0	0	0.0	4245.483484581229	1	0	tensor(3)	2.415709012146531
287200.0	6000.0	4045.483484581535	0.0	0	87.24268716503866	4245.4834845812875	1	0	tensor(3)	2.415709012146502
288200.0	6000.0	4045.483484581533	0.0	0	161.67348188266624	4245.4834845812875	1	0	tensor(3)	2.415709012146502
289200.0	6000.0	4045.4834845814994	0.0	0	382.5234380750335	4245.4834845812875	1	0	tensor(3)	2.415709012146502
290200.0	6000.0	4045.4834845815003	0.0	0	401.0558008273365	4245.4834845812875	1	0	tensor(3)	2.4157090121465252
291200.0	6000.0	4045.4834845814894	0.0	0	454.11767054127995	4245.4834845812875	1	0	tensor(3)	2.4157090121465252
292200.0	6000.0	4045.4834845814958	0.0	0	59.74639891256811	4245.483484581404	1	0	tensor(3)	2.415709012146461
293200.0	6000.0	4045.4834845814803	0.0	0	433.1191785479896	4245.483484581404	1	0	tensor(3)	2.4157090121464435
294200.0	6000.0	4045.4834845815003	0.0	0	397.73043406760553	4245.483484581404	1	0	tensor(3)	2.4157090121464435
295200.0	6000.0	4045.4834845814194	0.0	0	335.94593361002626	4245.483484581346	1	0	tensor(3)	2.4157090121464724
296200.0	6000.0	4045.4834845814476	0.0	0	370.0963672782527	4245.483484581404	1	0	tensor(3)	2.4157090121464666
297200.0	6000.0	4045.483484581461	0.0	0	157.94048841221957	4245.4834845812875	1	0	tensor(3)	2.415709012146478
298200.0	6000.0	4045.483484581474	0.0	0	47.37188127555419	4245.4834845812875	1	0	tensor(3)	2.415709012146502
299200.0	6000.0	4045.4834845815312	0.0	0	308.0688964272849	4245.4834845812875	1	0	tensor(3)	2.415709012146478
300200.0	6000.0	4045.483484581562	0.0	0	356.65914788551163	4245.483484581346	1	0	tensor(3)	2.415709012146496
9.05	9.49	6.56	7.34	6.2	9.23	9.45	8.91	8.7	8.92	9.06	8.2	8.75	11.0	11.2	7.16	8.09	7.59	8.33	9.27	10.7	13.7	9.02	6.44	6.38	8.42	8.58	13.6	12.4	9.74	8.1	11.4	15.3	9.74	8.13	9.83	6.27	8.86	9.41	7.72	8.36	8.72	11.7	10.5	8.46	5.72	6.08	5.55	7.53	6.15	7.34	4.66	8.94	9.61	8.78	9.06	6.23	7.08	11.6	7.22	9.02	8.93	6.42	9.38	10.6	8.05	7.39	7.24	6.27	7.48	10.1	7.19	6.75	7.33	5.65	5.33	9.11	7.63	9.09	8.0	7.73	5.5	10.7	6.82	8.0	7.95	8.09	11.0	7.74	14.4	13.3	9.86	10.0	11.2	9.7	9.05	9.57	7.84	3.61	6.17	8.68	8.86	8.91	7.03	12.4	4.76	6.34	10.1	10.5	9.01	10.1	16.0	10.3	10.1	7.21	9.81	7.98	8.26	7.1	7.98	9.21	6.86	8.82	10.7	4.78	4.33	7.37	8.51	7.48	9.5	11.3	8.99	6.9	7.61	7.63	7.78	10.1	11.5	7.67	10.4	10.6	10.4	8.39	9.56	7.96	7.41	12.0	7.37	7.91	6.05	9.05	9.49	6.56	7.34	6.2	9.23	9.45	8.91	8.7	8.92	9.06	8.2	8.75	11.0	11.2	7.16	8.09	7.59	8.33	9.27	10.7	13.7	9.02	6.44	6.38	8.42	8.58	13.6	12.4	9.74	8.1	11.4	15.3	9.74	8.13	9.83	6.27	8.86	9.41	7.72	8.36	8.72	11.7	10.5	8.46	5.72	6.08	5.55	7.53	6.15	7.34	4.66	8.94	9.61	8.78	9.06	6.23	7.08	11.6	7.22	9.02	8.93	6.42	9.38	10.6	8.05	7.39	7.24	6.27	7.48	10.1	7.19	6.75	7.33	5.65	5.33	9.11	7.63	9.09	8.0	7.73	5.5	10.7	6.82	8.0	7.95	8.09	11.0	7.74	14.4	13.3	9.86	10.0	11.2	9.7	9.05	9.57	7.84	3.61	6.17	8.68	8.86	8.91	7.03	12.4	4.76	6.34	10.1	10.5	9.01	10.1	16.0	10.3	10.1	7.21	9.81	7.98	8.26	7.1	7.98	9.21	6.86	8.82	10.7	4.78	4.33	7.37	8.51	7.48	9.5	11.3	8.99	6.9	7.61	7.63	7.78	10.1	11.5	7.67	10.4	10.6	10.4	8.39	9.56	7.96	7.41	12.0	7.37	7.91	6.05	9.05	9.49	6.56
1.0	2.0	3.0	4.0	5.0	6.0	7.0	8.0	9.0	10.0	11.0	12.0	13.0	14.0	15.0	16.0	17.0	18.0	19.0	20.0	21.0	22.0	23.0	24.0	25.0	26.0	27.0	28.0	29.0	30.0	31.0	32.0	33.0	34.0	35.0	36.0	37.0	38.0	39.0	40.0	41.0	42.0	43.0	44.0	45.0	46.0	47.0	48.0	49.0	50.0	51.0	52.0	53.0	54.0	55.0	56.0	57.0	58.0	59.0	60.0	61.0	62.0	63.0	64.0	65.0	66.0	67.0	68.0	69.0	70.0	71.0	72.0	73.0	74.0	75.0	76.0	77.0	78.0	79.0	80.0	81.0	82.0	83.0	84.0	85.0	86.0	87.0	88.0	89.0	90.0	91.0	92.0	93.0	94.0	95.0	96.0	97.0	98.0	99.0	100.0	101.0	102.0	103.0	104.0	105.0	106.0	107.0	108.0	109.0	110.0	111.0	112.0	113.0	114.0	115.0	116.0	117.0	118.0	119.0	120.0	121.0	122.0	123.0	124.0	125.0	126.0	127.0	128.0	129.0	130.0	131.0	132.0	133.0	134.0	135.0	136.0	137.0	138.0	139.0	140.0	141.0	142.0	143.0	144.0	145.0	146.0	147.0	148.0	149.0	149.0	150.0	151.0	152.0	153.0	154.0	155.0	156.0	157.0	158.0	159.0	160.0	161.0	162.0	163.0	164.0	165.0	166.0	167.0	168.0	169.0	170.0	171.0	172.0	173.0	174.0	175.0	176.0	177.0	178.0	179.0	180.0	181.0	182.0	183.0	184.0	185.0	186.0	187.0	188.0	189.0	190.0	191.0	192.0	193.0	194.0	195.0	196.0	197.0	198.0	199.0	200.0	201.0	202.0	203.0	204.0	205.0	206.0	207.0	208.0	209.0	210.0	211.0	212.0	213.0	214.0	215.0	216.0	217.0	218.0	219.0	220.0	221.0	222.0	223.0	224.0	225.0	226.0	227.0	228.0	229.0	230.0	231.0	232.0	233.0	234.0	235.0	236.0	237.0	238.0	239.0	240.0	241.0	242.0	243.0	244.0	245.0	246.0	247.0	248.0	249.0	250.0	251.0	252.0	253.0	254.0	255.0	256.0	257.0	258.0	259.0	260.0	261.0	262.0	263.0	264.0	265.0	266.0	267.0	268.0	269.0	270.0	271.0	272.0	273.0	274.0	275.0	276.0	277.0	278.0	279.0	280.0	281.0	282.0	283.0	284.0	285.0	286.0	287.0	288.0	289.0	290.0	291.0	292.0	293.0	294.0	295.0	296.0	297.0	298.0	298.0	299.0	300.0	301.0
4028.5172736890236
