3328.4339960107163	1000.0	2000.0	148.62763361699265	0	0.0	3328.4339960107163	1	0	tensor(2)	-1.3332926688986613
4246.688237236801	6000.0	2081.7457587739154	0.0	0	0.0	3328.4339960107163	1	0	tensor(3)	0.7551745892965005
5224.3248706816	6000.0	2104.1091253291156	0.0	0	0.0	3328.433996010716	1	0	tensor(3)	2.746934058524555
6092.85378468269	6000.0	2235.580211328025	0.0	0	0.0	3328.433996010717	1	0	tensor(3)	2.746934058524555
6861.72663435716	6000.0	2466.7073616535554	0.0	0	0.0	3328.4339960107172	1	0	tensor(3)	2.746934058524555
7942.111749983504	6000.0	2386.3222460272113	0.0	0	0.0	3328.4339960107172	1	0	tensor(3)	2.746934058524555
8867.108283564155	6000.0	2461.325712446558	0.0	0	0.0	3328.4339960107154	1	0	tensor(3)	2.746934058524555
9757.732987747557	6000.0	2570.7010082631564	0.0	0	0.0	3328.4339960107145	1	0	tensor(3)	2.7469340585245554
10642.283970855533	6000.0	2686.150025155181	0.0	0	0.0	3328.4339960107154	1	0	tensor(3)	2.7469340585245554
11462.916075285375	6000.0	2865.5179207253404	0.0	0	0.0	3328.4339960107163	1	0	tensor(3)	2.746934058524555
12232.34422412942	6000.0	3096.0897718812953	0.0	0	0.0	3328.4339960107172	1	0	tensor(3)	2.746934058524555
13200.0	6000.0	3128.4339960107136	0.0	0	331.48529072396923	3328.4339960107154	1	0	tensor(3)	2.7469340585245554
14471.240178945214	6000.0	2857.1938170654985	0.0	0	0.0	3328.4339960107154	1	0	tensor(3)	2.7469340585245554
15627.069013775495	6000.0	2701.364982235216	0.0	0	0.0	3328.4339960107154	1	0	tensor(3)	2.7469340585245554
16753.474566491226	6000.0	2574.959429519485	0.0	0	0.0	3328.4339960107154	1	0	tensor(3)	2.7469340585245554
17550.54851599593	6000.0	2777.8854800147788	0.0	0	0.0	3328.4339960107154	1	0	tensor(3)	2.7469340585245554
18598.828653668086	6000.0	2729.605342342622	0.0	0	0.0	3328.433996010712	1	0	tensor(3)	2.7469340585245554
19435.242068477382	6000.0	2893.191927533324	0.0	0	0.0	3328.433996010708	1	0	tensor(3)	2.7469340585245567
20246.295336845866	6000.0	3082.1386591648434	0.0	0	0.0	3328.4339960107063	1	0	tensor(3)	2.746934058524557
21298.693739823902	6000.0	3029.740256186803	0.0	0	0.0	3328.4339960107063	1	0	tensor(3)	2.746934058524557
22200.0	6000.0	3128.433996010705	0.0	0	11.617553574084013	3328.4339960107063	1	0	tensor(3)	2.746934058524557
23200.0	6000.0	3128.433996010705	0.0	0	166.20285433241224	3328.4339960107063	1	0	tensor(3)	2.746934058524557
24200.0	6000.0	3128.4339960107036	0.0	0	226.83660639821392	3328.4339960107063	1	0	tensor(3)	2.746934058524557
25200.0	6000.0	3128.433996010707	0.0	0	58.523440682081855	3328.4339960107063	1	0	tensor(3)	2.746934058524557
26293.521966428336	6000.0	3034.9120295823686	0.0	0	0.0	3328.4339960107063	1	0	tensor(3)	2.746934058524557
27200.0	6000.0	3128.433996010702	0.0	0	110.08006416011267	3328.4339960107063	1	0	tensor(3)	2.746934058524557
28577.773261506496	6000.0	2750.6607345042044	0.0	0	0.0	3328.4339960107063	1	0	tensor(3)	2.746934058524557
29287.089065316344	6000.0	3041.3449306943567	0.0	0	0.0	3328.4339960107063	1	0	tensor(3)	2.746934058524557
30209.869351715857	6000.0	3118.564644294843	0.0	0	0.0	3328.4339960107063	1	0	tensor(3)	2.746934058524557
31200.0	6000.0	3128.433996010701	0.0	0	166.44652450081048	3328.43399601071	1	0	tensor(3)	2.7469340585245567
32292.416757464354	6000.0	3036.0172385463447	0.0	0	0.0	3328.43399601071	1	0	tensor(3)	2.7469340585245567
33428.52287095536	6000.0	2899.9111250553397	0.0	0	0.0	3328.4339960107136	1	0	tensor(3)	2.746934058524556
34231.67201013981	6000.0	3096.7619858708867	0.0	0	0.0	3328.4339960107063	1	0	tensor(3)	2.7469340585245563
35200.0	6000.0	3128.4339960106904	0.0	0	334.107913014057	3328.4339960107027	1	0	tensor(3)	2.746934058524557
36200.0	6000.0	3128.4339960106927	0.0	0	93.03907246862218	3328.4339960107027	1	0	tensor(3)	2.746934058524558
37462.38615886169	6000.0	2866.047837149009	0.0	0	0.0	3328.4339960106954	1	0	tensor(3)	2.74693405852456
38664.86839986576	6000.0	2663.565596144954	0.0	0	0.0	3328.4339960106954	1	0	tensor(3)	2.74693405852456
39438.42567957995	6000.0	2890.0083164307594	0.0	0	0.0	3328.4339960107027	1	0	tensor(3)	2.746934058524558
40348.65631015794	6000.0	2979.777685852769	0.0	0	0.0	3328.4339960107027	1	0	tensor(3)	2.746934058524558
41590.199016237144	6000.0	2738.2349797735715	0.0	0	0.0	3328.4339960107027	1	0	tensor(3)	2.746934058524558
42755.77090681316	6000.0	2572.663089197556	0.0	0	0.0	3328.43399601071	1	0	tensor(3)	2.7469340585245567
43866.446565232945	6000.0	2461.9874307777764	0.0	0	0.0	3328.4339960107172	1	0	tensor(3)	2.746934058524555
44763.48520438304	6000.0	2564.9487916276794	0.0	0	0.0	3328.4339960107172	1	0	tensor(3)	2.746934058524555
46136.22366095887	6000.0	2192.2103350518473	0.0	0	0.0	3328.4339960107245	1	0	tensor(3)	2.746934058524553
46921.88807216378	6000.0	2406.545923846939	0.0	0	0.0	3328.4339960107245	1	0	tensor(3)	2.746934058524553
47719.73448782277	6000.0	2608.6995081879627	0.0	0	0.0	3328.4339960107245	1	0	tensor(3)	2.746934058524553
49079.62570984296	6000.0	2248.808286167763	0.0	0	0.0	3328.4339960107245	1	0	tensor(3)	2.746934058524553
49956.67539768038	6000.0	2371.7585983303397	0.0	0	0.0	3328.4339960107245	1	0	tensor(3)	2.746934058524553
50996.48237871051	6000.0	2331.951617300215	0.0	0	0.0	3328.4339960107245	1	0	tensor(3)	2.746934058524553
52050.777830557534	6000.0	2277.6561654531856	0.0	0	0.0	3328.4339960107245	1	0	tensor(3)	2.746934058524553
53146.96990857898	6000.0	2181.4640874317374	0.0	0	0.0	3328.4339960107245	1	0	tensor(3)	2.746934058524553
54267.94157732923	6000.0	2060.4924186814987	0.0	0	0.0	3328.4339960107245	1	0	tensor(3)	2.746934058524553
55293.77301953131	6000.0	2034.6609764794096	0.0	0	0.0	3328.4339960107245	1	0	tensor(3)	2.746934058524553
56320.65001770674	6000.0	2007.783978303976	0.0	0	0.0	3328.4339960107245	1	0	tensor(3)	2.746934058524553
57231.558747523	6000.0	2096.875248487722	0.0	0	0.0	3328.4339960107245	1	0	tensor(3)	2.746934058524553
58043.390528063224	6000.0	2285.0434679475015	0.0	0	0.0	3328.433996010732	1	0	tensor(3)	2.746934058524552
59199.35147178016	6000.0	2129.082524230567	0.0	0	0.0	3328.433996010732	1	0	tensor(3)	2.746934058524552
60346.57571929962	6000.0	1981.8582767110968	0.0	0	0.0	3328.4339960107245	1	0	tensor(3)	2.746934058524553
61114.69647639778	6000.0	2213.737519612927	0.0	0	0.0	3328.4339960107172	1	0	tensor(3)	2.746934058524555
62081.33977202585	6000.0	2247.094223984859	0.0	0	0.0	3328.4339960107172	1	0	tensor(3)	2.746934058524555
63111.31536179593	6000.0	2217.118634214781	0.0	0	0.0	3328.4339960107172	1	0	tensor(3)	2.746934058524555
64034.91853470405	6000.0	2293.515461306669	0.0	0	0.0	3328.4339960107172	1	0	tensor(3)	2.746934058524555
65003.36444597706	6000.0	2325.069550033655	0.0	0	0.0	3328.4339960107172	1	0	tensor(3)	2.746934058524555
66500.3009805315	6000.0	1828.133015479214	0.0	0	0.0	3328.4339960107027	1	0	tensor(3)	2.7469340585245563
67493.46533293212	6000.0	1834.9686630786064	0.0	0	0.0	3328.4339960107245	1	0	tensor(3)	2.746934058524554
68521.98391296397	6000.0	1806.4500830467432	0.0	0	0.0	3328.4339960107245	1	0	tensor(3)	2.7469340585245523
69655.6755651154	6000.0	1672.7584308953328	0.0	0	0.0	3328.433996010732	1	0	tensor(3)	2.746934058524552
70851.68434548986	6000.0	1476.7496505208742	0.0	0	0.0	3328.433996010732	1	0	tensor(3)	2.746934058524552
71504.744883557	3000.0	1823.689112453744	0.0	0	0.0	3328.433996010732	1	0	tensor(3)	1.3606396974046615
72002.028826226	3000.0	2326.405169784733	0.0	0	0.0	3328.433996010732	1	0	tensor(3)	2.0537868779646065
72666.20252908458	3000.0	2662.231466926147	0.0	0	0.0	3328.433996010732	1	0	tensor(3)	2.0537868779646065
73487.1637880061	6000.0	2841.2702080046174	0.0	0	0.0	3328.433996010732	1	0	tensor(3)	2.0537868779646065
74644.66607930102	6000.0	2683.7679167097053	0.0	0	0.0	3328.4339960107172	1	0	tensor(3)	2.746934058524555
75998.89469999638	6000.0	2329.539296014349	0.0	0	0.0	3328.4339960107172	1	0	tensor(3)	2.746934058524555
76930.14610553566	6000.0	2398.287890475075	0.0	0	0.0	3328.4339960107172	1	0	tensor(3)	2.746934058524555
77721.4930290955	6000.0	2606.940966915246	0.0	0	0.0	3328.4339960107172	1	0	tensor(3)	2.746934058524555
78972.78757646316	6000.0	2355.64641954756	0.0	0	0.0	3328.4339960107172	1	0	tensor(3)	2.746934058524555
79680.52939748076	6000.0	2647.904598529948	0.0	0	0.0	3328.4339960107172	1	0	tensor(3)	2.746934058524555
80453.20754670445	6000.0	2875.2264493062694	0.0	0	0.0	3328.433996010732	1	0	tensor(3)	2.746934058524552
81286.80748304357	6000.0	3041.6265129671497	0.0	0	0.0	3328.4339960107172	1	0	tensor(3)	2.746934058524555
82247.86617182217	6000.0	3080.567824188533	0.0	0	0.0	3328.4339960107172	1	0	tensor(3)	2.746934058524555
83200.0	6000.0	3128.4339960106845	0.0	0	102.76273379594204	3328.4339960107172	1	0	tensor(3)	2.746934058524555
84200.0	6000.0	3128.43399601069	0.0	0	310.7844690455968	3328.433996010732	1	0	tensor(3)	2.746934058524552
85200.0	6000.0	3128.43399601068	0.0	0	20.97144431946799	3328.433996010732	1	0	tensor(3)	2.746934058524552
86200.0	6000.0	3128.4339960106727	0.0	0	311.94338972064725	3328.4339960107172	1	0	tensor(3)	2.746934058524555
87200.0	6000.0	3128.433996010675	0.0	0	129.65003488131333	3328.4339960107172	1	0	tensor(3)	2.746934058524555
88251.16881099655	6000.0	3077.265185014117	0.0	0	0.0	3328.4339960107172	1	0	tensor(3)	2.746934058524555
89228.53730818804	6000.0	3099.8966878226283	0.0	0	0.0	3328.4339960107172	1	0	tensor(3)	2.746934058524555
90200.0	6000.0	3128.433996010679	0.0	0	283.69204478031315	3328.433996010732	1	0	tensor(3)	2.746934058524552
91954.2150655085	6000.0	2374.218930502188	0.0	0	0.0	3328.433996010732	1	0	tensor(3)	2.746934058524552
93274.68484928359	6000.0	2053.7491467271047	0.0	0	0.0	3328.433996010732	1	0	tensor(3)	2.746934058524552
94759.70771772922	6000.0	1568.726278281454	0.0	0	0.0	3328.433996010732	1	0	tensor(3)	2.746934058524552
95432.58033562296	3000.0	1895.8536603877308	0.0	0	0.0	3328.433996010732	1	0	tensor(3)	1.3606396974046615
96125.6902064609	3000.0	2202.74378954979	0.0	0	0.0	3328.433996010732	1	0	tensor(3)	2.0537868779646065
96933.73874656332	3000.0	2394.695249447372	0.0	0	0.0	3328.433996010732	1	0	tensor(3)	2.0537868779646065
97511.5816300801	3000.0	2816.8523659305856	0.0	0	0.0	3328.433996010732	1	0	tensor(3)	2.0537868779646065
98494.83221449266	6000.0	2833.6017815180135	0.0	0	0.0	3328.433996010732	1	0	tensor(3)	2.0537868779646065
99722.94314267697	6000.0	2605.490853333712	0.0	0	0.0	3328.433996010732	1	0	tensor(3)	2.746934058524552
101123.3077010449	6000.0	2205.126294965804	0.0	0	0.0	3328.4339960107463	1	0	tensor(3)	2.746934058524548
101952.55220860869	6000.0	2375.8817874020165	0.0	0	0.0	3328.4339960107463	1	0	tensor(3)	2.746934058524548
102855.50178603832	6000.0	2472.9322099723804	0.0	0	0.0	3328.4339960107463	1	0	tensor(3)	2.746934058524548
103881.34902885408	6000.0	2447.0849671566343	0.0	0	0.0	3328.4339960107463	1	0	tensor(3)	2.746934058524548
104736.41588312629	6000.0	2592.018112884431	0.0	0	0.0	3328.433996010761	1	0	tensor(3)	2.7469340585245443
105586.433838003	6000.0	2742.0001580077223	0.0	0	0.0	3328.433996010761	1	0	tensor(3)	2.7469340585245443
106677.05997302066	6000.0	2651.374022990061	0.0	0	0.0	3328.433996010761	1	0	tensor(3)	2.7469340585245443
108118.04763400303	6000.0	2210.386362007689	0.0	0	0.0	3328.433996010761	1	0	tensor(3)	2.7469340585245443
109380.45634103642	6000.0	1947.9776549743096	0.0	0	0.0	3328.433996010761	1	0	tensor(3)	2.7469340585245443
110750.65437877188	6000.0	1577.779617238859	0.0	0	0.0	3328.433996010761	1	0	tensor(3)	2.7469340585245443
111347.33894027137	3000.0	1981.0950557393517	0.0	0	0.0	3328.433996010761	1	0	tensor(3)	1.3606396974046546
112006.44716034802	3000.0	2321.986835662699	0.0	0	0.0	3328.433996010761	1	0	tensor(3)	2.0537868779645994
112684.39457125896	3000.0	2644.039424751774	0.0	0	0.0	3328.4339960107754	1	0	tensor(3)	2.053786877964596
113229.86162995662	3000.0	3098.572366054115	0.0	0	0.0	3328.4339960107754	1	0	tensor(3)	2.053786877964596
114200.0	3000.0	3128.433996010747	0.0	0	299.63153142829833	3328.4339960107754	1	0	tensor(3)	2.053786877964596
115200.0	6000.0	3128.4339960107523	0.0	0	292.2816536251048	3328.4339960107754	1	0	tensor(3)	2.053786877964596
116327.19216235791	6000.0	3001.2418336528494	0.0	0	0.0	3328.4339960107754	1	0	tensor(3)	2.7469340585245403
117348.42422143038	6000.0	2980.00977458037	0.0	0	0.0	3328.4339960107754	1	0	tensor(3)	2.7469340585245403
118281.47058925852	6000.0	3046.963406752231	0.0	0	0.0	3328.4339960107754	1	0	tensor(3)	2.7469340585245403
119269.64511193408	6000.0	3058.7888840766727	0.0	0	0.0	3328.4339960107754	1	0	tensor(3)	2.7469340585245403
120238.62096070197	6000.0	3089.813035308772	0.0	0	0.0	3328.4339960107754	1	0	tensor(3)	2.7469340585245403
121200.0	6000.0	3128.4339960107336	0.0	0	77.1839773170359	3328.4339960107754	1	0	tensor(3)	2.7469340585245403
122200.0	6000.0	3128.43399601075	0.0	0	392.84599428242655	3328.43399601079	1	0	tensor(3)	2.746934058524537
123200.0	6000.0	3128.4339960107613	0.0	0	215.2817957058869	3328.43399601079	1	0	tensor(3)	2.746934058524537
124294.29766803283	6000.0	3034.1363279779434	0.0	0	0.0	3328.4339960108045	1	0	tensor(3)	2.746934058524535
125336.34596902711	6000.0	2992.088026983651	0.0	0	0.0	3328.4339960108045	1	0	tensor(3)	2.746934058524534
126424.92506567456	6000.0	2903.5089303362174	0.0	0	0.0	3328.433996010819	1	0	tensor(3)	2.74693405852453
127202.99648995891	6000.0	3125.437506051871	0.0	0	0.0	3328.4339960108045	1	0	tensor(3)	2.746934058524534
128482.69350736977	6000.0	2845.7404886409904	0.0	0	0.0	3328.43399601079	1	0	tensor(3)	2.746934058524537
129543.62685628847	6000.0	2784.8071397222943	0.0	0	0.0	3328.4339960107754	1	0	tensor(3)	2.7469340585245403
130418.43535562196	6000.0	2909.998640388798	0.0	0	0.0	3328.4339960107754	1	0	tensor(3)	2.7469340585245403
131200.0	6000.0	3128.433996010732	0.0	0	157.3163955577038	3328.4339960107463	1	0	tensor(3)	2.746934058524545
132200.0	6000.0	3128.433996010741	0.0	0	234.42217157001141	3328.4339960107463	1	0	tensor(3)	2.7469340585245465
133200.0	6000.0	3128.4339960107563	0.0	0	103.207705455221	3328.43399601079	1	0	tensor(3)	2.7469340585245425
134297.32567429656	6000.0	3031.1083217141936	0.0	0	0.0	3328.4339960107754	1	0	tensor(3)	2.7469340585245376
135510.84169969233	6000.0	2817.592296318419	0.0	0	0.0	3328.4339960108045	1	0	tensor(3)	2.746934058524534
136463.34697778855	6000.0	2865.08701822222	0.0	0	0.0	3328.4339960108045	1	0	tensor(3)	2.746934058524534
137200.0	6000.0	3128.4339960107977	0.0	0	81.03380043336074	3328.4339960108045	1	0	tensor(3)	2.746934058524534
138200.0	6000.0	3128.4339960107945	0.0	0	53.96752553121769	3328.4339960108045	1	0	tensor(3)	2.746934058524534
139200.0	6000.0	3128.433996010778	0.0	0	122.49456572928466	3328.4339960108045	1	0	tensor(3)	2.746934058524534
140224.69905455495	6000.0	3103.7349414558603	0.0	0	0.0	3328.4339960108045	1	0	tensor(3)	2.746934058524534
141200.0	6000.0	3128.4339960108264	0.0	0	100.57599669706542	3328.4339960108045	1	0	tensor(3)	2.746934058524534
142200.0	6000.0	3128.4339960108737	0.0	0	176.47403696819674	3328.4339960108045	1	0	tensor(3)	2.746934058524534
143200.0	6000.0	3128.4339960108646	0.0	0	107.9599215601047	3328.4339960108045	1	0	tensor(3)	2.746934058524534
144291.1294513349	6000.0	3037.3045446759324	0.0	0	0.0	3328.4339960108045	1	0	tensor(3)	2.746934058524534
145472.25797413118	6000.0	2856.1760218796603	0.0	0	0.0	3328.4339960108045	1	0	tensor(3)	2.746934058524534
146703.90104843947	6000.0	2624.532947571392	0.0	0	0.0	3328.4339960108337	1	0	tensor(3)	2.7469340585245265
147618.0431785229	6000.0	2710.3908174879784	0.0	0	0.0	3328.4339960108337	1	0	tensor(3)	2.7469340585245265
149010.64973582685	6000.0	2317.784260184023	0.0	0	0.0	3328.4339960108337	1	0	tensor(3)	2.7469340585245265
150157.55504727853	6000.0	2170.878948732322	0.0	0	0.0	3328.4339960108337	1	0	tensor(3)	2.7469340585245265
151150.03845966473	6000.0	2178.3955363461046	0.0	0	0.0	3328.4339960108337	1	0	tensor(3)	2.7469340585245265
152017.92561921774	6000.0	2310.5083767930787	0.0	0	0.0	3328.4339960108337	1	0	tensor(3)	2.7469340585245265
152764.82805165448	6000.0	2563.60594435634	0.0	0	0.0	3328.4339960108337	1	0	tensor(3)	2.7469340585245265
153509.82259028236	6000.0	2818.611405728434	0.0	0	0.0	3328.4339960108337	1	0	tensor(3)	2.7469340585245265
154266.96888504288	6000.0	3061.465110967924	0.0	0	0.0	3328.4339960108337	1	0	tensor(3)	2.7469340585245265
155590.4451736308	6000.0	2737.9888223800253	0.0	0	0.0	3328.4339960108628	1	0	tensor(3)	2.7469340585245194
156569.16245571664	6000.0	2759.271540294241	0.0	0	0.0	3328.433996010892	1	0	tensor(3)	2.746934058524514
157479.36428720842	6000.0	2849.069708802468	0.0	0	0.0	3328.433996010892	1	0	tensor(3)	2.746934058524513
158455.6065289496	6000.0	2872.827467061302	0.0	0	0.0	3328.433996010892	1	0	tensor(3)	2.746934058524513
159220.13032172286	6000.0	3108.303674288013	0.0	0	0.0	3328.4339960108337	1	0	tensor(3)	2.746934058524522
160200.0	6000.0	3128.433996010855	0.0	0	151.17855026008328	3328.4339960108337	1	0	tensor(3)	2.7469340585245265
161200.0	6000.0	3128.433996010849	0.0	0	362.963417999621	3328.4339960108045	1	0	tensor(3)	2.746934058524534
162200.0	6000.0	3128.433996010847	0.0	0	285.08281349472236	3328.4339960107754	1	0	tensor(3)	2.746934058524535
163319.7192250529	6000.0	3008.7147709579726	0.0	0	0.0	3328.4339960108045	1	0	tensor(3)	2.7469340585245368
164307.95287608853	6000.0	3020.481119922297	0.0	0	0.0	3328.4339960108045	1	0	tensor(3)	2.746934058524534
165453.25477240857	6000.0	2875.179223602277	0.0	0	0.0	3328.4339960107754	1	0	tensor(3)	2.7469340585245376
166200.0	6000.0	3128.433996010835	0.0	0	130.4215925624885	3328.4339960107754	1	0	tensor(3)	2.7469340585245403
167200.0	6000.0	3128.4339960108227	0.0	0	6.223487962299259	3328.4339960107754	1	0	tensor(3)	2.7469340585245403
168270.25285937358	6000.0	3058.1811366372553	0.0	0	0.0	3328.4339960108045	1	0	tensor(3)	2.7469340585245376
169389.48565949764	6000.0	2938.9483365131937	0.0	0	0.0	3328.4339960108045	1	0	tensor(3)	2.746934058524534
170200.0	6000.0	3128.4339960108505	0.0	0	172.4824069410679	3328.4339960108045	1	0	tensor(3)	2.746934058524534
171219.1207821744	6000.0	3109.313213836461	0.0	0	0.0	3328.4339960108045	1	0	tensor(3)	2.746934058524534
172200.0	6000.0	3128.433996010851	0.0	0	3.096464013768127	3328.4339960108045	1	0	tensor(3)	2.746934058524534
173200.0	6000.0	3128.4339960108186	0.0	0	398.7244946685969	3328.4339960108045	1	0	tensor(3)	2.746934058524534
174200.0	6000.0	3128.4339960108423	0.0	0	361.64458207663847	3328.4339960108337	1	0	tensor(3)	2.7469340585245265
175210.31155558638	6000.0	3118.122440424476	0.0	0	0.0	3328.4339960108628	1	0	tensor(3)	2.746934058524524
176360.52004068266	6000.0	2967.9139553281757	0.0	0	0.0	3328.433996010892	1	0	tensor(3)	2.7469340585245168
177501.09981929098	6000.0	2827.334176719863	0.0	0	0.0	3328.4339960108337	1	0	tensor(3)	2.7469340585245248
178381.35343618176	6000.0	2947.0805598290463	0.0	0	0.0	3328.4339960108045	1	0	tensor(3)	2.7469340585245314
179275.759187128	6000.0	3052.674808882849	0.0	0	0.0	3328.4339960108045	1	0	tensor(3)	2.746934058524534
180200.0	6000.0	3128.4339960108427	0.0	0	274.79744556802325	3328.4339960108045	1	0	tensor(3)	2.746934058524534
181508.2983377617	6000.0	2820.13565824913	0.0	0	0.0	3328.4339960108337	1	0	tensor(3)	2.7469340585245265
182751.44762474357	6000.0	2576.9863712672795	0.0	0	0.0	3328.4339960108337	1	0	tensor(3)	2.7469340585245265
183535.05798265204	6000.0	2793.3760133588244	0.0	0	0.0	3328.4339960108045	1	0	tensor(3)	2.746934058524534
184492.87514632766	6000.0	2835.5588496832343	0.0	0	0.0	3328.4339960108045	1	0	tensor(3)	2.746934058524534
185500.0688882508	6000.0	2828.365107760077	0.0	0	0.0	3328.4339960107754	1	0	tensor(3)	2.7469340585245394
186535.2243765046	6000.0	2793.209619506252	0.0	0	0.0	3328.4339960107754	1	0	tensor(3)	2.7469340585245403
187655.13637791708	6000.0	2673.297618093775	0.0	0	0.0	3328.4339960107463	1	0	tensor(3)	2.746934058524548
188804.91450322946	6000.0	2523.5194927814196	0.0	0	0.0	3328.4339960107463	1	0	tensor(3)	2.746934058524548
190120.94952467197	6000.0	2207.4844713389134	0.0	0	0.0	3328.4339960107463	1	0	tensor(3)	2.746934058524548
191277.57948795796	6000.0	2050.8545080529357	0.0	0	0.0	3328.4339960107463	1	0	tensor(3)	2.746934058524548
192113.74546025423	6000.0	2214.688535756658	0.0	0	0.0	3328.4339960107463	1	0	tensor(3)	2.746934058524548
192907.00584761662	6000.0	2421.428148394297	0.0	0	0.0	3328.4339960107463	1	0	tensor(3)	2.746934058524548
193742.02801633702	6000.0	2586.405979673901	0.0	0	0.0	3328.4339960107754	1	0	tensor(3)	2.7469340585245403
194462.11588307307	6000.0	2866.318112937847	0.0	0	0.0	3328.4339960107754	1	0	tensor(3)	2.7469340585245403
195544.44024596649	6000.0	2783.9937500444457	0.0	0	0.0	3328.4339960107754	1	0	tensor(3)	2.7469340585245403
196369.1968495961	6000.0	2959.237146414815	0.0	0	0.0	3328.4339960107754	1	0	tensor(3)	2.7469340585245376
197200.0	6000.0	3128.433996010907	0.0	0	207.2991198587115	3328.4339960107754	1	0	tensor(3)	2.7469340585245403
198236.6353763086	6000.0	3091.798619702302	0.0	0	0.0	3328.4339960107463	1	0	tensor(3)	2.746934058524548
199346.2138447421	6000.0	2982.220151268778	0.0	0	0.0	3328.4339960107463	1	0	tensor(3)	2.746934058524548
200392.9387582966	6000.0	2935.495237714287	0.0	0	0.0	3328.4339960107463	1	0	tensor(3)	2.746934058524548
201585.17442933595	6000.0	2743.2595666749326	0.0	0	0.0	3328.4339960107754	1	0	tensor(3)	2.746934058524543
202756.04595710424	6000.0	2572.3880389066353	0.0	0	0.0	3328.4339960107463	1	0	tensor(3)	2.746934058524548
203537.45454539996	6000.0	2790.979450610925	0.0	0	0.0	3328.4339960107172	1	0	tensor(3)	2.746934058524555
204563.44108098038	6000.0	2764.9929150305325	0.0	0	0.0	3328.4339960107172	1	0	tensor(3)	2.746934058524555
205723.1744588807	6000.0	2605.2595371302223	0.0	0	0.0	3328.4339960107172	1	0	tensor(3)	2.746934058524555
206404.72132293542	6000.0	2923.7126730755294	0.0	0	0.0	3328.4339960107463	1	0	tensor(3)	2.746934058524548
207328.70872441784	6000.0	2999.7252715931336	0.0	0	0.0	3328.4339960107463	1	0	tensor(3)	2.746934058524548
208473.99770353365	6000.0	2854.4362924773413	0.0	0	0.0	3328.4339960107463	1	0	tensor(3)	2.746934058524548
209508.8552439272	6000.0	2819.578752083801	0.0	0	0.0	3328.4339960107463	1	0	tensor(3)	2.746934058524548
210454.9650429473	6000.0	2873.468953063719	0.0	0	0.0	3328.4339960107754	1	0	tensor(3)	2.7469340585245403
211368.0654837237	6000.0	2960.368512287277	0.0	0	0.0	3328.4339960107463	1	0	tensor(3)	2.746934058524545
212200.0	6000.0	3128.433996010987	0.0	0	28.849902581132483	3328.4339960107463	1	0	tensor(3)	2.746934058524548
213326.94743345492	6000.0	3001.486562556054	0.0	0	0.0	3328.4339960107754	1	0	tensor(3)	2.7469340585245403
214655.10775423347	6000.0	2673.3262417775118	0.0	0	0.0	3328.4339960107754	1	0	tensor(3)	2.7469340585245403
216117.90226401683	6000.0	2210.531731994197	0.0	0	0.0	3328.4339960107754	1	0	tensor(3)	2.7469340585245403
217389.85690060814	6000.0	1938.5770954028656	0.0	0	0.0	3328.4339960107754	1	0	tensor(3)	2.7469340585245403
218662.3176520456	6000.0	1666.1163439654238	0.0	0	0.0	3328.4339960107754	1	0	tensor(3)	2.7469340585245394
219687.6254750871	6000.0	1640.8085209239612	0.0	0	0.0	3328.4339960107463	1	0	tensor(3)	2.746934058524548
220789.70999567874	6000.0	1538.724000332328	0.0	0	0.0	3328.4339960107463	1	0	tensor(3)	2.746934058524548
221542.13230022634	3000.0	1786.3016957847208	0.0	0	0.0	3328.4339960107754	1	0	tensor(3)	1.360639697404651
222252.0396542503	3000.0	2076.3943417607998	0.0	0	0.0	3328.4339960107754	1	0	tensor(3)	2.053786877964596
223109.09253984783	6000.0	2219.34145616325	0.0	0	0.0	3328.4339960107754	1	0	tensor(3)	2.053786877964596
223935.50825739902	6000.0	2392.9257386120335	0.0	0	0.0	3328.4339960107754	1	0	tensor(3)	2.7469340585245403
225130.71801804253	6000.0	2197.715977968522	0.0	0	0.0	3328.4339960107754	1	0	tensor(3)	2.7469340585245403
225962.7988789266	6000.0	2365.635117084417	0.0	0	0.0	3328.4339960107463	1	0	tensor(3)	2.746934058524548
227132.43120948566	6000.0	2196.0027865253746	0.0	0	0.0	3328.4339960107754	1	0	tensor(3)	2.7469340585245403
228229.0876308378	6000.0	2099.3463651732263	0.0	0	0.0	3328.4339960108045	1	0	tensor(3)	2.746934058524534
229160.80450394173	6000.0	2167.629492069302	0.0	0	0.0	3328.4339960108045	1	0	tensor(3)	2.746934058524534
230041.89212803665	6000.0	2286.541867974407	0.0	0	0.0	3328.4339960108045	1	0	tensor(3)	2.746934058524534
231255.4973264029	6000.0	2072.93666960817	0.0	0	0.0	3328.4339960108045	1	0	tensor(3)	2.746934058524534
232309.98254271876	6000.0	2018.4514532922935	0.0	0	0.0	3328.4339960107754	1	0	tensor(3)	2.7469340585245368
233132.98987741815	6000.0	2195.4441185929145	0.0	0	0.0	3328.4339960107463	1	0	tensor(3)	2.746934058524548
234174.6030225808	6000.0	2153.8309734302693	0.0	0	0.0	3328.4339960107754	1	0	tensor(3)	2.7469340585245403
235086.27889829836	6000.0	2242.155097712687	0.0	0	0.0	3328.4339960107754	1	0	tensor(3)	2.7469340585245403
235932.15596581966	6000.0	2396.2780301913886	0.0	0	0.0	3328.4339960107754	1	0	tensor(3)	2.7469340585245403
236551.08658074442	6000.0	2777.347415266611	0.0	0	0.0	3328.4339960107754	1	0	tensor(3)	2.7469340585245403
237448.57759193223	6000.0	2879.8564040788106	0.0	0	0.0	3328.4339960107463	1	0	tensor(3)	2.746934058524545
238791.06351209615	6000.0	2537.370483914899	0.0	0	0.0	3328.4339960107463	1	0	tensor(3)	2.746934058524548
239785.0852517903	6000.0	2543.348744220748	0.0	0	0.0	3328.4339960107172	1	0	tensor(3)	2.746934058524555
241162.32133559068	6000.0	2166.112660420344	0.0	0	0.0	3328.433996010688	1	0	tensor(3)	2.7469340585245563
242520.8832408227	6000.0	1807.5507551883043	0.0	0	0.0	3328.433996010688	1	0	tensor(3)	2.7469340585245616
243449.6686393026	6000.0	1878.7653567084071	0.0	0	0.0	3328.433996010688	1	0	tensor(3)	2.7469340585245616
244070.55553530934	3000.0	2257.8784607016787	0.0	0	0.0	3328.433996010688	1	0	tensor(3)	1.3606396974046722
244632.95692519343	3000.0	2695.4770708176234	0.0	0	0.0	3328.433996010688	1	0	tensor(3)	2.053786877964617
245200.0	3000.0	3128.433996011042	0.0	0	5.034224031725898	3328.433996010688	1	0	tensor(3)	2.053786877964617
246200.0	3000.0	3128.4339960110183	0.0	0	287.4401995863009	3328.433996010688	1	0	tensor(3)	2.053786877964617
247200.0	6000.0	3128.433996011003	0.0	0	47.62153136788402	3328.433996010659	1	0	tensor(3)	2.053786877964618
248200.0	6000.0	3128.433996011016	0.0	0	355.3363988509227	3328.433996010659	1	0	tensor(3)	2.7469340585245687
249490.51483307988	6000.0	2837.9191629311194	0.0	0	0.0	3328.433996010659	1	0	tensor(3)	2.7469340585245687
250478.40193323974	6000.0	2850.0320627712654	0.0	0	0.0	3328.433996010688	1	0	tensor(3)	2.746934058524563
251697.13096431104	6000.0	2631.3030316999557	0.0	0	0.0	3328.433996010688	1	0	tensor(3)	2.7469340585245616
252806.03287898927	6000.0	2522.401117021718	0.0	0	0.0	3328.4339960107172	1	0	tensor(3)	2.746934058524555
253410.4466548562	6000.0	2917.987341154768	0.0	0	0.0	3328.4339960107172	1	0	tensor(3)	2.746934058524555
254301.66516237322	6000.0	3026.768833637808	0.0	0	0.0	3328.4339960108045	1	0	tensor(3)	2.746934058524544
255200.0	6000.0	3128.4339960110397	0.0	0	299.8259416508954	3328.4339960108045	1	0	tensor(3)	2.746934058524534
256469.1777058821	6000.0	2859.2562901289643	0.0	0	0.0	3328.4339960108045	1	0	tensor(3)	2.746934058524534
257755.89957366546	6000.0	2572.534422345611	0.0	0	0.0	3328.4339960108045	1	0	tensor(3)	2.746934058524534
258791.30035865607	6000.0	2537.1336373549934	0.0	0	0.0	3328.4339960108337	1	0	tensor(3)	2.7469340585245265
259668.71129284694	6000.0	2659.722703164124	0.0	0	0.0	3328.4339960108337	1	0	tensor(3)	2.7469340585245265
261216.11858899746	6000.0	2112.3154070135984	0.0	0	0.0	3328.4339960108337	1	0	tensor(3)	2.7469340585245265
261926.45731875094	3000.0	2401.9766772600888	0.0	0	0.0	3328.4339960108337	1	0	tensor(3)	1.3606396974046369
262679.38646344544	3000.0	2649.0475325655593	0.0	0	0.0	3328.4339960108337	1	0	tensor(3)	2.0537868779645816
263824.1286610962	6000.0	2504.3053349148263	0.0	0	0.0	3328.433996010921	1	0	tensor(3)	2.053786877964568
265089.4541279177	6000.0	2238.9798680933945	0.0	0	0.0	3328.43399601095	1	0	tensor(3)	2.746934058524503
266237.4468945426	6000.0	2090.9871014684813	0.0	0	0.0	3328.433996010921	1	0	tensor(3)	2.7469340585245057
267516.7391952334	6000.0	1811.6948007777098	0.0	0	0.0	3328.4339960108628	1	0	tensor(3)	2.746934058524514
268715.1763574862	6000.0	1613.2576385249001	0.0	0	0.0	3328.4339960108045	1	0	tensor(3)	2.746934058524534
269523.24047784193	6000.0	1805.1935181692104	0.0	0	0.0	3328.4339960108045	1	0	tensor(3)	2.746934058524534
270350.97596736933	6000.0	1977.4580286418127	0.0	0	0.0	3328.4339960108045	1	0	tensor(3)	2.746934058524534
270947.719215944	6000.0	2380.714780067154	0.0	0	0.0	3328.4339960108045	1	0	tensor(3)	2.746934058524534
271962.5918630655	6000.0	2365.842132945635	0.0	0	0.0	3328.4339960108045	1	0	tensor(3)	2.746934058524534
273090.5257248322	6000.0	2237.908271178915	0.0	0	0.0	3328.4339960107463	1	0	tensor(3)	2.746934058524548
273964.0726697175	6000.0	2364.361326293652	0.0	0	0.0	3328.4339960107463	1	0	tensor(3)	2.746934058524548
274846.3367515911	6000.0	2482.097244419951	0.0	0	0.0	3328.4339960107463	1	0	tensor(3)	2.746934058524548
275519.3876119724	6000.0	2809.046384038682	0.0	0	0.0	3328.4339960107463	1	0	tensor(3)	2.746934058524548
276200.0	6000.0	3128.4339960111	0.0	0	17.09385055938037	3328.433996010688	1	0	tensor(3)	2.7469340585245616
277200.0	6000.0	3128.433996011076	0.0	0	118.14997569477418	3328.433996010688	1	0	tensor(3)	2.7469340585245616
278200.0	6000.0	3128.4339960110897	0.0	0	89.74442294059554	3328.4339960107463	1	0	tensor(3)	2.746934058524559
279200.0	6000.0	3128.4339960110983	0.0	0	446.3783671922283	3328.4339960107463	1	0	tensor(3)	2.746934058524548
280200.0	6000.0	3128.433996011064	0.0	0	190.02169027528726	3328.4339960107463	1	0	tensor(3)	2.746934058524548
281200.0	6000.0	3128.433996011097	0.0	0	267.5440744711668	3328.4339960107463	1	0	tensor(3)	2.746934058524548
282200.0	6000.0	3128.4339960111406	0.0	0	448.27500771713676	3328.4339960107463	1	0	tensor(3)	2.746934058524548
283451.59838374605	6000.0	2876.83561226511	0.0	0	0.0	3328.43399601063	1	0	tensor(3)	2.7469340585245705
284411.86441538093	6000.0	2916.5695806302792	0.0	0	0.0	3328.43399601063	1	0	tensor(3)	2.746934058524576
285268.22467720235	6000.0	3060.2093188088434	0.0	0	0.0	3328.43399601063	1	0	tensor(3)	2.746934058524576
286200.0	6000.0	3128.433996011214	0.0	0	74.48719148075907	3328.433996010688	1	0	tensor(3)	2.746934058524573
287200.0	6000.0	3128.4339960112015	0.0	0	37.480437309190165	3328.4339960107463	1	0	tensor(3)	2.746934058524548
288200.0	6000.0	3128.4339960112165	0.0	0	347.2128181390581	3328.4339960108045	1	0	tensor(3)	2.746934058524534
289200.0	6000.0	3128.4339960112047	0.0	0	328.0311428477289	3328.4339960108045	1	0	tensor(3)	2.746934058524534
290416.6681175219	6000.0	2911.7658784892647	0.0	0	0.0	3328.4339960108045	1	0	tensor(3)	2.746934058524534
291200.0	6000.0	3128.43399601116	0.0	0	33.82438261300558	3328.4339960108045	1	0	tensor(3)	2.746934058524534
292200.0	6000.0	3128.4339960111815	0.0	0	242.1228866786114	3328.4339960108045	1	0	tensor(3)	2.746934058524534
293200.0	6000.0	3128.433996011178	0.0	0	43.0929409757955	3328.4339960107463	1	0	tensor(3)	2.7469340585245368
294200.0	6000.0	3128.433996011222	0.0	0	70.60389293992193	3328.4339960107463	1	0	tensor(3)	2.746934058524548
295454.75909478735	6000.0	2873.67490122389	0.0	0	0.0	3328.4339960107463	1	0	tensor(3)	2.746934058524548
296555.3141186796	6000.0	2773.1198773316137	0.0	0	0.0	3328.4339960107463	1	0	tensor(3)	2.7469340585245425
298012.1636914708	6000.0	2316.2703045404446	0.0	0	0.0	3328.4339960107463	1	0	tensor(3)	2.746934058524548
298818.4659966218	6000.0	2509.9679993894556	0.0	0	0.0	3328.4339960108045	1	0	tensor(3)	2.746934058524534
299626.131940454	6000.0	2702.3020555572893	0.0	0	0.0	3328.4339960108045	1	0	tensor(3)	2.746934058524534
300597.64630378014	6000.0	2730.7876922311457	0.0	0	0.0	3328.4339960108045	1	0	tensor(3)	2.746934058524534
6.44	7.0	6.31	5.99	5.44	7.56	6.6	6.15	8.64	9.72	4.09	5.37	6.36	7.81	6.9	6.92	6.82	7.54	6.22	7.21	8.32	8.24	5.18	5.84	4.97	6.87	6.14	8.91	7.12	4.65	7.43	8.61	6.67	6.75	5.2	6.39	5.63	5.17	6.29	6.58	5.76	8.19	4.98	8.36	7.66	4.93	5.99	6.74	7.4	4.33	6.02	6.89	7.41	6.85	9.07	6.73	6.28	9.17	7.27	5.69	6.19	6.99	3.63	5.8	5.85	6.79	6.28	5.06	5.46	5.54	6.16	6.65	4.67	7.1	7.01	6.54	8.48	7.15	6.48	5.62	6.65	7.34	7.63	9.01	7.46	4.39	7.89	6.16	3.08	6.36	5.6	4.44	4.68	5.07	6.37	7.38	5.66	5.72	6.27	7.16	6.72	9.1	7.88	5.44	4.97	4.93	5.61	5.15	4.03	4.37	5.42	7.63	5.46	5.03	4.75	5.38	6.59	8.21	9.05	7.6	6.46	7.1	5.48	7.85	5.97	6.8	8.79	7.87	7.3	9.13	6.02	4.89	8.02	7.69	6.1	7.05	8.04	5.72	7.51	7.18	4.58	5.83	6.33	6.7	6.16	4.54	5.66	6.51	7.63	5.66	6.44	7.0	6.31	5.99	5.44	7.56	6.6	6.15	8.64	9.72	4.09	5.37	6.36	7.81	6.9	6.92	6.82	7.54	6.22	7.21	8.32	8.24	5.18	5.84	4.97	6.87	6.14	8.91	7.12	4.65	7.43	8.61	6.67	6.75	5.2	6.39	5.63	5.17	6.29	6.58	5.76	8.19	4.98	8.36	7.66	4.93	5.99	6.74	7.4	4.33	6.02	6.89	7.41	6.85	9.07	6.73	6.28	9.17	7.27	5.69	6.19	6.99	3.63	5.8	5.85	6.79	6.28	5.06	5.46	5.54	6.16	6.65	4.67	7.1	7.01	6.54	8.48	7.15	6.48	5.62	6.65	7.34	7.63	9.01	7.46	4.39	7.89	6.16	3.08	6.36	5.6	4.44	4.68	5.07	6.37	7.38	5.66	5.72	6.27	7.16	6.72	9.1	7.88	5.44	4.97	4.93	5.61	5.15	4.03	4.37	5.42	7.63	5.46	5.03	4.75	5.38	6.59	8.21	9.05	7.6	6.46	7.1	5.48	7.85	5.97	6.8	8.79	7.87	7.3	9.13	6.02	4.89	8.02	7.69	6.1	7.05	8.04	5.72	7.51	7.18	4.58	5.83	6.33	6.7	6.16	4.54	5.66	6.51	7.63	5.66	6.44	7.0	6.31
1.0	2.0	3.0	4.0	5.0	6.0	7.0	8.0	9.0	10.0	11.0	12.0	13.0	14.0	15.0	16.0	17.0	18.0	19.0	20.0	21.0	22.0	23.0	24.0	25.0	26.0	27.0	28.0	29.0	30.0	31.0	32.0	33.0	34.0	35.0	36.0	37.0	38.0	39.0	40.0	41.0	42.0	43.0	44.0	45.0	46.0	47.0	48.0	49.0	50.0	51.0	52.0	53.0	54.0	55.0	56.0	57.0	58.0	59.0	60.0	61.0	62.0	63.0	64.0	65.0	66.0	67.0	68.0	69.0	70.0	71.0	72.0	73.0	74.0	75.0	76.0	77.0	78.0	79.0	80.0	81.0	82.0	83.0	84.0	85.0	86.0	87.0	88.0	89.0	90.0	91.0	92.0	93.0	94.0	95.0	96.0	97.0	98.0	99.0	100.0	101.0	102.0	103.0	104.0	105.0	106.0	107.0	108.0	109.0	110.0	111.0	112.0	113.0	114.0	115.0	116.0	117.0	118.0	119.0	120.0	121.0	122.0	123.0	124.0	125.0	126.0	127.0	128.0	129.0	130.0	131.0	132.0	133.0	134.0	135.0	136.0	137.0	138.0	139.0	140.0	141.0	142.0	143.0	144.0	145.0	146.0	147.0	148.0	149.0	149.0	150.0	151.0	152.0	153.0	154.0	155.0	156.0	157.0	158.0	159.0	160.0	161.0	162.0	163.0	164.0	165.0	166.0	167.0	168.0	169.0	170.0	171.0	172.0	173.0	174.0	175.0	176.0	177.0	178.0	179.0	180.0	181.0	182.0	183.0	184.0	185.0	186.0	187.0	188.0	189.0	190.0	191.0	192.0	193.0	194.0	195.0	196.0	197.0	198.0	199.0	200.0	201.0	202.0	203.0	204.0	205.0	206.0	207.0	208.0	209.0	210.0	211.0	212.0	213.0	214.0	215.0	216.0	217.0	218.0	219.0	220.0	221.0	222.0	223.0	224.0	225.0	226.0	227.0	228.0	229.0	230.0	231.0	232.0	233.0	234.0	235.0	236.0	237.0	238.0	239.0	240.0	241.0	242.0	243.0	244.0	245.0	246.0	247.0	248.0	249.0	250.0	251.0	252.0	253.0	254.0	255.0	256.0	257.0	258.0	259.0	260.0	261.0	262.0	263.0	264.0	265.0	266.0	267.0	268.0	269.0	270.0	271.0	272.0	273.0	274.0	275.0	276.0	277.0	278.0	279.0	280.0	281.0	282.0	283.0	284.0	285.0	286.0	287.0	288.0	289.0	290.0	291.0	292.0	293.0	294.0	295.0	296.0	297.0	298.0	298.0	299.0	300.0	301.0
3090.9779890585833
