3881.9907306375258	1000.0	2000.0	126.8563138416932	0	0.0	3881.9907306375258	1	0	tensor(2)	-1.3713902221349032
4328.3557673734795	6000.0	2598.271466937642	0.0	0	0.0	3926.6272343111214	1	0	tensor(2)	0.7712713337102206
5052.724017659377	6000.0	2873.903216651745	0.0	0	0.0	3926.6272343111214	1	0	tensor(3)	2.358775116223508
6073.788263642824	6000.0	2852.8389706682974	0.0	0	0.0	3926.6272343111214	1	0	tensor(3)	2.558775116223508
7066.535059158756	6000.0	2860.0921751523665	0.0	0	0.0	3926.6272343111223	1	0	tensor(3)	2.558775116223508
8287.669974146878	6000.0	2638.957260164246	0.0	0	0.0	3926.627234311124	1	0	tensor(3)	2.558775116223507
9208.779222725585	6000.0	2717.8480115855414	0.0	0	0.0	3926.627234311127	1	0	tensor(3)	2.558775116223506
9789.151662397204	6000.0	3137.475571913922	0.0	0	0.0	3926.627234311124	1	0	tensor(3)	2.558775116223506
10616.789625099718	6000.0	3309.8376092114077	0.0	0	0.0	3926.627234311124	1	0	tensor(3)	2.558775116223506
11755.150483369904	6000.0	3171.4767509412213	0.0	0	0.0	3926.627234311123	1	0	tensor(3)	2.558775116223507
12959.80712428096	6000.0	2966.8201100301653	0.0	0	0.0	3926.627234311123	1	0	tensor(3)	2.558775116223507
13671.567506379837	6000.0	3255.0597279312897	0.0	0	0.0	3926.627234311123	1	0	tensor(3)	2.558775116223507
14451.883911264424	6000.0	3474.743323046701	0.0	0	0.0	3926.627234311123	1	0	tensor(3)	2.558775116223507
15210.946874251424	6000.0	3715.680360059699	0.0	0	0.0	3926.627234311123	1	0	tensor(3)	2.558775116223507
16200.0	6000.0	3726.6272343111214	0.0	0	376.8390780496866	3926.627234311123	1	0	tensor(3)	2.558775116223507
17200.0	6000.0	3726.6272343111227	0.0	0	304.77463552759946	3926.627234311123	1	0	tensor(3)	2.558775116223507
18200.0	6000.0	3726.627234311122	0.0	0	500.49130814381715	3926.6272343111195	1	0	tensor(3)	2.558775116223508
19200.0	6000.0	3726.6272343111186	0.0	0	513.5125361036262	3926.6272343111177	1	0	tensor(3)	2.5587751162235097
20200.0	6000.0	3726.627234311118	0.0	0	404.261345498453	3926.6272343111177	1	0	tensor(3)	2.5587751162235097
21200.0	6000.0	3726.6272343111164	0.0	0	362.6276841642466	3926.627234311116	1	0	tensor(3)	2.5587751162235106
22200.0	6000.0	3726.6272343111164	0.0	0	323.30766640267757	3926.627234311116	1	0	tensor(3)	2.5587751162235106
23200.0	6000.0	3726.627234311116	0.0	0	475.54782285623514	3926.627234311116	1	0	tensor(3)	2.5587751162235106
24200.0	6000.0	3726.627234311114	0.0	0	271.8352557551043	3926.6272343111195	1	0	tensor(3)	2.558775116223509
25200.0	6000.0	3726.627234311118	0.0	0	28.531761825946887	3926.627234311123	1	0	tensor(3)	2.558775116223507
26276.829734637417	6000.0	3649.7974996737016	0.0	0	0.0	3926.627234311123	1	0	tensor(3)	2.558775116223507
27212.662131653102	6000.0	3713.965102658018	0.0	0	0.0	3926.627234311127	1	0	tensor(3)	2.558775116223506
28200.0	6000.0	3726.6272343111227	0.0	0	292.1073702733338	3926.627234311127	1	0	tensor(3)	2.558775116223506
29200.0	6000.0	3726.6272343111204	0.0	0	122.79255431157435	3926.627234311123	1	0	tensor(3)	2.558775116223507
30200.0	6000.0	3726.6272343111164	0.0	0	444.7776405387922	3926.627234311127	1	0	tensor(3)	2.558775116223506
31200.0	6000.0	3726.627234311114	0.0	0	90.86076740775752	3926.627234311127	1	0	tensor(3)	2.558775116223506
32200.0	6000.0	3726.627234311114	0.0	0	160.7780452429979	3926.627234311127	1	0	tensor(3)	2.558775116223506
33200.0	6000.0	3726.627234311114	0.0	0	54.944251493769116	3926.6272343111195	1	0	tensor(3)	2.5587751162235075
34200.0	6000.0	3726.6272343111177	0.0	0	478.97799264482455	3926.6272343111305	1	0	tensor(3)	2.558775116223507
35200.0	6000.0	3726.627234311115	0.0	0	640.0643790423564	3926.6272343111305	1	0	tensor(3)	2.558775116223504
36200.0	6000.0	3726.6272343111177	0.0	0	316.9632474455284	3926.6272343111377	1	0	tensor(3)	2.5587751162235035
37200.0	6000.0	3726.6272343111236	0.0	0	401.2512412733704	3926.6272343111414	1	0	tensor(3)	2.5587751162235004
38218.44331920205	6000.0	3708.1839151090694	0.0	0	0.0	3926.6272343111414	1	0	tensor(3)	2.5587751162235
39200.0	6000.0	3726.627234311125	0.0	0	105.3399153292412	3926.6272343111486	1	0	tensor(3)	2.5587751162234973
40200.0	6000.0	3726.6272343111186	0.0	0	20.72544906148687	3926.627234311156	1	0	tensor(3)	2.5587751162234937
41200.0	6000.0	3726.627234311117	0.0	0	153.77793986949837	3926.627234311156	1	0	tensor(3)	2.5587751162234937
42200.0	6000.0	3726.6272343111054	0.0	0	287.6238021203899	3926.627234311156	1	0	tensor(3)	2.5587751162234937
43200.0	6000.0	3726.627234311113	0.0	0	139.40320313764823	3926.627234311163	1	0	tensor(3)	2.558775116223492
44200.0	6000.0	3726.627234311117	0.0	0	376.2267249207871	3926.627234311163	1	0	tensor(3)	2.558775116223492
45200.0	6000.0	3726.627234311115	0.0	0	324.898962137333	3926.627234311163	1	0	tensor(3)	2.558775116223492
46240.29211598716	6000.0	3686.3351183239593	0.0	0	0.0	3926.627234311163	1	0	tensor(3)	2.558775116223492
47200.0	6000.0	3726.6272343111254	0.0	0	190.2066434059816	3926.627234311163	1	0	tensor(3)	2.558775116223492
48200.0	6000.0	3726.62723431112	0.0	0	578.6537159613144	3926.627234311156	1	0	tensor(3)	2.5587751162234937
49200.0	6000.0	3726.6272343111104	0.0	0	456.2369088975247	3926.627234311156	1	0	tensor(3)	2.5587751162234937
50200.0	6000.0	3726.6272343111104	0.0	0	470.46325172582874	3926.627234311156	1	0	tensor(3)	2.5587751162234937
51200.0	6000.0	3726.627234311108	0.0	0	106.17090363388706	3926.627234311156	1	0	tensor(3)	2.5587751162234937
52200.0	6000.0	3726.627234311111	0.0	0	469.04108228435507	3926.627234311156	1	0	tensor(3)	2.5587751162234937
53200.0	6000.0	3726.6272343111036	0.0	0	419.06307168753847	3926.627234311156	1	0	tensor(3)	2.5587751162234937
54200.0	6000.0	3726.6272343111023	0.0	0	331.3685292318114	3926.627234311156	1	0	tensor(3)	2.5587751162234937
55200.0	6000.0	3726.627234311107	0.0	0	296.78517144433863	3926.627234311163	1	0	tensor(3)	2.558775116223492
56200.0	6000.0	3726.627234311114	0.0	0	588.4017923360807	3926.6272343111705	1	0	tensor(3)	2.5587751162234884
57200.0	6000.0	3726.6272343111186	0.0	0	217.75796573004482	3926.6272343111777	1	0	tensor(3)	2.5587751162234857
58200.0	6000.0	3726.627234311114	0.0	0	231.61725837442646	3926.6272343111777	1	0	tensor(3)	2.5587751162234857
59200.0	6000.0	3726.627234311112	0.0	0	398.8768335549539	3926.6272343111777	1	0	tensor(3)	2.5587751162234857
60200.0	6000.0	3726.627234311117	0.0	0	66.45950367407931	3926.6272343111777	1	0	tensor(3)	2.5587751162234857
61200.0	6000.0	3726.6272343111086	0.0	0	455.19021339025494	3926.6272343111705	1	0	tensor(3)	2.5587751162234884
62200.0	6000.0	3726.627234311105	0.0	0	255.59014754251984	3926.6272343111705	1	0	tensor(3)	2.5587751162234884
63200.0	6000.0	3726.627234311097	0.0	0	242.68767559730622	3926.6272343111705	1	0	tensor(3)	2.5587751162234884
64200.0	6000.0	3726.627234311095	0.0	0	50.5679637313151	3926.6272343111705	1	0	tensor(3)	2.5587751162234884
65200.0	6000.0	3726.6272343110995	0.0	0	136.24605360166606	3926.6272343111705	1	0	tensor(3)	2.5587751162234884
66200.0	6000.0	3726.6272343110895	0.0	0	195.61618211079622	3926.6272343111705	1	0	tensor(3)	2.558775116223488
67200.0	6000.0	3726.6272343110986	0.0	0	479.5513436934416	3926.627234311185	1	0	tensor(3)	2.5587751162234866
68200.0	6000.0	3726.627234311088	0.0	0	329.61420524110144	3926.6272343111777	1	0	tensor(3)	2.558775116223487
69200.0	6000.0	3726.627234311094	0.0	0	429.0569288574916	3926.6272343111705	1	0	tensor(3)	2.5587751162234884
70200.0	6000.0	3726.6272343110886	0.0	0	467.43406889555627	3926.627234311163	1	0	tensor(3)	2.558775116223491
71200.0	6000.0	3726.6272343110877	0.0	0	126.79448520520236	3926.627234311163	1	0	tensor(3)	2.558775116223492
72200.0	6000.0	3726.627234311095	0.0	0	524.335532637866	3926.627234311163	1	0	tensor(3)	2.558775116223492
73200.0	6000.0	3726.6272343110973	0.0	0	498.29011314145464	3926.627234311163	1	0	tensor(3)	2.558775116223492
74200.0	6000.0	3726.6272343111045	0.0	0	193.66541222771048	3926.627234311163	1	0	tensor(3)	2.558775116223492
75200.0	6000.0	3726.627234311093	0.0	0	402.6812242573942	3926.6272343111486	1	0	tensor(3)	2.5587751162234973
76200.0	6000.0	3726.6272343111013	0.0	0	381.6148590986995	3926.627234311163	1	0	tensor(3)	2.558775116223492
77200.0	6000.0	3726.627234311109	0.0	0	546.6374055436754	3926.627234311163	1	0	tensor(3)	2.558775116223492
78200.0	6000.0	3726.6272343110995	0.0	0	554.7033380202629	3926.627234311163	1	0	tensor(3)	2.558775116223492
79200.0	6000.0	3726.6272343111086	0.0	0	455.3426919566991	3926.6272343111777	1	0	tensor(3)	2.5587751162234857
80200.0	6000.0	3726.6272343111086	0.0	0	597.9662133034872	3926.6272343111923	1	0	tensor(3)	2.55877511622348
81200.0	6000.0	3726.627234311104	0.0	0	109.90246059089259	3926.6272343111923	1	0	tensor(3)	2.55877511622348
82200.0	6000.0	3726.6272343111004	0.0	0	440.3352992593864	3926.6272343111923	1	0	tensor(3)	2.55877511622348
83200.0	6000.0	3726.627234311096	0.0	0	284.5680694782204	3926.6272343111923	1	0	tensor(3)	2.55877511622348
84200.0	6000.0	3726.627234311094	0.0	0	122.8857172131975	3926.6272343111923	1	0	tensor(3)	2.55877511622348
85200.0	6000.0	3726.627234311108	0.0	0	415.75180115345574	3926.6272343111923	1	0	tensor(3)	2.55877511622348
86200.0	6000.0	3726.627234311108	0.0	0	240.28152681316715	3926.6272343111923	1	0	tensor(3)	2.55877511622348
87200.0	6000.0	3726.6272343111286	0.0	0	304.06521633862576	3926.6272343111923	1	0	tensor(3)	2.55877511622348
88200.0	6000.0	3726.627234311114	0.0	0	200.19849564143806	3926.6272343111777	1	0	tensor(3)	2.5587751162234857
89200.0	6000.0	3726.627234311104	0.0	0	562.0996433637047	3926.6272343111777	1	0	tensor(3)	2.5587751162234857
90200.0	6000.0	3726.627234311105	0.0	0	283.4138996823167	3926.6272343111923	1	0	tensor(3)	2.55877511622348
91200.0	6000.0	3726.6272343111027	0.0	0	272.353033637919	3926.6272343111923	1	0	tensor(3)	2.55877511622348
92200.0	6000.0	3726.627234311093	0.0	0	241.55869904447172	3926.6272343111923	1	0	tensor(3)	2.55877511622348
93200.0	6000.0	3726.6272343111136	0.0	0	319.55499605963996	3926.6272343111923	1	0	tensor(3)	2.55877511622348
94200.0	6000.0	3726.627234311111	0.0	0	400.266986882998	3926.6272343111923	1	0	tensor(3)	2.55877511622348
95200.0	6000.0	3726.6272343111186	0.0	0	433.6562075791735	3926.6272343111777	1	0	tensor(3)	2.5587751162234857
96200.0	6000.0	3726.6272343111173	0.0	0	362.9963672057347	3926.627234311163	1	0	tensor(3)	2.558775116223492
97200.0	6000.0	3726.627234311123	0.0	0	195.86175232025562	3926.6272343111486	1	0	tensor(3)	2.5587751162234973
98200.0	6000.0	3726.6272343111273	0.0	0	396.8019759376475	3926.627234311163	1	0	tensor(3)	2.558775116223492
99200.0	6000.0	3726.6272343111395	0.0	0	395.3182019059459	3926.627234311163	1	0	tensor(3)	2.558775116223492
100200.0	6000.0	3726.627234311147	0.0	0	308.35735423574806	3926.627234311163	1	0	tensor(3)	2.558775116223492
101200.0	6000.0	3726.6272343111355	0.0	0	265.0438996979792	3926.627234311163	1	0	tensor(3)	2.558775116223492
102200.0	6000.0	3726.627234311145	0.0	0	274.20956461403694	3926.627234311163	1	0	tensor(3)	2.558775116223492
103200.0	6000.0	3726.6272343111395	0.0	0	361.0424883844389	3926.627234311163	1	0	tensor(3)	2.558775116223492
104200.0	6000.0	3726.627234311135	0.0	0	199.49642066039087	3926.6272343111777	1	0	tensor(3)	2.5587751162234857
105200.0	6000.0	3726.6272343111355	0.0	0	228.43852095471811	3926.6272343111923	1	0	tensor(3)	2.55877511622348
106200.0	6000.0	3726.6272343111364	0.0	0	419.7821915305394	3926.6272343111923	1	0	tensor(3)	2.55877511622348
107200.0	6000.0	3726.627234311124	0.0	0	47.77151668617444	3926.6272343111923	1	0	tensor(3)	2.55877511622348
108329.93934814486	6000.0	3596.6878861662613	0.0	0	0.0	3926.6272343111923	1	0	tensor(3)	2.55877511622348
109200.0	6000.0	3726.6272343111223	0.0	0	75.3986653869215	3926.6272343111923	1	0	tensor(3)	2.55877511622348
110219.63083436828	6000.0	3706.996399942839	0.0	0	0.0	3926.6272343111923	1	0	tensor(3)	2.55877511622348
111200.0	6000.0	3726.6272343111114	0.0	0	193.96390481188428	3926.6272343111923	1	0	tensor(3)	2.55877511622348
112200.0	6000.0	3726.627234311106	0.0	0	381.3412708373653	3926.6272343111923	1	0	tensor(3)	2.55877511622348
113200.0	6000.0	3726.62723431112	0.0	0	347.52966543081857	3926.6272343111923	1	0	tensor(3)	2.55877511622348
114200.0	6000.0	3726.6272343111286	0.0	0	493.366900857407	3926.6272343111923	1	0	tensor(3)	2.55877511622348
115200.0	6000.0	3726.6272343111127	0.0	0	393.79688064422226	3926.6272343111923	1	0	tensor(3)	2.55877511622348
116200.0	6000.0	3726.6272343111114	0.0	0	4.780766767580644	3926.6272343111923	1	0	tensor(3)	2.55877511622348
117200.0	6000.0	3726.6272343111245	0.0	0	200.4091507019184	3926.6272343111923	1	0	tensor(3)	2.55877511622348
118200.0	6000.0	3726.6272343111204	0.0	0	494.7088990027405	3926.6272343111923	1	0	tensor(3)	2.55877511622348
119200.0	6000.0	3726.6272343111204	0.0	0	429.8419495243288	3926.6272343111923	1	0	tensor(3)	2.55877511622348
120200.0	6000.0	3726.627234311132	0.0	0	454.717067160469	3926.6272343111923	1	0	tensor(3)	2.55877511622348
121200.0	6000.0	3726.627234311133	0.0	0	300.9375661208178	3926.6272343111777	1	0	tensor(3)	2.5587751162234857
122200.0	6000.0	3726.627234311145	0.0	0	317.1351568841055	3926.6272343111777	1	0	tensor(3)	2.5587751162234857
123200.0	6000.0	3726.6272343111464	0.0	0	251.7174864381377	3926.6272343111923	1	0	tensor(3)	2.55877511622348
124200.0	6000.0	3726.627234311149	0.0	0	142.2248872755008	3926.6272343111923	1	0	tensor(3)	2.55877511622348
125200.0	6000.0	3726.6272343111655	0.0	0	89.0793263217929	3926.6272343111923	1	0	tensor(3)	2.55877511622348
126467.95478453331	6000.0	3458.6724497778696	0.0	0	0.0	3926.6272343111923	1	0	tensor(3)	2.55877511622348
127485.24779580806	6000.0	3441.379438503138	0.0	0	0.0	3926.6272343111923	1	0	tensor(3)	2.55877511622348
128340.45683832675	6000.0	3586.170395984432	0.0	0	0.0	3926.6272343111923	1	0	tensor(3)	2.55877511622348
129200.0	6000.0	3726.627234311165	0.0	0	1.8090841077355435	3926.6272343111923	1	0	tensor(3)	2.55877511622348
130200.0	6000.0	3726.6272343111573	0.0	0	218.36553788174933	3926.627234311207	1	0	tensor(3)	2.558775116223474
131200.0	6000.0	3726.62723431114	0.0	0	407.02614300152345	3926.6272343111923	1	0	tensor(3)	2.558775116223475
132200.0	6000.0	3726.627234311111	0.0	0	504.3474937240535	3926.627234311163	1	0	tensor(3)	2.55877511622349
133242.24308502156	6000.0	3684.3841492895203	0.0	0	34.50118607474724	3926.627234311134	1	0	tensor(3)	2.558775116223499
134200.0	6000.0	3726.627234311085	0.0	0	26.651958143134834	3926.627234311134	1	0	tensor(3)	2.5587751162235053
135200.0	6000.0	3726.627234311082	0.0	0	472.29332550696563	3926.627234311134	1	0	tensor(3)	2.5587751162235053
136200.0	6000.0	3726.6272343110536	0.0	0	295.5524214980542	3926.627234311105	1	0	tensor(3)	2.5587751162235146
137200.0	6000.0	3726.6272343110463	0.0	0	380.10785723806475	3926.627234311134	1	0	tensor(3)	2.5587751162235026
138200.0	6000.0	3726.6272343110654	0.0	0	331.7966080313781	3926.627234311163	1	0	tensor(3)	2.558775116223492
139200.0	6000.0	3726.6272343110422	0.0	0	3.4262512424611486	3926.627234311163	1	0	tensor(3)	2.558775116223492
140200.0	6000.0	3726.6272343110577	0.0	0	264.78184927572147	3926.627234311134	1	0	tensor(3)	2.5587751162235026
141200.0	6000.0	3726.627234311078	0.0	0	396.3201658723119	3926.627234311134	1	0	tensor(3)	2.5587751162235026
142200.0	6000.0	3726.6272343111004	0.0	0	223.17872426463873	3926.627234311134	1	0	tensor(3)	2.5587751162235026
143200.0	6000.0	3726.6272343110495	0.0	0	45.97876704719965	3926.627234311134	1	0	tensor(3)	2.5587751162235026
144200.0	6000.0	3726.627234311064	0.0	0	100.89984402700793	3926.627234311134	1	0	tensor(3)	2.5587751162235026
145200.0	6000.0	3726.6272343110536	0.0	0	281.19809444167186	3926.627234311134	1	0	tensor(3)	2.5587751162235026
146200.0	6000.0	3726.6272343110327	0.0	0	332.81313072520425	3926.627234311105	1	0	tensor(3)	2.5587751162235146
147200.0	6000.0	3726.6272343110536	0.0	0	361.60684496248723	3926.627234311076	1	0	tensor(3)	2.558775116223526
148200.0	6000.0	3726.627234311048	0.0	0	436.7351174540818	3926.627234311076	1	0	tensor(3)	2.558775116223526
149200.0	6000.0	3726.627234311082	0.0	0	370.354423339857	3926.627234311076	1	0	tensor(3)	2.558775116223526
150200.0	6000.0	3726.627234311076	0.0	0	524.8697358834615	3926.627234311047	1	0	tensor(3)	2.5587751162235377
151200.0	6000.0	3726.6272343110527	0.0	0	363.3865827419795	3926.627234311047	1	0	tensor(3)	2.5587751162235377
152200.0	6000.0	3726.6272343110404	0.0	0	434.0277184630395	3926.627234311047	1	0	tensor(3)	2.5587751162235377
153200.0	6000.0	3726.627234311031	0.0	0	582.4890801370493	3926.627234311047	1	0	tensor(3)	2.5587751162235377
154200.0	6000.0	3726.6272343110454	0.0	0	384.3739527549478	3926.6272343110177	1	0	tensor(3)	2.5587751162235497
155200.0	6000.0	3726.6272343110695	0.0	0	167.1528694004228	3926.6272343110177	1	0	tensor(3)	2.5587751162235497
156224.27436892266	6000.0	3702.352865388418	0.0	0	0.0	3926.6272343110177	1	0	tensor(3)	2.5587751162235497
157200.0	6000.0	3726.6272343110636	0.0	0	98.79310529617942	3926.6272343109595	1	0	tensor(3)	2.55877511622357
158200.0	6000.0	3726.6272343110927	0.0	0	120.8574157601397	3926.6272343109595	1	0	tensor(3)	2.5587751162235723
159200.0	6000.0	3726.6272343111095	0.0	0	482.9218066545145	3926.6272343109304	1	0	tensor(3)	2.558775116223584
160200.0	6000.0	3726.6272343111186	0.0	0	38.75638818045263	3926.6272343109304	1	0	tensor(3)	2.558775116223584
161200.0	6000.0	3726.6272343111405	0.0	0	95.7718919517065	3926.6272343109595	1	0	tensor(3)	2.5587751162235772
162200.0	6000.0	3726.627234311125	0.0	0	110.72346949280472	3926.6272343109304	1	0	tensor(3)	2.558775116223584
163200.0	6000.0	3726.6272343111086	0.0	0	149.4674415946647	3926.6272343109304	1	0	tensor(3)	2.558775116223584
164200.0	6000.0	3726.6272343111045	0.0	0	410.0429354417138	3926.6272343109013	1	0	tensor(3)	2.5587751162235954
165200.0	6000.0	3726.6272343111073	0.0	0	248.79887181313825	3926.6272343109013	1	0	tensor(3)	2.5587751162235954
166200.0	6000.0	3726.6272343111204	0.0	0	287.5280716768757	3926.6272343109013	1	0	tensor(3)	2.5587751162235954
167200.0	6000.0	3726.6272343111254	0.0	0	415.5984533627634	3926.6272343109013	1	0	tensor(3)	2.5587751162235954
168200.0	6000.0	3726.627234311115	0.0	0	550.9895637485315	3926.6272343109013	1	0	tensor(3)	2.5587751162235954
169200.0	6000.0	3726.6272343111073	0.0	0	392.66598255824647	3926.6272343109013	1	0	tensor(3)	2.5587751162235954
170200.0	6000.0	3726.6272343111273	0.0	0	496.96758520195726	3926.6272343109013	1	0	tensor(3)	2.5587751162235954
171200.0	6000.0	3726.6272343111364	0.0	0	274.2397260069556	3926.6272343109013	1	0	tensor(3)	2.5587751162235954
172200.0	6000.0	3726.627234311127	0.0	0	502.4290116345801	3926.6272343109013	1	0	tensor(3)	2.5587751162235954
173200.0	6000.0	3726.6272343111186	0.0	0	277.54290916013997	3926.627234310872	1	0	tensor(3)	2.5587751162236074
174200.0	6000.0	3726.6272343111127	0.0	0	355.09905187692493	3926.627234310872	1	0	tensor(3)	2.5587751162236074
175247.33711059572	6000.0	3679.2901237154197	0.0	0	0.0	3926.627234310872	1	0	tensor(3)	2.5587751162236074
176200.0	6000.0	3726.627234311167	0.0	0	255.23072627084912	3926.627234310872	1	0	tensor(3)	2.5587751162236074
177200.0	6000.0	3726.6272343111677	0.0	0	398.0321046766767	3926.627234310872	1	0	tensor(3)	2.5587751162236074
178200.0	6000.0	3726.627234311207	0.0	0	233.09040978286066	3926.6272343109013	1	0	tensor(3)	2.5587751162235977
179200.0	6000.0	3726.6272343112055	0.0	0	365.22371467362973	3926.6272343109013	1	0	tensor(3)	2.5587751162235954
180200.0	6000.0	3726.6272343112164	0.0	0	132.45481790188933	3926.6272343109013	1	0	tensor(3)	2.5587751162235954
181200.0	6000.0	3726.6272343111996	0.0	0	214.97713288720115	3926.627234310872	1	0	tensor(3)	2.558775116223603
182200.0	6000.0	3726.6272343112028	0.0	0	224.05990747874603	3926.627234310872	1	0	tensor(3)	2.5587751162236074
183200.0	6000.0	3726.627234311191	0.0	0	479.4015292073891	3926.627234310872	1	0	tensor(3)	2.5587751162236074
184200.0	6000.0	3726.6272343112055	0.0	0	533.2918579291727	3926.627234310872	1	0	tensor(3)	2.5587751162236074
185200.0	6000.0	3726.6272343111746	0.0	0	450.77655400626827	3926.627234310872	1	0	tensor(3)	2.5587751162236074
186200.0	6000.0	3726.6272343111686	0.0	0	277.33876788816997	3926.627234310872	1	0	tensor(3)	2.5587751162236074
187342.6495463322	6000.0	3583.9776879789533	0.0	0	0.0	3926.627234310872	1	0	tensor(3)	2.5587751162236074
188200.0	6000.0	3726.6272343111323	0.0	0	32.753398487198865	3926.627234310872	1	0	tensor(3)	2.5587751162236074
189200.0	6000.0	3726.6272343111286	0.0	0	263.54803126488696	3926.6272343109013	1	0	tensor(3)	2.5587751162235954
190200.0	6000.0	3726.627234311109	0.0	0	109.6538230155711	3926.6272343109013	1	0	tensor(3)	2.5587751162235954
191200.0	6000.0	3726.6272343110913	0.0	0	430.6936542376352	3926.6272343109013	1	0	tensor(3)	2.5587751162235954
192200.0	6000.0	3726.627234311091	0.0	0	347.88451192053617	3926.6272343109013	1	0	tensor(3)	2.5587751162235954
193200.0	6000.0	3726.6272343110763	0.0	0	189.2611417932203	3926.6272343109013	1	0	tensor(3)	2.5587751162235954
194200.0	6000.0	3726.6272343110872	0.0	0	54.35432381235296	3926.6272343109013	1	0	tensor(3)	2.5587751162235954
195200.0	6000.0	3726.6272343110677	0.0	0	295.2641517937882	3926.627234310872	1	0	tensor(3)	2.558775116223603
196200.0	6000.0	3726.6272343110804	0.0	0	223.7978422062879	3926.627234310872	1	0	tensor(3)	2.5587751162236074
197200.0	6000.0	3726.6272343111045	0.0	0	348.3599068201438	3926.627234310872	1	0	tensor(3)	2.5587751162236074
198200.0	6000.0	3726.627234311103	0.0	0	373.83787784643937	3926.627234310872	1	0	tensor(3)	2.5587751162236074
199200.0	6000.0	3726.6272343110772	0.0	0	485.4819167277019	3926.627234310872	1	0	tensor(3)	2.5587751162236074
200200.0	6000.0	3726.627234311098	0.0	0	231.83837421113276	3926.6272343109013	1	0	tensor(3)	2.5587751162235954
201200.0	6000.0	3726.6272343110913	0.0	0	463.20032332628034	3926.627234310872	1	0	tensor(3)	2.5587751162236074
202200.0	6000.0	3726.627234311109	0.0	0	565.9686406814435	3926.627234310872	1	0	tensor(3)	2.5587751162236074
203200.0	6000.0	3726.627234311096	0.0	0	497.5203154711926	3926.627234310872	1	0	tensor(3)	2.5587751162236074
204200.0	6000.0	3726.627234311078	0.0	0	463.0653283330321	3926.627234310843	1	0	tensor(3)	2.558775116223618
205200.0	6000.0	3726.6272343110377	0.0	0	494.7480638293782	3926.627234310843	1	0	tensor(3)	2.558775116223618
206200.0	6000.0	3726.6272343110372	0.0	0	419.9076553801133	3926.627234310872	1	0	tensor(3)	2.5587751162236074
207200.0	6000.0	3726.6272343110554	0.0	0	172.3769146432751	3926.627234310872	1	0	tensor(3)	2.5587751162236074
208382.25140962427	6000.0	3544.3758246867833	0.0	0	0.0	3926.6272343109013	1	0	tensor(3)	2.5587751162235954
209200.0	6000.0	3726.627234311028	0.0	0	5.06642349017784	3926.6272343109013	1	0	tensor(3)	2.5587751162235954
210200.0	6000.0	3726.627234311035	0.0	0	119.95969595352653	3926.6272343109304	1	0	tensor(3)	2.558775116223584
211200.0	6000.0	3726.6272343110277	0.0	0	163.90759204429924	3926.6272343109013	1	0	tensor(3)	2.5587751162235954
212200.0	6000.0	3726.6272343110277	0.0	0	242.0859465202957	3926.6272343109013	1	0	tensor(3)	2.5587751162235954
213200.0	6000.0	3726.6272343109927	0.0	0	108.51385267655132	3926.627234310872	1	0	tensor(3)	2.5587751162236074
214200.0	6000.0	3726.627234311008	0.0	0	12.098946848738706	3926.627234310872	1	0	tensor(3)	2.5587751162236074
215200.0	6000.0	3726.627234311019	0.0	0	489.4420635928982	3926.627234310872	1	0	tensor(3)	2.5587751162236074
216200.0	6000.0	3726.6272343110018	0.0	0	271.20816364951315	3926.627234310872	1	0	tensor(3)	2.5587751162236074
217200.0	6000.0	3726.6272343109995	0.0	0	206.3191889906011	3926.627234310843	1	0	tensor(3)	2.5587751162236163
218200.0	6000.0	3726.6272343110013	0.0	0	563.5112679751765	3926.627234310843	1	0	tensor(3)	2.558775116223618
219200.0	6000.0	3726.6272343109813	0.0	0	167.51911739903153	3926.627234310843	1	0	tensor(3)	2.558775116223618
220200.0	6000.0	3726.6272343109567	0.0	0	160.95032858321792	3926.627234310843	1	0	tensor(3)	2.558775116223618
221200.0	6000.0	3726.6272343109435	0.0	0	364.91426753569976	3926.627234310843	1	0	tensor(3)	2.558775116223618
222200.0	6000.0	3726.627234310939	0.0	0	361.449407899403	3926.627234310843	1	0	tensor(3)	2.558775116223618
223200.0	6000.0	3726.6272343109067	0.0	0	322.7546388626506	3926.627234310814	1	0	tensor(3)	2.5587751162236305
224200.0	6000.0	3726.627234310935	0.0	0	411.2095790030726	3926.627234310814	1	0	tensor(3)	2.5587751162236305
225200.0	6000.0	3726.6272343109295	0.0	0	284.37064625602216	3926.627234310785	1	0	tensor(3)	2.558775116223637
226200.0	6000.0	3726.627234310963	0.0	0	546.1323180054605	3926.627234310785	1	0	tensor(3)	2.5587751162236416
227200.0	6000.0	3726.6272343109704	0.0	0	444.4341093049152	3926.627234310785	1	0	tensor(3)	2.5587751162236416
228200.0	6000.0	3726.6272343109804	0.0	0	367.64698302038596	3926.6272343107557	1	0	tensor(3)	2.558775116223653
229200.0	6000.0	3726.627234310958	0.0	0	436.82486433532904	3926.6272343107557	1	0	tensor(3)	2.558775116223653
230200.0	6000.0	3726.6272343109595	0.0	0	65.59358934301417	3926.6272343107557	1	0	tensor(3)	2.558775116223653
231200.0	6000.0	3726.627234310968	0.0	0	361.6234400738904	3926.627234310785	1	0	tensor(3)	2.5587751162236416
232200.0	6000.0	3726.627234310968	0.0	0	259.92961069222656	3926.6272343107557	1	0	tensor(3)	2.558775116223653
233200.0	6000.0	3726.627234310967	0.0	0	221.57041868104716	3926.6272343107557	1	0	tensor(3)	2.558775116223653
234200.0	6000.0	3726.6272343109763	0.0	0	190.11961067622178	3926.6272343107557	1	0	tensor(3)	2.558775116223653
235200.0	6000.0	3726.6272343109495	0.0	0	223.69790763538913	3926.6272343107557	1	0	tensor(3)	2.558775116223653
236200.0	6000.0	3726.6272343109904	0.0	0	481.0217878475087	3926.6272343107557	1	0	tensor(3)	2.558775116223653
237200.0	6000.0	3726.627234310998	0.0	0	352.4758304730058	3926.6272343107557	1	0	tensor(3)	2.558775116223653
238200.0	6000.0	3726.627234310982	0.0	0	496.45408653316554	3926.6272343107557	1	0	tensor(3)	2.558775116223653
239200.0	6000.0	3726.6272343110068	0.0	0	339.288018521067	3926.6272343107557	1	0	tensor(3)	2.558775116223653
240326.79733015556	6000.0	3599.829904155479	0.0	0	0.0	3926.6272343107557	1	0	tensor(3)	2.558775116223653
241200.0	6000.0	3726.627234311015	0.0	0	118.49187779478962	3926.6272343107266	1	0	tensor(3)	2.558775116223665
242200.0	6000.0	3726.627234311035	0.0	0	328.89960699380026	3926.6272343107266	1	0	tensor(3)	2.558775116223665
243200.0	6000.0	3726.6272343110154	0.0	0	179.07930555491475	3926.6272343107266	1	0	tensor(3)	2.558775116223665
244200.0	6000.0	3726.627234310994	0.0	0	487.27441531725344	3926.6272343106975	1	0	tensor(3)	2.558775116223676
245200.0	6000.0	3726.6272343109863	0.0	0	279.7725425968529	3926.6272343107266	1	0	tensor(3)	2.5587751162236696
246200.0	6000.0	3726.627234311007	0.0	0	375.3010062382964	3926.6272343107266	1	0	tensor(3)	2.558775116223665
247200.0	6000.0	3726.627234311012	0.0	0	324.2832789668464	3926.6272343107266	1	0	tensor(3)	2.558775116223665
248200.0	6000.0	3726.6272343110477	0.0	0	525.3341681717138	3926.6272343107266	1	0	tensor(3)	2.558775116223665
249200.0	6000.0	3726.6272343110613	0.0	0	327.53339188330574	3926.6272343107266	1	0	tensor(3)	2.558775116223665
250200.0	6000.0	3726.627234311053	0.0	0	35.45583667041501	3926.6272343107266	1	0	tensor(3)	2.558775116223665
251200.0	6000.0	3726.6272343110872	0.0	0	508.89945578275365	3926.6272343107557	1	0	tensor(3)	2.558775116223653
252200.0	6000.0	3726.6272343110936	0.0	0	411.5721282933664	3926.6272343107557	1	0	tensor(3)	2.558775116223653
253200.0	6000.0	3726.627234311079	0.0	0	106.93496393275564	3926.6272343106975	1	0	tensor(3)	2.5587751162236714
254200.0	6000.0	3726.6272343110813	0.0	0	87.61481695907423	3926.6272343107266	1	0	tensor(3)	2.558775116223665
255200.0	6000.0	3726.6272343110554	0.0	0	382.9573212173127	3926.6272343107266	1	0	tensor(3)	2.558775116223665
256200.0	6000.0	3726.6272343110813	0.0	0	412.70666452974547	3926.6272343107266	1	0	tensor(3)	2.558775116223665
257200.0	6000.0	3726.62723431107	0.0	0	7.321285566082224	3926.6272343107266	1	0	tensor(3)	2.558775116223665
258200.0	6000.0	3726.627234311062	0.0	0	390.8822384196683	3926.6272343107266	1	0	tensor(3)	2.558775116223665
259200.0	6000.0	3726.627234311044	0.0	0	212.9354291111522	3926.6272343107557	1	0	tensor(3)	2.558775116223653
260200.0	6000.0	3726.6272343110263	0.0	0	60.26769326403155	3926.6272343107266	1	0	tensor(3)	2.558775116223665
261200.0	6000.0	3726.6272343110127	0.0	0	486.59242107506725	3926.6272343106975	1	0	tensor(3)	2.558775116223676
262200.0	6000.0	3726.627234311002	0.0	0	428.27918197528925	3926.6272343106975	1	0	tensor(3)	2.558775116223676
263200.0	6000.0	3726.6272343109963	0.0	0	372.44598070153734	3926.6272343106975	1	0	tensor(3)	2.558775116223674
264200.0	6000.0	3726.6272343110436	0.0	0	357.0379962406587	3926.6272343107266	1	0	tensor(3)	2.5587751162236714
265200.0	6000.0	3726.6272343110345	0.0	0	6.233108515152708	3926.6272343107266	1	0	tensor(3)	2.558775116223665
266200.0	6000.0	3726.62723431102	0.0	0	254.47273463732563	3926.6272343106684	1	0	tensor(3)	2.5587751162236785
267200.0	6000.0	3726.6272343110586	0.0	0	370.7077591372654	3926.6272343106684	1	0	tensor(3)	2.558775116223688
268200.0	6000.0	3726.627234311065	0.0	0	553.4130187907722	3926.6272343106684	1	0	tensor(3)	2.558775116223688
269200.0	6000.0	3726.62723431103	0.0	0	503.2367395364563	3926.62723431061	1	0	tensor(3)	2.558775116223711
270200.0	6000.0	3726.6272343110436	0.0	0	280.87979861925123	3926.62723431061	1	0	tensor(3)	2.5587751162237016
271200.0	6000.0	3726.627234311062	0.0	0	369.7017312349053	3926.6272343106684	1	0	tensor(3)	2.558775116223688
272200.0	6000.0	3726.6272343110445	0.0	0	413.25602144171717	3926.6272343106684	1	0	tensor(3)	2.558775116223688
273200.0	6000.0	3726.627234311107	0.0	0	291.89634913310874	3926.6272343106684	1	0	tensor(3)	2.558775116223688
274265.34734184225	6000.0	3661.2798924689164	0.0	0	0.0	3926.6272343106684	1	0	tensor(3)	2.558775116223688
275272.14139310323	6000.0	3654.4858412079184	0.0	0	0.0	3926.6272343106684	1	0	tensor(3)	2.558775116223688
276361.03124594514	6000.0	3565.5959883660475	0.0	0	0.0	3926.6272343106684	1	0	tensor(3)	2.558775116223688
277269.5161712903	6000.0	3657.1110630208286	0.0	0	0.0	3926.6272343106684	1	0	tensor(3)	2.558775116223688
278200.0	6000.0	3726.6272343111527	0.0	0	232.37506421637954	3926.6272343106684	1	0	tensor(3)	2.558775116223688
279200.0	6000.0	3726.6272343111764	0.0	0	325.9090138821048	3926.6272343106684	1	0	tensor(3)	2.558775116223688
280200.0	6000.0	3726.62723431111	0.0	0	564.8330468701315	3926.6272343106684	1	0	tensor(3)	2.558775116223688
281200.0	6000.0	3726.6272343111223	0.0	0	420.80252710037166	3926.6272343106684	1	0	tensor(3)	2.558775116223688
282200.0	6000.0	3726.6272343111177	0.0	0	308.3400659090257	3926.6272343106684	1	0	tensor(3)	2.558775116223688
283200.0	6000.0	3726.6272343111305	0.0	0	74.07304605591344	3926.6272343106684	1	0	tensor(3)	2.558775116223688
284200.0	6000.0	3726.627234311124	0.0	0	447.3943291174364	3926.6272343106684	1	0	tensor(3)	2.558775116223688
285200.0	6000.0	3726.6272343111277	0.0	0	484.887578468828	3926.6272343106684	1	0	tensor(3)	2.558775116223688
286200.0	6000.0	3726.6272343111086	0.0	0	90.12491959350882	3926.6272343106684	1	0	tensor(3)	2.558775116223688
287200.0	6000.0	3726.6272343110913	0.0	0	132.0499048315105	3926.6272343107266	1	0	tensor(3)	2.558775116223674
288200.0	6000.0	3726.627234311087	0.0	0	217.04482004145393	3926.6272343107266	1	0	tensor(3)	2.558775116223665
289200.0	6000.0	3726.6272343111364	0.0	0	321.5196562759811	3926.6272343107266	1	0	tensor(3)	2.558775116223665
290200.0	6000.0	3726.6272343111455	0.0	0	198.48579630529275	3926.627234310785	1	0	tensor(3)	2.5587751162236416
291200.0	6000.0	3726.627234311195	0.0	0	16.376409369928297	3926.627234310785	1	0	tensor(3)	2.5587751162236416
292200.0	6000.0	3726.627234311194	0.0	0	132.05694165918976	3926.627234310843	1	0	tensor(3)	2.558775116223618
293200.0	6000.0	3726.627234311219	0.0	0	162.39745268860133	3926.627234310843	1	0	tensor(3)	2.558775116223618
294200.0	6000.0	3726.627234311276	0.0	0	200.6299032891984	3926.6272343109013	1	0	tensor(3)	2.5587751162236
295200.0	6000.0	3726.6272343112764	0.0	0	113.73152884980664	3926.627234310843	1	0	tensor(3)	2.558775116223618
296200.0	6000.0	3726.627234311263	0.0	0	426.2648138705408	3926.627234310785	1	0	tensor(3)	2.5587751162236416
297222.35617892933	6000.0	3704.2710553819193	0.0	0	0.0	3926.627234310785	1	0	tensor(3)	2.5587751162236416
298200.0	6000.0	3726.6272343112696	0.0	0	280.87694465520326	3926.6272343107266	1	0	tensor(3)	2.5587751162236607
299200.0	6000.0	3726.6272343112064	0.0	0	601.5647559258505	3926.6272343107266	1	0	tensor(3)	2.558775116223665
300200.0	6000.0	3726.6272343111323	0.0	0	411.3183488101349	3926.6272343106684	1	0	tensor(3)	2.558775116223688
11.1	6.79	7.53	6.65	6.58	10.0	9.67	6.13	4.83	8.19	10.2	8.44	9.26	10.5	11.5	11.5	10.3	12.6	10.3	8.77	8.56	5.87	7.63	8.76	6.66	10.3	8.4	8.06	6.86	9.46	13.8	11.8	8.26	9.37	6.05	6.04	8.94	8.0	8.0	8.75	9.31	7.07	7.76	11.8	13.7	10.7	8.53	8.9	11.0	10.2	9.93	13.6	10.1	6.29	9.88	4.76	7.84	10.4	8.8	9.19	7.61	8.71	12.3	9.9	12.0	10.6	8.99	9.81	9.88	9.72	9.31	8.45	11.5	11.4	12.2	13.9	8.79	9.14	7.91	9.64	8.17	10.3	11.0	8.21	10.7	11.8	6.42	7.04	7.18	8.26	10.5	10.1	9.26	6.64	11.7	9.71	7.07	9.86	9.0	10.1	7.38	9.33	10.4	5.4	8.19	8.44	5.73	8.47	12.7	10.0	11.5	6.93	8.43	8.41	13.4	12.5	8.44	10.5	9.6	7.22	8.2	6.74	6.38	8.02	7.87	7.96	13.4	12.5	11.0	4.33	11.3	10.9	9.23	9.03	5.62	9.67	7.01	10.2	5.15	8.55	7.3	9.1	9.64	9.64	6.97	12.3	15.1	9.24	14.8	9.51	11.1	6.79	7.53	6.65	6.58	10.0	9.67	6.13	4.83	8.19	10.2	8.44	9.26	10.5	11.5	11.5	10.3	12.6	10.3	8.77	8.56	5.87	7.63	8.76	6.66	10.3	8.4	8.06	6.86	9.46	13.8	11.8	8.26	9.37	6.05	6.04	8.94	8.0	8.0	8.75	9.31	7.07	7.76	11.8	13.7	10.7	8.53	8.9	11.0	10.2	9.93	13.6	10.1	6.29	9.88	4.76	7.84	10.4	8.8	9.19	7.61	8.71	12.3	9.9	12.0	10.6	8.99	9.81	9.88	9.72	9.31	8.45	11.5	11.4	12.2	13.9	8.79	9.14	7.91	9.64	8.17	10.3	11.0	8.21	10.7	11.8	6.42	7.04	7.18	8.26	10.5	10.1	9.26	6.64	11.7	9.71	7.07	9.86	9.0	10.1	7.38	9.33	10.4	5.4	8.19	8.44	5.73	8.47	12.7	10.0	11.5	6.93	8.43	8.41	13.4	12.5	8.44	10.5	9.6	7.22	8.2	6.74	6.38	8.02	7.87	7.96	13.4	12.5	11.0	4.33	11.3	10.9	9.23	9.03	5.62	9.67	7.01	10.2	5.15	8.55	7.3	9.1	9.64	9.64	6.97	12.3	15.1	9.24	14.8	9.51	11.1	6.79	7.53
1.0	2.0	3.0	4.0	5.0	6.0	7.0	8.0	9.0	10.0	11.0	12.0	13.0	14.0	15.0	16.0	17.0	18.0	19.0	20.0	21.0	22.0	23.0	24.0	25.0	26.0	27.0	28.0	29.0	30.0	31.0	32.0	33.0	34.0	35.0	36.0	37.0	38.0	39.0	40.0	41.0	42.0	43.0	44.0	45.0	46.0	47.0	48.0	49.0	50.0	51.0	52.0	53.0	54.0	55.0	56.0	57.0	58.0	59.0	60.0	61.0	62.0	63.0	64.0	65.0	66.0	67.0	68.0	69.0	70.0	71.0	72.0	73.0	74.0	75.0	76.0	77.0	78.0	79.0	80.0	81.0	82.0	83.0	84.0	85.0	86.0	87.0	88.0	89.0	90.0	91.0	92.0	93.0	94.0	95.0	96.0	97.0	98.0	99.0	100.0	101.0	102.0	103.0	104.0	105.0	106.0	107.0	108.0	109.0	110.0	111.0	112.0	113.0	114.0	115.0	116.0	117.0	118.0	119.0	120.0	121.0	122.0	123.0	124.0	125.0	126.0	127.0	128.0	129.0	130.0	131.0	132.0	133.0	134.0	135.0	136.0	137.0	138.0	139.0	140.0	141.0	142.0	143.0	144.0	145.0	146.0	147.0	148.0	149.0	149.0	150.0	151.0	152.0	153.0	154.0	155.0	156.0	157.0	158.0	159.0	160.0	161.0	162.0	163.0	164.0	165.0	166.0	167.0	168.0	169.0	170.0	171.0	172.0	173.0	174.0	175.0	176.0	177.0	178.0	179.0	180.0	181.0	182.0	183.0	184.0	185.0	186.0	187.0	188.0	189.0	190.0	191.0	192.0	193.0	194.0	195.0	196.0	197.0	198.0	199.0	200.0	201.0	202.0	203.0	204.0	205.0	206.0	207.0	208.0	209.0	210.0	211.0	212.0	213.0	214.0	215.0	216.0	217.0	218.0	219.0	220.0	221.0	222.0	223.0	224.0	225.0	226.0	227.0	228.0	229.0	230.0	231.0	232.0	233.0	234.0	235.0	236.0	237.0	238.0	239.0	240.0	241.0	242.0	243.0	244.0	245.0	246.0	247.0	248.0	249.0	250.0	251.0	252.0	253.0	254.0	255.0	256.0	257.0	258.0	259.0	260.0	261.0	262.0	263.0	264.0	265.0	266.0	267.0	268.0	269.0	270.0	271.0	272.0	273.0	274.0	275.0	276.0	277.0	278.0	279.0	280.0	281.0	282.0	283.0	284.0	285.0	286.0	287.0	288.0	289.0	290.0	291.0	292.0	293.0	294.0	295.0	296.0	297.0	298.0	298.0	299.0	300.0	301.0
3688.475880268622
