3164.3512009232313	1000.0	2000.0	243.1862101773052	0	0.0	3164.3512009232313	1	0	tensor(2)	-1.8600625967330695
3806.1219673811397	3000.0	2358.2292335420916	0.0	0	0.0	3164.351200923231	1	0	tensor(3)	0.7921516666815174
4620.917629814154	6000.0	2543.4335711090766	0.0	0	0.0	3164.35120092323	1	0	tensor(3)	2.090763955349627
5384.980411085644	6000.0	2779.370789837587	0.0	0	0.0	3164.3512009232304	1	0	tensor(3)	2.783911135909572
6237.329050333217	6000.0	2927.0221505900145	0.0	0	0.0	3164.3512009232313	1	0	tensor(3)	2.783911135909572
7384.645373175972	6000.0	2779.7058277472606	0.0	0	0.0	3164.3512009232318	1	0	tensor(3)	2.783911135909572
8380.342602939445	6000.0	2784.00859798379	0.0	0	0.0	3164.3512009232336	1	0	tensor(3)	2.783911135909572
9725.19839235682	6000.0	2439.152808566414	0.0	0	0.0	3164.3512009232336	1	0	tensor(3)	2.7839111359095714
10562.761013930178	6000.0	2601.5901869930567	0.0	0	0.0	3164.3512009232345	1	0	tensor(3)	2.7839111359095714
11663.459368442573	6000.0	2500.891832480661	0.0	0	0.0	3164.3512009232327	1	0	tensor(3)	2.7839111359095714
12815.084119909443	6000.0	2349.267081013791	0.0	0	0.0	3164.3512009232345	1	0	tensor(3)	2.7839111359095714
13743.180176772375	6000.0	2421.17102415086	0.0	0	0.0	3164.3512009232345	1	0	tensor(3)	2.7839111359095714
14805.821257993028	6000.0	2358.5299429302117	0.0	0	0.0	3164.3512009232363	1	0	tensor(3)	2.7839111359095714
15988.179775906798	6000.0	2176.1714250164423	0.0	0	0.0	3164.3512009232363	1	0	tensor(3)	2.783911135909571
17355.07330732371	6000.0	1809.277893599527	0.0	0	0.0	3164.3512009232345	1	0	tensor(3)	2.783911135909571
18161.451771014283	6000.0	2002.8994299089534	0.0	0	0.0	3164.3512009232345	1	0	tensor(3)	2.7839111359095714
18902.840054732114	6000.0	2261.511146191124	0.0	0	0.0	3164.3512009232363	1	0	tensor(3)	2.7839111359095705
19776.448889657095	6000.0	2387.9023112661434	0.0	0	0.0	3164.35120092324	1	0	tensor(3)	2.7839111359095705
20785.24400909051	6000.0	2379.1071918327266	0.0	0	0.0	3164.35120092324	1	0	tensor(3)	2.7839111359095705
22000.428906793644	6000.0	2163.9222941295952	0.0	0	0.0	3164.3512009232363	1	0	tensor(3)	2.783911135909571
22965.590589772437	6000.0	2198.7606111507994	0.0	0	0.0	3164.3512009232363	1	0	tensor(3)	2.783911135909571
23926.029473175644	6000.0	2238.3217277475906	0.0	0	0.0	3164.3512009232363	1	0	tensor(3)	2.783911135909571
24975.436734775605	6000.0	2188.914466147627	0.0	0	0.0	3164.3512009232327	1	0	tensor(3)	2.7839111359095714
25973.454429185185	6000.0	2190.896771738043	0.0	0	0.0	3164.3512009232327	1	0	tensor(3)	2.7839111359095714
27283.2712562887	6000.0	1881.0799446345234	0.0	0	0.0	3164.3512009232327	1	0	tensor(3)	2.7839111359095714
28488.29973246203	6000.0	1676.0514684611899	0.0	0	0.0	3164.3512009232327	1	0	tensor(3)	2.7839111359095714
29290.1497376066	6000.0	1874.2014633166218	0.0	0	0.0	3164.3512009232327	1	0	tensor(3)	2.7839111359095714
30165.228228899723	6000.0	1999.1229720234996	0.0	0	0.0	3164.3512009232327	1	0	tensor(3)	2.7839111359095714
31322.424612436207	6000.0	1841.9265884870163	0.0	0	0.0	3164.3512009232327	1	0	tensor(3)	2.7839111359095714
32486.55149712287	6000.0	1677.7997038003582	0.0	0	0.0	3164.3512009232327	1	0	tensor(3)	2.7839111359095714
33372.21345745524	6000.0	1792.1377434679878	0.0	0	0.0	3164.3512009232327	1	0	tensor(3)	2.783911135909572
34378.23799563291	6000.0	1786.1132052903238	0.0	0	0.0	3164.3512009232436	1	0	tensor(3)	2.78391113590957
35230.7260501128	6000.0	1933.6251508104358	0.0	0	0.0	3164.35120092324	1	0	tensor(3)	2.7839111359095705
36431.812488581316	6000.0	1732.5387123419187	0.0	0	0.0	3164.3512009232436	1	0	tensor(3)	2.783911135909569
37624.40233819246	6000.0	1539.9488627307637	0.0	0	0.0	3164.3512009232436	1	0	tensor(3)	2.783911135909569
38207.780487670876	3000.0	1956.5707132523492	0.0	0	0.0	3164.3512009232436	1	0	tensor(3)	1.3976167747896793
39238.1018546664	6000.0	1926.2493462568323	0.0	0	0.0	3164.3512009232436	1	0	tensor(3)	2.0907639553496242
40246.75712412956	6000.0	1917.5940767936725	0.0	0	0.0	3164.3512009232436	1	0	tensor(3)	2.783911135909569
41476.325828455	6000.0	1688.0253724682334	0.0	0	0.0	3164.3512009232436	1	0	tensor(3)	2.783911135909569
43071.969162287314	6000.0	1092.3820386359203	0.0	0	0.0	3164.3512009232436	1	0	tensor(3)	2.783911135909569
44101.037073967054	6000.0	1063.3141269561852	0.0	0	0.0	3164.3512009232436	1	0	tensor(3)	2.783911135909569
44753.81866079322	6000.0	1410.532540130014	0.0	0	0.0	3164.3512009232436	1	0	tensor(3)	2.783911135909569
45955.40331745343	6000.0	1208.9478834698177	0.0	0	0.0	3164.3512009232436	1	0	tensor(3)	2.783911135909569
47218.48339450007	6000.0	945.8678064231729	0.0	0	0.0	3164.3512009232436	1	0	tensor(3)	2.783911135909569
48078.72214022192	6000.0	1085.629060701325	0.0	0	0.0	3164.3512009232436	1	0	tensor(3)	2.783911135909569
48674.039136521234	3000.0	1490.3120644020128	0.0	0	0.0	3164.3512009232363	1	0	tensor(3)	1.397616774789681
49686.97240042349	6000.0	1477.3788004997548	0.0	0	0.0	3164.3512009232363	1	0	tensor(3)	2.090763955349626
51082.55406053711	6000.0	1081.7971403861225	0.0	0	0.0	3164.351200923229	1	0	tensor(3)	2.7839111359095723
51837.35725647111	3000.0	1326.9939444521283	0.0	0	0.0	3164.351200923229	1	0	tensor(3)	1.3976167747896828
52478.91827703413	3000.0	1685.432923889105	0.0	0	0.0	3164.351200923229	1	0	tensor(3)	2.090763955349628
53334.10626342524	3000.0	1830.2449374980022	0.0	0	0.0	3164.351200923229	1	0	tensor(3)	2.090763955349628
54001.81066978898	3000.0	2162.5405311342492	0.0	0	0.0	3164.351200923229	1	0	tensor(3)	2.090763955349628
54683.37974955128	6000.0	2480.9714513719437	0.0	0	0.0	3164.351200923229	1	0	tensor(3)	2.090763955349628
55426.92317207055	6000.0	2737.428028852678	0.0	0	0.0	3164.351200923229	1	0	tensor(3)	2.7839111359095723
56314.43708536769	6000.0	2849.9141155555394	0.0	0	0.0	3164.351200923229	1	0	tensor(3)	2.7839111359095723
57200.0	6000.0	2964.351200923225	0.0	0	60.01567052776227	3164.351200923229	1	0	tensor(3)	2.7839111359095723
58390.945306659545	6000.0	2773.405894263684	0.0	0	0.0	3164.3512009232363	1	0	tensor(3)	2.783911135909571
59791.86853024538	6000.0	2372.482670677856	0.0	0	0.0	3164.3512009232363	1	0	tensor(3)	2.783911135909571
61601.799628817964	6000.0	1562.5515721052795	0.0	0	0.0	3164.351200923229	1	0	tensor(3)	2.7839111359095723
62421.998851284174	3000.0	1742.3523496390678	0.0	0	0.0	3164.351200923229	1	0	tensor(3)	1.3976167747896828
63019.22205465485	3000.0	2145.1291462683894	0.0	0	0.0	3164.351200923229	1	0	tensor(3)	2.090763955349628
63748.32249155213	6000.0	2416.0287093711127	0.0	0	0.0	3164.351200923229	1	0	tensor(3)	2.090763955349628
64516.97822775632	6000.0	2647.3729731669177	0.0	0	0.0	3164.351200923229	1	0	tensor(3)	2.7839111359095723
65855.35987761637	6000.0	2308.991323306879	0.0	0	0.0	3164.351200923251	1	0	tensor(3)	2.7839111359095696
66740.04244440567	6000.0	2424.3087565175842	0.0	0	0.0	3164.351200923251	1	0	tensor(3)	2.783911135909568
67561.34020568925	6000.0	2603.0109952340035	0.0	0	0.0	3164.351200923258	1	0	tensor(3)	2.783911135909567
68200.0	6000.0	2964.351200923253	0.0	0	137.67018945064046	3164.351200923258	1	0	tensor(3)	2.783911135909566
69200.0	6000.0	2964.3512009232345	0.0	0	444.21368725335924	3164.351200923251	1	0	tensor(3)	2.783911135909567
70200.0	6000.0	2964.3512009232377	0.0	0	304.7715156204795	3164.351200923251	1	0	tensor(3)	2.783911135909568
71200.0	6000.0	2964.351200923251	0.0	0	432.5598195647035	3164.351200923251	1	0	tensor(3)	2.783911135909568
72200.0	6000.0	2964.3512009232554	0.0	0	283.6063005758915	3164.351200923251	1	0	tensor(3)	2.783911135909568
73200.0	6000.0	2964.3512009232622	0.0	0	174.00675355822023	3164.351200923251	1	0	tensor(3)	2.783911135909568
74209.97701327952	6000.0	2954.374187643751	0.0	0	0.0	3164.3512009232654	1	0	tensor(3)	2.7839111359095647
75200.0	6000.0	2964.3512009232686	0.0	0	202.70765983285673	3164.351200923251	1	0	tensor(3)	2.783911135909568
76719.37182687684	6000.0	2444.9793740464324	0.0	0	0.0	3164.3512009232654	1	0	tensor(3)	2.7839111359095647
77993.70373015486	6000.0	2170.647470768419	0.0	0	0.0	3164.3512009232654	1	0	tensor(3)	2.7839111359095647
78839.73964077141	6000.0	2324.6115601518545	0.0	0	0.0	3164.351200923251	1	0	tensor(3)	2.783911135909568
80195.2827722439	6000.0	1969.0684286793737	0.0	0	0.0	3164.3512009232654	1	0	tensor(3)	2.7839111359095647
81195.19076303788	6000.0	1969.1604378853895	0.0	0	0.0	3164.3512009232654	1	0	tensor(3)	2.7839111359095647
82294.20234118546	6000.0	1870.1488597378182	0.0	0	0.0	3164.3512009232654	1	0	tensor(3)	2.7839111359095647
82835.32716282298	3000.0	2329.02403810029	0.0	0	0.0	3164.3512009232654	1	0	tensor(3)	1.3976167747896748
83298.69794182443	3000.0	2865.653259098851	0.0	0	0.0	3164.351200923251	1	0	tensor(3)	2.090763955349623
84200.0	6000.0	2964.351200923296	0.0	0	175.6284357423574	3164.351200923251	1	0	tensor(3)	2.0907639553496233
85200.0	6000.0	2964.3512009233177	0.0	0	89.36542121473758	3164.3512009232654	1	0	tensor(3)	2.7839111359095647
86200.0	6000.0	2964.3512009233095	0.0	0	0.7530397843802348	3164.3512009232654	1	0	tensor(3)	2.7839111359095647
87206.1206437685	6000.0	2958.2305571548186	0.0	0	0.0	3164.3512009232654	1	0	tensor(3)	2.7839111359095647
88200.0	6000.0	2964.351200923321	0.0	0	199.80515823030146	3164.35120092328	1	0	tensor(3)	2.7839111359095616
89200.0	6000.0	2964.3512009233064	0.0	0	367.2302664961462	3164.35120092328	1	0	tensor(3)	2.7839111359095616
90200.0	6000.0	2964.3512009233054	0.0	0	10.933433993850485	3164.35120092328	1	0	tensor(3)	2.7839111359095616
91200.0	6000.0	2964.3512009233023	0.0	0	96.57907997396251	3164.35120092328	1	0	tensor(3)	2.7839111359095616
92200.0	6000.0	2964.3512009232877	0.0	0	18.836492058617296	3164.35120092328	1	0	tensor(3)	2.7839111359095616
93365.07590009259	6000.0	2799.2753008306936	0.0	0	0.0	3164.35120092328	1	0	tensor(3)	2.7839111359095616
94562.60825553881	6000.0	2601.7429453844557	0.0	0	0.0	3164.35120092328	1	0	tensor(3)	2.7839111359095616
95505.63366754692	6000.0	2658.7175333763284	0.0	0	0.0	3164.35120092328	1	0	tensor(3)	2.7839111359095616
96681.91589508535	6000.0	2482.435305837894	0.0	0	0.0	3164.35120092328	1	0	tensor(3)	2.7839111359095616
97707.81261435592	6000.0	2456.5385865673124	0.0	0	0.0	3164.35120092328	1	0	tensor(3)	2.7839111359095616
98723.65391999822	6000.0	2440.6972809250015	0.0	0	0.0	3164.3512009232945	1	0	tensor(3)	2.7839111359095585
99560.48202775337	6000.0	2603.8691731698573	0.0	0	0.0	3164.35120092328	1	0	tensor(3)	2.7839111359095616
100848.37709921623	6000.0	2315.974101707009	0.0	0	0.0	3164.35120092328	1	0	tensor(3)	2.7839111359095616
101574.86254823433	6000.0	2589.4886526889036	0.0	0	0.0	3164.35120092328	1	0	tensor(3)	2.7839111359095616
102613.100245152	6000.0	2551.250955771234	0.0	0	0.0	3164.35120092328	1	0	tensor(3)	2.7839111359095616
103579.15442394819	6000.0	2585.1967769750545	0.0	0	0.0	3164.3512009232945	1	0	tensor(3)	2.7839111359095585
104827.92161982472	6000.0	2336.4295810985527	0.0	0	0.0	3164.3512009232945	1	0	tensor(3)	2.7839111359095585
105789.31490691482	6000.0	2375.036294008453	0.0	0	0.0	3164.3512009232945	1	0	tensor(3)	2.7839111359095585
106697.80873689358	6000.0	2466.5424640296924	0.0	0	0.0	3164.3512009232945	1	0	tensor(3)	2.7839111359095585
107323.94915515662	6000.0	2840.402045766652	0.0	0	0.0	3164.3512009232945	1	0	tensor(3)	2.7839111359095585
108200.0	6000.0	2964.3512009232763	0.0	0	85.71782941394486	3164.3512009232945	1	0	tensor(3)	2.7839111359095585
109200.0	6000.0	2964.351200923272	0.0	0	75.52038622260443	3164.3512009232945	1	0	tensor(3)	2.7839111359095585
110200.0	6000.0	2964.351200923263	0.0	0	90.64306392811704	3164.3512009232945	1	0	tensor(3)	2.7839111359095585
111281.18062681363	6000.0	2883.1705741096384	0.0	0	0.0	3164.3512009232945	1	0	tensor(3)	2.7839111359095585
112271.72889256419	6000.0	2892.6223083590817	0.0	0	0.0	3164.3512009232945	1	0	tensor(3)	2.7839111359095585
113200.0	6000.0	2964.3512009232772	0.0	0	142.08189383376157	3164.3512009232945	1	0	tensor(3)	2.7839111359095585
114216.496622672	6000.0	2947.8545782512847	0.0	0	0.0	3164.351200923309	1	0	tensor(3)	2.783911135909556
115218.63833487968	6000.0	2945.7128660435974	0.0	0	0.0	3164.351200923309	1	0	tensor(3)	2.783911135909556
116200.0	6000.0	2964.351200923266	0.0	0	157.53175923861272	3164.3512009232945	1	0	tensor(3)	2.7839111359095585
117200.0	6000.0	2964.3512009232795	0.0	0	437.1656586462632	3164.351200923309	1	0	tensor(3)	2.783911135909556
118200.0	6000.0	2964.3512009232804	0.0	0	550.5030787323485	3164.351200923309	1	0	tensor(3)	2.783911135909556
119492.31771388631	6000.0	2672.0334870369757	0.0	0	0.0	3164.3512009232945	1	0	tensor(3)	2.7839111359095585
120525.48718710722	6000.0	2638.8640138160586	0.0	0	0.0	3164.3512009232945	1	0	tensor(3)	2.7839111359095585
121360.48061511772	6000.0	2803.8705858055787	0.0	0	0.0	3164.3512009232945	1	0	tensor(3)	2.7839111359095585
122462.19221358377	6000.0	2702.158987339531	0.0	0	0.0	3164.3512009232945	1	0	tensor(3)	2.7839111359095585
123372.06813335107	6000.0	2792.2830675722307	0.0	0	0.0	3164.3512009232945	1	0	tensor(3)	2.7839111359095585
124200.0	6000.0	2964.3512009233077	0.0	0	37.336123600878636	3164.3512009232945	1	0	tensor(3)	2.7839111359095585
125200.0	6000.0	2964.3512009233027	0.0	0	158.15615327896376	3164.3512009232945	1	0	tensor(3)	2.7839111359095585
126539.04234567532	6000.0	2625.3088552479935	0.0	0	0.0	3164.351200923309	1	0	tensor(3)	2.783911135909556
127697.53563288713	6000.0	2466.8155680362047	0.0	0	0.0	3164.351200923309	1	0	tensor(3)	2.783911135909556
128824.00489615228	6000.0	2340.34630477106	0.0	0	0.0	3164.351200923309	1	0	tensor(3)	2.783911135909556
130162.42042013942	6000.0	2001.9307807839343	0.0	0	0.0	3164.351200923309	1	0	tensor(3)	2.783911135909556
131367.3673551082	6000.0	1796.9838458151617	0.0	0	0.0	3164.3512009233236	1	0	tensor(3)	2.7839111359095554
132438.3920942344	6000.0	1725.9591066889652	0.0	0	0.0	3164.351200923338	1	0	tensor(3)	2.783911135909552
133627.32460885576	6000.0	1537.0265920676027	0.0	0	0.0	3164.351200923338	1	0	tensor(3)	2.783911135909553
134590.4103682685	6000.0	1573.9408326548642	0.0	0	0.0	3164.3512009233527	1	0	tensor(3)	2.783911135909548
135296.22359919533	6000.0	1868.1276017280472	0.0	0	0.0	3164.3512009233527	1	0	tensor(3)	2.7839111359095465
136346.41680816072	6000.0	1817.9343927626771	0.0	0	0.0	3164.3512009233527	1	0	tensor(3)	2.7839111359095465
137795.65096177775	6000.0	1368.7002391456317	0.0	0	0.0	3164.3512009233527	1	0	tensor(3)	2.7839111359095465
138824.32441952714	6000.0	1340.0267813962319	0.0	0	0.0	3164.351200923382	1	0	tensor(3)	2.7839111359095403
139314.076978215	3000.0	1850.274222708366	0.0	0	0.0	3164.351200923382	1	0	tensor(3)	1.3976167747896504
140525.11532354017	6000.0	1639.2358773831963	0.0	0	0.0	3164.351200923382	1	0	tensor(3)	2.0907639553495954
141595.30275301545	6000.0	1569.0484479079123	0.0	0	0.0	3164.351200923382	1	0	tensor(3)	2.7839111359095403
142180.55183433852	3000.0	1983.7993665848296	0.0	0	0.0	3164.351200923382	1	0	tensor(3)	1.3976167747896504
143420.7509272853	6000.0	1743.600273638058	0.0	0	0.0	3164.351200923382	1	0	tensor(3)	2.0907639553495954
144338.4565771181	6000.0	1825.8946238052476	0.0	0	0.0	3164.351200923411	1	0	tensor(3)	2.783911135909534
145370.0466063135	6000.0	1794.3045946098523	0.0	0	0.0	3164.351200923411	1	0	tensor(3)	2.783911135909534
146419.17773797602	6000.0	1745.1734629473583	0.0	0	0.0	3164.351200923411	1	0	tensor(3)	2.783911135909534
147145.19817127116	6000.0	2019.1530296522374	0.0	0	0.0	3164.351200923411	1	0	tensor(3)	2.783911135909534
147978.7116494797	6000.0	2185.6395514436963	0.0	0	0.0	3164.351200923411	1	0	tensor(3)	2.783911135909534
148963.07112271953	6000.0	2201.280078203871	0.0	0	0.0	3164.351200923411	1	0	tensor(3)	2.783911135909534
149862.81249001753	6000.0	2301.5387109058915	0.0	0	0.0	3164.351200923411	1	0	tensor(3)	2.783911135909534
150904.91582562044	6000.0	2259.4353753030346	0.0	0	0.0	3164.351200923411	1	0	tensor(3)	2.783911135909534
151742.94830313936	6000.0	2421.402897784093	0.0	0	0.0	3164.351200923411	1	0	tensor(3)	2.783911135909534
153038.327743412	6000.0	2126.023457511452	0.0	0	0.0	3164.351200923411	1	0	tensor(3)	2.783911135909534
154271.6958748555	6000.0	1892.655326067951	0.0	0	0.0	3164.351200923382	1	0	tensor(3)	2.783911135909539
155398.66487279718	6000.0	1765.6863281262881	0.0	0	0.0	3164.351200923382	1	0	tensor(3)	2.7839111359095403
156317.56668685834	6000.0	1846.7845140651345	0.0	0	0.0	3164.351200923382	1	0	tensor(3)	2.7839111359095403
157181.3114151354	6000.0	1983.0397857881076	0.0	0	0.0	3164.351200923382	1	0	tensor(3)	2.7839111359095403
158234.95885617682	6000.0	1929.3923447467103	0.0	0	0.0	3164.351200923411	1	0	tensor(3)	2.783911135909535
159239.8956358196	6000.0	1924.4555651039323	0.0	0	0.0	3164.3512009233527	1	0	tensor(3)	2.7839111359095456
160335.03219807782	6000.0	1829.3190028456802	0.0	0	0.0	3164.3512009233527	1	0	tensor(3)	2.7839111359095465
161546.06244962194	6000.0	1618.28875130157	0.0	0	0.0	3164.3512009233236	1	0	tensor(3)	2.7839111359095527
162669.66763738662	6000.0	1494.6835635368705	0.0	0	0.0	3164.3512009233236	1	0	tensor(3)	2.7839111359095527
163886.10109396366	6000.0	1278.25010695981	0.0	0	0.0	3164.3512009233236	1	0	tensor(3)	2.7839111359095527
164574.99050762938	3000.0	1589.3606932940902	0.0	0	0.0	3164.3512009233236	1	0	tensor(3)	1.3976167747896628
165912.04092928715	6000.0	1252.3102716363308	0.0	0	0.0	3164.3512009233527	1	0	tensor(3)	2.0907639553496065
166589.45685443663	3000.0	1574.8943464868453	0.0	0	0.0	3164.3512009233527	1	0	tensor(3)	1.3976167747896566
167227.12445299322	3000.0	1937.2267479302684	0.0	0	0.0	3164.351200923382	1	0	tensor(3)	2.0907639553495954
167652.9584957142	3000.0	2511.392705209266	0.0	0	0.0	3164.3512009233527	1	0	tensor(3)	2.0907639553496016
168476.2399405312	6000.0	2688.111260392248	0.0	0	0.0	3164.3512009233527	1	0	tensor(3)	2.0907639553496016
169200.0	6000.0	2964.3512009234705	0.0	0	106.40340839273995	3164.351200923382	1	0	tensor(3)	2.7839111359095403
170207.36097803724	6000.0	2956.9902228862347	0.0	0	0.0	3164.351200923382	1	0	tensor(3)	2.7839111359095403
171200.0	6000.0	2964.3512009234546	0.0	0	174.60208615788724	3164.351200923382	1	0	tensor(3)	2.7839111359095376
172311.38776998388	6000.0	2852.9634309395915	0.0	0	0.0	3164.351200923411	1	0	tensor(3)	2.7839111359095363
173218.10418686195	6000.0	2946.2470140615064	0.0	0	0.0	3164.351200923411	1	0	tensor(3)	2.783911135909534
174200.0	6000.0	2964.351200923456	0.0	0	275.2545036782685	3164.351200923411	1	0	tensor(3)	2.783911135909534
175235.33196553023	6000.0	2929.019235393232	0.0	0	0.0	3164.35120092344	1	0	tensor(3)	2.783911135909528
176639.47723713404	6000.0	2524.8739637894487	0.0	0	0.0	3164.35120092344	1	0	tensor(3)	2.783911135909528
177760.10573736043	6000.0	2404.2454635630706	0.0	0	0.0	3164.35120092344	1	0	tensor(3)	2.783911135909528
178875.65037063204	6000.0	2288.7008302914473	0.0	0	0.0	3164.35120092344	1	0	tensor(3)	2.783911135909528
179762.42161413585	6000.0	2401.929586787653	0.0	0	0.0	3164.35120092344	1	0	tensor(3)	2.783911135909528
180465.66326004095	6000.0	2698.687940882552	0.0	0	0.0	3164.351200923411	1	0	tensor(3)	2.783911135909534
181665.52182561747	6000.0	2498.829375306058	0.0	0	0.0	3164.35120092344	1	0	tensor(3)	2.783911135909528
182400.7494836039	6000.0	2763.6017173196365	0.0	0	0.0	3164.351200923469	1	0	tensor(3)	2.783911135909522
183253.7070736427	6000.0	2910.6441272808293	0.0	0	0.0	3164.35120092344	1	0	tensor(3)	2.783911135909527
184359.29200227722	6000.0	2805.0591986462996	0.0	0	0.0	3164.35120092344	1	0	tensor(3)	2.783911135909528
185356.24925404906	6000.0	2808.1019468744557	0.0	0	0.0	3164.35120092344	1	0	tensor(3)	2.783911135909528
186533.93916606135	6000.0	2630.4120348621746	0.0	0	0.0	3164.35120092344	1	0	tensor(3)	2.783911135909528
187567.31919309142	6000.0	2597.0320078320865	0.0	0	0.0	3164.35120092344	1	0	tensor(3)	2.783911135909528
188483.36589526158	6000.0	2680.9853056619445	0.0	0	0.0	3164.35120092344	1	0	tensor(3)	2.783911135909528
189626.32752899642	6000.0	2538.0236719270997	0.0	0	0.0	3164.35120092344	1	0	tensor(3)	2.783911135909528
191233.91638247654	6000.0	1930.4348184470257	0.0	0	0.0	3164.35120092344	1	0	tensor(3)	2.783911135909528
192348.74172195315	6000.0	1815.6094789703945	0.0	0	0.0	3164.351200923382	1	0	tensor(3)	2.783911135909539
193062.22993054456	6000.0	2102.121270378956	0.0	0	0.0	3164.351200923411	1	0	tensor(3)	2.783911135909534
193937.5935328392	6000.0	2226.7576680843476	0.0	0	0.0	3164.35120092344	1	0	tensor(3)	2.783911135909533
194849.61315937934	6000.0	2314.7380415442276	0.0	0	0.0	3164.35120092344	1	0	tensor(3)	2.783911135909528
195940.54948426023	6000.0	2223.8017166633354	0.0	0	0.0	3164.351200923411	1	0	tensor(3)	2.783911135909529
197072.09184608475	6000.0	2092.2593548388236	0.0	0	0.0	3164.351200923411	1	0	tensor(3)	2.783911135909534
198237.22515011148	6000.0	1927.1260508120963	0.0	0	0.0	3164.35120092344	1	0	tensor(3)	2.783911135909528
199121.31689341727	6000.0	2043.0343075062667	0.0	0	0.0	3164.35120092344	1	0	tensor(3)	2.783911135909528
200414.48902996499	6000.0	1749.8621709585468	0.0	0	0.0	3164.35120092344	1	0	tensor(3)	2.783911135909528
201465.82431695695	6000.0	1698.52688396659	0.0	0	0.0	3164.351200923411	1	0	tensor(3)	2.783911135909534
202048.36189102448	3000.0	2115.989309899077	0.0	0	0.0	3164.35120092344	1	0	tensor(3)	1.3976167747896395
202749.03126123227	3000.0	2415.3199396912787	0.0	0	0.0	3164.35120092344	1	0	tensor(3)	2.0907639553495834
203200.0	3000.0	2964.351200923543	0.0	0	60.58261822821805	3164.351200923411	1	0	tensor(3)	2.0907639553495896
204200.0	6000.0	2964.3512009235733	0.0	0	233.04008248416358	3164.351200923411	1	0	tensor(3)	2.0907639553495927
205200.0	6000.0	2964.351200923547	0.0	0	282.1518567283638	3164.351200923382	1	0	tensor(3)	2.7839111359095403
206269.40881237676	6000.0	2894.9423885467763	0.0	0	0.0	3164.351200923382	1	0	tensor(3)	2.7839111359095403
207667.01901317303	6000.0	2497.332187750511	0.0	0	0.0	3164.351200923382	1	0	tensor(3)	2.7839111359095403
209499.8125580112	6000.0	1664.5386429123241	0.0	0	0.0	3164.351200923382	1	0	tensor(3)	2.7839111359095403
210334.47791619683	3000.0	1829.873284726703	0.0	0	0.0	3164.351200923382	1	0	tensor(3)	1.3976167747896504
210880.709488606	3000.0	2283.6417123175734	0.0	0	0.0	3164.351200923382	1	0	tensor(3)	2.0907639553495954
211535.06435668495	3000.0	2629.286844238608	0.0	0	0.0	3164.3512009233527	1	0	tensor(3)	2.0907639553496016
212200.0	3000.0	2964.351200923589	0.0	0	119.7932781985728	3164.3512009233527	1	0	tensor(3)	2.0907639553496016
213200.0	6000.0	2964.3512009235687	0.0	0	241.91683806598303	3164.3512009233236	1	0	tensor(3)	2.090763955349604
214276.08886914197	6000.0	2888.2623317816015	0.0	0	0.0	3164.3512009233236	1	0	tensor(3)	2.7839111359095527
215292.7406344131	6000.0	2871.610566510464	0.0	0	0.0	3164.3512009233527	1	0	tensor(3)	2.7839111359095465
216271.23779097036	6000.0	2893.113409953201	0.0	0	0.0	3164.3512009233236	1	0	tensor(3)	2.783911135909551
217200.0	6000.0	2964.3512009235596	0.0	0	213.02798157412326	3164.3512009233236	1	0	tensor(3)	2.7839111359095527
218200.0	6000.0	2964.351200923546	0.0	0	409.08276824763743	3164.3512009233527	1	0	tensor(3)	2.7839111359095465
219200.0	6000.0	2964.351200923498	0.0	0	200.05489735247102	3164.3512009233236	1	0	tensor(3)	2.783911135909549
220200.0	6000.0	2964.3512009235283	0.0	0	426.0460293435026	3164.3512009233236	1	0	tensor(3)	2.783911135909549
221200.0	6000.0	2964.3512009235315	0.0	0	392.4615952280292	3164.3512009233236	1	0	tensor(3)	2.7839111359095527
222200.0	6000.0	2964.3512009235437	0.0	0	168.4631223550823	3164.3512009233236	1	0	tensor(3)	2.7839111359095527
223200.0	6000.0	2964.3512009235474	0.0	0	148.26938691045507	3164.3512009233236	1	0	tensor(3)	2.7839111359095527
224234.55302082337	6000.0	2929.7981801001815	0.0	0	0.0	3164.3512009233236	1	0	tensor(3)	2.7839111359095527
225814.79299022982	6000.0	2349.5582106937213	0.0	0	0.0	3164.3512009233527	1	0	tensor(3)	2.7839111359095465
226973.56863291858	6000.0	2190.782568004959	0.0	0	0.0	3164.3512009233527	1	0	tensor(3)	2.7839111359095465
228052.40485452546	6000.0	2111.9463463980646	0.0	0	0.0	3164.3512009233527	1	0	tensor(3)	2.7839111359095465
228854.36978449018	6000.0	2309.981416433369	0.0	0	0.0	3164.3512009233527	1	0	tensor(3)	2.7839111359095465
229652.37723287378	6000.0	2511.973968049786	0.0	0	0.0	3164.3512009233527	1	0	tensor(3)	2.7839111359095465
231323.69288902092	6000.0	1840.6583119026586	0.0	0	0.0	3164.3512009233527	1	0	tensor(3)	2.7839111359095465
232088.40600801728	3000.0	2075.9451929063034	0.0	0	0.0	3164.3512009233527	1	0	tensor(3)	1.397616774789658
232795.40944951866	6000.0	2368.9417514049296	0.0	0	0.0	3164.351200923382	1	0	tensor(3)	2.0907639553495954
234100.03785983459	6000.0	2064.3133410889895	0.0	0	0.0	3164.351200923411	1	0	tensor(3)	2.7839111359095376
235127.50169542662	6000.0	2036.8495054969383	0.0	0	0.0	3164.351200923411	1	0	tensor(3)	2.783911135909534
236135.74154386684	6000.0	2028.6096570567263	0.0	0	0.0	3164.35120092344	1	0	tensor(3)	2.7839111359095305
236913.86002351227	6000.0	2250.491177411324	0.0	0	0.0	3164.351200923469	1	0	tensor(3)	2.783911135909522
237604.00676561502	6000.0	2560.3444353086015	0.0	0	0.0	3164.351200923469	1	0	tensor(3)	2.783911135909522
238200.0	6000.0	2964.3512009235906	0.0	0	34.108652940922184	3164.3512009234983	1	0	tensor(3)	2.783911135909516
239200.0	6000.0	2964.3512009235815	0.0	0	299.86311097841826	3164.3512009234983	1	0	tensor(3)	2.783911135909516
240408.4122384773	6000.0	2755.938962446252	0.0	0	0.0	3164.351200923469	1	0	tensor(3)	2.783911135909521
241463.9292746539	6000.0	2700.4219262695933	0.0	0	0.0	3164.351200923469	1	0	tensor(3)	2.783911135909522
242618.56043685065	6000.0	2545.790764072858	0.0	0	0.0	3164.351200923469	1	0	tensor(3)	2.783911135909522
243886.31542955377	6000.0	2278.0357713697445	0.0	0	0.0	3164.3512009234983	1	0	tensor(3)	2.783911135909516
244962.98089467574	6000.0	2201.3703062477834	0.0	0	0.0	3164.3512009234983	1	0	tensor(3)	2.783911135909516
246147.66191103836	6000.0	2016.689289885147	0.0	0	0.0	3164.3512009234983	1	0	tensor(3)	2.783911135909516
247081.7677893296	6000.0	2082.5834115939197	0.0	0	0.0	3164.3512009235274	1	0	tensor(3)	2.7839111359095097
248063.62041002102	6000.0	2100.7307909025103	0.0	0	0.0	3164.3512009235274	1	0	tensor(3)	2.7839111359095097
248607.16852753493	6000.0	2557.1826733886023	0.0	0	0.0	3164.3512009235565	1	0	tensor(3)	2.783911135909504
249742.12064152007	6000.0	2422.230559403456	0.0	0	0.0	3164.3512009235565	1	0	tensor(3)	2.783911135909504
250921.00701902027	6000.0	2243.344181903225	0.0	0	0.0	3164.3512009235856	1	0	tensor(3)	2.7839111359094977
251726.10853874253	6000.0	2438.242662180995	0.0	0	0.0	3164.3512009235856	1	0	tensor(3)	2.7839111359094977
252439.82831757716	6000.0	2724.5228833463607	0.0	0	0.0	3164.3512009235565	1	0	tensor(3)	2.783911135909504
253445.7667332982	6000.0	2718.584467625302	0.0	0	0.0	3164.3512009235565	1	0	tensor(3)	2.783911135909504
254668.97596497147	6000.0	2495.3752359520213	0.0	0	0.0	3164.3512009235565	1	0	tensor(3)	2.783911135909504
255526.26416912896	6000.0	2638.087031794544	0.0	0	0.0	3164.3512009235565	1	0	tensor(3)	2.783911135909504
256344.87464699417	6000.0	2819.476553929342	0.0	0	0.0	3164.3512009235856	1	0	tensor(3)	2.7839111359094977
257203.73615553256	6000.0	2960.6150453909727	0.0	0	0.0	3164.3512009235856	1	0	tensor(3)	2.7839111359094977
258280.68556392536	6000.0	2883.6656369981943	0.0	0	0.0	3164.3512009235856	1	0	tensor(3)	2.7839111359094977
259289.27144929642	6000.0	2875.0797516271496	0.0	0	0.0	3164.3512009235856	1	0	tensor(3)	2.783911135909497
260216.60955500408	6000.0	2947.7416459194865	0.0	0	0.0	3164.3512009235856	1	0	tensor(3)	2.7839111359094977
261200.0	6000.0	2964.3512009235487	0.0	0	21.968994277354795	3164.3512009235856	1	0	tensor(3)	2.7839111359094977
262200.0	6000.0	2964.3512009235224	0.0	0	189.95554498792626	3164.3512009235565	1	0	tensor(3)	2.783911135909504
263200.0	6000.0	2964.351200923493	0.0	0	120.11686929262942	3164.3512009235274	1	0	tensor(3)	2.7839111359095097
264216.9164437187	6000.0	2947.4347572047163	0.0	0	0.0	3164.351200923469	1	0	tensor(3)	2.783911135909516
265200.0	6000.0	2964.3512009233973	0.0	0	67.65373453509528	3164.351200923411	1	0	tensor(3)	2.7839111359095283
266200.0	6000.0	2964.3512009233646	0.0	0	432.332895258849	3164.351200923382	1	0	tensor(3)	2.7839111359095403
267200.0	6000.0	2964.3512009233505	0.0	0	476.0651835328317	3164.35120092344	1	0	tensor(3)	2.783911135909528
268200.0	6000.0	2964.35120092334	0.0	0	32.27328267460689	3164.3512009234983	1	0	tensor(3)	2.7839111359095208
269200.0	6000.0	2964.3512009232854	0.0	0	239.62152083823457	3164.3512009234983	1	0	tensor(3)	2.783911135909516
270200.0	6000.0	2964.351200923297	0.0	0	36.824760364193935	3164.3512009235565	1	0	tensor(3)	2.7839111359095083
271200.0	6000.0	2964.35120092331	0.0	0	0.028666630620136857	3164.3512009235565	1	0	tensor(3)	2.783911135909504
272200.0	6000.0	2964.3512009232577	0.0	0	10.791137822845485	3164.3512009235565	1	0	tensor(3)	2.783911135909504
273200.0	6000.0	2964.3512009232873	0.0	0	246.17847706010798	3164.3512009235565	1	0	tensor(3)	2.783911135909504
274445.80900181364	6000.0	2718.5421991096446	0.0	0	0.0	3164.3512009235565	1	0	tensor(3)	2.783911135909504
275331.8452248421	6000.0	2832.505976081259	0.0	0	0.0	3164.3512009235565	1	0	tensor(3)	2.783911135909504
276586.8123628836	6000.0	2577.538838039737	0.0	0	0.0	3164.3512009236147	1	0	tensor(3)	2.7839111359094915
277616.331892234	6000.0	2548.0193086892614	0.0	0	0.0	3164.3512009236147	1	0	tensor(3)	2.7839111359094915
278891.38446672924	6000.0	2272.9667341940467	0.0	0	0.0	3164.3512009235565	1	0	tensor(3)	2.783911135909504
279958.4027337996	6000.0	2205.9484671236464	0.0	0	0.0	3164.3512009235565	1	0	tensor(3)	2.783911135909504
280683.9993730541	6000.0	2480.351827869196	0.0	0	0.0	3164.3512009236147	1	0	tensor(3)	2.7839111359094915
281946.9532459353	6000.0	2217.3979549879077	0.0	0	0.0	3164.3512009235565	1	0	tensor(3)	2.783911135909494
282683.8056727248	6000.0	2480.545528198451	0.0	0	0.0	3164.3512009236147	1	0	tensor(3)	2.7839111359094915
283525.901661745	6000.0	2638.449539178243	0.0	0	0.0	3164.3512009235565	1	0	tensor(3)	2.783911135909504
284499.12338559324	6000.0	2665.2278153299208	0.0	0	0.0	3164.3512009234983	1	0	tensor(3)	2.783911135909516
285200.0	6000.0	2964.351200923151	0.0	0	28.995369726617355	3164.3512009234983	1	0	tensor(3)	2.783911135909516
286503.26647076715	6000.0	2661.0847301559697	0.0	0	0.0	3164.35120092344	1	0	tensor(3)	2.783911135909528
287416.326158177	6000.0	2748.025042746166	0.0	0	0.0	3164.35120092344	1	0	tensor(3)	2.783911135909528
288618.3011965452	6000.0	2546.050004377908	0.0	0	0.0	3164.35120092344	1	0	tensor(3)	2.783911135909528
289573.2724098502	6000.0	2591.0787910729455	0.0	0	0.0	3164.3512009234983	1	0	tensor(3)	2.783911135909516
290711.91185874084	6000.0	2452.439342182294	0.0	0	0.0	3164.3512009234983	1	0	tensor(3)	2.783911135909516
292169.1839044567	6000.0	1995.1672964664635	0.0	0	0.0	3164.35120092344	1	0	tensor(3)	2.7839111359095234
293368.40578098793	6000.0	1795.945419935229	0.0	0	0.0	3164.35120092344	1	0	tensor(3)	2.783911135909528
294421.0449625465	6000.0	1743.30623837671	0.0	0	0.0	3164.35120092344	1	0	tensor(3)	2.783911135909528
295832.55047413416	6000.0	1331.8007267890202	0.0	0	0.0	3164.35120092344	1	0	tensor(3)	2.783911135909528
296827.58808161865	6000.0	1336.7631193045431	0.0	0	0.0	3164.35120092344	1	0	tensor(3)	2.783911135909528
297934.5625135677	6000.0	1229.7886873555474	0.0	0	0.0	3164.351200923382	1	0	tensor(3)	2.7839111359095403
298910.5201749646	6000.0	1253.8310259586049	0.0	0	0.0	3164.351200923382	1	0	tensor(3)	2.7839111359095403
299674.5292283922	6000.0	1489.8219725310835	0.0	0	0.0	3164.351200923382	1	0	tensor(3)	2.7839111359095403
300636.0052333902	6000.0	1528.34596753306	0.0	0	0.0	3164.351200923382	1	0	tensor(3)	2.7839111359095403
301690.0731601941	6000.0	1474.278040729195	0.0	0	0.0	3164.351200923382	1	0	tensor(3)	2.7839111359095403
5.78	5.71	6.2	5.2	8.03	4.76	5.81	6.73	5.93	5.41	7.54	4.64	6.28	5.09	5.78	6.29	7.91	7.23	6.06	6.8	4.93	6.71	6.23	6.17	5.39	7.41	5.79	5.91	7.63	6.54	7.32	6.26	6.49	6.52	4.45	6.52	6.01	7.3	3.75	5.13	6.5	9.36	6.32	6.14	6.74	6.95	5.87	5.0	5.07	4.07	5.33	7.4	6.87	7.01	4.82	2.88	4.85	3.5	4.63	5.34	8.21	6.42	5.58	7.22	7.84	12.9	8.19	9.83	9.22	5.49	6.63	7.91	6.01	4.66	3.85	6.59	5.85	6.04	4.55	4.19	7.0	5.51	5.87	5.97	7.01	10.0	8.17	8.12	5.6	6.87	6.67	5.35	7.71	6.78	4.3	6.79	8.55	5.79	6.35	8.03	6.3	6.2	5.42	8.6	8.48	6.97	6.01	6.95	7.75	8.26	6.07	5.64	7.6	9.06	12.5	5.98	6.65	5.82	6.49	5.2	6.26	6.58	4.99	5.73	6.65	4.65	4.59	5.73	7.1	6.07	7.1	6.92	8.54	5.44	4.31	5.99	6.35	5.61	6.12	4.43	6.94	7.16	6.65	5.58	7.41	5.19	6.89	7.27	8.43	5.27	5.78	5.71	6.2	5.2	8.03	4.76	5.81	6.73	5.93	5.41	7.54	4.64	6.28	5.09	5.78	6.29	7.91	7.23	6.06	6.8	4.93	6.71	6.23	6.17	5.39	7.41	5.79	5.91	7.63	6.54	7.32	6.26	6.49	6.52	4.45	6.52	6.01	7.3	3.75	5.13	6.5	9.36	6.32	6.14	6.74	6.95	5.87	5.0	5.07	4.07	5.33	7.4	6.87	7.01	4.82	2.88	4.85	3.5	4.63	5.34	8.21	6.42	5.58	7.22	7.84	12.9	8.19	9.83	9.22	5.49	6.63	7.91	6.01	4.66	3.85	6.59	5.85	6.04	4.55	4.19	7.0	5.51	5.87	5.97	7.01	10.0	8.17	8.12	5.6	6.87	6.67	5.35	7.71	6.78	4.3	6.79	8.55	5.79	6.35	8.03	6.3	6.2	5.42	8.6	8.48	6.97	6.01	6.95	7.75	8.26	6.07	5.64	7.6	9.06	12.5	5.98	6.65	5.82	6.49	5.2	6.26	6.58	4.99	5.73	6.65	4.65	4.59	5.73	7.1	6.07	7.1	6.92	8.54	5.44	4.31	5.99	6.35	5.61	6.12	4.43	6.94	7.16	6.65	5.58	7.41	5.19	6.89	7.27	8.43	5.27	5.78	5.71	6.2
1.0	2.0	3.0	4.0	5.0	6.0	7.0	8.0	9.0	10.0	11.0	12.0	13.0	14.0	15.0	16.0	17.0	18.0	19.0	20.0	21.0	22.0	23.0	24.0	25.0	26.0	27.0	28.0	29.0	30.0	31.0	32.0	33.0	34.0	35.0	36.0	37.0	38.0	39.0	40.0	41.0	42.0	43.0	44.0	45.0	46.0	47.0	48.0	49.0	50.0	51.0	52.0	53.0	54.0	55.0	56.0	57.0	58.0	59.0	60.0	61.0	62.0	63.0	64.0	65.0	66.0	67.0	68.0	69.0	70.0	71.0	72.0	73.0	74.0	75.0	76.0	77.0	78.0	79.0	80.0	81.0	82.0	83.0	84.0	85.0	86.0	87.0	88.0	89.0	90.0	91.0	92.0	93.0	94.0	95.0	96.0	97.0	98.0	99.0	100.0	101.0	102.0	103.0	104.0	105.0	106.0	107.0	108.0	109.0	110.0	111.0	112.0	113.0	114.0	115.0	116.0	117.0	118.0	119.0	120.0	121.0	122.0	123.0	124.0	125.0	126.0	127.0	128.0	129.0	130.0	131.0	132.0	133.0	134.0	135.0	136.0	137.0	138.0	139.0	140.0	141.0	142.0	143.0	144.0	145.0	146.0	147.0	148.0	149.0	149.0	150.0	151.0	152.0	153.0	154.0	155.0	156.0	157.0	158.0	159.0	160.0	161.0	162.0	163.0	164.0	165.0	166.0	167.0	168.0	169.0	170.0	171.0	172.0	173.0	174.0	175.0	176.0	177.0	178.0	179.0	180.0	181.0	182.0	183.0	184.0	185.0	186.0	187.0	188.0	189.0	190.0	191.0	192.0	193.0	194.0	195.0	196.0	197.0	198.0	199.0	200.0	201.0	202.0	203.0	204.0	205.0	206.0	207.0	208.0	209.0	210.0	211.0	212.0	213.0	214.0	215.0	216.0	217.0	218.0	219.0	220.0	221.0	222.0	223.0	224.0	225.0	226.0	227.0	228.0	229.0	230.0	231.0	232.0	233.0	234.0	235.0	236.0	237.0	238.0	239.0	240.0	241.0	242.0	243.0	244.0	245.0	246.0	247.0	248.0	249.0	250.0	251.0	252.0	253.0	254.0	255.0	256.0	257.0	258.0	259.0	260.0	261.0	262.0	263.0	264.0	265.0	266.0	267.0	268.0	269.0	270.0	271.0	272.0	273.0	274.0	275.0	276.0	277.0	278.0	279.0	280.0	281.0	282.0	283.0	284.0	285.0	286.0	287.0	288.0	289.0	290.0	291.0	292.0	293.0	294.0	295.0	296.0	297.0	298.0	298.0	299.0	300.0	301.0
2831.6700069031135
