3838.0881218912136	300.0	2000.0	129.59523061039346	0	0.0	3838.0881218912136	1	0	tensor(3)	-1.1718698394109748
4954.505194423712	3000.0	1883.5829274675011	0.0	0	0.0	3838.0881218912136	1	0	tensor(3)	-0.4030028589214265
5846.318294039528	3000.0	1991.7698278516846	0.0	0	0.0	3838.088121891213	1	0	tensor(3)	1.8995822340726196
7230.531024256022	3000.0	1607.5570976351914	0.0	0	0.0	3838.088121891213	1	0	tensor(3)	1.8995822340726198
8370.992038288643	3000.0	1467.0960836025688	0.0	0	0.0	1838.088121891211	1	0	tensor(6)	-3.7488796251623344
9338.831603043727	3000.0	1499.2565188474882	0.0	0	0.0	1838.0881218912145	1	0	tensor(3)	2.251120374837667
10447.469092761128	3000.0	1390.6190291300866	0.0	0	0.0	1838.0881218912145	1	0	tensor(3)	2.251120374837667
11538.636797873505	3000.0	1299.4513240177116	0.0	0	0.0	1838.0881218912164	1	0	tensor(3)	2.251120374837667
12279.758161201973	3000.0	1558.3299606892442	0.0	0	0.0	1838.0881218912182	1	0	tensor(3)	2.251120374837667
13200.0	3000.0	1638.0881218912164	0.0	0	214.56557862518093	1838.0881218912164	1	0	tensor(3)	2.251120374837667
14200.0	3000.0	1638.088121891215	0.0	0	52.774181574995964	1838.0881218912164	1	0	tensor(3)	2.251120374837667
15233.414663755779	3000.0	1604.673458135435	0.0	0	0.0	1838.0881218912164	1	0	tensor(3)	2.251120374837667
16661.13165002647	3000.0	1176.956471864746	0.0	0	0.0	1838.0881218912182	1	0	tensor(3)	2.251120374837667
17928.821344472726	3000.0	909.2667774184915	0.0	0	0.0	1838.08812189122	1	0	tensor(3)	2.251120374837667
18847.685532526564	3000.0	990.4025893646551	0.0	0	0.0	1838.0881218912255	1	0	tensor(3)	2.2511203748376665
19701.715651183145	3000.0	1136.3724707080755	0.0	0	0.0	1838.0881218912255	1	0	tensor(3)	2.251120374837666
20444.823291335295	3000.0	1393.2648305559287	0.0	0	0.0	1838.088121891229	1	0	tensor(3)	2.251120374837666
21628.741820276857	3000.0	1209.3463016143692	0.0	0	0.0	1838.0881218912327	1	0	tensor(3)	2.251120374837666
22260.903575097658	3000.0	1577.1845467935666	0.0	0	0.0	1838.0881218912327	1	0	tensor(3)	2.251120374837666
23200.0	3000.0	1638.088121891227	0.0	0	108.85934308497599	1838.0881218912327	1	0	tensor(3)	2.251120374837666
24200.0	3000.0	1638.0881218912239	0.0	0	206.05567322688876	1838.088121891229	1	0	tensor(3)	2.251120374837666
25323.58853792862	3000.0	1514.4995839626051	0.0	0	0.0	1838.088121891229	1	0	tensor(3)	2.251120374837666
26200.0	3000.0	1638.0881218912277	0.0	0	56.31055943426327	1838.0881218912327	1	0	tensor(3)	2.251120374837666
27200.0	3000.0	1638.088121891227	0.0	0	179.8999552003188	1838.0881218912327	1	0	tensor(3)	2.251120374837666
28200.0	3000.0	1638.088121891225	0.0	0	444.21845648279486	1838.0881218912327	1	0	tensor(3)	2.251120374837666
29200.0	3000.0	1638.0881218912245	0.0	0	57.845072761236224	1838.0881218912327	1	0	tensor(3)	2.251120374837666
30609.20819513339	3000.0	1228.8799267578281	0.0	0	0.0	1838.088121891229	1	0	tensor(3)	2.251120374837666
31866.862324192007	3000.0	971.2257976992091	0.0	0	0.0	1838.0881218912327	1	0	tensor(3)	2.251120374837666
33009.58759321211	3000.0	828.5005286791015	0.0	0	0.0	1838.0881218912327	1	0	tensor(3)	2.251120374837666
33926.24808598049	3000.0	911.8400359107271	0.0	0	0.0	1838.0881218912364	1	0	tensor(3)	2.2511203748376656
34937.36543602476	3000.0	900.7226858664523	0.0	0	0.0	1838.0881218912255	1	0	tensor(3)	2.251120374837666
35821.457956686616	2000.0	1016.63016520459	0.0	0	0.0	1838.0881218912255	1	0	tensor(3)	1.4401901586213368
37028.606797604596	2000.0	809.4813242866071	0.0	0	0.0	1838.0881218912327	1	0	tensor(3)	1.8456552667295012
38185.2168030004	2000.0	652.871318890798	0.0	0	0.0	1838.0881218912327	1	0	tensor(3)	1.8456552667295012
39095.95317487127	2000.0	742.134947019933	0.0	0	0.0	1838.0881218912327	1	0	tensor(3)	1.8456552667295012
40173.002512961924	2000.0	665.0856089292777	0.0	0	0.0	1838.08812189124	1	0	tensor(3)	1.8456552667295005
41291.88133826247	2000.0	546.2067836287241	0.0	0	0.0	1838.0881218912327	1	0	tensor(3)	1.8456552667295012
42196.10049052012	2000.0	641.9876313710831	0.0	0	0.0	1838.0881218912327	1	0	tensor(3)	1.8456552667295012
42816.47601165057	2000.0	1021.6121102406294	0.0	0	0.0	1838.0881218912327	1	0	tensor(3)	1.8456552667295012
43773.62556562424	3000.0	1064.462556266957	0.0	0	0.0	1838.0881218912255	1	0	tensor(3)	1.8456552667295016
45218.02737747914	3000.0	620.060744412052	0.0	0	0.0	1838.0881218912255	1	0	tensor(3)	2.251120374837666
46456.37961100474	3000.0	381.70851088645804	0.0	0	0.0	1838.0881218912255	1	0	tensor(3)	2.251120374837666
46984.394946021086	2000.0	853.6931758701069	0.0	0	0.0	1838.0881218912255	1	0	tensor(3)	1.4401901586213368
47706.68798859018	3000.0	1131.400133301011	0.0	0	0.0	1838.0881218912255	1	0	tensor(3)	1.8456552667295016
48946.797699809154	3000.0	891.2904220820383	0.0	0	0.0	1838.0881218912255	1	0	tensor(3)	2.251120374837666
49811.122034937245	3000.0	1026.9660869539425	0.0	0	0.0	1838.0881218912255	1	0	tensor(3)	2.251120374837666
50678.04281867732	3000.0	1160.045303213873	0.0	0	0.0	1838.0881218912255	1	0	tensor(3)	2.251120374837666
51356.98116132352	3000.0	1481.1069605676712	0.0	0	0.0	1838.0881218912255	1	0	tensor(3)	2.251120374837666
52261.94515453346	3000.0	1576.1429673577322	0.0	0	0.0	1838.0881218912255	1	0	tensor(3)	2.251120374837666
53200.0	3000.0	1638.0881218911904	0.0	0	345.61657446635945	1838.0881218912255	1	0	tensor(3)	2.251120374837666
54200.0	3000.0	1638.0881218912002	0.0	0	42.07096609744622	1838.0881218912255	1	0	tensor(3)	2.251120374837666
55397.29829045335	3000.0	1440.7898314378504	0.0	0	0.0	1838.0881218912255	1	0	tensor(3)	2.251120374837666
56414.7726978073	3000.0	1423.3154240839074	0.0	0	0.0	1838.0881218912255	1	0	tensor(3)	2.251120374837666
57367.679273837326	3000.0	1470.408848053886	0.0	0	0.0	1838.0881218912327	1	0	tensor(3)	2.251120374837666
58479.09129981111	3000.0	1358.996822080097	0.0	0	0.0	1838.0881218912327	1	0	tensor(3)	2.251120374837666
59200.0	2000.0	1638.0881218911961	0.0	0	109.99180837335007	1838.0881218912327	1	0	tensor(3)	1.4401901586213366
60200.0	3000.0	1638.0881218911957	0.0	0	99.84576925155852	1838.0881218912327	1	0	tensor(3)	1.8456552667295014
61823.24971543823	3000.0	1014.8384064529771	0.0	0	0.0	1838.08812189124	1	0	tensor(3)	2.2511203748376656
63532.67144788534	3000.0	305.4166740058695	0.0	0	0.0	1838.08812189124	1	0	tensor(3)	2.2511203748376656
64106.93242828993	2000.0	731.1556936012819	0.0	0	0.0	1838.08812189124	1	0	tensor(3)	1.440190158621336
65166.64330259836	3000.0	671.4448192928617	0.0	0	0.0	1838.08812189124	1	0	tensor(3)	1.8456552667295008
65834.57921669075	3000.0	1003.5089052004756	0.0	0	0.0	1838.0881218912473	1	0	tensor(3)	2.251120374837665
66351.6233724409	3000.0	1486.46474945032	0.0	0	0.0	1838.08812189124	1	0	tensor(3)	2.2511203748376656
67200.0	3000.0	1638.0881218912168	0.0	0	95.31079395863344	1838.08812189124	1	0	tensor(3)	2.251120374837666
68200.0	3000.0	1638.0881218912189	0.0	0	227.68008586968062	1838.0881218912546	1	0	tensor(3)	2.251120374837665
69200.0	3000.0	1638.0881218912232	0.0	0	261.4565539112227	1838.0881218912546	1	0	tensor(3)	2.2511203748376647
70249.0411121859	3000.0	1589.0470097053162	0.0	0	0.0	1838.0881218912546	1	0	tensor(3)	2.2511203748376647
71255.52578238945	3000.0	1582.5623395017656	0.0	0	0.0	1838.08812189124	1	0	tensor(3)	2.2511203748376656
72308.33195702665	3000.0	1529.7561648645556	0.0	0	0.0	1838.08812189124	1	0	tensor(3)	2.2511203748376656
73200.0	3000.0	1638.0881218912004	0.0	0	69.80080707737943	1838.08812189124	1	0	tensor(3)	2.2511203748376656
74200.0	3000.0	1638.0881218911925	0.0	0	237.4168123579002	1838.08812189124	1	0	tensor(3)	2.2511203748376656
75404.08781078388	3000.0	1434.0003111073115	0.0	0	0.0	1838.0881218912255	1	0	tensor(3)	2.251120374837666
76525.20915834709	3000.0	1312.8789635440974	0.0	0	0.0	1838.088121891211	1	0	tensor(3)	2.2511203748376674
77200.0	3000.0	1638.0881218911966	0.0	0	57.455039659995236	1838.088121891211	1	0	tensor(3)	2.2511203748376674
78200.0	3000.0	1638.0881218912032	0.0	0	234.32423698157072	1838.0881218911964	1	0	tensor(3)	2.2511203748376682
79516.09490831755	3000.0	1321.9932135736426	0.0	0	0.0	1838.0881218911964	1	0	tensor(3)	2.2511203748376682
80326.50574943272	3000.0	1511.582372458475	0.0	0	0.0	1838.0881218911964	1	0	tensor(3)	2.2511203748376682
81200.0	3000.0	1638.0881218911945	0.0	0	18.43947626708541	1838.0881218911964	1	0	tensor(3)	2.2511203748376682
82200.0	3000.0	1638.0881218911918	0.0	0	248.40813280323346	1838.088121891211	1	0	tensor(3)	2.2511203748376674
83305.96577855275	3000.0	1532.1223433384298	0.0	0	0.0	1838.0881218911964	1	0	tensor(3)	2.2511203748376682
84200.0	3000.0	1638.088121891179	0.0	0	20.278789068644983	1838.0881218911964	1	0	tensor(3)	2.2511203748376682
85200.0	3000.0	1638.0881218911777	0.0	0	87.43953265069285	1838.0881218911964	1	0	tensor(3)	2.2511203748376682
86200.0	3000.0	1638.0881218911782	0.0	0	379.28366906256997	1838.0881218911964	1	0	tensor(3)	2.2511203748376682
87380.84915997849	3000.0	1457.2389619126934	0.0	0	0.0	1838.0881218911964	1	0	tensor(3)	2.2511203748376682
88200.0	3000.0	1638.0881218911709	0.0	0	91.76545263895241	1838.0881218911964	1	0	tensor(3)	2.2511203748376682
89200.0	3000.0	1638.0881218911738	0.0	0	427.4906717115955	1838.0881218911964	1	0	tensor(3)	2.2511203748376682
90200.0	3000.0	1638.0881218911768	0.0	0	254.14954771647172	1838.0881218911964	1	0	tensor(3)	2.2511203748376682
91200.0	3000.0	1638.0881218911798	0.0	0	334.1538062040054	1838.0881218911964	1	0	tensor(3)	2.2511203748376682
92200.0	3000.0	1638.0881218911925	0.0	0	403.3009027841181	1838.088121891211	1	0	tensor(3)	2.2511203748376674
93200.0	3000.0	1638.0881218911986	0.0	0	507.1126034891349	1838.088121891211	1	0	tensor(3)	2.2511203748376674
94200.0	3000.0	1638.0881218912173	0.0	0	492.9898363593966	1838.088121891211	1	0	tensor(3)	2.2511203748376674
95200.0	3000.0	1638.0881218912116	0.0	0	10.088262439749087	1838.088121891211	1	0	tensor(3)	2.2511203748376674
96260.32923864968	3000.0	1577.7588832415295	0.0	0	0.0	1838.088121891211	1	0	tensor(3)	2.2511203748376674
97208.6719464266	3000.0	1629.416175464601	0.0	0	0.0	1838.088121891211	1	0	tensor(3)	2.2511203748376674
98200.0	3000.0	1638.0881218912193	0.0	0	32.78652830669307	1838.088121891211	1	0	tensor(3)	2.2511203748376674
99200.0	3000.0	1638.0881218912346	0.0	0	134.1688569081598	1838.088121891211	1	0	tensor(3)	2.2511203748376674
100249.57792447474	3000.0	1588.510197416485	0.0	0	0.0	1838.088121891211	1	0	tensor(3)	2.2511203748376674
101200.80643177048	3000.0	1637.2816901207366	0.0	0	0.0	1838.088121891211	1	0	tensor(3)	2.2511203748376674
102200.0	3000.0	1638.088121891214	0.0	0	509.04505388652615	1838.088121891211	1	0	tensor(3)	2.2511203748376674
103200.0	3000.0	1638.0881218912264	0.0	0	250.9898250833212	1838.088121891211	1	0	tensor(3)	2.2511203748376674
104200.0	3000.0	1638.0881218912186	0.0	0	410.02994497421605	1838.088121891211	1	0	tensor(3)	2.2511203748376674
105200.0	3000.0	1638.0881218912182	0.0	0	388.20002272946294	1838.088121891211	1	0	tensor(3)	2.2511203748376674
106200.0	3000.0	1638.0881218912184	0.0	0	212.2991407954105	1838.088121891211	1	0	tensor(3)	2.2511203748376674
107200.0	3000.0	1638.0881218912225	0.0	0	279.4032687730505	1838.088121891211	1	0	tensor(3)	2.2511203748376674
108200.0	3000.0	1638.0881218912084	0.0	0	121.67429653299041	1838.088121891211	1	0	tensor(3)	2.2511203748376674
109200.0	3000.0	1638.0881218912034	0.0	0	258.0388937789976	1838.088121891211	1	0	tensor(3)	2.2511203748376674
110200.0	3000.0	1638.088121891188	0.0	0	156.54165745244245	1838.088121891211	1	0	tensor(3)	2.2511203748376674
111228.19799140889	3000.0	1609.890130482296	0.0	0	0.0	1838.0881218912255	1	0	tensor(3)	2.251120374837666
112296.4250200132	3000.0	1541.6631018779813	0.0	0	0.0	1838.0881218912255	1	0	tensor(3)	2.251120374837666
113200.0	3000.0	1638.0881218911668	0.0	0	348.2094027175335	1838.0881218912255	1	0	tensor(3)	2.251120374837666
114200.0	3000.0	1638.0881218911743	0.0	0	179.9661096719792	1838.0881218912255	1	0	tensor(3)	2.251120374837666
115200.0	3000.0	1638.0881218911982	0.0	0	150.84813037066488	1838.0881218912255	1	0	tensor(3)	2.251120374837666
116299.627411642	3000.0	1538.4607102491962	0.0	0	0.0	1838.0881218912255	1	0	tensor(3)	2.251120374837666
117387.03755631423	3000.0	1451.0505655769866	0.0	0	0.0	1838.0881218912255	1	0	tensor(3)	2.251120374837666
118470.53516591966	3000.0	1367.552955971558	0.0	0	0.0	1838.0881218912255	1	0	tensor(3)	2.251120374837666
119510.61577047703	3000.0	1327.4723514141838	0.0	0	0.0	1838.0881218912255	1	0	tensor(3)	2.251120374837666
120200.0	3000.0	1638.088121891209	0.0	0	227.23003427218646	1838.08812189124	1	0	tensor(3)	2.2511203748376656
121200.0	3000.0	1638.0881218912189	0.0	0	437.58267994140624	1838.08812189124	1	0	tensor(3)	2.2511203748376656
122200.0	3000.0	1638.0881218912093	0.0	0	27.68491595503292	1838.08812189124	1	0	tensor(3)	2.2511203748376656
123200.0	3000.0	1638.0881218912023	0.0	0	129.06253306817962	1838.0881218912255	1	0	tensor(3)	2.251120374837666
124200.0	3000.0	1638.0881218911975	0.0	0	132.5870461778104	1838.0881218912255	1	0	tensor(3)	2.251120374837666
125200.0	3000.0	1638.08812189119	0.0	0	296.0786275123828	1838.0881218912255	1	0	tensor(3)	2.251120374837666
126200.0	3000.0	1638.088121891185	0.0	0	204.61827220144914	1838.088121891211	1	0	tensor(3)	2.2511203748376674
127200.0	3000.0	1638.088121891196	0.0	0	77.63012288122263	1838.088121891211	1	0	tensor(3)	2.2511203748376674
128200.0	3000.0	1638.08812189119	0.0	0	289.3383056448656	1838.0881218912255	1	0	tensor(3)	2.251120374837666
129200.0	3000.0	1638.0881218911866	0.0	0	170.30552747256297	1838.0881218912255	1	0	tensor(3)	2.251120374837666
130200.0	3000.0	1638.088121891202	0.0	0	121.03537794969452	1838.0881218912255	1	0	tensor(3)	2.251120374837666
131236.4675882976	3000.0	1601.6205335936259	0.0	0	0.0	1838.0881218912255	1	0	tensor(3)	2.251120374837666
132200.0	3000.0	1638.0881218912214	0.0	0	262.6171948486881	1838.0881218912255	1	0	tensor(3)	2.251120374837666
133200.0	3000.0	1638.0881218912118	0.0	0	581.9088734590623	1838.0881218911964	1	0	tensor(3)	2.251120374837668
134200.0	6000.0	1638.0881218912184	0.0	0	167.0205363277928	1838.0881218911964	1	0	tensor(3)	2.251120374837668
135200.0	3000.0	1638.088121891223	0.0	0	329.4891272614477	1838.0881218912255	1	0	tensor(3)	1.5579731942777213
136200.0	3000.0	1638.0881218912048	0.0	0	139.7261223073292	1838.0881218911964	1	0	tensor(3)	2.2511203748376682
137297.19018029064	3000.0	1540.897941600588	0.0	0	0.0	1838.0881218911964	1	0	tensor(3)	2.2511203748376682
138200.0	3000.0	1638.0881218912357	0.0	0	374.2749554394395	1838.0881218912255	1	0	tensor(3)	2.251120374837666
139200.0	3000.0	1638.0881218912155	0.0	0	544.2037218132755	1838.0881218912255	1	0	tensor(3)	2.251120374837666
140200.0	3000.0	1638.0881218912643	0.0	0	439.83866507248604	1838.0881218912255	1	0	tensor(3)	2.251120374837666
142001.59152300828	6000.0	836.4965988829515	0.0	0	0.0	1838.0881218912255	1	0	tensor(3)	2.251120374837666
142656.04274337465	3000.0	1182.0453785165791	0.0	0	0.0	1838.0881218912255	1	0	tensor(3)	1.5579731942777213
143200.0	3000.0	1638.0881218912427	0.0	0	80.84220888573327	1838.0881218912255	1	0	tensor(3)	2.251120374837666
144374.3950869502	6000.0	1463.69303494104	0.0	0	0.0	1838.0881218912255	1	0	tensor(3)	2.251120374837666
145643.15651254432	3000.0	1194.931609346907	0.0	0	0.0	1838.0881218912255	1	0	tensor(3)	1.5579731942777213
146742.9006433576	3000.0	1095.1874785336408	0.0	0	0.0	1838.0881218912255	1	0	tensor(3)	2.251120374837666
147675.84691737435	3000.0	1162.2412045168803	0.0	0	0.0	1838.0881218912255	1	0	tensor(3)	2.251120374837666
148390.1064570642	3000.0	1447.9816648270503	0.0	0	0.0	1838.0881218912255	1	0	tensor(3)	2.251120374837666
149200.0	3000.0	1638.0881218912318	0.0	0	64.9290337630664	1838.0881218912546	1	0	tensor(3)	2.2511203748376647
150200.0	3000.0	1638.0881218912757	0.0	0	121.61546446281136	1838.0881218912546	1	0	tensor(3)	2.2511203748376647
151279.03065527568	3000.0	1559.0574666155762	0.0	0	0.0	1838.0881218912546	1	0	tensor(3)	2.2511203748376647
152523.56260775842	3000.0	1314.5255141328412	0.0	0	0.0	1838.0881218912255	1	0	tensor(3)	2.251120374837666
153767.59552057562	3000.0	1070.4926013156187	0.0	0	0.0	1838.0881218911672	1	0	tensor(3)	2.2511203748376687
155038.35112345102	3000.0	799.7369984402183	0.0	0	0.0	1838.0881218911381	1	0	tensor(3)	2.2511203748376714
156001.85175243614	2000.0	836.2363694551225	0.0	0	0.0	1838.0881218911381	1	0	tensor(3)	1.4401901586213421
156923.67720269278	2000.0	914.4109191984696	0.0	0	0.0	1838.0881218911381	1	0	tensor(3)	1.8456552667295067
158141.97734723397	3000.0	696.1107746572693	0.0	0	0.0	1838.088121891109	1	0	tensor(3)	1.845655266729509
158744.19010539932	2000.0	1093.8980164919058	0.0	0	0.0	1838.0881218911381	1	0	tensor(3)	1.4401901586213421
159480.84267607844	3000.0	1357.2454458127847	0.0	0	0.0	1838.0881218911381	1	0	tensor(3)	1.845655266729507
160782.89670345705	3000.0	1055.1914184341242	0.0	0	0.0	1838.088121891109	1	0	tensor(3)	2.2511203748376736
161516.1720825504	3000.0	1321.9160393407997	0.0	0	0.0	1838.0881218911381	1	0	tensor(3)	2.2511203748376714
162200.0	3000.0	1638.0881218911647	0.0	0	85.35126464258065	1838.0881218911381	1	0	tensor(3)	2.2511203748376714
163200.0	3000.0	1638.0881218911866	0.0	0	83.04369852191303	1838.0881218911381	1	0	tensor(3)	2.2511203748376714
164215.58718281015	3000.0	1622.5009390810155	0.0	0	0.0	1838.088121891109	1	0	tensor(3)	2.2511203748376736
165200.0	3000.0	1638.0881218911595	0.0	0	11.789732518838719	1838.0881218911381	1	0	tensor(3)	2.2511203748376714
166887.53484165843	3000.0	950.5532802327161	0.0	0	0.0	1838.088121891109	1	0	tensor(3)	2.2511203748376736
167967.66972561646	3000.0	870.4183962746843	0.0	0	0.0	1838.088121891109	1	0	tensor(3)	2.2511203748376736
168749.27056952217	3000.0	1088.8175523689592	0.0	0	0.0	1838.08812189108	1	0	tensor(3)	2.251120374837675
169313.71303187456	3000.0	1524.3750900165458	0.0	0	0.0	1838.0881218910508	1	0	tensor(3)	2.2511203748376767
170200.0	3000.0	1638.0881218911252	0.0	0	119.54243504375336	1838.08812189108	1	0	tensor(3)	2.251120374837675
171200.0	3000.0	1638.0881218911209	0.0	0	306.59649870489375	1838.08812189108	1	0	tensor(3)	2.251120374837675
172200.0	3000.0	1638.088121891112	0.0	0	149.62903811983415	1838.08812189108	1	0	tensor(3)	2.251120374837675
173259.16038511993	3000.0	1578.9277367711738	0.0	0	0.0	1838.08812189108	1	0	tensor(3)	2.251120374837675
174459.3921386766	3000.0	1378.6959832145064	0.0	0	0.0	1838.08812189108	1	0	tensor(3)	2.251120374837675
175416.0659977198	3000.0	1422.0221241713105	0.0	0	0.0	1838.08812189108	1	0	tensor(3)	2.251120374837675
176498.97273112703	3000.0	1339.1153907640892	0.0	0	0.0	1838.08812189108	1	0	tensor(3)	2.251120374837675
177200.0	3000.0	1638.0881218911122	0.0	0	127.1775704267493	1838.08812189108	1	0	tensor(3)	2.251120374837675
178200.0	3000.0	1638.088121891099	0.0	0	331.4470379969862	1838.08812189108	1	0	tensor(3)	2.251120374837675
179719.89528715768	3000.0	1118.192834733429	0.0	0	0.0	1838.0881218911381	1	0	tensor(3)	2.2511203748376727
180595.30525435176	3000.0	1242.7828675393314	0.0	0	0.0	1838.0881218911381	1	0	tensor(3)	2.2511203748376714
181470.1757466301	3000.0	1367.9123752609548	0.0	0	0.0	1838.0881218911381	1	0	tensor(3)	2.2511203748376714
182586.96030518567	3000.0	1251.1278167053783	0.0	0	0.0	1838.08812189108	1	0	tensor(3)	2.251120374837674
183859.86735470456	3000.0	978.2207671864603	0.0	0	0.0	1838.08812189108	1	0	tensor(3)	2.251120374837675
184901.84529957632	2000.0	936.242822314706	0.0	0	0.0	1838.088121891109	1	0	tensor(3)	1.4401901586213453
186036.43341996893	2000.0	801.6547019221321	0.0	0	0.0	1838.088121891109	1	0	tensor(3)	1.8456552667295087
186803.22224205942	2000.0	1034.8658798316624	0.0	0	0.0	1838.08812189108	1	0	tensor(3)	1.8456552667295103
187873.9162990486	2000.0	964.1718228424993	0.0	0	0.0	1838.088121891109	1	0	tensor(3)	1.8456552667295087
188836.59173531848	2000.0	1001.4963865726468	0.0	0	0.0	1838.0881218911381	1	0	tensor(3)	1.8456552667295067
189548.67471491778	2000.0	1289.4134069733684	0.0	0	0.0	1838.0881218911381	1	0	tensor(3)	1.8456552667295067
190750.54898735436	2000.0	1087.5391345367996	0.0	0	0.0	1838.0881218911381	1	0	tensor(3)	1.8456552667295067
191476.34318581526	2000.0	1361.744936075904	0.0	0	0.0	1838.0881218911381	1	0	tensor(3)	1.8456552667295067
192200.0	2000.0	1638.0881218911395	0.0	0	35.622396505990764	1838.0881218911381	1	0	tensor(3)	1.8456552667295067
193200.0	3000.0	1638.0881218911793	0.0	0	317.8276222105196	1838.0881218911381	1	0	tensor(3)	1.845655266729507
194397.7586457368	3000.0	1440.3294761544068	0.0	0	0.0	1838.0881218911381	1	0	tensor(3)	2.2511203748376714
195462.32877316469	3000.0	1375.759348726553	0.0	0	0.0	1838.0881218911672	1	0	tensor(3)	2.25112037483767
196200.0	3000.0	1638.0881218912791	0.0	0	110.05384535357007	1838.0881218911964	1	0	tensor(3)	2.2511203748376682
197521.6763638911	3000.0	1316.4117580001875	0.0	0	0.0	1838.0881218911964	1	0	tensor(3)	2.2511203748376682
198753.72267703858	3000.0	1084.365444852736	0.0	0	0.0	1838.0881218912255	1	0	tensor(3)	2.2511203748376674
199725.53220880544	3000.0	1112.5559130858733	0.0	0	0.0	1838.0881218912546	1	0	tensor(3)	2.2511203748376656
200405.03231627066	3000.0	1433.0558056206573	0.0	0	0.0	1838.0881218912546	1	0	tensor(3)	2.2511203748376647
201304.3424225028	3000.0	1533.7456993884816	0.0	0	0.0	1838.0881218912546	1	0	tensor(3)	2.2511203748376647
202200.0	3000.0	1638.0881218912918	0.0	0	168.27045751494006	1838.0881218912837	1	0	tensor(3)	2.251120374837663
203200.0	3000.0	1638.088121891293	0.0	0	243.08584035094827	1838.0881218912546	1	0	tensor(3)	2.2511203748376643
204200.0	3000.0	1638.0881218912834	0.0	0	9.336371211131336	1838.0881218912546	1	0	tensor(3)	2.2511203748376647
205200.0	3000.0	1638.0881218913155	0.0	0	306.76536459231284	1838.0881218912546	1	0	tensor(3)	2.2511203748376647
206200.0	3000.0	1638.0881218913162	0.0	0	60.83341200926225	1838.0881218912546	1	0	tensor(3)	2.2511203748376647
207200.0	3000.0	1638.0881218913328	0.0	0	34.70273134650779	1838.0881218912255	1	0	tensor(3)	2.251120374837666
208246.70783880257	3000.0	1591.3802830887523	0.0	0	0.0	1838.0881218911964	1	0	tensor(3)	2.2511203748376682
209420.9438945277	3000.0	1417.1442273636035	0.0	0	0.0	1838.0881218911964	1	0	tensor(3)	2.2511203748376682
210755.79816491855	3000.0	1082.2899569727579	0.0	0	0.0	1838.0881218911964	1	0	tensor(3)	2.2511203748376682
212297.74820235357	3000.0	540.3399195377713	0.0	0	0.0	1838.0881218911964	1	0	tensor(3)	2.2511203748376682
213017.64629351321	2000.0	820.4418283781126	0.0	0	0.0	1838.0881218911964	1	0	tensor(3)	1.4401901586213388
213951.14322762465	3000.0	886.944894266687	0.0	0	0.0	1838.0881218911672	1	0	tensor(3)	1.8456552667295048
214786.1671359472	3000.0	1051.9209859441198	0.0	0	0.0	1838.0881218911672	1	0	tensor(3)	2.25112037483767
215361.55136662693	3000.0	1476.5367552644136	0.0	0	0.0	1838.0881218911672	1	0	tensor(3)	2.25112037483767
216200.0	3000.0	1638.0881218913446	0.0	0	157.78328194186906	1838.0881218911964	1	0	tensor(3)	2.2511203748376682
217200.0	3000.0	1638.0881218913348	0.0	0	194.6064642497513	1838.0881218911672	1	0	tensor(3)	2.25112037483767
218200.0	3000.0	1638.0881218913225	0.0	0	298.8405535710626	1838.0881218911381	1	0	tensor(3)	2.2511203748376714
219220.222977123	3000.0	1617.865144768318	0.0	0	0.0	1838.088121891109	1	0	tensor(3)	2.2511203748376736
220200.0	3000.0	1638.0881218913075	0.0	0	105.76119111300795	1838.088121891109	1	0	tensor(3)	2.2511203748376736
221368.06195278713	3000.0	1470.0261691041658	0.0	0	0.0	1838.088121891109	1	0	tensor(3)	2.2511203748376736
222445.33510077358	3000.0	1392.7530211177477	0.0	0	0.0	1838.088121891109	1	0	tensor(3)	2.2511203748376736
223200.0	3000.0	1638.0881218913087	0.0	0	48.465734031575266	1838.088121891109	1	0	tensor(3)	2.2511203748376736
224420.84301697818	3000.0	1417.245104913125	0.0	0	0.0	1838.088121891109	1	0	tensor(3)	2.2511203748376736
225608.33891936045	3000.0	1229.74920253082	0.0	0	0.0	1838.0881218910508	1	0	tensor(3)	2.2511203748376754
226523.71470756645	3000.0	1314.3734143248203	0.0	0	0.0	1838.0881218910508	1	0	tensor(3)	2.2511203748376767
227380.3067060895	3000.0	1457.7814158017288	0.0	0	0.0	1838.0881218910508	1	0	tensor(3)	2.2511203748376767
228647.56526768632	3000.0	1190.5228542049113	0.0	0	0.0	1838.0881218910508	1	0	tensor(3)	2.2511203748376767
229576.2676575887	3000.0	1261.820464302561	0.0	0	0.0	1838.0881218910217	1	0	tensor(3)	2.251120374837679
230468.46122140545	3000.0	1369.6269004857952	0.0	0	0.0	1838.0881218910217	1	0	tensor(3)	2.251120374837679
231224.32703904598	3000.0	1613.7610828452734	0.0	0	0.0	1838.0881218910217	1	0	tensor(3)	2.251120374837679
232327.19634158272	3000.0	1510.8917803085546	0.0	0	0.0	1838.0881218910217	1	0	tensor(3)	2.251120374837679
233323.76758697687	3000.0	1514.3205349144223	0.0	0	0.0	1838.0881218910508	1	0	tensor(3)	2.2511203748376767
234200.0	3000.0	1638.0881218912755	0.0	0	156.06792949186638	1838.0881218910508	1	0	tensor(3)	2.2511203748376767
235250.59529207	3000.0	1587.4928298212876	0.0	0	0.0	1838.0881218910217	1	0	tensor(3)	2.251120374837679
236200.0	3000.0	1638.0881218912727	0.0	0	28.40359903019271	1838.0881218910217	1	0	tensor(3)	2.251120374837679
237200.0	3000.0	1638.0881218913016	0.0	0	165.33111190720228	1838.0881218910217	1	0	tensor(3)	2.251120374837679
238200.0	3000.0	1638.088121891271	0.0	0	308.7751643084921	1838.0881218909926	1	0	tensor(3)	2.2511203748376802
239200.0	3000.0	1638.0881218912714	0.0	0	166.5578477755771	1838.0881218909926	1	0	tensor(3)	2.2511203748376802
240200.0	3000.0	1638.0881218912582	0.0	0	3.476370482618222	1838.0881218909926	1	0	tensor(3)	2.2511203748376802
241200.0	3000.0	1638.088121891291	0.0	0	366.1817264378187	1838.0881218910217	1	0	tensor(3)	2.251120374837679
242200.0	3000.0	1638.0881218912916	0.0	0	434.8987109202135	1838.0881218910217	1	0	tensor(3)	2.251120374837679
243200.0	3000.0	1638.0881218912884	0.0	0	322.010079691594	1838.0881218910217	1	0	tensor(3)	2.251120374837679
244200.0	3000.0	1638.0881218912825	0.0	0	341.9251820759673	1838.0881218910217	1	0	tensor(3)	2.251120374837679
245200.0	3000.0	1638.0881218912584	0.0	0	285.466893476987	1838.0881218910217	1	0	tensor(3)	2.251120374837679
246322.15875038411	3000.0	1515.929371507139	0.0	0	0.0	1838.0881218910217	1	0	tensor(3)	2.251120374837679
247461.96614873008	3000.0	1376.1219731611602	0.0	0	0.0	1838.0881218910217	1	0	tensor(3)	2.251120374837679
248307.23035756988	3000.0	1530.8577643213343	0.0	0	0.0	1838.0881218909926	1	0	tensor(3)	2.2511203748376802
249200.0	3000.0	1638.0881218912043	0.0	0	76.77886237858911	1838.0881218910217	1	0	tensor(3)	2.251120374837679
250200.0	3000.0	1638.0881218912168	0.0	0	247.11837713682326	1838.0881218910217	1	0	tensor(3)	2.251120374837679
251200.0	3000.0	1638.088121891233	0.0	0	208.47387069195975	1838.0881218910217	1	0	tensor(3)	2.251120374837679
252200.0	3000.0	1638.0881218912466	0.0	0	398.16573856794275	1838.0881218910217	1	0	tensor(3)	2.251120374837679
253200.0	3000.0	1638.088121891221	0.0	0	361.1687059502292	1838.0881218909926	1	0	tensor(3)	2.2511203748376802
254200.0	3000.0	1638.088121891221	0.0	0	439.016253625683	1838.0881218909926	1	0	tensor(3)	2.2511203748376802
255200.0	3000.0	1638.0881218912184	0.0	0	210.08895208709873	1838.0881218909926	1	0	tensor(3)	2.2511203748376802
256200.0	3000.0	1638.0881218912368	0.0	0	296.8973219084146	1838.0881218909926	1	0	tensor(3)	2.2511203748376802
257200.0	3000.0	1638.088121891227	0.0	0	182.4740549476992	1838.0881218909926	1	0	tensor(3)	2.2511203748376802
258200.0	3000.0	1638.0881218912357	0.0	0	69.94534285692498	1838.0881218909926	1	0	tensor(3)	2.2511203748376802
259200.0	3000.0	1638.0881218912461	0.0	0	196.90780496838852	1838.0881218909926	1	0	tensor(3)	2.2511203748376802
260200.0	3000.0	1638.0881218912348	0.0	0	187.89428894018056	1838.0881218909926	1	0	tensor(3)	2.2511203748376802
261200.0	3000.0	1638.0881218912607	0.0	0	209.88500834838487	1838.0881218909926	1	0	tensor(3)	2.2511203748376802
262200.0	3000.0	1638.088121891269	0.0	0	68.11540619743755	1838.0881218909926	1	0	tensor(3)	2.2511203748376802
263200.0	3000.0	1638.0881218913105	0.0	0	349.6001376240747	1838.08812189108	1	0	tensor(3)	2.2511203748376776
264200.0	3000.0	1638.088121891347	0.0	0	389.13666888233274	1838.08812189108	1	0	tensor(3)	2.251120374837675
265200.0	3000.0	1638.0881218913662	0.0	0	295.2200747707975	1838.08812189108	1	0	tensor(3)	2.251120374837675
266200.0	3000.0	1638.088121891378	0.0	0	45.21162429021206	1838.08812189108	1	0	tensor(3)	2.251120374837675
267200.0	3000.0	1638.088121891423	0.0	0	192.39923739555525	1838.0881218911381	1	0	tensor(3)	2.2511203748376714
268248.3425242261	3000.0	1589.7455976653116	0.0	0	0.0	1838.0881218911381	1	0	tensor(3)	2.2511203748376714
269200.0	3000.0	1638.0881218914078	0.0	0	282.605808610504	1838.0881218911381	1	0	tensor(3)	2.2511203748376714
270200.0	3000.0	1638.088121891402	0.0	0	342.09908858290873	1838.08812189108	1	0	tensor(3)	2.2511203748376745
271200.0	3000.0	1638.08812189144	0.0	0	225.4666806924506	1838.0881218911381	1	0	tensor(3)	2.2511203748376722
272200.0	3000.0	1638.0881218914565	0.0	0	142.85855438187718	1838.0881218911381	1	0	tensor(3)	2.2511203748376714
273200.0	3000.0	1638.0881218914571	0.0	0	418.90901936515	1838.0881218911381	1	0	tensor(3)	2.2511203748376714
274200.0	3000.0	1638.0881218914496	0.0	0	145.1047461082344	1838.0881218911381	1	0	tensor(3)	2.2511203748376714
275200.0	3000.0	1638.0881218915185	0.0	0	43.20064207195537	1838.0881218911381	1	0	tensor(3)	2.2511203748376714
276200.0	3000.0	1638.0881218914933	0.0	0	290.1978370085708	1838.08812189108	1	0	tensor(3)	2.251120374837675
277200.0	3000.0	1638.0881218915129	0.0	0	416.56169931340264	1838.0881218911381	1	0	tensor(3)	2.2511203748376722
278374.9877077141	3000.0	1463.1004141774315	0.0	0	0.0	1838.08812189108	1	0	tensor(3)	2.251120374837675
279537.3279201967	3000.0	1300.7602016948672	0.0	0	0.0	1838.08812189108	1	0	tensor(3)	2.251120374837675
280200.0	3000.0	1638.0881218916372	0.0	0	40.19601307291305	1838.08812189108	1	0	tensor(3)	2.251120374837675
281200.0	3000.0	1638.0881218916732	0.0	0	146.21838701079832	1838.0881218911381	1	0	tensor(3)	2.2511203748376714
282200.0	3000.0	1638.0881218916616	0.0	0	571.1244272924378	1838.0881218911381	1	0	tensor(3)	2.2511203748376714
283200.0	3000.0	1638.0881218916973	0.0	0	426.55328113760334	1838.0881218911381	1	0	tensor(3)	2.2511203748376714
284731.82153750624	6000.0	1106.2665843854643	0.0	0	0.0	1838.0881218911381	1	0	tensor(3)	2.251120374837672
285789.27047878987	3000.0	1048.8176431018624	0.0	0	0.0	1838.0881218911381	1	0	tensor(3)	1.5579731942777266
286585.47324707726	3000.0	1252.6148748144865	0.0	0	0.0	1838.0881218911964	1	0	tensor(3)	2.251120374837671
287200.0	3000.0	1638.088121891738	0.0	0	57.129467221326195	1838.0881218911964	1	0	tensor(3)	2.2511203748376682
288200.0	3000.0	1638.0881218917532	0.0	0	360.26905063702725	1838.0881218912546	1	0	tensor(3)	2.2511203748376656
289617.22238385404	6000.0	1220.8657380377222	0.0	0	0.0	1838.0881218912546	1	0	tensor(3)	2.2511203748376643
290974.7175919126	3000.0	863.3705299791548	0.0	0	0.0	1838.0881218911964	1	0	tensor(3)	1.5579731942777226
291611.45687974954	3000.0	1226.6312421421574	0.0	0	0.0	1838.0881218911381	1	0	tensor(3)	2.2511203748376687
292299.8594067356	3000.0	1538.2287151561368	0.0	0	0.0	1838.0881218911381	1	0	tensor(3)	2.2511203748376714
293200.0	3000.0	1638.0881218916563	0.0	0	241.77542212972185	1838.0881218911381	1	0	tensor(3)	2.2511203748376714
294301.827836359	3000.0	1536.2602855326236	0.0	0	0.0	1838.0881218911381	1	0	tensor(3)	2.2511203748376714
295543.7800542257	3000.0	1294.3080676659354	0.0	0	0.0	1838.0881218911964	1	0	tensor(3)	2.2511203748376682
296514.2038499895	3000.0	1323.8842719021197	0.0	0	0.0	1838.0881218911964	1	0	tensor(3)	2.2511203748376682
297200.0	3000.0	1638.0881218916172	0.0	0	170.4297415332985	1838.0881218911964	1	0	tensor(3)	2.2511203748376682
298212.29167755385	3000.0	1625.7964443376954	0.0	0	0.0	1838.08812189108	1	0	tensor(3)	2.2511203748376745
299200.0	3000.0	1638.0881218915736	0.0	0	259.62861832475755	1838.08812189108	1	0	tensor(3)	2.251120374837675
300200.0	3000.0	1638.0881218915847	0.0	0	243.18312715680804	1838.08812189108	1	0	tensor(3)	2.251120374837675
301200.0	3000.0	1638.0881218916197	0.0	0	139.3143956179847	1838.0881218910217	1	0	tensor(3)	2.251120374837678
302446.76834215596	3000.0	1391.3197797356572	0.0	0	0.0	1838.0881218910217	1	0	tensor(3)	2.251120374837679
2.44	3.22	2.35	2.0	3.34	2.93	3.65	2.75	3.86	4.51	3.89	3.54	2.4	2.37	2.75	3.76	4.73	2.57	4.27	4.71	2.92	3.03	2.64	3.5	5.36	3.07	1.83	3.26	2.91	3.1	3.48	2.14	1.58	2.21	2.25	2.72	2.35	1.93	2.54	4.09	2.81	2.79	2.88	4.05	2.71	2.86	3.08	3.76	4.44	3.52	3.07	3.49	3.07	2.81	2.2	3.79	3.36	1.76	2.62	2.34	3.22	4.12	4.93	4.63	4.67	2.87	3.6	3.17	3.45	3.44	4.14	2.07	3.56	4.64	3.29	2.84	4.19	3.12	3.06	2.71	3.38	4.25	3.08	3.01	4.22	3.78	2.59	4.67	5.26	5.34	4.29	2.94	3.95	2.92	2.91	4.34	3.0	4.81	4.65	3.94	4.08	4.43	3.37	5.18	3.85	3.23	4.0	3.64	3.93	4.16	4.11	5.13	2.62	3.76	3.67	3.02	5.42	5.64	3.54	4.05	4.52	4.71	2.43	4.17	4.45	3.09	3.17	3.81	5.28	6.41	4.83	2.49	3.54	3.92	5.1	6.07	5.2	2.36	4.21	5.75	3.1	3.16	2.88	3.68	5.07	3.42	4.26	3.39	2.46	2.65	2.44	3.22	2.35	2.0	3.34	2.93	3.65	2.75	3.86	4.51	3.89	3.54	2.4	2.37	2.75	3.76	4.73	2.57	4.27	4.71	2.92	3.03	2.64	3.5	5.36	3.07	1.83	3.26	2.91	3.1	3.48	2.14	1.58	2.21	2.25	2.72	2.35	1.93	2.54	4.09	2.81	2.79	2.88	4.05	2.71	2.86	3.08	3.76	4.44	3.52	3.07	3.49	3.07	2.81	2.2	3.79	3.36	1.76	2.62	2.34	3.22	4.12	4.93	4.63	4.67	2.87	3.6	3.17	3.45	3.44	4.14	2.07	3.56	4.64	3.29	2.84	4.19	3.12	3.06	2.71	3.38	4.25	3.08	3.01	4.22	3.78	2.59	4.67	5.26	5.34	4.29	2.94	3.95	2.92	2.91	4.34	3.0	4.81	4.65	3.94	4.08	4.43	3.37	5.18	3.85	3.23	4.0	3.64	3.93	4.16	4.11	5.13	2.62	3.76	3.67	3.02	5.42	5.64	3.54	4.05	4.52	4.71	2.43	4.17	4.45	3.09	3.17	3.81	5.28	6.41	4.83	2.49	3.54	3.92	5.1	6.07	5.2	2.36	4.21	5.75	3.1	3.16	2.88	3.68	5.07	3.42	4.26	3.39	2.46	2.65	2.44	3.22	2.35
1.0	2.0	3.0	4.0	5.0	6.0	7.0	8.0	9.0	10.0	11.0	12.0	13.0	14.0	15.0	16.0	17.0	18.0	19.0	20.0	21.0	22.0	23.0	24.0	25.0	26.0	27.0	28.0	29.0	30.0	31.0	32.0	33.0	34.0	35.0	36.0	37.0	38.0	39.0	40.0	41.0	42.0	43.0	44.0	45.0	46.0	47.0	48.0	49.0	50.0	51.0	52.0	53.0	54.0	55.0	56.0	57.0	58.0	59.0	60.0	61.0	62.0	63.0	64.0	65.0	66.0	67.0	68.0	69.0	70.0	71.0	72.0	73.0	74.0	75.0	76.0	77.0	78.0	79.0	80.0	81.0	82.0	83.0	84.0	85.0	86.0	87.0	88.0	89.0	90.0	91.0	92.0	93.0	94.0	95.0	96.0	97.0	98.0	99.0	100.0	101.0	102.0	103.0	104.0	105.0	106.0	107.0	108.0	109.0	110.0	111.0	112.0	113.0	114.0	115.0	116.0	117.0	118.0	119.0	120.0	121.0	122.0	123.0	124.0	125.0	126.0	127.0	128.0	129.0	130.0	131.0	132.0	133.0	134.0	135.0	136.0	137.0	138.0	139.0	140.0	141.0	142.0	143.0	144.0	145.0	146.0	147.0	148.0	149.0	149.0	150.0	151.0	152.0	153.0	154.0	155.0	156.0	157.0	158.0	159.0	160.0	161.0	162.0	163.0	164.0	165.0	166.0	167.0	168.0	169.0	170.0	171.0	172.0	173.0	174.0	175.0	176.0	177.0	178.0	179.0	180.0	181.0	182.0	183.0	184.0	185.0	186.0	187.0	188.0	189.0	190.0	191.0	192.0	193.0	194.0	195.0	196.0	197.0	198.0	199.0	200.0	201.0	202.0	203.0	204.0	205.0	206.0	207.0	208.0	209.0	210.0	211.0	212.0	213.0	214.0	215.0	216.0	217.0	218.0	219.0	220.0	221.0	222.0	223.0	224.0	225.0	226.0	227.0	228.0	229.0	230.0	231.0	232.0	233.0	234.0	235.0	236.0	237.0	238.0	239.0	240.0	241.0	242.0	243.0	244.0	245.0	246.0	247.0	248.0	249.0	250.0	251.0	252.0	253.0	254.0	255.0	256.0	257.0	258.0	259.0	260.0	261.0	262.0	263.0	264.0	265.0	266.0	267.0	268.0	269.0	270.0	271.0	272.0	273.0	274.0	275.0	276.0	277.0	278.0	279.0	280.0	281.0	282.0	283.0	284.0	285.0	286.0	287.0	288.0	289.0	290.0	291.0	292.0	293.0	294.0	295.0	296.0	297.0	298.0	298.0	299.0	300.0	301.0
3580.1635649571476
