3862.2561374170823	300.0	2000.0	145.51455745207272	0	0.0	3862.2561374170823	1	0	tensor(3)	-1.2747840823634826
4461.205385270835	1000.0	2401.0507521462478	0.0	0	0.0	3862.2561374170828	1	0	tensor(3)	-0.41203782474461365
5270.810476523332	3000.0	2591.4456608937503	0.0	0	0.0	3862.2561374170828	1	0	tensor(3)	0.7919349795813228
6204.3438562979	3000.0	2657.9122811191824	0.0	0	0.0	3862.256137417083	1	0	tensor(3)	1.8905472682494326
7654.683491672247	3000.0	2207.572645744836	0.0	0	0.0	3862.256137417084	1	0	tensor(3)	1.8905472682494322
8924.966954624244	3000.0	1937.2891827928383	0.0	0	0.0	3862.2561374170828	1	0	tensor(3)	1.8905472682494326
10664.084853368118	3000.0	1198.2043294247183	0.0	0	0.0	1862.289182792838	1	0	tensor(6)	-3.7503589900962266
12018.418975811748	2000.0	843.8702069810879	0.0	0	0.0	1862.289182792836	1	0	tensor(3)	1.4387107936874455
12606.668329169204	1000.0	1255.6208536236325	0.0	0	0.0	1862.289182792836	1	0	tensor(3)	0.4578815406757197
13272.924407541004	1000.0	1589.3647752518318	0.0	0	0.0	1862.289182792836	1	0	tensor(3)	1.151028721235665
14304.908647544242	2000.0	1557.380535248595	0.0	0	0.0	1862.289182792836	1	0	tensor(3)	1.1510287212356647
15200.0	2000.0	1662.289182792837	0.0	0	346.30990882534206	1862.289182792836	1	0	tensor(3)	1.84417590179561
16200.0	2000.0	1662.2891827928386	0.0	0	352.84202857552555	1862.289182792836	1	0	tensor(3)	1.84417590179561
17720.372638146317	3000.0	1141.916544646519	0.0	0	0.0	1862.2891827928343	1	0	tensor(3)	1.84417590179561
19388.97980249234	3000.0	473.3093803004939	0.0	0	0.0	1862.2891827928324	1	0	tensor(3)	2.249641009903775
20703.12780184988	2000.0	211.25736158753207	52.0959806445789	0	0.0	1914.3851634374114	1	0	tensor(3)	1.1229556695534235
21530.9660853613	1000.0	538.1575574403394	154.7384793642208	0	0.0	2069.123642801631	1	0	tensor(3)	-0.4847094863506959
22628.022812440675	1000.0	441.10083036096205	0.0	0	0.0	2069.123642801631	1	0	tensor(3)	1.136868570394574
23684.44597664731	1000.0	433.4113414771656	48.733675322838735	0	0.0	2117.8573181244683	1	0	tensor(3)	0.8406989849588606
24061.976584644584	500.0	1055.8807334798857	0.0	0	0.0	2117.8573181244683	1	0	tensor(3)	-0.2531933242239977
24726.163200211337	1000.0	1391.6941179131313	0.0	0	0.0	2117.8573181244683	1	0	tensor(3)	0.4399538563359476
25290.891233889946	1000.0	1826.9660842345236	0.0	0	0.0	2117.8573181244683	1	0	tensor(3)	1.133101036895893
26243.36601435375	2000.0	1874.4913037707204	0.0	0	0.0	2117.8573181244683	1	0	tensor(3)	1.133101036895893
27200.0	2000.0	1917.8573181244692	0.0	0	293.2979623625288	2117.8573181244683	1	0	tensor(3)	1.826248217455838
28588.376166828257	2000.0	1529.4811512962149	0.0	0	0.0	2117.8573181244683	1	0	tensor(3)	1.826248217455838
29326.71402405238	2000.0	1791.1432940720929	0.0	0	0.0	2117.8573181244683	1	0	tensor(3)	1.826248217455838
30372.843138707456	2000.0	1745.0141794170167	0.0	0	0.0	2117.8573181244683	1	0	tensor(3)	1.826248217455838
31576.94486268971	2000.0	1540.9124554347634	0.0	0	0.0	2117.8573181244683	1	0	tensor(3)	1.826248217455838
33294.925423467874	2000.0	822.9318946566075	0.0	0	0.0	2117.857318124472	1	0	tensor(3)	1.826248217455838
33844.37123420301	1000.0	1273.4860839214573	0.0	0	0.0	2117.8573181244574	1	0	tensor(3)	0.4399538563359483
34822.56446368665	2000.0	1295.2928544378192	0.0	0	0.0	2117.8573181244574	1	0	tensor(3)	1.1331010368958938
35549.1075813201	2000.0	1568.7497368043644	0.0	0	0.0	2117.8573181244574	1	0	tensor(3)	1.826248217455839
36403.18660263083	3000.0	1714.6707154936362	0.0	0	0.0	2117.8573181244574	1	0	tensor(3)	1.8262482174558392
37366.31767509225	3000.0	1751.539643032213	0.0	0	0.0	2117.8573181244574	1	0	tensor(3)	2.231713325564004
38685.16879491734	2000.0	1432.6885232071236	0.0	0	0.0	2117.8573181244574	1	0	tensor(3)	1.4207831093476744
39997.32601750966	2000.0	1120.5313006148103	0.0	0	0.0	2117.8573181244647	1	0	tensor(3)	1.8262482174558383
41075.52124754228	2000.0	1042.3360705821888	0.0	0	0.0	2117.8573181244574	1	0	tensor(3)	1.826248217455839
41774.37692187782	2000.0	1343.4803962466572	0.0	0	0.0	2117.8573181244647	1	0	tensor(3)	1.8262482174558383
43473.61209381221	2000.0	644.2452243122657	0.0	0	0.0	2117.8573181244647	1	0	tensor(3)	1.8262482174558383
44240.91404054488	1000.0	876.9432775795954	0.0	0	0.0	2117.8573181244647	1	0	tensor(3)	0.4399538563359481
44859.21892205745	1000.0	1258.6383960670164	0.0	0	0.0	2117.8573181244574	1	0	tensor(3)	1.133101036895894
46117.47612308855	2000.0	1000.3811950359116	0.0	0	0.0	2117.8573181244574	1	0	tensor(3)	1.1331010368958938
46893.39486516278	1000.0	1224.4624529616801	0.0	0	0.0	2117.8573181244574	1	0	tensor(3)	0.43995385633594875
48095.08664168647	2000.0	1022.7706764379973	0.0	0	0.0	2117.8573181244574	1	0	tensor(3)	1.1331010368958938
48990.53031398404	2000.0	1127.3270041404244	0.0	0	0.0	2117.8573181244574	1	0	tensor(3)	1.826248217455839
49769.826331339995	2000.0	1348.0309867844696	0.0	0	0.0	2117.8573181244574	1	0	tensor(3)	1.826248217455839
50400.13252041318	2000.0	1717.724797711288	0.0	0	0.0	2117.8573181244574	1	0	tensor(3)	1.826248217455839
51308.767670846726	3000.0	1809.0896472777465	0.0	0	0.0	2117.8573181244574	1	0	tensor(3)	1.8262482174558392
53165.205587450306	3000.0	952.6517306741678	0.0	0	0.0	2117.8573181244647	1	0	tensor(3)	2.2317133255640034
54210.107656082895	2000.0	907.7496620415817	0.0	0	0.0	2117.8573181244647	1	0	tensor(3)	1.4207831093476737
55260.95546712737	2000.0	856.9018509971042	0.0	0	0.0	2117.8573181244574	1	0	tensor(3)	1.826248217455839
56342.75429705509	2000.0	775.1030210693799	0.0	0	0.0	2117.8573181244574	1	0	tensor(3)	1.826248217455839
56836.69139838054	1000.0	1281.1659197439326	0.0	0	0.0	2117.8573181244574	1	0	tensor(3)	0.43995385633594875
57926.052048378166	2000.0	1191.8052697463133	0.0	0	0.0	2117.8573181244574	1	0	tensor(3)	1.1331010368958938
58416.28972359357	2000.0	1701.567594530915	0.0	0	0.0	2117.8573181244574	1	0	tensor(3)	1.826248217455839
59990.103751573864	3000.0	1127.7535665506236	0.0	0	0.0	2117.8573181244574	1	0	tensor(3)	1.8262482174558392
60828.7969454774	2000.0	1289.0603726470804	0.0	0	0.0	2117.8573181244574	1	0	tensor(3)	1.4207831093476744
61682.90328816967	2000.0	1434.9540299548146	0.0	0	0.0	2117.8573181244574	1	0	tensor(3)	1.826248217455839
62682.059608403375	2000.0	1435.7977097211115	0.0	0	0.0	2117.85731812445	1	0	tensor(3)	1.8262482174558394
63247.266322459196	1000.0	1870.5909956652854	0.0	0	0.0	2117.85731812445	1	0	tensor(3)	0.4399538563359493
64233.623534721046	2000.0	1884.2337834034379	0.0	0	0.0	2117.85731812445	1	0	tensor(3)	1.1331010368958943
65200.0	2000.0	1917.8573181244824	0.0	0	146.7208308367699	2117.8573181244574	1	0	tensor(3)	1.826248217455839
66200.0	2000.0	1917.8573181244758	0.0	0	31.03730299990275	2117.85731812445	1	0	tensor(3)	1.8262482174558394
67426.73481402847	3000.0	1691.1225040960076	0.0	0	0.0	2117.8573181244574	1	0	tensor(3)	1.8262482174558388
68351.99684104334	3000.0	1765.8604770811573	0.0	0	0.0	2117.8573181244574	1	0	tensor(3)	2.231713325564004
69379.07582152277	3000.0	1738.7814966017197	0.0	0	0.0	2117.8573181244574	1	0	tensor(3)	2.231713325564004
70818.9988538245	3000.0	1298.858464300001	0.0	0	0.0	2117.857318124472	1	0	tensor(3)	2.2317133255640025
71941.52657730089	3000.0	1176.330740823607	0.0	0	0.0	2117.857318124472	1	0	tensor(3)	2.2317133255640025
72586.54041749398	2000.0	1531.316900630526	0.0	0	0.0	2117.857318124472	1	0	tensor(3)	1.4207831093476733
73926.24948519579	3000.0	1191.607832928709	0.0	0	0.0	2117.857318124472	1	0	tensor(3)	1.8262482174558379
75633.51150564208	2000.0	484.34581248241784	0.0	0	0.0	2117.857318124472	1	0	tensor(3)	1.4207831093476733
77173.4249315758	2000.0	330.3959518864375	385.9635653377701	0	0.0	2503.8208834622346	1	0	tensor(3)	-0.5256448480708173
78222.00680845127	2000.0	537.9079388439217	256.09386383295185	0	0.0	2759.9147472952027	1	0	tensor(3)	0.21970809960730864
78739.8115263653	2000.0	1020.1032209298944	0.0	0	0.0	2759.9147472952027	1	0	tensor(3)	1.7562712826050197
79708.71349260975	2000.0	1051.2012546854553	0.0	0	0.0	2759.9147472952027	1	0	tensor(3)	1.7562712826050197
80531.10673832153	2000.0	1228.8080089736811	0.0	0	0.0	2759.9147472952027	1	0	tensor(3)	1.7562712826050197
81535.9038159142	2000.0	1224.0109313810167	0.0	0	0.0	2759.9147472952027	1	0	tensor(3)	1.7562712826050197
82753.81868436701	2000.0	1006.0960629282105	0.0	0	0.0	2759.9147472952027	1	0	tensor(3)	1.7562712826050197
83237.83505429926	1000.0	1522.079692995967	0.0	0	0.0	2759.9147472952027	1	0	tensor(3)	0.36997692148512945
83936.76551265977	2000.0	1823.149234635463	0.0	0	0.0	2759.9147472952172	1	0	tensor(3)	1.0631241020450726
84988.66417021392	2000.0	1771.2505770812993	0.0	0	0.0	2759.9147472952172	1	0	tensor(3)	1.7562712826050177
85986.3805371524	2000.0	1773.534210142819	0.0	0	0.0	2759.9147472952172	1	0	tensor(3)	1.7562712826050177
86814.42996058204	2000.0	1945.4847867131944	0.0	0	0.0	2759.914747295232	1	0	tensor(3)	1.7562712826050155
87592.8091256722	2000.0	2167.105621623037	0.0	0	0.0	2759.914747295232	1	0	tensor(3)	1.7562712826050155
89189.51401153042	3000.0	1570.4007357648147	0.0	0	0.0	2759.914747295232	1	0	tensor(3)	1.7562712826050157
90250.53098420196	2000.0	1509.3837630932835	0.0	0	0.0	2759.914747295232	1	0	tensor(3)	1.350806174496851
91125.89651561315	2000.0	1634.0182316820997	0.0	0	0.0	2759.914747295232	1	0	tensor(3)	1.7562712826050155
92009.09224739809	2000.0	1750.8224998971632	0.0	0	0.0	2759.9147472952463	1	0	tensor(3)	1.7562712826050133
93169.67646259248	3000.0	1590.238284702793	0.0	0	0.0	2759.9147472952463	1	0	tensor(3)	1.7562712826050135
94469.12137990783	3000.0	1290.793367387446	0.0	0	0.0	2759.9147472952463	1	0	tensor(3)	2.161736390713178
95466.86705857296	2000.0	1293.0476887223128	0.0	0	0.0	2759.914747295261	1	0	tensor(3)	1.3508061744968467
96796.04713809639	3000.0	963.8676091988771	0.0	0	0.0	2759.914747295261	1	0	tensor(3)	1.7562712826050115
97840.74914897826	2000.0	919.1655983170166	0.0	0	0.0	2759.914747295261	1	0	tensor(3)	1.3508061744968467
98707.03647969525	2000.0	1052.8782676000037	0.0	0	0.0	2759.914747295261	1	0	tensor(3)	1.7562712826050113
100547.65693997307	3000.0	216.8850767474115	4.627269425213626	0	0.0	2764.542016720472	1	0	tensor(3)	1.727969535565614
101303.97985914501	2000.0	635.5833636597055	175.0212060842245	0	0.0	2939.5632228047034	1	0	tensor(3)	0.2723420502371638
101926.09330934212	2000.0	1013.4699134625998	0.0	0	0.0	2939.5632228047034	1	0	tensor(3)	1.7279343948506756
102925.504349454	2000.0	1014.0588733507193	0.0	0	0.0	2939.5632228047034	1	0	tensor(3)	1.7279343948506756
103627.53778242279	2000.0	1312.0254403819322	0.0	0	0.0	2939.5632228047034	1	0	tensor(3)	1.7279343948506756
104864.60361423	2000.0	1074.959608574729	0.0	0	0.0	2939.5632228047034	1	0	tensor(3)	1.7279343948506756
105320.34888953787	2000.0	1619.2143332668638	0.0	0	0.0	2939.5632228047034	1	0	tensor(3)	1.7279343948506756
106130.73919178404	3000.0	1808.8240310206759	0.0	0	0.0	2939.5632228047034	1	0	tensor(3)	1.7279343948506758
107423.69942219542	3000.0	1515.8638006093004	0.0	0	0.0	2939.5632228047034	1	0	tensor(3)	2.1333995029588406
108801.42576342766	3000.0	1138.137459377063	0.0	0	0.0	2939.5632228047034	1	0	tensor(3)	2.1333995029588406
109935.0268434342	2000.0	1004.536379370534	0.0	0	0.0	2939.5632228047034	1	0	tensor(3)	1.322469286742511
110672.51004090377	2000.0	1267.0531819009448	0.0	0	0.0	2939.5632228047034	1	0	tensor(3)	1.7279343948506756
111609.59542106866	2000.0	1329.9678017360447	0.0	0	0.0	2939.5632228047034	1	0	tensor(3)	1.7279343948506756
112829.37766215141	2000.0	1110.1855606532795	0.0	0	0.0	2939.5632228047034	1	0	tensor(3)	1.7279343948506756
113961.34552487495	2000.0	978.2176979297328	0.0	0	0.0	2939.563222804689	1	0	tensor(3)	1.7279343948506782
115313.77222755748	2000.0	625.7909952472086	0.0	0	0.0	2939.5632228046743	1	0	tensor(3)	1.7279343948506807
116395.78672351285	1000.0	543.7764992918301	0.0	0	0.0	2939.5632228046743	1	0	tensor(3)	0.3416400337307902
117131.83651343276	1000.0	807.7267093719295	0.0	0	0.0	2939.563222804689	1	0	tensor(3)	1.0347872142907328
117926.83047308661	1000.0	1012.7327497180758	0.0	0	0.0	2939.563222804689	1	0	tensor(3)	1.0347872142907328
118884.8085030264	2000.0	1054.75471977825	0.0	0	0.0	2939.5632228046743	1	0	tensor(3)	1.0347872142907355
119515.65857477256	2000.0	1423.9046480320997	0.0	0	0.0	2939.5632228046743	1	0	tensor(3)	1.7279343948506807
120366.70376577874	2000.0	1572.8594570259193	0.0	0	0.0	2939.5632228046743	1	0	tensor(3)	1.7279343948506807
121374.94975917469	2000.0	1564.613463629966	0.0	0	0.0	2939.5632228046743	1	0	tensor(3)	1.7279343948506807
122486.87988923192	2000.0	1452.6833335727465	0.0	0	0.0	2939.5632228046743	1	0	tensor(3)	1.7279343948506807
123408.60131465064	2000.0	1530.9619081540277	0.0	0	0.0	2939.5632228046743	1	0	tensor(3)	1.7279343948506807
124354.36599512995	2000.0	1585.19722767471	0.0	0	0.0	2939.5632228046743	1	0	tensor(3)	1.7279343948506807
125069.90454011093	2000.0	1869.6586826937348	0.0	0	0.0	2939.5632228046743	1	0	tensor(3)	1.7279343948506807
126047.56257085057	3000.0	1892.0006519540996	0.0	0	0.0	2939.5632228046743	1	0	tensor(3)	1.727934394850681
126863.78586133351	2000.0	2075.7773614711577	0.0	0	0.0	2939.5632228046743	1	0	tensor(3)	1.322469286742516
128044.80314528375	2000.0	1894.7600775209062	0.0	0	0.0	2939.5632228046597	1	0	tensor(3)	1.7279343948506831
129093.10114339566	3000.0	1846.4620794089979	0.0	0	0.0	2939.5632228046743	1	0	tensor(3)	1.727934394850681
130612.97611980457	3000.0	1326.5871030000928	0.0	0	0.0	2939.5632228046743	1	0	tensor(3)	2.1333995029588455
132027.79331413473	2000.0	911.7699086699164	0.0	0	0.0	2939.5632228046743	1	0	tensor(3)	1.322469286742516
132979.6534055464	2000.0	959.9098172582386	0.0	0	0.0	2939.563222804689	1	0	tensor(3)	1.7279343948506813
133713.7890353534	2000.0	1225.7741874512435	0.0	0	0.0	2939.5632228046743	1	0	tensor(3)	1.7279343948506807
134638.8696466969	2000.0	1300.6935761077573	0.0	0	0.0	2939.5632228046597	1	0	tensor(3)	1.7279343948506831
135295.59172888094	2000.0	1643.971493923685	0.0	0	0.0	2939.5632228046306	1	0	tensor(3)	1.727934394850688
136745.64521513166	3000.0	1193.9180076730006	0.0	0	0.0	2939.5632228046597	1	0	tensor(3)	1.7279343948506833
137638.50814560507	2000.0	1301.0550771996218	0.0	0	0.0	2939.5632228046597	1	0	tensor(3)	1.3224692867425185
138398.0178455004	2000.0	1541.5453773042632	0.0	0	0.0	2939.5632228046306	1	0	tensor(3)	1.727934394850688
139535.4513769078	3000.0	1404.1118458968308	0.0	0	0.0	2939.5632228046306	1	0	tensor(3)	1.7279343948506882
140671.86672447037	2000.0	1267.6964983342336	0.0	0	0.0	2939.5632228046306	1	0	tensor(3)	1.3224692867425234
142486.73701297623	2000.0	452.82620982836175	0.0	0	0.0	2939.5632228046306	1	0	tensor(3)	1.727934394850688
143085.75628053216	1000.0	853.8069422724254	0.0	0	0.0	2939.5632228046306	1	0	tensor(3)	0.34164003373079777
144000.3486856941	1000.0	939.2145371105033	0.0	0	0.0	2939.5632228046306	1	0	tensor(3)	1.0347872142907428
144619.5993530803	1000.0	1319.9638697243015	0.0	0	0.0	2939.5632228046306	1	0	tensor(3)	1.0347872142907428
145709.54050265328	1000.0	1230.0227201513537	0.0	0	0.0	2939.5632228046597	1	0	tensor(3)	1.034787214290738
146189.82606068952	1000.0	1749.737162115134	0.0	0	0.0	2939.563222804689	1	0	tensor(3)	1.0347872142907328
147016.59332629174	2000.0	1922.969896512924	0.0	0	0.0	2939.563222804689	1	0	tensor(3)	1.0347872142907328
147590.32870151568	2000.0	2349.2345212889722	0.0	0	0.0	2939.563222804689	1	0	tensor(3)	1.7279343948506782
148718.21068344105	3000.0	2221.352539363608	0.0	0	0.0	2939.563222804689	1	0	tensor(3)	1.7279343948506782
150173.77706385907	3000.0	1765.7861589455704	0.0	0	0.0	2939.563222804718	1	0	tensor(3)	2.133399502958838
151620.56174014133	3000.0	1319.0014826632773	0.0	0	0.0	2939.563222804718	1	0	tensor(3)	2.133399502958838
152570.31500161978	2000.0	1369.2482211848267	0.0	0	0.0	2939.563222804718	1	0	tensor(3)	1.3224692867425085
153769.2318891217	2000.0	1170.331333682902	0.0	0	0.0	2939.563222804718	1	0	tensor(3)	1.7279343948506731
154445.41321764168	2000.0	1494.1500051629205	0.0	0	0.0	2939.563222804718	1	0	tensor(3)	1.7279343948506731
155454.3459029289	3000.0	1485.217319875637	0.0	0	0.0	2939.563222804718	1	0	tensor(3)	1.7279343948506733
156999.3163763451	3000.0	940.2468464594366	0.0	0	0.0	2939.563222804718	1	0	tensor(3)	2.133399502958838
158119.82391573212	2000.0	819.7393070724294	0.0	0	0.0	2939.563222804718	1	0	tensor(3)	1.3224692867425085
159780.23630543426	2000.0	200.0	40.6730826297057	0	0.0	2980.2363054344314	1	0	tensor(3)	1.4798255876176456
160312.6485300977	1000.0	745.144848587468	77.55707325091086	0	0.0	3057.793378685339	1	0	tensor(3)	-0.14505089743927768
160882.57510368037	1000.0	1175.2182750047727	0.0	0	0.0	3057.793378685281	1	0	tensor(3)	1.0134387226261392
161482.77688301099	1000.0	1575.016495674131	0.0	0	0.0	3057.793378685252	1	0	tensor(3)	1.0134387226261494
161961.7568577161	1000.0	2096.036520969012	0.0	0	0.0	3057.793378685252	1	0	tensor(3)	1.013438722626147
162953.63949392957	2000.0	2104.1538847555144	0.0	0	0.0	3057.7933786851936	1	0	tensor(3)	1.013438722626157
163845.17231379353	2000.0	2212.6210648915476	0.0	0	0.0	3057.7933786851936	1	0	tensor(3)	1.7065859031861053
165369.88912654755	3000.0	1687.9042521374968	0.0	0	0.0	3057.7933786851936	1	0	tensor(3)	1.7065859031861057
166368.15956483083	2000.0	1689.6338138542278	0.0	0	0.0	3057.7933786851936	1	0	tensor(3)	1.3011207950779407
167837.6681768953	3000.0	1220.1252017897582	0.0	0	0.0	3057.7933786851936	1	0	tensor(3)	1.7065859031861057
169180.68966482303	2000.0	877.1037138620351	0.0	0	0.0	3057.7933786852227	1	0	tensor(3)	1.3011207950779353
170229.7365657393	1000.0	828.0568129458014	0.0	0	0.0	3057.793378685252	1	0	tensor(3)	0.32029154206620636
171002.90194308222	1000.0	1054.891435602883	0.0	0	0.0	3057.793378685252	1	0	tensor(3)	1.0134387226261494
172120.40853225708	1000.0	937.3848464280403	0.0	0	0.0	3057.793378685281	1	0	tensor(3)	1.0134387226261437
172550.08204450808	500.0	1507.7113341770398	0.0	0	0.0	3057.79337868531	1	0	tensor(3)	-0.3728556384937526
173369.570949435	1000.0	1688.222429250125	0.0	0	0.0	3057.79337868531	1	0	tensor(3)	0.3202915420661928
174069.08521054697	1000.0	1988.7081681381683	0.0	0	0.0	3057.793378685339	1	0	tensor(3)	1.0134387226261325
174922.81958889347	2000.0	2134.9737897916348	0.0	0	0.0	3057.793378685339	1	0	tensor(3)	1.0134387226261325
175472.57273580728	2000.0	2585.220642877804	0.0	0	0.0	3057.793378685339	1	0	tensor(3)	1.7065859031860777
177217.16911794693	3000.0	1840.6242607381437	0.0	0	0.0	3057.793378685339	1	0	tensor(3)	1.706585903186078
178194.4846349026	2000.0	1863.3087437824906	0.0	0	0.0	3057.793378685339	1	0	tensor(3)	1.3011207950779131
179451.86050141786	3000.0	1605.9328772671886	0.0	0	0.0	3057.793378685339	1	0	tensor(3)	1.706585903186078
180367.27779665703	2000.0	1690.5155820280115	0.0	0	0.0	3057.793378685339	1	0	tensor(3)	1.3011207950779131
181656.17593476022	2000.0	1401.617443924821	0.0	0	0.0	3057.793378685368	1	0	tensor(3)	1.7065859031860722
182581.8772999718	1000.0	1475.9160787132816	0.0	0	0.0	3057.793378685368	1	0	tensor(3)	0.32029154206618193
183164.1052167828	1000.0	1893.688161902247	0.0	0	0.0	3057.793378685368	1	0	tensor(3)	1.0134387226261272
184085.10496533356	2000.0	1972.6884133514918	0.0	0	0.0	3057.7933786853973	1	0	tensor(3)	1.0134387226261237
184682.28058515745	2000.0	2375.5127935275805	0.0	0	0.0	3057.7933786853973	1	0	tensor(3)	1.7065859031860666
185960.92754941835	3000.0	2096.865829266696	0.0	0	0.0	3057.7933786854264	1	0	tensor(3)	1.7065859031860613
187059.06073726353	3000.0	1998.7326414215247	0.0	0	0.0	3057.7933786854264	1	0	tensor(3)	2.112051011294226
188683.69019023038	3000.0	1374.1031884547256	0.0	0	0.0	3057.7933786854846	1	0	tensor(3)	2.112051011294216
189750.85020024367	2000.0	1306.9431784414414	0.0	0	0.0	3057.7933786855137	1	0	tensor(3)	1.3011207950778798
190722.47973774635	2000.0	1335.3136409387596	0.0	0	0.0	3057.7933786855137	1	0	tensor(3)	1.7065859031860444
191603.85919690676	2000.0	1453.9341817783238	0.0	0	0.0	3057.7933786855137	1	0	tensor(3)	1.7065859031860444
192437.06218560276	1000.0	1620.7311930823303	0.0	0	0.0	3057.793378685543	1	0	tensor(3)	0.3202915420661486
193118.1375152031	1000.0	1939.6558634819835	0.0	0	0.0	3057.7933786854846	1	0	tensor(3)	1.0134387226261037
194055.53004708263	1000.0	2002.2633316024626	0.0	0	0.0	3057.7933786854846	1	0	tensor(3)	1.013438722626105
195619.06770119723	2000.0	1438.7256774878567	0.0	0	0.0	3057.7933786855137	1	0	tensor(3)	1.0134387226261004
196242.89173997624	1000.0	1814.9016387088611	0.0	0	0.0	3057.7933786855137	1	0	tensor(3)	0.3202915420661542
197282.24477175524	2000.0	1775.548606929845	0.0	0	0.0	3057.7933786854846	1	0	tensor(3)	1.0134387226261048
198285.09592469974	2000.0	1772.6974539853627	0.0	0	0.0	3057.7933786855137	1	0	tensor(3)	1.7065859031860455
199237.42800436734	2000.0	1820.365374317773	0.0	0	0.0	3057.7933786855137	1	0	tensor(3)	1.7065859031860444
200305.978431803	3000.0	1751.8149468821064	0.0	0	0.0	3057.793378685543	1	0	tensor(3)	1.706585903186039
201437.24067533502	3000.0	1620.5527033500905	0.0	0	0.0	3057.793378685543	1	0	tensor(3)	2.112051011294204
202797.5127516676	2000.0	1260.2806270175245	0.0	0	0.0	3057.793378685543	1	0	tensor(3)	1.3011207950778743
203824.0869995102	2000.0	1233.706379174911	0.0	0	0.0	3057.793378685543	1	0	tensor(3)	1.7065859031860389
205032.09028200543	2000.0	1025.7030966796328	0.0	0	0.0	3057.7933786855137	1	0	tensor(3)	1.70658590318604
205607.48761743234	1000.0	1450.3057612526973	0.0	0	0.0	3057.7933786855137	1	0	tensor(3)	0.3202915420661542
206869.32760347967	2000.0	1188.4657752054159	0.0	0	0.0	3057.793378685543	1	0	tensor(3)	1.0134387226260937
207702.43937046308	2000.0	1355.3540082220015	0.0	0	0.0	3057.793378685543	1	0	tensor(3)	1.7065859031860389
208561.79229301595	2000.0	1496.001085669114	0.0	0	0.0	3057.793378685572	1	0	tensor(3)	1.7065859031860333
209489.56058053282	2000.0	1568.2327981522392	0.0	0	0.0	3057.793378685572	1	0	tensor(3)	1.7065859031860333
211789.37447156777	3000.0	268.41890711730707	0.0	0	0.0	3057.793378685601	1	0	tensor(3)	1.7065859031860302
212313.2173623536	1000.0	744.5760163314802	0.0	0	0.0	3057.793378685601	1	0	tensor(3)	-0.08517356604202708
212817.42793693565	1000.0	1240.365441749449	0.0	0	0.0	3057.793378685601	1	0	tensor(3)	1.0134387226260828
213741.61485967453	2000.0	1316.1785190105495	0.0	0	0.0	3057.793378685572	1	0	tensor(3)	1.0134387226260881
214625.80238302305	2000.0	1431.990995662014	0.0	0	0.0	3057.793378685572	1	0	tensor(3)	1.7065859031860333
215386.00306393148	2000.0	1671.790314753563	0.0	0	0.0	3057.793378685572	1	0	tensor(3)	1.7065859031860333
216681.4066241426	3000.0	1376.3867545424248	0.0	0	0.0	3057.793378685572	1	0	tensor(3)	1.7065859031860335
217780.56545232353	3000.0	1277.2279263614907	0.0	0	0.0	3057.793378685543	1	0	tensor(3)	2.112051011294204
218582.51019467786	2000.0	1475.2831840071833	0.0	0	0.0	3057.793378685572	1	0	tensor(3)	1.3011207950778687
219810.05373277256	3000.0	1247.7396459124343	0.0	0	0.0	3057.793378685572	1	0	tensor(3)	1.7065859031860335
221035.03008121264	3000.0	1022.7632974723545	0.0	0	0.0	3057.793378685572	1	0	tensor(3)	2.112051011294198
222182.12665195388	2000.0	875.66672673113	0.0	0	0.0	3057.793378685572	1	0	tensor(3)	1.3011207950778687
223182.388887696	2000.0	875.4044909890538	0.0	0	0.0	3057.793378685572	1	0	tensor(3)	1.7065859031860333
223830.90700490752	1000.0	1226.8863737775375	0.0	0	0.0	3057.793378685572	1	0	tensor(3)	0.3202915420661431
224380.4998648611	1000.0	1677.2935138239516	0.0	0	0.0	3057.793378685572	1	0	tensor(3)	1.0134387226260881
225888.96547571145	2000.0	1168.8279029736168	0.0	0	0.0	3057.793378685543	1	0	tensor(3)	1.0134387226260937
226417.8546897504	1000.0	1639.9386889346556	0.0	0	0.0	3057.793378685572	1	0	tensor(3)	0.3202915420661431
227302.99964799886	2000.0	1754.7937306862157	0.0	0	0.0	3057.793378685572	1	0	tensor(3)	1.0134387226260881
228769.40357545525	3000.0	1288.3898032298298	0.0	0	0.0	3057.793378685572	1	0	tensor(3)	1.7065859031860335
229696.73521064123	2000.0	1361.0581680438502	0.0	0	0.0	3057.793378685543	1	0	tensor(3)	1.3011207950778743
230566.80707345798	2000.0	1490.9863052271041	0.0	0	0.0	3057.793378685543	1	0	tensor(3)	1.7065859031860389
232172.9016302103	3000.0	884.8917484747662	0.0	0	0.0	3057.793378685543	1	0	tensor(3)	1.706585903186039
233098.9104449186	2000.0	958.8829337664367	0.0	0	0.0	3057.793378685543	1	0	tensor(3)	1.3011207950778743
234340.28739464356	2000.0	717.5059840414797	0.0	0	0.0	3057.793378685543	1	0	tensor(3)	1.7065859031860389
235230.43240158883	2000.0	827.3609770962041	0.0	0	0.0	3057.793378685601	1	0	tensor(3)	1.7065859031860289
236237.43684624037	2000.0	820.3565324446747	0.0	0	0.0	3057.79337868563	1	0	tensor(3)	1.7065859031860233
236855.04850021933	2000.0	1202.7448784657067	0.0	0	0.0	3057.79337868563	1	0	tensor(3)	1.7065859031860222
238309.77932611588	2000.0	748.0140525691527	0.0	0	0.0	3057.7933786856593	1	0	tensor(3)	1.7065859031860167
239389.19066351833	2000.0	668.6027151666949	0.0	0	0.0	3057.7933786856593	1	0	tensor(3)	1.7065859031860167
240436.2523634421	2000.0	621.5410152429215	0.0	0	0.0	3057.79337868563	1	0	tensor(3)	1.7065859031860222
241144.14975944342	2000.0	913.6436192415766	0.0	0	0.0	3057.79337868563	1	0	tensor(3)	1.7065859031860222
241859.73070790764	2000.0	1198.0626707773397	0.0	0	0.0	3057.793378685601	1	0	tensor(3)	1.7065859031860278
243159.06461251163	3000.0	898.7287661733596	0.0	0	0.0	3057.79337868563	1	0	tensor(3)	1.7065859031860258
244155.55194894134	2000.0	902.2414297436596	0.0	0	0.0	3057.79337868563	1	0	tensor(3)	1.3011207950778576
245085.16376633383	2000.0	972.6296123511925	0.0	0	0.0	3057.7933786856593	1	0	tensor(3)	1.7065859031860189
245970.4271814919	3000.0	1087.3661971931233	0.0	0	0.0	3057.7933786856593	1	0	tensor(3)	1.7065859031860169
247090.11669518877	2000.0	967.6766834962486	0.0	0	0.0	3057.7933786856884	1	0	tensor(3)	1.3011207950778487
248394.7464388235	3000.0	663.0469398615137	0.0	0	0.0	3057.7933786856593	1	0	tensor(3)	1.7065859031860169
249161.5322285383	1000.0	896.2611501467633	0.0	0	0.0	3057.7933786856593	1	0	tensor(3)	-0.08517356604203818
250131.39917034988	2000.0	926.3942083351926	0.0	0	0.0	3057.7933786856593	1	0	tensor(3)	1.0134387226260715
251118.8340597431	3000.0	938.9593189419994	0.0	0	0.0	3057.7933786856593	1	0	tensor(3)	1.7065859031860169
252266.64524696695	2000.0	791.1481317181472	0.0	0	0.0	3057.79337868563	1	0	tensor(3)	1.3011207950778576
253463.68530541012	2000.0	594.1080732749894	0.0	0	0.0	3057.79337868563	1	0	tensor(3)	1.7065859031860222
254273.74650686188	2000.0	784.0468718232562	0.0	0	0.0	3057.793378685601	1	0	tensor(3)	1.7065859031860278
254924.4485122222	3000.0	1133.3448664629077	0.0	0	0.0	3057.793378685601	1	0	tensor(3)	1.706585903186028
256191.9772568942	3000.0	865.8161217909201	0.0	0	0.0	3057.793378685601	1	0	tensor(3)	2.1120510112941924
258482.3917579118	3000.0	200.0	624.5983792267026	0	0.0	3682.3917579123226	1	0	tensor(3)	-1.7127653319124683
259121.499520848	1000.0	735.9555238544068	175.06328679061286	0	0.0	1857.455044702423	1	0	tensor(6)	-6.997665007571737
259928.28104734264	2000.0	929.1739973598214	0.0	0	0.0	1857.455044702423	1	0	tensor(3)	1.1513270018400505
260951.37786266848	2000.0	906.077182033999	0.0	0	0.0	1857.455044702423	1	0	tensor(3)	1.8444741823999957
261825.90938341295	2000.0	1031.54566128953	0.0	0	0.0	1857.455044702423	1	0	tensor(3)	1.8444741823999957
262561.4047303026	2000.0	1296.0503143998503	0.0	0	0.0	1857.4550447023357	1	0	tensor(3)	1.844474182399998
263551.245405682	2000.0	1306.2096390203872	0.0	0	0.0	1857.4550447023648	1	0	tensor(3)	1.8444741823999995
265420.33218966937	2000.0	437.1228550330356	0.0	0	0.0	1857.455044702394	1	0	tensor(3)	1.8444741823999977
265981.7121669277	1000.0	875.7428777746859	0.0	0	0.0	1857.4550447022775	1	0	tensor(3)	0.4581798212801131
266870.3768352021	1000.0	987.0782095003109	0.0	0	0.0	1857.4550447022775	1	0	tensor(3)	1.1513270018400596
267603.04373912315	2000.0	1254.4113055792832	0.0	0	0.0	1857.4550447022775	1	0	tensor(3)	1.1513270018400599
268337.4035271822	2000.0	1520.0515175202117	0.0	0	0.0	1857.4550447023357	1	0	tensor(3)	1.8444741824000013
269997.6999106759	3000.0	859.7551340265014	0.0	0	0.0	1857.455044702394	1	0	tensor(3)	1.8444741823999986
271299.61392981745	2000.0	557.8411148849395	0.0	0	0.0	1857.455044702394	1	0	tensor(3)	1.4390090742918331
272066.62674193206	2000.0	790.828302770235	0.0	0	0.0	1857.4550447023357	1	0	tensor(3)	1.8444741824000013
273113.7345069547	2000.0	743.7205377476564	0.0	0	0.0	1857.4550447022775	1	0	tensor(3)	1.8444741824000026
273970.6131431457	2000.0	886.8419015566607	0.0	0	0.0	1857.4550447022775	1	0	tensor(3)	1.8444741824000048
274811.97041265434	2000.0	1045.4846320480326	0.0	0	0.0	1857.4550447022775	1	0	tensor(3)	1.8444741824000048
275564.00658124173	2000.0	1293.4484634605806	0.0	0	0.0	1857.4550447022193	1	0	tensor(3)	1.8444741824000084
276625.71911096835	2000.0	1231.7359337339865	0.0	0	0.0	1857.4550447022193	1	0	tensor(3)	1.8444741824000084
277482.92170099175	2000.0	1374.5333437105546	0.0	0	0.0	1857.4550447022193	1	0	tensor(3)	1.8444741824000084
278288.03006077005	2000.0	1569.4249839323304	0.0	0	0.0	1857.4550447022193	1	0	tensor(3)	1.8444741824000084
279200.0	3000.0	1657.4550447023316	0.0	0	47.08897277741926	1857.455044702161	1	0	tensor(3)	1.844474182400012
280646.76563184254	2000.0	1210.6894128598415	0.0	0	0.0	1857.455044702161	1	0	tensor(3)	1.4390090742918475
281715.9672000787	2000.0	1141.4878446236814	0.0	0	0.0	1857.455044702161	1	0	tensor(3)	1.8444741824000122
282390.2934461592	2000.0	1467.1615985431326	0.0	0	0.0	1857.455044702161	1	0	tensor(3)	1.8444741824000122
283878.0932884051	3000.0	979.361756297235	0.0	0	0.0	1857.455044702103	1	0	tensor(3)	1.8444741824000157
284898.2193177437	2000.0	959.2357269586779	0.0	0	0.0	1857.455044702103	1	0	tensor(3)	1.4390090742918482
285731.6253791865	2000.0	1125.829665515835	0.0	0	0.0	1857.455044702103	1	0	tensor(3)	1.8444741824000155
286597.79754862835	2000.0	1259.6574960739565	0.0	0	0.0	1857.455044702161	1	0	tensor(3)	1.8444741824000122
287495.9907671021	2000.0	1361.4642776002918	0.0	0	0.0	1857.4550447022193	1	0	tensor(3)	1.8444741824000084
288863.6770190144	3000.0	993.7780256880604	0.0	0	0.0	1857.4550447022775	1	0	tensor(3)	1.844474182400005
290769.3797548078	2000.0	200.0	111.92471010536843	0	0.0	1969.3797548076254	1	0	tensor(3)	0.765028897596705
291341.9733833869	1000.0	727.3181287420866	99.91175732122193	0	0.0	2069.2915121287806	1	0	tensor(3)	-0.1557618313784848
293057.66360322514	2000.0	200.0	188.3720910960843	0	0.0	2257.663603224908	1	0	tensor(3)	-0.0013163241074875959
293598.61767321365	500.0	748.1960447689023	89.15011475739834	0	0.0	2346.8137179823243	1	0	tensor(3)	-1.5014955322557908
294420.8211851492	1000.0	925.9925328334208	0.0	0	0.0	2346.8137179823825	1	0	tensor(3)	0.4196995174084843
295173.57340768544	1000.0	1173.2403102971748	0.0	0	0.0	2346.8137179823243	1	0	tensor(3)	1.1128466979684355
295833.0852255089	2000.0	1513.728492473671	0.0	0	0.0	2346.8137179823243	1	0	tensor(3)	1.1128466979684353
296478.67284177395	2000.0	1868.1408762086537	0.0	0	0.0	2346.8137179823243	1	0	tensor(3)	1.8059938785283804
297200.0	2000.0	2146.8137179826176	0.0	0	68.8643323223223	2346.8137179823825	1	0	tensor(3)	1.805993878528375
299088.12399106764	3000.0	1258.6897269149497	0.0	0	0.0	2346.8137179823243	1	0	tensor(3)	1.8059938785283773
300006.414729214	2000.0	1340.3989887686278	0.0	0	0.0	2346.8137179823243	1	0	tensor(3)	1.4005287704202158
300728.7503464526	2000.0	1618.0633715300155	0.0	0	0.0	2346.8137179823825	1	0	tensor(3)	1.805993878528375
301784.9824841103	2000.0	1561.8312338722985	0.0	0	0.0	2346.8137179823243	1	0	tensor(3)	1.8059938785283804
302873.86145140347	2000.0	1472.952266579157	0.0	0	0.0	2346.8137179823243	1	0	tensor(3)	1.8059938785283804
303574.0592538913	2000.0	1772.754464091303	0.0	0	0.0	2346.813717982266	1	0	tensor(3)	1.8059938785283864
304543.2602708713	3000.0	1803.553447111307	0.0	0	0.0	2346.813717982266	1	0	tensor(3)	1.8059938785283864
2.2	3.22	3.46	1.89	1.86	1.67	1.66	1.48	1.6	2.12	2.99	2.72	2.37	2.75	1.81	1.71	1.02	0.97	1.27	1.07	1.66	1.96	2.92	1.38	2.18	2.34	1.93	1.95	1.29	1.46	2.12	3.05	2.8	2.18	2.05	1.54	1.63	2.28	1.67	1.33	1.36	1.97	1.45	1.86	2.03	2.0	3.56	3.22	1.6	1.51	2.42	2.14	1.67	1.99	3.13	2.0	2.32	1.86	1.41	1.61	2.17	2.54	3.09	2.71	2.5	2.87	2.72	2.84	2.44	1.77	1.23	1.91	1.33	2.27	3.0	1.82	2.39	2.55	0.88	2.47	1.78	2.24	2.04	2.88	1.45	1.7	2.47	2.81	3.12	2.92	1.9	2.5	2.97	2.02	3.13	1.34	2.35	3.22	1.98	2.25	1.95	3.93	3.04	2.81	1.24	1.54	2.35	2.18	2.09	2.43	1.99	1.11	1.46	1.51	2.55	3.04	1.19	1.75	2.4	2.24	2.18	2.73	1.96	2.11	2.54	2.85	2.22	1.25	2.0	3.07	2.2	2.54	2.27	2.29	3.19	2.13	1.37	1.39	1.75	1.39	1.32	1.02	2.39	2.86	2.49	1.77	2.27	2.42	2.07	2.27	2.2	3.22	3.46	1.89	1.86	1.67	1.66	1.48	1.6	2.12	2.99	2.72	2.37	2.75	1.81	1.71	1.02	0.97	1.27	1.07	1.66	1.96	2.92	1.38	2.18	2.34	1.93	1.95	1.29	1.46	2.12	3.05	2.8	2.18	2.05	1.54	1.63	2.28	1.67	1.33	1.36	1.97	1.45	1.86	2.03	2.0	3.56	3.22	1.6	1.51	2.42	2.14	1.67	1.99	3.13	2.0	2.32	1.86	1.41	1.61	2.17	2.54	3.09	2.71	2.5	2.87	2.72	2.84	2.44	1.77	1.23	1.91	1.33	2.27	3.0	1.82	2.39	2.55	0.88	2.47	1.78	2.24	2.04	2.88	1.45	1.7	2.47	2.81	3.12	2.92	1.9	2.5	2.97	2.02	3.13	1.34	2.35	3.22	1.98	2.25	1.95	3.93	3.04	2.81	1.24	1.54	2.35	2.18	2.09	2.43	1.99	1.11	1.46	1.51	2.55	3.04	1.19	1.75	2.4	2.24	2.18	2.73	1.96	2.11	2.54	2.85	2.22	1.25	2.0	3.07	2.2	2.54	2.27	2.29	3.19	2.13	1.37	1.39	1.75	1.39	1.32	1.02	2.39	2.86	2.49	1.77	2.27	2.42	2.07	2.27	2.2	3.22	3.46	1.89	1.86
1.0	2.0	3.0	4.0	5.0	6.0	7.0	8.0	9.0	10.0	11.0	12.0	13.0	14.0	15.0	16.0	17.0	18.0	19.0	20.0	21.0	22.0	23.0	24.0	25.0	26.0	27.0	28.0	29.0	30.0	31.0	32.0	33.0	34.0	35.0	36.0	37.0	38.0	39.0	40.0	41.0	42.0	43.0	44.0	45.0	46.0	47.0	48.0	49.0	50.0	51.0	52.0	53.0	54.0	55.0	56.0	57.0	58.0	59.0	60.0	61.0	62.0	63.0	64.0	65.0	66.0	67.0	68.0	69.0	70.0	71.0	72.0	73.0	74.0	75.0	76.0	77.0	78.0	79.0	80.0	81.0	82.0	83.0	84.0	85.0	86.0	87.0	88.0	89.0	90.0	91.0	92.0	93.0	94.0	95.0	96.0	97.0	98.0	99.0	100.0	101.0	102.0	103.0	104.0	105.0	106.0	107.0	108.0	109.0	110.0	111.0	112.0	113.0	114.0	115.0	116.0	117.0	118.0	119.0	120.0	121.0	122.0	123.0	124.0	125.0	126.0	127.0	128.0	129.0	130.0	131.0	132.0	133.0	134.0	135.0	136.0	137.0	138.0	139.0	140.0	141.0	142.0	143.0	144.0	145.0	146.0	147.0	148.0	149.0	149.0	150.0	151.0	152.0	153.0	154.0	155.0	156.0	157.0	158.0	159.0	160.0	161.0	162.0	163.0	164.0	165.0	166.0	167.0	168.0	169.0	170.0	171.0	172.0	173.0	174.0	175.0	176.0	177.0	178.0	179.0	180.0	181.0	182.0	183.0	184.0	185.0	186.0	187.0	188.0	189.0	190.0	191.0	192.0	193.0	194.0	195.0	196.0	197.0	198.0	199.0	200.0	201.0	202.0	203.0	204.0	205.0	206.0	207.0	208.0	209.0	210.0	211.0	212.0	213.0	214.0	215.0	216.0	217.0	218.0	219.0	220.0	221.0	222.0	223.0	224.0	225.0	226.0	227.0	228.0	229.0	230.0	231.0	232.0	233.0	234.0	235.0	236.0	237.0	238.0	239.0	240.0	241.0	242.0	243.0	244.0	245.0	246.0	247.0	248.0	249.0	250.0	251.0	252.0	253.0	254.0	255.0	256.0	257.0	258.0	259.0	260.0	261.0	262.0	263.0	264.0	265.0	266.0	267.0	268.0	269.0	270.0	271.0	272.0	273.0	274.0	275.0	276.0	277.0	278.0	279.0	280.0	281.0	282.0	283.0	284.0	285.0	286.0	287.0	288.0	289.0	290.0	291.0	292.0	293.0	294.0	295.0	296.0	297.0	298.0	298.0	299.0	300.0	301.0	302.0	303.0
3558.0205759885685
