5390.646102035222	300.0	2000.0	208.58711304155128	0	0.0	3390.6461020352217	1	0	tensor(6)	-7.503581090607914
6057.0258321890515	1000.0	2333.6202698461707	0.0	0	0.0	3390.646102035222	1	0	tensor(3)	-0.2642648681750679
6992.095065148944	1000.0	2398.5510368862792	0.0	0	0.0	3390.646102035223	1	0	tensor(3)	0.939707936150868
7589.606878570772	1000.0	2801.03922346445	0.0	0	0.0	3390.6461020352226	1	0	tensor(3)	0.939707936150868
8614.639519296097	2000.0	2776.0065827391263	0.0	0	0.0	3390.6461020352244	1	0	tensor(3)	0.9397079361508676
9778.309294939701	2000.0	2612.336807095523	0.0	0	0.0	3390.6461020352253	1	0	tensor(3)	1.6328551167108127
10584.762119674082	1000.0	2805.883982361141	0.0	0	0.0	3390.6461020352235	1	0	tensor(3)	0.24656075559092236
11811.141429724199	2000.0	2579.5046723110217	0.0	0	0.0	3390.6461020352217	1	0	tensor(3)	0.939707936150868
12808.305948121739	2000.0	2582.3401539134843	0.0	0	0.0	3390.6461020352235	1	0	tensor(3)	1.632855116710813
14158.44508364037	2000.0	2232.201018394852	0.0	0	0.0	3390.6461020352235	1	0	tensor(3)	1.632855116710813
14954.245421616732	2000.0	2436.40068041849	0.0	0	0.0	3390.6461020352235	1	0	tensor(3)	1.632855116710813
16529.190207683165	3000.0	1861.4558943520556	0.0	0	0.0	3390.6461020352217	1	0	tensor(3)	1.632855116710813
17512.17227073047	2000.0	1878.4738313047492	0.0	0	0.0	3390.6461020352217	1	0	tensor(3)	1.2273900086026486
18769.76656827921	2000.0	1620.8795337560118	0.0	0	0.0	3390.646102035229	1	0	tensor(3)	1.6328551167108123
20259.17097958654	2000.0	1131.4751224486806	0.0	0	0.0	3390.646102035229	1	0	tensor(3)	1.6328551167108116
20754.09925179092	1000.0	1636.5468502443016	0.0	0	0.0	3390.646102035229	1	0	tensor(3)	0.24656075559092128
21797.911017240036	2000.0	1592.735084795189	0.0	0	0.0	3390.6461020352253	1	0	tensor(3)	0.9397079361508672
22648.953427605797	2000.0	1741.692674429426	0.0	0	0.0	3390.6461020352253	1	0	tensor(3)	1.6328551167108123
23910.062478104504	2000.0	1480.583623930715	0.0	0	0.0	3390.6461020352253	1	0	tensor(3)	1.6328551167108123
24910.70207763156	2000.0	1479.9440244036614	0.0	0	0.0	3390.6461020352253	1	0	tensor(3)	1.6328551167108123
25840.647216187856	2000.0	1549.998885847362	0.0	0	0.0	3390.6461020352217	1	0	tensor(3)	1.6328551167108132
26624.044769668253	2000.0	1766.6013323669645	0.0	0	0.0	3390.6461020352253	1	0	tensor(3)	1.6328551167108123
27372.03654095781	2000.0	2018.609561077407	0.0	0	0.0	3390.6461020352253	1	0	tensor(3)	1.6328551167108123
29066.511725275024	3000.0	1324.1343767601948	0.0	0	0.0	3390.6461020352253	1	0	tensor(3)	1.6328551167108125
29622.116476212694	2000.0	1768.529625822525	0.0	0	0.0	3390.6461020352253	1	0	tensor(3)	1.2273900086026477
30772.515937502434	3000.0	1618.1301645327817	0.0	0	0.0	3390.6461020352253	1	0	tensor(3)	1.6328551167108125
32370.399993900945	3000.0	1020.2461081342694	0.0	0	0.0	3390.6461020352253	1	0	tensor(3)	2.0383202248189773
33653.629860242756	2000.0	737.0162417924623	0.0	0	0.0	1390.6461020352326	1	0	tensor(6)	-4.537894875864593
34342.71295050019	2000.0	1047.9331515350318	0.0	0	0.0	1390.6461020352363	1	0	tensor(3)	1.8675702322435708
35930.85729046837	3000.0	459.7888115668504	0.0	0	0.0	1390.646102035229	1	0	tensor(3)	1.867570232243571
37046.91275850471	2000.0	461.1533099911959	117.41996646069043	0	0.0	1508.066068495922	1	0	tensor(3)	0.7527258226687975
38070.77134036289	2000.0	480.0765447336461	42.781816600620175	0	0.0	1550.8478850965403	1	0	tensor(3)	1.6041058527891339
38916.3392593421	2000.0	634.5086257544363	0.0	0	0.0	1550.8478850965403	1	0	tensor(3)	1.860796752392855
40285.11083313231	2000.0	314.6534177961408	48.916365831916316	0	0.0	1599.764250928456	1	0	tensor(3)	1.5654370463159855
41021.42750712746	2000.0	592.022415508753	13.68567170776214	0	0.0	1613.449922636224	1	0	tensor(3)	1.7757338673575438
41962.621506128635	2000.0	650.8284165075768	0.0	0	0.0	1613.449922636224	1	0	tensor(3)	1.8578478976041164
42751.959044955955	2000.0	861.4908776802537	0.0	0	0.0	1613.449922636224	1	0	tensor(3)	1.8578478976041164
44027.95088520085	2000.0	585.4990374353574	0.0	0	0.0	1613.4499226362168	1	0	tensor(3)	1.8578478976041166
44770.53886165404	2000.0	842.9110609821748	0.0	0	0.0	1613.4499226362168	1	0	tensor(3)	1.8578478976041166
45973.30753306989	2000.0	640.142389566316	0.0	0	0.0	1613.4499226362168	1	0	tensor(3)	1.8578478976041166
47262.25290250696	2000.0	351.19702012925165	0.0	0	0.0	1613.4499226362168	1	0	tensor(3)	1.8578478976041166
48207.271673467316	2000.0	518.041491728063	111.86324255916617	0	0.0	1725.3131651953809	1	0	tensor(3)	1.1809294303261302
48900.73058628945	2000.0	824.5825789059257	0.0	0	0.0	1725.3131651953809	1	0	tensor(3)	1.8521088856811272
49993.570904892134	2000.0	731.7422603032386	0.0	0	0.0	1725.3131651953736	1	0	tensor(3)	1.8521088856811274
51055.8263624303	2000.0	669.4868027650728	0.0	0	0.0	1725.3131651953663	1	0	tensor(3)	1.8521088856811279
51944.96382834181	2000.0	780.3493368535709	0.0	0	0.0	1725.3131651953663	1	0	tensor(3)	1.8521088856811279
52661.11331011717	2000.0	1064.1998550782057	0.0	0	0.0	1725.3131651953663	1	0	tensor(3)	1.8521088856811279
53424.54267455428	2000.0	1300.770490641099	0.0	0	0.0	1725.3131651953736	1	0	tensor(3)	1.8521088856811274
54608.92438058762	2000.0	1116.388784607768	0.0	0	0.0	1725.3131651953809	1	0	tensor(3)	1.8521088856811272
56191.29847914278	2000.0	534.014686052599	0.0	0	0.0	1725.3131651953736	1	0	tensor(3)	1.8521088856811274
57556.75821199752	2000.0	283.6190310763835	115.06407787852197	0	0.0	1840.3772430738973	1	0	tensor(3)	1.1551323507318272
58064.312891813075	1000.0	795.1239342703136	19.059583009482196	0	0.0	1859.4368260833799	1	0	tensor(3)	0.3437002103626684
58738.485194160094	2000.0	1120.9516319232962	0.0	0	0.0	1859.4368260833799	1	0	tensor(3)	1.1512048889795068
59825.943273762416	3000.0	1033.493552320976	0.0	0	0.0	1859.4368260833799	1	0	tensor(3)	1.8443520695394522
61282.452714321545	3000.0	576.9841117618456	0.0	0	0.0	1859.4368260833871	1	0	tensor(3)	2.2498171776476164
62068.9211295997	2000.0	790.5156964836914	0.0	0	0.0	1859.4368260833871	1	0	tensor(3)	1.4388869614312867
63196.885010203136	2000.0	662.551815880261	0.0	0	0.0	1859.4368260833871	1	0	tensor(3)	1.8443520695394513
64066.0789232771	1000.0	793.3579028062913	0.0	0	0.0	1859.4368260833871	1	0	tensor(3)	0.45805770841956117
65185.24449132129	2000.0	674.1923347620924	0.0	0	0.0	1859.4368260833871	1	0	tensor(3)	1.1512048889795061
66201.4042880116	2000.0	658.0325380717688	0.0	0	0.0	1859.4368260833726	1	0	tensor(3)	1.8443520695394517
66861.4877160548	2000.0	997.9491100285616	0.0	0	0.0	1859.4368260833653	1	0	tensor(3)	1.8443520695394522
67859.39899299333	3000.0	1000.0378330900405	0.0	0	0.0	1859.436826083358	1	0	tensor(3)	1.8443520695394535
68634.51916239818	3000.0	1224.9176636852046	0.0	0	0.0	1859.436826083358	1	0	tensor(3)	2.249817177647618
69962.73807040225	3000.0	896.6987556811312	0.0	0	0.0	1859.4368260833435	1	0	tensor(3)	2.249817177647619
70863.32342502735	2000.0	996.1134010560204	0.0	0	0.0	1859.4368260833435	1	0	tensor(3)	1.4388869614312896
72424.00315232649	3000.0	435.4336737568713	0.0	0	0.0	1859.436826083329	1	0	tensor(3)	1.844352069539455
73164.87078203197	1000.0	694.5660440513825	0.0	0	0.0	1859.436826083329	1	0	tensor(3)	0.052592600311400284
74107.29130845524	1000.0	752.1455176281081	0.0	0	0.0	1859.436826083329	1	0	tensor(3)	1.15120488897951
74879.04999062538	2000.0	980.3868354579633	0.0	0	0.0	1859.436826083329	1	0	tensor(3)	1.15120488897951
76398.3482366803	2000.0	461.08858940306186	0.0	0	0.0	1859.436826083329	1	0	tensor(3)	1.8443520695394549
77022.6871917205	1000.0	836.7496343628502	0.0	0	0.0	1859.4368260833435	1	0	tensor(3)	0.45805770841956384
78250.45709552774	2000.0	608.9797305556071	0.0	0	0.0	1859.4368260833435	1	0	tensor(3)	1.151204888979509
79223.00903628387	2000.0	636.4277897994907	0.0	0	0.0	1859.436826083329	1	0	tensor(3)	1.8443520695394549
79748.2098420179	2000.0	1111.2269840654724	0.0	0	0.0	1859.436826083329	1	0	tensor(3)	1.8443520695394549
80846.80168681171	3000.0	1012.6351392716568	0.0	0	0.0	1859.4368260833144	1	0	tensor(3)	1.844352069539456
82713.94682981838	3000.0	200.0	54.5100037350182	0	0.0	1913.9468298183347	1	0	tensor(3)	1.92079526063949
83727.43086680493	2000.0	513.9568629340874	327.44089992064823	0	0.0	2241.387729739028	1	0	tensor(3)	-0.5542393171048892
84550.44518890388	2000.0	690.9425408351613	0.0	0	0.0	2241.387729739028	1	0	tensor(3)	1.8158711905271647
86277.50806921057	2000.0	200.0	236.12033947152779	0	0.0	2477.508069210555	1	0	tensor(3)	0.38706444482599434
87046.59258736241	1000.0	606.847887001108	175.93240515294065	0	0.0	2653.440474363495	1	0	tensor(3)	-0.6709103455252929
87840.16554000427	2000.0	813.2749343592453	0.0	0	0.0	2653.440474363495	1	0	tensor(3)	1.0778312659522962
88515.23301052379	2000.0	1138.2074638397125	0.0	0	0.0	2653.4404743634805	1	0	tensor(3)	1.7709784465122433
89498.96730053645	2000.0	1154.4731738270543	0.0	0	0.0	2653.440474363466	1	0	tensor(3)	1.7709784465122453
90775.22330269485	2000.0	878.2171716686437	0.0	0	0.0	2653.440474363466	1	0	tensor(3)	1.7709784465122453
91618.30311640042	2000.0	1035.1373579630783	0.0	0	0.0	2653.440474363466	1	0	tensor(3)	1.7709784465122453
92708.34397305953	2000.0	945.0965013039634	0.0	0	0.0	2653.440474363466	1	0	tensor(3)	1.7709784465122453
93539.47528942622	2000.0	1113.9651849372765	0.0	0	0.0	2653.440474363466	1	0	tensor(3)	1.7709784465122453
94556.32100755243	2000.0	1097.1194668110606	0.0	0	0.0	2653.440474363466	1	0	tensor(3)	1.7709784465122453
95598.41334360938	2000.0	1055.0271307541009	0.0	0	0.0	2653.440474363466	1	0	tensor(3)	1.7709784465122453
97171.9933650213	2000.0	481.4471093421647	0.0	0	0.0	2653.4404743634514	1	0	tensor(3)	1.7709784465122471
98323.20917495442	2000.0	466.3219785781588	136.0906791691234	0	0.0	2789.53115353256	1	0	tensor(3)	0.935371775892708
99222.72186497005	2000.0	566.8092885625289	0.0	0	0.0	2789.5311535325454	1	0	tensor(3)	1.7519158509074506
100144.49491107556	2000.0	645.0362424570287	0.0	0	0.0	2789.5311535325454	1	0	tensor(3)	1.7519158509074506
101487.63132382688	2000.0	301.8998297057028	0.0	0	0.0	2789.531153532531	1	0	tensor(3)	1.7519158509074526
102197.50755288519	1000.0	683.5242559698015	91.50065532239898	0	0.0	2881.0318088549393	1	0	tensor(3)	-0.19761414047040493
103054.00504400814	2000.0	827.0267648468403	0.0	0	0.0	2881.0318088549247	1	0	tensor(3)	1.0445369720239366
103960.647068401	2000.0	920.3847404539724	0.0	0	0.0	2881.0318088549247	1	0	tensor(3)	1.7376841525838818
105368.20712561668	2000.0	512.8246832382847	0.0	0	0.0	2881.0318088549247	1	0	tensor(3)	1.7376841525838818
105853.11239842039	1000.0	1027.9194104345875	0.0	0	0.0	2881.0318088549247	1	0	tensor(3)	0.3513897914639914
106726.12462698299	2000.0	1154.9071818719876	0.0	0	0.0	2881.0318088549247	1	0	tensor(3)	1.0445369720239366
107906.1715115865	2000.0	974.8602972684703	0.0	0	0.0	2881.0318088549247	1	0	tensor(3)	1.7376841525838818
108737.68443581497	2000.0	1143.3473730399996	0.0	0	0.0	2881.0318088549247	1	0	tensor(3)	1.7376841525838818
109769.5571878168	2000.0	1111.474621038178	0.0	0	0.0	2881.0318088549247	1	0	tensor(3)	1.7376841525838818
111458.12074391358	2000.0	422.9110649414007	0.0	0	0.0	2881.0318088549393	1	0	tensor(3)	1.7376841525838793
112163.47774278701	1000.0	717.5540660679687	0.0	0	0.0	2881.0318088549393	1	0	tensor(3)	0.351389791463989
112914.75249796399	1000.0	966.2793108909897	0.0	0	0.0	2881.0318088549393	1	0	tensor(3)	1.0445369720239341
113436.7039326217	1000.0	1444.3278762332757	0.0	0	0.0	2881.0318088549393	1	0	tensor(3)	1.0445369720239341
114629.01202253276	2000.0	1252.0197863222293	0.0	0	0.0	2881.0318088549247	1	0	tensor(3)	1.0445369720239366
116016.8796897484	2000.0	864.152119106586	0.0	0	0.0	2881.0318088549247	1	0	tensor(3)	1.7376841525838818
117209.40063421469	2000.0	671.631174640293	0.0	0	0.0	2881.0318088549247	1	0	tensor(3)	1.7376841525838818
118474.41906732589	2000.0	406.6127415290912	0.0	0	0.0	2881.0318088549393	1	0	tensor(3)	1.7376841525838793
119409.49943232929	2000.0	583.0400491341238	111.50767260843864	0	0.0	2992.53948146342	1	0	tensor(3)	1.0496045714917328
120250.68615062781	2000.0	741.8533308356222	0.0	0	0.0	2992.53948146342	1	0	tensor(3)	1.7186506071423646
121274.4914757465	2000.0	718.048005716925	0.0	0	0.0	2992.53948146342	1	0	tensor(3)	1.7186506071423646
122386.48964436683	2000.0	606.049837096583	0.0	0	0.0	2992.53948146342	1	0	tensor(3)	1.7186506071423646
123415.73702601799	2000.0	576.8024554454039	0.0	0	0.0	2992.5394814634055	1	0	tensor(3)	1.718650607142367
124086.79972287439	1000.0	905.7397585889973	0.0	0	0.0	2992.5394814634055	1	0	tensor(3)	0.3323562460224768
124861.33631262509	2000.0	1131.2031688382865	0.0	0	0.0	2992.539481463391	1	0	tensor(3)	1.0255034265824248
126001.61039317703	2000.0	990.9290882863411	0.0	0	0.0	2992.539481463391	1	0	tensor(3)	1.71865060714237
126651.63935529024	2000.0	1340.9001261731328	0.0	0	0.0	2992.539481463391	1	0	tensor(3)	1.71865060714237
127682.4421585151	3000.0	1310.0973229482875	0.0	0	0.0	2992.539481463391	1	0	tensor(3)	1.71865060714237
128413.23662726604	2000.0	1579.3028541973495	0.0	0	0.0	2992.539481463391	1	0	tensor(3)	1.3131854990342053
129151.53927613265	2000.0	1841.0002053307562	0.0	0	0.0	2992.539481463391	1	0	tensor(3)	1.71865060714237
130543.66523033344	3000.0	1448.874251129957	0.0	0	0.0	2992.5394814633764	1	0	tensor(3)	1.7186506071423726
131735.82174714166	2000.0	1256.7177343217447	0.0	0	0.0	2992.539481463362	1	0	tensor(3)	1.3131854990342107
132803.8037927714	2000.0	1188.7356886920113	0.0	0	0.0	2992.5394814633473	1	0	tensor(3)	1.7186506071423762
134193.2957562745	3000.0	799.2437251888784	0.0	0	0.0	2992.5394814633764	1	0	tensor(3)	1.7186506071423753
135203.86811212538	2000.0	788.6713693380242	0.0	0	0.0	2992.5394814634055	1	0	tensor(3)	1.3131854990342025
135919.06296998475	2000.0	1073.4765114786333	0.0	0	0.0	2992.5394814634055	1	0	tensor(3)	1.718650607142367
137310.46179165895	2000.0	682.07768980441	0.0	0	0.0	2992.5394814634055	1	0	tensor(3)	1.718650607142367
138038.97276803947	1000.0	953.566713423912	0.0	0	0.0	2992.5394814634346	1	0	tensor(3)	0.33235624602247155
138851.9836091631	2000.0	1140.555872300299	0.0	0	0.0	2992.5394814634346	1	0	tensor(3)	1.0255034265824166
139917.3294517047	2000.0	1075.2100297586912	0.0	0	0.0	2992.5394814634346	1	0	tensor(3)	1.718650607142362
140371.87854332072	1000.0	1620.660938142687	0.0	0	0.0	2992.5394814634346	1	0	tensor(3)	0.33235624602247155
141351.02605970114	2000.0	1641.5134217622494	0.0	0	0.0	2992.5394814634346	1	0	tensor(3)	1.0255034265824166
142185.72884096197	2000.0	1806.8106405014064	0.0	0	0.0	2992.5394814634346	1	0	tensor(3)	1.718650607142362
143306.7029477016	2000.0	1685.836533761795	0.0	0	0.0	2992.5394814634346	1	0	tensor(3)	1.718650607142362
144502.9849281248	2000.0	1489.5545533385941	0.0	0	0.0	2992.5394814634637	1	0	tensor(3)	1.7186506071423568
145445.5046595309	2000.0	1547.0348219325178	0.0	0	0.0	2992.539481463493	1	0	tensor(3)	1.7186506071423515
146426.12039036452	2000.0	1566.41909109889	0.0	0	0.0	2992.539481463493	1	0	tensor(3)	1.7186506071423515
147587.62637667306	2000.0	1404.9131047903334	0.0	0	0.0	2992.539481463493	1	0	tensor(3)	1.7186506071423515
149065.43792367887	2000.0	927.1015577844968	0.0	0	0.0	2992.539481463493	1	0	tensor(3)	1.7186506071423515
149793.94469890738	1000.0	1198.5947825559517	0.0	0	0.0	2992.5394814634637	1	0	tensor(3)	0.3323562460224665
150634.36796401424	1000.0	1358.1715174491087	0.0	0	0.0	2992.5394814634637	1	0	tensor(3)	1.0255034265824117
151624.45101135914	2000.0	1368.0884701041907	0.0	0	0.0	2992.5394814634637	1	0	tensor(3)	1.0255034265824117
152155.26672778054	1000.0	1837.2727536827651	0.0	0	0.0	2992.5394814634637	1	0	tensor(3)	0.3323562460224665
152845.86300907112	1000.0	2146.67647239218	0.0	0	0.0	2992.5394814634637	1	0	tensor(3)	1.0255034265824117
153587.71459284838	1000.0	2404.824888614921	0.0	0	0.0	2992.5394814634637	1	0	tensor(3)	1.0255034265824117
155449.15546264872	2000.0	1543.3840188146107	0.0	0	0.0	2992.5394814634637	1	0	tensor(3)	1.0255034265824117
156075.51717450417	1000.0	1917.022306959154	0.0	0	0.0	2992.5394814634637	1	0	tensor(3)	0.3323562460224665
157332.3293933222	2000.0	1660.2100881411454	0.0	0	0.0	2992.5394814634637	1	0	tensor(3)	1.0255034265824117
158871.28531558852	2000.0	1121.2541658748275	0.0	0	0.0	2992.539481463493	1	0	tensor(3)	1.7186506071423515
159647.36166621643	1000.0	1345.1778152469203	0.0	0	0.0	2992.5394814634637	1	0	tensor(3)	0.3323562460224665
160893.5273749158	2000.0	1099.0121065475314	0.0	0	0.0	2992.5394814634346	1	0	tensor(3)	1.0255034265824166
161676.0056425063	2000.0	1316.5338389570172	0.0	0	0.0	2992.5394814634346	1	0	tensor(3)	1.718650607142362
163026.47057382256	2000.0	966.0689076407739	0.0	0	0.0	2992.5394814634637	1	0	tensor(3)	1.7186506071423568
163754.33718446392	2000.0	1238.20229699939	0.0	0	0.0	2992.5394814634637	1	0	tensor(3)	1.7186506071423568
164545.6404963826	2000.0	1446.8989850806836	0.0	0	0.0	2992.5394814634346	1	0	tensor(3)	1.718650607142362
165832.30864796144	3000.0	1160.230833501868	0.0	0	0.0	2992.5394814634346	1	0	tensor(3)	1.718650607142362
166851.06879933982	2000.0	1141.4706821234686	0.0	0	0.0	2992.5394814634346	1	0	tensor(3)	1.3131854990341973
168392.8645120739	2000.0	599.6749693893747	0.0	0	0.0	2992.5394814634346	1	0	tensor(3)	1.718650607142362
169198.18648919914	1000.0	794.3529922641268	0.0	0	0.0	2992.5394814634637	1	0	tensor(3)	0.3323562460224665
169966.62112728404	1000.0	1025.918354179208	0.0	0	0.0	2992.5394814634637	1	0	tensor(3)	1.0255034265824117
170297.9134429318	1000.0	1694.6260385314486	0.0	0	0.0	2992.5394814634637	1	0	tensor(3)	1.0255034265824117
171471.34479757905	2000.0	1521.1946838841827	0.0	0	0.0	2992.5394814634637	1	0	tensor(3)	1.0255034265824117
172569.04191102987	2000.0	1423.4975704333453	0.0	0	0.0	2992.5394814634637	1	0	tensor(3)	1.7186506071423568
173584.81176899144	2000.0	1407.7277124717323	0.0	0	0.0	2992.539481463493	1	0	tensor(3)	1.7186506071423515
174787.0882067338	2000.0	1205.45127472938	0.0	0	0.0	2992.539481463522	1	0	tensor(3)	1.7186506071423464
175909.93088130996	2000.0	1082.6086001532308	0.0	0	0.0	2992.539481463551	1	0	tensor(3)	1.718650607142341
176893.70580413475	2000.0	1098.8336773284561	0.0	0	0.0	2992.53948146358	1	0	tensor(3)	1.7186506071423358
178065.7418818626	2000.0	926.797599600604	0.0	0	0.0	2992.53948146358	1	0	tensor(3)	1.71865060714234
179053.66026393368	2000.0	938.8792175295316	0.0	0	0.0	2992.53948146358	1	0	tensor(3)	1.7186506071423358
179922.3170224865	2000.0	1070.2224589767015	0.0	0	0.0	2992.539481463551	1	0	tensor(3)	1.718650607142341
181043.88896193798	2000.0	948.6505195252558	0.0	0	0.0	2992.539481463551	1	0	tensor(3)	1.718650607142341
181883.93875702866	2000.0	1108.6007244345892	0.0	0	0.0	2992.53948146358	1	0	tensor(3)	1.7186506071423358
182902.74580759415	2000.0	1089.7936738690682	0.0	0	0.0	2992.53948146358	1	0	tensor(3)	1.7186506071423358
183695.3022859413	2000.0	1297.2371955219123	0.0	0	0.0	2992.53948146358	1	0	tensor(3)	1.7186506071423358
185633.83487359312	3000.0	358.70460787007875	0.0	0	0.0	2992.539481463551	1	0	tensor(3)	1.718650607142341
186224.5506250988	1000.0	767.9888563644203	0.0	0	0.0	2992.539481463551	1	0	tensor(3)	-0.07310886208571388
187247.2232764459	2000.0	745.3162050173274	0.0	0	0.0	2992.539481463522	1	0	tensor(3)	1.025503426582401
187995.0538217579	2000.0	997.4856597053317	0.0	0	0.0	2992.539481463551	1	0	tensor(3)	1.7186506071423453
189197.47289600974	2000.0	795.0665854534942	0.0	0	0.0	2992.539481463522	1	0	tensor(3)	1.7186506071423433
190439.94299062912	2000.0	552.5964908341259	0.0	0	0.0	2992.539481463522	1	0	tensor(3)	1.7186506071423464
191547.48476025497	2000.0	483.06786557777184	38.01314436948127	0	0.0	3030.552625832992	1	0	tensor(3)	1.4836300858828282
192458.9438579596	2000.0	571.6087678731566	0.0	0	0.0	3030.552625833021	1	0	tensor(3)	1.7117089520997117
193375.4173477444	2000.0	655.1352780883348	0.0	0	0.0	3030.552625833021	1	0	tensor(3)	1.7117089520997104
194027.08779768774	2000.0	1003.46482814498	0.0	0	0.0	3030.552625833021	1	0	tensor(3)	1.7117089520997104
194958.0053524191	2000.0	1072.5472734136301	0.0	0	0.0	3030.552625833021	1	0	tensor(3)	1.7117089520997104
196445.1288055939	2000.0	585.4238202387999	0.0	0	0.0	3030.552625832992	1	0	tensor(3)	1.7117089520997157
197170.68618566875	2000.0	859.8664401639437	0.0	0	0.0	3030.552625832963	1	0	tensor(3)	1.711708952099721
198019.4269356593	2000.0	1011.1256901733962	0.0	0	0.0	3030.552625832963	1	0	tensor(3)	1.711708952099721
199359.14364390844	2000.0	671.4089819242829	0.0	0	0.0	3030.552625832992	1	0	tensor(3)	1.7117089520997157
200183.7978989424	2000.0	846.7547268903184	0.0	0	0.0	3030.552625832992	1	0	tensor(3)	1.7117089520997157
201363.9577779504	2000.0	666.5948478823566	0.0	0	0.0	3030.552625832992	1	0	tensor(3)	1.7117089520997157
202292.27326407982	2000.0	738.2793617529408	0.0	0	0.0	3030.552625833021	1	0	tensor(3)	1.7117089520997126
203056.73751871093	2000.0	973.8151071218331	0.0	0	0.0	3030.552625833021	1	0	tensor(3)	1.7117089520997104
204482.97915573255	2000.0	547.5734701001959	0.0	0	0.0	3030.552625833021	1	0	tensor(3)	1.7117089520997104
205297.12584482817	1000.0	733.4267810045835	0.0	0	0.0	3030.552625833021	1	0	tensor(3)	0.32541459097982
206346.2399814605	2000.0	684.3126443723115	0.0	0	0.0	3030.55262583305	1	0	tensor(3)	1.01856177153976
206922.54311579058	1000.0	1108.0095100422247	0.0	0	0.0	3030.552625833021	1	0	tensor(3)	0.32541459097982
207309.23159741343	1000.0	1721.321028419413	0.0	0	0.0	3030.552625833021	1	0	tensor(3)	1.0185617715397652
208299.79725824634	3000.0	1730.7553675865106	0.0	0	0.0	3030.552625832992	1	0	tensor(3)	1.0185617715397686
209232.84504498343	3000.0	1797.7075808494455	0.0	0	0.0	3030.552625832992	1	0	tensor(3)	2.117174060207881
210338.57276418997	3000.0	1691.9798616429227	0.0	0	0.0	3030.552625832992	1	0	tensor(3)	2.117174060207881
211220.10147392494	2000.0	1810.4511519079351	0.0	0	0.0	3030.552625832963	1	0	tensor(3)	1.3062438439915565
212437.89992913025	2000.0	1592.652696702629	0.0	0	0.0	3030.5526258329046	1	0	tensor(3)	1.7117089520997297
213224.44833621045	1000.0	1806.1042896224435	0.0	0	0.0	3030.5526258329046	1	0	tensor(3)	0.32541459097984166
214253.1086608192	2000.0	1777.4439650136865	0.0	0	0.0	3030.5526258329046	1	0	tensor(3)	1.0185617715397846
215292.54398055834	2000.0	1738.0086452745422	0.0	0	0.0	3030.5526258329046	1	0	tensor(3)	1.711708952099732
216145.8750028833	2000.0	1884.677622949586	0.0	0	0.0	3030.5526258329046	1	0	tensor(3)	1.711708952099732
217039.27962091076	3000.0	1991.27300492213	0.0	0	0.0	3030.5526258329046	1	0	tensor(3)	1.7117089520997322
218183.885594599	3000.0	1846.667031233858	0.0	0	0.0	3030.5526258329046	1	0	tensor(3)	2.117174060207897
219096.15109331213	3000.0	1934.4015325207397	0.0	0	0.0	3030.5526258329046	1	0	tensor(3)	2.117174060207897
219917.32429320767	3000.0	2113.228332625231	0.0	0	0.0	3030.5526258329046	1	0	tensor(3)	2.117174060207897
221783.70058461063	3000.0	1246.8520412222667	0.0	0	0.0	3030.5526258329046	1	0	tensor(3)	2.117174060207897
222736.8668423197	1000.0	1293.6857835132103	0.0	0	0.0	3030.5526258329046	1	0	tensor(3)	-0.08005051712832306
223301.9705572529	1000.0	1728.582068580013	0.0	0	0.0	3030.5526258329046	1	0	tensor(3)	1.0185617715397868
224159.2098460653	2000.0	1871.342779767637	0.0	0	0.0	3030.5526258329337	1	0	tensor(3)	1.0185617715397812
224851.07064681585	1000.0	2179.4819790170504	0.0	0	0.0	3030.5526258329046	1	0	tensor(3)	0.32541459097984166
226439.09665732872	2000.0	1591.455968504175	0.0	0	0.0	3030.5526258329046	1	0	tensor(3)	1.0185617715397868
227338.97367537272	2000.0	1691.5789504601566	0.0	0	0.0	3030.5526258328755	1	0	tensor(3)	1.7117089520997364
228046.65965430858	2000.0	1983.8929715243123	0.0	0	0.0	3030.5526258328755	1	0	tensor(3)	1.7117089520997375
228800.432536918	2000.0	2230.1200889148736	0.0	0	0.0	3030.5526258328755	1	0	tensor(3)	1.7117089520997375
229683.21813463472	3000.0	2347.3344911981944	0.0	0	0.0	3030.5526258329046	1	0	tensor(3)	1.7117089520997322
231445.77907702213	3000.0	1584.7735488107799	0.0	0	0.0	3030.5526258328755	1	0	tensor(3)	2.117174060207902
232522.47142830028	3000.0	1508.0811975326333	0.0	0	0.0	3030.5526258328755	1	0	tensor(3)	2.117174060207902
234038.7182946108	3000.0	991.8343312221216	0.0	0	0.0	3030.5526258328755	1	0	tensor(3)	2.117174060207902
235933.38351566167	2000.0	200.0	102.83088982873744	0	0.0	3133.3835156616406	1	0	tensor(3)	0.6757708094754518
236441.78514887468	1000.0	759.2644154429408	67.66604865594846	0	0.0	3201.0495643176255	1	0	tensor(3)	-0.11480385048064731
237662.22243387188	2000.0	538.8271304457255	0.0	0	0.0	3201.0495643176255	1	0	tensor(3)	0.9843396220149888
238783.97784487368	2000.0	417.0717194439295	0.0	0	0.0	3201.0495643176255	1	0	tensor(3)	1.677486802574934
240199.80193416798	2000.0	315.05283280114963	313.80520265150864	0	0.0	3514.8547669691034	1	0	tensor(3)	-0.28344528964061005
240813.26336535596	1000.0	701.5914016131543	0.0	0	0.0	1514.8547669691034	1	0	tensor(6)	-5.523882027840256
241505.08520871671	2000.0	1009.7695582524225	0.0	0	0.0	1514.8547669691034	1	0	tensor(3)	1.1692651527196882
242500.10508384503	2000.0	1014.749683124099	0.0	0	0.0	1514.8547669691325	1	0	tensor(3)	1.8624123332796323
243335.20439124404	2000.0	1179.6503757250775	0.0	0	0.0	1514.8547669691325	1	0	tensor(3)	1.8624123332796323
244200.0	2000.0	1314.8547669691093	0.0	0	20.01377796920133	1514.8547669691325	1	0	tensor(3)	1.8624123332796332
245200.0	2000.0	1314.8547669690997	0.0	0	156.99773785920115	1514.8547669691325	1	0	tensor(3)	1.8624123332796323
246721.475524833	2000.0	793.3792421361029	0.0	0	0.0	1514.8547669691325	1	0	tensor(3)	1.8624123332796323
247688.21649535053	2000.0	826.6382716185639	0.0	0	0.0	1514.8547669691325	1	0	tensor(3)	1.8624123332796323
248441.69825569997	2000.0	1073.1565112691187	0.0	0	0.0	1514.8547669691325	1	0	tensor(3)	1.8624123332796323
249200.0	2000.0	1314.8547669690981	0.0	0	47.99794416449731	1514.8547669691616	1	0	tensor(3)	1.8624123332796314
250644.29434700313	2000.0	870.560419965999	0.0	0	0.0	1514.8547669691616	1	0	tensor(3)	1.8624123332796303
251200.0	1000.0	1314.8547669691093	0.0	0	28.900160743360175	1514.8547669691616	1	0	tensor(3)	0.4761179721597405
252369.5838146398	2000.0	1145.2709523293024	0.0	0	0.0	1514.8547669691907	1	0	tensor(3)	1.1692651527196847
253330.3484794306	2000.0	1184.5062875385224	0.0	0	0.0	1514.8547669692198	1	0	tensor(3)	1.8624123332796287
254200.0	1000.0	1314.85476696915	0.0	0	47.98638199703419	1514.8547669692198	1	0	tensor(3)	0.4761179721597379
255235.71896933718	2000.0	1279.135797631967	0.0	0	0.0	1514.8547669692198	1	0	tensor(3)	1.1692651527196831
256427.59627747262	2000.0	1087.2584894965053	0.0	0	0.0	1514.8547669692198	1	0	tensor(3)	1.8624123332796283
257751.7311260195	2000.0	763.1236409496149	0.0	0	0.0	1514.8547669692198	1	0	tensor(3)	1.8624123332796283
258785.6025134314	2000.0	729.2522535376839	0.0	0	0.0	1514.8547669692198	1	0	tensor(3)	1.8624123332796283
260243.88970281952	2000.0	270.9650641495631	0.0	0	0.0	1514.8547669691907	1	0	tensor(3)	1.8624123332796294
260946.99188402283	1000.0	653.1857913653503	85.3229084191203	0	0.0	1600.1776753883169	1	0	tensor(3)	-0.03974358995158778
261438.63155060683	1000.0	1161.5461247813473	0.0	0	0.0	1600.1776753882878	1	0	tensor(3)	1.1653410411230807
262572.64198676124	2000.0	1027.5356886269747	0.0	0	0.0	1600.1776753883169	1	0	tensor(3)	1.1653410411230793
263360.2462701594	2000.0	1239.9314052287907	0.0	0	0.0	1600.1776753882878	1	0	tensor(3)	1.858488221683025
264648.60567946144	2000.0	951.5719959267824	0.0	0	0.0	1600.177675388346	1	0	tensor(3)	1.8584882216830232
266040.12781618186	2000.0	560.0498592064139	0.0	0	0.0	1600.1776753884042	1	0	tensor(3)	1.8584882216830203
267378.20354723907	2000.0	302.13573205626926	80.16160390705	0	0.0	1680.3392792955274	1	0	tensor(3)	1.3735219990185623
268177.0609470112	2000.0	650.1367611388866	146.85842885478337	0	0.0	1827.1977081503137	1	0	tensor(3)	0.9651591672090353
268994.60461520747	2000.0	832.5930929426488	0.0	0	0.0	1827.1977081503137	1	0	tensor(3)	1.8463097403377353
269736.7012407508	2000.0	1090.4964673992615	0.0	0	0.0	1827.1977081503137	1	0	tensor(3)	1.8463097403377353
270873.93883789604	2000.0	953.2588702539808	0.0	0	0.0	1827.1977081503137	1	0	tensor(3)	1.8463097403377353
271812.75931534223	2000.0	1014.4383928077721	0.0	0	0.0	1827.1977081502555	1	0	tensor(3)	1.846309740337739
273071.948402746	2000.0	755.2493054039786	0.0	0	0.0	1827.1977081503137	1	0	tensor(3)	1.8463097403377353
274085.5533024211	2000.0	741.6444057289017	0.0	0	0.0	1827.197708150372	1	0	tensor(3)	1.8463097403377322
275115.46945900796	2000.0	711.728249142072	0.0	0	0.0	1827.197708150372	1	0	tensor(3)	1.8463097403377322
275634.30376506364	2000.0	1192.8939430864057	0.0	0	0.0	1827.197708150372	1	0	tensor(3)	1.8463097403377322
276572.0259214002	3000.0	1255.171786749833	0.0	0	0.0	1827.1977081504301	1	0	tensor(3)	1.8463097403377287
277934.13268589444	3000.0	893.065022255577	0.0	0	0.0	1827.1977081504301	1	0	tensor(3)	2.2517748484458933
278723.7222237343	2000.0	1103.475484415674	0.0	0	0.0	1827.1977081504301	1	0	tensor(3)	1.4408446322295638
279886.93223775143	2000.0	940.2654703985397	0.0	0	0.0	1827.197708150372	1	0	tensor(3)	1.8463097403377322
281055.6128434255	2000.0	771.5848647244503	0.0	0	0.0	1827.197708150372	1	0	tensor(3)	1.8463097403377322
281745.9011815301	2000.0	1081.2965266198767	0.0	0	0.0	1827.197708150372	1	0	tensor(3)	1.8463097403377322
282396.63845678105	2000.0	1430.5592513689587	0.0	0	0.0	1827.197708150372	1	0	tensor(3)	1.8463097403377322
283360.14262023015	2000.0	1467.05508791991	0.0	0	0.0	1827.1977081504301	1	0	tensor(3)	1.8463097403377298
284200.0	2000.0	1627.1977081500556	0.0	0	50.66715703951195	1827.1977081504301	1	0	tensor(3)	1.8463097403377284
285200.0	2000.0	1627.1977081500704	0.0	0	367.92137151537463	1827.1977081504301	1	0	tensor(3)	1.8463097403377284
286694.30406647467	2000.0	1132.8936416754	0.0	0	0.0	1827.1977081504301	1	0	tensor(3)	1.8463097403377284
287527.3175394471	1000.0	1299.8801687029252	0.0	0	0.0	1827.1977081504301	1	0	tensor(3)	0.4600153792178382
289001.8058031863	2000.0	825.3919049636614	0.0	0	0.0	1827.1977081504301	1	0	tensor(3)	1.1531625597777833
289597.51644141995	1000.0	1229.681266730043	0.0	0	0.0	1827.1977081504301	1	0	tensor(3)	0.4600153792178382
290263.1581071774	2000.0	1564.0396009725225	0.0	0	0.0	1827.1977081504301	1	0	tensor(3)	1.1531625597777833
291200.0	2000.0	1627.1977081499163	0.0	0	7.221414830419235	1827.1977081504301	1	0	tensor(3)	1.8463097403377284
292762.7355304848	2000.0	1064.462177665124	0.0	0	0.0	1827.197708150372	1	0	tensor(3)	1.8463097403377318
294252.23752531526	2000.0	574.9601828346689	0.0	0	0.0	1827.1977081503137	1	0	tensor(3)	1.8463097403377353
295173.1376840489	2000.0	654.0600241010659	0.0	0	0.0	1827.1977081503137	1	0	tensor(3)	1.8463097403377353
295750.04072850884	1000.0	1077.156979641059	0.0	0	0.0	1827.1977081503137	1	0	tensor(3)	0.46001537921784524
296779.5994250825	2000.0	1047.598283067412	0.0	0	0.0	1827.197708150372	1	0	tensor(3)	1.1531625597777868
298749.7953694231	2000.0	200.0	122.59766127329158	0	0.0	1949.7953694236348	1	0	tensor(3)	1.1080920103601748
299506.89891324297	1000.0	651.3357589354212	208.4393027552878	0	0.0	2158.234672178398	1	0	tensor(3)	-0.8139397579499708
300163.52549987246	1000.0	994.7091723059091	0.0	0	0.0	2158.2346721783397	1	0	tensor(3)	1.1298432391417064
301825.3385143824	2000.0	332.8961577958934	0.0	0	0.0	2158.2346721782815	1	0	tensor(3)	1.1298432391417101
302321.4949898461	1000.0	836.7396823321988	0.0	0	0.0	2158.2346721782815	1	0	tensor(3)	0.43669605858176597
303506.167297605	2000.0	652.0673745732302	0.0	0	0.0	2158.2346721782815	1	0	tensor(3)	1.1298432391417113
304376.86328629596	1000.0	781.3713858823203	0.0	0	0.0	2158.2346721782815	1	0	tensor(3)	0.43669605858176597
305158.03298250685	1000.0	1000.2016896714101	0.0	0	0.0	2158.2346721782233	1	0	tensor(3)	1.129843239141714
306252.70588263706	2000.0	905.528789541176	0.0	0	0.0	2158.234672178165	1	0	tensor(3)	1.1298432391417206
307311.4689426173	2000.0	846.7657295609815	0.0	0	0.0	2158.234672178107	1	0	tensor(3)	1.822990419701668
1.4	1.23	1.78	1.82	1.23	1.8	2.11	2.55	1.24	2.35	2.83	1.84	1.71	1.85	1.42	1.74	2.53	1.95	1.92	1.93	2.21	2.17	2.42	1.58	2.7	2.49	1.74	2.24	1.99	3.44	1.89	1.55	1.88	2.31	1.54	2.35	1.96	2.78	1.93	2.35	2.21	1.64	2.06	2.28	1.95	2.14	2.09	2.66	2.7	1.61	1.2	1.88	1.83	3.26	2.98	2.29	1.95	1.97	1.31	2.34	2.22	3.27	2.93	3.06	2.54	2.85	1.31	1.38	1.26	2.66	1.59	1.33	2.07	2.42	3.07	2.91	1.89	2.33	2.4	2.35	1.09	1.64	2.0	2.46	2.13	1.59	1.92	2.75	1.81	2.35	2.4	1.42	1.9	2.57	2.95	1.42	1.29	1.82	2.24	1.59	1.84	1.75	2.22	1.93	2.28	1.46	1.24	1.61	1.84	2.56	1.64	1.85	1.95	1.99	2.83	2.21	1.97	2.54	1.77	2.06	2.36	3.24	2.37	2.07	2.26	2.22	2.29	2.76	2.35	2.02	2.7	1.75	1.09	2.02	1.47	2.28	2.39	1.74	1.75	1.58	1.88	1.77	2.48	1.22	1.32	1.61	1.83	1.45	1.7	1.89	1.4	1.23	1.78	1.82	1.23	1.8	2.11	2.55	1.24	2.35	2.83	1.84	1.71	1.85	1.42	1.74	2.53	1.95	1.92	1.93	2.21	2.17	2.42	1.58	2.7	2.49	1.74	2.24	1.99	3.44	1.89	1.55	1.88	2.31	1.54	2.35	1.96	2.78	1.93	2.35	2.21	1.64	2.06	2.28	1.95	2.14	2.09	2.66	2.7	1.61	1.2	1.88	1.83	3.26	2.98	2.29	1.95	1.97	1.31	2.34	2.22	3.27	2.93	3.06	2.54	2.85	1.31	1.38	1.26	2.66	1.59	1.33	2.07	2.42	3.07	2.91	1.89	2.33	2.4	2.35	1.09	1.64	2.0	2.46	2.13	1.59	1.92	2.75	1.81	2.35	2.4	1.42	1.9	2.57	2.95	1.42	1.29	1.82	2.24	1.59	1.84	1.75	2.22	1.93	2.28	1.46	1.24	1.61	1.84	2.56	1.64	1.85	1.95	1.99	2.83	2.21	1.97	2.54	1.77	2.06	2.36	3.24	2.37	2.07	2.26	2.22	2.29	2.76	2.35	2.02	2.7	1.75	1.09	2.02	1.47	2.28	2.39	1.74	1.75	1.58	1.88	1.77	2.48	1.22	1.32	1.61	1.83	1.45	1.7	1.89	1.4	1.23	1.78	1.82	1.23	1.8
1.0	2.0	3.0	4.0	5.0	6.0	7.0	8.0	9.0	10.0	11.0	12.0	13.0	14.0	15.0	16.0	17.0	18.0	19.0	20.0	21.0	22.0	23.0	24.0	25.0	26.0	27.0	28.0	29.0	30.0	31.0	32.0	33.0	34.0	35.0	36.0	37.0	38.0	39.0	40.0	41.0	42.0	43.0	44.0	45.0	46.0	47.0	48.0	49.0	50.0	51.0	52.0	53.0	54.0	55.0	56.0	57.0	58.0	59.0	60.0	61.0	62.0	63.0	64.0	65.0	66.0	67.0	68.0	69.0	70.0	71.0	72.0	73.0	74.0	75.0	76.0	77.0	78.0	79.0	80.0	81.0	82.0	83.0	84.0	85.0	86.0	87.0	88.0	89.0	90.0	91.0	92.0	93.0	94.0	95.0	96.0	97.0	98.0	99.0	100.0	101.0	102.0	103.0	104.0	105.0	106.0	107.0	108.0	109.0	110.0	111.0	112.0	113.0	114.0	115.0	116.0	117.0	118.0	119.0	120.0	121.0	122.0	123.0	124.0	125.0	126.0	127.0	128.0	129.0	130.0	131.0	132.0	133.0	134.0	135.0	136.0	137.0	138.0	139.0	140.0	141.0	142.0	143.0	144.0	145.0	146.0	147.0	148.0	149.0	149.0	150.0	151.0	152.0	153.0	154.0	155.0	156.0	157.0	158.0	159.0	160.0	161.0	162.0	163.0	164.0	165.0	166.0	167.0	168.0	169.0	170.0	171.0	172.0	173.0	174.0	175.0	176.0	177.0	178.0	179.0	180.0	181.0	182.0	183.0	184.0	185.0	186.0	187.0	188.0	189.0	190.0	191.0	192.0	193.0	194.0	195.0	196.0	197.0	198.0	199.0	200.0	201.0	202.0	203.0	204.0	205.0	206.0	207.0	208.0	209.0	210.0	211.0	212.0	213.0	214.0	215.0	216.0	217.0	218.0	219.0	220.0	221.0	222.0	223.0	224.0	225.0	226.0	227.0	228.0	229.0	230.0	231.0	232.0	233.0	234.0	235.0	236.0	237.0	238.0	239.0	240.0	241.0	242.0	243.0	244.0	245.0	246.0	247.0	248.0	249.0	250.0	251.0	252.0	253.0	254.0	255.0	256.0	257.0	258.0	259.0	260.0	261.0	262.0	263.0	264.0	265.0	266.0	267.0	268.0	269.0	270.0	271.0	272.0	273.0	274.0	275.0	276.0	277.0	278.0	279.0	280.0	281.0	282.0	283.0	284.0	285.0	286.0	287.0	288.0	289.0	290.0	291.0	292.0	293.0	294.0	295.0	296.0	297.0	298.0	298.0	299.0	300.0	301.0	302.0	303.0	304.0
4980.01234507911
