4874.382294500244	300.0	2000.0	319.27226892990984	0	0.0	2874.382294500244	1	0	tensor(6)	-8.062391569657724
5524.447078713223	1000.0	2349.93521578702	0.0	0	0.0	2874.3822945002435	1	0	tensor(3)	-0.15836083268043877
6855.336143254309	2000.0	2019.0461512459335	0.0	0	0.0	2874.3822945002426	1	0	tensor(3)	1.0456119716454972
7730.011104027809	2000.0	2144.371190472433	0.0	0	0.0	2874.382294500243	1	0	tensor(3)	1.7387591522054424
8799.317158481592	2000.0	2075.0651360186516	0.0	0	0.0	2874.382294500244	1	0	tensor(3)	1.7387591522054424
9641.436539497063	2000.0	2232.9457550031802	0.0	0	0.0	2874.382294500244	1	0	tensor(3)	1.7387591522054424
10823.397809269693	2000.0	2050.9844852305528	0.0	0	0.0	2874.3822945002466	1	0	tensor(3)	1.738759152205442
11633.270230564754	2000.0	2241.112063935492	0.0	0	0.0	2874.3822945002466	1	0	tensor(3)	1.738759152205442
12958.310561014332	2000.0	1916.071733485915	0.0	0	0.0	2874.382294500245	1	0	tensor(3)	1.7387591522054422
13774.81381152091	2000.0	2099.568482979339	0.0	0	0.0	2874.3822945002466	1	0	tensor(3)	1.738759152205442
14581.736898642737	2000.0	2292.645395857512	0.0	0	0.0	2874.3822945002485	1	0	tensor(3)	1.7387591522054415
15484.566428725353	2000.0	2389.815865774897	0.0	0	0.0	2874.3822945002485	1	0	tensor(3)	1.7387591522054415
16701.34603230217	2000.0	2173.03626219808	0.0	0	0.0	2874.3822945002503	1	0	tensor(3)	1.7387591522054415
18202.503372409632	3000.0	1671.8789220906183	0.0	0	0.0	2874.3822945002503	1	0	tensor(3)	1.7387591522054413
19249.423128377475	2000.0	1624.9591661227741	0.0	0	0.0	2874.3822945002503	1	0	tensor(3)	1.3332940440972767
20175.964328485454	2000.0	1698.417966014793	0.0	0	0.0	2874.3822945002503	1	0	tensor(3)	1.7387591522054413
21878.301221311543	3000.0	996.0810731887022	0.0	0	0.0	2874.3822945002503	1	0	tensor(3)	1.7387591522054415
23416.383106660094	2000.0	457.999187840148	0.0	0	0.0	2874.3822945002503	1	0	tensor(3)	1.3332940440972767
23977.291374757053	1000.0	897.09091974319	0.0	0	0.0	2874.3822945002503	1	0	tensor(3)	0.352464791085551
24959.72740949002	2000.0	914.6548850102276	0.0	0	0.0	2874.382294500254	1	0	tensor(3)	1.0456119716454957
25675.80847686419	1000.0	1198.573817636057	0.0	0	0.0	2874.382294500254	1	0	tensor(3)	0.35246479108555046
26424.489392147683	2000.0	1449.8929023525661	0.0	0	0.0	2874.382294500254	1	0	tensor(3)	1.0456119716454957
27522.10013110076	2000.0	1352.28216339949	0.0	0	0.0	2874.382294500254	1	0	tensor(3)	1.7387591522054406
28372.15640936167	2000.0	1502.2258851385805	0.0	0	0.0	2874.382294500254	1	0	tensor(3)	1.7387591522054406
29202.48925805401	2000.0	1671.8930364462392	0.0	0	0.0	2874.382294500254	1	0	tensor(3)	1.7387591522054406
30932.2873223731	3000.0	942.0949721271497	0.0	0	0.0	2874.382294500254	1	0	tensor(3)	1.7387591522054409
32313.84260938761	2000.0	560.5396851126422	0.0	0	0.0	2874.3822945002576	1	0	tensor(3)	1.3332940440972756
33346.127462123855	2000.0	528.2548323763947	0.0	0	0.0	2874.3822945002576	1	0	tensor(3)	1.7387591522054402
34319.39361061267	2000.0	554.9886838875743	0.0	0	0.0	2874.382294500254	1	0	tensor(3)	1.738759152205441
35073.35194062289	2000.0	801.0303538773568	0.0	0	0.0	2874.382294500254	1	0	tensor(3)	1.7387591522054406
36109.67656423868	3000.0	764.7057302615628	0.0	0	0.0	2874.382294500254	1	0	tensor(3)	1.7387591522054409
36900.87004587738	3000.0	973.5122486228665	0.0	0	0.0	2874.382294500254	1	0	tensor(3)	2.1442242603136057
38503.13704034699	3000.0	371.24525415326184	0.0	0	0.0	2874.382294500261	1	0	tensor(3)	2.1442242603136044
39083.80845837961	1000.0	790.5738361206478	0.0	0	0.0	2874.382294500261	1	0	tensor(3)	-0.05300031702261537
40101.270669233374	2000.0	773.1116252668876	0.0	0	0.0	2874.382294500254	1	0	tensor(3)	1.0456119716454957
40676.32834808962	1000.0	1198.0539464106455	0.0	0	0.0	2874.382294500254	1	0	tensor(3)	0.35246479108555046
41697.499450453186	2000.0	1176.8828440470757	0.0	0	0.0	2874.382294500254	1	0	tensor(3)	1.0456119716454957
42330.67028864778	1000.0	1543.7120058524806	0.0	0	0.0	2874.382294500254	1	0	tensor(3)	0.35246479108555046
43386.0170052462	1000.0	1488.3652892540617	0.0	0	0.0	2874.382294500254	1	0	tensor(3)	1.0456119716454957
44154.88747447435	1000.0	1719.4948200259103	0.0	0	0.0	2874.3822945002466	1	0	tensor(3)	1.0456119716454968
44657.39705856373	1000.0	2216.9852359365364	0.0	0	0.0	2874.3822945002466	1	0	tensor(3)	1.0456119716454968
45855.10680766966	2000.0	2019.2754868306042	0.0	0	0.0	2874.3822945002466	1	0	tensor(3)	1.0456119716454966
46708.08965727735	2000.0	2166.2926372229085	0.0	0	0.0	2874.3822945002466	1	0	tensor(3)	1.738759152205442
47794.60341634234	2000.0	2079.778878157923	0.0	0	0.0	2874.3822945002466	1	0	tensor(3)	1.738759152205442
49142.37163113356	3000.0	1732.0106633667017	0.0	0	0.0	2874.3822945002466	1	0	tensor(3)	1.738759152205442
50251.8123561552	2000.0	1622.5699383450565	0.0	0	0.0	2874.3822945002466	1	0	tensor(3)	1.3332940440972774
51420.99647029217	2000.0	1453.3858242080862	0.0	0	0.0	2874.382294500254	1	0	tensor(3)	1.7387591522054406
52312.12039135876	2000.0	1562.2619031414968	0.0	0	0.0	2874.382294500254	1	0	tensor(3)	1.7387591522054406
53559.828267618745	2000.0	1314.554026881503	0.0	0	0.0	2874.3822945002466	1	0	tensor(3)	1.738759152205442
54468.22512101449	2000.0	1406.1571734857691	0.0	0	0.0	2874.3822945002466	1	0	tensor(3)	1.738759152205442
55575.49691188815	2000.0	1298.8853826121083	0.0	0	0.0	2874.3822945002466	1	0	tensor(3)	1.738759152205442
56524.20256562976	2000.0	1350.1797288705002	0.0	0	0.0	2874.3822945002466	1	0	tensor(3)	1.738759152205442
57163.09283837536	2000.0	1711.2894561248938	0.0	0	0.0	2874.3822945002466	1	0	tensor(3)	1.738759152205442
57936.41266350024	2000.0	1937.9696310000154	0.0	0	0.0	2874.3822945002466	1	0	tensor(3)	1.738759152205442
58621.165310447745	2000.0	2253.2169840525025	0.0	0	0.0	2874.3822945002466	1	0	tensor(3)	1.738759152205442
60532.69003391887	3000.0	1341.6922605813668	0.0	0	0.0	2874.3822945002466	1	0	tensor(3)	1.738759152205442
62019.19861388984	2000.0	855.1836806103948	0.0	0	0.0	2874.3822945002466	1	0	tensor(3)	1.3332940440972774
62831.39403857888	1000.0	1042.988255921356	0.0	0	0.0	2874.3822945002466	1	0	tensor(3)	0.35246479108555157
65059.90909877006	2000.0	200.0	385.52680426983034	0	0.0	3259.9090987700692	1	0	tensor(3)	-1.3028084461142222
65462.02064478486	500.0	851.9782945965072	54.089840611301994	0	0.0	3313.9989393813667	1	0	tensor(3)	-1.445335178674761
66134.04259951445	1000.0	1179.9563398669293	0.0	0	0.0	3313.998939381374	1	0	tensor(3)	0.2654982261129405
66806.35870064485	1000.0	1507.640238736525	0.0	0	0.0	3313.998939381374	1	0	tensor(3)	0.9586454066728859
67551.71391131182	1000.0	1762.285028069568	0.0	0	0.0	3313.9989393813885	1	0	tensor(3)	0.9586454066728851
68439.91565295639	2000.0	1874.0832864249849	0.0	0	0.0	3313.998939381381	1	0	tensor(3)	0.9586454066728847
69281.91107343827	2000.0	2032.0878659430905	0.0	0	0.0	3313.998939381374	1	0	tensor(3)	1.6517925872328307
70504.6981706442	2000.0	1809.3007687371623	0.0	0	0.0	3313.998939381374	1	0	tensor(3)	1.6517925872328307
71288.23142242564	2000.0	2025.7675169557338	0.0	0	0.0	3313.998939381374	1	0	tensor(3)	1.6517925872328307
72471.97871996544	2000.0	1842.0202194159265	0.0	0	0.0	3313.998939381374	1	0	tensor(3)	1.6517925872328307
73603.03585877518	2000.0	1710.9630806061848	0.0	0	0.0	3313.998939381374	1	0	tensor(3)	1.6517925872328307
74591.5617968716	2000.0	1722.437142509777	0.0	0	0.0	3313.998939381374	1	0	tensor(3)	1.6517925872328307
75655.08023355916	2000.0	1658.9187058222205	0.0	0	0.0	3313.998939381374	1	0	tensor(3)	1.6517925872328307
76493.62776394382	2000.0	1820.3711754375547	0.0	0	0.0	3313.998939381374	1	0	tensor(3)	1.6517925872328307
77331.40082950845	1000.0	1982.5981098729226	0.0	0	0.0	3313.998939381374	1	0	tensor(3)	0.2654982261129404
78807.03358324376	2000.0	1506.9653561376283	0.0	0	0.0	3313.998939381374	1	0	tensor(3)	0.9586454066728856
79653.96459556537	2000.0	1660.034343816013	0.0	0	0.0	3313.998939381374	1	0	tensor(3)	1.6517925872328307
80825.97218863871	2000.0	1488.0267507426584	0.0	0	0.0	3313.998939381374	1	0	tensor(3)	1.6517925872328307
81979.78041964777	2000.0	1334.2185197335996	0.0	0	0.0	3313.998939381374	1	0	tensor(3)	1.6517925872328307
82587.09359648637	1000.0	1726.9053428950072	0.0	0	0.0	3313.9989393813594	1	0	tensor(3)	0.2654982261129437
83356.60058634306	2000.0	1957.3983530383175	0.0	0	0.0	3313.998939381374	1	0	tensor(3)	0.9586454066728856
84277.78711522349	2000.0	2036.2118241578873	0.0	0	0.0	3313.998939381374	1	0	tensor(3)	1.6517925872328307
85066.78915619447	2000.0	2247.209783186916	0.0	0	0.0	3313.9989393813885	1	0	tensor(3)	1.6517925872328272
85805.2085714249	2000.0	2508.7903679564997	0.0	0	0.0	3313.998939381403	1	0	tensor(3)	1.6517925872328236
86528.45330876518	2000.0	2785.545630616224	0.0	0	0.0	3313.998939381403	1	0	tensor(3)	1.6517925872328236
87566.2205268843	3000.0	2747.7784124971095	0.0	0	0.0	3313.998939381403	1	0	tensor(3)	1.6517925872328239
88549.18219685681	2000.0	2764.8167425245815	0.0	0	0.0	3313.9989393813885	1	0	tensor(3)	1.2463274791246626
89942.48876866965	2000.0	2371.510170711736	0.0	0	0.0	3313.9989393813885	1	0	tensor(3)	1.6517925872328272
91085.49657951068	2000.0	2228.5023598707085	0.0	0	0.0	3313.9989393813885	1	0	tensor(3)	1.6517925872328272
91651.69771867889	1000.0	2662.3012207024926	0.0	0	0.0	3313.9989393813885	1	0	tensor(3)	0.26549822611293683
92857.71701894408	2000.0	2456.281920437299	0.0	0	0.0	3313.9989393813885	1	0	tensor(3)	0.9586454066728819
93682.8967090151	2000.0	2631.102230366283	0.0	0	0.0	3313.998939381403	1	0	tensor(3)	1.6517925872328236
94422.37425437442	2000.0	2891.624685006943	0.0	0	0.0	3313.998939381403	1	0	tensor(3)	1.6517925872328236
95654.17996292739	3000.0	2659.818976453953	0.0	0	0.0	3313.998939381403	1	0	tensor(3)	1.6517925872328239
97170.85142212888	3000.0	2143.147517252463	0.0	0	0.0	3313.998939381403	1	0	tensor(3)	2.0572576953409887
98550.25796454019	3000.0	1763.7409748411694	0.0	0	0.0	3313.998939381403	1	0	tensor(3)	2.0572576953409887
99499.56452774577	2000.0	1814.4344116355783	0.0	0	0.0	3313.9989393813885	1	0	tensor(3)	1.2463274791246626
100629.06359307091	2000.0	1684.9353463104314	0.0	0	0.0	3313.998939381403	1	0	tensor(3)	1.6517925872328236
101418.08393514842	2000.0	1895.9150042329193	0.0	0	0.0	3313.9989393814176	1	0	tensor(3)	1.65179258723282
102484.22163230143	2000.0	1829.7773070799067	0.0	0	0.0	3313.9989393814176	1	0	tensor(3)	1.65179258723282
103709.58435079613	2000.0	1604.4145885852	0.0	0	0.0	3313.9989393814176	1	0	tensor(3)	1.65179258723282
105117.7602343881	2000.0	1196.2387049932147	0.0	0	0.0	3313.9989393814176	1	0	tensor(3)	1.65179258723282
105934.93086165564	2000.0	1379.0680777256784	0.0	0	0.0	3313.998939381403	1	0	tensor(3)	1.6517925872328236
106852.4296894554	2000.0	1461.5692499259183	0.0	0	0.0	3313.998939381403	1	0	tensor(3)	1.6517925872328236
107629.83778344038	2000.0	1684.1611559409314	0.0	0	0.0	3313.998939381403	1	0	tensor(3)	1.6517925872328236
108449.5203378938	3000.0	1864.4786014875053	0.0	0	0.0	3313.998939381403	1	0	tensor(3)	1.6517925872328239
109167.53921093076	2000.0	2146.4597284505544	0.0	0	0.0	3313.9989393814176	1	0	tensor(3)	1.2463274791246555
110139.20334115402	2000.0	2174.795598227276	0.0	0	0.0	3313.9989393814176	1	0	tensor(3)	1.65179258723282
111551.83169249518	2000.0	1762.1672468861175	0.0	0	0.0	3313.9989393814176	1	0	tensor(3)	1.65179258723282
112609.38362189803	2000.0	1704.615317483262	0.0	0	0.0	3313.998939381403	1	0	tensor(3)	1.6517925872328236
113661.48320492874	2000.0	1652.5157344525621	0.0	0	0.0	3313.998939381403	1	0	tensor(3)	1.6517925872328236
114863.24987375957	2000.0	1450.7490656217292	0.0	0	0.0	3313.998939381403	1	0	tensor(3)	1.6517925872328236
115651.84610600417	2000.0	1662.1528333771407	0.0	0	0.0	3313.9989393814176	1	0	tensor(3)	1.65179258723282
117180.1995139714	3000.0	1133.7994254099133	0.0	0	0.0	3313.9989393814176	1	0	tensor(3)	1.6517925872328203
118355.33433717414	2000.0	958.6646022071772	0.0	0	0.0	3313.9989393814176	1	0	tensor(3)	1.2463274791246555
118948.10512615743	2000.0	1365.8938132238711	0.0	0	0.0	3313.9989393814176	1	0	tensor(3)	1.65179258723282
120192.76838842846	3000.0	1121.2305509528455	0.0	0	0.0	3313.9989393814176	1	0	tensor(3)	1.6517925872328203
121346.71724040736	2000.0	967.3133105454789	0.0	0	0.0	1314.0305509529571	1	0	tensor(6)	-4.535012580936378
122200.0	2000.0	1114.0305509528293	0.0	0	37.95163608661096	1314.0305509529571	1	0	tensor(3)	1.8704525271717845
123360.00220047869	2000.0	954.0283504741443	0.0	0	0.0	1314.0305509529571	1	0	tensor(3)	1.8704525271717845
124267.88306050182	2000.0	1046.1474904510046	0.0	0	0.0	1314.0305509529426	1	0	tensor(3)	1.8704525271717851
125200.0	2000.0	1114.0305509528068	0.0	0	301.7668997264118	1314.0305509529426	1	0	tensor(3)	1.8704525271717851
126477.2468133748	2000.0	836.7837375779935	0.0	0	0.0	1314.030550952928	1	0	tensor(3)	1.8704525271717853
127445.98184536489	2000.0	868.0487055879103	0.0	0	0.0	1314.030550952928	1	0	tensor(3)	1.8704525271717853
128200.0	2000.0	1114.030550952811	0.0	0	84.93298232689267	1314.030550952928	1	0	tensor(3)	1.8704525271717853
129200.0	3000.0	1114.030550952817	0.0	0	38.91927947761724	1314.030550952928	1	0	tensor(3)	1.8704525271717856
131212.608609336	3000.0	211.4314809469161	110.00953933009932	0	0.0	1424.0400902830297	1	0	tensor(3)	1.611710564913619
132459.51168117725	2000.0	383.460243479002	418.9318343733284	0	0.0	1842.9719246563618	1	0	tensor(3)	-1.0736965975936668
133493.14087674604	2000.0	480.4850150815106	130.65396717129158	0	0.0	1973.625891827658	1	0	tensor(3)	1.052981690973406
134746.81900694425	2000.0	276.9427056460634	50.13582076273826	0	0.0	2023.761712590349	1	0	tensor(3)	1.5325525586267834
135326.49146677603	1000.0	710.1437857004893	12.873539886212399	0	0.0	2036.6352524765534	1	0	tensor(3)	0.3688954985546098
136411.05274965707	1000.0	625.5825028194482	0.0	0	0.0	2036.6352524765534	1	0	tensor(3)	1.1392839184318295
137376.59128681614	1000.0	660.043965660358	0.0	0	0.0	2036.6352524765243	1	0	tensor(3)	1.1392839184318315
138037.85570866332	1000.0	998.7795438131677	0.0	0	0.0	2036.6352524765243	1	0	tensor(3)	1.1392839184318315
138919.33750119983	2000.0	1117.2977512766822	0.0	0	0.0	2036.6352524765243	1	0	tensor(3)	1.1392839184318315
139929.0642146231	2000.0	1107.5710378534068	0.0	0	0.0	2036.6352524765243	1	0	tensor(3)	1.8324310989917767
140697.81485033946	2000.0	1338.8204021370793	0.0	0	0.0	2036.6352524765243	1	0	tensor(3)	1.8324310989917767
141496.29122251566	2000.0	1540.3440299608592	0.0	0	0.0	2036.6352524765243	1	0	tensor(3)	1.8324310989917767
142237.48067030066	2000.0	1799.1545821758564	0.0	0	0.0	2036.6352524765534	1	0	tensor(3)	1.8324310989917745
143301.3491883713	2000.0	1735.28606410518	0.0	0	0.0	2036.6352524765534	1	0	tensor(3)	1.8324310989917745
144461.85368148136	2000.0	1574.7815709951012	0.0	0	0.0	2036.6352524765243	1	0	tensor(3)	1.8324310989917767
145950.7562919493	2000.0	1085.878960527159	0.0	0	0.0	2036.6352524764952	1	0	tensor(3)	1.832431098991779
147196.21079376838	2000.0	840.4244587081098	0.0	0	0.0	2036.6352524764952	1	0	tensor(3)	1.832431098991779
147992.30095496186	2000.0	1044.3342975146154	0.0	0	0.0	2036.6352524764952	1	0	tensor(3)	1.832431098991779
148827.16211831308	2000.0	1209.4731341633778	0.0	0	0.0	2036.6352524764952	1	0	tensor(3)	1.832431098991779
150172.20417545343	2000.0	864.4310770230411	0.0	0	0.0	2036.6352524764661	1	0	tensor(3)	1.8324310989917807
150748.75076319833	2000.0	1287.8844892781556	0.0	0	0.0	2036.6352524764661	1	0	tensor(3)	1.8324310989917807
151421.14182900134	2000.0	1615.4934234751775	0.0	0	0.0	2036.6352524764952	1	0	tensor(3)	1.832431098991779
152972.6415261844	3000.0	1063.9937262921385	0.0	0	0.0	2036.6352524764952	1	0	tensor(3)	1.832431098991779
154711.14633877153	2000.0	325.48891370501576	0.0	0	0.0	2036.6352524764952	1	0	tensor(3)	1.4269659908836143
155393.64011427888	1000.0	677.0375853767955	34.042447179163275	0	0.0	2070.6776996556437	1	0	tensor(3)	0.2393492680458101
156683.4704008761	2000.0	387.2072987795761	0.0	0	0.0	2070.6776996556437	1	0	tensor(3)	1.136751131680735
157305.40250712834	1000.0	765.2751925273726	0.0	0	0.0	2070.6776996556728	1	0	tensor(3)	0.4436039511207895
157761.50064084696	1000.0	1309.1770588087397	0.0	0	0.0	2070.6776996556728	1	0	tensor(3)	1.1367511316807328
158961.73781363296	2000.0	1108.9398860227698	0.0	0	0.0	2070.6776996556728	1	0	tensor(3)	1.1367511316807328
160080.38082163327	2000.0	990.2968780224776	0.0	0	0.0	2070.6776996556728	1	0	tensor(3)	1.8298983122406782
161380.80262519498	2000.0	689.8750744607645	0.0	0	0.0	2070.677699655702	1	0	tensor(3)	1.829898312240676
162126.0750871781	2000.0	944.6026124776159	0.0	0	0.0	2070.6776996556728	1	0	tensor(3)	1.8298983122406782
162940.9220482765	2000.0	1129.75565137919	0.0	0	0.0	2070.677699655702	1	0	tensor(3)	1.829898312240676
163907.28829996285	2000.0	1163.389399692861	0.0	0	0.0	2070.677699655731	1	0	tensor(3)	1.8298983122406738
165278.4275919477	2000.0	792.2501077079949	0.0	0	0.0	2070.677699655731	1	0	tensor(3)	1.8298983122406738
165980.65298783788	2000.0	1090.024711817812	0.0	0	0.0	2070.677699655702	1	0	tensor(3)	1.829898312240676
166761.6840566166	2000.0	1308.9936430391106	0.0	0	0.0	2070.677699655702	1	0	tensor(3)	1.829898312240676
167701.94535693596	2000.0	1368.7323427197364	0.0	0	0.0	2070.677699655702	1	0	tensor(3)	1.829898312240676
168779.58993632538	2000.0	1291.0877633303005	0.0	0	0.0	2070.677699655702	1	0	tensor(3)	1.829898312240676
169659.22949410448	2000.0	1411.4482055511999	0.0	0	0.0	2070.677699655702	1	0	tensor(3)	1.829898312240676
170936.89286256486	2000.0	1133.7848370908603	0.0	0	0.0	2070.677699655702	1	0	tensor(3)	1.829898312240676
172361.7645956017	2000.0	708.913104054025	0.0	0	0.0	2070.677699655702	1	0	tensor(3)	1.829898312240676
173665.5244755744	2000.0	405.15322408133216	0.0	0	0.0	2070.677699655702	1	0	tensor(3)	1.829898312240676
174439.9602906578	1000.0	652.7683014533113	22.050892455340772	0	0.0	2092.7285921110597	1	0	tensor(3)	0.3096131869190296
175506.806204608	2000.0	585.9223875031072	0.0	0	0.0	2092.728592111089	1	0	tensor(3)	1.1350657222110185
176356.79307138233	2000.0	735.9355207287837	0.0	0	0.0	2092.728592111089	1	0	tensor(3)	1.8282129027709624
177171.90879853588	2000.0	920.8197935752305	0.0	0	0.0	2092.728592111089	1	0	tensor(3)	1.8282129027709624
177753.6350299477	2000.0	1339.093562163382	0.0	0	0.0	2092.728592111089	1	0	tensor(3)	1.8282129027709624
179167.6120777627	3000.0	925.1165143483894	0.0	0	0.0	2092.728592111089	1	0	tensor(3)	1.8282129027709626
180274.9822128874	2000.0	817.7463792236763	0.0	0	0.0	2092.728592111089	1	0	tensor(3)	1.4227477946627978
181227.8453188099	2000.0	864.8832733011438	0.0	0	0.0	2092.728592111089	1	0	tensor(3)	1.8282129027709624
182274.73406960376	2000.0	817.9945225073058	0.0	0	0.0	2092.728592111089	1	0	tensor(3)	1.8282129027709624
183286.21907899046	2000.0	806.5095131206235	0.0	0	0.0	2092.728592111089	1	0	tensor(3)	1.8282129027709624
183851.42928524796	2000.0	1241.2993068631183	0.0	0	0.0	2092.7285921110597	1	0	tensor(3)	1.8282129027709646
184656.7607525838	3000.0	1435.9678395272688	0.0	0	0.0	2092.7285921110597	1	0	tensor(3)	1.8282129027709648
185579.3705909606	3000.0	1513.3580011504887	0.0	0	0.0	2092.7285921110597	1	0	tensor(3)	2.2336780108791294
186753.33151473722	3000.0	1339.397077373891	0.0	0	0.0	2092.7285921110597	1	0	tensor(3)	2.2336780108791294
187782.0647839894	2000.0	1310.6638081217313	0.0	0	0.0	2092.728592111089	1	0	tensor(3)	1.422747794662799
188862.17970155875	2000.0	1230.5488905523662	0.0	0	0.0	2092.728592111089	1	0	tensor(3)	1.8282129027709624
189946.92660099396	2000.0	1145.8019911171803	0.0	0	0.0	2092.728592111118	1	0	tensor(3)	1.8282129027709602
191455.98053805163	2000.0	636.7480540594897	0.0	0	0.0	2092.728592111089	1	0	tensor(3)	1.8282129027709606
192323.32439937224	1000.0	769.4041927388714	0.0	0	0.0	2092.728592111089	1	0	tensor(3)	0.441918541651072
193009.0710241319	1000.0	1083.65756797922	0.0	0	0.0	2092.728592111089	1	0	tensor(3)	1.1350657222110172
193537.38284370815	1000.0	1555.3457484029836	0.0	0	0.0	2092.728592111089	1	0	tensor(3)	1.1350657222110172
194349.82931149984	2000.0	1742.8992806113047	0.0	0	0.0	2092.728592111118	1	0	tensor(3)	1.135065722211015
195326.79440416984	2000.0	1765.9341879413146	0.0	0	0.0	2092.728592111089	1	0	tensor(3)	1.8282129027709606
196342.54568184874	2000.0	1750.1829102624188	0.0	0	0.0	2092.728592111089	1	0	tensor(3)	1.8282129027709624
197200.0	2000.0	1892.72859211117	0.0	0	221.6489701489918	2092.728592111089	1	0	tensor(3)	1.8282129027709624
199601.96295006826	3000.0	490.7656420428969	0.0	0	0.0	2092.7285921110597	1	0	tensor(3)	1.8282129027709635
200599.97394803973	2000.0	492.7546440714325	0.0	0	0.0	2092.7285921110597	1	0	tensor(3)	1.4227477946628
201488.80121299668	2000.0	603.9273791144665	0.0	0	0.0	2092.7285921110597	1	0	tensor(3)	1.8282129027709646
202742.50810795423	2000.0	364.55574453817405	14.335260381276498	0	0.0	2107.0638524923415	1	0	tensor(3)	1.7410863509771533
203653.9234984463	2000.0	521.6859331057243	68.54557905961661	0	0.0	2175.609431551973	1	0	tensor(3)	1.4102758233992483
204645.7750710983	2000.0	553.9552849048032	24.120924451076178	0	0.0	2199.7303560030414	1	0	tensor(3)	1.6747829282876259
205459.39043694196	2000.0	740.3399190611623	0.0	0	0.0	2199.7303560030414	1	0	tensor(3)	1.819508474994083
206262.3300552284	2000.0	937.4003007747112	0.0	0	0.0	2199.7303560030414	1	0	tensor(3)	1.819508474994083
206958.70173718742	2000.0	1241.0286188157086	0.0	0	0.0	2199.7303560030705	1	0	tensor(3)	1.8195084749940806
207880.24458227734	2000.0	1319.4857737257687	0.0	0	0.0	2199.7303560030414	1	0	tensor(3)	1.819508474994083
208894.61416299432	2000.0	1305.1161930087712	0.0	0	0.0	2199.7303560030414	1	0	tensor(3)	1.819508474994083
210150.4162697484	2000.0	1049.3140862546784	0.0	0	0.0	2199.7303560030414	1	0	tensor(3)	1.819508474994083
211750.9502897265	2000.0	448.7800662765817	0.0	0	0.0	2199.730356002983	1	0	tensor(3)	1.819508474994087
212394.8941704974	1000.0	804.8361855056813	0.0	0	0.0	2199.730356002983	1	0	tensor(3)	0.4332141138741977
213717.19763096285	1000.0	482.5327250402272	0.0	0	0.0	2199.730356002983	1	0	tensor(3)	1.126361294434143
214329.48437622527	500.0	870.2459797777926	0.0	0	0.0	2199.730356002983	1	0	tensor(3)	-0.259933066685748
215046.35078928812	1000.0	1153.379566714949	0.0	0	0.0	2199.730356002983	1	0	tensor(3)	0.4332141138741975
215563.71565213718	1000.0	1636.014703865883	0.0	0	0.0	2199.730356002954	1	0	tensor(3)	1.126361294434145
216267.6905468997	1000.0	1932.0398091033628	0.0	0	0.0	2199.730356002983	1	0	tensor(3)	1.126361294434143
217333.25330550733	2000.0	1866.4770504957266	0.0	0	0.0	2199.730356002983	1	0	tensor(3)	1.1263612944341428
218380.8617601365	2000.0	1818.8685958665644	0.0	0	0.0	2199.730356002983	1	0	tensor(3)	1.819508474994088
219553.5052325699	2000.0	1646.2251234331336	0.0	0	0.0	2199.730356002954	1	0	tensor(3)	1.8195084749940904
220385.07614260653	2000.0	1814.654213396517	0.0	0	0.0	2199.730356002954	1	0	tensor(3)	1.8195084749940904
221918.52593399113	2000.0	1281.2044220118944	0.0	0	0.0	2199.730356002954	1	0	tensor(3)	1.8195084749940904
223277.73353099	2000.0	921.9968250130497	0.0	0	0.0	2199.730356002954	1	0	tensor(3)	1.8195084749940904
223660.1058797089	1000.0	1539.6244762941733	0.0	0	0.0	2199.730356002983	1	0	tensor(3)	0.4332141138741977
224807.89159819006	2000.0	1391.8387578130194	0.0	0	0.0	2199.730356002983	1	0	tensor(3)	1.1263612944341428
226112.54339195986	2000.0	1087.1869640432208	0.0	0	0.0	2199.7303560030123	1	0	tensor(3)	1.8195084749940853
227006.45818931473	2000.0	1193.2721666883724	0.0	0	0.0	2199.7303560030414	1	0	tensor(3)	1.819508474994083
228035.97640341517	2000.0	1163.7539525879438	0.0	0	0.0	2199.7303560030705	1	0	tensor(3)	1.8195084749940806
228849.9676988405	2000.0	1349.7626571626035	0.0	0	0.0	2199.7303560030705	1	0	tensor(3)	1.8195084749940806
229972.79271501125	2000.0	1226.937640991896	0.0	0	0.0	2199.7303560030996	1	0	tensor(3)	1.8195084749940782
231337.80754542595	2000.0	861.922810577193	0.0	0	0.0	2199.7303560030996	1	0	tensor(3)	1.8195084749940782
232211.77093739304	2000.0	987.9594186100792	0.0	0	0.0	2199.7303560030705	1	0	tensor(3)	1.8195084749940806
233466.3688599906	2000.0	733.3614960124902	0.0	0	0.0	2199.7303560030414	1	0	tensor(3)	1.819508474994083
234143.1734468556	2000.0	1056.55690914748	0.0	0	0.0	2199.7303560030705	1	0	tensor(3)	1.8195084749940806
235248.86867508694	2000.0	950.8616809161235	0.0	0	0.0	2199.7303560030705	1	0	tensor(3)	1.8195084749940806
235892.8433693229	2000.0	1306.8869866801651	0.0	0	0.0	2199.7303560030996	1	0	tensor(3)	1.8195084749940782
236657.24910126245	2000.0	1542.481254740598	0.0	0	0.0	2199.7303560030996	1	0	tensor(3)	1.819508474994079
237950.1748342784	2000.0	1249.5555217246622	0.0	0	0.0	2199.7303560030996	1	0	tensor(3)	1.8195084749940782
239198.05847131112	2000.0	1001.6718846919675	0.0	0	0.0	2199.7303560030996	1	0	tensor(3)	1.8195084749940782
240704.31485287106	2000.0	495.41550313200673	0.0	0	0.0	2199.7303560030996	1	0	tensor(3)	1.8195084749940773
241801.8258133585	2000.0	469.3522187130385	71.44767606845329	0	0.0	2271.1780320715625	1	0	tensor(3)	1.3844938684816308
242424.76356041295	2000.0	846.4144716585917	0.0	0	0.0	2271.1780320715334	1	0	tensor(3)	1.8131799248923532
243630.37358299567	2000.0	640.8044490758267	0.0	0	0.0	2271.178032071475	1	0	tensor(3)	1.813179924892357
244525.26807824097	2000.0	745.9099538305533	0.0	0	0.0	2271.1780320715043	1	0	tensor(3)	1.8131799248923577
245493.60614673767	2000.0	777.5718853338699	0.0	0	0.0	2271.1780320715043	1	0	tensor(3)	1.8131799248923561
246622.608654514	2000.0	648.5693775575132	0.0	0	0.0	2271.1780320715043	1	0	tensor(3)	1.8131799248923561
247894.65900986563	2000.0	376.5190222058876	0.0	0	0.0	2271.178032071446	1	0	tensor(3)	1.8131799248923608
248399.70483704098	1000.0	871.4731950305097	0.0	0	0.0	2271.178032071417	1	0	tensor(3)	0.4268855637724721
249676.64078122715	2000.0	594.5372508442988	0.0	0	0.0	2271.178032071388	1	0	tensor(3)	1.1200327443324203
251045.53474374747	2000.0	225.64328832400668	0.0	0	0.0	2271.178032071388	1	0	tensor(3)	1.8131799248923666
251696.2702310608	1000.0	690.5699422451853	115.66214123449782	0	0.0	2386.8401733059727	1	0	tensor(3)	-0.2782903520996971
252852.54865680417	2000.0	534.2915165018298	0.0	0	0.0	2386.840173306002	1	0	tensor(3)	1.108829675867233
253830.3222224304	2000.0	556.5179508755917	0.0	0	0.0	2386.840173306002	1	0	tensor(3)	1.8019768564271774
254416.06549200075	1000.0	970.7746813052419	0.0	0	0.0	2386.840173306002	1	0	tensor(3)	0.41568249530728696
255648.38642722752	2000.0	738.4537460784736	0.0	0	0.0	2386.840173306002	1	0	tensor(3)	1.1088296758672322
256132.6553434356	1000.0	1254.1848298704324	0.0	0	0.0	2386.840173306031	1	0	tensor(3)	0.415682495307284
256899.03127815927	2000.0	1487.8088951467437	0.0	0	0.0	2386.840173306031	1	0	tensor(3)	1.1088296758672291
257664.25861554113	2000.0	1722.581557764887	0.0	0	0.0	2386.84017330606	1	0	tensor(3)	1.8019768564271716
259053.9751492531	2000.0	1332.865024052936	0.0	0	0.0	2386.84017330606	1	0	tensor(3)	1.8019768564271712
260019.38797871373	2000.0	1367.452194592315	0.0	0	0.0	2386.84017330606	1	0	tensor(3)	1.8019768564271712
260918.4211478659	2000.0	1468.4190254401603	0.0	0	0.0	2386.84017330606	1	0	tensor(3)	1.8019768564271712
261670.48814166532	2000.0	1716.3520316407817	0.0	0	0.0	2386.84017330606	1	0	tensor(3)	1.8019768564271712
262372.8940786105	2000.0	2013.9460946955162	0.0	0	0.0	2386.840173306002	1	0	tensor(3)	1.8019768564271743
263421.35734509205	2000.0	1965.4828282139863	0.0	0	0.0	2386.840173306002	1	0	tensor(3)	1.8019768564271785
264655.68114917714	2000.0	1731.15902412891	0.0	0	0.0	2386.840173306002	1	0	tensor(3)	1.8019768564271763
265855.9038335517	3000.0	1530.9363397544012	0.0	0	0.0	2386.84017330606	1	0	tensor(3)	1.8019768564271714
266781.8074279125	2000.0	1605.032745393574	0.0	0	0.0	2386.8401733061182	1	0	tensor(3)	1.396511748319002
267635.2436249609	2000.0	1751.596548345143	0.0	0	0.0	2386.8401733061182	1	0	tensor(3)	1.8019768564271654
268926.0624572347	3000.0	1460.7777160713106	0.0	0	0.0	2386.8401733061182	1	0	tensor(3)	1.8019768564271657
269702.05788326287	2000.0	1684.782290043151	0.0	0	0.0	2386.8401733061182	1	0	tensor(3)	1.3965117483190008
270640.6925288014	2000.0	1746.1476445046378	0.0	0	0.0	2386.8401733061182	1	0	tensor(3)	1.8019768564271654
271985.0246827378	3000.0	1401.8154905682431	0.0	0	0.0	2386.8401733061764	1	0	tensor(3)	1.8019768564271605
273124.29018252704	2000.0	1262.5499907790938	0.0	0	0.0	2386.8401733061764	1	0	tensor(3)	1.3965117483189946
273704.3490323763	2000.0	1682.4911409297893	0.0	0	0.0	2386.8401733061764	1	0	tensor(3)	1.8019768564271592
275382.5962644209	3000.0	1004.2439088852036	0.0	0	0.0	2386.8401733061182	1	0	tensor(3)	1.8019768564271657
276379.39024329593	2000.0	1007.4499300101176	0.0	0	0.0	2386.84017330606	1	0	tensor(3)	1.3965117483190066
276964.9711276715	2000.0	1421.8690456345116	0.0	0	0.0	2386.84017330606	1	0	tensor(3)	1.8019768564271712
277766.9600542712	3000.0	1619.8801190347885	0.0	0	0.0	2386.840173306002	1	0	tensor(3)	1.8019768564271774
279772.96423244214	3000.0	613.8759408638658	0.0	0	0.0	2386.840173306002	1	0	tensor(3)	2.207441964535342
281354.3116716268	2000.0	200.0	167.47149832073018	0	0.0	2554.3116716268123	1	0	tensor(3)	0.3775468046401107
281906.23233933555	1000.0	714.6143420908284	66.53500979950198	0	0.0	2620.8466814263375	1	0	tensor(3)	-0.010307405212038434
282785.0559119121	2000.0	835.7907695142607	0.0	0	0.0	2620.8466814263957	1	0	tensor(3)	1.0820498341449114
283635.71443196235	2000.0	985.1322494640112	0.0	0	0.0	2620.8466814263375	1	0	tensor(3)	1.7751970147048608
285187.3147263021	2000.0	433.53195512426686	0.0	0	0.0	2620.8466814263375	1	0	tensor(3)	1.7751970147048637
285826.46196440293	1000.0	794.3847170233796	0.0	0	0.0	2620.8466814263375	1	0	tensor(3)	0.38890265358497345
286612.15016580233	1000.0	1008.6965156239744	0.0	0	0.0	2620.8466814263957	1	0	tensor(3)	1.0820498341449112
287720.3955165755	2000.0	900.4511648507862	0.0	0	0.0	2620.8466814263957	1	0	tensor(3)	1.0820498341449114
289052.73932434403	2000.0	568.10735708227	0.0	0	0.0	2620.8466814263375	1	0	tensor(3)	1.7751970147048637
289573.34232090367	1000.0	1047.5043605226756	0.0	0	0.0	2620.8466814263957	1	0	tensor(3)	0.3889026535849661
290636.1031343712	2000.0	984.7435470551875	0.0	0	0.0	2620.8466814263957	1	0	tensor(3)	1.0820498341449114
291396.96256467234	2000.0	1223.8841167541023	0.0	0	0.0	2620.846681426454	1	0	tensor(3)	1.7751970147048535
292043.5237054534	2000.0	1577.3229759730884	0.0	0	0.0	2620.846681426454	1	0	tensor(3)	1.775197014704849
292784.2324266729	2000.0	1836.6142547536	0.0	0	0.0	2620.846681426454	1	0	tensor(3)	1.775197014704849
293759.77083827386	2000.0	1861.0758431526772	0.0	0	0.0	2620.846681426512	1	0	tensor(3)	1.7751970147048428
294931.8510492041	2000.0	1688.9956322224637	0.0	0	0.0	2620.8466814265703	1	0	tensor(3)	1.7751970147048342
296317.1276260916	2000.0	1303.7190553349906	0.0	0	0.0	2620.8466814265703	1	0	tensor(3)	1.7751970147048342
296761.0326171028	1000.0	1859.8140643238114	0.0	0	0.0	2620.8466814265703	1	0	tensor(3)	0.3889026535849439
297486.2367102332	2000.0	2134.6099711933903	0.0	0	0.0	2620.846681426512	1	0	tensor(3)	1.0820498341448934
298458.95190999226	2000.0	2161.8947714343476	0.0	0	0.0	2620.846681426512	1	0	tensor(3)	1.7751970147048415
299610.0949995643	2000.0	2010.7516818623671	0.0	0	0.0	2620.846681426512	1	0	tensor(3)	1.7751970147048415
300627.0421133744	3000.0	1993.804568052257	0.0	0	0.0	2620.846681426454	1	0	tensor(3)	1.7751970147048464
301694.16461433494	3000.0	1926.682067091765	0.0	0	0.0	2620.8466814263375	1	0	tensor(3)	2.1806621228130254
302684.69328717235	2000.0	1936.15339425434	0.0	0	0.0	2620.8466814262792	1	0	tensor(3)	1.3697319065967066
304138.6206682955	2000.0	1482.2260131312528	0.0	0	0.0	2620.8466814263375	1	0	tensor(3)	1.7751970147048637
305283.57846474595	2000.0	1337.2682166807485	0.0	0	0.0	2620.8466814263375	1	0	tensor(3)	1.7751970147048637
1.3	1.49	1.92	1.67	1.96	1.75	2.19	1.87	2.17	2.43	1.85	1.77	2.98	2.61	2.41	2.58	1.98	2.25	1.46	1.81	1.46	2.03	2.25	2.54	3.08	2.65	1.96	1.66	2.5	2.54	3.29	4.15	3.01	1.58	1.46	1.49	2.27	1.3	1.23	1.36	2.2	2.22	2.53	2.56	1.46	1.66	1.68	2.02	1.85	1.9	1.8	2.44	2.4	2.2	2.5	1.83	2.19	1.56	1.77	0.86	0.98	1.83	1.48	1.82	1.89	2.25	1.9	1.89	1.63	1.58	2.02	2.34	1.49	1.82	1.82	2.5	2.1	1.31	1.99	1.75	2.51	2.24	2.51	1.75	1.71	1.66	1.32	1.91	2.48	2.31	2.06	1.93	2.43	1.71	1.83	1.92	2.22	1.67	1.85	2.03	1.78	2.15	1.61	2.88	2.12	1.95	1.55	2.48	2.26	2.32	1.9	2.85	2.37	1.88	2.64	2.48	1.93	2.49	2.21	2.04	2.94	1.52	2.47	3.43	2.97	0.97	1.88	1.53	2.14	2.19	1.64	1.07	1.23	1.97	2.12	1.96	2.57	2.51	2.37	2.05	1.54	1.77	1.58	2.18	2.29	1.6	3.1	2.76	2.05	2.11	1.3	1.49	1.92	1.67	1.96	1.75	2.19	1.87	2.17	2.43	1.85	1.77	2.98	2.61	2.41	2.58	1.98	2.25	1.46	1.81	1.46	2.03	2.25	2.54	3.08	2.65	1.96	1.66	2.5	2.54	3.29	4.15	3.01	1.58	1.46	1.49	2.27	1.3	1.23	1.36	2.2	2.22	2.53	2.56	1.46	1.66	1.68	2.02	1.85	1.9	1.8	2.44	2.4	2.2	2.5	1.83	2.19	1.56	1.77	0.86	0.98	1.83	1.48	1.82	1.89	2.25	1.9	1.89	1.63	1.58	2.02	2.34	1.49	1.82	1.82	2.5	2.1	1.31	1.99	1.75	2.51	2.24	2.51	1.75	1.71	1.66	1.32	1.91	2.48	2.31	2.06	1.93	2.43	1.71	1.83	1.92	2.22	1.67	1.85	2.03	1.78	2.15	1.61	2.88	2.12	1.95	1.55	2.48	2.26	2.32	1.9	2.85	2.37	1.88	2.64	2.48	1.93	2.49	2.21	2.04	2.94	1.52	2.47	3.43	2.97	0.97	1.88	1.53	2.14	2.19	1.64	1.07	1.23	1.97	2.12	1.96	2.57	2.51	2.37	2.05	1.54	1.77	1.58	2.18	2.29	1.6	3.1	2.76	2.05	2.11	1.3	1.49	1.92	1.67	1.96
1.0	2.0	3.0	4.0	5.0	6.0	7.0	8.0	9.0	10.0	11.0	12.0	13.0	14.0	15.0	16.0	17.0	18.0	19.0	20.0	21.0	22.0	23.0	24.0	25.0	26.0	27.0	28.0	29.0	30.0	31.0	32.0	33.0	34.0	35.0	36.0	37.0	38.0	39.0	40.0	41.0	42.0	43.0	44.0	45.0	46.0	47.0	48.0	49.0	50.0	51.0	52.0	53.0	54.0	55.0	56.0	57.0	58.0	59.0	60.0	61.0	62.0	63.0	64.0	65.0	66.0	67.0	68.0	69.0	70.0	71.0	72.0	73.0	74.0	75.0	76.0	77.0	78.0	79.0	80.0	81.0	82.0	83.0	84.0	85.0	86.0	87.0	88.0	89.0	90.0	91.0	92.0	93.0	94.0	95.0	96.0	97.0	98.0	99.0	100.0	101.0	102.0	103.0	104.0	105.0	106.0	107.0	108.0	109.0	110.0	111.0	112.0	113.0	114.0	115.0	116.0	117.0	118.0	119.0	120.0	121.0	122.0	123.0	124.0	125.0	126.0	127.0	128.0	129.0	130.0	131.0	132.0	133.0	134.0	135.0	136.0	137.0	138.0	139.0	140.0	141.0	142.0	143.0	144.0	145.0	146.0	147.0	148.0	149.0	149.0	150.0	151.0	152.0	153.0	154.0	155.0	156.0	157.0	158.0	159.0	160.0	161.0	162.0	163.0	164.0	165.0	166.0	167.0	168.0	169.0	170.0	171.0	172.0	173.0	174.0	175.0	176.0	177.0	178.0	179.0	180.0	181.0	182.0	183.0	184.0	185.0	186.0	187.0	188.0	189.0	190.0	191.0	192.0	193.0	194.0	195.0	196.0	197.0	198.0	199.0	200.0	201.0	202.0	203.0	204.0	205.0	206.0	207.0	208.0	209.0	210.0	211.0	212.0	213.0	214.0	215.0	216.0	217.0	218.0	219.0	220.0	221.0	222.0	223.0	224.0	225.0	226.0	227.0	228.0	229.0	230.0	231.0	232.0	233.0	234.0	235.0	236.0	237.0	238.0	239.0	240.0	241.0	242.0	243.0	244.0	245.0	246.0	247.0	248.0	249.0	250.0	251.0	252.0	253.0	254.0	255.0	256.0	257.0	258.0	259.0	260.0	261.0	262.0	263.0	264.0	265.0	266.0	267.0	268.0	269.0	270.0	271.0	272.0	273.0	274.0	275.0	276.0	277.0	278.0	279.0	280.0	281.0	282.0	283.0	284.0	285.0	286.0	287.0	288.0	289.0	290.0	291.0	292.0	293.0	294.0	295.0	296.0	297.0	298.0	298.0	299.0	300.0	301.0	302.0	303.0
4285.6308997312135
