5006.839351618794	1000.0	2000.0	266.87226150984065	0	0.0	5006.839351618794	1	0	tensor(2)	-2.825136343901158
5787.330805018112	3000.0	2219.508546600682	0.0	0	0.0	3006.8393516187944	1	0	tensor(6)	-5.177079944580002
6388.113965862559	3000.0	2618.7253857562373	0.0	0	0.0	3006.839351618796	1	0	tensor(3)	2.1215323440881075
8371.00573973776	6000.0	1635.8336118810366	0.0	0	0.0	3006.839351618797	1	0	tensor(3)	2.121532344088107
9957.8827427888	3000.0	1048.9566088299957	0.0	0	0.0	3006.839351618798	1	0	tensor(3)	1.4283851635281621
10620.420055389437	3000.0	1386.4192962293598	0.0	0	0.0	3006.839351618798	1	0	tensor(3)	2.121532344088107
11056.918254390897	3000.0	1949.9210972279	0.0	0	0.0	3006.839351618799	1	0	tensor(3)	2.1215323440881066
11780.146207419068	3000.0	2226.69314419973	0.0	0	0.0	3006.839351618799	1	0	tensor(3)	2.1215323440881066
12571.21493419775	3000.0	2435.624417421049	0.0	0	0.0	3006.839351618799	1	0	tensor(3)	2.1215323440881066
13864.699496215633	3000.0	2142.1398554031666	0.0	0	0.0	3006.839351618799	1	0	tensor(3)	2.1215323440881066
15030.533244912624	3000.0	1976.306106706178	0.0	0	0.0	3006.8393516188007	1	0	tensor(3)	2.1215323440881066
16081.759617416767	3000.0	1925.079734202035	0.0	0	0.0	3006.8393516188007	1	0	tensor(3)	2.1215323440881066
16678.676302009822	3000.0	2328.163049608977	0.0	0	0.0	3006.839351618799	1	0	tensor(3)	2.1215323440881066
17593.57020330178	3000.0	2413.2691483170215	0.0	0	0.0	3006.8393516188025	1	0	tensor(3)	2.121532344088106
18459.762864844743	3000.0	2547.076486774054	0.0	0	0.0	3006.8393516187953	1	0	tensor(3)	2.1215323440881066
19223.891548608975	3000.0	2782.9478030098203	0.0	0	0.0	3006.8393516187934	1	0	tensor(3)	2.121532344088108
20200.0	3000.0	2806.839351618803	0.0	0	316.66820059107704	3006.839351618797	1	0	tensor(3)	2.121532344088107
21481.372174017426	6000.0	2525.467177601375	0.0	0	0.0	3006.8393516187934	1	0	tensor(3)	2.1215323440881075
22200.0	3000.0	2806.839351618804	0.0	0	47.27336040031878	3006.83935161879	1	0	tensor(3)	1.4283851635281635
24209.714348150923	6000.0	1797.125003467881	0.0	0	0.0	3006.8393516187934	1	0	tensor(3)	2.1215323440881075
25027.215455995298	3000.0	1979.6238956235093	0.0	0	0.0	3006.8393516187934	1	0	tensor(3)	1.428385163528163
25909.54023164718	3000.0	2097.299119971626	0.0	0	0.0	3006.8393516187934	1	0	tensor(3)	2.121532344088108
26867.99435217515	3000.0	2138.8449994436596	0.0	0	0.0	3006.8393516187934	1	0	tensor(3)	2.121532344088108
28130.898426060634	3000.0	1875.9409255581745	0.0	0	0.0	3006.8393516187934	1	0	tensor(3)	2.121532344088108
28972.782291612228	3000.0	2034.0570600065798	0.0	0	0.0	3006.8393516187934	1	0	tensor(3)	2.121532344088108
29420.52681454962	3000.0	2586.3125370691896	0.0	0	0.0	3006.8393516187934	1	0	tensor(3)	2.121532344088108
30200.0	3000.0	2806.8393516188075	0.0	0	82.8477509372824	3006.8393516187934	1	0	tensor(3)	2.121532344088108
31913.044690058323	6000.0	2093.7946615604887	0.0	0	0.0	3006.8393516187934	1	0	tensor(3)	2.1215323440881075
32933.62348625132	3000.0	2073.215865367485	0.0	0	0.0	3006.83935161879	1	0	tensor(3)	1.428385163528163
34325.88392677891	3000.0	1680.9554248398968	0.0	0	0.0	3006.8393516187934	1	0	tensor(3)	2.1215323440881084
35211.97755630853	3000.0	1794.8617953102796	0.0	0	0.0	3006.839351618797	1	0	tensor(3)	2.1215323440881066
36364.3821600426	3000.0	1642.4571915762122	0.0	0	0.0	3006.839351618808	1	0	tensor(3)	2.1215323440881058
37195.539952162006	3000.0	1811.2993994568055	0.0	0	0.0	3006.839351618808	1	0	tensor(3)	2.121532344088105
37851.198024546575	3000.0	2155.6413270722273	0.0	0	0.0	3006.839351618808	1	0	tensor(3)	2.121532344088105
38256.09059410252	3000.0	2750.74875751628	0.0	0	0.0	3006.839351618808	1	0	tensor(3)	2.121532344088105
39925.088244401304	6000.0	2081.7511072174866	0.0	0	0.0	3006.839351618808	1	0	tensor(3)	2.121532344088105
41026.7975004477	3000.0	1980.0418511710873	0.0	0	0.0	3006.839351618808	1	0	tensor(3)	1.4283851635281601
42017.37479386468	3000.0	1989.4645577541141	0.0	0	0.0	3006.839351618808	1	0	tensor(3)	2.121532344088105
43014.111244732776	3000.0	1992.7281068860138	0.0	0	0.0	3006.839351618808	1	0	tensor(3)	2.121532344088105
44550.630582454825	3000.0	1456.2087691639654	0.0	0	0.0	3006.839351618808	1	0	tensor(3)	2.121532344088105
45847.77249580401	3000.0	1159.066855814775	0.0	0	0.0	3006.839351618808	1	0	tensor(3)	2.121532344088105
46537.769984223174	2000.0	1469.069367395615	0.0	0	0.0	3006.839351618808	1	0	tensor(3)	1.3106021278717757
47298.67241534892	2000.0	1708.1669362698622	0.0	0	0.0	3006.839351618808	1	0	tensor(3)	1.7160672359799403
47891.977439976734	2000.0	2114.8619116420614	0.0	0	0.0	3006.839351618808	1	0	tensor(3)	1.7160672359799403
48583.674833991274	3000.0	2423.164517627517	0.0	0	0.0	3006.839351618808	1	0	tensor(3)	1.7160672359799405
49220.03893940264	3000.0	2786.800412216149	0.0	0	0.0	3006.839351618808	1	0	tensor(3)	2.121532344088105
50200.0	3000.0	2806.8393516187944	0.0	0	326.0944406974231	3006.839351618808	1	0	tensor(3)	2.121532344088105
51239.96547179877	3000.0	2766.873879820025	0.0	0	0.0	3006.839351618808	1	0	tensor(3)	2.121532344088105
52751.00709648875	3000.0	2255.8322551300557	0.0	0	0.0	3006.8393516188153	1	0	tensor(3)	2.121532344088104
53938.9527912333	3000.0	2067.886560385502	0.0	0	0.0	3006.8393516188153	1	0	tensor(3)	2.121532344088104
54905.495055187894	3000.0	2101.344296430909	0.0	0	0.0	3006.8393516188153	1	0	tensor(3)	2.121532344088104
55644.51173488484	3000.0	2362.327616733955	0.0	0	0.0	3006.8393516188153	1	0	tensor(3)	2.121532344088104
56591.89835836149	3000.0	2414.9409932573144	0.0	0	0.0	3006.8393516188153	1	0	tensor(3)	2.121532344088104
57484.84123052347	3000.0	2521.998121095344	0.0	0	0.0	3006.8393516188153	1	0	tensor(3)	2.121532344088104
58535.07021580651	3000.0	2471.769135812308	0.0	0	0.0	3006.8393516188225	1	0	tensor(3)	2.1215323440881027
59712.981060327555	3000.0	2293.8582912912707	0.0	0	0.0	3006.8393516188225	1	0	tensor(3)	2.1215323440881027
60732.0661488697	3000.0	2274.7732027491284	0.0	0	0.0	3006.8393516188225	1	0	tensor(3)	2.1215323440881027
61617.79006377542	3000.0	2389.049287843408	0.0	0	0.0	3006.8393516188225	1	0	tensor(3)	2.1215323440881027
62528.99495847179	3000.0	2477.844393147042	0.0	0	0.0	3006.83935161883	1	0	tensor(3)	2.1215323440881013
63870.25691719014	3000.0	2136.5824344286843	0.0	0	0.0	3006.8393516188225	1	0	tensor(3)	2.1215323440881027
64718.20098574237	3000.0	2288.638365876455	0.0	0	0.0	3006.8393516188225	1	0	tensor(3)	2.1215323440881027
66214.499331708	3000.0	1792.340019910837	0.0	0	0.0	3006.839351618837	1	0	tensor(3)	2.1215323440881
67384.06323773907	3000.0	1622.7761138797457	0.0	0	0.0	3006.8393516188225	1	0	tensor(3)	2.1215323440881018
68305.06092265477	3000.0	1701.778428964055	0.0	0	0.0	3006.8393516188153	1	0	tensor(3)	2.121532344088103
69418.76431189796	3000.0	1588.0750397208717	0.0	0	0.0	3006.8393516188225	1	0	tensor(3)	2.1215323440881027
70728.78153956644	3000.0	1278.0578120524017	0.0	0	0.0	3006.8393516188225	1	0	tensor(3)	2.1215323440881027
72238.02917172704	3000.0	768.8101798917874	0.0	0	0.0	3006.839351618808	1	0	tensor(3)	2.121532344088105
72904.5482493927	2000.0	1102.2911022261392	0.0	0	0.0	3006.839351618808	1	0	tensor(3)	1.3106021278717757
73796.79012156124	3000.0	1210.0492300575893	0.0	0	0.0	3006.839351618808	1	0	tensor(3)	1.7160672359799405
74884.57114049999	3000.0	1122.268211118839	0.0	0	0.0	3006.839351618808	1	0	tensor(3)	2.121532344088105
75888.536361439	2000.0	1118.3029901798382	0.0	0	0.0	3006.839351618808	1	0	tensor(3)	1.3106021278717757
76770.05387269566	2000.0	1236.7854789231703	0.0	0	0.0	3006.839351618808	1	0	tensor(3)	1.7160672359799403
77786.5075685211	2000.0	1220.331783097728	0.0	0	0.0	3006.8393516187934	1	0	tensor(3)	1.7160672359799432
79053.1919824418	3000.0	953.647369177021	0.0	0	0.0	3006.8393516187934	1	0	tensor(3)	1.7160672359799434
79656.90773986583	3000.0	1349.9316117529913	0.0	0	0.0	3006.839351618779	1	0	tensor(3)	2.12153234408811
80287.17269647145	3000.0	1719.6666551473756	0.0	0	0.0	3006.839351618779	1	0	tensor(3)	2.12153234408811
81083.31535350555	3000.0	1923.5239981132843	0.0	0	0.0	3006.839351618779	1	0	tensor(3)	2.12153234408811
81587.99102897628	3000.0	2418.848322642557	0.0	0	0.0	3006.839351618779	1	0	tensor(3)	2.12153234408811
82216.50270263475	3000.0	2790.336648984075	0.0	0	0.0	3006.8393516187643	1	0	tensor(3)	2.1215323440881133
83788.98066518044	6000.0	2217.858686438379	0.0	0	0.0	3006.8393516187643	1	0	tensor(3)	2.1215323440881133
85363.85545849876	3000.0	1642.9838931200622	0.0	0	0.0	3006.8393516187643	1	0	tensor(3)	1.4283851635281681
86519.85368620449	3000.0	1486.9856654143412	0.0	0	0.0	3006.839351618779	1	0	tensor(3)	2.12153234408811
87866.06112847281	3000.0	1140.7782231460212	0.0	0	0.0	3006.839351618779	1	0	tensor(3)	2.12153234408811
88833.63422231557	3000.0	1173.2051293032603	0.0	0	0.0	3006.839351618779	1	0	tensor(3)	2.12153234408811
89559.35161016318	2000.0	1447.4877414556347	0.0	0	0.0	3006.8393516187643	1	0	tensor(3)	1.3106021278717837
90967.97944820164	3000.0	1038.8599034171766	0.0	0	0.0	3006.8393516187643	1	0	tensor(3)	1.7160672359799485
92266.76796195956	3000.0	740.0713896592554	0.0	0	0.0	3006.8393516187643	1	0	tensor(3)	2.1215323440881133
92968.37712403316	2000.0	1038.4622275856555	0.0	0	0.0	3006.8393516187643	1	0	tensor(3)	1.3106021278717837
93903.03393897794	2000.0	1103.8054126408667	0.0	0	0.0	3006.8393516187643	1	0	tensor(3)	1.7160672359799483
94593.18742351649	3000.0	1413.6519281023188	0.0	0	0.0	3006.8393516187643	1	0	tensor(3)	1.7160672359799485
95284.1843713664	3000.0	1722.6549802524228	0.0	0	0.0	3006.8393516187643	1	0	tensor(3)	2.1215323440881133
96101.8942576034	3000.0	1904.9450940154204	0.0	0	0.0	3006.8393516187643	1	0	tensor(3)	2.1215323440881133
96812.75276947265	3000.0	2194.0865821461684	0.0	0	0.0	3006.839351618779	1	0	tensor(3)	2.12153234408811
97565.79657222255	3000.0	2441.042779396251	0.0	0	0.0	3006.8393516187643	1	0	tensor(3)	2.1215323440881133
98368.30752896589	3000.0	2638.5318226529125	0.0	0	0.0	3006.8393516187643	1	0	tensor(3)	2.1215323440881133
99397.58830601642	3000.0	2609.2510456023933	0.0	0	0.0	3006.8393516187643	1	0	tensor(3)	2.1215323440881133
100463.08222407669	3000.0	2543.7571275421233	0.0	0	0.0	3006.83935161875	1	0	tensor(3)	2.1215323440881155
101979.56649587327	3000.0	2027.2728557455437	0.0	0	0.0	3006.83935161875	1	0	tensor(3)	2.1215323440881155
102828.44239470256	3000.0	2178.39695691625	0.0	0	0.0	3006.83935161875	1	0	tensor(3)	2.1215323440881155
103736.69215344607	3000.0	2270.1471981727523	0.0	0	0.0	3006.8393516187352	1	0	tensor(3)	2.121532344088118
104467.95596872595	3000.0	2538.883382892871	0.0	0	0.0	3006.8393516187207	1	0	tensor(3)	2.121532344088121
105257.59531038727	3000.0	2749.244041231554	0.0	0	0.0	3006.8393516187207	1	0	tensor(3)	2.121532344088121
106245.96948473029	3000.0	2760.8698668885404	0.0	0	0.0	3006.8393516187207	1	0	tensor(3)	2.121532344088121
107329.58317082578	3000.0	2677.2561807930438	0.0	0	0.0	3006.839351618706	1	0	tensor(3)	2.1215323440881235
108200.0	3000.0	2806.8393516188294	0.0	0	305.36744398772134	3006.839351618706	1	0	tensor(3)	2.1215323440881235
109200.0	3000.0	2806.839351618853	0.0	0	189.21360033136443	3006.8393516187207	1	0	tensor(3)	2.121532344088121
110200.0	3000.0	2806.8393516188416	0.0	0	267.2439409259532	3006.8393516187207	1	0	tensor(3)	2.121532344088121
111200.0	3000.0	2806.839351618846	0.0	0	395.6928450124833	3006.8393516187352	1	0	tensor(3)	2.121532344088118
113095.08062804412	6000.0	1911.7587235747267	0.0	0	0.0	3006.8393516187352	1	0	tensor(3)	2.121532344088118
114594.40639365307	3000.0	1412.4329579657785	0.0	0	0.0	3006.8393516187352	1	0	tensor(3)	1.4283851635281735
115429.44383420833	3000.0	1577.3955174105276	0.0	0	0.0	3006.83935161875	1	0	tensor(3)	2.1215323440881155
116120.0921896736	3000.0	1886.7471619452695	0.0	0	0.0	3006.83935161875	1	0	tensor(3)	2.1215323440881155
117364.37728317396	3000.0	1642.4620684449196	0.0	0	0.0	3006.83935161875	1	0	tensor(3)	2.1215323440881155
118259.23683350625	3000.0	1747.6025181126263	0.0	0	0.0	3006.83935161875	1	0	tensor(3)	2.1215323440881155
119355.11476424808	3000.0	1651.724587370798	0.0	0	0.0	3006.83935161875	1	0	tensor(3)	2.1215323440881155
120633.18205706516	3000.0	1373.657294553711	0.0	0	0.0	3006.83935161875	1	0	tensor(3)	2.1215323440881155
121760.92668396202	3000.0	1245.9126676568515	0.0	0	0.0	3006.83935161875	1	0	tensor(3)	2.1215323440881155
122502.1724798136	3000.0	1504.666871805289	0.0	0	0.0	3006.83935161875	1	0	tensor(3)	2.1215323440881155
123391.4316020353	3000.0	1615.4077495835716	0.0	0	0.0	3006.83935161875	1	0	tensor(3)	2.1215323440881155
124286.52525002332	3000.0	1720.314101595553	0.0	0	0.0	3006.83935161875	1	0	tensor(3)	2.1215323440881155
125775.26148606626	3000.0	1231.5778655526133	0.0	0	0.0	3006.83935161875	1	0	tensor(3)	2.1215323440881155
126753.32031543278	3000.0	1253.5190361861066	0.0	0	0.0	3006.8393516187643	1	0	tensor(3)	2.1215323440881133
127762.44988879748	3000.0	1244.3894628214045	0.0	0	0.0	3006.8393516187643	1	0	tensor(3)	2.1215323440881133
129101.6441003636	3000.0	905.1952512552975	0.0	0	0.0	3006.8393516187643	1	0	tensor(3)	2.1215323440881133
130383.21112312225	3000.0	623.6282284966462	0.0	0	0.0	3006.8393516187643	1	0	tensor(3)	2.1215323440881133
132346.1397430256	3000.0	207.41561864308545	546.7160100497633	0	0.0	3553.55536166855	1	0	tensor(3)	-1.2826136745005812
133461.19060834925	2000.0	439.5694656526631	347.20471233326725	0	0.0	1900.7600740019407	1	0	tensor(6)	-6.646941676410213
134262.60151851687	2000.0	638.1585554850251	0.0	0	0.0	1900.7600740019407	1	0	tensor(3)	1.8417517056975545
134897.28573259254	2000.0	1003.4743414093546	0.0	0	0.0	1900.7600740019407	1	0	tensor(3)	1.841751705697554
135642.42342280783	3000.0	1258.33665119407	0.0	0	0.0	1900.7600740019407	1	0	tensor(3)	1.8417517056975548
136456.41707633005	3000.0	1444.3429976718671	0.0	0	0.0	1900.7600740019407	1	0	tensor(3)	2.2472168138057196
137253.97885308583	3000.0	1646.7812209161254	0.0	0	0.0	1900.7600740019407	1	0	tensor(3)	2.2472168138057196
138364.2002233178	3000.0	1536.5598506841438	0.0	0	0.0	1900.7600740019407	1	0	tensor(3)	2.2472168138057196
139503.85647016278	3000.0	1396.903603839183	0.0	0	0.0	1900.7600740019407	1	0	tensor(3)	2.2472168138057196
140200.0	3000.0	1700.7600740019352	0.0	0	2.454805523622781	1900.7600740019407	1	0	tensor(3)	2.2472168138057196
141200.0	3000.0	1700.7600740019261	0.0	0	231.3395231833274	1900.7600740019698	1	0	tensor(3)	2.2472168138057174
142262.42897174097	3000.0	1638.3311022609382	0.0	0	0.0	1900.7600740019698	1	0	tensor(3)	2.2472168138057174
143200.0	3000.0	1700.7600740018765	0.0	0	260.1812698630674	1900.7600740019407	1	0	tensor(3)	2.2472168138057196
144200.0	3000.0	1700.7600740018609	0.0	0	142.16182098718127	1900.7600740019407	1	0	tensor(3)	2.2472168138057196
145200.0	3000.0	1700.7600740018686	0.0	0	127.07450986100594	1900.7600740019407	1	0	tensor(3)	2.2472168138057196
146270.01051634582	3000.0	1630.7495576560495	0.0	0	0.0	1900.7600740019407	1	0	tensor(3)	2.2472168138057196
147434.531308226	3000.0	1466.2287657758782	0.0	0	0.0	1900.7600740019407	1	0	tensor(3)	2.2472168138057196
148540.33101090367	3000.0	1360.4290630982252	0.0	0	0.0	1900.7600740019407	1	0	tensor(3)	2.2472168138057196
149737.32772889375	3000.0	1163.432345108132	0.0	0	0.0	1900.7600740019407	1	0	tensor(3)	2.2472168138057196
151094.27273811182	3000.0	806.4873358900982	0.0	0	0.0	1900.7600740019407	1	0	tensor(3)	2.2472168138057196
151993.6499924016	3000.0	907.1100816003311	0.0	0	0.0	1900.7600740019116	1	0	tensor(3)	2.247216813805721
152942.88698295847	3000.0	957.8730910434534	0.0	0	0.0	1900.7600740019407	1	0	tensor(3)	2.2472168138057196
153903.18196725767	3000.0	997.5781067442327	0.0	0	0.0	1900.7600740019407	1	0	tensor(3)	2.2472168138057196
154385.40005333527	3000.0	1515.3600206666215	0.0	0	0.0	1900.7600740019407	1	0	tensor(3)	2.2472168138057196
155200.0	3000.0	1700.7600740018547	0.0	0	200.92610485939076	1900.7600740019407	1	0	tensor(3)	2.2472168138057196
156200.0	3000.0	1700.7600740018675	0.0	0	197.88964239682537	1900.7600740019407	1	0	tensor(3)	2.24721681380572
157200.0	3000.0	1700.7600740018752	0.0	0	140.1349098130304	1900.7600740019407	1	0	tensor(3)	2.2472168138057196
158200.0	3000.0	1700.7600740018934	0.0	0	117.57127808086807	1900.7600740019698	1	0	tensor(3)	2.2472168138057182
159279.7618190011	3000.0	1620.9982550007917	0.0	0	0.0	1900.7600740019407	1	0	tensor(3)	2.2472168138057196
160200.0	3000.0	1700.7600740019261	0.0	0	120.07809231392457	1900.7600740019698	1	0	tensor(3)	2.2472168138057174
161200.0	3000.0	1700.760074001884	0.0	0	510.8416236053745	1900.7600740019116	1	0	tensor(3)	2.2472168138057205
162200.0	3000.0	1700.760074001865	0.0	0	437.4453740279714	1900.7600740018825	1	0	tensor(3)	2.2472168138057222
163464.72184467275	3000.0	1436.0382293291086	0.0	0	0.0	1900.7600740018825	1	0	tensor(3)	2.247216813805723
164475.5468092749	3000.0	1425.2132647269623	0.0	0	0.0	1900.7600740019116	1	0	tensor(3)	2.247216813805721
165406.61182729984	3000.0	1494.1482467020276	0.0	0	0.0	1900.7600740019116	1	0	tensor(3)	2.247216813805721
166209.63336950325	3000.0	1691.1267044985898	0.0	0	0.0	1900.7600740019116	1	0	tensor(3)	2.247216813805721
167200.0	3000.0	1700.7600740018713	0.0	0	144.89569413487334	1900.7600740019407	1	0	tensor(3)	2.2472168138057196
168200.0	3000.0	1700.760074001901	0.0	0	335.62488900779863	1900.7600740019407	1	0	tensor(3)	2.2472168138057196
169272.7848008367	3000.0	1627.9752731651943	0.0	0	0.0	1900.7600740019116	1	0	tensor(3)	2.247216813805721
170200.0	3000.0	1700.7600740019143	0.0	0	205.07271327913622	1900.7600740018825	1	0	tensor(3)	2.247216813805723
171200.0	3000.0	1700.7600740018977	0.0	0	250.47414992831182	1900.7600740018534	1	0	tensor(3)	2.247216813805725
172200.0	3000.0	1700.7600740018715	0.0	0	157.19929968990618	1900.7600740018534	1	0	tensor(3)	2.247216813805725
173314.18150301132	3000.0	1586.5785709905408	0.0	0	0.0	1900.7600740018243	1	0	tensor(3)	2.2472168138057267
174229.45992138583	3000.0	1671.3001526160247	0.0	0	0.0	1900.7600740018243	1	0	tensor(3)	2.2472168138057267
175200.0	3000.0	1700.760074001831	0.0	0	3.9596371807565447	1900.7600740018243	1	0	tensor(3)	2.2472168138057267
176727.84558644064	3000.0	1172.914487561212	0.0	0	0.0	1900.7600740018534	1	0	tensor(3)	2.247216813805725
177515.56937384765	3000.0	1385.190700154198	0.0	0	0.0	1900.7600740018534	1	0	tensor(3)	2.247216813805725
178200.0	3000.0	1700.7600740018202	0.0	0	121.28448659265996	1900.7600740018243	1	0	tensor(3)	2.2472168138057267
179200.0	3000.0	1700.7600740018236	0.0	0	520.637499361037	1900.7600740018534	1	0	tensor(3)	2.247216813805725
180200.0	3000.0	1700.7600740017979	0.0	0	363.76774856142583	1900.7600740018243	1	0	tensor(3)	2.2472168138057267
181227.55370367362	3000.0	1673.206370328214	0.0	0	0.0	1900.7600740018534	1	0	tensor(3)	2.247216813805725
183134.3271525195	3000.0	766.4329214823731	0.0	0	0.0	1900.7600740018534	1	0	tensor(3)	2.247216813805725
184192.2566555689	3000.0	708.5034184329662	0.0	0	0.0	1900.7600740018534	1	0	tensor(3)	2.247216813805725
185351.26296361466	3000.0	549.4971103871742	0.0	0	0.0	1900.7600740018243	1	0	tensor(3)	2.2472168138057267
185800.30414951706	2000.0	1100.455924484786	0.0	0	0.0	1900.7600740018243	1	0	tensor(3)	1.4362865975893973
186558.25483871964	3000.0	1342.5052352822233	0.0	0	0.0	1900.7600740018243	1	0	tensor(3)	1.841751705697562
187200.0	3000.0	1700.7600740019097	0.0	0	26.862705662555527	1900.7600740018534	1	0	tensor(3)	2.247216813805725
188200.0	3000.0	1700.76007400196	0.0	0	101.21906718233367	1900.7600740018825	1	0	tensor(3)	2.247216813805724
189200.0	3000.0	1700.7600740019518	0.0	0	175.43065714181284	1900.7600740018825	1	0	tensor(3)	2.247216813805723
190296.96088484064	3000.0	1603.7991891612992	0.0	0	0.0	1900.7600740018825	1	0	tensor(3)	2.247216813805723
191205.0428167874	3000.0	1695.7172572145398	0.0	0	0.0	1900.7600740018825	1	0	tensor(3)	2.247216813805723
192368.74396169552	3000.0	1532.0161123063976	0.0	0	0.0	1900.7600740018534	1	0	tensor(3)	2.2472168138057245
194273.23174756466	3000.0	627.528326437231	0.0	0	0.0	1900.7600740018243	1	0	tensor(3)	2.2472168138057267
195276.82859841574	2000.0	623.9314755861363	0.0	0	0.0	1900.7600740017951	1	0	tensor(3)	1.4362865975893992
196031.41654917438	2000.0	869.3435248275024	0.0	0	0.0	1900.7600740017951	1	0	tensor(3)	1.8417517056975639
196634.16120115522	2000.0	1266.5988728466868	0.0	0	0.0	1900.7600740017951	1	0	tensor(3)	1.8417517056975639
197200.0	2000.0	1700.7600740019348	0.0	0	35.76546205856721	1900.7600740017951	1	0	tensor(3)	1.8417517056975639
198200.0	3000.0	1700.760074001932	0.0	0	67.13386586838169	1900.7600740017951	1	0	tensor(3)	1.8417517056975639
199200.0	3000.0	1700.7600740019443	0.0	0	316.67271064026863	1900.7600740017951	1	0	tensor(3)	2.2472168138057285
200200.0	3000.0	1700.7600740019611	0.0	0	300.28784452335094	1900.7600740017951	1	0	tensor(3)	2.2472168138057285
201250.31125593724	3000.0	1650.4488180647247	0.0	0	0.0	1900.7600740017951	1	0	tensor(3)	2.2472168138057285
202533.73409667207	3000.0	1367.025977329888	0.0	0	0.0	1900.7600740017951	1	0	tensor(3)	2.2472168138057285
203625.85010830525	3000.0	1274.9099656966935	0.0	0	0.0	1900.7600740017951	1	0	tensor(3)	2.2472168138057285
204592.3918949422	3000.0	1308.3681790597388	0.0	0	0.0	1900.7600740018243	1	0	tensor(3)	2.2472168138057267
205670.013798373	3000.0	1230.7462756289624	0.0	0	0.0	1900.7600740018243	1	0	tensor(3)	2.2472168138057267
206760.87579092907	3000.0	1139.8842830729168	0.0	0	0.0	1900.7600740018534	1	0	tensor(3)	2.247216813805725
208007.67579981644	3000.0	893.0842741855364	0.0	0	0.0	1900.7600740018534	1	0	tensor(3)	2.247216813805725
208772.93992008097	3000.0	1127.820153921006	0.0	0	0.0	1900.7600740018243	1	0	tensor(3)	2.247216813805726
209437.87211068912	3000.0	1462.8879633128586	0.0	0	0.0	1900.7600740018243	1	0	tensor(3)	2.2472168138057267
210200.0	3000.0	1700.7600740019857	0.0	0	127.57710378943011	1900.7600740018243	1	0	tensor(3)	2.2472168138057267
211200.0	3000.0	1700.760074001999	0.0	0	35.33117357201991	1900.7600740018243	1	0	tensor(3)	2.2472168138057267
212200.0	3000.0	1700.7600740020275	0.0	0	173.6010394517507	1900.7600740018534	1	0	tensor(3)	2.2472168138057254
213695.29171871537	3000.0	1205.4683552866463	0.0	0	0.0	1900.7600740018825	1	0	tensor(3)	2.2472168138057245
214840.6548556723	3000.0	1060.105218329719	0.0	0	0.0	1900.7600740018534	1	0	tensor(3)	2.247216813805725
215907.25777147972	3000.0	993.5023025223015	0.0	0	0.0	1900.7600740018825	1	0	tensor(3)	2.247216813805724
217031.4175216033	3000.0	869.3425523987374	0.0	0	0.0	1900.7600740019116	1	0	tensor(3)	2.247216813805722
218578.18387266016	3000.0	322.5762013418256	0.0	0	0.0	1900.7600740018825	1	0	tensor(3)	2.247216813805723
219353.99825218547	2000.0	581.6808207881313	34.918998971601354	0	0.0	1935.679072973464	1	0	tensor(3)	1.2244927353417252
220429.52938642554	2000.0	506.14968654803323	0.0	0	0.0	1935.679072973464	1	0	tensor(3)	1.839471837279498
221362.12698528368	2000.0	573.552087689885	0.0	0	0.0	1935.6790729734348	1	0	tensor(3)	1.8394718372795
221950.88304858893	2000.0	984.7960243846323	0.0	0	0.0	1935.6790729734348	1	0	tensor(3)	1.8394718372795
222862.61589030453	2000.0	1073.0631826690478	0.0	0	0.0	1935.6790729734348	1	0	tensor(3)	1.8394718372795
223490.64976452666	2000.0	1445.02930844694	0.0	0	0.0	1935.6790729734348	1	0	tensor(3)	1.8394718372795
224983.18048038642	3000.0	952.4985925871856	0.0	0	0.0	1935.679072973464	1	0	tensor(3)	1.8394718372794983
225794.8893239721	2000.0	1140.7897490015232	0.0	0	0.0	1935.679072973493	1	0	tensor(3)	1.4340067291713314
226957.42126600625	2000.0	978.2578069674088	0.0	0	0.0	1935.6790729735221	1	0	tensor(3)	1.8394718372794947
227758.3974079582	2000.0	1177.281665015481	0.0	0	0.0	1935.6790729735221	1	0	tensor(3)	1.839471837279494
228609.04865943055	3000.0	1326.630413543136	0.0	0	0.0	1935.6790729735512	1	0	tensor(3)	1.8394718372794923
229277.54729354096	3000.0	1658.1317794327374	0.0	0	0.0	1935.6790729735512	1	0	tensor(3)	2.244936945387657
230200.0	3000.0	1735.6790729737036	0.0	0	100.66690283027128	1935.6790729735512	1	0	tensor(3)	2.244936945387657
231200.0	3000.0	1735.6790729737015	0.0	0	282.9895839752862	1935.6790729735512	1	0	tensor(3)	2.244936945387657
232200.0	3000.0	1735.6790729736902	0.0	0	86.4003865692066	1935.6790729735803	1	0	tensor(3)	2.2449369453876553
233624.8559722997	3000.0	1310.823100674006	0.0	0	0.0	1935.6790729736094	1	0	tensor(3)	2.244936945387653
234991.00991247004	3000.0	944.669160503641	0.0	0	0.0	1935.6790729736094	1	0	tensor(3)	2.244936945387653
236255.85195664162	3000.0	679.8271163320642	0.0	0	0.0	1935.6790729736094	1	0	tensor(3)	2.244936945387653
237065.65300821944	2000.0	870.0260647542603	0.0	0	0.0	1935.6790729736094	1	0	tensor(3)	1.4340067291713237
237922.70314381568	3000.0	1012.9759291580344	0.0	0	0.0	1935.6790729736385	1	0	tensor(3)	1.8394718372794865
239129.47476552994	2000.0	806.2043074437686	0.0	0	0.0	1935.6790729736094	1	0	tensor(3)	1.4340067291713237
240273.32002364658	2000.0	662.3590493271688	0.0	0	0.0	1935.6790729736094	1	0	tensor(3)	1.8394718372794883
240852.19652483886	2000.0	1083.48254813486	0.0	0	0.0	1935.6790729736094	1	0	tensor(3)	1.8394718372794878
241867.73702353207	3000.0	1067.9420494416427	0.0	0	0.0	1935.6790729736385	1	0	tensor(3)	1.8394718372794865
242906.60261221052	2000.0	1029.0764607631718	0.0	0	0.0	1935.6790729736385	1	0	tensor(3)	1.4340067291713217
243642.757714023	3000.0	1292.9213589507167	0.0	0	0.0	1935.6790729736676	1	0	tensor(3)	1.8394718372794845
244339.58202020303	3000.0	1596.0970527706631	0.0	0	0.0	1935.6790729736385	1	0	tensor(3)	2.244936945387651
245200.0	3000.0	1735.6790729736924	0.0	0	178.63239914932637	1935.6790729736385	1	0	tensor(3)	2.244936945387651
246200.0	3000.0	1735.6790729737259	0.0	0	116.3381787580438	1935.6790729736385	1	0	tensor(3)	2.244936945387651
247222.6262416628	3000.0	1713.0528313108862	0.0	0	0.0	1935.6790729736385	1	0	tensor(3)	2.244936945387651
248212.0967250794	3000.0	1723.5823478942887	0.0	0	0.0	1935.6790729736385	1	0	tensor(3)	2.244936945387651
249200.0	3000.0	1735.6790729736788	0.0	0	214.1200384113472	1935.6790729736094	1	0	tensor(3)	2.2449369453876526
250740.43215716572	3000.0	1195.2469158079384	0.0	0	0.0	1935.6790729736094	1	0	tensor(3)	2.244936945387653
251665.38603998034	3000.0	1270.2930329933238	0.0	0	0.0	1935.6790729736385	1	0	tensor(3)	2.2449369453876526
252596.85248725145	3000.0	1338.8265857222154	0.0	0	0.0	1935.6790729736385	1	0	tensor(3)	2.244936945387651
253347.24107701995	3000.0	1588.43799595369	0.0	0	0.0	1935.6790729736385	1	0	tensor(3)	2.244936945387651
254374.14706877124	3000.0	1561.5320042024032	0.0	0	0.0	1935.6790729736385	1	0	tensor(3)	2.244936945387651
255200.0	3000.0	1735.6790729736051	0.0	0	104.47485576287727	1935.6790729736385	1	0	tensor(3)	2.244936945387651
256200.0	3000.0	1735.6790729736028	0.0	0	123.20325432845857	1935.6790729736385	1	0	tensor(3)	2.244936945387651
257200.0	3000.0	1735.6790729735771	0.0	0	82.36986514049931	1935.6790729736385	1	0	tensor(3)	2.244936945387651
258356.8930513464	3000.0	1578.7860216271797	0.0	0	0.0	1935.6790729736385	1	0	tensor(3)	2.244936945387651
259445.39639018808	3000.0	1490.282682785508	0.0	0	0.0	1935.6790729736094	1	0	tensor(3)	2.244936945387653
260200.0	3000.0	1735.6790729736085	0.0	0	27.96211532142479	1935.6790729736094	1	0	tensor(3)	2.244936945387653
262109.80932137414	6000.0	825.8697515994977	0.0	0	0.0	1935.6790729736094	1	0	tensor(3)	2.2449369453876526
263239.6510970543	3000.0	696.0279759193431	0.0	0	0.0	1935.6790729735803	1	0	tensor(3)	1.5517897648277095
264133.41411867057	3000.0	802.2649543030147	0.0	0	0.0	1935.6790729735512	1	0	tensor(3)	2.244936945387657
264946.85547821387	3000.0	988.8235947596875	0.0	0	0.0	1935.6790729735512	1	0	tensor(3)	2.244936945387657
266010.5516083869	3000.0	925.1274645866054	0.0	0	0.0	1935.679072973493	1	0	tensor(3)	2.2449369453876593
266725.05720708944	2000.0	1210.6218658841037	0.0	0	0.0	1935.6790729735512	1	0	tensor(3)	1.4340067291713297
267561.5291808841	3000.0	1374.149892089379	0.0	0	0.0	1935.6790729735512	1	0	tensor(3)	1.8394718372794923
268430.2138123604	3000.0	1505.4652606130803	0.0	0	0.0	1935.6790729735512	1	0	tensor(3)	2.244936945387657
269824.36274122103	3000.0	1111.3163317524095	0.0	0	0.0	1935.679072973493	1	0	tensor(3)	2.2449369453876584
270656.644849002	3000.0	1279.0342239714164	0.0	0	0.0	1935.679072973493	1	0	tensor(3)	2.2449369453876606
271752.81918680953	3000.0	1182.8598861638534	0.0	0	0.0	1935.6790729734348	1	0	tensor(3)	2.2449369453876615
272701.7876327474	3000.0	1233.8914402260334	0.0	0	0.0	1935.679072973493	1	0	tensor(3)	2.2449369453876638
273415.62997237575	3000.0	1520.0491005976678	0.0	0	0.0	1935.679072973493	1	0	tensor(3)	2.2449369453876606
274539.8079376355	3000.0	1395.8711353379979	0.0	0	0.0	1935.6790729735512	1	0	tensor(3)	2.244936945387657
275200.0	2000.0	1735.6790729736085	0.0	0	108.07898589107208	1935.6790729735512	1	0	tensor(3)	1.4340067291713274
276200.0	3000.0	1735.6790729736665	0.0	0	133.0576975105796	1935.6790729736094	1	0	tensor(3)	1.8394718372794885
277770.27085406374	3000.0	1165.4082189098638	0.0	0	0.0	1935.6790729735512	1	0	tensor(3)	2.244936945387657
279029.7882802277	3000.0	905.8907927459088	0.0	0	0.0	1935.6790729735512	1	0	tensor(3)	2.244936945387657
280914.00639540434	3000.0	200.0	178.32732243067085	0	0.0	2114.0063954043435	1	0	tensor(3)	1.1697401111759
281830.7917433827	2000.0	552.3154779138641	269.1008258922045	0	0.0	2383.107221296581	1	0	tensor(3)	-0.21771209153445586
282515.76287211425	2000.0	867.344349182338	0.0	0	0.0	2383.107221296581	1	0	tensor(3)	1.8023579719269325
283469.3267605759	2000.0	913.7804607207107	0.0	0	0.0	2383.107221296581	1	0	tensor(3)	1.8023579719269325
284108.29395484406	2000.0	1274.8132664525442	0.0	0	0.0	2383.107221296581	1	0	tensor(3)	1.8023579719269325
284748.8458540079	3000.0	1634.2613672887503	0.0	0	0.0	2383.107221296639	1	0	tensor(3)	1.8023579719269267
285272.30679451686	3000.0	2110.800426779765	0.0	0	0.0	2383.107221296639	1	0	tensor(3)	2.2078230800350913
286200.0	3000.0	2183.1072212966365	0.0	0	348.3452540318249	2383.1072212966974	1	0	tensor(3)	2.2078230800350878
287308.54331159394	3000.0	2074.5639097027433	0.0	0	0.0	2383.1072212966974	1	0	tensor(3)	2.2078230800350855
288210.8889261073	3000.0	2172.21829518936	0.0	0	0.0	2383.107221296639	1	0	tensor(3)	2.2078230800350913
289288.0368393965	3000.0	2095.070381900143	0.0	0	0.0	2383.1072212966974	1	0	tensor(3)	2.2078230800350855
290200.0	3000.0	2183.107221296608	0.0	0	240.67654606048018	2383.107221296639	1	0	tensor(3)	2.2078230800350913
291200.0	3000.0	2183.107221296539	0.0	0	242.2291531577357	2383.107221296581	1	0	tensor(3)	2.207823080035097
292200.0	3000.0	2183.107221296598	0.0	0	242.96962348395027	2383.107221296639	1	0	tensor(3)	2.2078230800350913
293562.17664846755	3000.0	1820.9305728290485	0.0	0	0.0	2383.107221296581	1	0	tensor(3)	2.207823080035097
294662.7785495021	3000.0	1720.328671794526	0.0	0	0.0	2383.107221296581	1	0	tensor(3)	2.207823080035097
295957.30077272205	3000.0	1425.8064485746202	0.0	0	0.0	2383.107221296581	1	0	tensor(3)	2.207823080035097
296921.2455611099	3000.0	1461.861660186729	0.0	0	0.0	2383.107221296581	1	0	tensor(3)	2.207823080035097
297592.2216268624	3000.0	1790.8855944342504	0.0	0	0.0	2383.107221296581	1	0	tensor(3)	2.207823080035097
298401.471242339	3000.0	1981.6359789576325	0.0	0	0.0	2383.1072212965228	1	0	tensor(3)	2.2078230800351033
299524.7476567875	3000.0	1858.3595645091243	0.0	0	0.0	2383.1072212965228	1	0	tensor(3)	2.2078230800351033
300456.1181369255	3000.0	1926.9890843710855	0.0	0	0.0	2383.1072212964646	1	0	tensor(3)	2.207823080035109
301452.9947751989	3000.0	1930.1124460976532	0.0	0	0.0	2383.1072212964646	1	0	tensor(3)	2.207823080035109
302644.61347257847	3000.0	1738.4937487180964	0.0	0	0.0	2383.1072212964646	1	0	tensor(3)	2.207823080035109
303233.7798403379	3000.0	2149.3273809585744	0.0	0	0.0	2383.1072212964646	1	0	tensor(3)	2.207823080035109
304387.42030493176	6000.0	1995.6869163648557	0.0	0	0.0	2383.1072212965228	1	0	tensor(3)	2.2078230800351033
5.07	5.92	2.99	3.17	1.88	3.9	6.06	4.73	3.15	2.39	3.42	4.09	3.48	3.97	3.06	4.52	3.59	5.02	3.38	3.46	4.31	3.5	2.19	4.23	5.53	5.13	2.78	2.78	1.47	2.75	4.76	2.88	4.63	5.94	3.23	2.68	3.76	3.87	2.59	1.69	1.88	2.29	2.62	3.45	3.85	5.17	2.79	2.51	2.56	3.28	3.86	3.58	3.92	3.02	3.31	4.03	4.27	4.24	2.95	2.81	2.35	3.28	3.64	3.14	2.15	2.75	1.92	2.46	2.95	2.78	2.55	2.42	1.89	2.88	3.72	3.85	5.26	5.09	3.94	2.12	2.86	2.95	2.73	3.36	2.42	1.89	2.55	2.86	1.67	3.73	3.98	3.81	4.76	3.32	2.81	3.3	2.17	2.56	4.23	4.45	3.3	3.51	4.0	4.37	2.83	3.7	5.79	3.88	3.04	2.17	3.28	3.68	2.88	3.52	2.54	2.62	3.6	3.72	3.34	3.54	1.92	3.56	3.35	2.11	2.85	3.05	1.05	2.21	2.36	2.83	4.56	5.14	3.96	2.36	3.12	3.75	3.93	3.48	3.87	2.4	3.34	2.93	3.85	3.56	3.36	2.42	3.86	3.44	3.08	3.97	5.07	5.92	2.99	3.17	1.88	3.9	6.06	4.73	3.15	2.39	3.42	4.09	3.48	3.97	3.06	4.52	3.59	5.02	3.38	3.46	4.31	3.5	2.19	4.23	5.53	5.13	2.78	2.78	1.47	2.75	4.76	2.88	4.63	5.94	3.23	2.68	3.76	3.87	2.59	1.69	1.88	2.29	2.62	3.45	3.85	5.17	2.79	2.51	2.56	3.28	3.86	3.58	3.92	3.02	3.31	4.03	4.27	4.24	2.95	2.81	2.35	3.28	3.64	3.14	2.15	2.75	1.92	2.46	2.95	2.78	2.55	2.42	1.89	2.88	3.72	3.85	5.26	5.09	3.94	2.12	2.86	2.95	2.73	3.36	2.42	1.89	2.55	2.86	1.67	3.73	3.98	3.81	4.76	3.32	2.81	3.3	2.17	2.56	4.23	4.45	3.3	3.51	4.0	4.37	2.83	3.7	5.79	3.88	3.04	2.17	3.28	3.68	2.88	3.52	2.54	2.62	3.6	3.72	3.34	3.54	1.92	3.56	3.35	2.11	2.85	3.05	1.05	2.21	2.36	2.83	4.56	5.14	3.96	2.36	3.12	3.75	3.93	3.48	3.87	2.4	3.34	2.93	3.85	3.56	3.36	2.42	3.86	3.44	3.08	3.97	5.07	5.92	2.99	3.17
1.0	2.0	3.0	4.0	5.0	6.0	7.0	8.0	9.0	10.0	11.0	12.0	13.0	14.0	15.0	16.0	17.0	18.0	19.0	20.0	21.0	22.0	23.0	24.0	25.0	26.0	27.0	28.0	29.0	30.0	31.0	32.0	33.0	34.0	35.0	36.0	37.0	38.0	39.0	40.0	41.0	42.0	43.0	44.0	45.0	46.0	47.0	48.0	49.0	50.0	51.0	52.0	53.0	54.0	55.0	56.0	57.0	58.0	59.0	60.0	61.0	62.0	63.0	64.0	65.0	66.0	67.0	68.0	69.0	70.0	71.0	72.0	73.0	74.0	75.0	76.0	77.0	78.0	79.0	80.0	81.0	82.0	83.0	84.0	85.0	86.0	87.0	88.0	89.0	90.0	91.0	92.0	93.0	94.0	95.0	96.0	97.0	98.0	99.0	100.0	101.0	102.0	103.0	104.0	105.0	106.0	107.0	108.0	109.0	110.0	111.0	112.0	113.0	114.0	115.0	116.0	117.0	118.0	119.0	120.0	121.0	122.0	123.0	124.0	125.0	126.0	127.0	128.0	129.0	130.0	131.0	132.0	133.0	134.0	135.0	136.0	137.0	138.0	139.0	140.0	141.0	142.0	143.0	144.0	145.0	146.0	147.0	148.0	149.0	149.0	150.0	151.0	152.0	153.0	154.0	155.0	156.0	157.0	158.0	159.0	160.0	161.0	162.0	163.0	164.0	165.0	166.0	167.0	168.0	169.0	170.0	171.0	172.0	173.0	174.0	175.0	176.0	177.0	178.0	179.0	180.0	181.0	182.0	183.0	184.0	185.0	186.0	187.0	188.0	189.0	190.0	191.0	192.0	193.0	194.0	195.0	196.0	197.0	198.0	199.0	200.0	201.0	202.0	203.0	204.0	205.0	206.0	207.0	208.0	209.0	210.0	211.0	212.0	213.0	214.0	215.0	216.0	217.0	218.0	219.0	220.0	221.0	222.0	223.0	224.0	225.0	226.0	227.0	228.0	229.0	230.0	231.0	232.0	233.0	234.0	235.0	236.0	237.0	238.0	239.0	240.0	241.0	242.0	243.0	244.0	245.0	246.0	247.0	248.0	249.0	250.0	251.0	252.0	253.0	254.0	255.0	256.0	257.0	258.0	259.0	260.0	261.0	262.0	263.0	264.0	265.0	266.0	267.0	268.0	269.0	270.0	271.0	272.0	273.0	274.0	275.0	276.0	277.0	278.0	279.0	280.0	281.0	282.0	283.0	284.0	285.0	286.0	287.0	288.0	289.0	290.0	291.0	292.0	293.0	294.0	295.0	296.0	297.0	298.0	298.0	299.0	300.0	301.0	302.0
4639.41106288215
