5048.019284785108	1000.0	2000.0	260.27812388368517	0	0.0	5048.019284785108	1	0	tensor(2)	-2.8207206982488375
5661.9350435666265	3000.0	2447.4758170966334	0.0	0	0.0	5109.41086066326	1	0	tensor(2)	0.06297571444278202
6179.870845648775	3000.0	2929.5400150144865	0.0	0	0.0	5109.410860663261	1	0	tensor(3)	0.9485225267417001
7674.780302562781	6000.0	2434.6305581004794	0.0	0	0.0	5109.41086066326	1	0	tensor(3)	1.1485225267416999
8672.563519191663	3000.0	2436.8473414715995	0.0	0	0.0	3109.4108606632617	1	0	tensor(6)	-4.59115455908975
9937.139453300915	3000.0	2172.2714073623456	0.0	0	0.0	3109.41086066326	1	0	tensor(3)	2.1019926214701954
11110.264456843886	3000.0	1999.1464038193747	0.0	0	0.0	3109.410860663261	1	0	tensor(3)	2.1019926214701954
12114.8854545557	3000.0	1994.5254061075627	0.0	0	0.0	3109.4108606632617	1	0	tensor(3)	2.1019926214701954
12716.258827608703	3000.0	2393.152033054561	0.0	0	0.0	3109.4108606632617	1	0	tensor(3)	2.1019926214701954
13218.84877581124	3000.0	2890.5620848520252	0.0	0	0.0	3109.4108606632635	1	0	tensor(3)	2.101992621470195
14200.0	3000.0	2909.410860663267	0.0	0	25.029120388138836	3109.4108606632635	1	0	tensor(3)	2.101992621470195
15200.0	3000.0	2909.410860663267	0.0	0	228.09274668071157	3109.4108606632617	1	0	tensor(3)	2.1019926214701954
16493.429980238365	6000.0	2615.9808804249033	0.0	0	0.0	3109.4108606632617	1	0	tensor(3)	2.101992621470195
17200.0	3000.0	2909.4108606632717	0.0	0	32.73444198191646	3109.410860663267	1	0	tensor(3)	1.4088454409102498
18311.563131905787	3000.0	2797.847728757487	0.0	0	0.0	3109.410860663271	1	0	tensor(3)	2.1019926214701936
19373.23310767395	3000.0	2736.1777529893225	0.0	0	0.0	3109.410860663271	1	0	tensor(3)	2.101992621470193
20541.74545115169	3000.0	2567.6654095115778	0.0	0	0.0	3109.4108606632726	1	0	tensor(3)	2.101992621470193
21763.401634559505	3000.0	2346.0092261037635	0.0	0	0.0	3109.4108606632726	1	0	tensor(3)	2.101992621470193
22637.08158040615	3000.0	2472.3292802571186	0.0	0	0.0	3109.4108606632726	1	0	tensor(3)	2.101992621470193
23258.692970450844	3000.0	2850.717890212428	0.0	0	0.0	3109.4108606632726	1	0	tensor(3)	2.101992621470193
24200.0	3000.0	2909.4108606632735	0.0	0	380.48333213406295	3109.4108606632726	1	0	tensor(3)	2.101992621470193
25200.0	3000.0	2909.410860663273	0.0	0	222.00836652909493	3109.4108606632726	1	0	tensor(3)	2.101992621470193
26610.80137749926	6000.0	2498.609483164012	0.0	0	0.0	3109.4108606632726	1	0	tensor(3)	2.1019926214701927
28326.364537832258	6000.0	1783.0463228310132	0.0	0	0.0	3109.4108606632726	1	0	tensor(3)	2.7951398020301377
29152.476493399274	3000.0	1956.934367263999	0.0	0	0.0	3109.4108606632726	1	0	tensor(3)	1.4088454409102482
30715.80997527268	6000.0	1393.6008853905896	0.0	0	0.0	3109.4108606632726	1	0	tensor(3)	2.1019926214701927
31374.62194610647	3000.0	1734.7889145568022	0.0	0	0.0	3109.410860663269	1	0	tensor(3)	1.408845440910249
32170.925997489823	3000.0	1938.4848631734524	0.0	0	0.0	3109.410860663269	1	0	tensor(3)	2.101992621470194
33214.04696472773	3000.0	1895.3638959355371	0.0	0	0.0	3109.410860663258	1	0	tensor(3)	2.101992621470195
33902.01579925925	3000.0	2207.3950614040104	0.0	0	0.0	3109.410860663258	1	0	tensor(3)	2.101992621470196
34513.56929545641	3000.0	2595.841565206852	0.0	0	0.0	3109.410860663258	1	0	tensor(3)	2.101992621470196
35362.11746267229	3000.0	2747.2933979909676	0.0	0	0.0	3109.4108606632617	1	0	tensor(3)	2.1019926214701954
36241.75037235111	3000.0	2867.660488312142	0.0	0	0.0	3109.410860663258	1	0	tensor(3)	2.101992621470196
37200.0	3000.0	2909.410860663261	0.0	0	212.06352175922802	3109.410860663258	1	0	tensor(3)	2.101992621470196
38472.021796082976	3000.0	2637.3890645802926	0.0	0	0.0	3109.410860663258	1	0	tensor(3)	2.101992621470196
39593.62658140161	3000.0	2515.784279261659	0.0	0	0.0	3109.410860663258	1	0	tensor(3)	2.101992621470196
40833.02330372824	3000.0	2276.3875569350225	0.0	0	0.0	3109.410860663258	1	0	tensor(3)	2.101992621470196
41473.765117813076	3000.0	2635.645742850183	0.0	0	0.0	3109.410860663258	1	0	tensor(3)	2.101992621470196
42746.32034355204	3000.0	2363.0905171112204	0.0	0	0.0	3109.410860663251	1	0	tensor(3)	2.101992621470197
44231.79974788479	3000.0	1877.6111127784652	0.0	0	0.0	3109.410860663258	1	0	tensor(3)	2.101992621470196
44990.4975540135	3000.0	2118.913306649759	0.0	0	0.0	3109.410860663258	1	0	tensor(3)	2.101992621470196
45775.64104157416	3000.0	2333.7698190890906	0.0	0	0.0	3109.410860663258	1	0	tensor(3)	2.101992621470196
46689.58048215526	3000.0	2419.830378507994	0.0	0	0.0	3109.4108606632653	1	0	tensor(3)	2.1019926214701945
47257.66531807511	3000.0	2851.7455425881385	0.0	0	0.0	3109.4108606632653	1	0	tensor(3)	2.1019926214701945
48200.0	3000.0	2909.4108606632485	0.0	0	228.20469104719814	3109.4108606632653	1	0	tensor(3)	2.1019926214701945
49200.0	3000.0	2909.4108606632562	0.0	0	246.18288089425914	3109.4108606632653	1	0	tensor(3)	2.1019926214701945
50200.0	3000.0	2909.4108606632553	0.0	0	11.938172146394209	3109.4108606632726	1	0	tensor(3)	2.101992621470193
51523.392705405975	3000.0	2586.0181552572785	0.0	0	0.0	3109.4108606632726	1	0	tensor(3)	2.101992621470193
52242.507211202435	3000.0	2866.9036494608176	0.0	0	0.0	3109.4108606632726	1	0	tensor(3)	2.101992621470193
53351.53791704587	6000.0	2757.872943617388	0.0	0	0.0	3109.4108606632726	1	0	tensor(3)	2.1019926214701927
54200.0	3000.0	2909.4108606632467	0.0	0	56.97673870055587	3109.4108606632726	1	0	tensor(3)	1.4088454409102482
55200.0	3000.0	2909.4108606632485	0.0	0	151.0299693534398	3109.4108606632726	1	0	tensor(3)	2.101992621470193
56799.13405582713	6000.0	2310.276804836116	0.0	0	0.0	3109.4108606632726	1	0	tensor(3)	2.1019926214701927
58592.661015114965	6000.0	1516.7498455482862	0.0	0	0.0	3109.41086066328	1	0	tensor(3)	2.7951398020301363
59525.1294679777	3000.0	1584.2813926855429	0.0	0	0.0	3109.41086066328	1	0	tensor(3)	1.4088454409102469
60539.01564987003	3000.0	1570.3952107932032	0.0	0	0.0	3109.41086066328	1	0	tensor(3)	2.101992621470192
61794.262239594515	3000.0	1315.1486210687121	0.0	0	0.0	3109.4108606632726	1	0	tensor(3)	2.101992621470193
62692.276229588584	3000.0	1417.1346310746414	0.0	0	0.0	3109.4108606632726	1	0	tensor(3)	2.101992621470193
63976.01958481482	3000.0	1133.391275848407	0.0	0	0.0	3109.4108606632726	1	0	tensor(3)	2.101992621470193
64911.86685613932	3000.0	1197.544004523913	0.0	0	0.0	3109.4108606632726	1	0	tensor(3)	2.101992621470193
65511.06635611669	3000.0	1598.3445045465457	0.0	0	0.0	3109.4108606632726	1	0	tensor(3)	2.101992621470193
66189.41170383884	3000.0	1919.9991568243993	0.0	0	0.0	3109.41086066328	1	0	tensor(3)	2.101992621470191
66665.10171159751	3000.0	2444.3091490657143	0.0	0	0.0	3109.4108606632726	1	0	tensor(3)	2.1019926214701914
69081.69834622486	6000.0	1027.7125144383515	0.0	0	0.0	3109.4108606632653	1	0	tensor(3)	2.101992621470194
69969.39673017329	3000.0	1140.0141304899116	0.0	0	0.0	3109.4108606632653	1	0	tensor(3)	1.4088454409102495
71121.47327126011	3000.0	987.9375894030918	0.0	0	0.0	3109.4108606632653	1	0	tensor(3)	2.1019926214701945
71769.89459619985	3000.0	1339.5162644633351	0.0	0	0.0	3109.4108606632653	1	0	tensor(3)	2.1019926214701945
72412.36348629724	3000.0	1697.0473743659475	0.0	0	0.0	3109.4108606632653	1	0	tensor(3)	2.1019926214701945
72975.04872990855	3000.0	2134.362130754641	0.0	0	0.0	3109.4108606632653	1	0	tensor(3)	2.1019926214701945
73583.18798209744	3000.0	2526.222878565736	0.0	0	0.0	3109.4108606632653	1	0	tensor(3)	2.1019926214701945
74288.14502297941	3000.0	2821.265837683766	0.0	0	0.0	3109.4108606632653	1	0	tensor(3)	2.1019926214701945
75200.0	3000.0	2909.410860663185	0.0	0	225.103262372053	3109.4108606632653	1	0	tensor(3)	2.1019926214701945
76200.0	3000.0	2909.4108606631858	0.0	0	201.866402916261	3109.4108606632653	1	0	tensor(3)	2.1019926214701945
77330.27336852762	3000.0	2779.137492135559	0.0	0	0.0	3109.4108606632653	1	0	tensor(3)	2.1019926214701945
78200.0	3000.0	2909.410860663166	0.0	0	73.15780056644871	3109.4108606632653	1	0	tensor(3)	2.1019926214701945
79200.0	3000.0	2909.410860663162	0.0	0	40.77917349743075	3109.4108606632653	1	0	tensor(3)	2.1019926214701945
80200.0	3000.0	2909.410860663167	0.0	0	260.7174969837797	3109.41086066328	1	0	tensor(3)	2.101992621470192
81200.0	3000.0	2909.410860663176	0.0	0	0.5309240640781354	3109.41086066328	1	0	tensor(3)	2.101992621470192
82200.0	3000.0	2909.4108606631835	0.0	0	274.5019252329366	3109.41086066328	1	0	tensor(3)	2.101992621470192
83200.0	3000.0	2909.410860663203	0.0	0	313.7615867908171	3109.41086066328	1	0	tensor(3)	2.101992621470192
84200.0	3000.0	2909.410860663208	0.0	0	263.4008024674986	3109.41086066328	1	0	tensor(3)	2.101992621470192
85200.0	3000.0	2909.410860663226	0.0	0	97.25463146470429	3109.4108606632944	1	0	tensor(3)	2.1019926214701887
86200.0	3000.0	2909.410860663228	0.0	0	337.1707043466304	3109.410860663309	1	0	tensor(3)	2.101992621470186
87200.0	3000.0	2909.4108606632135	0.0	0	303.4915832326369	3109.410860663309	1	0	tensor(3)	2.101992621470186
88200.0	3000.0	2909.4108606632103	0.0	0	128.69001869048225	3109.410860663309	1	0	tensor(3)	2.101992621470186
89200.0	3000.0	2909.41086066321	0.0	0	130.909974105758	3109.410860663309	1	0	tensor(3)	2.101992621470186
90200.0	3000.0	2909.4108606631967	0.0	0	293.1545060762146	3109.4108606632944	1	0	tensor(3)	2.1019926214701887
91200.0	3000.0	2909.410860663211	0.0	0	233.44534556086	3109.4108606632944	1	0	tensor(3)	2.1019926214701887
92200.0	3000.0	2909.410860663212	0.0	0	275.24597690023074	3109.4108606632944	1	0	tensor(3)	2.1019926214701887
93200.0	3000.0	2909.4108606632108	0.0	0	45.898420046345564	3109.4108606632944	1	0	tensor(3)	2.1019926214701887
94317.93044876687	3000.0	2791.480411896344	0.0	0	0.0	3109.4108606632944	1	0	tensor(3)	2.1019926214701887
95200.0	3000.0	2909.410860663213	0.0	0	150.39040460047545	3109.4108606632944	1	0	tensor(3)	2.1019926214701887
96200.0	3000.0	2909.410860663209	0.0	0	74.61306331685046	3109.4108606632944	1	0	tensor(3)	2.1019926214701887
97390.08997288388	3000.0	2719.3208877793213	0.0	0	0.0	3109.4108606632944	1	0	tensor(3)	2.1019926214701887
98351.31402592488	3000.0	2758.0968347383196	0.0	0	0.0	3109.4108606632944	1	0	tensor(3)	2.1019926214701887
99449.30347646256	3000.0	2660.107384200639	0.0	0	0.0	3109.4108606632944	1	0	tensor(3)	2.1019926214701887
100756.74137672037	3000.0	2352.669483942834	0.0	0	0.0	3109.4108606632944	1	0	tensor(3)	2.1019926214701887
101423.67943406213	3000.0	2685.7314266010667	0.0	0	0.0	3109.4108606632944	1	0	tensor(3)	2.1019926214701887
102392.3460869382	3000.0	2717.0647737249956	0.0	0	0.0	3109.4108606632944	1	0	tensor(3)	2.1019926214701887
103680.90504888899	3000.0	2428.5058117741914	0.0	0	0.0	3109.4108606632944	1	0	tensor(3)	2.1019926214701887
104470.69757151083	3000.0	2638.7132891523534	0.0	0	0.0	3109.4108606632944	1	0	tensor(3)	2.1019926214701887
105772.79154556063	6000.0	2336.6193151025536	0.0	0	0.0	3109.4108606632944	1	0	tensor(3)	2.1019926214701887
106779.52314566246	3000.0	2329.8877150007315	0.0	0	0.0	3109.4108606632944	1	0	tensor(3)	1.4088454409102438
108401.93219369487	3000.0	1707.4786669683256	0.0	0	0.0	3109.410860663309	1	0	tensor(3)	2.101992621470186
109344.767261351	3000.0	1764.643599312209	0.0	0	0.0	3109.410860663309	1	0	tensor(3)	2.101992621470186
110112.14794815582	3000.0	1997.2629125073681	0.0	0	0.0	3109.410860663309	1	0	tensor(3)	2.101992621470186
110683.95891595911	3000.0	2425.4519447040734	0.0	0	0.0	3109.410860663309	1	0	tensor(3)	2.101992621470186
111591.40502308006	3000.0	2518.0058375831177	0.0	0	0.0	3109.410860663309	1	0	tensor(3)	2.101992621470186
112816.5943707504	3000.0	2292.8164899127855	0.0	0	0.0	3109.410860663309	1	0	tensor(3)	2.101992621470186
113903.01235633348	3000.0	2206.39850432972	0.0	0	0.0	3109.410860663309	1	0	tensor(3)	2.101992621470186
115058.82641714567	3000.0	2050.584443517534	0.0	0	0.0	3109.4108606633235	1	0	tensor(3)	2.101992621470183
115836.2825883411	3000.0	2273.128272322102	0.0	0	0.0	3109.4108606633235	1	0	tensor(3)	2.101992621470183
117241.79308246133	6000.0	1867.6177782018635	0.0	0	0.0	3109.4108606633235	1	0	tensor(3)	2.101992621470183
117811.60218716542	3000.0	2297.8086734977637	0.0	0	0.0	3109.4108606633235	1	0	tensor(3)	1.408845440910238
118533.96583383814	3000.0	2575.4450268250444	0.0	0	0.0	3109.4108606633235	1	0	tensor(3)	2.101992621470183
119207.23889576929	3000.0	2902.1719648938806	0.0	0	0.0	3109.4108606633235	1	0	tensor(3)	2.101992621470183
120200.0	3000.0	2909.410860663177	0.0	0	16.041194642413757	3109.4108606633235	1	0	tensor(3)	2.101992621470183
121373.97358175527	3000.0	2735.437278907901	0.0	0	0.0	3109.4108606633235	1	0	tensor(3)	2.101992621470183
122544.06158604291	3000.0	2565.3492746202724	0.0	0	0.0	3109.4108606633235	1	0	tensor(3)	2.101992621470183
123512.44882474259	3000.0	2596.962035920586	0.0	0	0.0	3109.4108606633235	1	0	tensor(3)	2.101992621470183
124409.42464375004	3000.0	2699.9862169131275	0.0	0	0.0	3109.4108606633235	1	0	tensor(3)	2.101992621470183
125200.0	3000.0	2909.410860663161	0.0	0	1.994892080736463	3109.4108606633235	1	0	tensor(3)	2.101992621470183
126200.0	3000.0	2909.4108606631585	0.0	0	22.168862367718248	3109.4108606633235	1	0	tensor(3)	2.101992621470183
127204.22791524029	3000.0	2905.182945422881	0.0	0	0.0	3109.4108606633235	1	0	tensor(3)	2.101992621470183
128200.0	3000.0	2909.4108606631735	0.0	0	142.22158296262205	3109.4108606633235	1	0	tensor(3)	2.101992621470183
129282.72779216629	3000.0	2826.683068496885	0.0	0	0.0	3109.410860663309	1	0	tensor(3)	2.101992621470186
130200.0	3000.0	2909.410860663162	0.0	0	120.4879261408496	3109.410860663309	1	0	tensor(3)	2.101992621470186
131215.50786729855	3000.0	2893.9029933646016	0.0	0	0.0	3109.410860663309	1	0	tensor(3)	2.101992621470184
132200.0	6000.0	2909.4108606631717	0.0	0	187.72410739949555	3109.4108606633235	1	0	tensor(3)	2.101992621470183
133477.7720908751	6000.0	2631.6387697880464	0.0	0	0.0	3109.4108606632944	1	0	tensor(3)	2.7951398020301306
135153.3820070726	6000.0	1956.0288535905615	0.0	0	0.0	3109.41086066328	1	0	tensor(3)	2.7951398020301363
136156.66023730332	6000.0	1952.7506233598233	0.0	0	0.0	3109.410860663251	1	0	tensor(3)	2.7951398020301412
138269.06714904154	6000.0	840.34371162158	0.0	0	0.0	3109.410860663251	1	0	tensor(3)	2.795139802030142
139664.65837740657	3000.0	444.75248325654536	0.0	0	0.0	3109.410860663251	1	0	tensor(3)	1.4088454409102522
140405.07640695586	3000.0	704.334453707205	0.0	0	0.0	3109.410860663251	1	0	tensor(3)	2.101992621470197
141360.5630325428	3000.0	748.8478281202873	0.0	0	0.0	3109.410860663251	1	0	tensor(3)	2.101992621470197
141981.62560554224	3000.0	1127.7852551207907	0.0	0	0.0	3109.410860663251	1	0	tensor(3)	2.101992621470197
142883.47735183322	3000.0	1225.933508829836	0.0	0	0.0	3109.410860663251	1	0	tensor(3)	2.101992621470197
143679.96605504153	3000.0	1429.4448056215315	0.0	0	0.0	3109.410860663251	1	0	tensor(3)	2.101992621470197
144668.40560211858	3000.0	1441.005258544455	0.0	0	0.0	3109.410860663251	1	0	tensor(3)	2.101992621470197
145705.84665518976	3000.0	1403.5642054733119	0.0	0	0.0	3109.410860663251	1	0	tensor(3)	2.101992621470197
146565.13284186518	3000.0	1544.2780187978922	0.0	0	0.0	3109.410860663251	1	0	tensor(3)	2.101992621470197
147613.93173298825	3000.0	1495.4791276748144	0.0	0	0.0	3109.410860663251	1	0	tensor(3)	2.101992621470197
148486.42342110383	3000.0	1622.9874395592494	0.0	0	0.0	3109.410860663251	1	0	tensor(3)	2.101992621470197
149105.39390146048	3000.0	2004.0169592026075	0.0	0	0.0	3109.410860663251	1	0	tensor(3)	2.101992621470197
150119.24631205737	3000.0	1990.164548605695	0.0	0	0.0	3109.410860663251	1	0	tensor(3)	2.101992621470197
151270.77239864029	3000.0	1838.6384620227996	0.0	0	0.0	3109.41086066328	1	0	tensor(3)	2.101992621470192
152038.31772484354	3000.0	2071.0931358195176	0.0	0	0.0	3109.41086066328	1	0	tensor(3)	2.101992621470192
152868.19708753636	3000.0	2241.2137731267076	0.0	0	0.0	3109.41086066328	1	0	tensor(3)	2.101992621470192
153569.84675588115	3000.0	2539.5641047819213	0.0	0	0.0	3109.41086066328	1	0	tensor(3)	2.101992621470192
154217.06699354973	3000.0	2892.3438671133244	0.0	0	0.0	3109.41086066328	1	0	tensor(3)	2.101992621470192
155200.0	3000.0	2909.4108606630584	0.0	0	472.29270791151794	3109.41086066328	1	0	tensor(3)	2.101992621470192
156829.77764409813	6000.0	2279.633216564939	0.0	0	0.0	3109.41086066328	1	0	tensor(3)	2.1019926214701963
158590.33041756475	6000.0	1519.0804430983203	0.0	0	0.0	3109.410860663309	1	0	tensor(3)	2.795139802030132
159891.6808647478	3000.0	1217.7299959152656	0.0	0	0.0	3109.410860663309	1	0	tensor(3)	1.4088454409102409
160796.3423566828	3000.0	1313.0685039802283	0.0	0	0.0	3109.41086066328	1	0	tensor(3)	2.1019926214701883
161533.48833927058	3000.0	1575.9225213924697	0.0	0	0.0	3109.41086066328	1	0	tensor(3)	2.101992621470192
162048.7294889007	3000.0	2060.681371762361	0.0	0	0.0	3109.410860663251	1	0	tensor(3)	2.101992621470197
162543.36351105932	3000.0	2566.0473496037266	0.0	0	0.0	3109.410860663251	1	0	tensor(3)	2.101992621470197
163636.5376320665	3000.0	2472.8732285965357	0.0	0	0.0	3109.410860663251	1	0	tensor(3)	2.101992621470197
164784.21593633306	3000.0	2325.1949243299814	0.0	0	0.0	3109.410860663251	1	0	tensor(3)	2.101992621470197
165573.94779948227	3000.0	2535.463061180772	0.0	0	0.0	3109.41086066328	1	0	tensor(3)	2.101992621470192
166637.3378061844	3000.0	2472.073054478655	0.0	0	0.0	3109.41086066328	1	0	tensor(3)	2.101992621470192
167579.8501433445	3000.0	2529.5607173185745	0.0	0	0.0	3109.41086066328	1	0	tensor(3)	2.101992621470192
168591.8553191131	3000.0	2517.555541549989	0.0	0	0.0	3109.41086066328	1	0	tensor(3)	2.101992621470192
169579.66374621683	3000.0	2529.7471144462556	0.0	0	0.0	3109.41086066328	1	0	tensor(3)	2.101992621470192
170630.5283154697	3000.0	2478.8825451933844	0.0	0	0.0	3109.41086066328	1	0	tensor(3)	2.101992621470192
171342.9386666895	3000.0	2766.472193973609	0.0	0	0.0	3109.41086066328	1	0	tensor(3)	2.101992621470192
172200.0	3000.0	2909.4108606630784	0.0	0	91.94224688658142	3109.410860663251	1	0	tensor(3)	2.101992621470197
173200.0	3000.0	2909.4108606630516	0.0	0	228.31625603488646	3109.410860663251	1	0	tensor(3)	2.101992621470197
174200.0	3000.0	2909.410860663052	0.0	0	451.341783608892	3109.410860663251	1	0	tensor(3)	2.101992621470197
175720.92312563735	6000.0	2388.4877350257225	0.0	0	0.0	3109.410860663309	1	0	tensor(3)	2.1019926214701905
176509.50430827524	3000.0	2599.906552387872	0.0	0	0.0	3109.410860663338	1	0	tensor(3)	1.4088454409102351
178870.26791274082	6000.0	1239.142947922267	0.0	0	0.0	3109.410860663338	1	0	tensor(3)	2.10199262147018
179800.53658901824	3000.0	1308.8742716448376	0.0	0	0.0	3109.410860663367	1	0	tensor(3)	1.4088454409102293
180851.64719699588	3000.0	1257.763663667193	0.0	0	0.0	3109.410860663367	1	0	tensor(3)	2.101992621470174
181891.57963292382	3000.0	1217.8312277392538	0.0	0	0.0	3109.4108606633963	1	0	tensor(3)	2.1019926214701683
182736.04945873932	3000.0	1373.361401923751	0.0	0	0.0	3109.410860663367	1	0	tensor(3)	2.1019926214701696
183623.7180139607	3000.0	1485.6928467024034	0.0	0	0.0	3109.410860663367	1	0	tensor(3)	2.101992621470174
184752.80842763043	3000.0	1356.602433032681	0.0	0	0.0	3109.410860663367	1	0	tensor(3)	2.101992621470174
185606.09678808396	3000.0	1503.3140725791397	0.0	0	0.0	3109.410860663338	1	0	tensor(3)	2.1019926214701803
186882.0788901681	3000.0	1227.331970494973	0.0	0	0.0	3109.410860663367	1	0	tensor(3)	2.101992621470174
187971.25653039457	3000.0	1138.154330268517	0.0	0	0.0	3109.4108606633963	1	0	tensor(3)	2.101992621470172
188848.81197963335	2000.0	1260.5988810297222	0.0	0	0.0	3109.4108606633963	1	0	tensor(3)	1.291062405253839
190064.80931619983	3000.0	1044.6015444632574	0.0	0	0.0	3109.4108606633963	1	0	tensor(3)	1.696527513362006
191174.4086778529	3000.0	935.0021828102326	0.0	0	0.0	3109.410860663367	1	0	tensor(3)	2.101992621470174
191928.16270597838	2000.0	1181.2481546847118	0.0	0	0.0	3109.4108606633963	1	0	tensor(3)	1.2910624052538415
193096.50366246115	3000.0	1012.9071982019063	0.0	0	0.0	3109.4108606633963	1	0	tensor(3)	1.6965275133620037
194015.02397432193	3000.0	1094.386886341147	0.0	0	0.0	3109.4108606633963	1	0	tensor(3)	2.1019926214701683
194997.9578563406	3000.0	1111.4530043224604	0.0	0	0.0	3109.4108606633963	1	0	tensor(3)	2.101992621470166
195777.3660530357	3000.0	1332.0448076274133	0.0	0	0.0	3109.4108606634254	1	0	tensor(3)	2.1019926214701625
196781.73410723632	3000.0	1327.6767534268004	0.0	0	0.0	3109.4108606634254	1	0	tensor(3)	2.1019926214701625
197641.95219908777	3000.0	1467.45866157534	0.0	0	0.0	3109.4108606634254	1	0	tensor(3)	2.1019926214701625
198298.71015681702	3000.0	1810.7007038460617	0.0	0	0.0	3109.4108606634254	1	0	tensor(3)	2.1019926214701625
199157.1372820376	3000.0	1952.2735786254882	0.0	0	0.0	3109.4108606634254	1	0	tensor(3)	2.1019926214701625
200438.08224928222	3000.0	1671.3286113808583	0.0	0	0.0	3109.4108606633963	1	0	tensor(3)	2.101992621470167
201192.16730042076	3000.0	1917.2435602423259	0.0	0	0.0	3109.4108606634254	1	0	tensor(3)	2.1019926214701625
201869.40354421333	3000.0	2240.0073164497335	0.0	0	0.0	3109.4108606634254	1	0	tensor(3)	2.1019926214701625
202520.36637453173	3000.0	2589.044486131355	0.0	0	0.0	3109.4108606633963	1	0	tensor(3)	2.1019926214701683
203246.1182229073	3000.0	2863.2926377557947	0.0	0	0.0	3109.4108606633963	1	0	tensor(3)	2.1019926214701683
204200.0	3000.0	2909.4108606631125	0.0	0	278.6996305832872	3109.4108606633963	1	0	tensor(3)	2.1019926214701683
205200.0	3000.0	2909.4108606631166	0.0	0	170.22193956311094	3109.4108606633963	1	0	tensor(3)	2.1019926214701683
206200.0	3000.0	2909.4108606631053	0.0	0	195.98573863893398	3109.410860663367	1	0	tensor(3)	2.101992621470174
207200.0	3000.0	2909.4108606631066	0.0	0	126.84325750556309	3109.410860663338	1	0	tensor(3)	2.101992621470179
208200.0	3000.0	2909.410860663119	0.0	0	189.4940125211142	3109.410860663338	1	0	tensor(3)	2.1019926214701803
209200.0	3000.0	2909.410860663108	0.0	0	145.79615011738497	3109.410860663338	1	0	tensor(3)	2.1019926214701803
210628.23010332545	3000.0	2481.1807573376454	0.0	0	0.0	3109.410860663338	1	0	tensor(3)	2.1019926214701803
211332.1866682897	3000.0	2777.224192373396	0.0	0	0.0	3109.410860663338	1	0	tensor(3)	2.1019926214701803
212200.0	3000.0	2909.410860663076	0.0	0	0.06847071362426504	3109.410860663338	1	0	tensor(3)	2.1019926214701803
213289.10802212442	3000.0	2820.3028385386733	0.0	0	0.0	3109.410860663338	1	0	tensor(3)	2.1019926214701803
214200.0	3000.0	2909.410860663099	0.0	0	15.48603022703901	3109.410860663338	1	0	tensor(3)	2.1019926214701803
215285.76946232398	6000.0	2823.64139833909	0.0	0	0.0	3109.410860663309	1	0	tensor(3)	2.1019926214701856
217058.97912340952	6000.0	2050.431737253558	0.0	0	0.0	3109.410860663309	1	0	tensor(3)	2.7951398020301306
218220.36413017008	3000.0	1889.0467304929866	0.0	0	0.0	3109.410860663309	1	0	tensor(3)	1.4088454409102409
219032.66490092548	3000.0	2076.7459597375887	0.0	0	0.0	3109.41086066328	1	0	tensor(3)	2.101992621470191
219969.37308089502	3000.0	2140.0377797680176	0.0	0	0.0	3109.41086066328	1	0	tensor(3)	2.101992621470192
220806.19793673354	3000.0	2303.2129239294813	0.0	0	0.0	3109.41086066328	1	0	tensor(3)	2.101992621470192
222058.68524156988	6000.0	2050.7256190931776	0.0	0	0.0	3109.410860663309	1	0	tensor(3)	2.1019926214701856
222669.03362800338	3000.0	2440.3772326596727	0.0	0	0.0	3109.410860663309	1	0	tensor(3)	1.4088454409102409
223733.89701612404	3000.0	2375.513844538996	0.0	0	0.0	3109.410860663309	1	0	tensor(3)	2.101992621470186
224495.14254552187	3000.0	2614.2683151411507	0.0	0	0.0	3109.410860663309	1	0	tensor(3)	2.101992621470186
225371.82242759684	3000.0	2737.588433066191	0.0	0	0.0	3109.410860663309	1	0	tensor(3)	2.101992621470186
226335.80135283928	3000.0	2773.6095078237877	0.0	0	0.0	3109.410860663338	1	0	tensor(3)	2.1019926214701803
227200.0	3000.0	2909.410860663063	0.0	0	117.58789475852973	3109.410860663338	1	0	tensor(3)	2.1019926214701803
228200.0	3000.0	2909.410860663077	0.0	0	64.40776023361832	3109.410860663338	1	0	tensor(3)	2.1019926214701803
229200.0	3000.0	2909.4108606630634	0.0	0	223.42683317384217	3109.410860663338	1	0	tensor(3)	2.1019926214701803
230318.35811562964	3000.0	2791.0527450334444	0.0	0	0.0	3109.410860663338	1	0	tensor(3)	2.1019926214701803
231200.0	3000.0	2909.410860663064	0.0	0	102.56229570609867	3109.410860663309	1	0	tensor(3)	2.101992621470186
232200.0	3000.0	2909.410860663095	0.0	0	51.11122340071597	3109.410860663309	1	0	tensor(3)	2.101992621470186
233200.0	3000.0	2909.4108606631116	0.0	0	234.21963158791186	3109.410860663309	1	0	tensor(3)	2.101992621470186
234205.10236360613	3000.0	2904.308497056985	0.0	0	0.0	3109.410860663309	1	0	tensor(3)	2.101992621470186
235200.0	3000.0	2909.410860663077	0.0	0	330.0850892975577	3109.410860663309	1	0	tensor(3)	2.101992621470186
236369.14662603664	3000.0	2740.2642346263924	0.0	0	0.0	3109.41086066328	1	0	tensor(3)	2.101992621470192
237210.3303235843	3000.0	2899.0805370787543	0.0	0	0.0	3109.41086066328	1	0	tensor(3)	2.101992621470192
238200.0	3000.0	2909.410860663016	0.0	0	309.97293449245626	3109.41086066328	1	0	tensor(3)	2.101992621470192
239200.0	3000.0	2909.410860663	0.0	0	376.20548311888706	3109.41086066328	1	0	tensor(3)	2.101992621470192
240204.01108931738	3000.0	2905.399771345652	0.0	0	0.0	3109.410860663251	1	0	tensor(3)	2.101992621470197
241200.0	3000.0	2909.41086066302	0.0	0	140.74111411345075	3109.410860663251	1	0	tensor(3)	2.101992621470197
242423.42133240597	3000.0	2685.9895282570787	0.0	0	0.0	3109.41086066328	1	0	tensor(3)	2.101992621470192
243200.0	3000.0	2909.4108606630216	0.0	0	109.32769192155683	3109.41086066328	1	0	tensor(3)	2.101992621470192
244337.75124766707	3000.0	2771.6596129959844	0.0	0	0.0	3109.41086066328	1	0	tensor(3)	2.101992621470192
245405.0763275956	3000.0	2704.3345330674383	0.0	0	0.0	3109.41086066328	1	0	tensor(3)	2.101992621470192
246558.0459574048	3000.0	2551.3649032582093	0.0	0	0.0	3109.410860663309	1	0	tensor(3)	2.101992621470186
247409.58605280466	3000.0	2699.8248078583533	0.0	0	0.0	3109.410860663309	1	0	tensor(3)	2.101992621470186
248708.20744055716	3000.0	2401.2034201058577	0.0	0	0.0	3109.410860663338	1	0	tensor(3)	2.1019926214701803
249649.3050947398	3000.0	2460.105765923227	0.0	0	0.0	3109.410860663338	1	0	tensor(3)	2.1019926214701803
250523.4663772156	3000.0	2585.944483447425	0.0	0	0.0	3109.410860663367	1	0	tensor(3)	2.101992621470174
251200.0	3000.0	2909.4108606630375	0.0	0	15.278876654541818	3109.410860663338	1	0	tensor(3)	2.1019926214701803
252247.8409132471	3000.0	2861.569947415916	0.0	0	0.0	3109.410860663367	1	0	tensor(3)	2.1019926214701754
253200.0	3000.0	2909.410860663003	0.0	0	300.0613797461265	3109.410860663338	1	0	tensor(3)	2.101992621470179
254256.51760402884	6000.0	2852.8932566341673	0.0	0	0.0	3109.410860663309	1	0	tensor(3)	2.1019926214701856
255200.0	3000.0	2909.410860663021	0.0	0	186.78270789704402	3109.410860663338	1	0	tensor(3)	1.4088454409102351
256773.49647835206	3000.0	2335.914382310937	0.0	0	0.0	3109.410860663309	1	0	tensor(3)	2.101992621470181
257737.63503472405	3000.0	2371.7758259389257	0.0	0	0.0	3109.41086066328	1	0	tensor(3)	2.101992621470187
258796.16544934237	3000.0	2313.2454113206163	0.0	0	0.0	3109.410860663309	1	0	tensor(3)	2.101992621470189
259493.13207617376	3000.0	2616.278784489218	0.0	0	0.0	3109.410860663309	1	0	tensor(3)	2.101992621470186
260310.24911792087	3000.0	2799.161742742124	0.0	0	0.0	3109.410860663309	1	0	tensor(3)	2.101992621470186
261701.0821032788	3000.0	2408.3287573841735	0.0	0	0.0	3109.410860663309	1	0	tensor(3)	2.101992621470186
262583.3038432493	3000.0	2526.1070174137158	0.0	0	0.0	3109.410860663338	1	0	tensor(3)	2.101992621470184
263309.8091434968	3000.0	2799.6017171662306	0.0	0	0.0	3109.410860663367	1	0	tensor(3)	2.1019926214701776
264200.0	3000.0	2909.410860662986	0.0	0	178.0451685897424	3109.410860663367	1	0	tensor(3)	2.101992621470171
265200.0	3000.0	2909.410860662992	0.0	0	153.82276830094634	3109.410860663367	1	0	tensor(3)	2.1019926214701754
266200.0	3000.0	2909.4108606630325	0.0	0	235.4041515594581	3109.4108606633963	1	0	tensor(3)	2.1019926214701727
267200.0	3000.0	2909.4108606630057	0.0	0	223.89891769486712	3109.410860663338	1	0	tensor(3)	2.1019926214701754
268504.5321513874	6000.0	2604.8787092755397	0.0	0	0.0	3109.41086066328	1	0	tensor(3)	2.101992621470192
270485.37859031494	6000.0	1624.0322703480547	0.0	0	0.0	3109.41086066328	1	0	tensor(3)	2.7951398020301363
271443.2163457455	3000.0	1666.1945149174967	0.0	0	0.0	3109.41086066328	1	0	tensor(3)	1.4088454409102469
272402.82606872014	3000.0	1706.5847919428506	0.0	0	0.0	3109.41086066328	1	0	tensor(3)	2.101992621470192
273038.539277443	3000.0	2070.8715832199905	0.0	0	0.0	3109.41086066328	1	0	tensor(3)	2.101992621470192
273844.2526030903	3000.0	2265.158257572679	0.0	0	0.0	3109.410860663338	1	0	tensor(3)	2.101992621470187
274819.9773520564	3000.0	2289.43350860649	0.0	0	0.0	3109.4108606632217	1	0	tensor(3)	2.101992621470194
275681.68075993995	3000.0	2427.730100722926	0.0	0	0.0	3109.41086066328	1	0	tensor(3)	2.101992621470192
276631.50507973175	3000.0	2477.9057809311525	0.0	0	0.0	3109.41086066328	1	0	tensor(3)	2.101992621470192
277652.30704734905	3000.0	2457.1038133138627	0.0	0	0.0	3109.41086066328	1	0	tensor(3)	2.101992621470192
278849.13552762946	3000.0	2260.27533303346	0.0	0	0.0	3109.41086066328	1	0	tensor(3)	2.101992621470192
279873.81119937246	3000.0	2235.5996612905283	0.0	0	0.0	3109.41086066328	1	0	tensor(3)	2.101992621470192
280537.1444806749	3000.0	2572.266379988188	0.0	0	0.0	3109.41086066328	1	0	tensor(3)	2.101992621470192
281200.0	3000.0	2909.4108606630402	0.0	0	29.4949728694628	3109.41086066328	1	0	tensor(3)	2.101992621470192
282215.1096866993	6000.0	2894.301173963738	0.0	0	0.0	3109.41086066328	1	0	tensor(3)	2.101992621470192
284047.3708190369	6000.0	2062.0400416261123	0.0	0	0.0	3109.41086066328	1	0	tensor(3)	2.7951398020301363
285524.3003962099	6000.0	1585.1104644532084	0.0	0	0.0	3109.41086066328	1	0	tensor(3)	2.7951398020301363
286096.41997351305	3000.0	2012.990887150039	0.0	0	0.0	3109.4108606632217	1	0	tensor(3)	1.4088454409102584
287135.93280426605	3000.0	1973.4780563970821	0.0	0	0.0	3109.41086066328	1	0	tensor(3)	2.101992621470192
288217.89673481847	3000.0	1891.5141258445944	0.0	0	0.0	3109.4108606632217	1	0	tensor(3)	2.1019926214702034
288948.93590666563	3000.0	2160.474953997489	0.0	0	0.0	3109.4108606632217	1	0	tensor(3)	2.1019926214702034
289556.39969109633	3000.0	2553.0111695667724	0.0	0	0.0	3109.4108606632217	1	0	tensor(3)	2.1019926214702034
290378.6118902013	3000.0	2730.79897046182	0.0	0	0.0	3109.4108606632217	1	0	tensor(3)	2.1019926214702034
291306.5466353049	3000.0	2802.8642253581443	0.0	0	0.0	3109.4108606632217	1	0	tensor(3)	2.1019926214702034
292200.0	3000.0	2909.410860663041	0.0	0	304.1689240715932	3109.4108606632217	1	0	tensor(3)	2.1019926214702034
293200.0	3000.0	2909.4108606630084	0.0	0	1.0163151697488502	3109.4108606631635	1	0	tensor(3)	2.1019926214702127
294362.8131962028	3000.0	2746.597664460183	0.0	0	0.0	3109.4108606631635	1	0	tensor(3)	2.101992621470215
295469.4775762006	3000.0	2639.933284462366	0.0	0	0.0	3109.4108606631635	1	0	tensor(3)	2.101992621470215
296200.0	3000.0	2909.4108606629748	0.0	0	82.90363634150708	3109.4108606631053	1	0	tensor(3)	2.1019926214702265
297200.0	3000.0	2909.410860662958	0.0	0	306.63337670918554	3109.4108606631053	1	0	tensor(3)	2.1019926214702265
298200.0	3000.0	2909.410860663015	0.0	0	61.536006014968734	3109.4108606631053	1	0	tensor(3)	2.1019926214702265
299339.1564210543	3000.0	2770.2544396087565	0.0	0	0.0	3109.4108606631635	1	0	tensor(3)	2.101992621470215
300200.0	3000.0	2909.4108606629857	0.0	0	107.96774519165047	3109.4108606631635	1	0	tensor(3)	2.101992621470215
301200.0	3000.0	2909.4108606630525	0.0	0	207.10082695627352	3109.4108606631053	1	0	tensor(3)	2.101992621470222
302200.0	3000.0	2909.410860663105	0.0	0	259.24268875765847	3109.4108606631053	1	0	tensor(3)	2.1019926214702265
5.6	5.27	3.29	4.01	3.13	2.76	2.7	3.8	5.55	3.08	3.28	3.66	3.48	3.68	3.94	2.62	3.01	3.24	4.17	4.29	5.95	5.1	5.09	2.42	3.58	3.46	3.51	2.83	4.25	4.65	3.13	4.1	2.68	2.97	1.93	2.7	3.8	2.58	2.28	2.6	3.46	3.97	3.96	4.74	4.17	3.57	2.53	3.74	4.77	4.62	4.04	2.88	4.37	4.83	3.48	3.03	2.8	3.45	3.32	2.51	4.38	6.26	2.84	3.74	2.87	3.04	3.38	5.05	4.38	3.58	3.52	3.52	3.7	4.22	2.88	3.37	3.13	3.34	4.12	3.26	3.81	3.76	3.01	3.65	4.24	4.34	3.57	3.49	2.97	4.22	2.68	3.16	3.66	3.3	1.69	2.85	3.87	3.6	2.71	5.25	5.09	3.76	1.42	3.79	3.21	4.69	3.81	2.54	3.14	3.28	3.81	5.65	4.68	4.75	4.11	3.2	2.97	3.09	3.16	4.51	3.42	2.95	3.64	2.33	3.27	2.53	4.85	7.03	4.38	3.81	4.68	5.39	3.6	2.69	2.85	4.17	3.83	4.58	3.95	2.61	2.47	3.53	3.88	3.56	3.76	3.16	3.19	3.01	4.25	5.0	5.6	5.27	3.29	4.01	3.13	2.76	2.7	3.8	5.55	3.08	3.28	3.66	3.48	3.68	3.94	2.62	3.01	3.24	4.17	4.29	5.95	5.1	5.09	2.42	3.58	3.46	3.51	2.83	4.25	4.65	3.13	4.1	2.68	2.97	1.93	2.7	3.8	2.58	2.28	2.6	3.46	3.97	3.96	4.74	4.17	3.57	2.53	3.74	4.77	4.62	4.04	2.88	4.37	4.83	3.48	3.03	2.8	3.45	3.32	2.51	4.38	6.26	2.84	3.74	2.87	3.04	3.38	5.05	4.38	3.58	3.52	3.52	3.7	4.22	2.88	3.37	3.13	3.34	4.12	3.26	3.81	3.76	3.01	3.65	4.24	4.34	3.57	3.49	2.97	4.22	2.68	3.16	3.66	3.3	1.69	2.85	3.87	3.6	2.71	5.25	5.09	3.76	1.42	3.79	3.21	4.69	3.81	2.54	3.14	3.28	3.81	5.65	4.68	4.75	4.11	3.2	2.97	3.09	3.16	4.51	3.42	2.95	3.64	2.33	3.27	2.53	4.85	7.03	4.38	3.81	4.68	5.39	3.6	2.69	2.85	4.17	3.83	4.58	3.95	2.61	2.47	3.53	3.88	3.56	3.76	3.16	3.19	3.01	4.25	5.0	5.6	5.27	3.29
1.0	2.0	3.0	4.0	5.0	6.0	7.0	8.0	9.0	10.0	11.0	12.0	13.0	14.0	15.0	16.0	17.0	18.0	19.0	20.0	21.0	22.0	23.0	24.0	25.0	26.0	27.0	28.0	29.0	30.0	31.0	32.0	33.0	34.0	35.0	36.0	37.0	38.0	39.0	40.0	41.0	42.0	43.0	44.0	45.0	46.0	47.0	48.0	49.0	50.0	51.0	52.0	53.0	54.0	55.0	56.0	57.0	58.0	59.0	60.0	61.0	62.0	63.0	64.0	65.0	66.0	67.0	68.0	69.0	70.0	71.0	72.0	73.0	74.0	75.0	76.0	77.0	78.0	79.0	80.0	81.0	82.0	83.0	84.0	85.0	86.0	87.0	88.0	89.0	90.0	91.0	92.0	93.0	94.0	95.0	96.0	97.0	98.0	99.0	100.0	101.0	102.0	103.0	104.0	105.0	106.0	107.0	108.0	109.0	110.0	111.0	112.0	113.0	114.0	115.0	116.0	117.0	118.0	119.0	120.0	121.0	122.0	123.0	124.0	125.0	126.0	127.0	128.0	129.0	130.0	131.0	132.0	133.0	134.0	135.0	136.0	137.0	138.0	139.0	140.0	141.0	142.0	143.0	144.0	145.0	146.0	147.0	148.0	149.0	149.0	150.0	151.0	152.0	153.0	154.0	155.0	156.0	157.0	158.0	159.0	160.0	161.0	162.0	163.0	164.0	165.0	166.0	167.0	168.0	169.0	170.0	171.0	172.0	173.0	174.0	175.0	176.0	177.0	178.0	179.0	180.0	181.0	182.0	183.0	184.0	185.0	186.0	187.0	188.0	189.0	190.0	191.0	192.0	193.0	194.0	195.0	196.0	197.0	198.0	199.0	200.0	201.0	202.0	203.0	204.0	205.0	206.0	207.0	208.0	209.0	210.0	211.0	212.0	213.0	214.0	215.0	216.0	217.0	218.0	219.0	220.0	221.0	222.0	223.0	224.0	225.0	226.0	227.0	228.0	229.0	230.0	231.0	232.0	233.0	234.0	235.0	236.0	237.0	238.0	239.0	240.0	241.0	242.0	243.0	244.0	245.0	246.0	247.0	248.0	249.0	250.0	251.0	252.0	253.0	254.0	255.0	256.0	257.0	258.0	259.0	260.0	261.0	262.0	263.0	264.0	265.0	266.0	267.0	268.0	269.0	270.0	271.0	272.0	273.0	274.0	275.0	276.0	277.0	278.0	279.0	280.0	281.0	282.0	283.0	284.0	285.0	286.0	287.0	288.0	289.0	290.0	291.0	292.0	293.0	294.0	295.0	296.0	297.0	298.0	298.0	299.0	300.0	301.0
4695.771419850834
