6064.969213852028	300.0	2000.0	288.32931226282403	0	0.0	4064.9692138520277	1	0	tensor(6)	-8.194116770221523
6813.425868363925	1000.0	2251.543345488103	0.0	0	0.0	4064.969213852028	1	0	tensor(3)	-0.4948886793867584
7814.316491533474	3000.0	2250.6527223185544	0.0	0	0.0	4064.9692138520286	1	0	tensor(3)	0.7090841249391774
8674.041690650894	3000.0	2390.9275232011364	0.0	0	0.0	4064.9692138520304	1	0	tensor(3)	1.8076964136072864
10317.591485602648	3000.0	1747.377728249381	0.0	0	0.0	4064.9692138520295	1	0	tensor(3)	1.8076964136072862
11460.386367917898	2000.0	1604.5828459341315	0.0	0	0.0	2064.9692138520295	1	0	tensor(6)	-4.575136270852581
12719.808128401082	2000.0	1345.1610854509443	0.0	0	0.0	2064.9692138520277	1	0	tensor(3)	1.8303288372555822
13650.137420071202	2000.0	1414.8317937808224	0.0	0	0.0	2064.9692138520277	1	0	tensor(3)	1.8303288372555824
14404.164446806097	2000.0	1660.8047670459257	0.0	0	0.0	2064.969213852026	1	0	tensor(3)	1.8303288372555824
15286.479717393868	2000.0	1778.4894964581558	0.0	0	0.0	2064.969213852026	1	0	tensor(3)	1.8303288372555824
16515.051994419664	2000.0	1549.917219432361	0.0	0	0.0	2064.9692138520295	1	0	tensor(3)	1.8303288372555824
17523.62050400446	2000.0	1541.3487098475684	0.0	0	0.0	2064.9692138520313	1	0	tensor(3)	1.830328837255582
18705.7159489712	2000.0	1359.2532648808221	0.0	0	0.0	2064.969213852022	1	0	tensor(3)	1.8303288372555824
19349.856761692205	2000.0	1715.1124521598174	0.0	0	0.0	2064.969213852022	1	0	tensor(3)	1.8303288372555826
20200.0	2000.0	1864.9692138520222	0.0	0	93.2349653567835	2064.9692138520186	1	0	tensor(3)	1.8303288372555828
21792.125690366327	3000.0	1272.843523485696	0.0	0	0.0	2064.969213852015	1	0	tensor(3)	1.8303288372555833
22760.095514983426	2000.0	1304.873698868597	0.0	0	0.0	2064.9692138520113	1	0	tensor(3)	1.4248637291474189
23926.740087259237	2000.0	1138.2291265927888	0.0	0	0.0	2064.9692138520113	1	0	tensor(3)	1.8303288372555835
25084.336947760545	2000.0	980.6322660914805	0.0	0	0.0	2064.9692138520113	1	0	tensor(3)	1.8303288372555835
26235.827237279686	2000.0	829.1419765723441	0.0	0	0.0	2064.969213852015	1	0	tensor(3)	1.8303288372555833
27446.374988820997	2000.0	618.5942250310292	0.0	0	0.0	2064.969213852015	1	0	tensor(3)	1.8303288372555833
28417.204300479578	2000.0	647.7649133724469	0.0	0	0.0	2064.9692138520113	1	0	tensor(3)	1.8303288372555835
29570.21201454303	2000.0	494.7571993089949	0.0	0	0.0	2064.9692138520113	1	0	tensor(3)	1.8303288372555835
30321.123160993593	2000.0	743.8460528584324	0.0	0	0.0	2064.9692138520113	1	0	tensor(3)	1.8303288372555835
32318.296450600854	3000.0	200.0	453.32723674882754	0	0.0	2518.2964506008393	1	0	tensor(3)	-0.9179673354299571
32954.42002925072	1000.0	741.3821567990144	177.5057354488806	0	0.0	2695.8021860497356	1	0	tensor(3)	-1.0914932443912697
33631.329188348784	2000.0	1064.4729977009474	0.0	0	0.0	2695.8021860497283	1	0	tensor(3)	1.0721534569701243
34313.38937796137	2000.0	1382.412808088362	0.0	0	0.0	2695.802186049732	1	0	tensor(3)	1.7653006375300695
36187.70831183915	3000.0	508.0938742105787	0.0	0	0.0	2695.802186049732	1	0	tensor(3)	1.7653006375300695
37061.88496917243	2000.0	633.9172168773048	0.0	0	0.0	2695.8021860497392	1	0	tensor(3)	1.3598355294219036
38061.90721508678	2000.0	633.8949709629542	0.0	0	0.0	2695.8021860497465	1	0	tensor(3)	1.7653006375300675
39423.30130480176	2000.0	272.5008812479724	0.0	0	0.0	2695.8021860497465	1	0	tensor(3)	1.7653006375300673
40084.873923360625	1000.0	658.0769719186615	47.14870922955731	0	0.0	2742.950895279304	1	0	tensor(3)	0.08952621231413072
40772.103639097244	2000.0	970.8472561820483	0.0	0	0.0	2742.950895279304	1	0	tensor(3)	1.0655656482514198
41781.42208072587	2000.0	961.5288145534269	0.0	0	0.0	2742.950895279304	1	0	tensor(3)	1.758712828811365
42429.28219941771	2000.0	1313.6686958615937	0.0	0	0.0	2742.950895279304	1	0	tensor(3)	1.758712828811365
44414.13101823699	3000.0	328.8198770423096	0.0	0	0.0	2742.9508952792967	1	0	tensor(3)	1.7587128288113663
45040.69746583658	1000.0	702.2534294427254	0.0	0	0.0	2742.9508952792967	1	0	tensor(3)	-0.03304664041668892
45942.794666017864	2000.0	800.1562292614414	0.0	0	0.0	2742.9508952792967	1	0	tensor(3)	1.0655656482514209
46599.144371978524	2000.0	1143.8065233007792	0.0	0	0.0	2742.9508952792967	1	0	tensor(3)	1.758712828811366
48213.84512529054	2000.0	529.1057699887606	0.0	0	0.0	2742.9508952792967	1	0	tensor(3)	1.758712828811366
49484.9796383598	2000.0	346.59327452831974	88.62201760881157	0	0.0	2831.5729128881067	1	0	tensor(3)	1.2137931385070484
50616.955015695254	2000.0	381.4538355822235	166.83593838935565	0	0.0	2998.408851277469	1	0	tensor(3)	0.7165786786372788
51123.7577374858	1000.0	874.6511137916798	0.0	0	0.0	2998.408851277469	1	0	tensor(3)	0.33129994785352246
52515.8206814376	2000.0	482.5881698398684	0.0	0	0.0	2998.408851277469	1	0	tensor(3)	1.0244471284134675
53188.29448064188	1000.0	810.1143706355942	0.0	0	0.0	2998.408851277469	1	0	tensor(3)	0.33129994785352246
54197.47041093441	2000.0	800.9384403430668	0.0	0	0.0	2998.408851277469	1	0	tensor(3)	1.0244471284134675
54948.1267894886	1000.0	1050.2820617888763	0.0	0	0.0	2998.408851277469	1	0	tensor(3)	0.33129994785352246
56099.15192357881	2000.0	899.2569276986687	0.0	0	0.0	2998.408851277469	1	0	tensor(3)	1.0244471284134675
56868.88672951034	1000.0	1129.5221217671324	0.0	0	0.0	2998.408851277469	1	0	tensor(3)	0.33129994785352246
57655.72780173585	2000.0	1342.6810495416307	0.0	0	0.0	2998.408851277469	1	0	tensor(3)	1.0244471284134675
58502.44809577635	2000.0	1495.9607555011255	0.0	0	0.0	2998.408851277469	1	0	tensor(3)	1.7175943089734127
59224.06705057945	2000.0	1774.3418006980296	0.0	0	0.0	2998.408851277469	1	0	tensor(3)	1.7175943089734127
60359.820754557295	3000.0	1638.5880967201858	0.0	0	0.0	2998.408851277469	1	0	tensor(3)	1.717594308973413
61534.556163723486	2000.0	1463.8526875539949	0.0	0	0.0	2998.4088512774615	1	0	tensor(3)	1.3121292008652494
62304.748237822954	2000.0	1693.660613454521	0.0	0	0.0	2998.4088512774615	1	0	tensor(3)	1.717594308973414
63743.93052574526	2000.0	1254.4783255322131	0.0	0	0.0	2998.4088512774542	1	0	tensor(3)	1.7175943089734154
65077.456733389285	2000.0	920.9521178881914	0.0	0	0.0	2998.4088512774542	1	0	tensor(3)	1.7175943089734154
66043.73054518006	2000.0	954.6783060974215	0.0	0	0.0	2998.408851277469	1	0	tensor(3)	1.7175943089734134
67116.24988163407	2000.0	882.1589696434069	0.0	0	0.0	2998.4088512774542	1	0	tensor(3)	1.7175943089734131
67991.3620528443	2000.0	1007.0467984331724	0.0	0	0.0	2998.4088512774615	1	0	tensor(3)	1.717594308973415
68690.84658138787	2000.0	1307.5622698895813	0.0	0	0.0	2998.4088512774615	1	0	tensor(3)	1.717594308973414
70171.83735688345	3000.0	826.5714943939824	0.0	0	0.0	2998.4088512774615	1	0	tensor(3)	1.7175943089734143
71122.27868555544	2000.0	876.1301657219867	0.0	0	0.0	2998.4088512774615	1	0	tensor(3)	1.3121292008652494
72229.4253627544	2000.0	768.9834885230277	0.0	0	0.0	2998.4088512774615	1	0	tensor(3)	1.717594308973414
73115.8363030002	2000.0	882.5725482772393	0.0	0	0.0	2998.4088512774615	1	0	tensor(3)	1.717594308973414
74158.20821940593	3000.0	840.2006318714938	0.0	0	0.0	2998.4088512774615	1	0	tensor(3)	1.7175943089734143
74874.01981415512	2000.0	1124.3890371223051	0.0	0	0.0	2998.4088512774615	1	0	tensor(3)	1.3121292008652494
76038.90503096562	2000.0	959.5038203118147	0.0	0	0.0	2998.4088512774615	1	0	tensor(3)	1.717594308973414
77233.34894901786	3000.0	765.0599022595632	0.0	0	0.0	2998.4088512774615	1	0	tensor(3)	1.7175943089734143
78148.1961014713	2000.0	850.2127498061286	0.0	0	0.0	2998.4088512774615	1	0	tensor(3)	1.3121292008652494
79468.21404360226	2000.0	530.1948076751772	0.0	0	0.0	2998.4088512774615	1	0	tensor(3)	1.717594308973414
80344.91364111738	2000.0	653.4952101600503	0.0	0	0.0	2998.4088512774615	1	0	tensor(3)	1.717594308973414
81835.14203460199	2000.0	200.0	36.733183324581745	0	0.0	3035.1420346020313	1	0	tensor(3)	1.4947662997718194
82393.88104989858	500.0	725.771150984759	84.51016628135568	0	0.0	1119.6522008833854	1	0	tensor(6)	-7.402787772265913
83200.0	1000.0	919.6522008833475	0.0	0	95.65174517405103	1119.6522008833854	1	0	tensor(3)	0.4905675865421115
84200.0	2000.0	919.6522008833476	0.0	0	33.80514982623572	1119.6522008833854	1	0	tensor(3)	1.183714767102057
85200.0	2000.0	919.6522008833429	0.0	0	356.0852934976283	1119.6522008833854	1	0	tensor(3)	1.876861947662002
86200.0	3000.0	919.6522008833377	0.0	0	121.01702848252899	1119.6522008833708	1	0	tensor(3)	1.8768619476620025
87479.95685011146	3000.0	639.6953507718774	0.0	0	0.0	1119.6522008833708	1	0	tensor(3)	2.282327055770167
88728.21329185173	2000.0	391.4389090315886	0.0	0	0.0	1119.6522008833854	1	0	tensor(3)	1.4713968395538375
90443.84370946467	2000.0	200.0	524.1915085813495	0	0.0	1643.8437094647234	1	0	tensor(3)	-1.2822566990470847
90915.85874075133	1000.0	777.0555189556651	49.07055024232808	0	0.0	1692.9142597070459	1	0	tensor(3)	0.17311820132126454
91722.86825414833	2000.0	970.046005558677	0.0	0	0.0	1692.9142597070604	1	0	tensor(3)	1.1606886833351773
92597.22620866838	2000.0	1095.6880510386252	0.0	0	0.0	1692.9142597070604	1	0	tensor(3)	1.8538358638951224
93232.62899701935	2000.0	1460.2852626876693	0.0	0	0.0	1692.914259707075	1	0	tensor(3)	1.8538358638951216
94200.0	3000.0	1492.9142597070045	0.0	0	272.4162448720017	1692.914259707075	1	0	tensor(3)	1.8538358638951218
95506.32714767332	3000.0	1186.5871120336844	0.0	0	0.0	1692.914259707075	1	0	tensor(3)	2.2593009720032864
96401.72386095834	2000.0	1291.1903987486737	0.0	0	0.0	1692.9142597070895	1	0	tensor(3)	1.4483707557869565
97200.59485079627	2000.0	1492.3194089107212	0.0	0	0.0	1692.9142597070895	1	0	tensor(3)	1.8538358638951211
98675.63408628597	2000.0	1017.2801734210439	0.0	0	0.0	1692.9142597070895	1	0	tensor(3)	1.8538358638951211
99493.14062236878	2000.0	1199.7736373382431	0.0	0	0.0	1692.9142597070895	1	0	tensor(3)	1.8538358638951211
100543.58119813238	2000.0	1149.3330615746434	0.0	0	0.0	1692.914259707075	1	0	tensor(3)	1.8538358638951216
101431.44446778572	2000.0	1261.4697919212842	0.0	0	0.0	1692.914259707075	1	0	tensor(3)	1.8538358638951216
102723.45199299084	2000.0	969.4622667161755	0.0	0	0.0	1692.914259707075	1	0	tensor(3)	1.8538358638951216
104100.56077134296	2000.0	592.3534883640739	0.0	0	0.0	1692.914259707075	1	0	tensor(3)	1.8538358638951216
104814.9093602408	1000.0	878.0048994662353	0.0	0	0.0	1692.914259707075	1	0	tensor(3)	0.46754150277523143
105860.32638761999	2000.0	832.5878720870419	0.0	0	0.0	1692.9142597070895	1	0	tensor(3)	1.160688683335176
106478.41010009193	2000.0	1214.5041596151227	0.0	0	0.0	1692.914259707104	1	0	tensor(3)	1.8538358638951202
107884.40062918287	3000.0	808.5136305241866	0.0	0	0.0	1692.914259707104	1	0	tensor(3)	1.8538358638951205
108975.27447602616	2000.0	717.6397836808973	0.0	0	0.0	1692.914259707104	1	0	tensor(3)	1.4483707557869556
110495.0318321317	2000.0	221.33623800708196	23.453810431727646	0	0.0	1716.368070138822	1	0	tensor(3)	1.7118682815757333
111190.86553695079	1000.0	628.4967463988905	102.99421321088639	0	0.0	1819.362283349721	1	0	tensor(3)	-0.15748327654796546
111815.81600388474	1000.0	1003.5462794649449	0.0	0	0.0	1819.3622833497066	1	0	tensor(3)	1.1536291832772991
112682.68316362816	2000.0	1136.6791197215207	0.0	0	0.0	1819.362283349692	1	0	tensor(3)	1.1536291832772998
113635.91902893985	2000.0	1183.4432544098422	0.0	0	0.0	1819.362283349692	1	0	tensor(3)	1.846776363837245
114342.1122496034	2000.0	1477.2500337463189	0.0	0	0.0	1819.3622833497066	1	0	tensor(3)	1.846776363837244
115505.28647693394	2000.0	1314.075806415792	0.0	0	0.0	1819.3622833497066	1	0	tensor(3)	1.846776363837244
116827.80616768726	2000.0	991.5561156624673	0.0	0	0.0	1819.3622833497066	1	0	tensor(3)	1.846776363837244
117748.3310695326	1000.0	1071.0312138171046	0.0	0	0.0	1819.3622833497066	1	0	tensor(3)	0.4604820027173539
119149.36018452852	2000.0	670.0020988212126	0.0	0	0.0	1819.362283349721	1	0	tensor(3)	1.1536291832772982
120394.32374472456	2000.0	425.03853862515444	0.0	0	0.0	1819.3622833497066	1	0	tensor(3)	1.8467763638372436
121034.78518796971	1000.0	784.5770953800081	0.0	0	0.0	1819.3622833497066	1	0	tensor(3)	0.4604820027173539
121593.97128565154	1000.0	1225.3909976981897	0.0	0	0.0	1819.3622833497066	1	0	tensor(3)	1.1536291832772991
122544.35876799581	2000.0	1275.0035153539216	0.0	0	0.0	1819.3622833497066	1	0	tensor(3)	1.1536291832772991
123808.61368444184	2000.0	1010.7485989079164	0.0	0	0.0	1819.3622833497066	1	0	tensor(3)	1.846776363837244
124617.97957438932	1000.0	1201.3827089604179	0.0	0	0.0	1819.362283349692	1	0	tensor(3)	0.46048200271735473
125547.9000130793	2000.0	1271.4622702704269	0.0	0	0.0	1819.362283349692	1	0	tensor(3)	1.1536291832772998
126806.05295365334	2000.0	1013.3093296963895	0.0	0	0.0	1819.3622833496775	1	0	tensor(3)	1.8467763638372459
127639.4952169014	1000.0	1179.867066448339	0.0	0	0.0	1819.3622833496775	1	0	tensor(3)	0.46048200271735557
128325.21584390628	2000.0	1494.1464394434531	0.0	0	0.0	1819.362283349663	1	0	tensor(3)	1.1536291832773016
129356.38098494113	2000.0	1462.981298408593	0.0	0	0.0	1819.362283349663	1	0	tensor(3)	1.8467763638372467
130733.24601314728	2000.0	1086.1162702024615	0.0	0	0.0	1819.3622833496775	1	0	tensor(3)	1.8467763638372459
131669.57968198162	1000.0	1149.7826013681254	0.0	0	0.0	1819.362283349692	1	0	tensor(3)	0.46048200271735573
132286.10483634615	2000.0	1533.257447003597	0.0	0	0.0	1819.3622833497066	1	0	tensor(3)	1.1536291832772994
133269.71333463132	2000.0	1549.6489487184306	0.0	0	0.0	1819.3622833497066	1	0	tensor(3)	1.8467763638372436
134200.0	2000.0	1619.3622833497568	0.0	0	199.78413133177673	1819.3622833497066	1	0	tensor(3)	1.846776363837244
135201.20188367862	2000.0	1618.1603996711106	0.0	0	0.0	1819.3622833496775	1	0	tensor(3)	1.8467763638372459
136200.0	2000.0	1619.3622833497266	0.0	0	178.0516990752949	1819.3622833497066	1	0	tensor(3)	1.846776363837244
137200.0	2000.0	1619.3622833497107	0.0	0	224.22730733192293	1819.3622833497066	1	0	tensor(3)	1.846776363837244
138200.0	2000.0	1619.3622833496906	0.0	0	225.93863814903307	1819.3622833497066	1	0	tensor(3)	1.846776363837244
139799.2839681043	2000.0	1020.0783152453763	0.0	0	0.0	1819.3622833496775	1	0	tensor(3)	1.8467763638372459
140571.24939569563	2000.0	1248.1128876540483	0.0	0	0.0	1819.3622833496775	1	0	tensor(3)	1.8467763638372459
141300.62603867022	2000.0	1518.736244679472	0.0	0	0.0	1819.3622833496775	1	0	tensor(3)	1.8467763638372459
142200.0	2000.0	1619.3622833496886	0.0	0	114.45172632904723	1819.3622833496775	1	0	tensor(3)	1.8467763638372459
143496.5735812812	3000.0	1322.788702068492	0.0	0	0.0	1819.3622833496775	1	0	tensor(3)	1.846776363837246
144688.1224146266	2000.0	1131.2398687231082	0.0	0	0.0	1819.3622833496775	1	0	tensor(3)	1.4413112557290813
145719.8040836591	2000.0	1099.5581996906003	0.0	0	0.0	1819.3622833496775	1	0	tensor(3)	1.8467763638372459
146668.28558998439	2000.0	1151.0766933653354	0.0	0	0.0	1819.3622833496775	1	0	tensor(3)	1.8467763638372459
147943.02717474755	2000.0	876.3351086021794	0.0	0	0.0	1819.3622833496775	1	0	tensor(3)	1.8467763638372459
148562.37879039728	1000.0	1256.98349295245	0.0	0	0.0	1819.3622833496775	1	0	tensor(3)	0.46048200271735557
149576.6227218452	2000.0	1242.7395615045564	0.0	0	0.0	1819.3622833497066	1	0	tensor(3)	1.1536291832772991
150578.77569561455	2000.0	1240.586587735194	0.0	0	0.0	1819.3622833497066	1	0	tensor(3)	1.846776363837244
151555.67141401922	2000.0	1263.6908693305188	0.0	0	0.0	1819.3622833497066	1	0	tensor(3)	1.846776363837244
152371.93817545875	2000.0	1447.4241078909718	0.0	0	0.0	1819.3622833497066	1	0	tensor(3)	1.846776363837244
153341.93382347014	3000.0	1477.4284598795741	0.0	0	0.0	1819.3622833497066	1	0	tensor(3)	1.8467763638372443
154200.0	2000.0	1619.362283349716	0.0	0	216.96434766153106	1819.3622833497357	1	0	tensor(3)	1.441311255729078
156227.26278036897	3000.0	592.0995029807425	0.0	0	0.0	1819.3622833497357	1	0	tensor(3)	1.8467763638372428
156944.1623327672	2000.0	875.1999505824817	0.0	0	0.0	1819.3622833497357	1	0	tensor(3)	1.441311255729078
157691.81392142305	2000.0	1127.5483619266797	0.0	0	0.0	1819.3622833497357	1	0	tensor(3)	1.8467763638372425
158518.0237312084	2000.0	1301.338552141323	0.0	0	0.0	1819.3622833497357	1	0	tensor(3)	1.8467763638372425
160807.66712381397	3000.0	200.0	188.30484046423635	0	0.0	2007.667123813997	1	0	tensor(3)	0.7125712996049159
162182.97414502254	2000.0	265.4762508500879	440.7832720586669	0	0.0	2448.450395872671	1	0	tensor(3)	-1.2546764380808906
162907.42438269855	1000.0	673.8615522790083	132.83553910495283	0	0.0	2581.2859349775827	1	0	tensor(3)	-0.4031598999418897
163804.7074466753	2000.0	776.5784883022122	0.0	0	0.0	2581.2859349775827	1	0	tensor(3)	1.0870005152477746
164625.26619407782	2000.0	956.0197408997175	0.0	0	0.0	2581.2859349776118	1	0	tensor(3)	1.7801476958077167
165489.72187096628	2000.0	1091.564064011251	0.0	0	0.0	2581.2859349775827	1	0	tensor(3)	1.7801476958077176
166355.0582772537	2000.0	1226.2276577238547	0.0	0	0.0	2581.2859349775827	1	0	tensor(3)	1.7801476958077176
167502.190433604	2000.0	1079.0955013735627	0.0	0	0.0	2581.2859349776118	1	0	tensor(3)	1.780147695807714
168601.18936231371	2000.0	980.0965726638439	0.0	0	0.0	2581.2859349776118	1	0	tensor(3)	1.780147695807714
169232.6632239079	2000.0	1348.622711069633	0.0	0	0.0	2581.2859349776118	1	0	tensor(3)	1.780147695807714
170470.39585775492	3000.0	1110.890077222584	0.0	0	0.0	2581.2859349776118	1	0	tensor(3)	1.780147695807714
171325.85051586383	2000.0	1255.4354191136931	0.0	0	0.0	2581.2859349776118	1	0	tensor(3)	1.3746825876995494
172121.76409119676	2000.0	1459.5218437807796	0.0	0	0.0	2581.2859349776118	1	0	tensor(3)	1.780147695807714
173280.26924529724	2000.0	1301.0166896803055	0.0	0	0.0	2581.2859349776118	1	0	tensor(3)	1.780147695807714
174388.88757754216	2000.0	1192.3983574353974	0.0	0	0.0	2581.285934977641	1	0	tensor(3)	1.7801476958077103
175368.37536048595	2000.0	1212.9105744916128	0.0	0	0.0	2581.285934977641	1	0	tensor(3)	1.7801476958077103
176582.87253388538	2000.0	998.4134010921601	0.0	0	0.0	2581.285934977641	1	0	tensor(3)	1.7801476958077103
177212.32529489818	2000.0	1368.9606400793798	0.0	0	0.0	2581.2859349776118	1	0	tensor(3)	1.780147695807714
178308.50335597145	3000.0	1272.7825790061115	0.0	0	0.0	2581.2859349776118	1	0	tensor(3)	1.780147695807714
179070.46316647786	2000.0	1510.822768499712	0.0	0	0.0	2581.285934977641	1	0	tensor(3)	1.3746825876995457
180739.98448358063	3000.0	841.3014513969285	0.0	0	0.0	2581.285934977641	1	0	tensor(3)	1.7801476958077105
182003.01717729695	2000.0	578.2687576806231	0.0	0	0.0	2581.28593497767	1	0	tensor(3)	1.374682587699542
182986.9610964321	2000.0	594.324838545477	0.0	0	0.0	2581.28593497767	1	0	tensor(3)	1.7801476958077067
183750.46040035997	2000.0	830.8255346175864	0.0	0	0.0	2581.28593497767	1	0	tensor(3)	1.7801476958077067
184598.749752171	1000.0	982.5361828065442	0.0	0	0.0	2581.28593497767	1	0	tensor(3)	0.3938533346878164
185218.79694802256	2000.0	1362.4889869549752	0.0	0	0.0	2581.285934977699	1	0	tensor(3)	1.087000515247758
186284.65783540477	2000.0	1296.6280995728016	0.0	0	0.0	2581.285934977699	1	0	tensor(3)	1.7801476958077032
187109.9629140477	2000.0	1471.3230209298865	0.0	0	0.0	2581.285934977699	1	0	tensor(3)	1.7801476958077032
188262.00895389498	2000.0	1319.2769810826076	0.0	0	0.0	2581.285934977699	1	0	tensor(3)	1.7801476958077032
189306.82703666817	2000.0	1274.4588983094352	0.0	0	0.0	2581.285934977699	1	0	tensor(3)	1.7801476958077032
189987.7596527438	2000.0	1593.5262822337954	0.0	0	0.0	2581.285934977699	1	0	tensor(3)	1.7801476958077032
190887.46900680792	2000.0	1693.8169281696648	0.0	0	0.0	2581.28593497767	1	0	tensor(3)	1.7801476958077067
191786.60467089948	3000.0	1794.681264078109	0.0	0	0.0	2581.28593497767	1	0	tensor(3)	1.780147695807707
192507.3973204335	2000.0	2073.8886145440947	0.0	0	0.0	2581.28593497767	1	0	tensor(3)	1.374682587699542
194640.27879137878	3000.0	941.0071435988258	0.0	0	0.0	2581.28593497767	1	0	tensor(3)	1.780147695807707
195344.3497551618	2000.0	1236.9361798158027	0.0	0	0.0	2581.28593497767	1	0	tensor(3)	1.374682587699542
196381.98775062428	2000.0	1199.2981843533187	0.0	0	0.0	2581.285934977641	1	0	tensor(3)	1.7801476958077103
197004.58728306115	1000.0	1576.6986519164236	0.0	0	0.0	2581.285934977641	1	0	tensor(3)	0.39385333468782
198132.71611617864	2000.0	1448.569818798922	0.0	0	0.0	2581.2859349776118	1	0	tensor(3)	1.0870005152477682
199058.43234707665	2000.0	1522.85358790088	0.0	0	0.0	2581.2859349775827	1	0	tensor(3)	1.7801476958077176
200091.5172909121	2000.0	1489.7686440654475	0.0	0	0.0	2581.2859349775827	1	0	tensor(3)	1.7801476958077176
201857.91294006657	2000.0	723.3729949109471	0.0	0	0.0	2581.2859349775536	1	0	tensor(3)	1.780147695807719
203156.66001885285	2000.0	424.62591612465155	0.0	0	0.0	2581.2859349775536	1	0	tensor(3)	1.7801476958077211
203654.48597787204	1000.0	926.7999571054518	0.0	0	0.0	2581.2859349775536	1	0	tensor(3)	0.39385333468783085
204138.6719892233	1000.0	1442.613945754217	0.0	0	0.0	2581.2859349775536	1	0	tensor(3)	1.087000515247776
205741.86714106263	2000.0	839.4187939148944	0.0	0	0.0	2581.2859349775827	1	0	tensor(3)	1.0870005152477724
206609.00070055597	2000.0	972.2852344215096	0.0	0	0.0	2581.2859349775244	1	0	tensor(3)	1.7801476958077218
207463.26754212892	2000.0	1118.018392848529	0.0	0	0.0	2581.2859349775244	1	0	tensor(3)	1.7801476958077247
208151.50881784796	2000.0	1429.7771171294908	0.0	0	0.0	2581.2859349775244	1	0	tensor(3)	1.7801476958077247
209162.96605882287	3000.0	1418.3198761545902	0.0	0	0.0	2581.2859349775244	1	0	tensor(3)	1.780147695807725
209902.5374253873	2000.0	1678.7485095901745	0.0	0	0.0	2581.2859349774953	1	0	tensor(3)	1.3746825876995628
210586.76044846332	2000.0	1994.5254865141424	0.0	0	0.0	2581.2859349775244	1	0	tensor(3)	1.7801476958077276
211763.80308686942	2000.0	1817.4828481080297	0.0	0	0.0	2581.2859349775244	1	0	tensor(3)	1.7801476958077247
212911.99374953992	2000.0	1669.2921854375572	0.0	0	0.0	2581.2859349775827	1	0	tensor(3)	1.7801476958077185
213809.3135227415	2000.0	1771.9724122360144	0.0	0	0.0	2581.2859349775827	1	0	tensor(3)	1.7801476958077154
215103.1481850277	2000.0	1478.1377499498296	0.0	0	0.0	2581.2859349776118	1	0	tensor(3)	1.780147695807715
215805.30078457165	2000.0	1775.9851504058809	0.0	0	0.0	2581.2859349776118	1	0	tensor(3)	1.780147695807714
216667.9253736695	2000.0	1913.3605613080233	0.0	0	0.0	2581.2859349775827	1	0	tensor(3)	1.7801476958077176
217545.12932449134	2000.0	2036.156610486179	0.0	0	0.0	2581.2859349775827	1	0	tensor(3)	1.7801476958077176
218240.10052983725	2000.0	2341.185405140301	0.0	0	0.0	2581.2859349775827	1	0	tensor(3)	1.7801476958077176
219238.1713448952	3000.0	2343.114590082371	0.0	0	0.0	2581.2859349775827	1	0	tensor(3)	1.7801476958077176
220200.0	2000.0	2381.2859349775526	0.0	0	269.07965489290655	2581.2859349775536	1	0	tensor(3)	1.3746825876995565
221650.9667664024	3000.0	1930.3191685751515	0.0	0	0.0	2581.2859349775536	1	0	tensor(3)	1.7801476958077214
222883.35479658985	3000.0	1697.9311383876664	0.0	0	0.0	2581.2859349775536	1	0	tensor(3)	2.1856128039158857
224068.62029656826	3000.0	1512.6656384092507	0.0	0	0.0	2581.2859349775536	1	0	tensor(3)	2.1856128039158857
224847.99710485234	2000.0	1733.288830125134	0.0	0	0.0	2581.2859349774953	1	0	tensor(3)	1.3746825876995628
225953.94142434225	3000.0	1627.3445106352285	0.0	0	0.0	2581.2859349774662	1	0	tensor(3)	1.7801476958077318
227148.0031925707	3000.0	1433.2827424067686	0.0	0	0.0	2581.285934977437	1	0	tensor(3)	2.1856128039159
228497.51263103652	2000.0	1083.7733039409552	0.0	0	0.0	2581.285934977408	1	0	tensor(3)	1.3746825876995743
229196.865574829	2000.0	1384.420360148466	0.0	0	0.0	2581.285934977408	1	0	tensor(3)	1.780147695807739
230229.11157861428	2000.0	1352.174356363177	0.0	0	0.0	2581.285934977408	1	0	tensor(3)	1.780147695807739
231997.2989319539	2000.0	583.9870030235454	0.0	0	0.0	2581.285934977379	1	0	tensor(3)	1.780147695807741
233049.48362886327	2000.0	531.8023061141758	0.0	0	0.0	2581.285934977408	1	0	tensor(3)	1.7801476958077396
233708.20832460644	2000.0	873.0776103710206	0.0	0	0.0	2581.2859349774662	1	0	tensor(3)	1.780147695807734
234260.66179613676	2000.0	1320.6241388406906	0.0	0	0.0	2581.2859349774953	1	0	tensor(3)	1.7801476958077282
235375.80473224842	3000.0	1205.4812027290156	0.0	0	0.0	2581.2859349774953	1	0	tensor(3)	1.7801476958077285
236742.03745768493	2000.0	839.2484772925046	0.0	0	0.0	2581.2859349775244	1	0	tensor(3)	1.3746825876995623
237724.40710425688	2000.0	856.878830720555	0.0	0	0.0	2581.2859349775244	1	0	tensor(3)	1.7801476958077247
239409.71696997414	2000.0	200.0	28.431034996657672	0	0.0	2609.7169699742226	1	0	tensor(3)	1.608853619768471
240080.07388399728	1000.0	690.9774051544236	161.3343191775849	0	0.0	2771.05128915183	1	0	tensor(3)	-0.5996527884349769
240992.00867239657	2000.0	779.0426167551495	0.0	0	0.0	2771.05128915183	1	0	tensor(3)	1.0615003071904776
241831.12316793928	2000.0	939.9281212124195	0.0	0	0.0	2771.05128915183	1	0	tensor(3)	1.7546474877504228
242493.1423673072	2000.0	1277.908921844495	0.0	0	0.0	2771.05128915183	1	0	tensor(3)	1.7546474877504228
243092.53745427332	2000.0	1678.5138348783914	0.0	0	0.0	2771.0512891518592	1	0	tensor(3)	1.7546474877504186
243961.49250866188	3000.0	1809.558780489855	0.0	0	0.0	2771.0512891518592	1	0	tensor(3)	1.7546474877504188
244716.19066126412	2000.0	2054.860627887611	0.0	0	0.0	2771.0512891518592	1	0	tensor(3)	1.349182379642254
246523.41827852442	3000.0	1247.6330106272974	0.0	0	0.0	2771.0512891518592	1	0	tensor(3)	1.7546474877504188
248031.90138921316	2000.0	739.1498999385698	0.0	0	0.0	2771.0512891518592	1	0	tensor(3)	1.349182379642253
248882.3879382692	2000.0	888.6633508825042	0.0	0	0.0	2771.0512891518592	1	0	tensor(3)	1.7546474877504186
249927.61266994337	2000.0	843.4386192083482	0.0	0	0.0	2771.0512891518592	1	0	tensor(3)	1.7546474877504186
250846.4151726001	2000.0	924.6361165515909	0.0	0	0.0	2771.0512891518592	1	0	tensor(3)	1.7546474877504186
251955.71962643377	2000.0	815.3316627179245	0.0	0	0.0	2771.05128915183	1	0	tensor(3)	1.754647487750421
252553.6917977404	1000.0	1217.3594914112937	0.0	0	0.0	2771.051289151801	1	0	tensor(3)	0.3683531266305369
253514.5088181181	1000.0	1256.5424710335838	0.0	0	0.0	2771.051289151801	1	0	tensor(3)	1.061500307190482
253978.50148681056	1000.0	1792.5498023410792	0.0	0	0.0	2771.051289151772	1	0	tensor(3)	1.0615003071904863
254802.33359144666	2000.0	1968.7176977049946	0.0	0	0.0	2771.051289151801	1	0	tensor(3)	1.0615003071904827
255289.60332991698	2000.0	2481.4479592346393	0.0	0	0.0	2771.051289151772	1	0	tensor(3)	1.7546474877504314
256398.36439930106	3000.0	2372.6868898505686	0.0	0	0.0	2771.051289151772	1	0	tensor(3)	1.7546474877504317
258598.3983221504	3000.0	1172.6529670012292	0.0	0	0.0	2771.051289151772	1	0	tensor(3)	2.1601125958585987
260130.2901229333	2000.0	640.7611662183299	0.0	0	0.0	2771.051289151772	1	0	tensor(3)	1.3491823796422668
261394.87662586547	2000.0	390.34983706932974	14.175173783182458	0	0.0	2785.226462934952	1	0	tensor(3)	1.6675052833511113
261875.9406653959	1000.0	909.2857975389054	0.0	0	0.0	2785.226462934981	1	0	tensor(3)	0.3662619649303111
262767.5917818404	2000.0	1017.6346810943769	0.0	0	0.0	2785.22646293501	1	0	tensor(3)	1.0594091454902521
263638.4296975325	2000.0	1146.796765402296	0.0	0	0.0	2785.22646293501	1	0	tensor(3)	1.7525563260501946
264569.6772138652	2000.0	1215.5492490695656	0.0	0	0.0	2785.22646293501	1	0	tensor(3)	1.7525563260501962
265716.1446368259	2000.0	1069.0818261088505	0.0	0	0.0	2785.226462934981	1	0	tensor(3)	1.7525563260502013
266814.3496536514	2000.0	970.8768092833349	0.0	0	0.0	2785.226462934981	1	0	tensor(3)	1.7525563260502013
267357.6994813171	1000.0	1427.5269816176863	0.0	0	0.0	2785.226462934981	1	0	tensor(3)	0.3662619649303111
267932.2968597068	1000.0	1852.9296032279715	0.0	0	0.0	2785.226462934981	1	0	tensor(3)	1.0594091454902563
268761.0823984445	2000.0	2024.144064490286	0.0	0	0.0	2785.226462934923	1	0	tensor(3)	1.0594091454902597
269719.50576538424	2000.0	2065.720697550542	0.0	0	0.0	2785.226462934923	1	0	tensor(3)	1.75255632605021
270736.2250764837	2000.0	2049.0013864511293	0.0	0	0.0	2785.226462934923	1	0	tensor(3)	1.75255632605021
272040.4515197515	2000.0	1744.774943183256	0.0	0	0.0	2785.226462934981	1	0	tensor(3)	1.7525563260502013
272806.50350292894	2000.0	1978.7229600058502	0.0	0	0.0	2785.226462934981	1	0	tensor(3)	1.7525563260502013
273828.34155979386	2000.0	1956.8849031408884	0.0	0	0.0	2785.226462934981	1	0	tensor(3)	1.7525563260502013
274767.4790078718	2000.0	2017.7474550628633	0.0	0	0.0	2785.226462934923	1	0	tensor(3)	1.7525563260502048
276320.92385363556	2000.0	1464.3026092991804	0.0	0	0.0	2785.226462934923	1	0	tensor(3)	1.75255632605021
276827.9491139767	1000.0	1957.2773489580518	0.0	0	0.0	2785.226462934923	1	0	tensor(3)	0.3662619649303197
277619.3422118976	3000.0	2165.8842510370823	0.0	0	0.0	2785.2264629348647	1	0	tensor(3)	1.0594091454902668
279236.20718013967	3000.0	1549.0192827950352	0.0	0	0.0	2785.226462934923	1	0	tensor(3)	2.1580214341583783
280735.65955768444	2000.0	1049.566905250238	0.0	0	0.0	2785.226462934923	1	0	tensor(3)	1.3470912179420453
281627.7857886995	2000.0	1157.4406742351548	0.0	0	0.0	2785.226462934981	1	0	tensor(3)	1.7525563260502084
282642.9772071474	2000.0	1142.24925578732	0.0	0	0.0	2785.226462934981	1	0	tensor(3)	1.7525563260502013
283733.4113458818	2000.0	1051.8151170528922	0.0	0	0.0	2785.226462934981	1	0	tensor(3)	1.7525563260502013
284666.84923696803	2000.0	1118.3772259667057	0.0	0	0.0	2785.226462934981	1	0	tensor(3)	1.7525563260502013
285588.6202330051	2000.0	1196.6062299296254	0.0	0	0.0	2785.226462934981	1	0	tensor(3)	1.7525563260502013
286465.9163572886	2000.0	1319.3101056461533	0.0	0	0.0	2785.226462934981	1	0	tensor(3)	1.7525563260502013
287447.03957327903	2000.0	1338.186889655791	0.0	0	0.0	2785.226462934981	1	0	tensor(3)	1.7525563260502013
288865.93717650085	2000.0	919.2892864338862	0.0	0	0.0	2785.226462934923	1	0	tensor(3)	1.75255632605021
289892.253209639	2000.0	892.9732532957903	0.0	0	0.0	2785.226462934923	1	0	tensor(3)	1.75255632605021
290555.3426900929	2000.0	1229.8837728418994	0.0	0	0.0	2785.226462934981	1	0	tensor(3)	1.7525563260502013
291361.41118799435	2000.0	1423.8152749404371	0.0	0	0.0	2785.226462934981	1	0	tensor(3)	1.7525563260502013
292417.80535983935	3000.0	1367.4211030954211	0.0	0	0.0	2785.226462934981	1	0	tensor(3)	1.7525563260502015
293577.55919023516	2000.0	1207.6672726995537	0.0	0	0.0	2785.226462934981	1	0	tensor(3)	1.3470912179420367
294583.43587621965	2000.0	1201.7905867150266	0.0	0	0.0	2785.2264629350393	1	0	tensor(3)	1.7525563260501997
295675.0721594502	2000.0	1110.1543034844376	0.0	0	0.0	2785.226462934981	1	0	tensor(3)	1.7525563260501946
296925.7112170713	2000.0	859.5152458633283	0.0	0	0.0	2785.226462934923	1	0	tensor(3)	1.7525563260502048
297625.363385356	1000.0	1159.8630775786946	0.0	0	0.0	2785.2264629348647	1	0	tensor(3)	0.3662619649303283
298083.82168494764	1000.0	1701.4047779869159	0.0	0	0.0	2785.2264629348647	1	0	tensor(3)	1.0594091454902734
299050.8066586298	2000.0	1734.4198043047556	0.0	0	0.0	2785.2264629348065	1	0	tensor(3)	1.059409145490282
299941.3370189956	2000.0	1843.8894439389733	0.0	0	0.0	2785.2264629348065	1	0	tensor(3)	1.7525563260502273
300902.9827432801	2000.0	1882.2437196544197	0.0	0	0.0	2785.2264629348065	1	0	tensor(3)	1.7525563260502273
301957.74767932465	3000.0	1827.4787836098828	0.0	0	0.0	2785.2264629347483	1	0	tensor(3)	1.7525563260502364
302995.4630822307	2000.0	1789.763380703829	0.0	0	0.0	2785.2264629348647	1	0	tensor(3)	1.3470912179420576
304334.72060870583	2000.0	1450.5058542287184	0.0	0	0.0	2785.2264629348647	1	0	tensor(3)	1.7525563260502186
305279.932585396	2000.0	1505.2938775385323	0.0	0	0.0	2785.2264629348065	1	0	tensor(3)	1.7525563260502273
306317.1207171783	3000.0	1468.1057457562558	0.0	0	0.0	2785.2264629348065	1	0	tensor(3)	1.7525563260502275
307210.89087607944	3000.0	1574.3355868550873	0.0	0	0.0	2785.2264629348065	1	0	tensor(3)	2.158021434158392
1.48	2.54	3.13	2.66	1.48	1.68	1.95	1.81	2.13	2.0	2.37	2.31	2.35	2.55	3.53	2.42	1.93	1.92	1.77	2.43	2.33	2.06	2.85	2.27	3.48	1.29	1.58	2.55	2.88	1.51	2.62	2.4	2.18	1.92	2.15	2.48	3.34	2.36	1.11	2.41	3.04	1.39	1.9	2.09	1.85	1.7	1.37	2.06	1.83	1.67	1.38	2.35	2.66	3.02	2.12	2.22	2.37	1.22	2.37	1.66	2.12	2.68	2.39	2.53	2.14	3.12	1.84	3.41	2.55	1.98	2.63	2.71	2.07	1.85	2.51	1.84	1.12	1.98	2.72	3.3	2.85	1.73	2.17	1.85	1.31	1.73	2.49	2.95	3.65	2.19	1.95	1.96	1.29	2.03	2.36	2.0	1.97	1.56	1.42	1.81	3.5	2.34	1.78	1.76	1.67	1.71	1.77	2.53	2.49	2.25	1.93	1.38	1.39	1.88	1.75	1.66	1.71	2.25	1.68	2.0	2.07	1.24	3.23	2.47	1.74	1.01	3.13	2.22	2.46	2.26	2.58	2.39	1.88	1.09	2.25	2.63	3.43	2.32	2.06	2.22	1.71	2.13	1.56	1.74	2.42	1.93	3.28	2.49	2.4	0.72	1.48	2.54	3.13	2.66	1.48	1.68	1.95	1.81	2.13	2.0	2.37	2.31	2.35	2.55	3.53	2.42	1.93	1.92	1.77	2.43	2.33	2.06	2.85	2.27	3.48	1.29	1.58	2.55	2.88	1.51	2.62	2.4	2.18	1.92	2.15	2.48	3.34	2.36	1.11	2.41	3.04	1.39	1.9	2.09	1.85	1.7	1.37	2.06	1.83	1.67	1.38	2.35	2.66	3.02	2.12	2.22	2.37	1.22	2.37	1.66	2.12	2.68	2.39	2.53	2.14	3.12	1.84	3.41	2.55	1.98	2.63	2.71	2.07	1.85	2.51	1.84	1.12	1.98	2.72	3.3	2.85	1.73	2.17	1.85	1.31	1.73	2.49	2.95	3.65	2.19	1.95	1.96	1.29	2.03	2.36	2.0	1.97	1.56	1.42	1.81	3.5	2.34	1.78	1.76	1.67	1.71	1.77	2.53	2.49	2.25	1.93	1.38	1.39	1.88	1.75	1.66	1.71	2.25	1.68	2.0	2.07	1.24	3.23	2.47	1.74	1.01	3.13	2.22	2.46	2.26	2.58	2.39	1.88	1.09	2.25	2.63	3.43	2.32	2.06	2.22	1.71	2.13	1.56	1.74	2.42	1.93	3.28	2.49	2.4	0.72	1.48	2.54	3.13	2.66	1.48	1.68
1.0	2.0	3.0	4.0	5.0	6.0	7.0	8.0	9.0	10.0	11.0	12.0	13.0	14.0	15.0	16.0	17.0	18.0	19.0	20.0	21.0	22.0	23.0	24.0	25.0	26.0	27.0	28.0	29.0	30.0	31.0	32.0	33.0	34.0	35.0	36.0	37.0	38.0	39.0	40.0	41.0	42.0	43.0	44.0	45.0	46.0	47.0	48.0	49.0	50.0	51.0	52.0	53.0	54.0	55.0	56.0	57.0	58.0	59.0	60.0	61.0	62.0	63.0	64.0	65.0	66.0	67.0	68.0	69.0	70.0	71.0	72.0	73.0	74.0	75.0	76.0	77.0	78.0	79.0	80.0	81.0	82.0	83.0	84.0	85.0	86.0	87.0	88.0	89.0	90.0	91.0	92.0	93.0	94.0	95.0	96.0	97.0	98.0	99.0	100.0	101.0	102.0	103.0	104.0	105.0	106.0	107.0	108.0	109.0	110.0	111.0	112.0	113.0	114.0	115.0	116.0	117.0	118.0	119.0	120.0	121.0	122.0	123.0	124.0	125.0	126.0	127.0	128.0	129.0	130.0	131.0	132.0	133.0	134.0	135.0	136.0	137.0	138.0	139.0	140.0	141.0	142.0	143.0	144.0	145.0	146.0	147.0	148.0	149.0	149.0	150.0	151.0	152.0	153.0	154.0	155.0	156.0	157.0	158.0	159.0	160.0	161.0	162.0	163.0	164.0	165.0	166.0	167.0	168.0	169.0	170.0	171.0	172.0	173.0	174.0	175.0	176.0	177.0	178.0	179.0	180.0	181.0	182.0	183.0	184.0	185.0	186.0	187.0	188.0	189.0	190.0	191.0	192.0	193.0	194.0	195.0	196.0	197.0	198.0	199.0	200.0	201.0	202.0	203.0	204.0	205.0	206.0	207.0	208.0	209.0	210.0	211.0	212.0	213.0	214.0	215.0	216.0	217.0	218.0	219.0	220.0	221.0	222.0	223.0	224.0	225.0	226.0	227.0	228.0	229.0	230.0	231.0	232.0	233.0	234.0	235.0	236.0	237.0	238.0	239.0	240.0	241.0	242.0	243.0	244.0	245.0	246.0	247.0	248.0	249.0	250.0	251.0	252.0	253.0	254.0	255.0	256.0	257.0	258.0	259.0	260.0	261.0	262.0	263.0	264.0	265.0	266.0	267.0	268.0	269.0	270.0	271.0	272.0	273.0	274.0	275.0	276.0	277.0	278.0	279.0	280.0	281.0	282.0	283.0	284.0	285.0	286.0	287.0	288.0	289.0	290.0	291.0	292.0	293.0	294.0	295.0	296.0	297.0	298.0	298.0	299.0	300.0	301.0	302.0	303.0	304.0
5580.683106524938
