3462.902530010375	1000.0	2000.0	341.22022451319054	0	0.0	3462.902530010375	1	0	tensor(2)	-2.510013166061271
4282.934992039258	3000.0	2179.967537971117	0.0	0	0.0	3462.902530010375	1	0	tensor(3)	0.7206709563999473
4781.178474309927	3000.0	2681.724055700448	0.0	0	0.0	3462.902530010376	1	0	tensor(3)	2.0192832450680567
5670.718336197507	3000.0	2792.1841938128678	0.0	0	0.0	3462.9025300103754	1	0	tensor(3)	2.019283245068057
6417.4465862777615	3000.0	3045.455943732614	0.0	0	0.0	3462.9025300103763	1	0	tensor(3)	2.0192832450680567
7639.884045646878	3000.0	2823.018484363497	0.0	0	0.0	3462.902530010376	1	0	tensor(3)	2.0192832450680567
8540.282088847147	3000.0	2922.6204411632298	0.0	0	0.0	3462.9025300103767	1	0	tensor(3)	2.0192832450680567
10739.0437650892	6000.0	1723.8587649211763	0.0	0	0.0	3462.9025300103767	1	0	tensor(3)	2.0192832450680562
11550.203016639132	3000.0	1912.699513371243	0.0	0	0.0	3462.902530010376	1	0	tensor(3)	1.3261360645081115
12322.635042769054	3000.0	2140.2674872413213	0.0	0	0.0	3462.9025300103767	1	0	tensor(3)	2.0192832450680562
13161.95460013816	3000.0	2300.9479298722144	0.0	0	0.0	3462.9025300103767	1	0	tensor(3)	2.0192832450680562
14033.389538003521	3000.0	2429.5129920068553	0.0	0	0.0	3462.9025300103767	1	0	tensor(3)	2.0192832450680562
14822.010566014078	3000.0	2640.8919639962987	0.0	0	0.0	3462.9025300103767	1	0	tensor(3)	2.0192832450680562
15646.50219081693	3000.0	2816.4003391934466	0.0	0	0.0	3462.902530010375	1	0	tensor(3)	2.019283245068057
16443.055151564942	3000.0	3019.847378445433	0.0	0	0.0	3462.902530010373	1	0	tensor(3)	2.019283245068057
17410.23980385975	3000.0	3052.6627261506237	0.0	0	0.0	3462.902530010373	1	0	tensor(3)	2.019283245068057
18378.791533130054	3000.0	3084.110996880321	0.0	0	0.0	3462.902530010375	1	0	tensor(3)	2.0192832450680576
19234.549867522008	3000.0	3228.3526624883634	0.0	0	0.0	3462.9025300103713	1	0	tensor(3)	2.0192832450680576
20200.0	3000.0	3262.9025300103713	0.0	0	260.80917424354993	3462.9025300103713	1	0	tensor(3)	2.019283245068058
21521.131584594987	3000.0	2941.7709454153864	0.0	0	0.0	3462.902530010375	1	0	tensor(3)	2.019283245068057
22406.089308625524	3000.0	3056.8132213848467	0.0	0	0.0	3462.902530010375	1	0	tensor(3)	2.019283245068057
23621.249606047826	6000.0	2841.6529239625443	0.0	0	0.0	3462.902530010375	1	0	tensor(3)	2.019283245068057
25049.51543502733	3000.0	2413.3870949830393	0.0	0	0.0	3462.902530010375	1	0	tensor(3)	1.3261360645081122
25663.752099575515	3000.0	2799.1504304348564	0.0	0	0.0	3462.902530010375	1	0	tensor(3)	2.019283245068057
27087.922146274774	6000.0	2374.9803837355985	0.0	0	0.0	3462.902530010375	1	0	tensor(3)	2.019283245068057
27680.57279511305	3000.0	2782.329734897322	0.0	0	0.0	3462.902530010375	1	0	tensor(3)	1.3261360645081122
28802.75638132591	3000.0	2660.1461486844573	0.0	0	0.0	3462.902530010375	1	0	tensor(3)	2.019283245068057
29680.692250691947	3000.0	2782.210279318419	0.0	0	0.0	3462.9025300103713	1	0	tensor(3)	2.019283245068058
30808.269671365746	3000.0	2654.6328586446202	0.0	0	0.0	3462.9025300103713	1	0	tensor(3)	2.019283245068058
31458.502359542166	3000.0	3004.4001704682037	0.0	0	0.0	3462.9025300103713	1	0	tensor(3)	2.019283245068058
32315.54472843212	3000.0	3147.3578015782487	0.0	0	0.0	3462.9025300103713	1	0	tensor(3)	2.019283245068058
33469.50988747509	3000.0	2993.392642535273	0.0	0	0.0	3462.902530010364	1	0	tensor(3)	2.01928324506806
34279.48211506105	3000.0	3183.420414949312	0.0	0	0.0	3462.902530010364	1	0	tensor(3)	2.0192832450680602
35331.61344343915	6000.0	3131.289086571218	0.0	0	0.0	3462.902530010364	1	0	tensor(3)	2.0192832450680602
36200.0	3000.0	3262.902530010371	0.0	0	106.45001033991866	3462.902530010364	1	0	tensor(3)	1.3261360645081148
37200.0	3000.0	3262.902530010369	0.0	0	348.9581297310069	3462.9025300103676	1	0	tensor(3)	2.019283245068059
38783.65325436488	6000.0	2679.2492756454926	0.0	0	0.0	3462.9025300103676	1	0	tensor(3)	2.019283245068059
40381.95092924393	6000.0	2080.9516007664365	0.0	0	0.0	3462.9025300103676	1	0	tensor(3)	2.7124304256280043
41108.002649107904	3000.0	2354.8998809024624	0.0	0	0.0	3462.9025300103604	1	0	tensor(3)	1.3261360645081162
42285.63852966723	3000.0	2177.2640003431325	0.0	0	0.0	3462.9025300103604	1	0	tensor(3)	2.019283245068061
43044.13187066411	3000.0	2418.7706593462544	0.0	0	0.0	3462.9025300103604	1	0	tensor(3)	2.019283245068061
43754.216742706136	3000.0	2708.685787304234	0.0	0	0.0	3462.9025300103604	1	0	tensor(3)	2.019283245068061
44471.78130044219	3000.0	2991.1212295681717	0.0	0	0.0	3462.9025300103604	1	0	tensor(3)	2.019283245068061
45352.551265341215	3000.0	3110.351264669152	0.0	0	0.0	3462.9025300103604	1	0	tensor(3)	2.019283245068061
46232.207731445305	3000.0	3230.694798565064	0.0	0	0.0	3462.9025300103604	1	0	tensor(3)	2.019283245068061
47200.0	3000.0	3262.9025300103685	0.0	0	244.53938317043503	3462.902530010353	1	0	tensor(3)	2.0192832450680633
48978.857490072754	6000.0	2484.0450399376205	0.0	0	0.0	3462.902530010353	1	0	tensor(3)	2.019283245068063
49729.96414090221	3000.0	2732.9383891081643	0.0	0	0.0	3462.902530010353	1	0	tensor(3)	1.3261360645081182
50467.48170806185	3000.0	2995.420821948517	0.0	0	0.0	3462.902530010346	1	0	tensor(3)	2.0192832450680647
51288.40880512253	3000.0	3174.493724887837	0.0	0	0.0	3462.902530010346	1	0	tensor(3)	2.0192832450680647
52685.548401798646	3000.0	2777.354128211721	0.0	0	0.0	3462.902530010346	1	0	tensor(3)	2.0192832450680647
53957.62833127381	3000.0	2505.2741987365566	0.0	0	0.0	3462.9025300103385	1	0	tensor(3)	2.019283245068067
54920.565992161	3000.0	2542.336537849369	0.0	0	0.0	3462.9025300103312	1	0	tensor(3)	2.019283245068069
55618.81136020001	3000.0	2844.0911698103555	0.0	0	0.0	3462.9025300103385	1	0	tensor(3)	2.019283245068067
56867.134577349985	3000.0	2595.7679526603833	0.0	0	0.0	3462.9025300103385	1	0	tensor(3)	2.019283245068067
57939.03228813155	3000.0	2523.8702418788207	0.0	0	0.0	3462.9025300103385	1	0	tensor(3)	2.019283245068067
59386.964258591164	3000.0	2075.938271419212	0.0	0	0.0	3462.9025300103385	1	0	tensor(3)	2.019283245068067
60159.28207444735	3000.0	2303.620455563031	0.0	0	0.0	3462.9025300103385	1	0	tensor(3)	2.019283245068067
61150.48260895334	3000.0	2312.4199210570314	0.0	0	0.0	3462.9025300103385	1	0	tensor(3)	2.019283245068067
62498.63115029039	3000.0	1964.2713797199774	0.0	0	0.0	3462.902530010346	1	0	tensor(3)	2.0192832450680647
63495.33191702845	3000.0	1967.5706129819196	0.0	0	0.0	3462.902530010353	1	0	tensor(3)	2.0192832450680642
64494.2843232496	3000.0	1968.6182067607647	0.0	0	0.0	3462.9025300103604	1	0	tensor(3)	2.019283245068061
65420.52648428451	3000.0	2042.3760457258504	0.0	0	0.0	3462.9025300103604	1	0	tensor(3)	2.019283245068061
65895.91063487978	3000.0	2566.99189513059	0.0	0	0.0	3462.9025300103604	1	0	tensor(3)	2.0192832450680616
66501.8724729405	3000.0	2961.0300570698664	0.0	0	0.0	3462.902530010346	1	0	tensor(3)	2.019283245068064
67668.10078911674	6000.0	2794.801740893606	0.0	0	0.0	3462.9025300103312	1	0	tensor(3)	2.0192832450680664
69894.26212342436	6000.0	1568.6404065859813	0.0	0	0.0	3462.9025300103385	1	0	tensor(3)	2.712430425628012
71014.08253639289	3000.0	1448.8199936174599	0.0	0	0.0	3462.9025300103385	1	0	tensor(3)	1.326136064508122
71729.4492406529	3000.0	1733.4532893574665	0.0	0	0.0	3462.9025300103385	1	0	tensor(3)	2.019283245068067
72980.07454756797	3000.0	1482.827982442402	0.0	0	0.0	3462.9025300103385	1	0	tensor(3)	2.019283245068067
73888.15016424393	3000.0	1574.75236576644	0.0	0	0.0	3462.9025300103385	1	0	tensor(3)	2.019283245068067
74645.26442518762	3000.0	1817.638104822737	0.0	0	0.0	3462.9025300103385	1	0	tensor(3)	2.019283245068067
75288.17231867366	3000.0	2174.7302113366904	0.0	0	0.0	3462.9025300103385	1	0	tensor(3)	2.019283245068067
75683.27256081141	3000.0	2779.6299691989484	0.0	0	0.0	3462.902530010324	1	0	tensor(3)	2.019283245068071
76606.11480509545	6000.0	2856.7877249149055	0.0	0	0.0	3462.9025300103385	1	0	tensor(3)	2.019283245068067
78391.40291085672	6000.0	2071.4996191536434	0.0	0	0.0	3462.9025300103385	1	0	tensor(3)	2.712430425628012
79178.85667619751	3000.0	2284.0458538128687	0.0	0	0.0	3462.9025300103385	1	0	tensor(3)	1.326136064508122
80219.55987757121	3000.0	2243.3426524391675	0.0	0	0.0	3462.9025300103385	1	0	tensor(3)	2.019283245068067
81231.14635933137	3000.0	2231.756170679001	0.0	0	0.0	3462.9025300103385	1	0	tensor(3)	2.019283245068067
82235.23877200196	3000.0	2227.6637580083934	0.0	0	0.0	3462.9025300103385	1	0	tensor(3)	2.019283245068067
82900.60443971207	3000.0	2562.2980902982695	0.0	0	0.0	3462.9025300103385	1	0	tensor(3)	2.019283245068067
83718.18635739044	3000.0	2744.71617261989	0.0	0	0.0	3462.9025300103385	1	0	tensor(3)	2.019283245068067
84778.98075980242	3000.0	2683.9217702078968	0.0	0	0.0	3462.9025300103385	1	0	tensor(3)	2.019283245068067
85932.43702852055	3000.0	2530.4655014897858	0.0	0	0.0	3462.9025300103385	1	0	tensor(3)	2.019283245068067
86838.7800126918	3000.0	2624.1225173185403	0.0	0	0.0	3462.9025300103385	1	0	tensor(3)	2.019283245068067
88124.22529009874	3000.0	2338.677239911601	0.0	0	0.0	3462.9025300103385	1	0	tensor(3)	2.019283245068067
89347.05004773842	3000.0	2115.8524822719223	0.0	0	0.0	3462.9025300103385	1	0	tensor(3)	2.019283245068067
90082.23085347362	3000.0	2380.6716765367228	0.0	0	0.0	3462.9025300103385	1	0	tensor(3)	2.019283245068067
91083.42177820759	3000.0	2379.4807518027583	0.0	0	0.0	3462.9025300103385	1	0	tensor(3)	2.019283245068067
91732.56348731625	3000.0	2730.3390426941014	0.0	0	0.0	3462.9025300103385	1	0	tensor(3)	2.019283245068067
92318.84008076193	3000.0	3144.062449248413	0.0	0	0.0	3462.9025300103385	1	0	tensor(3)	2.019283245068067
93200.0	3000.0	3262.90253001034	0.0	0	105.30118456140917	3462.9025300103385	1	0	tensor(3)	2.019283245068067
94550.92956280215	6000.0	2911.9729672081885	0.0	0	0.0	3462.9025300103385	1	0	tensor(3)	2.019283245068067
95642.55619954874	6000.0	2820.346330461595	0.0	0	0.0	3462.9025300103385	1	0	tensor(3)	2.712430425628012
98199.36686046758	6000.0	1263.5356695427527	0.0	0	0.0	3462.9025300103385	1	0	tensor(3)	2.712430425628012
99144.13251985204	3000.0	1318.7700101582857	0.0	0	0.0	3462.9025300103385	1	0	tensor(3)	1.326136064508122
100080.02195865354	3000.0	1382.88057135677	0.0	0	0.0	3462.9025300103385	1	0	tensor(3)	2.019283245068067
101007.9879794265	3000.0	1454.9145505838035	0.0	0	0.0	3462.9025300103385	1	0	tensor(3)	2.019283245068067
102405.86945365062	3000.0	1057.0330763596812	0.0	0	0.0	3462.9025300103385	1	0	tensor(3)	2.019283245068067
103354.80613204023	3000.0	1108.0963979700805	0.0	0	0.0	1462.902530010353	1	0	tensor(6)	-3.7298886550295043
104297.64141844958	3000.0	1165.2611115607228	0.0	0	0.0	1462.902530010353	1	0	tensor(3)	2.270111344970496
105369.01113221425	3000.0	1093.8913977960763	0.0	0	0.0	1462.9025300103676	1	0	tensor(3)	2.2701113449704957
106310.47672419986	2000.0	1152.425805810473	0.0	0	0.0	1462.9025300103676	1	0	tensor(3)	1.4591811287541663
107200.0	2000.0	1262.9025300103435	0.0	0	233.7920836488047	1462.9025300103676	1	0	tensor(3)	1.8646462368623309
108207.48060571453	3000.0	1255.4219242957947	0.0	0	0.0	1462.9025300103676	1	0	tensor(3)	1.864646236862331
109287.56483808953	3000.0	1175.3376919207994	0.0	0	0.0	1462.9025300103822	1	0	tensor(3)	2.2701113449704953
110232.3902023529	3000.0	1230.512327657447	0.0	0	0.0	1462.9025300103967	1	0	tensor(3)	2.2701113449704944
111200.0	3000.0	1262.902530010335	0.0	0	129.84839386284875	1462.9025300103822	1	0	tensor(3)	2.2701113449704953
112200.0	3000.0	1262.9025300103372	0.0	0	8.869886673928704	1462.9025300103967	1	0	tensor(3)	2.2701113449704944
113200.0	3000.0	1262.9025300103217	0.0	0	143.18295313687122	1462.9025300103967	1	0	tensor(3)	2.2701113449704944
114200.0	3000.0	1262.9025300103337	0.0	0	217.29819898221467	1462.9025300103967	1	0	tensor(3)	2.2701113449704944
115727.95771552598	3000.0	734.9448144843577	0.0	0	0.0	1462.9025300103967	1	0	tensor(3)	2.2701113449704944
116984.25367647554	3000.0	478.6488535347935	0.0	0	0.0	1462.9025300103967	1	0	tensor(3)	2.2701113449704944
118216.46244183804	2000.0	363.70116959447046	117.26108142218447	0	0.0	1580.1636114325665	1	0	tensor(3)	0.7504066641171261
119325.18399585746	2000.0	508.24169123101615	253.26207565595337	0	0.0	1833.4256870885292	1	0	tensor(3)	0.3263638539960652
120124.20474565828	2000.0	709.2209414301906	0.0	0	0.0	1833.4256870885292	1	0	tensor(3)	1.8459363079317856
120571.91109448667	3000.0	1261.5145926018026	0.0	0	0.0	1833.4256870885292	1	0	tensor(3)	1.8459363079317859
121200.0	3000.0	1633.4256870884915	0.0	0	110.3651873323106	1833.4256870885292	1	0	tensor(3)	2.2514014160399505
122201.54403016332	3000.0	1631.8816569251885	0.0	0	0.0	1833.4256870885292	1	0	tensor(3)	2.2514014160399505
123221.65611731874	3000.0	1611.7695697697711	0.0	0	0.0	1833.4256870885292	1	0	tensor(3)	2.2514014160399505
124200.0	3000.0	1633.425687088507	0.0	0	207.96082713808573	1833.4256870885292	1	0	tensor(3)	2.2514014160399505
125200.0	3000.0	1633.4256870885201	0.0	0	331.41182297538035	1833.4256870885292	1	0	tensor(3)	2.2514014160399505
126200.0	3000.0	1633.4256870885222	0.0	0	106.0036749047431	1833.4256870885292	1	0	tensor(3)	2.2514014160399505
127200.0	3000.0	1633.4256870885488	0.0	0	131.12927770320675	1833.4256870885292	1	0	tensor(3)	2.2514014160399505
128335.18601721301	3000.0	1498.239669875542	0.0	0	0.0	1833.4256870885292	1	0	tensor(3)	2.2514014160399505
129551.94347220058	3000.0	1281.48221488797	0.0	0	0.0	1833.4256870885292	1	0	tensor(3)	2.2514014160399505
130380.57728911172	3000.0	1452.8483979768178	0.0	0	0.0	1833.4256870885147	1	0	tensor(3)	2.2514014160399514
131200.0	3000.0	1633.4256870885392	0.0	0	52.357257209630916	1833.4256870885292	1	0	tensor(3)	2.25140141603995
132200.0	3000.0	1633.425687088572	0.0	0	141.56505740308785	1833.4256870885583	1	0	tensor(3)	2.2514014160399496
133200.0	3000.0	1633.4256870885336	0.0	0	57.93906348271412	1833.4256870885438	1	0	tensor(3)	2.251401416039949
134210.84904322145	3000.0	1622.5766438670803	0.0	0	0.0	1833.4256870885147	1	0	tensor(3)	2.25140141603995
135835.180255605	3000.0	998.2454314835411	0.0	0	0.0	1833.4256870885147	1	0	tensor(3)	2.2514014160399514
136891.28282448062	3000.0	942.1428626079291	0.0	0	0.0	1833.4256870885147	1	0	tensor(3)	2.2514014160399514
137738.8189310511	3000.0	1094.6067560374468	0.0	0	0.0	1833.4256870885147	1	0	tensor(3)	2.2514014160399514
138465.6615264678	3000.0	1367.7641606207517	0.0	0	0.0	1833.4256870885438	1	0	tensor(3)	2.2514014160399496
139376.42200672842	3000.0	1457.0036803601452	0.0	0	0.0	1833.4256870885438	1	0	tensor(3)	2.2514014160399496
140378.94773830075	3000.0	1454.4779487877763	0.0	0	0.0	1833.4256870885438	1	0	tensor(3)	2.2514014160399496
141200.0	3000.0	1633.4256870885226	0.0	0	9.247888493031496	1833.4256870885438	1	0	tensor(3)	2.2514014160399496
142272.74028625942	3000.0	1560.6854008291195	0.0	0	0.0	1833.4256870885438	1	0	tensor(3)	2.2514014160399496
143200.0	3000.0	1633.4256870885351	0.0	0	20.778493916703155	1833.4256870885438	1	0	tensor(3)	2.2514014160399496
144200.0	3000.0	1633.4256870885265	0.0	0	38.57939181197435	1833.4256870885438	1	0	tensor(3)	2.2514014160399496
145506.5855434927	3000.0	1326.8401435958228	0.0	0	0.0	1833.4256870885438	1	0	tensor(3)	2.2514014160399496
147033.21915974765	3000.0	800.2065273408726	0.0	0	0.0	1833.4256870885438	1	0	tensor(3)	2.2514014160399496
148088.84328412043	3000.0	744.5824029680888	0.0	0	0.0	1833.4256870885438	1	0	tensor(3)	2.2514014160399496
149055.13907480368	3000.0	778.2866122848676	0.0	0	0.0	1833.4256870885729	1	0	tensor(3)	2.251401416039948
150172.77829454825	3000.0	660.6473925403197	0.0	0	0.0	1833.4256870885729	1	0	tensor(3)	2.251401416039948
151230.3589961031	3000.0	603.0666909854561	0.0	0	0.0	1833.4256870885729	1	0	tensor(3)	2.251401416039948
152069.3916840166	2000.0	764.0340030719872	0.0	0	0.0	1833.4256870885729	1	0	tensor(3)	1.4404711998236182
153023.59176964025	3000.0	809.8339174483176	0.0	0	0.0	1833.4256870885438	1	0	tensor(3)	1.845936307931785
153643.69208229278	3000.0	1189.7336047957974	0.0	0	0.0	1833.4256870885438	1	0	tensor(3)	2.2514014160399496
154490.18202893643	3000.0	1343.2436581521406	0.0	0	0.0	1833.4256870885729	1	0	tensor(3)	2.251401416039948
155333.13223258033	3000.0	1500.2934545081916	0.0	0	0.0	1833.4256870885729	1	0	tensor(3)	2.251401416039948
157021.0040089596	3000.0	812.421678128919	0.0	0	0.0	1833.4256870885729	1	0	tensor(3)	2.251401416039946
157802.3170102281	3000.0	1031.108676860406	0.0	0	0.0	1833.4256870885729	1	0	tensor(3)	2.251401416039948
158410.81649049907	3000.0	1422.6091965894097	0.0	0	0.0	1833.4256870885438	1	0	tensor(3)	2.2514014160399496
159200.0	3000.0	1633.4256870884926	0.0	0	79.3611264770152	1833.4256870885438	1	0	tensor(3)	2.2514014160399496
160287.0480920103	3000.0	1546.3775950782015	0.0	0	0.0	1833.4256870885438	1	0	tensor(3)	2.2514014160399496
161200.0	3000.0	1633.4256870884763	0.0	0	168.20910083319177	1833.4256870885438	1	0	tensor(3)	2.2514014160399496
162200.0	3000.0	1633.4256870885047	0.0	0	6.643905692966655	1833.4256870885147	1	0	tensor(3)	2.25140141603995
163200.0	3000.0	1633.4256870885054	0.0	0	115.54846047898172	1833.4256870885438	1	0	tensor(3)	2.251401416039951
164231.07363648328	3000.0	1602.3520506052316	0.0	0	0.0	1833.4256870885729	1	0	tensor(3)	2.2514014160399487
165311.9877272862	3000.0	1521.4379598023258	0.0	0	0.0	1833.4256870885729	1	0	tensor(3)	2.251401416039948
166256.7257155984	3000.0	1576.6999714900946	0.0	0	0.0	1833.4256870885729	1	0	tensor(3)	2.251401416039948
167311.3404805681	3000.0	1522.0852065204192	0.0	0	0.0	1833.4256870885729	1	0	tensor(3)	2.251401416039948
168200.0	3000.0	1633.4256870885151	0.0	0	108.91116364538902	1833.4256870885438	1	0	tensor(3)	2.2514014160399496
169403.43456645362	3000.0	1429.991120634884	0.0	0	0.0	1833.4256870885438	1	0	tensor(3)	2.2514014160399496
170617.08061242793	3000.0	1216.3450746605895	0.0	0	0.0	1833.4256870885438	1	0	tensor(3)	2.2514014160399496
171340.24011969895	3000.0	1493.1855673895673	0.0	0	0.0	1833.4256870885438	1	0	tensor(3)	2.2514014160399496
172200.0	3000.0	1633.425687088533	0.0	0	122.32442363435985	1833.4256870885438	1	0	tensor(3)	2.2514014160399496
173369.8464843263	3000.0	1463.5792027622228	0.0	0	0.0	1833.4256870885438	1	0	tensor(3)	2.2514014160399496
174402.36179038935	3000.0	1431.063896699193	0.0	0	0.0	1833.4256870885438	1	0	tensor(3)	2.2514014160399496
175200.0	3000.0	1633.425687088542	0.0	0	79.85479079280049	1833.4256870885438	1	0	tensor(3)	2.2514014160399496
176200.0	3000.0	1633.425687088551	0.0	0	252.23335672047688	1833.4256870885438	1	0	tensor(3)	2.251401416039948
177200.0	3000.0	1633.4256870885515	0.0	0	184.9886925725732	1833.4256870885147	1	0	tensor(3)	2.25140141603995
178532.26277903112	3000.0	1301.1629080574207	0.0	0	0.0	1833.4256870884856	1	0	tensor(3)	2.2514014160399527
179638.71688234454	3000.0	1194.708804743979	0.0	0	0.0	1833.4256870884856	1	0	tensor(3)	2.2514014160399527
180548.51450657556	3000.0	1284.911180512953	0.0	0	0.0	1833.4256870884565	1	0	tensor(3)	2.251401416039955
181200.0	3000.0	1633.4256870885315	0.0	0	111.70711906644283	1833.4256870884565	1	0	tensor(3)	2.251401416039955
182315.53197589365	3000.0	1517.8937111948792	0.0	0	0.0	1833.4256870884565	1	0	tensor(3)	2.251401416039955
183200.0	3000.0	1633.4256870885151	0.0	0	194.97237394645344	1833.4256870884565	1	0	tensor(3)	2.251401416039955
184200.0	3000.0	1633.425687088525	0.0	0	457.5910633173189	1833.4256870884856	1	0	tensor(3)	2.2514014160399545
185200.0	3000.0	1633.4256870885533	0.0	0	471.555636870733	1833.4256870884856	1	0	tensor(3)	2.2514014160399527
186200.0	3000.0	1633.4256870885658	0.0	0	326.1419669710158	1833.4256870884856	1	0	tensor(3)	2.2514014160399527
187200.0	3000.0	1633.4256870885556	0.0	0	226.78486448753392	1833.4256870885147	1	0	tensor(3)	2.2514014160399527
188200.0	3000.0	1633.425687088561	0.0	0	424.2403221721761	1833.4256870885147	1	0	tensor(3)	2.2514014160399514
189200.0	3000.0	1633.4256870885745	0.0	0	98.77968565630727	1833.4256870885147	1	0	tensor(3)	2.2514014160399514
190200.0	3000.0	1633.4256870885672	0.0	0	407.11919494596077	1833.4256870885147	1	0	tensor(3)	2.2514014160399514
191327.58674837847	3000.0	1505.8389387100556	0.0	0	0.0	1833.4256870885147	1	0	tensor(3)	2.2514014160399514
192200.0	3000.0	1633.4256870885408	0.0	0	86.10676692728885	1833.4256870885147	1	0	tensor(3)	2.2514014160399514
193200.0	3000.0	1633.4256870885292	0.0	0	278.5037213859323	1833.4256870885147	1	0	tensor(3)	2.2514014160399514
194236.435674923	3000.0	1596.990012165522	0.0	0	0.0	1833.4256870885438	1	0	tensor(3)	2.2514014160399496
195200.0	3000.0	1633.4256870885279	0.0	0	206.74513269364252	1833.4256870885438	1	0	tensor(3)	2.2514014160399496
196203.57398812045	3000.0	1629.851698968065	0.0	0	0.0	1833.4256870885438	1	0	tensor(3)	2.2514014160399496
197200.0	3000.0	1633.4256870884853	0.0	0	261.17063470740686	1833.4256870885147	1	0	tensor(3)	2.25140141603995
198200.0	3000.0	1633.4256870885008	0.0	0	90.02130373605178	1833.4256870885147	1	0	tensor(3)	2.2514014160399514
199312.33795213434	3000.0	1521.0877349541815	0.0	0	0.0	1833.4256870885438	1	0	tensor(3)	2.25140141603995
200200.0	3000.0	1633.425687088502	0.0	0	17.726972189062508	1833.4256870885147	1	0	tensor(3)	2.2514014160399514
201266.49514741322	3000.0	1566.9305396752902	0.0	0	0.0	1833.4256870884856	1	0	tensor(3)	2.2514014160399527
202254.50433453833	3000.0	1578.9213525501532	0.0	0	0.0	1833.4256870884856	1	0	tensor(3)	2.2514014160399527
203200.0	2000.0	1633.425687088462	0.0	0	122.99819349477184	1833.4256870884565	1	0	tensor(3)	1.440471199823624
204200.0	2000.0	1633.425687088447	0.0	0	328.415793787688	1833.4256870884856	1	0	tensor(3)	1.8459363079317896
205200.0	3000.0	1633.4256870884385	0.0	0	183.53796470505768	1833.4256870884565	1	0	tensor(3)	1.8459363079317903
206255.8747382542	3000.0	1577.550948834197	0.0	0	0.0	1833.4256870884565	1	0	tensor(3)	2.251401416039955
207373.6139793885	3000.0	1459.8117076999238	0.0	0	0.0	1833.4256870884856	1	0	tensor(3)	2.2514014160399527
208673.08969464194	3000.0	1160.3359924465015	0.0	0	0.0	1833.4256870885147	1	0	tensor(3)	2.2514014160399514
209645.11903201378	3000.0	1188.3066550746398	0.0	0	0.0	1833.4256870885147	1	0	tensor(3)	2.2514014160399514
211119.70992395433	3000.0	713.7157631340915	0.0	0	0.0	1833.4256870885438	1	0	tensor(3)	2.251401416039951
212233.64660272663	3000.0	599.779084361804	0.0	0	0.0	1833.4256870885729	1	0	tensor(3)	2.251401416039948
212897.5581782585	2000.0	935.8675088299278	0.0	0	0.0	1833.4256870885729	1	0	tensor(3)	1.4404711998236182
213635.717483829	2000.0	1197.7082032594576	0.0	0	0.0	1833.425687088602	1	0	tensor(3)	1.8459363079317812
214532.05386798191	3000.0	1301.3718191065761	0.0	0	0.0	1833.425687088602	1	0	tensor(3)	1.8459363079317814
215200.0	3000.0	1633.4256870885015	0.0	0	70.99369262842811	1833.425687088602	1	0	tensor(3)	2.251401416039946
216200.0	3000.0	1633.425687088524	0.0	0	530.6970541962364	1833.425687088602	1	0	tensor(3)	2.251401416039946
217225.96126010304	3000.0	1607.4644269854828	0.0	0	107.89494220266351	1833.425687088602	1	0	tensor(3)	2.251401416039946
218554.01628382452	3000.0	1279.4094032640044	0.0	0	0.0	1833.425687088602	1	0	tensor(3)	2.251401416039946
219500.52535476198	3000.0	1332.9003323265204	0.0	0	0.0	1833.425687088602	1	0	tensor(3)	2.2514014160399465
220544.31804503518	3000.0	1289.1076420533345	0.0	0	0.0	1833.425687088602	1	0	tensor(3)	2.251401416039946
221555.6703050773	3000.0	1277.755382011203	0.0	0	0.0	1833.425687088602	1	0	tensor(3)	2.251401416039946
222576.5934424857	3000.0	1256.832244602808	0.0	0	0.0	1833.425687088602	1	0	tensor(3)	2.251401416039946
223597.31572937238	3000.0	1236.109957716131	0.0	0	0.0	1833.425687088602	1	0	tensor(3)	2.251401416039946
224276.04665176186	3000.0	1557.3790353266784	0.0	0	0.0	1833.425687088602	1	0	tensor(3)	2.251401416039946
225220.77961025792	6000.0	1612.6460768306192	0.0	0	0.0	1833.425687088602	1	0	tensor(3)	2.251401416039946
226200.0	3000.0	1633.4256870885526	0.0	0	432.9047415186942	1833.425687088602	1	0	tensor(3)	1.558254235480001
227354.11791715494	3000.0	1479.307769933585	0.0	0	0.0	1833.4256870885729	1	0	tensor(3)	2.251401416039948
228439.97943060682	3000.0	1393.4462564817231	0.0	0	0.0	1833.4256870885729	1	0	tensor(3)	2.251401416039948
229907.2722310324	3000.0	926.153456056147	0.0	0	0.0	1833.4256870885438	1	0	tensor(3)	2.2514014160399496
230463.44093247745	2000.0	1369.9847546110927	0.0	0	0.0	1833.4256870885438	1	0	tensor(3)	1.4404711998236202
231221.71066851178	3000.0	1611.7150185767982	0.0	0	0.0	1833.4256870885729	1	0	tensor(3)	1.8459363079317839
232200.0	3000.0	1633.4256870885608	0.0	0	167.13279517099727	1833.4256870885438	1	0	tensor(3)	2.251401416039948
233200.0	3000.0	1633.4256870885824	0.0	0	267.04242025653366	1833.425687088602	1	0	tensor(3)	2.2514014160399474
234200.0	3000.0	1633.4256870885615	0.0	0	125.87428204994649	1833.425687088602	1	0	tensor(3)	2.251401416039946
235652.17809258497	3000.0	1181.2475945035867	0.0	0	0.0	1833.4256870885729	1	0	tensor(3)	2.2514014160399474
237110.68989413392	3000.0	722.7357929546413	0.0	0	0.0	1833.4256870885729	1	0	tensor(3)	2.251401416039948
237914.12944821554	2000.0	919.2962388730298	0.0	0	0.0	1833.4256870885729	1	0	tensor(3)	1.4404711998236182
238641.3613118366	2000.0	1192.064375251969	0.0	0	0.0	1833.4256870885729	1	0	tensor(3)	1.8459363079317828
239419.7603870067	3000.0	1413.6653000818978	0.0	0	0.0	1833.425687088602	1	0	tensor(3)	1.8459363079317814
240200.0	3000.0	1633.425687088597	0.0	0	54.63408613714273	1833.425687088631	1	0	tensor(3)	2.2514014160399443
241200.0	3000.0	1633.4256870885997	0.0	0	342.4624697857653	1833.4256870886602	1	0	tensor(3)	2.2514014160399425
242200.0	3000.0	1633.4256870885815	0.0	0	443.80165310477605	1833.425687088631	1	0	tensor(3)	2.251401416039943
243200.0	3000.0	1633.4256870885606	0.0	0	468.7616355736973	1833.425687088602	1	0	tensor(3)	2.251401416039946
244519.5563637155	6000.0	1313.8693233730678	0.0	0	0.0	1833.425687088602	1	0	tensor(3)	2.2514014160399447
245924.28179467705	3000.0	909.1438924115416	0.0	0	0.0	1833.425687088631	1	0	tensor(3)	1.5582542354799993
246814.57069041024	3000.0	1018.8549966783378	0.0	0	0.0	1833.425687088631	1	0	tensor(3)	2.2514014160399443
247571.50704940807	3000.0	1261.9186376804882	0.0	0	0.0	1833.425687088602	1	0	tensor(3)	2.251401416039946
248546.77900491116	3000.0	1286.6466821773752	0.0	0	0.0	1833.425687088602	1	0	tensor(3)	2.251401416039946
249266.6237760801	3000.0	1566.8019110084558	0.0	0	0.0	1833.4256870885729	1	0	tensor(3)	2.251401416039948
250200.0	3000.0	1633.4256870885372	0.0	0	202.8114604378061	1833.4256870885729	1	0	tensor(3)	2.251401416039948
251200.0	3000.0	1633.425687088552	0.0	0	66.28130369164865	1833.4256870885438	1	0	tensor(3)	2.251401416039948
252357.4927803908	3000.0	1475.9329066977332	0.0	0	0.0	1833.4256870885729	1	0	tensor(3)	2.251401416039948
253735.7405267757	3000.0	1097.685160312825	0.0	0	0.0	1833.4256870885729	1	0	tensor(3)	2.251401416039948
255208.46388002322	3000.0	624.9618070652954	0.0	0	0.0	1833.4256870885729	1	0	tensor(3)	2.251401416039948
255977.57289308036	2000.0	855.8527940081572	0.0	0	0.0	1833.4256870885729	1	0	tensor(3)	1.4404711998236182
256595.793470205	2000.0	1237.6322168835256	0.0	0	0.0	1833.4256870885729	1	0	tensor(3)	1.8459363079317828
257681.31323743702	3000.0	1152.112449651498	0.0	0	0.0	1833.4256870885438	1	0	tensor(3)	1.845936307931785
258765.15566641235	3000.0	1068.2700206761583	0.0	0	0.0	1833.4256870885729	1	0	tensor(3)	2.251401416039948
259724.06564615067	3000.0	1109.3600409378178	0.0	0	0.0	1833.4256870885729	1	0	tensor(3)	2.251401416039948
260387.12223514228	3000.0	1446.3034519462203	0.0	0	0.0	1833.4256870885729	1	0	tensor(3)	2.251401416039948
261200.0	3000.0	1633.425687088506	0.0	0	83.92363044575904	1833.4256870885729	1	0	tensor(3)	2.251401416039948
262200.0	3000.0	1633.425687088509	0.0	0	180.7472641976783	1833.425687088602	1	0	tensor(3)	2.2514014160399474
263200.0	3000.0	1633.4256870884992	0.0	0	155.67195749277016	1833.4256870885729	1	0	tensor(3)	2.251401416039946
264668.874730524	3000.0	1164.5509565644538	0.0	0	0.0	1833.4256870885729	1	0	tensor(3)	2.251401416039948
266259.80758399074	3000.0	573.6181030977558	0.0	0	0.0	1833.4256870885729	1	0	tensor(3)	2.251401416039948
267213.1707956933	2000.0	620.2548913951908	0.0	0	0.0	1833.4256870885729	1	0	tensor(3)	1.4404711998236182
267892.65814281476	2000.0	940.7675442737424	0.0	0	0.0	1833.4256870885729	1	0	tensor(3)	1.8459363079317828
268780.61965071084	2000.0	1052.8060363776701	0.0	0	0.0	1833.425687088631	1	0	tensor(3)	1.8459363079317794
269321.69271472783	2000.0	1511.7329723607108	0.0	0	0.0	1833.4256870885729	1	0	tensor(3)	1.8459363079317828
270200.0	3000.0	1633.4256870885597	0.0	0	100.33408343291376	1833.425687088631	1	0	tensor(3)	1.8459363079317797
271200.0	3000.0	1633.425687088511	0.0	0	174.44434174598427	1833.4256870885147	1	0	tensor(3)	2.2514014160399483
272200.0	3000.0	1633.425687088548	0.0	0	163.27652680856409	1833.4256870885729	1	0	tensor(3)	2.2514014160399505
273200.0	3000.0	1633.4256870886027	0.0	0	46.90677781205159	1833.4256870885729	1	0	tensor(3)	2.251401416039948
274277.45948111796	3000.0	1555.966205970635	0.0	0	0.0	1833.4256870885729	1	0	tensor(3)	2.251401416039948
275200.0	3000.0	1633.4256870885172	0.0	0	132.00810978387017	1833.4256870885729	1	0	tensor(3)	2.251401416039948
276200.0	3000.0	1633.4256870884672	0.0	0	92.25183458818356	1833.4256870885147	1	0	tensor(3)	2.2514014160399514
277200.0	3000.0	1633.4256870884528	0.0	0	11.608431706030387	1833.4256870885147	1	0	tensor(3)	2.2514014160399514
278200.0	3000.0	1633.4256870884094	0.0	0	2.0336510234628804	1833.4256870885147	1	0	tensor(3)	2.2514014160399514
279200.0	3000.0	1633.4256870883805	0.0	0	205.8753989810357	1833.4256870885147	1	0	tensor(3)	2.2514014160399514
280200.0	3000.0	1633.4256870883216	0.0	0	134.29615505924448	1833.4256870885147	1	0	tensor(3)	2.2514014160399514
281200.0	3000.0	1633.4256870883403	0.0	0	204.32199676550226	1833.4256870885147	1	0	tensor(3)	2.2514014160399514
282200.0	3000.0	1633.425687088352	0.0	0	89.4454274942982	1833.4256870885147	1	0	tensor(3)	2.2514014160399514
283200.0	3000.0	1633.4256870883544	0.0	0	367.8252160086995	1833.4256870885147	1	0	tensor(3)	2.2514014160399514
284324.21634353284	3000.0	1509.209343555491	0.0	0	0.0	1833.4256870885729	1	0	tensor(3)	2.2514014160399496
285470.06964026246	3000.0	1363.356046825881	0.0	0	0.0	1833.4256870885729	1	0	tensor(3)	2.251401416039947
286245.0389459466	3000.0	1588.3867411417618	0.0	0	0.0	1833.4256870885729	1	0	tensor(3)	2.251401416039948
287224.31690256414	3000.0	1609.1087845242284	0.0	0	0.0	1833.425687088631	1	0	tensor(3)	2.2514014160399443
288200.0	3000.0	1633.4256870884258	0.0	0	24.676063694409095	1833.425687088631	1	0	tensor(3)	2.2514014160399443
289200.0	3000.0	1633.4256870884487	0.0	0	207.24070165352896	1833.425687088631	1	0	tensor(3)	2.2514014160399443
290312.3982232339	3000.0	1521.027463854575	0.0	0	0.0	1833.4256870886893	1	0	tensor(3)	2.2514014160399407
291200.0	3000.0	1633.4256870883894	0.0	0	209.7730326629826	1833.4256870886893	1	0	tensor(3)	2.2514014160399407
292200.0	3000.0	1633.4256870884342	0.0	0	49.595756711496506	1833.4256870886893	1	0	tensor(3)	2.2514014160399407
293334.8688819617	3000.0	1498.5568051267605	0.0	0	0.0	1833.4256870887475	1	0	tensor(3)	2.2514014160399385
294200.0	3000.0	1633.4256870885058	0.0	0	161.19772437942447	1833.4256870887475	1	0	tensor(3)	2.251401416039937
295317.7887110139	3000.0	1515.636976074596	0.0	0	0.0	1833.4256870887475	1	0	tensor(3)	2.251401416039937
296466.7814141134	3000.0	1366.644272974981	0.0	0	0.0	1833.4256870886893	1	0	tensor(3)	2.2514014160399407
297474.40644782514	3000.0	1359.0192392632555	0.0	0	0.0	1833.4256870886893	1	0	tensor(3)	2.2514014160399407
298463.6269707168	3000.0	1369.7987163716045	0.0	0	0.0	1833.4256870886893	1	0	tensor(3)	2.2514014160399407
299532.3348579022	3000.0	1301.0908291861824	0.0	0	0.0	1833.4256870886893	1	0	tensor(3)	2.2514014160399407
300832.11176404724	3000.0	1001.3139230411431	0.0	0	0.0	1833.4256870886893	1	0	tensor(3)	2.2514014160399407
301542.7671899758	3000.0	1290.6584971126078	0.0	0	0.0	1833.4256870887475	1	0	tensor(3)	2.251401416039937
302375.6639201009	3000.0	1457.7617669875026	0.0	0	0.0	1833.4256870887475	1	0	tensor(3)	2.251401416039937
3.78	4.97	4.16	2.59	2.29	4.19	3.88	3.22	3.16	2.85	3.34	3.6	2.78	3.83	3.57	3.85	3.46	2.54	3.61	5.76	2.75	2.8	4.01	5.56	4.7	3.12	3.35	3.32	5.32	2.83	3.24	4.76	5.04	3.87	4.96	4.76	3.43	4.49	3.07	3.32	4.47	3.85	3.27	3.7	4.62	2.68	3.54	4.17	2.37	2.83	1.96	2.61	4.18	2.62	3.29	2.49	3.76	3.02	2.36	3.06	2.46	3.03	5.41	5.26	5.24	2.25	3.63	3.04	3.78	2.65	3.72	4.07	6.26	4.65	2.79	3.13	3.01	2.32	3.83	3.68	3.45	2.98	1.98	2.71	2.35	2.27	3.75	3.34	4.66	4.62	4.29	6.31	2.63	2.84	3.6	2.98	3.3	3.31	2.83	2.69	2.37	2.98	1.82	3.1	3.23	3.05	3.5	3.81	3.87	4.24	4.02	2.63	2.58	2.39	1.73	2.25	2.98	5.36	3.29	3.6	3.87	3.68	4.6	3.88	2.27	3.16	3.36	3.6	3.85	3.7	4.1	3.0	2.09	2.95	3.85	4.46	3.39	3.58	3.85	3.14	3.41	3.42	2.49	2.56	3.04	4.19	3.44	3.42	2.59	2.22	3.78	4.97	4.16	2.59	2.29	4.19	3.88	3.22	3.16	2.85	3.34	3.6	2.78	3.83	3.57	3.85	3.46	2.54	3.61	5.76	2.75	2.8	4.01	5.56	4.7	3.12	3.35	3.32	5.32	2.83	3.24	4.76	5.04	3.87	4.96	4.76	3.43	4.49	3.07	3.32	4.47	3.85	3.27	3.7	4.62	2.68	3.54	4.17	2.37	2.83	1.96	2.61	4.18	2.62	3.29	2.49	3.76	3.02	2.36	3.06	2.46	3.03	5.41	5.26	5.24	2.25	3.63	3.04	3.78	2.65	3.72	4.07	6.26	4.65	2.79	3.13	3.01	2.32	3.83	3.68	3.45	2.98	1.98	2.71	2.35	2.27	3.75	3.34	4.66	4.62	4.29	6.31	2.63	2.84	3.6	2.98	3.3	3.31	2.83	2.69	2.37	2.98	1.82	3.1	3.23	3.05	3.5	3.81	3.87	4.24	4.02	2.63	2.58	2.39	1.73	2.25	2.98	5.36	3.29	3.6	3.87	3.68	4.6	3.88	2.27	3.16	3.36	3.6	3.85	3.7	4.1	3.0	2.09	2.95	3.85	4.46	3.39	3.58	3.85	3.14	3.41	3.42	2.49	2.56	3.04	4.19	3.44	3.42	2.59	2.22	3.78	4.97	4.16
1.0	2.0	3.0	4.0	5.0	6.0	7.0	8.0	9.0	10.0	11.0	12.0	13.0	14.0	15.0	16.0	17.0	18.0	19.0	20.0	21.0	22.0	23.0	24.0	25.0	26.0	27.0	28.0	29.0	30.0	31.0	32.0	33.0	34.0	35.0	36.0	37.0	38.0	39.0	40.0	41.0	42.0	43.0	44.0	45.0	46.0	47.0	48.0	49.0	50.0	51.0	52.0	53.0	54.0	55.0	56.0	57.0	58.0	59.0	60.0	61.0	62.0	63.0	64.0	65.0	66.0	67.0	68.0	69.0	70.0	71.0	72.0	73.0	74.0	75.0	76.0	77.0	78.0	79.0	80.0	81.0	82.0	83.0	84.0	85.0	86.0	87.0	88.0	89.0	90.0	91.0	92.0	93.0	94.0	95.0	96.0	97.0	98.0	99.0	100.0	101.0	102.0	103.0	104.0	105.0	106.0	107.0	108.0	109.0	110.0	111.0	112.0	113.0	114.0	115.0	116.0	117.0	118.0	119.0	120.0	121.0	122.0	123.0	124.0	125.0	126.0	127.0	128.0	129.0	130.0	131.0	132.0	133.0	134.0	135.0	136.0	137.0	138.0	139.0	140.0	141.0	142.0	143.0	144.0	145.0	146.0	147.0	148.0	149.0	149.0	150.0	151.0	152.0	153.0	154.0	155.0	156.0	157.0	158.0	159.0	160.0	161.0	162.0	163.0	164.0	165.0	166.0	167.0	168.0	169.0	170.0	171.0	172.0	173.0	174.0	175.0	176.0	177.0	178.0	179.0	180.0	181.0	182.0	183.0	184.0	185.0	186.0	187.0	188.0	189.0	190.0	191.0	192.0	193.0	194.0	195.0	196.0	197.0	198.0	199.0	200.0	201.0	202.0	203.0	204.0	205.0	206.0	207.0	208.0	209.0	210.0	211.0	212.0	213.0	214.0	215.0	216.0	217.0	218.0	219.0	220.0	221.0	222.0	223.0	224.0	225.0	226.0	227.0	228.0	229.0	230.0	231.0	232.0	233.0	234.0	235.0	236.0	237.0	238.0	239.0	240.0	241.0	242.0	243.0	244.0	245.0	246.0	247.0	248.0	249.0	250.0	251.0	252.0	253.0	254.0	255.0	256.0	257.0	258.0	259.0	260.0	261.0	262.0	263.0	264.0	265.0	266.0	267.0	268.0	269.0	270.0	271.0	272.0	273.0	274.0	275.0	276.0	277.0	278.0	279.0	280.0	281.0	282.0	283.0	284.0	285.0	286.0	287.0	288.0	289.0	290.0	291.0	292.0	293.0	294.0	295.0	296.0	297.0	298.0	298.0	299.0	300.0	301.0
3007.724418967058
