6310.244445464495	1000.0	2000.0	299.9169669533012	0	0.0	4310.244445464495	1	0	tensor(6)	-8.380294166724656
6998.909216144289	3000.0	2311.335229320206	0.0	0	0.0	4310.244445464496	1	0	tensor(3)	0.5906313378113679
7409.485684243917	3000.0	2900.758761220579	0.0	0	0.0	4310.244445464496	1	0	tensor(3)	1.6892436264794775
8156.479152178398	6000.0	3153.7652932860983	0.0	0	0.0	4310.2444454644965	1	0	tensor(3)	1.6892436264794772
9190.124671084288	6000.0	3120.1197743802086	0.0	0	0.0	4310.2444454644965	1	0	tensor(3)	2.382390807039422
10563.915686986935	6000.0	2746.3287584775603	0.0	0	0.0	4310.244445464495	1	0	tensor(3)	2.382390807039423
11592.28394791249	6000.0	2717.960497552005	0.0	0	0.0	4310.244445464496	1	0	tensor(3)	2.382390807039423
12803.827535677041	6000.0	2506.416909787456	0.0	0	0.0	4310.244445464496	1	0	tensor(3)	2.3823908070394224
13420.786253651298	6000.0	2889.458191813196	0.0	0	0.0	4310.244445464496	1	0	tensor(3)	2.3823908070394224
14421.76190142594	6000.0	2888.482544038554	0.0	0	0.0	4310.244445464496	1	0	tensor(3)	2.3823908070394224
15456.306627991788	6000.0	2853.9378174727062	0.0	0	0.0	4310.244445464496	1	0	tensor(3)	2.3823908070394224
16248.239148393835	6000.0	3062.0052970706583	0.0	0	0.0	4310.244445464494	1	0	tensor(3)	2.3823908070394233
17059.950081351402	6000.0	3250.2943641130905	0.0	0	0.0	4310.244445464494	1	0	tensor(3)	2.3823908070394224
18286.016402493737	6000.0	3024.2280429707607	0.0	0	0.0	4310.244445464497	1	0	tensor(3)	2.382390807039422
19702.823615861584	6000.0	2607.4208296029146	0.0	0	0.0	4310.244445464499	1	0	tensor(3)	2.3823908070394206
21012.085468279525	6000.0	2298.158977184973	0.0	0	0.0	4310.244445464497	1	0	tensor(3)	2.3823908070394215
21919.129202234708	3000.0	2391.115243229788	0.0	0	0.0	4310.244445464494	1	0	tensor(3)	0.9960964459195336
23049.90132383336	6000.0	2260.3431216311383	0.0	0	0.0	4310.244445464494	1	0	tensor(3)	1.6892436264794783
23786.75407492548	6000.0	2523.4903705390193	0.0	0	0.0	4310.244445464494	1	0	tensor(3)	2.3823908070394233
25114.243476892363	6000.0	2196.0009685721366	0.0	0	0.0	4310.244445464497	1	0	tensor(3)	2.3823908070394215
26254.248539497647	6000.0	2055.9959059668563	0.0	0	0.0	4310.244445464501	1	0	tensor(3)	2.3823908070394193
27095.68562711269	6000.0	2214.5588183518103	0.0	0	0.0	4310.244445464497	1	0	tensor(3)	2.3823908070394215
27761.158748153146	6000.0	2549.0856973113555	0.0	0	0.0	4310.244445464497	1	0	tensor(3)	2.3823908070394215
28813.083090844313	6000.0	2497.1613546201884	0.0	0	0.0	4310.244445464497	1	0	tensor(3)	2.3823908070394215
30298.305600709806	6000.0	2011.9388447546917	0.0	0	0.0	4310.244445464497	1	0	tensor(3)	2.3823908070394215
31759.668600267567	6000.0	1550.575845196931	0.0	0	0.0	4310.244445464497	1	0	tensor(3)	2.3823908070394215
33063.28056133594	3000.0	1246.9638841285566	0.0	0	0.0	2310.2444454644938	1	0	tensor(6)	-4.4781492167870764
33853.32766897253	3000.0	1456.916776491959	0.0	0	0.0	2310.24444546449	1	0	tensor(3)	2.214997963772869
34399.3284109378	3000.0	1910.9160345266907	0.0	0	0.0	2310.24444546449	1	0	tensor(3)	2.2149979637728694
35200.0	3000.0	2110.2444454644956	0.0	0	240.21618752594804	2310.2444454644865	1	0	tensor(3)	2.2149979637728694
36200.0	6000.0	2110.244445464498	0.0	0	405.3023844346826	2310.244445464479	1	0	tensor(3)	2.2149979637728707
37653.82733811621	6000.0	1656.417107348281	0.0	0	0.0	2310.244445464479	1	0	tensor(3)	2.9081451443328152
38673.93486324908	6000.0	1636.3095822154141	0.0	0	0.0	2310.244445464479	1	0	tensor(3)	2.9081451443328152
40113.53720362171	6000.0	1196.707241842792	0.0	0	0.0	2310.244445464479	1	0	tensor(3)	2.9081451443328152
40900.943307431604	3000.0	1409.301138032888	0.0	0	0.0	2310.244445464479	1	0	tensor(3)	1.5218507832129258
41972.905325772044	3000.0	1337.3391196924435	0.0	0	0.0	2310.2444454644865	1	0	tensor(3)	2.21499796377287
43801.92944228134	3000.0	508.31500318315454	0.0	0	0.0	2310.2444454644865	1	0	tensor(3)	2.21499796377287
44472.281798087315	2000.0	837.9626473771729	0.0	0	0.0	2310.244445464479	1	0	tensor(3)	1.404067747556541
45270.269011255885	3000.0	1039.9754342086085	0.0	0	0.0	2310.2444454644865	1	0	tensor(3)	1.8095328556647052
45985.30720985232	3000.0	1324.937235612175	0.0	0	0.0	2310.2444454644865	1	0	tensor(3)	2.21499796377287
46493.98971541448	3000.0	1816.2547300500157	0.0	0	0.0	2310.2444454644865	1	0	tensor(3)	2.21499796377287
47200.0	3000.0	2110.2444454644883	0.0	0	227.15175791018555	2310.2444454644865	1	0	tensor(3)	2.21499796377287
48377.75423515588	6000.0	1932.4902103086056	0.0	0	0.0	2310.2444454644865	1	0	tensor(3)	2.2149979637728694
50051.770827449705	6000.0	1258.4736180147834	0.0	0	0.0	2310.2444454644938	1	0	tensor(3)	2.908145144332814
50735.83588020474	3000.0	1574.4085652597441	0.0	0	0.0	2310.244445464501	1	0	tensor(3)	1.5218507832129236
51573.08880828551	3000.0	1737.1556371789713	0.0	0	0.0	2310.2444454645083	1	0	tensor(3)	2.2149979637728676
52353.421416172096	3000.0	1956.8230292923795	0.0	0	0.0	2310.244445464501	1	0	tensor(3)	2.2149979637728685
53200.0	3000.0	2110.2444454644774	0.0	0	4.189140809066885	2310.244445464501	1	0	tensor(3)	2.2149979637728685
54200.0	3000.0	2110.244445464473	0.0	0	283.2379262520699	2310.244445464501	1	0	tensor(3)	2.2149979637728685
55200.0	3000.0	2110.2444454644838	0.0	0	85.518394450708	2310.2444454645083	1	0	tensor(3)	2.2149979637728676
56200.0	3000.0	2110.244445464481	0.0	0	170.45088072757062	2310.2444454645156	1	0	tensor(3)	2.214997963772867
57990.24306549905	6000.0	1320.001379965425	0.0	0	0.0	2310.2444454645156	1	0	tensor(3)	2.214997963772867
58800.42021470947	3000.0	1509.8242307550158	0.0	0	0.0	2310.244445464523	1	0	tensor(3)	1.5218507832129213
59678.48109239749	3000.0	1631.7633530669993	0.0	0	0.0	2310.244445464523	1	0	tensor(3)	2.2149979637728663
60242.734854321876	3000.0	2067.5095911426115	0.0	0	0.0	2310.244445464523	1	0	tensor(3)	2.2149979637728663
61200.0	3000.0	2110.2444454644915	0.0	0	407.011843477354	2310.244445464523	1	0	tensor(3)	2.2149979637728663
62200.0	6000.0	2110.2444454644883	0.0	0	177.60808847837325	2310.244445464523	1	0	tensor(3)	2.2149979637728663
63200.0	3000.0	2110.2444454644897	0.0	0	452.01625729715306	2310.2444454645156	1	0	tensor(3)	1.521850783212922
64376.544051622004	6000.0	1933.7003938424807	0.0	0	0.0	2310.2444454645083	1	0	tensor(3)	2.2149979637728676
66402.72069261651	6000.0	907.523752847967	0.0	0	0.0	2310.2444454644938	1	0	tensor(3)	2.9081451443328135
67310.11708522224	3000.0	1000.1273602422311	0.0	0	0.0	2310.2444454644865	1	0	tensor(3)	1.5218507832129247
68476.16660984833	3000.0	834.0778356161433	0.0	0	0.0	2310.2444454644865	1	0	tensor(3)	2.21499796377287
69222.37683735778	3000.0	1087.8676081066928	0.0	0	0.0	2310.244445464472	1	0	tensor(3)	2.214997963772871
69894.0284229904	3000.0	1416.216022474054	0.0	0	0.0	2310.244445464472	1	0	tensor(3)	2.214997963772871
70511.84541360018	3000.0	1798.399031864256	0.0	0	0.0	2310.244445464472	1	0	tensor(3)	2.214997963772871
71200.0	3000.0	2110.244445464444	0.0	0	132.6594092847954	2310.2444454644865	1	0	tensor(3)	2.21499796377287
72200.0	3000.0	2110.2444454644456	0.0	0	516.4103100464272	2310.2444454644865	1	0	tensor(3)	2.21499796377287
73489.33029153409	6000.0	1820.914153930345	0.0	0	0.0	2310.2444454644865	1	0	tensor(3)	2.2149979637728694
74200.0	3000.0	2110.244445464428	0.0	0	58.04621576779755	2310.244445464472	1	0	tensor(3)	1.5218507832129262
75200.0	3000.0	2110.244445464432	0.0	0	356.84701378960744	2310.2444454644865	1	0	tensor(3)	2.21499796377287
76543.31116462826	6000.0	1766.9332808361578	0.0	0	0.0	2310.2444454644865	1	0	tensor(3)	2.2149979637728694
77200.0	3000.0	2110.244445464415	0.0	0	131.77623236284126	2310.244445464472	1	0	tensor(3)	1.5218507832129262
78200.0	6000.0	2110.2444454644037	0.0	0	67.98584001310519	2310.244445464472	1	0	tensor(3)	2.214997963772871
79218.883071961	6000.0	2091.3613735034114	0.0	0	116.57590682308364	2310.244445464472	1	0	tensor(3)	2.908145144332816
80728.84940473449	6000.0	1581.395040729922	0.0	0	0.0	2310.244445464472	1	0	tensor(3)	2.908145144332816
82775.0082072127	6000.0	535.236238251701	0.0	0	0.0	2310.244445464472	1	0	tensor(3)	2.908145144332816
83335.48473062117	3000.0	974.7597148432391	0.0	0	0.0	2310.244445464472	1	0	tensor(3)	1.5218507832129262
84079.17235711699	3000.0	1231.0720883474328	0.0	0	0.0	2310.244445464472	1	0	tensor(3)	2.214997963772871
84489.08952476567	3000.0	1821.154920698754	0.0	0	0.0	2310.244445464472	1	0	tensor(3)	2.214997963772871
85544.06750873949	6000.0	1766.1769367249303	0.0	0	0.0	2310.244445464472	1	0	tensor(3)	2.214997963772871
87238.84387023529	6000.0	1071.4005752291318	0.0	0	0.0	2310.2444454644865	1	0	tensor(3)	2.9081451443328143
88147.93104555963	3000.0	1162.313399904795	0.0	0	0.0	2310.2444454644865	1	0	tensor(3)	1.5218507832129249
88956.47703960702	3000.0	1353.7674058574016	0.0	0	0.0	2310.244445464501	1	0	tensor(3)	2.2149979637728685
89679.95585867316	3000.0	1630.2885867912805	0.0	0	0.0	2310.244445464501	1	0	tensor(3)	2.2149979637728685
90200.0	3000.0	2110.244445464431	0.0	0	74.1461712859309	2310.244445464501	1	0	tensor(3)	2.2149979637728685
91220.318072266	6000.0	2089.926373198414	0.0	0	0.0	2310.244445464501	1	0	tensor(3)	2.214997963772868
92200.0	3000.0	2110.2444454644215	0.0	0	106.51272853725823	2310.2444454644865	1	0	tensor(3)	1.5218507832129249
93377.38572531224	6000.0	1932.858720152183	0.0	0	0.0	2310.244445464501	1	0	tensor(3)	2.214997963772868
94368.99338942164	3000.0	1941.2510560427825	0.0	0	0.0	2310.244445464501	1	0	tensor(3)	1.5218507832129236
95957.92958609124	6000.0	1352.3148593731892	0.0	0	0.0	2310.244445464501	1	0	tensor(3)	2.214997963772868
96832.7920437944	3000.0	1477.4524016700402	0.0	0	0.0	2310.2444454645156	1	0	tensor(3)	1.521850783212922
97573.01871619381	3000.0	1737.2257292706386	0.0	0	0.0	2310.24444546453	1	0	tensor(3)	2.2149979637728654
98613.69388271846	6000.0	1696.5505627459759	0.0	0	0.0	2310.2444454645156	1	0	tensor(3)	2.214997963772867
99200.0	3000.0	2110.24444546444	0.0	0	149.38741046460927	2310.2444454645156	1	0	tensor(3)	1.521850783212922
100200.0	6000.0	2110.2444454644324	0.0	0	274.8018123039219	2310.244445464501	1	0	tensor(3)	2.214997963772868
101200.0	6000.0	2110.2444454644183	0.0	0	343.59262116104946	2310.244445464501	1	0	tensor(3)	2.9081451443328135
102310.1482800906	6000.0	2000.096165373811	0.0	0	66.90575516490208	2310.2444454644865	1	0	tensor(3)	2.9081451443328143
104314.64234920162	6000.0	995.6020962627689	0.0	0	0.0	2310.2444454644865	1	0	tensor(3)	2.9081451443328143
105662.45149935795	6000.0	647.7929461064235	0.0	0	0.0	2310.2444454644865	1	0	tensor(3)	2.9081451443328143
106416.06159381085	3000.0	894.1828516535098	0.0	0	0.0	2310.2444454644865	1	0	tensor(3)	1.5218507832129249
107315.8913432274	3000.0	994.3531022369671	0.0	0	0.0	2310.2444454644865	1	0	tensor(3)	2.21499796377287
108011.84979019273	3000.0	1298.394655271624	0.0	0	0.0	2310.2444454644865	1	0	tensor(3)	2.21499796377287
108942.55002629988	3000.0	1367.6944191644802	0.0	0	0.0	2310.2444454644865	1	0	tensor(3)	2.21499796377287
109515.72023179883	3000.0	1794.5242136655422	0.0	0	0.0	2310.2444454644865	1	0	tensor(3)	2.21499796377287
110508.0739466014	3000.0	1802.17049886297	0.0	0	0.0	2310.2444454644865	1	0	tensor(3)	2.21499796377287
111479.72037209653	3000.0	1830.5240733678384	0.0	0	0.0	2310.2444454644865	1	0	tensor(3)	2.21499796377287
112343.09068372368	3000.0	1967.153761740684	0.0	0	0.0	2310.244445464472	1	0	tensor(3)	2.214997963772871
113590.05518723356	3000.0	1720.1892582307985	0.0	0	0.0	2310.244445464472	1	0	tensor(3)	2.214997963772871
114566.83645082536	3000.0	1743.407994639002	0.0	0	0.0	2310.244445464472	1	0	tensor(3)	2.214997963772871
115352.41170454395	3000.0	1957.8327409204092	0.0	0	0.0	2310.244445464472	1	0	tensor(3)	2.214997963772871
116343.23193654095	3000.0	1967.0125089233995	0.0	0	0.0	2310.2444454644865	1	0	tensor(3)	2.21499796377287
118298.41560102688	6000.0	1011.8288444374703	0.0	0	0.0	2310.2444454644865	1	0	tensor(3)	2.2149979637728694
119101.90534409224	3000.0	1208.3391013720973	0.0	0	0.0	2310.2444454644865	1	0	tensor(3)	1.5218507832129249
120236.55834855075	3000.0	1073.686096913584	0.0	0	0.0	2310.2444454644865	1	0	tensor(3)	2.21499796377287
121052.459986402	3000.0	1257.7844590623527	0.0	0	0.0	2310.244445464501	1	0	tensor(3)	2.2149979637728685
122058.16196150481	3000.0	1252.082483959533	0.0	0	0.0	2310.244445464501	1	0	tensor(3)	2.2149979637728685
122992.05323310527	3000.0	1318.1912123590666	0.0	0	0.0	2310.244445464501	1	0	tensor(3)	2.2149979637728685
123794.58021517852	3000.0	1515.6642302858152	0.0	0	0.0	2310.244445464501	1	0	tensor(3)	2.2149979637728685
124593.95458571124	3000.0	1716.2898597531005	0.0	0	0.0	2310.244445464501	1	0	tensor(3)	2.2149979637728685
125524.7066413463	3000.0	1785.5378041180472	0.0	0	0.0	2310.2444454645156	1	0	tensor(3)	2.214997963772867
126267.1505571218	3000.0	2043.093888342537	0.0	0	0.0	2310.2444454645156	1	0	tensor(3)	2.214997963772867
127200.0	3000.0	2110.244445464322	0.0	0	234.4598769665172	2310.2444454645156	1	0	tensor(3)	2.214997963772867
128200.0	3000.0	2110.24444546432	0.0	0	417.5687876424199	2310.2444454645156	1	0	tensor(3)	2.214997963772867
129200.0	3000.0	2110.2444454643105	0.0	0	61.812968768703286	2310.2444454645156	1	0	tensor(3)	2.214997963772867
130200.0	3000.0	2110.244445464313	0.0	0	356.32377542379254	2310.244445464501	1	0	tensor(3)	2.2149979637728685
131290.64267288044	6000.0	2019.6017725838833	0.0	0	0.0	2310.244445464501	1	0	tensor(3)	2.214997963772868
132200.0	3000.0	2110.2444454643014	0.0	0	350.7181397700915	2310.244445464472	1	0	tensor(3)	1.5218507832129247
133200.0	6000.0	2110.2444454643037	0.0	0	56.55606045582681	2310.2444454644865	1	0	tensor(3)	2.214997963772871
134200.0	6000.0	2110.2444454643073	0.0	0	229.35923823804478	2310.2444454644865	1	0	tensor(3)	2.9081451443328143
135200.0	6000.0	2110.2444454643073	0.0	0	320.91006968717556	2310.2444454644574	1	0	tensor(3)	2.908145144332818
136200.0	6000.0	2110.244445464281	0.0	0	370.8705406987283	2310.2444454644283	1	0	tensor(3)	2.9081451443328197
137200.0	6000.0	2110.244445464281	0.0	0	177.7952695446147	2310.244445464399	1	0	tensor(3)	2.908145144332821
138407.30856112816	6000.0	1902.9358843361424	0.0	0	0.0	2310.244445464399	1	0	tensor(3)	2.908145144332823
139540.89751371465	6000.0	1769.3469317496374	0.0	0	0.0	2310.24444546437	1	0	tensor(3)	2.9081451443328254
141307.51447236942	6000.0	1002.7299730948248	0.0	0	0.0	2310.24444546437	1	0	tensor(3)	2.9081451443328254
142062.95324774276	3000.0	1247.2911977214853	0.0	0	0.0	2310.24444546437	1	0	tensor(3)	1.521850783212936
143046.3843062141	6000.0	1263.8601392501214	0.0	0	0.0	2310.24444546437	1	0	tensor(3)	2.2149979637728805
143726.78595099165	6000.0	1583.4584944726093	0.0	0	0.0	2310.24444546437	1	0	tensor(3)	2.9081451443328254
144658.1450073903	6000.0	1652.099438073953	0.0	0	0.0	2310.244445464399	1	0	tensor(3)	2.908145144332823
146150.23581304308	6000.0	1160.0086324211434	0.0	0	0.0	2310.244445464399	1	0	tensor(3)	2.908145144332823
146886.9511148399	6000.0	1423.2933306243328	0.0	0	0.0	2310.24444546437	1	0	tensor(3)	2.9081451443328254
148303.39769864173	6000.0	1006.8467468225313	0.0	0	0.0	2310.24444546437	1	0	tensor(3)	2.9081451443328254
148802.50209350462	3000.0	1507.742351959626	0.0	0	0.0	2310.24444546437	1	0	tensor(3)	1.521850783212936
150192.1292646129	6000.0	1118.1151808513341	0.0	0	0.0	2310.24444546437	1	0	tensor(3)	2.2149979637728805
150814.744697338	3000.0	1495.4997481262349	0.0	0	0.0	2310.244445464341	1	0	tensor(3)	1.5218507832129387
151753.2767711102	3000.0	1556.9676743540222	0.0	0	0.0	2310.244445464341	1	0	tensor(3)	2.2149979637728836
152594.5030178989	3000.0	1715.7414275653086	0.0	0	0.0	2310.244445464312	1	0	tensor(3)	2.2149979637728863
153452.04581039783	3000.0	1858.1986350663685	0.0	0	0.0	2310.244445464312	1	0	tensor(3)	2.2149979637728863
154200.0	3000.0	2110.244445464167	0.0	0	81.66873746021884	2310.244445464312	1	0	tensor(3)	2.2149979637728863
155200.0	3000.0	2110.2444454641627	0.0	0	136.51798584777862	2310.244445464312	1	0	tensor(3)	2.2149979637728863
156200.0	3000.0	2110.2444454642095	0.0	0	437.34778208553325	2310.244445464341	1	0	tensor(3)	2.2149979637728836
157200.0	6000.0	2110.2444454642573	0.0	0	283.67075903870864	2310.244445464341	1	0	tensor(3)	2.214997963772883
158202.1254315626	6000.0	2108.1190139016453	0.0	0	152.5283293001121	2310.244445464341	1	0	tensor(3)	2.908145144332828
159393.69259398963	6000.0	1916.55185147458	0.0	0	0.0	2310.244445464341	1	0	tensor(3)	2.908145144332828
160331.2885073683	6000.0	1978.9559380958722	0.0	0	0.0	2310.244445464312	1	0	tensor(3)	2.9081451443328303
161455.0652878798	6000.0	1855.1791575843506	0.0	0	0.0	2310.244445464312	1	0	tensor(3)	2.9081451443328312
162200.0	3000.0	2110.24444546415	0.0	0	291.66236899021897	2310.244445464312	1	0	tensor(3)	1.5218507832129415
163277.2361683115	6000.0	2033.0082771526347	0.0	0	0.0	2310.244445464312	1	0	tensor(3)	2.214997963772886
164285.91473980754	6000.0	2024.3297056565975	0.0	0	0.0	2310.244445464341	1	0	tensor(3)	2.908145144332828
165259.5987773875	6000.0	2050.6456680766464	0.0	0	0.0	2310.244445464312	1	0	tensor(3)	2.9081451443328312
166456.97359849972	6000.0	1853.2708469644297	0.0	0	0.0	2310.244445464312	1	0	tensor(3)	2.9081451443328312
167312.2955991926	3000.0	1997.9488462715594	0.0	0	0.0	2310.244445464312	1	0	tensor(3)	1.5218507832129415
168515.87969823877	6000.0	1794.3647472254409	0.0	0	0.0	2310.244445464312	1	0	tensor(3)	2.214997963772886
169689.00452746724	6000.0	1621.2399179969725	0.0	0	0.0	2310.244445464312	1	0	tensor(3)	2.9081451443328312
170531.83334549202	3000.0	1778.4110999722004	0.0	0	0.0	2310.2444454642828	1	0	tensor(3)	1.5218507832129442
171580.70405967737	6000.0	1729.5403857869007	0.0	0	0.0	2310.244445464312	1	0	tensor(3)	2.214997963772886
172354.85516305847	6000.0	1955.3892824057834	0.0	0	0.0	2310.244445464312	1	0	tensor(3)	2.9081451443328312
173200.0	6000.0	2110.2444454642496	0.0	0	42.658670619974146	2310.244445464312	1	0	tensor(3)	2.9081451443328312
174200.0	6000.0	2110.2444454642264	0.0	0	143.6647047874867	2310.244445464312	1	0	tensor(3)	2.9081451443328312
175229.63833386134	6000.0	2080.606111602893	0.0	0	0.0	2310.244445464341	1	0	tensor(3)	2.908145144332828
176206.8265137193	6000.0	2103.417931744897	0.0	0	0.0	2310.244445464341	1	0	tensor(3)	2.908145144332828
177200.0	6000.0	2110.2444454641927	0.0	0	356.9853700083331	2310.244445464341	1	0	tensor(3)	2.908145144332828
178212.74586451874	6000.0	2097.4985809454447	0.0	0	0.0	2310.244445464399	1	0	tensor(3)	2.9081451443328246
179810.31064689692	6000.0	1499.9337985672835	0.0	0	0.0	2310.244445464399	1	0	tensor(3)	2.908145144332823
181967.82401960745	6000.0	342.4204258567614	0.0	0	0.0	2310.244445464399	1	0	tensor(3)	2.908145144332823
182906.37181316008	3000.0	488.274101326454	84.40146902229924	0	0.0	2394.645914486726	1	0	tensor(3)	1.0070846738872532
183525.39126832734	3000.0	869.2546461591787	0.0	0	0.0	2394.645914486726	1	0	tensor(3)	2.2066406685809934
183934.6118963998	3000.0	1460.0340180867393	0.0	0	0.0	2394.645914486726	1	0	tensor(3)	2.2066406685809934
184917.58814876672	6000.0	1477.057765719835	0.0	0	0.0	2394.645914486726	1	0	tensor(3)	2.2066406685809934
185676.9320363096	6000.0	1717.713878176966	0.0	0	0.0	2394.645914486726	1	0	tensor(3)	2.8997878491409383
186911.67506118925	6000.0	1482.9708532973	0.0	0	0.0	2394.645914486726	1	0	tensor(3)	2.8997878491409383
187913.274648293	6000.0	1481.3712661935374	0.0	0	0.0	2394.645914486755	1	0	tensor(3)	2.899787849140938
189354.96928232437	6000.0	1039.6766321621888	0.0	0	0.0	2394.645914486755	1	0	tensor(3)	2.8997878491409357
190743.22583656828	3000.0	651.4200779182845	0.0	0	0.0	2394.645914486726	1	0	tensor(3)	1.5134934880210487
191900.93176563826	3000.0	493.7141488483039	0.0	0	0.0	2394.645914486726	1	0	tensor(3)	2.2066406685809934
192830.34777150713	2000.0	564.2981429794027	0.0	0	0.0	2394.645914486726	1	0	tensor(3)	1.3957104523646646
193347.0610681628	2000.0	1047.5848463237294	0.0	0	0.0	2394.645914486726	1	0	tensor(3)	1.8011755604728292
194163.98257120102	3000.0	1230.6633432854865	0.0	0	0.0	2394.6459144866967	1	0	tensor(3)	1.8011755604728321
194774.62292606462	3000.0	1620.0229884218613	0.0	0	0.0	2394.6459144866967	1	0	tensor(3)	2.2066406685809965
195432.75803175214	3000.0	1961.887882734351	0.0	0	0.0	2394.6459144866967	1	0	tensor(3)	2.2066406685809965
196200.0	3000.0	2194.645914486483	0.0	0	43.97369921702193	2394.6459144866967	1	0	tensor(3)	2.206640668580996
197229.56011008788	6000.0	2165.0858043986045	0.0	0	0.0	2394.6459144866676	1	0	tensor(3)	2.2066406685809987
198756.4145380466	6000.0	1638.2313764398843	0.0	0	0.0	2394.6459144866676	1	0	tensor(3)	2.899787849140944
200327.91655182588	6000.0	1066.7293626606418	0.0	0	0.0	2394.6459144866676	1	0	tensor(3)	2.8997878491409446
201207.66534954828	3000.0	1186.9805649382479	0.0	0	0.0	2394.6459144866676	1	0	tensor(3)	1.5134934880210547
202078.3128253997	3000.0	1316.3330890867906	0.0	0	0.0	2394.6459144866385	1	0	tensor(3)	2.2066406685810027
203012.34616466516	3000.0	1382.2997498213397	0.0	0	0.0	2394.6459144866385	1	0	tensor(3)	2.2066406685810027
203820.69698041087	3000.0	1573.9489340756404	0.0	0	0.0	2394.6459144866094	1	0	tensor(3)	2.206640668581006
204771.4059264008	3000.0	1623.2399880856935	0.0	0	0.0	2394.6459144866094	1	0	tensor(3)	2.206640668581006
205388.38589789247	3000.0	2006.2600165940169	0.0	0	0.0	2394.6459144866094	1	0	tensor(3)	2.206640668581006
206200.0	3000.0	2194.6459144864975	0.0	0	229.28582296526292	2394.6459144866094	1	0	tensor(3)	2.206640668581006
207200.0	3000.0	2194.6459144865057	0.0	0	121.54959537368268	2394.6459144866094	1	0	tensor(3)	2.206640668581006
208200.0	3000.0	2194.645914486494	0.0	0	91.4193978625699	2394.6459144866385	1	0	tensor(3)	2.2066406685810027
209200.0	3000.0	2194.645914486473	0.0	0	257.5469780538988	2394.6459144866385	1	0	tensor(3)	2.2066406685810027
210200.0	3000.0	2194.645914486478	0.0	0	511.7301125144004	2394.6459144866385	1	0	tensor(3)	2.2066406685810027
211307.65772683735	6000.0	2086.9881876490945	0.0	0	0.0	2394.6459144866094	1	0	tensor(3)	2.206640668581006
212200.0	3000.0	2194.6459144864216	0.0	0	362.5805191050749	2394.6459144866094	1	0	tensor(3)	1.5134934880210609
213344.44650766088	6000.0	2050.1994068255826	0.0	0	0.0	2394.6459144866385	1	0	tensor(3)	2.206640668581004
214421.4362168301	3000.0	1973.2096976563312	0.0	0	0.0	2394.6459144866094	1	0	tensor(3)	1.5134934880210609
215435.07467991475	3000.0	1959.5712345716765	0.0	0	0.0	2394.6459144866094	1	0	tensor(3)	2.206640668581006
216200.0	3000.0	2194.645914486447	0.0	0	112.45516722401953	2394.6459144866385	1	0	tensor(3)	2.206640668581004
217300.48277597022	3000.0	2094.163138516215	0.0	0	0.0	2394.6459144866385	1	0	tensor(3)	2.2066406685810027
218309.77908937025	3000.0	2084.866825116201	0.0	0	0.0	2394.6459144866385	1	0	tensor(3)	2.2066406685810027
219200.0	3000.0	2194.645914486445	0.0	0	189.5558070378611	2394.6459144866676	1	0	tensor(3)	2.2066406685810014
220200.0	3000.0	2194.6459144864457	0.0	0	168.6953685171029	2394.6459144866676	1	0	tensor(3)	2.2066406685809996
221200.0	3000.0	2194.6459144864625	0.0	0	206.42565494787414	2394.6459144866967	1	0	tensor(3)	2.2066406685809987
222200.0	3000.0	2194.6459144864534	0.0	0	471.50712053410825	2394.6459144866967	1	0	tensor(3)	2.2066406685809965
223779.38329907192	6000.0	1615.2626154145617	0.0	0	0.0	2394.645914486726	1	0	tensor(3)	2.2066406685809934
224499.85670223786	3000.0	1894.7892122486614	0.0	0	0.0	2394.645914486755	1	0	tensor(3)	1.5134934880210458
225200.0	3000.0	2194.645914486504	0.0	0	174.96075710572768	2394.645914486755	1	0	tensor(3)	2.2066406685809907
226200.0	3000.0	2194.645914486502	0.0	0	344.9005831804825	2394.645914486755	1	0	tensor(3)	2.2066406685809907
227200.0	6000.0	2194.6459144865053	0.0	0	313.2743500674551	2394.645914486755	1	0	tensor(3)	2.2066406685809907
228401.1486244012	6000.0	1993.4972900853454	0.0	0	0.0	2394.645914486726	1	0	tensor(3)	2.8997878491409383
230193.45166507977	6000.0	1201.1942494067912	0.0	0	0.0	2394.645914486726	1	0	tensor(3)	2.8997878491409383
230816.01345445542	3000.0	1578.6324600311677	0.0	0	0.0	2394.645914486726	1	0	tensor(3)	1.5134934880210487
232079.0564126238	3000.0	1315.5895018628032	0.0	0	0.0	2394.645914486726	1	0	tensor(3)	2.2066406685809934
232742.93473771814	3000.0	1651.7111767684644	0.0	0	0.0	2394.645914486726	1	0	tensor(3)	2.2066406685809934
233353.64685415683	3000.0	2040.9990603298024	0.0	0	0.0	2394.645914486755	1	0	tensor(3)	2.2066406685809907
234200.0	3000.0	2194.645914486642	0.0	0	185.81770381151	2394.645914486726	1	0	tensor(3)	2.2066406685809934
235200.0	3000.0	2194.645914486622	0.0	0	208.67238492771867	2394.645914486726	1	0	tensor(3)	2.2066406685809934
236259.68436666194	3000.0	2134.9615478247033	0.0	0	0.0	2394.645914486726	1	0	tensor(3)	2.2066406685809934
238057.5517812422	6000.0	1337.0941332444852	0.0	0	0.0	2394.645914486726	1	0	tensor(3)	2.2066406685809934
238671.60804312633	3000.0	1723.0378713603757	0.0	0	0.0	2394.645914486726	1	0	tensor(3)	1.5134934880210487
239200.0	3000.0	2194.6459144866835	0.0	0	93.65439567895373	2394.6459144866967	1	0	tensor(3)	2.2066406685809965
240200.0	6000.0	2194.645914486693	0.0	0	250.67594885107246	2394.6459144866967	1	0	tensor(3)	2.206640668580997
241200.0	3000.0	2194.645914486685	0.0	0	370.3255741575558	2394.6459144866967	1	0	tensor(3)	1.5134934880210518
243285.84729556018	6000.0	1108.7986189265193	0.0	0	0.0	2394.645914486726	1	0	tensor(3)	2.206640668580995
243845.503904807	3000.0	1549.142009679669	0.0	0	0.0	2394.645914486726	1	0	tensor(3)	1.5134934880210487
245043.20730082592	3000.0	1351.4386136607586	0.0	0	0.0	2394.645914486726	1	0	tensor(3)	2.2066406685809934
245969.55416460428	3000.0	1425.0917498823987	0.0	0	0.0	2394.645914486726	1	0	tensor(3)	2.2066406685809934
246465.67174603004	3000.0	1928.9741684566618	0.0	0	0.0	2394.645914486726	1	0	tensor(3)	2.2066406685809934
247200.0	3000.0	2194.6459144867163	0.0	0	260.015045192471	2394.645914486726	1	0	tensor(3)	2.2066406685809934
248200.0	6000.0	2194.645914486715	0.0	0	264.4612034111051	2394.645914486726	1	0	tensor(3)	2.2066406685809934
249200.0	6000.0	2194.6459144867076	0.0	0	184.83026590346708	2394.645914486755	1	0	tensor(3)	2.8997878491409375
250200.0	6000.0	2194.645914486691	0.0	0	339.0866105584719	2394.645914486755	1	0	tensor(3)	2.8997878491409357
251726.68672075888	6000.0	1667.9591937278253	0.0	0	0.0	2394.645914486784	1	0	tensor(3)	2.8997878491409326
253591.08381025388	6000.0	803.562104232795	0.0	0	0.0	2394.645914486784	1	0	tensor(3)	2.8997878491409326
254098.95219719908	3000.0	1295.6937172875741	0.0	0	0.0	2394.645914486726	1	0	tensor(3)	1.5134934880210482
254820.00961838075	3000.0	1574.6362961058899	0.0	0	0.0	2394.645914486726	1	0	tensor(3)	2.2066406685809934
255822.34696974844	3000.0	1572.298944738178	0.0	0	0.0	2394.645914486726	1	0	tensor(3)	2.2066406685809934
256752.9670969044	3000.0	1641.6788175821912	0.0	0	0.0	2394.645914486726	1	0	tensor(3)	2.2066406685809934
257708.43607054924	3000.0	1686.2098439373465	0.0	0	0.0	2394.645914486726	1	0	tensor(3)	2.2066406685809934
258610.02874631298	3000.0	1784.61716817362	0.0	0	0.0	2394.645914486726	1	0	tensor(3)	2.2066406685809934
259818.3665555745	3000.0	1576.2793589120831	0.0	0	0.0	2394.645914486726	1	0	tensor(3)	2.2066406685809934
260604.8160086512	3000.0	1789.829905835346	0.0	0	0.0	2394.6459144866967	1	0	tensor(3)	2.2066406685809965
261302.71582883652	3000.0	2091.9300856500163	0.0	0	0.0	2394.645914486726	1	0	tensor(3)	2.2066406685809934
262246.6223199013	3000.0	2148.023594585253	0.0	0	0.0	2394.645914486726	1	0	tensor(3)	2.206640668580996
263200.0	3000.0	2194.6459144865385	0.0	0	112.04857582453405	2394.6459144866967	1	0	tensor(3)	2.206640668580996
264200.0	3000.0	2194.6459144865094	0.0	0	218.43579108198173	2394.6459144866676	1	0	tensor(3)	2.2066406685809983
265200.0	3000.0	2194.645914486539	0.0	0	92.93654404726112	2394.6459144866676	1	0	tensor(3)	2.2066406685809996
266856.4747084506	6000.0	1538.17120603591	0.0	0	0.0	2394.6459144866676	1	0	tensor(3)	2.2066406685809996
267744.93819695705	3000.0	1649.7077175294808	0.0	0	0.0	2394.6459144866676	1	0	tensor(3)	1.5134934880210547
268849.4317930528	3000.0	1545.2141214336966	0.0	0	0.0	2394.6459144866676	1	0	tensor(3)	2.2066406685809996
269874.49832497723	3000.0	1520.1475895093386	0.0	0	0.0	2394.6459144866676	1	0	tensor(3)	2.2066406685809996
270661.13873398595	3000.0	1733.507180500651	0.0	0	0.0	2394.645914486726	1	0	tensor(3)	2.2066406685809934
271334.51958027406	3000.0	2060.126334212566	0.0	0	0.0	2394.645914486726	1	0	tensor(3)	2.2066406685809934
272200.0	3000.0	2194.6459144866108	0.0	0	67.85787884675665	2394.645914486726	1	0	tensor(3)	2.2066406685809934
273200.0	3000.0	2194.6459144866017	0.0	0	249.88681738555897	2394.645914486726	1	0	tensor(3)	2.2066406685809934
274210.9266601506	3000.0	2183.7192543359743	0.0	0	0.0	2394.645914486726	1	0	tensor(3)	2.2066406685809934
275358.8481184489	6000.0	2035.7977960376584	0.0	0	0.0	2394.645914486726	1	0	tensor(3)	2.2066406685809934
276243.3818687456	6000.0	2151.2640457409625	0.0	0	0.0	2394.645914486726	1	0	tensor(3)	2.8997878491409383
277200.0	3000.0	2194.6459144865785	0.0	0	331.2413543219445	2394.645914486784	1	0	tensor(3)	1.5134934880210429
278332.7646455018	6000.0	2061.88126898475	0.0	0	0.0	2394.645914486784	1	0	tensor(3)	2.206640668580987
279200.0	3000.0	2194.6459144865553	0.0	0	8.334200228506234	2394.645914486784	1	0	tensor(3)	1.5134934880210429
280392.21876787796	6000.0	2002.427146608625	0.0	0	0.0	2394.645914486784	1	0	tensor(3)	2.206640668580987
281200.0	3000.0	2194.645914486609	0.0	0	205.8735856966814	2394.645914486784	1	0	tensor(3)	1.5134934880210429
282200.0	6000.0	2194.645914486569	0.0	0	138.69198891922133	2394.645914486784	1	0	tensor(3)	2.206640668580987
283200.0	6000.0	2194.6459144865516	0.0	0	266.3293564564665	2394.645914486784	1	0	tensor(3)	2.8997878491409326
284200.0	6000.0	2194.645914486606	0.0	0	297.6780600033817	2394.645914486784	1	0	tensor(3)	2.8997878491409326
285200.0	6000.0	2194.645914486596	0.0	0	201.466266219737	2394.645914486784	1	0	tensor(3)	2.8997878491409326
286447.2364490184	6000.0	1947.4094654681926	0.0	0	0.0	2394.645914486726	1	0	tensor(3)	2.899787849140937
287347.957161836	6000.0	2046.6887526506332	0.0	0	0.0	2394.645914486726	1	0	tensor(3)	2.8997878491409383
288671.7808226635	6000.0	1722.86509182307	0.0	0	0.0	2394.645914486726	1	0	tensor(3)	2.8997878491409383
290101.5424851813	6000.0	1293.103429305253	0.0	0	0.0	2394.645914486726	1	0	tensor(3)	2.899787849140942
290705.4713940081	3000.0	1689.1745204784474	0.0	0	0.0	2394.645914486726	1	0	tensor(3)	1.5134934880210487
291458.32653166115	3000.0	1936.3193828253286	0.0	0	0.0	2394.645914486784	1	0	tensor(3)	2.2066406685809876
292200.0	6000.0	2194.6459144865075	0.0	0	4.473170186334755	2394.645914486784	1	0	tensor(3)	2.206640668580987
293226.4011380887	6000.0	2168.244776397683	0.0	0	0.0	2394.645914486726	1	0	tensor(3)	2.8997878491409383
294373.220340666	6000.0	2021.425573820335	0.0	0	0.0	2394.6459144866094	1	0	tensor(3)	2.8997878491409486
295611.72187649005	6000.0	1782.924037996302	0.0	0	0.0	2394.645914486551	1	0	tensor(3)	2.8997878491409566
296618.456407123	6000.0	1776.189507363424	0.0	0	0.0	2394.6459144866094	1	0	tensor(3)	2.899787849140951
297355.7063043403	3000.0	2038.9396101461969	0.0	0	0.0	2394.645914486551	1	0	tensor(3)	1.5134934880210666
298917.9383086294	6000.0	1476.707605857128	0.0	0	0.0	2394.6459144866094	1	0	tensor(3)	2.206640668581006
299832.06125482405	3000.0	1562.5846596624804	0.0	0	0.0	2394.6459144866094	1	0	tensor(3)	1.5134934880210609
300527.24033869395	3000.0	1867.4055757925344	0.0	0	0.0	2394.6459144866676	1	0	tensor(3)	2.2066406685809996
301471.62278893555	3000.0	1923.0231255508745	0.0	0	0.0	2394.6459144866676	1	0	tensor(3)	2.2066406685809996
302200.0	3000.0	2194.645914486387	0.0	0	105.76791453117039	2394.6459144866676	1	0	tensor(3)	2.2066406685809996
303200.0	3000.0	2194.6459144864325	0.0	0	459.05040698940866	2394.645914486726	1	0	tensor(3)	2.2066406685809934
304200.0	3000.0	2194.645914486397	0.0	0	245.6685052551329	2394.645914486726	1	0	tensor(3)	2.2066406685809934
4.92	6.35	8.26	4.09	5.24	5.09	5.5	7.8	5.47	5.43	6.37	3.68	4.56	6.37	4.66	4.39	5.58	6.22	5.62	6.6	6.66	8.72	7.7	4.29	5.53	3.09	2.92	4.37	6.06	8.39	7.39	3.75	5.87	5.0	3.54	2.66	1.89	2.39	4.34	4.15	5.12	6.89	6.53	4.24	3.56	3.49	3.6	3.86	3.72	3.71	5.04	4.18	3.74	4.66	4.87	6.26	4.74	6.64	3.66	3.66	3.7	3.48	3.26	4.1	4.56	5.29	5.56	5.32	4.33	4.76	4.99	6.61	7.7	3.72	3.49	3.82	2.5	4.33	6.64	4.23	2.73	4.67	3.89	4.9	6.99	4.62	4.97	2.76	4.7	3.07	4.38	5.55	6.19	6.39	8.09	7.25	2.4	3.95	5.06	5.2	3.93	4.38	3.39	4.07	2.95	4.2	3.65	3.07	4.56	3.44	4.91	3.97	3.17	3.35	3.86	3.15	4.01	4.24	3.31	4.85	5.66	4.95	4.74	3.54	5.83	4.62	6.09	8.47	10.8	9.99	6.96	5.51	5.49	6.09	3.81	3.93	6.09	8.62	5.92	4.91	6.34	4.81	5.72	4.14	3.86	3.29	3.53	4.87	4.04	5.34	4.92	6.35	8.26	4.09	5.24	5.09	5.5	7.8	5.47	5.43	6.37	3.68	4.56	6.37	4.66	4.39	5.58	6.22	5.62	6.6	6.66	8.72	7.7	4.29	5.53	3.09	2.92	4.37	6.06	8.39	7.39	3.75	5.87	5.0	3.54	2.66	1.89	2.39	4.34	4.15	5.12	6.89	6.53	4.24	3.56	3.49	3.6	3.86	3.72	3.71	5.04	4.18	3.74	4.66	4.87	6.26	4.74	6.64	3.66	3.66	3.7	3.48	3.26	4.1	4.56	5.29	5.56	5.32	4.33	4.76	4.99	6.61	7.7	3.72	3.49	3.82	2.5	4.33	6.64	4.23	2.73	4.67	3.89	4.9	6.99	4.62	4.97	2.76	4.7	3.07	4.38	5.55	6.19	6.39	8.09	7.25	2.4	3.95	5.06	5.2	3.93	4.38	3.39	4.07	2.95	4.2	3.65	3.07	4.56	3.44	4.91	3.97	3.17	3.35	3.86	3.15	4.01	4.24	3.31	4.85	5.66	4.95	4.74	3.54	5.83	4.62	6.09	8.47	10.8	9.99	6.96	5.51	5.49	6.09	3.81	3.93	6.09	8.62	5.92	4.91	6.34	4.81	5.72	4.14	3.86	3.29	3.53	4.87	4.04	5.34	4.92	6.35	8.26
1.0	2.0	3.0	4.0	5.0	6.0	7.0	8.0	9.0	10.0	11.0	12.0	13.0	14.0	15.0	16.0	17.0	18.0	19.0	20.0	21.0	22.0	23.0	24.0	25.0	26.0	27.0	28.0	29.0	30.0	31.0	32.0	33.0	34.0	35.0	36.0	37.0	38.0	39.0	40.0	41.0	42.0	43.0	44.0	45.0	46.0	47.0	48.0	49.0	50.0	51.0	52.0	53.0	54.0	55.0	56.0	57.0	58.0	59.0	60.0	61.0	62.0	63.0	64.0	65.0	66.0	67.0	68.0	69.0	70.0	71.0	72.0	73.0	74.0	75.0	76.0	77.0	78.0	79.0	80.0	81.0	82.0	83.0	84.0	85.0	86.0	87.0	88.0	89.0	90.0	91.0	92.0	93.0	94.0	95.0	96.0	97.0	98.0	99.0	100.0	101.0	102.0	103.0	104.0	105.0	106.0	107.0	108.0	109.0	110.0	111.0	112.0	113.0	114.0	115.0	116.0	117.0	118.0	119.0	120.0	121.0	122.0	123.0	124.0	125.0	126.0	127.0	128.0	129.0	130.0	131.0	132.0	133.0	134.0	135.0	136.0	137.0	138.0	139.0	140.0	141.0	142.0	143.0	144.0	145.0	146.0	147.0	148.0	149.0	149.0	150.0	151.0	152.0	153.0	154.0	155.0	156.0	157.0	158.0	159.0	160.0	161.0	162.0	163.0	164.0	165.0	166.0	167.0	168.0	169.0	170.0	171.0	172.0	173.0	174.0	175.0	176.0	177.0	178.0	179.0	180.0	181.0	182.0	183.0	184.0	185.0	186.0	187.0	188.0	189.0	190.0	191.0	192.0	193.0	194.0	195.0	196.0	197.0	198.0	199.0	200.0	201.0	202.0	203.0	204.0	205.0	206.0	207.0	208.0	209.0	210.0	211.0	212.0	213.0	214.0	215.0	216.0	217.0	218.0	219.0	220.0	221.0	222.0	223.0	224.0	225.0	226.0	227.0	228.0	229.0	230.0	231.0	232.0	233.0	234.0	235.0	236.0	237.0	238.0	239.0	240.0	241.0	242.0	243.0	244.0	245.0	246.0	247.0	248.0	249.0	250.0	251.0	252.0	253.0	254.0	255.0	256.0	257.0	258.0	259.0	260.0	261.0	262.0	263.0	264.0	265.0	266.0	267.0	268.0	269.0	270.0	271.0	272.0	273.0	274.0	275.0	276.0	277.0	278.0	279.0	280.0	281.0	282.0	283.0	284.0	285.0	286.0	287.0	288.0	289.0	290.0	291.0	292.0	293.0	294.0	295.0	296.0	297.0	298.0	298.0	299.0	300.0	301.0
5895.698043412269
