3849.7382643880806	300.0	2000.0	228.47010916783628	0	0.0	3849.7382643880806	1	0	tensor(3)	-1.758984772015278
4567.408317757452	1000.0	2282.329946630628	0.0	0	0.0	3849.73826438808	1	0	tensor(3)	-0.40733657716735355
6171.849058805349	2000.0	1677.8892055827314	0.0	0	0.0	3849.73826438808	1	0	tensor(3)	0.7966362271585828
6974.519924274496	1000.0	1875.2183401135844	0.0	0	0.0	3849.7382643880796	1	0	tensor(3)	0.10348904659863789
7791.885140134103	1000.0	2057.8531242539775	0.0	0	0.0	3849.73826438808	1	0	tensor(3)	0.796636227158583
8866.490494357098	2000.0	1983.2477700309819	0.0	0	0.0	3849.7382643880783	1	0	tensor(3)	0.7966362271585833
9797.605401459905	1000.0	2052.1328629281747	0.0	0	0.0	3849.7382643880765	1	0	tensor(3)	0.10348904659863867
10545.565526808527	1000.0	2304.172737579553	0.0	0	0.0	3849.7382643880765	1	0	tensor(3)	0.7966362271585844
11621.321484946251	2000.0	2228.4167794418263	0.0	0	0.0	3849.7382643880746	1	0	tensor(3)	0.7966362271585843
12785.240354708036	2000.0	2064.4979096800403	0.0	0	0.0	3849.7382643880737	1	0	tensor(3)	1.4897834077185304
14008.421281683539	3000.0	1841.3169827045385	0.0	0	0.0	3849.7382643880737	1	0	tensor(3)	1.4897834077185306
15898.224054738348	3000.0	951.4929279661917	0.0	0	0.0	1849.7169827045363	1	0	tensor(6)	-3.7495861462997784
17117.82381757905	2000.0	731.8931651254923	0.0	0	0.0	1849.7169827045382	1	0	tensor(3)	1.4394836374838909
18239.10862808894	2000.0	610.6083546156061	0.0	0	0.0	1849.7169827045436	1	0	tensor(3)	1.8449487455920555
18903.69531247474	1000.0	946.0216702298017	0.0	0	0.0	1849.7169827045436	1	0	tensor(3)	0.4586543844721649
19521.29293938695	2000.0	1328.4240433175905	0.0	0	0.0	1849.7169827045436	1	0	tensor(3)	1.15180156503211
20430.623680533758	2000.0	1419.0933021707842	0.0	0	0.0	1849.7169827045436	1	0	tensor(3)	1.8449487455920552
22102.047069960176	2000.0	747.6699127443653	0.0	0	0.0	1849.7169827045436	1	0	tensor(3)	1.8449487455920552
22746.422607615074	1000.0	1103.294375089463	0.0	0	0.0	1849.7169827045436	1	0	tensor(3)	0.4586543844721649
23304.094333004025	1000.0	1545.6226497005132	0.0	0	0.0	1849.7169827045436	1	0	tensor(3)	1.15180156503211
24200.0	1000.0	1649.7169827045361	0.0	0	145.9970016332445	1849.7169827045436	1	0	tensor(3)	1.15180156503211
25898.06055094478	2000.0	951.6564317597548	0.0	0	0.0	1849.7169827045436	1	0	tensor(3)	1.15180156503211
26918.011654708396	2000.0	931.7053279961394	0.0	0	0.0	1849.7169827045436	1	0	tensor(3)	1.8449487455920552
27836.916862196544	2000.0	1012.8001205079904	0.0	0	0.0	1849.7169827045436	1	0	tensor(3)	1.8449487455920552
28774.59155400515	2000.0	1075.125428699385	0.0	0	0.0	1849.7169827045436	1	0	tensor(3)	1.8449487455920552
30263.634661278757	2000.0	586.0823214257794	0.0	0	0.0	1849.7169827045436	1	0	tensor(3)	1.8449487455920552
31576.17776656705	2000.0	386.23544367480804	112.69622753732267	0	0.0	1962.4132102418662	1	0	tensor(3)	1.1614962534018236
32656.2856911322	2000.0	459.14973755692336	153.02221844726927	0	0.0	2115.435428689132	1	0	tensor(3)	0.9083063322786464
33632.80208815392	2000.0	530.8954837995008	48.26214326430079	0	0.0	2163.6975719534275	1	0	tensor(3)	1.53296703033723
34221.73905173397	2000.0	941.958520219437	0.0	0	0.0	2163.697571953413	1	0	tensor(3)	1.8225398899230352
35008.11624623592	2000.0	1155.581325717479	0.0	0	0.0	2163.697571953402	1	0	tensor(3)	1.822539889923036
36358.50787304876	2000.0	805.1896989046406	0.0	0	0.0	2163.697571953395	1	0	tensor(3)	1.8225398899230372
37426.42527042953	2000.0	737.2723015238662	0.0	0	0.0	2163.697571953395	1	0	tensor(3)	1.8225398899230372
38126.480795544005	2000.0	1037.2167764093883	0.0	0	0.0	2163.6975719533875	1	0	tensor(3)	1.822539889923038
38908.104847111965	3000.0	1255.5927248414266	0.0	0	0.0	2163.6975719533875	1	0	tensor(3)	1.8225398899230383
39766.89788504176	2000.0	1396.7996869116264	0.0	0	0.0	2163.6975719533875	1	0	tensor(3)	1.4170747818148735
41067.53665165385	3000.0	1096.1609202995423	0.0	0	0.0	2163.6975719533875	1	0	tensor(3)	1.8225398899230383
42685.62697313751	2000.0	478.07059881588054	0.0	0	0.0	2163.6975719533802	1	0	tensor(3)	1.417074781814874
43426.69526209117	1000.0	737.002309862216	0.0	0	0.0	2163.697571953373	1	0	tensor(3)	0.4362455288031488
44739.49982147327	2000.0	424.1977504801166	0.0	0	0.0	2163.697571953373	1	0	tensor(3)	1.129392709363094
46023.591380846	2000.0	374.3932680147976	234.28707690740544	0	0.0	2397.98464886078	1	0	tensor(3)	0.3951085492456225
46700.88056383377	1000.0	697.1040850270329	0.0	0	0.0	2397.98464886078	1	0	tensor(3)	0.4145366495701649
47490.73797991643	1000.0	907.2466689443761	0.0	0	0.0	2397.98464886078	1	0	tensor(3)	1.1076838301301102
48893.528386411526	2000.0	504.45626244927826	0.0	0	0.0	2397.98464886078	1	0	tensor(3)	1.10768383013011
50243.180227277895	2000.0	260.1340648231402	105.32964324022987	0	0.0	2503.3142921010076	1	0	tensor(3)	1.1574058995224423
50846.58658658319	1000.0	721.328953811404	64.60124829355345	0	0.0	2567.9155403945624	1	0	tensor(3)	0.00787801049879161
51521.830742984734	2000.0	1046.0847974098576	0.0	0	0.0	2567.9155403945624	1	0	tensor(3)	1.0886326808200577
52451.67969827037	2000.0	1116.2358421242266	0.0	0	0.0	2567.9155403945624	1	0	tensor(3)	1.7817798613800029
53152.684991731054	2000.0	1415.2305486635396	0.0	0	0.0	2567.9155403945624	1	0	tensor(3)	1.7817798613800029
54373.27831296591	2000.0	1194.6372274286864	0.0	0	0.0	2567.9155403945624	1	0	tensor(3)	1.7817798613800029
55201.81481303838	1000.0	1366.1007273562125	0.0	0	0.0	2567.9155403945624	1	0	tensor(3)	0.39548550026011253
55932.11906457727	1000.0	1635.7964758173157	0.0	0	0.0	2567.9155403945624	1	0	tensor(3)	1.0886326808200577
56639.61025350472	1000.0	1928.3052868898694	0.0	0	0.0	2567.9155403945624	1	0	tensor(3)	1.0886326808200577
57531.057119626144	1000.0	2036.8584207684457	0.0	0	0.0	2567.9155403945624	1	0	tensor(3)	1.0886326808200577
58529.29910443596	1000.0	2038.6164359586323	0.0	0	0.0	2567.9155403945624	1	0	tensor(3)	1.0886326808200577
59361.02714538004	1000.0	2206.888395014561	0.0	0	0.0	2567.9155403945624	1	0	tensor(3)	1.0886326808200577
60439.9241251578	1000.0	2127.9914152367946	0.0	0	0.0	2567.915540394555	1	0	tensor(3)	1.0886326808200586
61200.0	1000.0	2367.9155403945924	0.0	0	282.0669846133387	2567.915540394555	1	0	tensor(3)	1.0886326808200586
62200.0	2000.0	2367.915540394581	0.0	0	111.09793890702713	2567.915540394555	1	0	tensor(3)	1.0886326808200586
63266.00452490217	2000.0	2301.911015492408	0.0	0	0.0	2567.915540394555	1	0	tensor(3)	1.7817798613800038
64468.1952622428	2000.0	2099.7202781517803	0.0	0	0.0	2567.915540394555	1	0	tensor(3)	1.7817798613800038
66270.94105111166	2000.0	1296.9744892829106	0.0	0	0.0	2567.915540394548	1	0	tensor(3)	1.781779861380004
67064.95949285259	1000.0	1502.9560475419946	0.0	0	0.0	2567.9155403945624	1	0	tensor(3)	0.395485500260113
67835.32934763093	1000.0	1732.586192763663	0.0	0	0.0	2567.9155403945697	1	0	tensor(3)	1.0886326808200568
68744.08785447924	2000.0	1823.827685915354	0.0	0	0.0	2567.915540394577	1	0	tensor(3)	1.0886326808200557
70293.2293732929	2000.0	1274.6861671016995	0.0	0	0.0	2567.915540394577	1	0	tensor(3)	1.7817798613800009
70999.65110984884	1000.0	1568.2644305457466	0.0	0	0.0	2567.915540394577	1	0	tensor(3)	0.39548550026011076
71699.4745805813	1000.0	1868.4409598133032	0.0	0	0.0	2567.9155403945915	1	0	tensor(3)	1.0886326808200542
72488.2938918102	2000.0	2079.621648584406	0.0	0	0.0	2567.9155403945915	1	0	tensor(3)	1.0886326808200542
73790.35861165455	2000.0	1777.5569287400726	0.0	0	0.0	2567.9155403945915	1	0	tensor(3)	1.7817798613799993
74812.36222320069	2000.0	1755.553317193936	0.0	0	0.0	2567.9155403945915	1	0	tensor(3)	1.7817798613799993
75855.53619589988	3000.0	1712.3793444947285	0.0	0	0.0	2567.9155403945915	1	0	tensor(3)	1.7817798613799996
77050.6210993796	2000.0	1517.2944410150044	0.0	0	0.0	2567.9155403945915	1	0	tensor(3)	1.3763147532718347
78547.12717039359	2000.0	1020.7883700010243	0.0	0	0.0	2567.9155403945915	1	0	tensor(3)	1.7817798613799993
79827.20257864693	2000.0	740.7129617476822	0.0	0	0.0	2567.9155403945915	1	0	tensor(3)	1.7817798613799993
80840.18123815577	2000.0	727.7343022388475	0.0	0	0.0	2567.9155403945915	1	0	tensor(3)	1.7817798613799993
81459.74604525122	2000.0	1108.1694951434013	0.0	0	0.0	2567.9155403945915	1	0	tensor(3)	1.7817798613799993
82472.99274363663	2000.0	1094.9227967579861	0.0	0	0.0	2567.9155403945915	1	0	tensor(3)	1.7817798613799993
83861.32649933343	2000.0	706.589041061203	0.0	0	0.0	2567.9155403945915	1	0	tensor(3)	1.7817798613799993
84732.15128949442	2000.0	835.7642509001919	0.0	0	0.0	2567.9155403945915	1	0	tensor(3)	1.7817798613799993
85387.01318848015	2000.0	1180.9023519144603	0.0	0	0.0	2567.915540394606	1	0	tensor(3)	1.7817798613799976
86851.77501614483	3000.0	716.1405242497631	0.0	0	0.0	2567.915540394606	1	0	tensor(3)	1.7817798613799978
87686.6247676634	2000.0	881.2907727312032	0.0	0	0.0	2567.915540394606	1	0	tensor(3)	1.376314753271833
88895.81043242812	2000.0	672.1051079664833	0.0	0	0.0	2567.915540394606	1	0	tensor(3)	1.7817798613799976
89585.88267983725	2000.0	982.0328605573523	0.0	0	0.0	2567.9155403946206	1	0	tensor(3)	1.7817798613799956
90946.23966190632	2000.0	621.6758784882918	0.0	0	0.0	2567.9155403946206	1	0	tensor(3)	1.7817798613799956
91819.27639310283	2000.0	748.6391472918017	0.0	0	0.0	2567.9155403946206	1	0	tensor(3)	1.7817798613799956
92436.65946099012	2000.0	1131.2560794045087	0.0	0	0.0	2567.915540394635	1	0	tensor(3)	1.781779861379994
93086.43736315606	3000.0	1481.4781772385666	0.0	0	0.0	2567.915540394635	1	0	tensor(3)	1.7817798613799942
94427.04604776257	3000.0	1140.8694926320527	0.0	0	0.0	2567.915540394635	1	0	tensor(3)	2.187244969488159
95129.47734926497	2000.0	1438.4381911296546	0.0	0	0.0	2567.9155403946206	1	0	tensor(3)	1.376314753271831
96181.95891686724	3000.0	1385.956623527385	0.0	0	0.0	2567.9155403946206	1	0	tensor(3)	1.7817798613799958
97307.83867607935	2000.0	1260.0768643152746	0.0	0	0.0	2567.9155403946206	1	0	tensor(3)	1.376314753271831
98392.93269424098	2000.0	1174.9828461536576	0.0	0	0.0	2567.915540394606	1	0	tensor(3)	1.7817798613799976
99324.39187871572	2000.0	1243.5236616789334	0.0	0	0.0	2567.9155403945915	1	0	tensor(3)	1.7817798613799993
100417.38327446161	2000.0	1150.5322659330234	0.0	0	0.0	2567.9155403945915	1	0	tensor(3)	1.7817798613799993
101274.98074962522	2000.0	1292.9347907694155	0.0	0	0.0	2567.9155403945915	1	0	tensor(3)	1.7817798613799993
102048.19012634485	2000.0	1519.7254140497819	0.0	0	0.0	2567.915540394577	1	0	tensor(3)	1.7817798613800009
103014.51279652047	2000.0	1553.4027438741407	0.0	0	0.0	2567.915540394577	1	0	tensor(3)	1.7817798613800009
104292.79343585043	2000.0	1275.1221045441966	0.0	0	0.0	2567.915540394577	1	0	tensor(3)	1.7817798613800009
105023.02791738212	2000.0	1544.887623012507	0.0	0	0.0	2567.915540394577	1	0	tensor(3)	1.7817798613800009
105878.89462802265	3000.0	1689.0209123719608	0.0	0	0.0	2567.915540394577	1	0	tensor(3)	1.781779861380001
106846.14125327898	2000.0	1721.7742871156272	0.0	0	0.0	2567.915540394577	1	0	tensor(3)	1.3763147532718363
108520.37699776115	3000.0	1047.5385426334592	0.0	0	0.0	2567.915540394577	1	0	tensor(3)	1.781779861380001
109519.07885036094	2000.0	1048.836690033679	0.0	0	0.0	2567.9155403945915	1	0	tensor(3)	1.3763147532718347
110635.09845015769	2000.0	932.8170902369171	0.0	0	0.0	2567.9155403945915	1	0	tensor(3)	1.7817798613799993
111278.30388089277	2000.0	1289.6116595018411	0.0	0	0.0	2567.9155403945915	1	0	tensor(3)	1.7817798613799993
112201.87265690621	2000.0	1366.0428834883908	0.0	0	0.0	2567.9155403945915	1	0	tensor(3)	1.7817798613799993
113009.22560696524	2000.0	1558.6899334293742	0.0	0	0.0	2567.9155403945915	1	0	tensor(3)	1.7817798613799993
114269.78051572175	3000.0	1298.1350246728662	0.0	0	0.0	2567.9155403945915	1	0	tensor(3)	1.7817798613799996
115636.79102028714	2000.0	931.124520107472	0.0	0	0.0	2567.915540394606	1	0	tensor(3)	1.376314753271833
116824.50251454342	2000.0	743.4130258511773	0.0	0	0.0	2567.9155403945915	1	0	tensor(3)	1.7817798613799993
117534.78554534305	1000.0	1033.1299950515458	0.0	0	0.0	2567.9155403945915	1	0	tensor(3)	0.395485500260109
118040.58798598434	1000.0	1527.3275544102398	0.0	0	0.0	2567.9155403945915	1	0	tensor(3)	1.0886326808200542
118805.09911156735	2000.0	1762.8164288272108	0.0	0	0.0	2567.9155403945915	1	0	tensor(3)	1.0886326808200542
120184.34072731774	2000.0	1383.5748130768222	0.0	0	0.0	2567.9155403945915	1	0	tensor(3)	1.7817798613799993
121261.62393885216	2000.0	1306.291601542394	0.0	0	0.0	2567.9155403945915	1	0	tensor(3)	1.7817798613799993
121951.81482265131	2000.0	1616.1007177432457	0.0	0	0.0	2567.9155403945915	1	0	tensor(3)	1.7817798613799993
122906.66820976553	3000.0	1661.2473306290349	0.0	0	0.0	2567.9155403945915	1	0	tensor(3)	1.7817798613799996
124503.83765111458	3000.0	1064.0778892799922	0.0	0	0.0	2567.9155403945915	1	0	tensor(3)	2.187244969488164
125391.96808696246	2000.0	1175.9474534321275	0.0	0	0.0	2567.915540394606	1	0	tensor(3)	1.376314753271833
126645.05798492859	2000.0	922.8575554660032	0.0	0	0.0	2567.9155403946206	1	0	tensor(3)	1.7817798613799956
127618.93383520441	2000.0	948.9817051901671	0.0	0	0.0	2567.9155403946206	1	0	tensor(3)	1.7817798613799956
128613.85374378135	2000.0	954.0617966132249	0.0	0	0.0	2567.9155403946206	1	0	tensor(3)	1.7817798613799956
129254.88277999124	2000.0	1313.0327604033291	0.0	0	0.0	2567.9155403946206	1	0	tensor(3)	1.7817798613799956
130485.40633977219	3000.0	1082.5092006223613	0.0	0	0.0	2567.9155403946206	1	0	tensor(3)	1.7817798613799958
131934.26029596644	2000.0	633.6552444281177	0.0	0	0.0	2567.9155403946206	1	0	tensor(3)	1.3763147532718323
133035.25391911823	2000.0	532.66162127637	0.0	0	0.0	2567.9155403946643	1	0	tensor(3)	1.7817798613799927
134003.81517699079	2000.0	564.100363403822	0.0	0	0.0	2567.9155403946643	1	0	tensor(3)	1.7817798613799898
135610.84307772873	2000.0	200.0	242.9275373341123	0	0.0	2810.8430777287285	1	0	tensor(3)	0.3088881073303908
135967.17057062645	1000.0	843.6725071023011	0.0	0	0.0	2810.8430777287285	1	0	tensor(3)	0.362412867854657
136903.32670966448	2000.0	907.516368064254	0.0	0	0.0	2810.8430777287285	1	0	tensor(3)	1.0555600484146022
138072.13167901247	2000.0	738.7113987162627	0.0	0	0.0	2810.8430777287285	1	0	tensor(3)	1.7487072289745473
139604.6523930205	2000.0	206.1906847082102	0.0	0	0.0	2810.8430777287285	1	0	tensor(3)	1.7487072289745473
139947.02580659938	1000.0	863.8172711293068	0.0	0	0.0	2810.8430777287285	1	0	tensor(3)	0.362412867854657
140744.30653038027	2000.0	1066.5365473484437	0.0	0	0.0	2810.8430777287576	1	0	tensor(3)	1.0555600484145977
141652.59794164132	2000.0	1158.2451360874184	0.0	0	0.0	2810.8430777287576	1	0	tensor(3)	1.748707228974543
142465.94784447303	2000.0	1344.895233255715	0.0	0	0.0	2810.8430777287576	1	0	tensor(3)	1.748707228974543
143782.98136187662	3000.0	1027.8617158521015	0.0	0	0.0	2810.8430777287285	1	0	tensor(3)	1.7487072289745473
145124.56378446546	2000.0	686.2792932632907	0.0	0	0.0	2810.8430777287285	1	0	tensor(3)	1.3432421208663827
146375.553022095	2000.0	435.2900556337298	0.0	0	0.0	2810.8430777287285	1	0	tensor(3)	1.7487072289745473
147035.3525563192	2000.0	775.4905214095302	0.0	0	0.0	2810.8430777287285	1	0	tensor(3)	1.7487072289745473
147782.39482589235	2000.0	1028.4482518363875	0.0	0	0.0	2810.8430777287576	1	0	tensor(3)	1.748707228974543
148359.13200348068	1000.0	1451.71107424806	0.0	0	0.0	2810.8430777287867	1	0	tensor(3)	0.3624128678546481
149858.60112308487	2000.0	952.2419546438591	0.0	0	0.0	2810.8430777287867	1	0	tensor(3)	1.0555600484145933
150890.26193728743	2000.0	920.5811404413085	0.0	0	0.0	2810.8430777287867	1	0	tensor(3)	1.7487072289745385
151505.70047578317	2000.0	1305.14260194555	0.0	0	0.0	2810.8430777287867	1	0	tensor(3)	1.7487072289745385
152761.0082941421	2000.0	1049.8347835866148	0.0	0	0.0	2810.8430777287867	1	0	tensor(3)	1.7487072289745385
153999.12437888916	2000.0	811.7186988395686	0.0	0	0.0	2810.8430777287867	1	0	tensor(3)	1.7487072289745385
155505.74807199143	2000.0	305.0950057372821	0.0	0	0.0	2810.8430777287867	1	0	tensor(3)	1.7487072289745385
156280.10017498536	1000.0	577.9827386451657	47.2398359018124	0	0.0	2858.082913630613	1	0	tensor(3)	0.07163329482564362
156833.0577906771	1000.0	1025.025122953461	0.0	0	0.0	2858.082913630613	1	0	tensor(3)	1.048219490796463
157840.00315244522	2000.0	1018.0797611853518	0.0	0	0.0	2858.082913630613	1	0	tensor(3)	1.048219490796463
158441.13599837333	1000.0	1416.9469152572008	0.0	0	0.0	2858.082913630613	1	0	tensor(3)	0.355072310236518
159285.18753689883	1000.0	1572.895376731701	0.0	0	0.0	2858.082913630584	1	0	tensor(3)	1.048219490796468
159949.25115607976	1000.0	1908.8317575507904	0.0	0	0.0	2858.082913630613	1	0	tensor(3)	1.048219490796463
160723.82027672607	2000.0	2134.2626369044583	0.0	0	0.0	2858.082913630584	1	0	tensor(3)	1.0482194907964648
161764.75345723302	2000.0	2093.3294563974814	0.0	0	0.0	2858.082913630584	1	0	tensor(3)	1.7413666713564129
162785.82181906534	3000.0	2072.2610945651722	0.0	0	0.0	2858.082913630584	1	0	tensor(3)	1.741366671356413
163703.2549912591	2000.0	2154.827922371418	0.0	0	0.0	2858.082913630613	1	0	tensor(3)	1.3359015632482474
164450.1178425037	2000.0	2407.9650711268296	0.0	0	0.0	2858.082913630613	1	0	tensor(3)	1.7413666713564082
166404.26138690312	3000.0	1453.8215267274295	0.0	0	0.0	2858.082913630613	1	0	tensor(3)	1.7413666713564084
167711.3092791679	2000.0	1146.7736344626355	0.0	0	0.0	2858.082913630613	1	0	tensor(3)	1.3359015632482436
168737.39133639494	2000.0	1120.691577235599	0.0	0	0.0	2858.082913630584	1	0	tensor(3)	1.7413666713564129
170294.41370004945	2000.0	563.6692135811174	0.0	0	0.0	2858.082913630613	1	0	tensor(3)	1.74136667135641
171082.1917777505	1000.0	775.8911358800574	0.0	0	0.0	2858.082913630613	1	0	tensor(3)	0.355072310236518
171722.71459700417	1000.0	1135.3683166263877	0.0	0	0.0	2858.082913630613	1	0	tensor(3)	1.048219490796463
172654.10241354618	1000.0	1203.9805000843485	0.0	0	0.0	2858.082913630613	1	0	tensor(3)	1.048219490796463
173167.23668100635	1000.0	1690.846232624177	0.0	0	0.0	2858.082913630613	1	0	tensor(3)	1.048219490796463
173701.54229328866	1000.0	2156.5406203418343	0.0	0	0.0	2858.082913630584	1	0	tensor(3)	1.048219490796468
174452.95361747884	1000.0	2405.129296151666	0.0	0	0.0	2858.082913630584	1	0	tensor(3)	1.048219490796468
175200.0	1000.0	2658.082913630516	0.0	0	293.5981679135584	2858.082913630584	1	0	tensor(3)	1.048219490796468
176200.0	2000.0	2658.082913630503	0.0	0	315.568946744781	2858.082913630584	1	0	tensor(3)	1.048219490796468
177693.00887892296	3000.0	2165.0740347075343	0.0	0	0.0	2858.082913630584	1	0	tensor(3)	1.7413666713564167
179302.9535075024	2000.0	1555.1294061281087	0.0	0	0.0	2858.0829136305547	1	0	tensor(3)	1.3359015632482518
180281.06880268425	2000.0	1577.0141109462857	0.0	0	0.0	2858.082913630584	1	0	tensor(3)	1.7413666713564129
181521.12003692417	2000.0	1336.962876706364	0.0	0	0.0	2858.082913630613	1	0	tensor(3)	1.7413666713564082
182672.27051645226	2000.0	1185.8123971782502	0.0	0	0.0	2858.082913630613	1	0	tensor(3)	1.7413666713564082
183319.0067486152	2000.0	1539.0761650152963	0.0	0	0.0	2858.082913630613	1	0	tensor(3)	1.7413666713564082
184499.18882060688	2000.0	1358.8940930236079	0.0	0	0.0	2858.082913630613	1	0	tensor(3)	1.7413666713564082
185392.86687266905	2000.0	1465.2160409614485	0.0	0	0.0	2858.082913630613	1	0	tensor(3)	1.7413666713564082
186511.35851832255	2000.0	1346.7243953079437	0.0	0	0.0	2858.082913630584	1	0	tensor(3)	1.7413666713564129
187155.67045226047	2000.0	1702.41246137005	0.0	0	0.0	2858.082913630584	1	0	tensor(3)	1.7413666713564129
188122.4611588634	3000.0	1735.6217547670856	0.0	0	0.0	2858.082913630584	1	0	tensor(3)	1.741366671356413
189474.24238068727	3000.0	1383.8405329432157	0.0	0	0.0	2858.082913630613	1	0	tensor(3)	2.146831779464573
191527.884548018	3000.0	330.19836561247666	0.0	0	0.0	2858.082913630584	1	0	tensor(3)	2.1468317794645757
192116.03569081888	1000.0	742.0472228115615	0.0	0	0.0	2858.082913630584	1	0	tensor(3)	-0.050392797871642026
193364.25623863618	2000.0	493.82667499424235	0.0	0	0.0	2858.0829136305547	1	0	tensor(3)	1.0482194907964724
194661.20807857154	2000.0	327.12558363658195	130.2507485777249	0	0.0	2988.333662208286	1	0	tensor(3)	0.9378995818603728
195147.03826992816	1000.0	841.2953922799727	0.0	0	0.0	2988.333662208286	1	0	tensor(3)	0.33310971220683183
196584.22931553615	2000.0	404.10434667197376	0.0	0	0.0	2988.333662208286	1	0	tensor(3)	1.026256892766777
197240.32413896735	1000.0	748.009523240791	0.0	0	0.0	2988.333662208286	1	0	tensor(3)	0.33310971220683183
197945.57769837175	1000.0	1042.7559638363564	0.0	0	0.0	2988.333662208286	1	0	tensor(3)	1.026256892766777
198897.39737960784	2000.0	1090.9362826002873	0.0	0	0.0	2988.333662208286	1	0	tensor(3)	1.026256892766777
199417.8077172232	1000.0	1570.525944984989	0.0	0	0.0	2988.333662208286	1	0	tensor(3)	0.33310971220683183
200609.22274272624	2000.0	1379.1109194819185	0.0	0	0.0	2988.333662208315	1	0	tensor(3)	1.0262568927667717
201302.49528989516	2000.0	1685.8383723129546	0.0	0	0.0	2988.333662208315	1	0	tensor(3)	1.7194040733267169
202562.92438010703	3000.0	1425.4092821010686	0.0	0	0.0	2988.333662208315	1	0	tensor(3)	1.719404073326717
204308.4043373361	2000.0	679.9293248719675	0.0	0	0.0	2988.333662208286	1	0	tensor(3)	1.3139389652185576
204949.6816477579	1000.0	1038.65201445019	0.0	0	0.0	2988.333662208286	1	0	tensor(3)	0.33310971220683183
206004.7656592953	1000.0	983.568002912788	0.0	0	0.0	2988.333662208286	1	0	tensor(3)	1.026256892766777
206683.83646157727	1000.0	1304.4972006308356	0.0	0	0.0	2988.333662208286	1	0	tensor(3)	1.026256892766777
207410.43936066117	1000.0	1577.89430154695	0.0	0	0.0	2988.333662208286	1	0	tensor(3)	1.026256892766777
208346.02438171013	1000.0	1642.3092804980013	0.0	0	0.0	2988.333662208257	1	0	tensor(3)	1.0262568927667823
209429.72181196924	1000.0	1558.6118502389063	0.0	0	0.0	2988.333662208257	1	0	tensor(3)	1.0262568927667823
210080.14434955877	1000.0	1908.1893126493844	0.0	0	0.0	2988.333662208257	1	0	tensor(3)	1.0262568927667823
211521.89678945107	2000.0	1466.4368727570845	0.0	0	0.0	2988.333662208257	1	0	tensor(3)	1.0262568927667823
212159.60253383234	1000.0	1828.7311283758534	0.0	0	0.0	2988.333662208286	1	0	tensor(3)	0.33310971220683183
213041.03023913878	2000.0	1947.303423069387	0.0	0	0.0	2988.333662208286	1	0	tensor(3)	1.026256892766777
214157.27188300015	2000.0	1831.061779207993	0.0	0	0.0	2988.333662208286	1	0	tensor(3)	1.7194040733267222
214833.25884936837	1000.0	2155.0748128397854	0.0	0	0.0	2988.333662208286	1	0	tensor(3)	0.33310971220683183
216467.35873817178	2000.0	1520.9749240363687	0.0	0	0.0	2988.333662208286	1	0	tensor(3)	1.026256892766777
216900.74570520016	1000.0	2087.5879570079933	0.0	0	0.0	2988.333662208315	1	0	tensor(3)	0.33310971220682656
218022.74078027578	2000.0	1965.592881932393	0.0	0	0.0	2988.333662208315	1	0	tensor(3)	1.0262568927667708
219716.77735485433	2000.0	1271.5563073538526	0.0	0	0.0	2988.333662208315	1	0	tensor(3)	1.7194040733267169
220605.9337964051	1000.0	1382.3998658031144	0.0	0	0.0	2988.3336622083443	1	0	tensor(3)	0.3331097122068255
221344.54255913137	2000.0	1643.7911030768341	0.0	0	0.0	2988.3336622083443	1	0	tensor(3)	1.0262568927667668
222604.53353973085	2000.0	1383.8001224773434	0.0	0	0.0	2988.3336622083443	1	0	tensor(3)	1.7194040733267117
223388.7563269786	2000.0	1599.577335229599	0.0	0	0.0	2988.3336622083443	1	0	tensor(3)	1.7194040733267117
223985.56362751042	2000.0	2002.7700346977526	0.0	0	0.0	2988.3336622083443	1	0	tensor(3)	1.7194040733267117
225297.81981259753	3000.0	1690.513849610604	0.0	0	0.0	2988.333662208315	1	0	tensor(3)	1.719404073326717
226455.8087652347	2000.0	1532.5248969734625	0.0	0	0.0	2988.333662208315	1	0	tensor(3)	1.3139389652185522
227379.5446391479	2000.0	1608.7890230602397	0.0	0	0.0	2988.333662208315	1	0	tensor(3)	1.7194040733267169
228922.1645446311	2000.0	1066.1691175770861	0.0	0	0.0	2988.3336622083443	1	0	tensor(3)	1.7194040733267149
229350.08895494172	1000.0	1638.2447072664606	0.0	0	0.0	2988.3336622083443	1	0	tensor(3)	0.3331097122068214
230136.16248761164	2000.0	1852.171174596544	0.0	0	0.0	2988.3336622083443	1	0	tensor(3)	1.0262568927667668
230999.16770168146	2000.0	1989.1659605266996	0.0	0	0.0	2988.3336622083443	1	0	tensor(3)	1.7194040733267117
231604.82933050903	2000.0	2383.5043316991178	0.0	0	0.0	2988.333662208315	1	0	tensor(3)	1.7194040733267129
233150.01954138794	3000.0	1838.3141208202148	0.0	0	0.0	2988.333662208315	1	0	tensor(3)	1.719404073326717
234226.70989989868	2000.0	1761.623762309482	0.0	0	0.0	2988.333662208315	1	0	tensor(3)	1.3139389652185522
235690.62048476635	3000.0	1297.713177441799	0.0	0	0.0	2988.333662208315	1	0	tensor(3)	1.719404073326717
236563.73966683508	2000.0	1424.5939953730824	0.0	0	0.0	2988.333662208315	1	0	tensor(3)	1.3139389652185522
238221.51542847374	3000.0	766.8182337344319	0.0	0	0.0	2988.333662208286	1	0	tensor(3)	1.7194040733267224
239160.13642082358	2000.0	828.197241384603	0.0	0	0.0	2988.333662208315	1	0	tensor(3)	1.3139389652185522
240137.0630888778	2000.0	851.2705733303883	0.0	0	0.0	2988.333662208315	1	0	tensor(3)	1.7194040733267169
240773.99795919855	2000.0	1214.335703009641	0.0	0	0.0	2988.333662208315	1	0	tensor(3)	1.7194040733267169
241930.8721972369	3000.0	1057.4614649713167	0.0	0	0.0	2988.333662208315	1	0	tensor(3)	1.719404073326717
242863.22027921473	3000.0	1125.1133829934397	0.0	0	0.0	2988.333662208315	1	0	tensor(3)	2.1248691814348817
244079.21600185375	2000.0	909.117660354409	0.0	0	0.0	2988.333662208315	1	0	tensor(3)	1.3139389652185522
245388.833642283	3000.0	599.5000199251497	0.0	0	0.0	2988.333662208286	1	0	tensor(3)	1.7194040733267224
246169.47481832115	2000.0	818.8588438870067	0.0	0	0.0	2988.333662208315	1	0	tensor(3)	1.3139389652185522
247077.53644738338	2000.0	910.797214824784	0.0	0	0.0	2988.333662208315	1	0	tensor(3)	1.7194040733267169
248221.3226208824	2000.0	767.0110413257711	0.0	0	0.0	2988.333662208315	1	0	tensor(3)	1.7194040733267169
248703.63700042613	1000.0	1284.6966617820215	0.0	0	0.0	2988.333662208315	1	0	tensor(3)	0.33310971220682656
249599.838917919	2000.0	1388.4947442891535	0.0	0	0.0	2988.333662208315	1	0	tensor(3)	1.0262568927667717
250787.22342080084	2000.0	1201.1102414072889	0.0	0	0.0	2988.333662208286	1	0	tensor(3)	1.719404073326719
251560.0272362413	2000.0	1428.3064259668258	0.0	0	0.0	2988.333662208286	1	0	tensor(3)	1.7194040733267222
253098.42634461433	2000.0	889.9073175937832	0.0	0	0.0	2988.333662208286	1	0	tensor(3)	1.7194040733267222
254045.58034555812	2000.0	942.7533166499802	0.0	0	0.0	2988.333662208257	1	0	tensor(3)	1.7194040733267273
254662.9177463447	2000.0	1325.415915863404	0.0	0	0.0	2988.333662208228	1	0	tensor(3)	1.7194040733267326
255467.46666453048	2000.0	1520.8669976776116	0.0	0	0.0	2988.333662208228	1	0	tensor(3)	1.7194040733267326
256886.7507305996	3000.0	1101.582931608475	0.0	0	0.0	2988.333662208228	1	0	tensor(3)	1.7194040733267328
257981.8845255029	2000.0	1006.4491367051809	0.0	0	0.0	2988.333662208228	1	0	tensor(3)	1.313938965218568
259342.42256613317	2000.0	645.9110960748892	0.0	0	0.0	2988.333662208228	1	0	tensor(3)	1.7194040733267326
260479.31053852852	2000.0	509.02312367956006	0.0	0	0.0	2988.333662208228	1	0	tensor(3)	1.7194040733267326
261485.0248373211	2000.0	503.30882488696	0.0	0	0.0	2988.333662208199	1	0	tensor(3)	1.7194040733267377
262227.0290136779	2000.0	761.3046485301655	0.0	0	0.0	2988.333662208199	1	0	tensor(3)	1.7194040733267377
263173.9911089998	2000.0	814.3425532083456	0.0	0	0.0	2988.333662208315	1	0	tensor(3)	1.7194040733267233
264486.1647303482	2000.0	502.1689318599676	0.0	0	0.0	2988.333662208315	1	0	tensor(3)	1.719404073326718
264960.4537099765	1000.0	1027.8799522316308	0.0	0	0.0	2988.333662208257	1	0	tensor(3)	0.3331097122068381
265819.21868410456	2000.0	1169.1149781036486	0.0	0	0.0	2988.333662208228	1	0	tensor(3)	1.0262568927667874
266711.84823766386	1000.0	1276.4854245443169	0.0	0	0.0	2988.3336622081697	1	0	tensor(3)	0.3331097122068465
267563.3167832952	2000.0	1425.0168789130616	0.0	0	0.0	2988.3336622081697	1	0	tensor(3)	1.0262568927667979
268787.82751926756	2000.0	1200.5061429406906	0.0	0	0.0	2988.333662208228	1	0	tensor(3)	1.7194040733267326
269781.0215475843	2000.0	1207.3121146238564	0.0	0	0.0	2988.3336622081115	1	0	tensor(3)	1.7194040733267473
270758.8760587746	2000.0	1229.4576034335287	0.0	0	0.0	2988.3336622080533	1	0	tensor(3)	1.7194040733267637
271584.14528493426	2000.0	1404.188377273799	0.0	0	0.0	2988.333662207995	1	0	tensor(3)	1.7194040733267744
272783.70176297124	3000.0	1204.6318992368015	0.0	0	0.0	2988.333662207937	1	0	tensor(3)	1.7194040733267786
273666.00831308844	2000.0	1322.325349119571	0.0	0	0.0	2988.333662207937	1	0	tensor(3)	1.31393896521862
274790.0098100013	2000.0	1198.3238522067265	0.0	0	0.0	2988.3336622078787	1	0	tensor(3)	1.7194040733267952
276068.82027581456	2000.0	919.5133863934988	0.0	0	0.0	2988.3336622078787	1	0	tensor(3)	1.7194040733267952
277044.5271272191	2000.0	943.8065349890246	0.0	0	0.0	2988.333662207937	1	0	tensor(3)	1.7194040733267868
277807.55621490016	2000.0	1180.7774473079858	0.0	0	0.0	2988.333662207937	1	0	tensor(3)	1.7194040733267846
278745.0096753208	3000.0	1243.3239868872445	0.0	0	0.0	2988.333662207937	1	0	tensor(3)	1.7194040733267848
279864.2399450019	3000.0	1124.0937172062036	0.0	0	0.0	2988.333662207937	1	0	tensor(3)	2.124869181434949
281283.02357566333	2000.0	705.3100865447141	0.0	0	0.0	2988.333662207937	1	0	tensor(3)	1.31393896521862
282287.7302246775	2000.0	700.603437530649	0.0	0	0.0	2988.3336622078787	1	0	tensor(3)	1.7194040733267952
283042.9534837894	2000.0	945.3801784187228	0.0	0	0.0	2988.3336622078787	1	0	tensor(3)	1.7194040733267952
284109.7677079967	2000.0	878.565954211421	0.0	0	0.0	2988.3336622078205	1	0	tensor(3)	1.7194040733268035
284689.79840874777	1000.0	1298.5352534603508	0.0	0	0.0	2988.3336622078205	1	0	tensor(3)	0.3331097122069151
285320.9281808682	2000.0	1667.4054813399312	0.0	0	0.0	2988.3336622078205	1	0	tensor(3)	1.0262568927668603
286208.6028070014	2000.0	1779.7308552067764	0.0	0	0.0	2988.3336622077622	1	0	tensor(3)	1.7194040733268159
287276.2106524732	2000.0	1712.1230097349217	0.0	0	0.0	2988.3336622077622	1	0	tensor(3)	1.7194040733268159
288953.6470703414	3000.0	1034.6865918667218	0.0	0	0.0	2988.3336622077622	1	0	tensor(3)	1.719404073326816
289900.00067932147	2000.0	1088.3329828866729	0.0	0	0.0	2988.3336622078205	1	0	tensor(3)	1.3139389652186408
290747.7881333312	2000.0	1240.545528876926	0.0	0	0.0	2988.3336622077622	1	0	tensor(3)	1.7194040733268159
291417.67145980115	2000.0	1570.662202406972	0.0	0	0.0	2988.3336622077622	1	0	tensor(3)	1.7194040733268159
292710.9938857556	3000.0	1277.3397764525694	0.0	0	0.0	2988.3336622077622	1	0	tensor(3)	1.719404073326816
293616.007904589	2000.0	1372.3257576191622	0.0	0	0.0	2988.3336622078205	1	0	tensor(3)	1.3139389652186493
294527.37876500416	2000.0	1460.9548972039684	0.0	0	0.0	2988.3336622077622	1	0	tensor(3)	1.7194040733268159
295851.25825875136	2000.0	1137.0754034567308	0.0	0	0.0	2988.333662207704	1	0	tensor(3)	1.71940407332682
296431.09465519775	2000.0	1557.2390070103654	0.0	0	0.0	2988.333662207704	1	0	tensor(3)	1.7194040733268263
297369.10074084176	2000.0	1619.2329213663793	0.0	0	0.0	2988.3336622077622	1	0	tensor(3)	1.7194040733268159
298677.718446315	2000.0	1310.6152158931268	0.0	0	0.0	2988.3336622077622	1	0	tensor(3)	1.7194040733268159
299444.47298933455	2000.0	1543.860672873554	0.0	0	0.0	2988.3336622077622	1	0	tensor(3)	1.7194040733268159
300094.27233587136	2000.0	1894.061326336801	0.0	0	0.0	2988.3336622077622	1	0	tensor(3)	1.7194040733268159
301424.18541989	2000.0	1564.1482423181724	0.0	0	0.0	2988.3336622078205	1	0	tensor(3)	1.7194040733268077
303008.93081421655	2000.0	979.4028479915728	0.0	0	0.0	2988.3336622078205	1	0	tensor(3)	1.7194040733268054
304443.3564009598	2000.0	544.9772612483438	0.0	0	0.0	2988.3336622078205	1	0	tensor(3)	1.7194040733268054
1.62	1.91	1.33	1.62	1.66	1.39	1.55	2.53	2.03	2.68	2.0	2.27	1.51	1.9	1.73	2.48	1.89	1.12	1.31	1.45	1.75	1.37	2.37	3.08	2.13	1.54	1.8	2.05	2.05	2.36	2.64	1.63	1.95	2.46	3.74	2.49	2.25	2.27	1.12	1.71	1.92	1.89	1.74	1.74	1.54	2.11	1.83	2.32	2.92	2.15	1.24	1.26	1.27	1.12	1.27	1.1	1.25	1.84	1.77	1.85	2.03	1.32	1.6	1.48	2.11	2.1	1.15	1.38	2.25	1.89	2.35	2.84	2.19	1.8	1.7	1.23	1.85	2.84	2.61	1.92	1.91	2.93	1.92	2.7	2.29	2.33	1.64	2.62	3.05	3.73	1.58	2.75	2.39	2.26	2.34	1.59	2.61	2.25	2.21	1.3	1.99	3.36	2.7	2.65	2.15	2.02	1.85	2.36	2.46	2.98	1.98	1.47	1.97	1.37	2.12	1.69	2.0	2.77	3.13	2.58	2.04	2.14	1.8	2.43	2.24	4.15	2.26	1.54	1.7	2.06	2.09	1.44	2.61	2.2	2.5	1.12	3.15	1.69	2.8	2.93	1.84	1.88	1.93	2.65	1.47	1.22	1.97	2.79	1.6	1.56	1.62	1.91	1.33	1.62	1.66	1.39	1.55	2.53	2.03	2.68	2.0	2.27	1.51	1.9	1.73	2.48	1.89	1.12	1.31	1.45	1.75	1.37	2.37	3.08	2.13	1.54	1.8	2.05	2.05	2.36	2.64	1.63	1.95	2.46	3.74	2.49	2.25	2.27	1.12	1.71	1.92	1.89	1.74	1.74	1.54	2.11	1.83	2.32	2.92	2.15	1.24	1.26	1.27	1.12	1.27	1.1	1.25	1.84	1.77	1.85	2.03	1.32	1.6	1.48	2.11	2.1	1.15	1.38	2.25	1.89	2.35	2.84	2.19	1.8	1.7	1.23	1.85	2.84	2.61	1.92	1.91	2.93	1.92	2.7	2.29	2.33	1.64	2.62	3.05	3.73	1.58	2.75	2.39	2.26	2.34	1.59	2.61	2.25	2.21	1.3	1.99	3.36	2.7	2.65	2.15	2.02	1.85	2.36	2.46	2.98	1.98	1.47	1.97	1.37	2.12	1.69	2.0	2.77	3.13	2.58	2.04	2.14	1.8	2.43	2.24	4.15	2.26	1.54	1.7	2.06	2.09	1.44	2.61	2.2	2.5	1.12	3.15	1.69	2.8	2.93	1.84	1.88	1.93	2.65	1.47	1.22	1.97	2.79	1.6	1.56	1.62	1.91	1.33	1.62
1.0	2.0	3.0	4.0	5.0	6.0	7.0	8.0	9.0	10.0	11.0	12.0	13.0	14.0	15.0	16.0	17.0	18.0	19.0	20.0	21.0	22.0	23.0	24.0	25.0	26.0	27.0	28.0	29.0	30.0	31.0	32.0	33.0	34.0	35.0	36.0	37.0	38.0	39.0	40.0	41.0	42.0	43.0	44.0	45.0	46.0	47.0	48.0	49.0	50.0	51.0	52.0	53.0	54.0	55.0	56.0	57.0	58.0	59.0	60.0	61.0	62.0	63.0	64.0	65.0	66.0	67.0	68.0	69.0	70.0	71.0	72.0	73.0	74.0	75.0	76.0	77.0	78.0	79.0	80.0	81.0	82.0	83.0	84.0	85.0	86.0	87.0	88.0	89.0	90.0	91.0	92.0	93.0	94.0	95.0	96.0	97.0	98.0	99.0	100.0	101.0	102.0	103.0	104.0	105.0	106.0	107.0	108.0	109.0	110.0	111.0	112.0	113.0	114.0	115.0	116.0	117.0	118.0	119.0	120.0	121.0	122.0	123.0	124.0	125.0	126.0	127.0	128.0	129.0	130.0	131.0	132.0	133.0	134.0	135.0	136.0	137.0	138.0	139.0	140.0	141.0	142.0	143.0	144.0	145.0	146.0	147.0	148.0	149.0	149.0	150.0	151.0	152.0	153.0	154.0	155.0	156.0	157.0	158.0	159.0	160.0	161.0	162.0	163.0	164.0	165.0	166.0	167.0	168.0	169.0	170.0	171.0	172.0	173.0	174.0	175.0	176.0	177.0	178.0	179.0	180.0	181.0	182.0	183.0	184.0	185.0	186.0	187.0	188.0	189.0	190.0	191.0	192.0	193.0	194.0	195.0	196.0	197.0	198.0	199.0	200.0	201.0	202.0	203.0	204.0	205.0	206.0	207.0	208.0	209.0	210.0	211.0	212.0	213.0	214.0	215.0	216.0	217.0	218.0	219.0	220.0	221.0	222.0	223.0	224.0	225.0	226.0	227.0	228.0	229.0	230.0	231.0	232.0	233.0	234.0	235.0	236.0	237.0	238.0	239.0	240.0	241.0	242.0	243.0	244.0	245.0	246.0	247.0	248.0	249.0	250.0	251.0	252.0	253.0	254.0	255.0	256.0	257.0	258.0	259.0	260.0	261.0	262.0	263.0	264.0	265.0	266.0	267.0	268.0	269.0	270.0	271.0	272.0	273.0	274.0	275.0	276.0	277.0	278.0	279.0	280.0	281.0	282.0	283.0	284.0	285.0	286.0	287.0	288.0	289.0	290.0	291.0	292.0	293.0	294.0	295.0	296.0	297.0	298.0	298.0	299.0	300.0	301.0	302.0
3407.5388501434804
