4406.190493823511	300.0	2000.0	148.2401898902191	0	0.0	2406.190493823511	1	0	tensor(6)	-6.9833146370559165
5291.356437400525	3000.0	2114.8340564229866	0.0	0	0.0	2406.190493823511	1	0	tensor(3)	-0.09714044135907429
6396.963621527985	3000.0	2009.2268722955255	0.0	0	0.0	2406.190493823511	1	0	tensor(3)	2.2054446516349717
7247.990323411077	3000.0	2158.200170412434	0.0	0	0.0	2406.190493823511	1	0	tensor(3)	2.2054446516349717
8200.0	3000.0	2206.1904938235116	0.0	0	36.41690270651816	2406.190493823512	1	0	tensor(3)	2.2054446516349717
9431.943252943836	3000.0	1974.2472408796743	0.0	0	0.0	2406.190493823511	1	0	tensor(3)	2.2054446516349717
10215.550692427694	3000.0	2190.6398013958155	0.0	0	0.0	2406.190493823511	1	0	tensor(3)	2.2054446516349717
11200.0	3000.0	2206.190493823511	0.0	0	383.5156832038556	2406.190493823511	1	0	tensor(3)	2.2054446516349717
12200.0	3000.0	2206.1904938235134	0.0	0	190.08578454520466	2406.190493823511	1	0	tensor(3)	2.2054446516349717
13200.0	3000.0	2206.1904938235134	0.0	0	313.9076056825761	2406.1904938235093	1	0	tensor(3)	2.2054446516349717
15071.14886949487	3000.0	1335.0416243286438	0.0	0	0.0	2406.1904938235093	1	0	tensor(3)	2.2054446516349717
16243.186563400764	2000.0	1163.0039304227507	0.0	0	0.0	2406.1904938235093	1	0	tensor(3)	1.3945144354186425
17589.735405135558	2000.0	816.455088687952	0.0	0	0.0	2406.190493823504	1	0	tensor(3)	1.7999795435268073
18585.647274595223	2000.0	820.5432192282858	0.0	0	0.0	2406.190493823504	1	0	tensor(3)	1.7999795435268076
19904.442954619753	2000.0	501.7475392037571	0.0	0	0.0	2406.190493823502	1	0	tensor(3)	1.799979543526808
20274.474301390066	1000.0	1131.7161924334446	0.0	0	0.0	2406.190493823502	1	0	tensor(3)	0.4136851824069176
21009.826292187972	2000.0	1396.3642016355382	0.0	0	0.0	2406.1904938234984	1	0	tensor(3)	1.106832362966863
21990.016300243406	3000.0	1416.174193580103	0.0	0	0.0	2406.1904938234984	1	0	tensor(3)	1.7999795435268084
23489.930811974355	3000.0	916.2596818491518	0.0	0	0.0	2406.1904938234984	1	0	tensor(3)	2.205444651634973
24572.51021275028	2000.0	833.6802810732252	0.0	0	0.0	2406.1904938234948	1	0	tensor(3)	1.3945144354186438
25326.420600880316	2000.0	1079.7698929431913	0.0	0	0.0	2406.1904938234948	1	0	tensor(3)	1.7999795435268087
26131.20824683702	2000.0	1274.9822469864844	0.0	0	0.0	2406.1904938234984	1	0	tensor(3)	1.7999795435268082
27464.83502441836	2000.0	941.3554694051484	0.0	0	0.0	2406.1904938234984	1	0	tensor(3)	1.7999795435268082
28295.039754201636	2000.0	1111.1507396218722	0.0	0	0.0	2406.1904938234984	1	0	tensor(3)	1.7999795435268082
29246.23754653206	2000.0	1159.9529472914546	0.0	0	0.0	2406.190493823502	1	0	tensor(3)	1.799979543526808
30058.58492435448	2000.0	1347.605569469031	0.0	0	0.0	2406.190493823502	1	0	tensor(3)	1.799979543526808
31274.89492431425	2000.0	1131.2955695092583	0.0	0	0.0	2406.190493823502	1	0	tensor(3)	1.799979543526808
32380.479592645024	2000.0	1025.7109011784858	0.0	0	0.0	2406.190493823502	1	0	tensor(3)	1.799979543526808
33436.648571621845	2000.0	969.5419222016669	0.0	0	0.0	2406.190493823502	1	0	tensor(3)	1.799979543526808
34024.29467660124	2000.0	1381.8958172222708	0.0	0	0.0	2406.1904938234984	1	0	tensor(3)	1.799979543526808
34716.47283878269	2000.0	1689.7176550408133	0.0	0	0.0	2406.190493823491	1	0	tensor(3)	1.7999795435268084
36168.83393440013	2000.0	1237.3565594233803	0.0	0	0.0	2406.1904938234948	1	0	tensor(3)	1.7999795435268087
37213.2411994249	2000.0	1192.9492943986083	0.0	0	0.0	2406.1904938234948	1	0	tensor(3)	1.7999795435268087
38237.90205674901	2000.0	1168.2884370744953	0.0	0	0.0	2406.1904938234948	1	0	tensor(3)	1.7999795435268087
39005.0193135995	2000.0	1401.1711802239981	0.0	0	0.0	2406.1904938234948	1	0	tensor(3)	1.7999795435268087
39879.22672267533	2000.0	1526.9637711481737	0.0	0	0.0	2406.1904938234948	1	0	tensor(3)	1.7999795435268087
41020.03480525643	2000.0	1386.1556885670702	0.0	0	0.0	2406.1904938234948	1	0	tensor(3)	1.7999795435268087
42004.10048729057	2000.0	1402.0900065329274	0.0	0	0.0	2406.1904938234948	1	0	tensor(3)	1.7999795435268087
42675.412887731545	2000.0	1730.7776060919539	0.0	0	0.0	2406.1904938234875	1	0	tensor(3)	1.7999795435268096
43447.45802614011	3000.0	1958.7324676833825	0.0	0	0.0	2406.1904938234875	1	0	tensor(3)	1.7999795435268098
44240.99919383322	3000.0	2165.191299990286	0.0	0	0.0	2406.1904938234875	1	0	tensor(3)	2.2054446516349744
45200.0	3000.0	2206.190493823504	0.0	0	46.11607280666067	2406.1904938234875	1	0	tensor(3)	2.2054446516349744
46200.0	3000.0	2206.1904938235048	0.0	0	170.4331653135887	2406.1904938234875	1	0	tensor(3)	2.2054446516349744
47805.455825781486	3000.0	1600.7346680420226	0.0	0	0.0	2406.1904938234875	1	0	tensor(3)	2.2054446516349744
49354.057952853596	2000.0	1052.1325409699025	0.0	0	0.0	2406.19049382348	1	0	tensor(3)	1.3945144354186456
50409.74885084354	2000.0	996.4416429799594	0.0	0	0.0	2406.190493823473	1	0	tensor(3)	1.7999795435268109
51692.45266587933	2000.0	713.7378279441613	0.0	0	0.0	2406.1904938234657	1	0	tensor(3)	1.7999795435268118
52779.608758697796	2000.0	626.581735125695	0.0	0	0.0	2406.1904938234657	1	0	tensor(3)	1.7999795435268118
53789.55967204108	2000.0	616.6308217824067	0.0	0	0.0	2406.190493823473	1	0	tensor(3)	1.7999795435268109
54673.39526027585	2000.0	732.7952335476357	0.0	0	0.0	2406.190493823473	1	0	tensor(3)	1.7999795435268109
55379.44749653555	2000.0	1026.7429972879395	0.0	0	0.0	2406.19049382348	1	0	tensor(3)	1.7999795435268102
56587.39314913432	2000.0	818.7973446891765	0.0	0	0.0	2406.19049382348	1	0	tensor(3)	1.7999795435268102
57185.06337895682	1000.0	1221.1271148666788	0.0	0	0.0	2406.19049382348	1	0	tensor(3)	0.4136851824069198
57976.99665749992	2000.0	1429.193836323573	0.0	0	0.0	2406.19049382348	1	0	tensor(3)	1.1068323629668648
58796.246161521725	2000.0	1609.944332301771	0.0	0	0.0	2406.19049382348	1	0	tensor(3)	1.7999795435268102
59556.096714650186	2000.0	1850.0937791733102	0.0	0	0.0	2406.19049382348	1	0	tensor(3)	1.7999795435268102
60574.44954790187	3000.0	1831.7409459216337	0.0	0	0.0	2406.1904938234875	1	0	tensor(3)	1.7999795435268098
61817.7621925095	3000.0	1588.4283013140005	0.0	0	0.0	2406.1904938234875	1	0	tensor(3)	2.2054446516349744
63178.6484995565	3000.0	1227.5419942670087	0.0	0	0.0	2406.1904938234875	1	0	tensor(3)	2.2054446516349744
64010.91690967752	2000.0	1395.2735841459871	0.0	0	0.0	2406.1904938234875	1	0	tensor(3)	1.394514435418645
64824.62992513292	3000.0	1581.5605686905942	0.0	0	0.0	2406.1904938234875	1	0	tensor(3)	1.7999795435268098
65437.74622120337	3000.0	1968.4442726201437	0.0	0	0.0	2406.1904938234875	1	0	tensor(3)	2.2054446516349744
66211.0024271293	3000.0	2195.1880666942207	0.0	0	0.0	2406.19049382348	1	0	tensor(3)	2.205444651634975
67243.11712159091	3000.0	2163.073372232594	0.0	0	0.0	2406.190493823473	1	0	tensor(3)	2.2054446516349753
68472.73694918219	3000.0	1933.453544641309	0.0	0	0.0	2406.1904938234657	1	0	tensor(3)	2.2054446516349766
70168.60824079582	3000.0	1237.5822530276746	0.0	0	0.0	2406.1904938234657	1	0	tensor(3)	2.2054446516349766
71199.19962504997	3000.0	1206.9908687735442	0.0	0	0.0	2406.1904938234657	1	0	tensor(3)	2.2054446516349766
72072.914387881	3000.0	1333.2761059425197	0.0	0	0.0	2406.1904938234657	1	0	tensor(3)	2.2054446516349766
73481.23136990696	3000.0	924.9591239165478	0.0	0	0.0	2406.1904938234657	1	0	tensor(3)	2.2054446516349766
74436.56156070098	2000.0	969.6289331225307	0.0	0	0.0	2406.1904938234657	1	0	tensor(3)	1.3945144354186472
75233.03447198801	2000.0	1173.156021835484	0.0	0	0.0	2406.190493823451	1	0	tensor(3)	1.799979543526813
76500.83176767442	3000.0	905.3587261490843	0.0	0	0.0	2406.190493823451	1	0	tensor(3)	1.7999795435268133
77225.21798669809	3000.0	1180.9725071254068	0.0	0	0.0	2406.190493823451	1	0	tensor(3)	2.205444651634978
78009.54194157028	3000.0	1396.6485522532166	0.0	0	0.0	2406.190493823451	1	0	tensor(3)	2.205444651634978
79845.1773920609	3000.0	561.0131017625915	0.0	0	0.0	2406.190493823451	1	0	tensor(3)	2.205444651634978
80875.7382174318	2000.0	530.4522763916754	0.0	0	0.0	2406.190493823451	1	0	tensor(3)	1.3945144354186485
81722.51258450105	2000.0	683.6779093224237	0.0	0	0.0	2406.1904938234366	1	0	tensor(3)	1.7999795435268149
82517.60805924216	2000.0	888.5824345813099	0.0	0	0.0	2406.190493823451	1	0	tensor(3)	1.799979543526813
83319.88334142008	2000.0	1086.3071524034087	0.0	0	0.0	2406.190493823451	1	0	tensor(3)	1.799979543526813
84159.36124453592	2000.0	1246.8292492875617	0.0	0	0.0	2406.190493823451	1	0	tensor(3)	1.799979543526813
84908.63720798283	3000.0	1497.5532858406643	0.0	0	0.0	2406.190493823451	1	0	tensor(3)	1.7999795435268133
86146.72755226628	3000.0	1259.4629415572044	0.0	0	0.0	2406.190493823451	1	0	tensor(3)	2.205444651634978
86784.9876436622	2000.0	1621.2028501612747	0.0	0	0.0	2406.190493823451	1	0	tensor(3)	1.3945144354186485
88264.18201485615	3000.0	1142.008478967322	0.0	0	0.0	2406.1904938234366	1	0	tensor(3)	1.799979543526815
89020.5839892086	2000.0	1385.6065046148663	0.0	0	0.0	2406.1904938234366	1	0	tensor(3)	1.3945144354186503
89711.24476444928	2000.0	1694.9457293741702	0.0	0	0.0	2406.1904938234366	1	0	tensor(3)	1.7999795435268149
91068.64951833052	3000.0	1337.540975492918	0.0	0	0.0	2406.190493823422	1	0	tensor(3)	1.7999795435268164
92434.65823880053	2000.0	971.5322550229062	0.0	0	0.0	2406.1904938234366	1	0	tensor(3)	1.3945144354186503
93162.65456285965	2000.0	1243.5359309637852	0.0	0	0.0	2406.1904938234366	1	0	tensor(3)	1.7999795435268149
93854.2457563498	2000.0	1551.9447374736314	0.0	0	0.0	2406.1904938234366	1	0	tensor(3)	1.7999795435268149
95386.71653828147	3000.0	1019.4739555419637	0.0	0	0.0	2406.1904938234366	1	0	tensor(3)	1.799979543526815
97081.67438116804	2000.0	324.51611265540265	0.0	0	0.0	2406.1904938234366	1	0	tensor(3)	1.3945144354186503
97584.56332245668	1000.0	821.6271713667533	0.0	0	0.0	2406.1904938234366	1	0	tensor(3)	0.41368518240692453
98737.1720665739	2000.0	669.0184272495451	0.0	0	0.0	2406.190493823422	1	0	tensor(3)	1.106832362966871
99696.08920374291	2000.0	710.1012900805423	0.0	0	0.0	2406.190493823422	1	0	tensor(3)	1.7999795435268162
100452.85133436868	1000.0	953.3391594547829	0.0	0	0.0	2406.1904938234075	1	0	tensor(3)	0.41368518240692753
101717.31261160044	2000.0	688.8778822230108	0.0	0	0.0	2406.1904938234075	1	0	tensor(3)	1.1068323629668728
103085.74705288305	2000.0	334.76659614611833	14.323155205705518	0	0.0	2420.513649029119	1	0	tensor(3)	1.712538455348852
103746.76293065089	1000.0	673.7507183782817	0.0	0	0.0	2420.513649029119	1	0	tensor(3)	0.41218302546319496
104621.1962671799	2000.0	799.3173818492642	0.0	0	0.0	2420.513649029119	1	0	tensor(3)	1.10533020602314
106163.80285790596	2000.0	256.7107911232113	0.0	0	0.0	2420.513649029119	1	0	tensor(3)	1.7984773865830852
106714.81456584956	1000.0	721.2837924485677	15.584709268963337	0	0.0	2436.0983582980843	1	0	tensor(3)	0.31701702475268634
107303.46550644649	2000.0	1132.6328518516405	0.0	0	0.0	2436.0983582980843	1	0	tensor(3)	1.1036724609264115
108398.4614011792	3000.0	1037.6369571189339	0.0	0	0.0	2436.098358298099	1	0	tensor(3)	1.796819641486355
109076.83426629548	2000.0	1359.2640920026568	0.0	0	0.0	2436.098358298099	1	0	tensor(3)	1.3913545333781903
110326.23954280833	3000.0	1109.8588154898318	0.0	0	0.0	2436.098358298099	1	0	tensor(3)	1.796819641486355
110941.32532728315	2000.0	1494.7730310150087	0.0	0	0.0	2436.098358298099	1	0	tensor(3)	1.3913545333781903
112462.54041901477	3000.0	973.5579392833994	0.0	0	0.0	2436.098358298099	1	0	tensor(3)	1.796819641486355
113545.47003914439	2000.0	890.6283191537684	0.0	0	0.0	2436.0983582981135	1	0	tensor(3)	1.391354533378189
115002.81892757831	2000.0	433.27943071986374	0.0	0	0.0	2436.0983582981135	1	0	tensor(3)	1.7968196414863535
115429.57003158492	1000.0	1006.5283267132362	0.0	0	0.0	2436.0983582981135	1	0	tensor(3)	0.41052528036646324
116549.75355608365	2000.0	886.3448022145066	0.0	0	0.0	2436.0983582981135	1	0	tensor(3)	1.1036724609264084
117397.38889165592	2000.0	1038.7094666422377	0.0	0	0.0	2436.098358298099	1	0	tensor(3)	1.7968196414863549
118062.0098274013	2000.0	1374.0885308968832	0.0	0	0.0	2436.0983582981135	1	0	tensor(3)	1.7968196414863535
118798.38384311603	2000.0	1637.7145151821633	0.0	0	0.0	2436.0983582981135	1	0	tensor(3)	1.7968196414863535
120294.46952326277	2000.0	1141.628835035421	0.0	0	0.0	2436.0983582981135	1	0	tensor(3)	1.7968196414863535
121718.02205214082	2000.0	718.0763061573766	0.0	0	0.0	2436.0983582981135	1	0	tensor(3)	1.7968196414863535
122548.25839169537	2000.0	887.8399666028423	0.0	0	0.0	2436.098358298128	1	0	tensor(3)	1.7968196414863518
123177.25443147456	2000.0	1258.843926823667	0.0	0	0.0	2436.098358298128	1	0	tensor(3)	1.7968196414863518
124140.13844187933	2000.0	1295.9599164189017	0.0	0	0.0	2436.098358298128	1	0	tensor(3)	1.7968196414863518
125492.95108852258	2000.0	943.1472697756465	0.0	0	0.0	2436.0983582981135	1	0	tensor(3)	1.7968196414863535
126810.15783441132	2000.0	625.9405238869003	0.0	0	0.0	2436.098358298128	1	0	tensor(3)	1.7968196414863518
127993.87972448219	2000.0	442.21863381602844	0.0	0	0.0	2436.0983582981426	1	0	tensor(3)	1.7968196414863502
128597.68397495503	1000.0	838.4143833431862	0.0	0	0.0	2436.0983582981426	1	0	tensor(3)	0.4105252803664601
129475.0481915011	2000.0	961.0501667971002	0.0	0	0.0	2436.0983582981426	1	0	tensor(3)	1.103672460926405
130263.0214068458	2000.0	1173.076951452399	0.0	0	0.0	2436.0983582981426	1	0	tensor(3)	1.7968196414863502
131197.47242375102	2000.0	1238.6259345471965	0.0	0	0.0	2436.0983582981426	1	0	tensor(3)	1.7968196414863502
131919.49931258883	2000.0	1516.5990457093762	0.0	0	0.0	2436.098358298128	1	0	tensor(3)	1.7968196414863509
132770.11922321972	2000.0	1665.9791350785	0.0	0	0.0	2436.0983582981426	1	0	tensor(3)	1.7968196414863529
133406.7265200913	2000.0	2029.37183820694	0.0	0	0.0	2436.0983582981717	1	0	tensor(3)	1.7968196414863473
134200.0	2000.0	2236.0983582982326	0.0	0	185.98640805261675	2436.098358298157	1	0	tensor(3)	1.7968196414863489
136142.31727205994	3000.0	1293.781086238255	0.0	0	0.0	2436.098358298157	1	0	tensor(3)	1.796819641486349
137206.75309604482	2000.0	1229.345262253352	0.0	0	0.0	2436.098358298157	1	0	tensor(3)	1.3913545333781843
138647.0327678237	2000.0	789.0655904744644	0.0	0	0.0	2436.098358298128	1	0	tensor(3)	1.7968196414863518
139404.1807358206	2000.0	1031.9176224775301	0.0	0	0.0	2436.098358298099	1	0	tensor(3)	1.7968196414863549
140000.8436162766	2000.0	1435.2547420215562	0.0	0	0.0	2436.098358298128	1	0	tensor(3)	1.7968196414863518
141273.24462550943	2000.0	1162.8537327887475	0.0	0	0.0	2436.098358298128	1	0	tensor(3)	1.7968196414863518
142020.72163918702	2000.0	1415.3767191111567	0.0	0	0.0	2436.098358298128	1	0	tensor(3)	1.7968196414863518
142702.22100671264	3000.0	1733.8773515855446	0.0	0	0.0	2436.098358298128	1	0	tensor(3)	1.796819641486352
143556.0655935431	3000.0	1880.032764755098	0.0	0	0.0	2436.098358298128	1	0	tensor(3)	2.202284749594517
144812.93091557283	3000.0	1623.1674427253656	0.0	0	0.0	2436.098358298128	1	0	tensor(3)	2.202284749594517
146702.0394819569	3000.0	734.058876341328	0.0	0	0.0	2436.098358298128	1	0	tensor(3)	2.202284749594517
147608.28207390584	2000.0	827.8162843923603	0.0	0	0.0	2436.098358298128	1	0	tensor(3)	1.3913545333781872
148400.84482429537	2000.0	1035.2535340028182	0.0	0	0.0	2436.098358298128	1	0	tensor(3)	1.7968196414863518
149497.02966942132	3000.0	939.0686888768691	0.0	0	0.0	2436.098358298128	1	0	tensor(3)	1.796819641486352
150318.37446130035	2000.0	1117.7238969978443	0.0	0	0.0	2436.098358298128	1	0	tensor(3)	1.3913545333781872
151418.7931667278	3000.0	1017.3051915703905	0.0	0	0.0	2436.098358298128	1	0	tensor(3)	1.796819641486352
152343.77451763206	3000.0	1092.3238406661114	0.0	0	0.0	2436.098358298128	1	0	tensor(3)	2.202284749594517
153111.22228257745	3000.0	1324.8760757206992	0.0	0	0.0	2436.098358298128	1	0	tensor(3)	2.202284749594517
154068.88975093004	3000.0	1367.208607368117	0.0	0	0.0	2436.098358298128	1	0	tensor(3)	2.202284749594517
155069.00448770044	3000.0	1367.093870597728	0.0	0	0.0	2436.098358298128	1	0	tensor(3)	2.202284749594517
156184.5138313971	3000.0	1251.584526901076	0.0	0	0.0	2436.098358298157	1	0	tensor(3)	2.2022847495945137
157297.74148498883	3000.0	1138.356873309377	0.0	0	0.0	2436.098358298157	1	0	tensor(3)	2.2022847495945137
158383.53101333758	3000.0	1052.5673449606193	0.0	0	0.0	2436.098358298157	1	0	tensor(3)	2.2022847495945137
159252.3426106482	3000.0	1183.755747649982	0.0	0	0.0	2436.098358298128	1	0	tensor(3)	2.202284749594517
160145.49113492624	3000.0	1290.6072233719442	0.0	0	0.0	2436.098358298157	1	0	tensor(3)	2.2022847495945137
161154.7311920682	3000.0	1281.3671662300103	0.0	0	0.0	2436.098358298157	1	0	tensor(3)	2.2022847495945137
161795.26429455102	3000.0	1640.834063747177	0.0	0	0.0	2436.098358298157	1	0	tensor(3)	2.2022847495945137
163466.98885893225	3000.0	969.1094993659444	0.0	0	0.0	2436.0983582982153	1	0	tensor(3)	2.2022847495945093
164957.4043239027	2000.0	478.6940343954884	0.0	0	0.0	2436.0983582982153	1	0	tensor(3)	1.3913545333781778
166093.37694508285	2000.0	393.90815083302175	51.18673761770111	0	0.0	2487.285095915897	1	0	tensor(3)	1.484079610346975
166517.72845009083	1000.0	969.5566458250642	0.0	0	0.0	2487.285095915897	1	0	tensor(3)	0.4049056749332913
167482.97797877595	2000.0	1004.3071171399489	0.0	0	0.0	2487.285095915926	1	0	tensor(3)	1.0980528554932345
168917.60974315644	2000.0	569.6753527594817	0.0	0	0.0	2487.285095915897	1	0	tensor(3)	1.7912000360531812
169307.81542543854	1000.0	1179.4696704773887	0.0	0	0.0	2487.285095915897	1	0	tensor(3)	0.4049056749332913
170508.07892611192	3000.0	979.206169804047	0.0	0	0.0	2487.285095915897	1	0	tensor(3)	1.0980528554932365
171092.2908918489	2000.0	1394.994204067034	0.0	0	0.0	2487.285095915897	1	0	tensor(3)	1.385734927945017
172562.83933180803	3000.0	924.4457641079089	0.0	0	0.0	2487.285095915897	1	0	tensor(3)	1.7912000360531817
173558.8466685602	2000.0	928.4384273557424	0.0	0	0.0	2487.285095915897	1	0	tensor(3)	1.385734927945017
174391.24653023513	2000.0	1096.0385656807848	0.0	0	0.0	2487.285095915897	1	0	tensor(3)	1.7912000360531817
175086.3386369583	2000.0	1400.9464589576123	0.0	0	0.0	2487.285095915926	1	0	tensor(3)	1.7912000360531786
176636.81490912705	2000.0	850.4701867888521	0.0	0	0.0	2487.285095915926	1	0	tensor(3)	1.7912000360531786
177540.94440176446	2000.0	946.3406941514113	0.0	0	0.0	2487.285095915926	1	0	tensor(3)	1.7912000360531786
178325.2209366506	2000.0	1162.064159265259	0.0	0	0.0	2487.285095915926	1	0	tensor(3)	1.7912000360531786
178948.60817158988	2000.0	1538.676924325972	0.0	0	0.0	2487.285095915926	1	0	tensor(3)	1.7912000360531786
180720.30462667358	3000.0	766.9804692422915	0.0	0	0.0	2487.285095915926	1	0	tensor(3)	1.7912000360531786
181545.56684143812	2000.0	941.7182544777735	0.0	0	0.0	2487.285095915926	1	0	tensor(3)	1.385734927945014
182655.76826575017	2000.0	831.5168301657328	0.0	0	0.0	2487.285095915926	1	0	tensor(3)	1.7912000360531786
183569.74089218274	2000.0	917.5442037331625	0.0	0	0.0	2487.285095915955	1	0	tensor(3)	1.791200036053176
184705.7772586845	2000.0	781.507837231424	0.0	0	0.0	2487.285095915984	1	0	tensor(3)	1.791200036053172
185225.2706354472	1000.0	1262.01446046875	0.0	0	0.0	2487.285095915984	1	0	tensor(3)	0.40490567493328156
186454.27072478173	2000.0	1033.0143711342266	0.0	0	0.0	2487.285095915984	1	0	tensor(3)	1.0980528554932267
187079.43228795385	1000.0	1407.852807962134	0.0	0	0.0	2487.285095915984	1	0	tensor(3)	0.40490567493328156
187594.22151326752	1000.0	1893.063582648464	0.0	0	0.0	2487.285095915984	1	0	tensor(3)	1.0980528554932267
188684.09106238652	2000.0	1803.1940335294641	0.0	0	0.0	2487.285095915984	1	0	tensor(3)	1.0980528554932267
189764.7484350722	2000.0	1722.5366608438014	0.0	0	0.0	2487.285095915984	1	0	tensor(3)	1.791200036053172
190612.27137427145	2000.0	1875.0137216445246	0.0	0	0.0	2487.285095915984	1	0	tensor(3)	1.791200036053172
191605.20016656767	2000.0	1882.084929348325	0.0	0	0.0	2487.2850959160132	1	0	tensor(3)	1.7912000360531686
192598.640086692	3000.0	1888.6450092240232	0.0	0	0.0	2487.2850959160132	1	0	tensor(3)	1.7912000360531688
193316.71639136062	3000.0	2170.568704555404	0.0	0	0.0	2487.285095915984	1	0	tensor(3)	2.1966651441613365
194200.0	3000.0	2287.2850959160537	0.0	0	41.76830173161579	2487.285095915955	1	0	tensor(3)	2.19666514416134
195200.0	3000.0	2287.285095916066	0.0	0	278.1149878591532	2487.285095915955	1	0	tensor(3)	2.19666514416134
197727.0576718907	3000.0	760.2274240253425	0.0	0	0.0	2487.285095915955	1	0	tensor(3)	2.1966651441613414
198757.67799538033	2000.0	729.6071005357093	0.0	0	0.0	2487.285095915984	1	0	tensor(3)	1.3857349279450073
199888.6125827824	2000.0	598.672513133642	0.0	0	0.0	2487.285095915984	1	0	tensor(3)	1.791200036053172
200855.58770664473	2000.0	631.6973892712747	0.0	0	0.0	2487.285095915984	1	0	tensor(3)	1.791200036053172
201638.04548720765	2000.0	849.2396087083192	0.0	0	0.0	2487.285095915984	1	0	tensor(3)	1.791200036053172
203010.92156842642	2000.0	476.3635274895481	0.0	0	0.0	2487.285095915955	1	0	tensor(3)	1.7912000360531752
204042.49567545525	2000.0	477.62907962651934	32.83965916577171	0	0.0	2520.1247550817498	1	0	tensor(3)	1.5904113341256898
205061.0979173657	2000.0	487.53500654032985	28.50816882426028	0	0.0	2548.6329239059996	1	0	tensor(3)	1.6130489990908552
206155.05602076795	2000.0	466.663217805571	73.08631466747971	0	0.0	2621.7192385734816	1	0	tensor(3)	1.336567856706768
206574.63394184285	1000.0	1047.0852967306685	0.0	0	0.0	2621.7192385734816	1	0	tensor(3)	0.3887913835917557
207873.4244157358	2000.0	748.2948228377581	0.0	0	0.0	2621.7192385734816	1	0	tensor(3)	1.081938564151701
208487.57006964413	2000.0	1134.1491689294264	0.0	0	0.0	2621.7192385734816	1	0	tensor(3)	1.7750857447116462
209311.16585374105	2000.0	1310.5533848324956	0.0	0	0.0	2621.7192385735107	1	0	tensor(3)	1.7750857447116422
210648.46972994372	3000.0	973.249508629835	0.0	0	0.0	2621.7192385735398	1	0	tensor(3)	1.7750857447116404
211509.00583487886	2000.0	1112.713403694711	0.0	0	0.0	2621.7192385735398	1	0	tensor(3)	1.369620636603474
212529.02672720587	2000.0	1092.692511367687	0.0	0	0.0	2621.7192385734816	1	0	tensor(3)	1.7750857447116455
213392.50110846697	3000.0	1229.2181301065896	0.0	0	0.0	2621.7192385734816	1	0	tensor(3)	1.7750857447116464
214050.2430996153	3000.0	1571.4761389582543	0.0	0	0.0	2621.7192385735107	1	0	tensor(3)	2.180550852819807
214539.99194362195	3000.0	2081.7272949515946	0.0	0	0.0	2621.7192385735398	1	0	tensor(3)	2.1805508528198034
215200.0	3000.0	2421.7192385735216	0.0	0	128.56191024373402	2621.7192385735107	1	0	tensor(3)	2.180550852819807
216200.0	3000.0	2421.7192385735293	0.0	0	244.61357503265026	2621.7192385735107	1	0	tensor(3)	2.180550852819807
217200.0	3000.0	2421.7192385735334	0.0	0	264.29209826805163	2621.7192385734816	1	0	tensor(3)	2.180550852819811
218518.0431371014	3000.0	2103.676101472149	0.0	0	0.0	2621.7192385735398	1	0	tensor(3)	2.1805508528198048
219623.42441082597	3000.0	1998.2948277475964	0.0	0	0.0	2621.7192385735398	1	0	tensor(3)	2.1805508528198034
220444.80748033096	3000.0	2176.9117582426243	0.0	0	0.0	2621.7192385735398	1	0	tensor(3)	2.180550852819802
221466.46768732506	3000.0	2155.251551248527	0.0	0	0.0	2621.7192385735398	1	0	tensor(3)	2.1805508528198034
222498.89807254408	3000.0	2122.821166029491	0.0	0	0.0	2621.7192385735398	1	0	tensor(3)	2.1805508528198034
223802.78911736704	3000.0	1818.9301212065334	0.0	0	0.0	2621.7192385735398	1	0	tensor(3)	2.1805508528198034
224642.574097446	3000.0	1979.145141127606	0.0	0	0.0	2621.7192385735398	1	0	tensor(3)	2.1805508528198034
225649.39066053086	3000.0	1972.3285780427432	0.0	0	0.0	2621.7192385735107	1	0	tensor(3)	2.180550852819807
226722.83810648884	3000.0	1898.8811320847856	0.0	0	0.0	2621.7192385735107	1	0	tensor(3)	2.180550852819807
227617.5186913325	3000.0	2004.200547241122	0.0	0	0.0	2621.7192385735107	1	0	tensor(3)	2.180550852819807
229492.67773327773	3000.0	1129.0415052958951	0.0	0	0.0	2621.7192385735107	1	0	tensor(3)	2.180550852819807
230377.2490110779	2000.0	1244.4702274957583	0.0	0	0.0	2621.7192385735107	1	0	tensor(3)	1.3696206366034775
231445.0490946425	2000.0	1176.6701439311296	0.0	0	0.0	2621.7192385734816	1	0	tensor(3)	1.7750857447116455
232421.6639557257	3000.0	1200.0552828479383	0.0	0	0.0	2621.7192385735107	1	0	tensor(3)	1.7750857447116424
233190.30796629356	2000.0	1431.4112722800774	0.0	0	0.0	2621.7192385735107	1	0	tensor(3)	1.3696206366034775
234563.8102461766	3000.0	1057.9089923970605	0.0	0	0.0	2621.7192385735398	1	0	tensor(3)	1.7750857447116388
235279.60629553546	2000.0	1342.1129430381964	0.0	0	0.0	2621.7192385734816	1	0	tensor(3)	1.3696206366034793
236170.88807264445	2000.0	1450.8311659291744	0.0	0	0.0	2621.7192385734816	1	0	tensor(3)	1.7750857447116462
237130.01818301211	3000.0	1491.7010555615052	0.0	0	0.0	2621.7192385734816	1	0	tensor(3)	1.7750857447116464
238163.31599842265	2000.0	1458.4032401509749	0.0	0	0.0	2621.7192385734816	1	0	tensor(3)	1.3696206366034815
238712.10461585346	2000.0	1909.6146227201727	0.0	0	0.0	2621.7192385734816	1	0	tensor(3)	1.7750857447116462
240073.73585492073	3000.0	1547.9833836528624	0.0	0	0.0	2621.7192385734816	1	0	tensor(3)	1.7750857447116464
241573.31859216007	2000.0	1048.4006464135487	0.0	0	0.0	2621.7192385734525	1	0	tensor(3)	1.369620636603485
242350.00201026682	2000.0	1271.7172283068078	0.0	0	0.0	2621.7192385734525	1	0	tensor(3)	1.7750857447116497
243297.04443864158	3000.0	1324.67479993207	0.0	0	0.0	2621.7192385734525	1	0	tensor(3)	1.77508574471165
244548.5178563986	2000.0	1073.201382175048	0.0	0	0.0	2621.7192385734525	1	0	tensor(3)	1.369620636603485
246332.69913180088	2000.0	289.0201067727448	0.0	0	0.0	2621.7192385733943	1	0	tensor(3)	1.7750857447116544
247591.16250611647	2000.0	448.27308356145033	417.7163511042834	0	0.0	3039.4355896776833	1	0	tensor(3)	-0.7962459349873862
248997.75858851254	2000.0	200.0	158.3229988346029	0	0.0	3197.7585885123117	1	0	tensor(3)	0.7368581307958485
249599.8268540486	1000.0	712.8812036166037	114.94946915262247	0	0.0	3312.708057664946	1	0	tensor(3)	-0.4238903270855876
250601.91043719908	2000.0	710.7976204661027	0.0	0	0.0	3312.708057664946	1	0	tensor(3)	0.9589536683900923
251806.17183413863	2000.0	506.5362235265453	0.0	0	0.0	3312.708057664946	1	0	tensor(3)	1.6521008489500375
252246.3595323935	1000.0	1066.348525271696	0.0	0	0.0	3312.708057664946	1	0	tensor(3)	0.26580648783014715
253266.42560124703	2000.0	1046.2824564181253	0.0	0	0.0	3312.708057664917	1	0	tensor(3)	0.9589536683900992
253955.0913290061	2000.0	1357.616728659021	0.0	0	0.0	3312.708057664917	1	0	tensor(3)	1.6521008489500444
255438.6202088757	2000.0	874.0878487893991	0.0	0	0.0	3312.7080576648877	1	0	tensor(3)	1.6521008489500513
256150.84129689058	2000.0	1161.8667607745351	0.0	0	0.0	3312.7080576648877	1	0	tensor(3)	1.6521008489500513
256648.85560805464	2000.0	1663.8524496104906	0.0	0	0.0	3312.708057664917	1	0	tensor(3)	1.6521008489500444
257874.20166357688	3000.0	1438.5063940882505	0.0	0	0.0	3312.708057664917	1	0	tensor(3)	1.6521008489500446
258614.22157890873	3000.0	1698.4864787564122	0.0	0	0.0	3312.708057664917	1	0	tensor(3)	2.057565957058209
260004.82187366983	3000.0	1307.8861839952945	0.0	0	0.0	3312.708057664946	1	0	tensor(3)	2.0575659570582023
261387.0468729904	3000.0	925.6611846747127	0.0	0	0.0	3312.708057664917	1	0	tensor(3)	2.057565957058209
262556.0246188097	3000.0	756.6834388554116	0.0	0	0.0	3312.7080576648877	1	0	tensor(3)	2.057565957058216
264125.721975749	2000.0	200.0	13.013918083888	0	0.0	3325.7219757487765	1	0	tensor(3)	1.1679275010829466
264621.56098211743	1000.0	743.8709528579477	39.70995922638801	0	0.0	1365.4319349751459	1	0	tensor(6)	-5.756011307752102
265474.0215960048	2000.0	891.4103389705748	0.0	0	0.0	1365.4319349751459	1	0	tensor(3)	1.1753956281661695
266386.0617080933	2000.0	979.3702268820418	0.0	0	0.0	1365.4319349750876	1	0	tensor(3)	1.8685428087261169
267298.58534966543	2000.0	1066.8465853098496	0.0	0	0.0	1365.4319349750294	1	0	tensor(3)	1.868542808726119
268220.00139009574	2000.0	1145.4305448795849	0.0	0	0.0	1365.4319349750876	1	0	tensor(3)	1.8685428087261169
269419.627464093	2000.0	945.8044708823928	0.0	0	0.0	1365.4319349750294	1	0	tensor(3)	1.868542808726119
270453.1303018398	2000.0	912.3016331356312	0.0	0	0.0	1365.4319349750294	1	0	tensor(3)	1.868542808726119
271469.3930995145	2000.0	896.0388354609075	0.0	0	0.0	1365.4319349749712	1	0	tensor(3)	1.8685428087261213
272200.0	2000.0	1165.4319349754328	0.0	0	184.4819448493654	1365.4319349749712	1	0	tensor(3)	1.8685428087261213
273200.0	2000.0	1165.4319349754771	0.0	0	251.757188831456	1365.4319349750294	1	0	tensor(3)	1.868542808726119
274375.3368065751	2000.0	990.0951284003112	0.0	0	0.0	1365.4319349749712	1	0	tensor(3)	1.8685428087261213
275604.7968205284	2000.0	760.6351144470343	0.0	0	0.0	1365.4319349749712	1	0	tensor(3)	1.8685428087261213
276900.6759739987	2000.0	464.7559609767245	0.0	0	0.0	1365.4319349749712	1	0	tensor(3)	1.8685428087261213
277518.7036813784	1000.0	846.7282535970138	0.0	0	0.0	1365.4319349749712	1	0	tensor(3)	0.48224844760623103
278350.1995650997	2000.0	1015.2323698756088	0.0	0	0.0	1365.431934974913	1	0	tensor(3)	1.1753956281661784
279496.1342491943	2000.0	869.2976857811086	0.0	0	0.0	1365.431934974913	1	0	tensor(3)	1.8685428087261235
280676.7981659916	2000.0	688.6337689838397	0.0	0	0.0	1365.431934974913	1	0	tensor(3)	1.8685428087261235
281651.946049508	2000.0	713.4858854674868	0.0	0	0.0	1365.431934974913	1	0	tensor(3)	1.8685428087261235
282650.0523826453	2000.0	715.3795523302215	0.0	0	0.0	1365.4319349748548	1	0	tensor(3)	1.8685428087261258
283874.5350851496	2000.0	490.89684982594804	0.0	0	0.0	1365.431934974913	1	0	tensor(3)	1.8685428087261235
284873.59046794707	2000.0	491.841467028515	0.0	0	0.0	1365.431934974913	1	0	tensor(3)	1.8685428087261235
286018.23619738093	2000.0	412.0753942753118	64.87965668065169	0	0.0	1430.3115916555398	1	0	tensor(3)	1.4767127999298597
287186.4495696555	2000.0	366.8623342316237	123.0003122308973	0	0.0	1553.3119038864388	1	0	tensor(3)	1.1226821875549997
288073.14101581275	2000.0	508.6112662963348	28.440378222038305	0	0.0	1581.752282108413	1	0	tensor(3)	1.6887212557394438
288908.94607761194	2000.0	672.806204497153	0.0	0	0.0	1581.7522821083548	1	0	tensor(3)	1.8593635250716765
289768.4772955406	2000.0	813.2749865684984	0.0	0	0.0	1581.7522821083548	1	0	tensor(3)	1.8593635250716765
290631.8992995994	2000.0	949.8529825097311	0.0	0	0.0	1581.7522821083548	1	0	tensor(3)	1.8593635250716765
291425.5523100066	2000.0	1156.1999721025225	0.0	0	0.0	1581.7522821083548	1	0	tensor(3)	1.8593635250716765
292200.0	3000.0	1381.7522821091313	0.0	0	114.77468780678464	1581.7522821083548	1	0	tensor(3)	1.8593635250716765
293200.0	3000.0	1381.752282109132	0.0	0	61.66756477614399	1581.752282108413	1	0	tensor(3)	2.2648286331798384
294200.0	3000.0	1381.7522821091113	0.0	0	290.6055400230107	1581.752282108413	1	0	tensor(3)	2.2648286331798384
295386.43535462994	3000.0	1195.316927479139	0.0	0	0.0	1581.7522821084713	1	0	tensor(3)	2.2648286331798375
296608.3311074311	2000.0	973.4211746780124	0.0	0	0.0	1581.7522821084713	1	0	tensor(3)	1.4538984169635063
297216.0103519292	2000.0	1365.741930179854	0.0	0	0.0	1581.7522821084713	1	0	tensor(3)	1.859363525071671
298200.0	3000.0	1381.7522821090172	0.0	0	74.13171466282802	1581.7522821085295	1	0	tensor(3)	1.8593635250716682
299200.0	3000.0	1381.7522821090097	0.0	0	160.0042111822986	1581.7522821085295	1	0	tensor(3)	2.2648286331798326
300399.680346531	3000.0	1182.0719355780304	0.0	0	0.0	1581.752282108413	1	0	tensor(3)	2.2648286331798366
301273.3923487378	3000.0	1308.3599333711686	0.0	0	0.0	1581.752282108413	1	0	tensor(3)	2.2648286331798384
302200.0	3000.0	1381.7522821089517	0.0	0	187.86009718384594	1581.7522821084713	1	0	tensor(3)	2.2648286331798357
303426.1998989938	3000.0	1155.552383115184	0.0	0	0.0	1581.7522821084713	1	0	tensor(3)	2.2648286331798357
304417.1393837476	3000.0	1164.612898361391	0.0	0	0.0	1581.7522821084713	1	0	tensor(3)	2.2648286331798357
2.81	3.76	2.59	2.63	2.98	3.5	4.02	2.91	3.53	1.31	1.53	1.98	1.93	2.17	2.37	1.62	3.13	2.7	2.18	2.11	2.53	2.7	1.66	2.13	2.32	2.98	1.78	2.53	2.11	2.66	2.37	1.61	2.07	1.53	2.63	2.33	2.26	2.4	3.04	3.38	4.12	4.0	1.74	1.26	1.83	1.98	1.92	2.19	1.74	2.15	2.4	2.07	1.44	2.17	1.93	3.02	2.97	3.05	1.87	2.75	4.05	5.31	3.24	3.44	2.39	2.18	2.97	2.77	2.79	2.35	2.77	3.03	3.49	2.9	2.24	1.56	2.48	2.13	3.13	3.02	3.14	2.07	2.43	2.41	2.36	3.23	2.1	1.51	2.48	3.15	1.95	1.69	1.42	1.83	2.54	1.54	1.78	1.8	1.96	2.07	2.47	1.16	2.63	3.37	2.68	3.51	2.49	1.51	2.58	1.82	1.61	2.21	2.84	2.53	2.09	1.34	1.7	2.21	3.15	2.39	1.98	1.88	2.13	1.7	1.85	2.2	2.11	2.26	2.41	2.41	1.76	1.98	2.15	1.7	2.22	2.65	1.97	2.93	4.26	2.7	3.34	2.03	1.77	2.75	3.87	3.13	2.65	2.61	3.86	2.1	2.81	3.76	2.59	2.63	2.98	3.5	4.02	2.91	3.53	1.31	1.53	1.98	1.93	2.17	2.37	1.62	3.13	2.7	2.18	2.11	2.53	2.7	1.66	2.13	2.32	2.98	1.78	2.53	2.11	2.66	2.37	1.61	2.07	1.53	2.63	2.33	2.26	2.4	3.04	3.38	4.12	4.0	1.74	1.26	1.83	1.98	1.92	2.19	1.74	2.15	2.4	2.07	1.44	2.17	1.93	3.02	2.97	3.05	1.87	2.75	4.05	5.31	3.24	3.44	2.39	2.18	2.97	2.77	2.79	2.35	2.77	3.03	3.49	2.9	2.24	1.56	2.48	2.13	3.13	3.02	3.14	2.07	2.43	2.41	2.36	3.23	2.1	1.51	2.48	3.15	1.95	1.69	1.42	1.83	2.54	1.54	1.78	1.8	1.96	2.07	2.47	1.16	2.63	3.37	2.68	3.51	2.49	1.51	2.58	1.82	1.61	2.21	2.84	2.53	2.09	1.34	1.7	2.21	3.15	2.39	1.98	1.88	2.13	1.7	1.85	2.2	2.11	2.26	2.41	2.41	1.76	1.98	2.15	1.7	2.22	2.65	1.97	2.93	4.26	2.7	3.34	2.03	1.77	2.75	3.87	3.13	2.65	2.61	3.86	2.1	2.81	3.76	2.59	2.63
1.0	2.0	3.0	4.0	5.0	6.0	7.0	8.0	9.0	10.0	11.0	12.0	13.0	14.0	15.0	16.0	17.0	18.0	19.0	20.0	21.0	22.0	23.0	24.0	25.0	26.0	27.0	28.0	29.0	30.0	31.0	32.0	33.0	34.0	35.0	36.0	37.0	38.0	39.0	40.0	41.0	42.0	43.0	44.0	45.0	46.0	47.0	48.0	49.0	50.0	51.0	52.0	53.0	54.0	55.0	56.0	57.0	58.0	59.0	60.0	61.0	62.0	63.0	64.0	65.0	66.0	67.0	68.0	69.0	70.0	71.0	72.0	73.0	74.0	75.0	76.0	77.0	78.0	79.0	80.0	81.0	82.0	83.0	84.0	85.0	86.0	87.0	88.0	89.0	90.0	91.0	92.0	93.0	94.0	95.0	96.0	97.0	98.0	99.0	100.0	101.0	102.0	103.0	104.0	105.0	106.0	107.0	108.0	109.0	110.0	111.0	112.0	113.0	114.0	115.0	116.0	117.0	118.0	119.0	120.0	121.0	122.0	123.0	124.0	125.0	126.0	127.0	128.0	129.0	130.0	131.0	132.0	133.0	134.0	135.0	136.0	137.0	138.0	139.0	140.0	141.0	142.0	143.0	144.0	145.0	146.0	147.0	148.0	149.0	149.0	150.0	151.0	152.0	153.0	154.0	155.0	156.0	157.0	158.0	159.0	160.0	161.0	162.0	163.0	164.0	165.0	166.0	167.0	168.0	169.0	170.0	171.0	172.0	173.0	174.0	175.0	176.0	177.0	178.0	179.0	180.0	181.0	182.0	183.0	184.0	185.0	186.0	187.0	188.0	189.0	190.0	191.0	192.0	193.0	194.0	195.0	196.0	197.0	198.0	199.0	200.0	201.0	202.0	203.0	204.0	205.0	206.0	207.0	208.0	209.0	210.0	211.0	212.0	213.0	214.0	215.0	216.0	217.0	218.0	219.0	220.0	221.0	222.0	223.0	224.0	225.0	226.0	227.0	228.0	229.0	230.0	231.0	232.0	233.0	234.0	235.0	236.0	237.0	238.0	239.0	240.0	241.0	242.0	243.0	244.0	245.0	246.0	247.0	248.0	249.0	250.0	251.0	252.0	253.0	254.0	255.0	256.0	257.0	258.0	259.0	260.0	261.0	262.0	263.0	264.0	265.0	266.0	267.0	268.0	269.0	270.0	271.0	272.0	273.0	274.0	275.0	276.0	277.0	278.0	279.0	280.0	281.0	282.0	283.0	284.0	285.0	286.0	287.0	288.0	289.0	290.0	291.0	292.0	293.0	294.0	295.0	296.0	297.0	298.0	298.0	299.0	300.0	301.0	302.0
4142.600352925368
