5797.143270241658	300.0	2000.0	123.07570981597698	0	0.0	3797.143270241658	1	0	tensor(6)	-7.118022538202561
6972.586589579619	3000.0	1824.5566806620402	0.0	0	0.0	3797.1432702416587	1	0	tensor(3)	-0.3880864954138641
7674.098466255071	3000.0	2123.044803986587	0.0	0	0.0	3797.143270241658	1	0	tensor(3)	1.9144985975801818
8289.061852632283	3000.0	2508.081417609375	0.0	0	0.0	3797.143270241658	1	0	tensor(3)	1.914498597580182
9769.23811713996	3000.0	2027.9051531017017	0.0	0	0.0	3797.1432702416605	1	0	tensor(3)	1.914498597580181
11268.088506070724	3000.0	1529.0547641709345	0.0	0	0.0	3797.1432702416587	1	0	tensor(3)	1.914498597580181
12412.057949562863	3000.0	1385.0853206787976	0.0	0	0.0	3797.143270241657	1	0	tensor(3)	1.914498597580182
13200.0	3000.0	1597.1432702416585	0.0	0	169.26216208323603	1797.1432702416569	1	0	tensor(6)	-3.746454444015241
14200.0	3000.0	1597.1432702416582	0.0	0	435.84400117936457	1797.1432702416569	1	0	tensor(3)	2.2535455559847577
15200.0	3000.0	1597.1432702416553	0.0	0	186.56758481996076	1797.1432702416569	1	0	tensor(3)	2.2535455559847577
16200.0	3000.0	1597.1432702416553	0.0	0	514.0540215740912	1797.1432702416569	1	0	tensor(3)	2.2535455559847577
17200.0	3000.0	1597.1432702416607	0.0	0	584.1993717044206	1797.1432702416641	1	0	tensor(3)	2.2535455559847573
18946.769358116762	6000.0	850.373912124898	0.0	0	0.0	1797.1432702416641	1	0	tensor(3)	2.2535455559847573
19550.630098696063	3000.0	1246.5131715455966	0.0	0	0.0	1797.1432702416641	1	0	tensor(3)	1.5603983754248123
20200.0	3000.0	1597.1432702416628	0.0	0	37.51923657118459	1797.1432702416641	1	0	tensor(3)	2.2535455559847573
21200.0	3000.0	1597.1432702416628	0.0	0	187.80964181217132	1797.1432702416641	1	0	tensor(3)	2.2535455559847573
22200.0	3000.0	1597.1432702416632	0.0	0	14.40574348348673	1797.1432702416641	1	0	tensor(3)	2.2535455559847573
23673.766759245667	3000.0	1123.376510996	0.0	0	0.0	1797.1432702416641	1	0	tensor(3)	2.2535455559847573
24453.794248743226	3000.0	1343.3490214984458	0.0	0	0.0	1797.1432702416641	1	0	tensor(3)	2.2535455559847573
25233.122475322227	3000.0	1564.0207949194455	0.0	0	0.0	1797.1432702416678	1	0	tensor(3)	2.253545555984757
26200.0	3000.0	1597.1432702416746	0.0	0	475.650741698264	1797.1432702416678	1	0	tensor(3)	2.253545555984757
27200.0	3000.0	1597.143270241675	0.0	0	373.03939100798016	1797.1432702416678	1	0	tensor(3)	2.253545555984757
28200.0	3000.0	1597.1432702416755	0.0	0	132.79495417414364	1797.1432702416678	1	0	tensor(3)	2.253545555984757
29200.0	3000.0	1597.1432702416741	0.0	0	98.08569484912732	1797.1432702416678	1	0	tensor(3)	2.253545555984757
30358.82080877191	3000.0	1438.3224614697635	0.0	0	0.0	1797.1432702416678	1	0	tensor(3)	2.253545555984757
31386.438617890573	3000.0	1410.7046523511003	0.0	0	0.0	1797.1432702416678	1	0	tensor(3)	2.253545555984757
32234.91204397755	2000.0	1562.2312262641203	0.0	0	0.0	1797.1432702416678	1	0	tensor(3)	1.4426153397684276
33348.86786432113	3000.0	1448.275405920533	0.0	0	0.0	1797.1432702416678	1	0	tensor(3)	1.8480804478765924
34200.0	3000.0	1597.143270241672	0.0	0	57.72382767868112	1797.1432702416823	1	0	tensor(3)	2.2535455559847564
35247.12737716061	3000.0	1550.0158930810646	0.0	0	0.0	1797.1432702416787	1	0	tensor(3)	2.253545555984756
36459.358317952974	3000.0	1337.784952288694	0.0	0	0.0	1797.1432702416714	1	0	tensor(3)	2.253545555984757
37368.7544743025	3000.0	1428.3887959391707	0.0	0	0.0	1797.1432702416714	1	0	tensor(3)	2.253545555984757
38426.79884176491	3000.0	1370.3444284767588	0.0	0	0.0	1797.1432702416714	1	0	tensor(3)	2.253545555984757
39249.26979371884	3000.0	1547.8734765228269	0.0	0	0.0	1797.1432702416714	1	0	tensor(3)	2.253545555984757
40200.0	3000.0	1597.1432702416637	0.0	0	166.0726797120151	1797.1432702416714	1	0	tensor(3)	2.253545555984757
41257.492030561254	3000.0	1539.651239680412	0.0	0	0.0	1797.1432702416714	1	0	tensor(3)	2.253545555984757
42243.28889232769	3000.0	1553.854377913979	0.0	0	0.0	1797.1432702416714	1	0	tensor(3)	2.253545555984757
43638.9855573094	3000.0	1158.1577129322654	0.0	0	0.0	1797.1432702416787	1	0	tensor(3)	2.253545555984756
44711.83489920987	3000.0	1085.3083710317987	0.0	0	0.0	1797.1432702416787	1	0	tensor(3)	2.253545555984756
45434.81790069672	3000.0	1362.3253695449384	0.0	0	0.0	1797.1432702416787	1	0	tensor(3)	2.253545555984756
46411.45398226722	3000.0	1385.689287974439	0.0	0	0.0	1797.1432702416787	1	0	tensor(3)	2.253545555984756
48181.83661969473	3000.0	615.3066505469433	0.0	0	0.0	1797.1432702416787	1	0	tensor(3)	2.253545555984756
48839.1960911064	2000.0	957.9471791352692	0.0	0	0.0	1797.1432702416787	1	0	tensor(3)	1.4426153397684267
49938.32783125906	3000.0	858.8154389826093	0.0	0	0.0	1797.1432702416787	1	0	tensor(3)	1.8480804478765915
50576.774100656774	3000.0	1220.3691695848888	0.0	0	0.0	1797.1432702416787	1	0	tensor(3)	2.253545555984756
51601.678024391054	3000.0	1195.4652458506	0.0	0	0.0	1797.1432702416787	1	0	tensor(3)	2.253545555984756
53308.5547263462	3000.0	488.58854389545854	0.0	0	0.0	1797.143270241686	1	0	tensor(3)	2.253545555984756
54111.33620917841	2000.0	685.8070610632454	0.0	0	0.0	1797.143270241686	1	0	tensor(3)	1.4426153397684265
55366.09831997231	3000.0	431.04495026934467	0.0	0	0.0	1797.143270241686	1	0	tensor(3)	1.8480804478765913
55935.79447714766	2000.0	861.3487930939942	0.0	0	0.0	1797.143270241686	1	0	tensor(3)	1.4426153397684265
57096.49732634974	3000.0	700.6459438919173	0.0	0	0.0	1797.143270241686	1	0	tensor(3)	1.8480804478765913
57937.667490768246	3000.0	859.4757794734139	0.0	0	0.0	1797.143270241686	1	0	tensor(3)	2.253545555984756
58630.62612098169	2000.0	1166.5171492599757	0.0	0	0.0	1797.143270241686	1	0	tensor(3)	1.4426153397684265
59457.50253212063	3000.0	1339.6407381210386	0.0	0	0.0	1797.143270241686	1	0	tensor(3)	1.8480804478765913
60210.961267692604	3000.0	1586.1820025490613	0.0	0	0.0	1797.143270241686	1	0	tensor(3)	2.253545555984756
61200.0	3000.0	1597.1432702416605	0.0	0	235.01512020349764	1797.143270241686	1	0	tensor(3)	2.253545555984756
62200.0	3000.0	1597.1432702416628	0.0	0	137.16835224339593	1797.143270241686	1	0	tensor(3)	2.253545555984756
63200.0	3000.0	1597.1432702416564	0.0	0	16.378508483961923	1797.143270241686	1	0	tensor(3)	2.253545555984756
64858.72411484585	3000.0	938.4191553958105	0.0	0	0.0	1797.143270241686	1	0	tensor(3)	2.253545555984756
65863.77674470945	2000.0	933.3665255322045	0.0	0	0.0	1797.1432702416787	1	0	tensor(3)	1.4426153397684267
66473.07639144041	2000.0	1324.0668788012415	0.0	0	0.0	1797.1432702416714	1	0	tensor(3)	1.8480804478765915
67336.48870608087	3000.0	1460.6545641607884	0.0	0	0.0	1797.1432702416787	1	0	tensor(3)	1.8480804478765915
68200.0	3000.0	1597.14327024166	0.0	0	111.71748138710973	1797.1432702416641	1	0	tensor(3)	2.2535455559847573
69200.0	3000.0	1597.1432702416537	0.0	0	107.46715944058087	1797.1432702416496	1	0	tensor(3)	2.2535455559847577
70958.39120555144	3000.0	838.7520646902104	0.0	0	0.0	1797.1432702416787	1	0	tensor(3)	2.253545555984757
71881.32777249647	2000.0	915.8154977451817	0.0	0	0.0	1797.1432702416787	1	0	tensor(3)	1.4426153397684267
72392.93345555224	2000.0	1404.2098146893982	0.0	0	0.0	1797.1432702416787	1	0	tensor(3)	1.8480804478765913
73922.20934419749	3000.0	874.9339260441438	0.0	0	0.0	1797.1432702416787	1	0	tensor(3)	1.8480804478765915
75020.95170763724	3000.0	776.1915626043864	0.0	0	0.0	1797.1432702416787	1	0	tensor(3)	2.253545555984756
75859.5060801325	3000.0	937.6371901091322	0.0	0	0.0	1797.1432702416787	1	0	tensor(3)	2.253545555984756
76619.4236898381	2000.0	1177.7195804035268	0.0	0	0.0	1797.1432702416787	1	0	tensor(3)	1.4426153397684267
78286.84407686659	3000.0	510.29919337504737	0.0	0	0.0	1797.1432702416787	1	0	tensor(3)	1.8480804478765915
79026.32086727089	2000.0	770.8224029707474	0.0	0	0.0	1797.1432702416787	1	0	tensor(3)	1.4426153397684267
79626.66250304224	2000.0	1170.4807671993904	0.0	0	0.0	1797.1432702416932	1	0	tensor(3)	1.8480804478765904
80200.0	3000.0	1597.1432702416428	0.0	0	11.94824582131696	1797.1432702416932	1	0	tensor(3)	1.8480804478765906
81200.0	3000.0	1597.1432702416391	0.0	0	333.0693780057627	1797.1432702416932	1	0	tensor(3)	2.2535455559847555
82200.0	3000.0	1597.143270241614	0.0	0	376.78188687840884	1797.1432702416932	1	0	tensor(3)	2.2535455559847555
83200.0	3000.0	1597.1432702416246	0.0	0	168.16763999719115	1797.1432702416932	1	0	tensor(3)	2.2535455559847555
84200.0	3000.0	1597.1432702416319	0.0	0	276.08597687738074	1797.1432702416932	1	0	tensor(3)	2.2535455559847555
85200.0	3000.0	1597.1432702416364	0.0	0	226.41334790679684	1797.1432702416932	1	0	tensor(3)	2.2535455559847555
86200.0	3000.0	1597.143270241629	0.0	0	236.18435259566468	1797.1432702416932	1	0	tensor(3)	2.2535455559847555
87200.0	3000.0	1597.1432702416296	0.0	0	34.47879282168287	1797.1432702417078	1	0	tensor(3)	2.2535455559847546
88200.0	3000.0	1597.1432702416448	0.0	0	106.12163516560395	1797.1432702417078	1	0	tensor(3)	2.253545555984755
89200.0	3000.0	1597.1432702416396	0.0	0	267.07768961554393	1797.1432702416932	1	0	tensor(3)	2.2535455559847555
90590.93081073102	3000.0	1206.2124595106243	0.0	0	0.0	1797.1432702416932	1	0	tensor(3)	2.2535455559847555
91838.46150981581	3000.0	958.6817604258296	0.0	0	0.0	1797.1432702416932	1	0	tensor(3)	2.2535455559847555
92592.78642500087	3000.0	1204.3568452407621	0.0	0	0.0	1797.1432702416932	1	0	tensor(3)	2.2535455559847555
93496.63606408577	3000.0	1300.5072061558715	0.0	0	0.0	1797.1432702417078	1	0	tensor(3)	2.2535455559847546
94465.87369848508	3000.0	1331.2695717565705	0.0	0	0.0	1797.1432702417078	1	0	tensor(3)	2.2535455559847546
95294.68097034928	3000.0	1502.4622998923683	0.0	0	0.0	1797.1432702417078	1	0	tensor(3)	2.2535455559847546
96328.53540378112	3000.0	1468.6078664605166	0.0	0	0.0	1797.1432702417223	1	0	tensor(3)	2.2535455559847537
97212.60600814367	3000.0	1584.5372620979874	0.0	0	0.0	1797.143270241737	1	0	tensor(3)	2.253545555984753
98284.44836423993	3000.0	1512.6949060017325	0.0	0	0.0	1797.1432702417515	1	0	tensor(3)	2.253545555984752
99200.0	3000.0	1597.143270241661	0.0	0	187.32501301908633	1797.1432702417515	1	0	tensor(3)	2.253545555984752
100399.37249595081	3000.0	1397.7707742908476	0.0	0	0.0	1797.1432702417515	1	0	tensor(3)	2.253545555984752
101284.3549524883	3000.0	1512.7883177533552	0.0	0	0.0	1797.1432702417515	1	0	tensor(3)	2.253545555984752
102200.0	3000.0	1597.1432702416612	0.0	0	347.6915757066745	1797.1432702417515	1	0	tensor(3)	2.253545555984752
103200.0	3000.0	1597.1432702416587	0.0	0	182.39621767922654	1797.1432702417515	1	0	tensor(3)	2.253545555984752
104200.0	3000.0	1597.1432702416544	0.0	0	438.3269737798837	1797.1432702417515	1	0	tensor(3)	2.253545555984752
105200.0	6000.0	1597.1432702416478	0.0	0	255.86691501867608	1797.1432702417515	1	0	tensor(3)	2.2535455559847524
106678.06901257459	6000.0	1119.0742576670577	0.0	0	0.0	1797.1432702417515	1	0	tensor(3)	2.946692736544697
107444.48486787903	3000.0	1352.6584023626228	0.0	0	0.0	1797.143270241766	1	0	tensor(3)	1.560398375424806
108200.0	3000.0	1597.1432702416366	0.0	0	106.95223300893849	1797.143270241766	1	0	tensor(3)	2.253545555984751
109200.0	3000.0	1597.1432702416428	0.0	0	36.807786477860645	1797.143270241766	1	0	tensor(3)	2.253545555984751
110200.0	3000.0	1597.1432702416505	0.0	0	55.97699276274943	1797.143270241766	1	0	tensor(3)	2.253545555984751
111200.0	3000.0	1597.1432702416462	0.0	0	435.0122649719706	1797.143270241766	1	0	tensor(3)	2.253545555984751
112538.10215912558	3000.0	1259.0411111160631	0.0	0	0.0	1797.1432702417515	1	0	tensor(3)	2.253545555984752
113615.16253430597	3000.0	1181.980735935663	0.0	0	0.0	1797.1432702417515	1	0	tensor(3)	2.253545555984752
114298.99575742516	3000.0	1498.1475128164714	0.0	0	0.0	1797.1432702417515	1	0	tensor(3)	2.253545555984752
115200.0	3000.0	1597.143270241647	0.0	0	168.07099391895463	1797.1432702417515	1	0	tensor(3)	2.253545555984752
116200.0	3000.0	1597.1432702416275	0.0	0	165.4500192260748	1797.1432702417515	1	0	tensor(3)	2.253545555984752
117200.0	3000.0	1597.1432702416396	0.0	0	370.5431627777871	1797.1432702417515	1	0	tensor(3)	2.253545555984752
118200.0	3000.0	1597.1432702416466	0.0	0	291.0034974794107	1797.143270241766	1	0	tensor(3)	2.253545555984751
119717.45379274503	3000.0	1079.689477496615	0.0	0	0.0	1797.143270241766	1	0	tensor(3)	2.253545555984751
120783.43025107554	3000.0	1013.7130191661056	0.0	0	0.0	1797.143270241766	1	0	tensor(3)	2.253545555984751
121995.25043371835	3000.0	801.8928365232912	0.0	0	0.0	1797.143270241766	1	0	tensor(3)	2.253545555984751
123134.53547803471	3000.0	662.6077922069287	0.0	0	0.0	1797.143270241766	1	0	tensor(3)	2.253545555984751
123886.40765527968	3000.0	910.7356149619534	0.0	0	0.0	1797.143270241766	1	0	tensor(3)	2.253545555984751
124825.65156496264	3000.0	971.4917052789955	0.0	0	0.0	1797.1432702417806	1	0	tensor(3)	2.25354555598475
126622.05041915417	3000.0	200.0	24.907148912538403	0	0.0	1822.050419154315	1	0	tensor(3)	2.1038099082398363
127305.92006087104	2000.0	628.7403226649974	112.60996438186834	0	0.0	1934.6603835361893	1	0	tensor(3)	0.7584145488219998
128276.40395363233	2000.0	658.256429903716	0.0	0	0.0	1934.6603835361893	1	0	tensor(3)	1.8395394432213743
129552.31711882359	2000.0	382.34326471245936	0.0	0	0.0	1934.6603835361893	1	0	tensor(3)	1.8395394432213743
130470.91954493197	2000.0	553.0421453100105	89.30130670593888	0	0.0	2023.9616902421258	1	0	tensor(3)	1.297545185756455
131391.37487372378	2000.0	632.5868165182094	0.0	0	0.0	2023.9616902421258	1	0	tensor(3)	1.8333530259920894
132784.69555999685	2000.0	252.1732811779941	12.9071509328204	0	0.0	2036.8688411749754	1	0	tensor(3)	1.7549710953824607
133559.76821486323	1000.0	573.7902371891504	96.68961087754644	0	0.0	2133.5584520524717	1	0	tensor(3)	-0.1414356704077936
134316.53826160752	1000.0	817.0201904448741	0.0	0	0.0	2133.5584520524717	1	0	tensor(3)	1.1318491754174322
134850.82424122904	1000.0	1282.7342108233422	0.0	0	0.0	2133.5584520524717	1	0	tensor(3)	1.1318491754174322
136051.68423809102	2000.0	1081.8742139613241	0.0	0	0.0	2133.5584520524135	1	0	tensor(3)	1.1318491754174365
136787.20374986454	2000.0	1346.3547021878062	0.0	0	0.0	2133.5584520524426	1	0	tensor(3)	1.8249963559773799
137414.2971411953	2000.0	1719.2613108570488	0.0	0	0.0	2133.5584520524135	1	0	tensor(3)	1.824996355977382
138721.37723360298	3000.0	1412.1812184493785	0.0	0	0.0	2133.5584520524135	1	0	tensor(3)	1.8249963559773823
139395.01143910916	3000.0	1738.5470129432006	0.0	0	0.0	2133.5584520524135	1	0	tensor(3)	2.230461464085547
140200.0	3000.0	1933.5584520523507	0.0	0	228.45777580465074	2133.5584520524135	1	0	tensor(3)	2.230461464085547
141200.0	3000.0	1933.5584520523144	0.0	0	433.49869199778186	2133.5584520524135	1	0	tensor(3)	2.230461464085547
142245.32457589597	3000.0	1888.2338761563487	0.0	0	0.0	2133.5584520524135	1	0	tensor(3)	2.230461464085547
143276.8492775532	3000.0	1856.7091744991303	0.0	0	0.0	2133.5584520523844	1	0	tensor(3)	2.230461464085549
144461.90583966125	3000.0	1671.652612391064	0.0	0	0.0	2133.5584520523844	1	0	tensor(3)	2.230461464085549
145247.30329135293	3000.0	1886.2551606993493	0.0	0	0.0	2133.5584520523844	1	0	tensor(3)	2.230461464085549
146200.0	3000.0	1933.5584520522727	0.0	0	125.26107675107778	2133.5584520523844	1	0	tensor(3)	2.230461464085549
147200.0	3000.0	1933.5584520522943	0.0	0	207.86835223055095	2133.5584520523844	1	0	tensor(3)	2.230461464085549
148200.0	3000.0	1933.5584520523178	0.0	0	84.27706109295832	2133.5584520523844	1	0	tensor(3)	2.230461464085549
149362.50579864843	3000.0	1771.0526534038788	0.0	0	0.0	2133.5584520523844	1	0	tensor(3)	2.230461464085549
150723.10930207212	3000.0	1410.4491499802245	0.0	0	0.0	2133.5584520523844	1	0	tensor(3)	2.230461464085549
151855.56052794267	3000.0	1277.9979241096903	0.0	0	0.0	2133.5584520523844	1	0	tensor(3)	2.230461464085549
152774.01566847644	3000.0	1359.54278357595	0.0	0	0.0	2133.5584520523844	1	0	tensor(3)	2.230461464085549
153746.90986458535	2000.0	1386.6485874670507	0.0	0	0.0	2133.5584520523844	1	0	tensor(3)	1.4195312478692197
154642.49578716076	3000.0	1491.0626648916361	0.0	0	0.0	2133.5584520523844	1	0	tensor(3)	1.8249963559773845
155779.72422270104	3000.0	1353.8342293513383	0.0	0	0.0	2133.5584520523844	1	0	tensor(3)	2.230461464085549
156626.8667931082	3000.0	1506.6916589441876	0.0	0	0.0	2133.5584520524135	1	0	tensor(3)	2.2304614640855487
157309.87116397588	3000.0	1823.68728807652	0.0	0	0.0	2133.5584520524135	1	0	tensor(3)	2.230461464085547
158200.0	3000.0	1933.5584520523619	0.0	0	108.82385970308678	2133.5584520524135	1	0	tensor(3)	2.230461464085547
159889.08176644804	3000.0	1244.4766856043357	0.0	0	0.0	2133.5584520524426	1	0	tensor(3)	2.2304614640855456
160706.60169040624	2000.0	1426.9567616461763	0.0	0	0.0	2133.5584520524426	1	0	tensor(3)	1.4195312478692153
161323.61259391406	2000.0	1809.945858138327	0.0	0	0.0	2133.5584520524426	1	0	tensor(3)	1.8249963559773799
162200.0	3000.0	1933.5584520523669	0.0	0	131.33449948765337	2133.5584520524135	1	0	tensor(3)	1.8249963559773823
163200.0	3000.0	1933.5584520523644	0.0	0	381.4158641944232	2133.5584520524135	1	0	tensor(3)	2.2304614640855474
164200.0	3000.0	1933.5584520523516	0.0	0	408.0145405213698	2133.5584520524135	1	0	tensor(3)	2.230461464085547
165200.0	3000.0	1933.5584520523662	0.0	0	507.67439967303653	2133.5584520524135	1	0	tensor(3)	2.230461464085547
166200.0	3000.0	1933.5584520523294	0.0	0	368.99562697915826	2133.5584520523844	1	0	tensor(3)	2.230461464085549
168303.1007938798	6000.0	830.4576581725287	0.0	0	0.0	2133.5584520523844	1	0	tensor(3)	2.23046146408555
168892.80558844755	3000.0	1240.7528636047386	0.0	0	0.0	2133.5584520523844	1	0	tensor(3)	1.5373142835256042
169552.98984705313	3000.0	1580.5686049991589	0.0	0	0.0	2133.5584520523844	1	0	tensor(3)	2.230461464085549
170411.6057321569	3000.0	1721.9527198954106	0.0	0	0.0	2133.5584520523844	1	0	tensor(3)	2.230461464085549
171749.9166215988	3000.0	1383.6418304535246	0.0	0	0.0	2133.5584520523844	1	0	tensor(3)	2.230461464085549
172808.5932775049	3000.0	1324.9651745474307	0.0	0	0.0	2133.5584520523844	1	0	tensor(3)	2.230461464085549
173695.52543866273	3000.0	1438.033013389635	0.0	0	0.0	2133.5584520524135	1	0	tensor(3)	2.2304614640855482
174343.58722663976	3000.0	1789.9712254125916	0.0	0	0.0	2133.5584520524135	1	0	tensor(3)	2.230461464085547
175200.0	3000.0	1933.558452052358	0.0	0	387.16921578286565	2133.5584520524135	1	0	tensor(3)	2.230461464085547
176200.0	3000.0	1933.5584520523569	0.0	0	299.15003127985983	2133.5584520523844	1	0	tensor(3)	2.230461464085549
178025.84360574026	6000.0	1107.714846312109	0.0	0	0.0	2133.5584520524135	1	0	tensor(3)	2.230461464085547
178902.95025987166	3000.0	1230.6081921807202	0.0	0	0.0	2133.5584520524135	1	0	tensor(3)	1.537314283525602
179994.341520382	3000.0	1139.2169316703698	0.0	0	0.0	2133.5584520523844	1	0	tensor(3)	2.230461464085549
181001.68292389513	3000.0	1131.8755281572362	0.0	0	0.0	2133.5584520523844	1	0	tensor(3)	2.230461464085549
181800.25995955002	2000.0	1333.2984925023611	0.0	0	0.0	2133.5584520523844	1	0	tensor(3)	1.4195312478692197
182465.4738686213	3000.0	1668.0845834310767	0.0	0	0.0	2133.5584520523844	1	0	tensor(3)	1.8249963559773845
183220.46637585046	3000.0	1913.0920762019207	0.0	0	0.0	2133.5584520523553	1	0	tensor(3)	2.230461464085552
184200.0	3000.0	1933.5584520523523	0.0	0	196.7213552086032	2133.5584520523553	1	0	tensor(3)	2.230461464085552
185405.97511715212	3000.0	1727.5833349002698	0.0	0	0.0	2133.5584520523844	1	0	tensor(3)	2.230461464085549
186649.12337460587	3000.0	1484.4350774465242	0.0	0	0.0	2133.5584520523844	1	0	tensor(3)	2.230461464085549
187377.72271763973	3000.0	1755.8357344126757	0.0	0	0.0	2133.5584520523844	1	0	tensor(3)	2.230461464085549
188387.4664073893	3000.0	1746.0920446630992	0.0	0	0.0	2133.5584520523553	1	0	tensor(3)	2.230461464085552
189268.99361946987	3000.0	1864.5648325825284	0.0	0	0.0	2133.5584520523553	1	0	tensor(3)	2.230461464085552
190200.0	3000.0	1933.5584520524046	0.0	0	71.95666807435919	2133.5584520523553	1	0	tensor(3)	2.230461464085552
191560.68550761405	3000.0	1572.8729444383657	0.0	0	0.0	2133.558452052326	1	0	tensor(3)	2.230461464085554
192658.35769060807	3000.0	1475.2007614443426	0.0	0	0.0	2133.558452052297	1	0	tensor(3)	2.230461464085555
193875.46285093046	3000.0	1258.0956011219723	0.0	0	0.0	2133.558452052297	1	0	tensor(3)	2.2304614640855562
195252.00470358683	3000.0	881.5537484656018	0.0	0	0.0	2133.558452052268	1	0	tensor(3)	2.230461464085558
196352.75175443038	2000.0	780.8066976220292	0.0	0	0.0	2133.558452052268	1	0	tensor(3)	1.4195312478692292
197019.0302411961	2000.0	1114.5282108563076	0.0	0	0.0	2133.558452052268	1	0	tensor(3)	1.8249963559773938
197920.82296222475	2000.0	1212.7354898276717	0.0	0	0.0	2133.558452052268	1	0	tensor(3)	1.8249963559773938
198851.34753945557	3000.0	1282.210912596829	0.0	0	0.0	2133.558452052239	1	0	tensor(3)	1.8249963559773956
199374.83891730785	3000.0	1758.719534744553	0.0	0	0.0	2133.558452052239	1	0	tensor(3)	2.2304614640855607
200493.6477503793	3000.0	1639.9107016730754	0.0	0	0.0	2133.558452052239	1	0	tensor(3)	2.2304614640855607
201944.86034523786	3000.0	1188.6981068145599	0.0	0	0.0	2133.558452052239	1	0	tensor(3)	2.2304614640855607
203013.2549077391	3000.0	1120.3035443133363	0.0	0	0.0	2133.558452052239	1	0	tensor(3)	2.2304614640855607
203730.26048879806	3000.0	1403.2979632543588	0.0	0	0.0	2133.558452052268	1	0	tensor(3)	2.23046146408556
204496.42073993245	2000.0	1637.1377121199735	0.0	0	0.0	2133.558452052268	1	0	tensor(3)	1.4195312478692292
205283.80531467765	3000.0	1849.7531373747274	0.0	0	0.0	2133.558452052239	1	0	tensor(3)	1.824996355977396
206337.46096533508	3000.0	1796.097486717288	0.0	0	0.0	2133.558452052268	1	0	tensor(3)	2.2304614640855585
207549.04817563988	3000.0	1584.5102764124758	0.0	0	0.0	2133.558452052268	1	0	tensor(3)	2.2304614640855585
208743.63701774628	3000.0	1389.921434306073	0.0	0	0.0	2133.558452052268	1	0	tensor(3)	2.2304614640855585
209544.11877987883	3000.0	1589.4396721735254	0.0	0	0.0	2133.558452052297	1	0	tensor(3)	2.2304614640855562
210362.8496426207	3000.0	1770.7088094316214	0.0	0	0.0	2133.558452052326	1	0	tensor(3)	2.230461464085554
211444.67515978785	3000.0	1688.8832922644872	0.0	0	0.0	2133.558452052297	1	0	tensor(3)	2.2304614640855562
212838.95088098425	3000.0	1294.6075710680577	0.0	0	0.0	2133.558452052268	1	0	tensor(3)	2.2304614640855585
214552.1481881416	3000.0	581.410263910672	0.0	0	0.0	2133.558452052268	1	0	tensor(3)	2.2304614640855585
215382.46557703687	2000.0	751.0928750154474	0.0	0	0.0	2133.558452052297	1	0	tensor(3)	1.419531247869227
215860.9870058612	2000.0	1272.5714461910916	0.0	0	0.0	2133.558452052297	1	0	tensor(3)	1.8249963559773916
216577.03023770452	3000.0	1556.5282143478144	0.0	0	0.0	2133.558452052326	1	0	tensor(3)	1.8249963559773912
217477.74996150017	3000.0	1655.8084905521382	0.0	0	0.0	2133.558452052326	1	0	tensor(3)	2.230461464085554
218200.0	3000.0	1933.5584520522834	0.0	0	36.71291787357768	2133.558452052297	1	0	tensor(3)	2.2304614640855562
219816.6152952304	3000.0	1316.9431568218397	0.0	0	0.0	2133.558452052297	1	0	tensor(3)	2.2304614640855562
220867.40877259875	3000.0	1266.1496794534783	0.0	0	0.0	2133.558452052297	1	0	tensor(3)	2.2304614640855562
221861.23916208767	3000.0	1272.3192899645646	0.0	0	0.0	2133.558452052326	1	0	tensor(3)	2.2304614640855553
222787.14070328066	2000.0	1346.4177487715333	0.0	0	0.0	2133.558452052297	1	0	tensor(3)	1.4195312478692261
223775.84410721052	3000.0	1357.7143448416602	0.0	0	0.0	2133.558452052297	1	0	tensor(3)	1.8249963559773916
224325.53464008812	3000.0	1808.0238119640521	0.0	0	0.0	2133.558452052268	1	0	tensor(3)	2.2304614640855585
225781.54389831776	3000.0	1352.014553734435	0.0	0	0.0	2133.558452052297	1	0	tensor(3)	2.2304614640855576
226783.43496626223	3000.0	1350.1234857899535	0.0	0	0.0	2133.558452052297	1	0	tensor(3)	2.2304614640855562
228008.0178977191	3000.0	1125.5405543330928	0.0	0	0.0	2133.558452052297	1	0	tensor(3)	2.2304614640855562
228888.2033831496	3000.0	1245.355068902603	0.0	0	0.0	2133.558452052297	1	0	tensor(3)	2.2304614640855562
229421.84098391153	3000.0	1711.7174681406846	0.0	0	0.0	2133.558452052297	1	0	tensor(3)	2.2304614640855562
230200.0	3000.0	1933.5584520522175	0.0	0	351.30777293787105	2133.558452052297	1	0	tensor(3)	2.2304614640855562
231200.0	3000.0	1933.5584520522186	0.0	0	293.94146127300337	2133.558452052297	1	0	tensor(3)	2.2304614640855562
233228.34585891967	6000.0	905.2125931325692	0.0	0	0.0	2133.558452052297	1	0	tensor(3)	2.2304614640855562
233800.1150583729	3000.0	1333.443393679329	0.0	0	0.0	2133.558452052297	1	0	tensor(3)	1.5373142835256113
234622.74049617027	3000.0	1510.8179558819772	0.0	0	0.0	2133.558452052326	1	0	tensor(3)	2.230461464085556
235434.4518800066	3000.0	1699.1065720456568	0.0	0	0.0	2133.558452052326	1	0	tensor(3)	2.230461464085554
236200.0	3000.0	1933.5584520522812	0.0	0	172.8277756187017	2133.558452052297	1	0	tensor(3)	2.2304614640855562
237200.0	3000.0	1933.5584520523003	0.0	0	321.3763238849933	2133.558452052326	1	0	tensor(3)	2.230461464085554
238372.62092413424	3000.0	1760.9375279180108	0.0	0	0.0	2133.558452052297	1	0	tensor(3)	2.2304614640855562
239350.12661423266	3000.0	1783.431837819582	0.0	0	0.0	2133.558452052297	1	0	tensor(3)	2.2304614640855562
240515.65436845055	3000.0	1617.9040836016868	0.0	0	0.0	2133.558452052326	1	0	tensor(3)	2.230461464085554
241200.0	3000.0	1933.5584520521927	0.0	0	19.344523455481976	2133.558452052326	1	0	tensor(3)	2.230461464085554
242250.71499641633	3000.0	1882.8434556358773	0.0	0	0.0	2133.558452052326	1	0	tensor(3)	2.230461464085554
243307.18190539096	3000.0	1826.3765466612333	0.0	0	0.0	2133.558452052326	1	0	tensor(3)	2.230461464085554
244200.0	3000.0	1933.5584520521852	0.0	0	262.3308050178166	2133.5584520523553	1	0	tensor(3)	2.230461464085552
245562.79386607904	3000.0	1570.764585973122	0.0	0	0.0	2133.5584520523553	1	0	tensor(3)	2.230461464085552
246688.24206509496	3000.0	1445.3163869572193	0.0	0	0.0	2133.5584520523553	1	0	tensor(3)	2.230461464085552
247605.86510298002	3000.0	1527.6933490721399	0.0	0	0.0	2133.558452052326	1	0	tensor(3)	2.230461464085554
248721.47305347648	3000.0	1412.0853985757092	0.0	0	0.0	2133.5584520523553	1	0	tensor(3)	2.230461464085552
249870.0081434951	3000.0	1263.550308557104	0.0	0	0.0	2133.5584520523844	1	0	tensor(3)	2.230461464085549
250699.17043564757	3000.0	1434.388016404635	0.0	0	0.0	2133.5584520523844	1	0	tensor(3)	2.230461464085549
251350.2028615633	3000.0	1783.355590488898	0.0	0	0.0	2133.5584520523844	1	0	tensor(3)	2.230461464085549
252200.0	3000.0	1933.5584520522066	0.0	0	291.4501015934802	2133.5584520523844	1	0	tensor(3)	2.230461464085549
253200.0	3000.0	1933.5584520522125	0.0	0	594.5522399008914	2133.5584520523844	1	0	tensor(3)	2.230461464085549
254375.67613131608	6000.0	1757.8823207361543	0.0	0	0.0	2133.5584520523844	1	0	tensor(3)	2.230461464085549
255677.27145565065	6000.0	1456.286996401604	0.0	0	0.0	2133.5584520524135	1	0	tensor(3)	2.9236086446454936
256959.746480948	6000.0	1173.8119711042382	0.0	0	0.0	2133.5584520524135	1	0	tensor(3)	2.923608644645492
257549.48540670623	3000.0	1584.0730453460108	0.0	0	0.0	2133.5584520524135	1	0	tensor(3)	1.537314283525602
258331.32563819885	3000.0	1802.2328138534251	0.0	0	0.0	2133.5584520524135	1	0	tensor(3)	2.230461464085547
259200.0	3000.0	1933.5584520522589	0.0	0	259.6269112782902	2133.5584520524135	1	0	tensor(3)	2.230461464085547
260200.0	3000.0	1933.558452052256	0.0	0	42.096501562482445	2133.5584520524135	1	0	tensor(3)	2.230461464085547
261462.5466148387	3000.0	1671.0118372135528	0.0	0	0.0	2133.5584520524135	1	0	tensor(3)	2.230461464085547
262299.5541393153	3000.0	1834.0043127369163	0.0	0	0.0	2133.5584520524135	1	0	tensor(3)	2.230461464085545
263278.56974852976	3000.0	1854.988703522476	0.0	0	0.0	2133.5584520524426	1	0	tensor(3)	2.2304614640855465
264569.55747984844	3000.0	1564.0009722037837	0.0	0	0.0	2133.5584520524135	1	0	tensor(3)	2.230461464085545
265588.93716042355	3000.0	1544.6212916286222	0.0	0	0.0	2133.5584520523553	1	0	tensor(3)	2.230461464085548
266446.7002478427	3000.0	1686.85820420948	0.0	0	0.0	2133.558452052297	1	0	tensor(3)	2.2304614640855562
267336.5645297003	3000.0	1796.9939223518215	0.0	0	0.0	2133.558452052239	1	0	tensor(3)	2.2304614640855607
268579.52960939443	3000.0	1554.0288426576706	0.0	0	0.0	2133.558452052239	1	0	tensor(3)	2.2304614640855607
269632.111318204	3000.0	1501.4471338480694	0.0	0	0.0	2133.558452052239	1	0	tensor(3)	2.2304614640855607
270665.73072961153	3000.0	1467.8277224405267	0.0	0	0.0	2133.5584520521807	1	0	tensor(3)	2.230461464085563
271355.39079534047	3000.0	1778.167656711599	0.0	0	0.0	2133.5584520521807	1	0	tensor(3)	2.2304614640855656
272569.3433650111	3000.0	1564.215087041012	0.0	0	0.0	2133.558452052297	1	0	tensor(3)	2.23046146408556
273200.0	3000.0	1933.558452052017	0.0	0	43.08150446671061	2133.558452052297	1	0	tensor(3)	2.2304614640855562
274408.37659480004	3000.0	1725.1818572519644	0.0	0	0.0	2133.558452052297	1	0	tensor(3)	2.2304614640855562
275962.5903050475	3000.0	1170.9681470045139	0.0	0	0.0	2133.558452052297	1	0	tensor(3)	2.230461464085558
276980.1102152537	3000.0	1153.4482367983574	0.0	0	0.0	2133.558452052297	1	0	tensor(3)	2.2304614640855562
277770.7413488504	2000.0	1362.817103201687	0.0	0	0.0	2133.558452052297	1	0	tensor(3)	1.419531247869227
278890.8108526381	2000.0	1242.747599414045	0.0	0	0.0	2133.558452052297	1	0	tensor(3)	1.8249963559773916
280016.11887975765	2000.0	1117.4395722944928	0.0	0	0.0	2133.558452052297	1	0	tensor(3)	1.8249963559773916
281444.65427726414	2000.0	688.9041747880204	0.0	0	0.0	2133.558452052297	1	0	tensor(3)	1.8249963559773916
282970.0220236371	2000.0	200.0	36.4635715848994	0	0.0	2170.022023637197	1	0	tensor(3)	1.6056187261848294
283576.2069891574	1000.0	696.4669864296366	102.65195194998819	0	0.0	2272.673975587182	1	0	tensor(3)	-0.18916331825846566
284774.75506696774	2000.0	497.91890861935394	0.0	0	0.0	2272.673975587182	1	0	tensor(3)	1.1198955740014085
285689.0124048	2000.0	583.6615707870945	0.0	0	0.0	2272.673975587182	1	0	tensor(3)	1.8130427545613537
286236.469318608	2000.0	1036.2046569791019	0.0	0	0.0	2272.673975587182	1	0	tensor(3)	1.8130427545613537
287707.3255343624	3000.0	565.3484412246987	0.0	0	0.0	2272.673975587182	1	0	tensor(3)	1.8130427545613539
288374.6730264627	2000.0	898.0009491244107	0.0	0	0.0	2272.673975587182	1	0	tensor(3)	1.407577646453189
289290.5687601686	3000.0	982.105215418482	0.0	0	0.0	2272.673975587124	1	0	tensor(3)	1.813042754561359
290090.4719608842	3000.0	1182.202014702867	0.0	0	0.0	2272.673975587066	1	0	tensor(3)	2.2185078626695294
291198.51552347594	3000.0	1074.158452111133	0.0	0	0.0	2272.6739755870076	1	0	tensor(3)	2.2185078626695347
292010.9611484752	3000.0	1261.7128271119095	0.0	0	0.0	2272.673975587066	1	0	tensor(3)	2.2185078626695294
292704.93851344043	3000.0	1567.7354621466661	0.0	0	0.0	2272.673975587066	1	0	tensor(3)	2.2185078626695294
293734.58637926436	3000.0	1538.0875963227209	0.0	0	0.0	2272.673975587124	1	0	tensor(3)	2.2185078626695236
294816.8254634558	3000.0	1455.848512131235	0.0	0	0.0	2272.673975587124	1	0	tensor(3)	2.2185078626695236
295648.39416542335	3000.0	1624.2798101636645	0.0	0	0.0	2272.673975587066	1	0	tensor(3)	2.2185078626695263
296461.4012384538	3000.0	1811.2727371332871	0.0	0	0.0	2272.673975587066	1	0	tensor(3)	2.2185078626695294
297567.2305004085	3000.0	1705.443475178608	0.0	0	0.0	2272.673975587066	1	0	tensor(3)	2.2185078626695294
298512.9513741588	3000.0	1759.722601428385	0.0	0	0.0	2272.6739755870076	1	0	tensor(3)	2.2185078626695347
299507.4706576905	3000.0	1765.2033178966858	0.0	0	0.0	2272.6739755870076	1	0	tensor(3)	2.2185078626695347
300787.59115917975	3000.0	1485.0828164073864	0.0	0	0.0	2272.6739755869494	1	0	tensor(3)	2.21850786266954
301530.58773180534	3000.0	1742.0862437818098	0.0	0	0.0	2272.6739755870076	1	0	tensor(3)	2.2185078626695347
302659.0410961281	3000.0	1613.632879459049	0.0	0	0.0	2272.673975587066	1	0	tensor(3)	2.2185078626695334
303707.04917946196	3000.0	1565.6247961252043	0.0	0	0.0	2272.673975587066	1	0	tensor(3)	2.2185078626695325
304549.12749780994	3000.0	1723.546477777193	0.0	0	0.0	2272.6739755870076	1	0	tensor(3)	2.2185078626695303
2.97	3.96	4.54	2.27	1.41	2.22	2.68	3.93	4.48	5.26	5.55	6.0	2.93	3.72	4.15	3.2	2.81	2.4	3.68	4.97	5.83	4.26	4.63	2.66	2.65	2.31	2.58	3.86	3.67	2.83	3.02	3.06	3.96	3.32	3.12	3.28	2.87	2.31	2.97	3.22	2.56	1.59	2.56	3.31	4.27	2.34	1.88	2.68	3.44	2.63	3.15	3.59	2.69	2.94	4.11	4.01	3.14	2.27	2.33	2.2	2.8	4.05	4.12	3.31	1.45	2.58	3.01	2.06	3.13	4.17	2.36	2.15	2.5	3.38	4.63	5.88	5.4	3.44	4.17	4.99	3.6	4.33	3.71	3.34	2.66	3.19	3.65	2.9	4.15	4.82	2.49	3.09	3.74	3.93	2.13	3.3	4.51	5.78	6.75	7.23	3.42	4.04	4.33	4.12	4.46	3.75	2.37	3.58	3.74	2.97	3.89	3.83	3.36	2.4	2.62	2.61	3.28	3.39	4.56	2.63	1.92	3.08	2.2	1.89	2.56	1.81	1.69	1.62	1.27	2.06	2.28	3.04	2.33	3.7	4.67	4.65	3.16	3.34	3.38	3.1	2.84	3.2	3.46	2.41	2.27	2.25	3.48	2.63	3.2	4.16	2.97	3.96	4.54	2.27	1.41	2.22	2.68	3.93	4.48	5.26	5.55	6.0	2.93	3.72	4.15	3.2	2.81	2.4	3.68	4.97	5.83	4.26	4.63	2.66	2.65	2.31	2.58	3.86	3.67	2.83	3.02	3.06	3.96	3.32	3.12	3.28	2.87	2.31	2.97	3.22	2.56	1.59	2.56	3.31	4.27	2.34	1.88	2.68	3.44	2.63	3.15	3.59	2.69	2.94	4.11	4.01	3.14	2.27	2.33	2.2	2.8	4.05	4.12	3.31	1.45	2.58	3.01	2.06	3.13	4.17	2.36	2.15	2.5	3.38	4.63	5.88	5.4	3.44	4.17	4.99	3.6	4.33	3.71	3.34	2.66	3.19	3.65	2.9	4.15	4.82	2.49	3.09	3.74	3.93	2.13	3.3	4.51	5.78	6.75	7.23	3.42	4.04	4.33	4.12	4.46	3.75	2.37	3.58	3.74	2.97	3.89	3.83	3.36	2.4	2.62	2.61	3.28	3.39	4.56	2.63	1.92	3.08	2.2	1.89	2.56	1.81	1.69	1.62	1.27	2.06	2.28	3.04	2.33	3.7	4.67	4.65	3.16	3.34	3.38	3.1	2.84	3.2	3.46	2.41	2.27	2.25	3.48	2.63	3.2	4.16	2.97	3.96	4.54
1.0	2.0	3.0	4.0	5.0	6.0	7.0	8.0	9.0	10.0	11.0	12.0	13.0	14.0	15.0	16.0	17.0	18.0	19.0	20.0	21.0	22.0	23.0	24.0	25.0	26.0	27.0	28.0	29.0	30.0	31.0	32.0	33.0	34.0	35.0	36.0	37.0	38.0	39.0	40.0	41.0	42.0	43.0	44.0	45.0	46.0	47.0	48.0	49.0	50.0	51.0	52.0	53.0	54.0	55.0	56.0	57.0	58.0	59.0	60.0	61.0	62.0	63.0	64.0	65.0	66.0	67.0	68.0	69.0	70.0	71.0	72.0	73.0	74.0	75.0	76.0	77.0	78.0	79.0	80.0	81.0	82.0	83.0	84.0	85.0	86.0	87.0	88.0	89.0	90.0	91.0	92.0	93.0	94.0	95.0	96.0	97.0	98.0	99.0	100.0	101.0	102.0	103.0	104.0	105.0	106.0	107.0	108.0	109.0	110.0	111.0	112.0	113.0	114.0	115.0	116.0	117.0	118.0	119.0	120.0	121.0	122.0	123.0	124.0	125.0	126.0	127.0	128.0	129.0	130.0	131.0	132.0	133.0	134.0	135.0	136.0	137.0	138.0	139.0	140.0	141.0	142.0	143.0	144.0	145.0	146.0	147.0	148.0	149.0	149.0	150.0	151.0	152.0	153.0	154.0	155.0	156.0	157.0	158.0	159.0	160.0	161.0	162.0	163.0	164.0	165.0	166.0	167.0	168.0	169.0	170.0	171.0	172.0	173.0	174.0	175.0	176.0	177.0	178.0	179.0	180.0	181.0	182.0	183.0	184.0	185.0	186.0	187.0	188.0	189.0	190.0	191.0	192.0	193.0	194.0	195.0	196.0	197.0	198.0	199.0	200.0	201.0	202.0	203.0	204.0	205.0	206.0	207.0	208.0	209.0	210.0	211.0	212.0	213.0	214.0	215.0	216.0	217.0	218.0	219.0	220.0	221.0	222.0	223.0	224.0	225.0	226.0	227.0	228.0	229.0	230.0	231.0	232.0	233.0	234.0	235.0	236.0	237.0	238.0	239.0	240.0	241.0	242.0	243.0	244.0	245.0	246.0	247.0	248.0	249.0	250.0	251.0	252.0	253.0	254.0	255.0	256.0	257.0	258.0	259.0	260.0	261.0	262.0	263.0	264.0	265.0	266.0	267.0	268.0	269.0	270.0	271.0	272.0	273.0	274.0	275.0	276.0	277.0	278.0	279.0	280.0	281.0	282.0	283.0	284.0	285.0	286.0	287.0	288.0	289.0	290.0	291.0	292.0	293.0	294.0	295.0	296.0	297.0	298.0	298.0	299.0	300.0	301.0
5534.933814407654
