4581.479289196465	300.0	2000.0	111.59911497141641	0	0.0	2581.4792891964653	1	0	tensor(6)	-6.783941765957443
5766.8360139876795	3000.0	1814.6432752087853	0.0	0	0.0	2581.479289196465	1	0	tensor(3)	-0.11699604271422442
7330.021904700283	3000.0	1251.4573844961828	0.0	0	0.0	2581.4792891964653	1	0	tensor(3)	2.1855890502798214
8122.423082317937	2000.0	1459.056206878528	0.0	0	0.0	2581.479289196466	1	0	tensor(3)	1.374658834063492
8875.694942622558	2000.0	1705.7843465739063	0.0	0	0.0	2581.479289196467	1	0	tensor(3)	1.7801239421716564
9953.171315872924	3000.0	1628.307973323541	0.0	0	0.0	2581.479289196466	1	0	tensor(3)	1.7801239421716568
10611.549329001195	3000.0	1969.9299601952694	0.0	0	0.0	2581.479289196466	1	0	tensor(3)	2.1855890502798214
11532.945294384734	3000.0	2048.5339948117307	0.0	0	0.0	2581.479289196468	1	0	tensor(3)	2.1855890502798214
13313.968824576803	3000.0	1267.5104646196626	0.0	0	0.0	2581.479289196468	1	0	tensor(3)	2.185589050279821
14575.951824990641	3000.0	1005.5274642058247	0.0	0	0.0	2581.479289196468	1	0	tensor(3)	2.185589050279821
15386.179961176418	3000.0	1195.2993280200474	0.0	0	0.0	2581.479289196468	1	0	tensor(3)	2.185589050279821
16448.61757628952	3000.0	1132.861712906947	0.0	0	0.0	2581.479289196468	1	0	tensor(3)	2.185589050279821
17410.88662704909	3000.0	1170.592662147375	0.0	0	0.0	2581.479289196468	1	0	tensor(3)	2.185589050279821
18551.561250017978	3000.0	1029.9180391784876	0.0	0	0.0	2581.479289196466	1	0	tensor(3)	2.1855890502798214
19601.833159473612	3000.0	979.6461297228501	0.0	0	0.0	2581.4792891964644	1	0	tensor(3)	2.185589050279822
20256.880516366473	3000.0	1324.5987728299879	0.0	0	0.0	2581.4792891964644	1	0	tensor(3)	2.185589050279822
21175.993424197215	3000.0	1405.4858649992468	0.0	0	0.0	2581.479289196468	1	0	tensor(3)	2.185589050279821
22493.98163083843	3000.0	1087.4976583580321	0.0	0	0.0	2581.479289196468	1	0	tensor(3)	2.185589050279821
23221.53333178502	3000.0	1359.9459574114458	0.0	0	0.0	2581.479289196468	1	0	tensor(3)	2.185589050279821
23927.62396504958	3000.0	1653.8553241468828	0.0	0	0.0	2581.479289196468	1	0	tensor(3)	2.185589050279821
24664.232028169063	3000.0	1917.2472610274021	0.0	0	0.0	2581.479289196468	1	0	tensor(3)	2.185589050279821
25200.0	3000.0	2381.479289196463	0.0	0	113.23273563929615	2581.479289196468	1	0	tensor(3)	2.185589050279821
26599.21893290937	6000.0	1982.2603562870945	0.0	0	0.0	2581.4792891964717	1	0	tensor(3)	2.1855890502798205
27784.498245538834	3000.0	1796.9810436576267	0.0	0	0.0	2581.4792891964717	1	0	tensor(3)	1.492441869719876
29231.230910142323	3000.0	1350.248379054141	0.0	0	0.0	2581.4792891964717	1	0	tensor(3)	2.185589050279821
30039.526030528552	3000.0	1541.9532586679113	0.0	0	0.0	2581.4792891964717	1	0	tensor(3)	2.185589050279821
30940.70326627144	3000.0	1640.7760229250234	0.0	0	0.0	2581.4792891964717	1	0	tensor(3)	2.185589050279821
31506.481305886977	3000.0	2074.9979833094876	0.0	0	0.0	2581.4792891964753	1	0	tensor(3)	2.1855890502798205
32821.792764602615	3000.0	1759.6865245938477	0.0	0	0.0	2581.479289196479	1	0	tensor(3)	2.18558905027982
33753.98628357548	3000.0	1827.4930056209769	0.0	0	0.0	2581.4792891964753	1	0	tensor(3)	2.1855890502798205
34579.10184377336	3000.0	2002.3774454230972	0.0	0	0.0	2581.4792891964717	1	0	tensor(3)	2.1855890502798205
35314.75473294632	3000.0	2266.7245562501394	0.0	0	0.0	2581.4792891964753	1	0	tensor(3)	2.1855890502798205
36200.0	3000.0	2381.4792891964603	0.0	0	37.596428729142644	2581.4792891964753	1	0	tensor(3)	2.1855890502798205
37979.22342755157	3000.0	1602.2558616448937	0.0	0	0.0	2581.479289196468	1	0	tensor(3)	2.185589050279821
39411.153901813996	3000.0	1170.3253873824733	0.0	0	0.0	2581.479289196468	1	0	tensor(3)	2.185589050279821
40215.981685312225	2000.0	1365.4976038842362	0.0	0	0.0	2581.4792891964607	1	0	tensor(3)	1.3746588340634927
40807.52549400474	2000.0	1773.9537951917298	0.0	0	0.0	2581.479289196468	1	0	tensor(3)	1.7801239421716564
41490.679074863816	3000.0	2090.8002143326594	0.0	0	0.0	2581.479289196468	1	0	tensor(3)	1.7801239421716566
42524.46623223733	3000.0	2057.013056959138	0.0	0	0.0	2581.4792891964607	1	0	tensor(3)	2.185589050279822
43786.80687112805	3000.0	1794.6724180684125	0.0	0	0.0	2581.4792891964607	1	0	tensor(3)	2.185589050279822
44462.05906276135	3000.0	2119.420226435106	0.0	0	0.0	2581.4792891964607	1	0	tensor(3)	2.185589050279822
45326.407385971856	3000.0	2255.071903224598	0.0	0	0.0	2581.4792891964535	1	0	tensor(3)	2.185589050279823
46239.006947225644	3000.0	2342.4723419708107	0.0	0	0.0	2581.4792891964535	1	0	tensor(3)	2.185589050279823
47394.45572219038	3000.0	2187.0235670060765	0.0	0	0.0	2581.4792891964535	1	0	tensor(3)	2.185589050279823
48365.69539408234	3000.0	2215.7838951141157	0.0	0	0.0	2581.4792891964535	1	0	tensor(3)	2.185589050279823
49200.0	3000.0	2381.4792891964503	0.0	0	78.86889859429357	2581.4792891964535	1	0	tensor(3)	2.185589050279823
50992.83207608516	3000.0	1588.647213111297	0.0	0	0.0	2581.4792891964535	1	0	tensor(3)	2.185589050279823
52101.38193694407	3000.0	1480.0973522523877	0.0	0	0.0	2581.4792891964535	1	0	tensor(3)	2.185589050279823
52746.162823314495	3000.0	1835.316465881968	0.0	0	0.0	2581.4792891964535	1	0	tensor(3)	2.185589050279823
53702.214157377515	3000.0	1879.2651318189487	0.0	0	0.0	2581.4792891964535	1	0	tensor(3)	2.185589050279823
54785.84974162406	3000.0	1795.6295475724107	0.0	0	0.0	2581.4792891964535	1	0	tensor(3)	2.185589050279823
55804.2010266124	3000.0	1777.2782625840694	0.0	0	0.0	2581.4792891964535	1	0	tensor(3)	2.185589050279823
56780.47107340262	3000.0	1801.008215793847	0.0	0	0.0	2581.4792891964535	1	0	tensor(3)	2.185589050279823
57851.46037069081	3000.0	1730.0189185056624	0.0	0	0.0	2581.4792891964535	1	0	tensor(3)	2.185589050279823
59116.49793691483	3000.0	1464.981352281644	0.0	0	0.0	2581.479289196446	1	0	tensor(3)	2.185589050279824
60260.098818678416	3000.0	1321.380470518051	0.0	0	0.0	2581.479289196446	1	0	tensor(3)	2.185589050279824
61236.486653952015	3000.0	1344.9926352444522	0.0	0	0.0	2581.479289196446	1	0	tensor(3)	2.185589050279824
62279.067533627094	2000.0	1302.4117555693688	0.0	0	0.0	2581.479289196446	1	0	tensor(3)	1.3746588340634944
62895.42314136846	2000.0	1686.056147828007	0.0	0	0.0	2581.479289196446	1	0	tensor(3)	1.780123942171659
63787.37241687653	3000.0	1794.106872319934	0.0	0	0.0	2581.479289196446	1	0	tensor(3)	1.7801239421716593
64728.02446804891	3000.0	1853.45482114756	0.0	0	0.0	2581.4792891964535	1	0	tensor(3)	2.185589050279823
65366.17065209387	3000.0	2215.3086371026047	0.0	0	0.0	2581.4792891964535	1	0	tensor(3)	2.185589050279823
66200.0	3000.0	2381.4792891964607	0.0	0	85.82094852042792	2581.479289196439	1	0	tensor(3)	2.1855890502798245
67200.0	3000.0	2381.479289196449	0.0	0	374.9754554299434	2581.4792891964244	1	0	tensor(3)	2.185589050279826
68403.51580900315	3000.0	2177.96348019329	0.0	0	0.0	2581.4792891964025	1	0	tensor(3)	2.1855890502798276
69992.89686271243	3000.0	1588.5824264840303	0.0	0	0.0	2581.479289196417	1	0	tensor(3)	2.1855890502798276
71208.11780333455	3000.0	1373.3614858618987	0.0	0	0.0	2581.479289196417	1	0	tensor(3)	2.1855890502798276
71989.74957825069	3000.0	1591.7297109457636	0.0	0	0.0	2581.479289196417	1	0	tensor(3)	2.1855890502798276
72728.4657809119	3000.0	1853.0135082845447	0.0	0	0.0	2581.4792891964025	1	0	tensor(3)	2.1855890502798294
73529.1500962723	3000.0	2052.3291929241477	0.0	0	0.0	2581.4792891964025	1	0	tensor(3)	2.1855890502798294
74484.36993537279	3000.0	2097.109353823652	0.0	0	0.0	2581.4792891964025	1	0	tensor(3)	2.1855890502798294
75518.84642479093	3000.0	2062.632864405495	0.0	0	0.0	2581.4792891964025	1	0	tensor(3)	2.1855890502798294
76933.77031266873	3000.0	1647.7089765277042	0.0	0	0.0	2581.4792891964025	1	0	tensor(3)	2.1855890502798294
78136.17319241956	3000.0	1445.3060967768697	0.0	0	0.0	2581.4792891964025	1	0	tensor(3)	2.1855890502798294
79526.97985742493	3000.0	1054.4994317714998	0.0	0	0.0	2581.4792891964025	1	0	tensor(3)	2.1855890502798294
80639.71079825239	2000.0	941.7684909440288	0.0	0	0.0	2581.4792891964025	1	0	tensor(3)	1.3746588340634998
81584.72842673908	3000.0	996.7508624573306	0.0	0	0.0	2581.4792891964025	1	0	tensor(3)	1.7801239421716646
82821.13239925574	3000.0	760.3468899406644	0.0	0	0.0	2581.479289196388	1	0	tensor(3)	2.185589050279831
83377.96963558185	2000.0	1203.5096536145504	0.0	0	0.0	2581.4792891963734	1	0	tensor(3)	1.3746588340635033
84746.43239196438	3000.0	835.0468972320114	0.0	0	0.0	2581.4792891963734	1	0	tensor(3)	1.7801239421716681
85350.73295565984	2000.0	1230.7463335365471	0.0	0	0.0	2581.4792891963734	1	0	tensor(3)	1.3746588340635033
86371.63646304027	3000.0	1209.8428261561253	0.0	0	0.0	2581.4792891963734	1	0	tensor(3)	1.7801239421716681
86933.15228861065	3000.0	1648.3270005857446	0.0	0	0.0	2581.479289196388	1	0	tensor(3)	2.185589050279831
87502.69863599904	3000.0	2078.780653197355	0.0	0	0.0	2581.479289196388	1	0	tensor(3)	2.185589050279831
88200.0	3000.0	2381.4792891963857	0.0	0	76.76084903549054	2581.479289196388	1	0	tensor(3)	2.185589050279831
89200.0	3000.0	2381.479289196394	0.0	0	557.1397141749621	2581.479289196388	1	0	tensor(3)	2.185589050279831
90530.89264868559	6000.0	2050.5866405108136	0.0	0	0.0	2581.479289196388	1	0	tensor(3)	2.1855890502798307
91339.89366841043	3000.0	2241.5856207859697	0.0	0	0.0	2581.479289196388	1	0	tensor(3)	1.4924418697198862
92265.79660771857	3000.0	2315.6826814778256	0.0	0	0.0	2581.479289196388	1	0	tensor(3)	2.185589050279831
93200.0	3000.0	2381.4792891964003	0.0	0	118.19157588969392	2581.479289196388	1	0	tensor(3)	2.185589050279831
94200.0	3000.0	2381.4792891964103	0.0	0	227.33186163636856	2581.479289196388	1	0	tensor(3)	2.185589050279831
95304.2666295083	3000.0	2277.212659688109	0.0	0	0.0	2581.479289196388	1	0	tensor(3)	2.185589050279831
96200.0	3000.0	2381.4792891964025	0.0	0	120.93546415759192	2581.479289196388	1	0	tensor(3)	2.185589050279831
97200.0	3000.0	2381.4792891964007	0.0	0	234.88398164448154	2581.479289196388	1	0	tensor(3)	2.185589050279831
98200.0	3000.0	2381.479289196393	0.0	0	100.77108022170432	2581.479289196388	1	0	tensor(3)	2.185589050279831
99200.0	3000.0	2381.479289196397	0.0	0	186.67640048032627	2581.479289196388	1	0	tensor(3)	2.185589050279831
100285.85457992354	3000.0	2295.624709272852	0.0	0	0.0	2581.4792891963734	1	0	tensor(3)	2.185589050279833
101278.98416306621	3000.0	2302.495126130191	0.0	0	0.0	2581.4792891963734	1	0	tensor(3)	2.185589050279833
102464.47946998956	3000.0	2116.999819206837	0.0	0	0.0	2581.479289196388	1	0	tensor(3)	2.185589050279831
103790.12406958562	3000.0	1791.35521961076	0.0	0	0.0	2581.479289196388	1	0	tensor(3)	2.185589050279831
104868.0669635304	2000.0	1713.4123256659761	0.0	0	0.0	2581.479289196388	1	0	tensor(3)	1.3746588340635018
105559.64825289887	2000.0	2021.8310362974962	0.0	0	0.0	2581.479289196388	1	0	tensor(3)	1.7801239421716664
106433.61106741345	3000.0	2147.86822178292	0.0	0	0.0	2581.479289196388	1	0	tensor(3)	1.7801239421716666
107733.77954390147	3000.0	1847.699745294905	0.0	0	0.0	2581.479289196388	1	0	tensor(3)	2.185589050279831
108771.51597384099	3000.0	1809.96331535538	0.0	0	0.0	2581.4792891963734	1	0	tensor(3)	2.185589050279833
109805.07952552858	3000.0	1776.39976366781	0.0	0	0.0	2581.4792891963734	1	0	tensor(3)	2.185589050279833
110385.71827485261	3000.0	2195.7610143437605	0.0	0	0.0	2581.4792891963734	1	0	tensor(3)	2.185589050279833
111259.00567874155	3000.0	2322.4736104548333	0.0	0	0.0	2581.4792891963734	1	0	tensor(3)	2.185589050279833
112200.0	3000.0	2381.479289196388	0.0	0	39.46655034137075	2581.479289196359	1	0	tensor(3)	2.1855890502798347
113589.28670893332	3000.0	1992.1925802630772	0.0	0	0.0	2581.479289196359	1	0	tensor(3)	2.1855890502798347
115153.65541529897	3000.0	1427.8238738974212	0.0	0	0.0	2581.479289196359	1	0	tensor(3)	2.1855890502798347
116506.32947068091	3000.0	1075.1498185154735	0.0	0	0.0	2581.479289196359	1	0	tensor(3)	2.1855890502798347
117745.32542678677	2000.0	836.1538624096152	0.0	0	0.0	2581.479289196359	1	0	tensor(3)	1.3746588340635053
118359.6206345338	2000.0	1221.8586546625788	0.0	0	0.0	2581.479289196359	1	0	tensor(3)	1.78012394217167
118900.709509136	2000.0	1680.7697800603714	0.0	0	0.0	2581.479289196359	1	0	tensor(3)	1.78012394217167
119500.83992228544	3000.0	2080.639366910931	0.0	0	0.0	2581.479289196359	1	0	tensor(3)	1.7801239421716701
120200.0	3000.0	2381.47928919637	0.0	0	198.60004930103605	2581.4792891963734	1	0	tensor(3)	2.185589050279833
121340.39474995059	3000.0	2241.084539245785	0.0	0	0.0	2581.4792891963734	1	0	tensor(3)	2.185589050279833
122200.0	3000.0	2381.47928919638	0.0	0	23.239410232301452	2581.479289196388	1	0	tensor(3)	2.185589050279831
123200.0	3000.0	2381.47928919638	0.0	0	214.4580583729403	2581.479289196388	1	0	tensor(3)	2.185589050279831
124200.0	3000.0	2381.479289196386	0.0	0	484.9961737112899	2581.4792891964025	1	0	tensor(3)	2.1855890502798294
126508.21718847757	6000.0	1073.2621007187975	0.0	0	0.0	2581.479289196388	1	0	tensor(3)	2.1855890502798307
127317.99757907957	3000.0	1263.4817101168078	0.0	0	0.0	2581.479289196388	1	0	tensor(3)	1.4924418697198862
128231.51304490762	3000.0	1349.9662442887557	0.0	0	0.0	2581.479289196388	1	0	tensor(3)	2.185589050279831
129167.3345869098	3000.0	1414.1447022865764	0.0	0	0.0	2581.479289196388	1	0	tensor(3)	2.185589050279831
130358.72294059157	3000.0	1222.7563486047868	0.0	0	0.0	2581.4792891963734	1	0	tensor(3)	2.185589050279833
131507.39834507796	3000.0	1074.0809441183724	0.0	0	0.0	2581.47928919633	1	0	tensor(3)	2.1855890502798347
132350.23407502298	3000.0	1231.245214173374	0.0	0	0.0	2581.479289196359	1	0	tensor(3)	2.1855890502798356
133196.53688037433	3000.0	1384.9424088220132	0.0	0	0.0	2581.479289196359	1	0	tensor(3)	2.185589050279836
134787.8856778348	3000.0	793.5936113615751	0.0	0	0.0	2581.4792891963443	1	0	tensor(3)	2.1855890502798365
135315.15679401392	2000.0	1266.3224951824657	0.0	0	0.0	2581.4792891963443	1	0	tensor(3)	1.374658834063507
136347.70890474337	3000.0	1233.7703844530097	0.0	0	0.0	2581.4792891963443	1	0	tensor(3)	1.780123942171672
137174.38471899903	3000.0	1407.0945701973017	0.0	0	0.0	2581.479289196315	1	0	tensor(3)	2.18558905027984
137888.25236580538	3000.0	1693.2269233909697	0.0	0	0.0	2581.4792891963443	1	0	tensor(3)	2.1855890502798365
138768.44355999914	3000.0	1813.0357291972302	0.0	0	0.0	2581.4792891963734	1	0	tensor(3)	2.185589050279833
140149.96189732378	3000.0	1431.5173918726002	0.0	0	0.0	2581.4792891964025	1	0	tensor(3)	2.1855890502798294
141147.70759754637	3000.0	1433.771691649998	0.0	0	0.0	2581.4792891963734	1	0	tensor(3)	2.185589050279833
142717.54476545876	3000.0	863.9345237375754	0.0	0	0.0	2581.4792891963734	1	0	tensor(3)	2.185589050279833
143626.80761579314	2000.0	954.671673403203	0.0	0	0.0	2581.4792891964025	1	0	tensor(3)	1.3746588340634998
144828.22403382618	3000.0	753.2552553701393	0.0	0	0.0	2581.4792891964025	1	0	tensor(3)	1.7801239421716646
145609.49952675996	2000.0	971.9797624363464	0.0	0	0.0	2581.4792891964025	1	0	tensor(3)	1.3746588340634998
146179.276470345	2000.0	1402.2028188513048	0.0	0	0.0	2581.4792891964025	1	0	tensor(3)	1.7801239421716644
146837.6959002505	3000.0	1743.7833889458411	0.0	0	0.0	2581.4792891963734	1	0	tensor(3)	1.7801239421716681
147520.65785746573	3000.0	2060.8214317305938	0.0	0	0.0	2581.4792891963734	1	0	tensor(3)	2.185589050279833
148473.8633741244	3000.0	2107.6159150718922	0.0	0	0.0	2581.4792891963734	1	0	tensor(3)	2.185589050279833
149558.3707910229	3000.0	2023.1084981734216	0.0	0	0.0	2581.4792891964025	1	0	tensor(3)	2.1855890502798294
150205.36438587517	3000.0	2376.1149033211336	0.0	0	0.0	2581.4792891964025	1	0	tensor(3)	2.1855890502798294
151200.0	3000.0	2381.479289196322	0.0	0	433.25378919081413	2581.4792891964316	1	0	tensor(3)	2.1855890502798254
152200.0	3000.0	2381.4792891962743	0.0	0	226.90629696368705	2581.4792891964025	1	0	tensor(3)	2.1855890502798294
153477.01316557237	3000.0	2104.466123623947	0.0	0	0.0	2581.4792891964025	1	0	tensor(3)	2.1855890502798294
154678.45067287653	3000.0	1903.0286163198016	0.0	0	0.0	2581.4792891963734	1	0	tensor(3)	2.185589050279833
156096.18304476136	3000.0	1485.2962444349575	0.0	0	0.0	2581.4792891963734	1	0	tensor(3)	2.185589050279833
157395.24563665612	2000.0	1186.2336525401615	0.0	0	0.0	2581.479289196315	1	0	tensor(3)	1.3746588340635078
158203.82248502443	2000.0	1377.6568041718722	0.0	0	0.0	2581.479289196315	1	0	tensor(3)	1.7801239421716752
159213.34715501958	3000.0	1368.132134176706	0.0	0	0.0	2581.479289196315	1	0	tensor(3)	1.7801239421716755
159782.18273261943	3000.0	1799.2965565768727	0.0	0	0.0	2581.479289196315	1	0	tensor(3)	2.18558905027984
160327.39938879883	3000.0	2254.079900397509	0.0	0	0.0	2581.479289196315	1	0	tensor(3)	2.18558905027984
162331.14333440526	3000.0	1250.3359547910968	0.0	0	0.0	2581.4792891963443	1	0	tensor(3)	2.1855890502798365
163064.5440380434	3000.0	1516.9352511529999	0.0	0	0.0	2581.4792891963443	1	0	tensor(3)	2.1855890502798365
164207.30673312256	3000.0	1374.1725560738219	0.0	0	0.0	2581.4792891963443	1	0	tensor(3)	2.1855890502798365
165172.18539412078	3000.0	1409.2938950755617	0.0	0	0.0	2581.4792891963443	1	0	tensor(3)	2.1855890502798365
166252.47162035143	3000.0	1329.0076688449137	0.0	0	0.0	2581.479289196315	1	0	tensor(3)	2.18558905027984
167648.66110293427	3000.0	932.8181862620747	0.0	0	0.0	2581.479289196315	1	0	tensor(3)	2.18558905027984
168570.8852981982	3000.0	1010.5939909981456	0.0	0	0.0	2581.479289196315	1	0	tensor(3)	2.18558905027984
169248.6635679721	3000.0	1332.8157212242359	0.0	0	0.0	2581.479289196315	1	0	tensor(3)	2.18558905027984
169964.07679965626	3000.0	1617.4024895400603	0.0	0	0.0	2581.479289196315	1	0	tensor(3)	2.18558905027984
170950.18231719953	3000.0	1631.2969719967796	0.0	0	0.0	2581.479289196315	1	0	tensor(3)	2.18558905027984
171857.37930687034	3000.0	1724.0999823259733	0.0	0	0.0	2581.479289196286	1	0	tensor(3)	2.1855890502798436
172792.60485864343	3000.0	1788.8744305528903	0.0	0	0.0	2581.479289196286	1	0	tensor(3)	2.1855890502798436
173544.27502152167	3000.0	2037.2042676746648	0.0	0	0.0	2581.479289196286	1	0	tensor(3)	2.1855890502798436
174200.0	3000.0	2381.479289196305	0.0	0	189.41772197984392	2581.479289196257	1	0	tensor(3)	2.185589050279847
175960.78051445197	6000.0	1620.6987747442981	0.0	0	0.0	2581.479289196228	1	0	tensor(3)	2.185589050279849
177279.43597878324	3000.0	1302.0433104130097	0.0	0	0.0	2581.479289196228	1	0	tensor(3)	1.4924418697199058
178616.8159722388	3000.0	964.663316957438	0.0	0	0.0	2581.479289196228	1	0	tensor(3)	2.1855890502798507
179347.0105571903	3000.0	1234.4687320059406	0.0	0	0.0	2581.479289196228	1	0	tensor(3)	2.1855890502798507
179926.8498247487	3000.0	1654.6294644475097	0.0	0	0.0	2581.479289196228	1	0	tensor(3)	2.1855890502798507
180857.2631554336	3000.0	1724.2161337625828	0.0	0	0.0	2581.479289196228	1	0	tensor(3)	2.1855890502798507
181888.964414222	3000.0	1692.5148749741893	0.0	0	0.0	2581.479289196228	1	0	tensor(3)	2.1855890502798507
182916.78431091484	3000.0	1664.6949782813558	0.0	0	0.0	2581.479289196228	1	0	tensor(3)	2.1855890502798507
183615.07443810606	3000.0	1966.4048510901207	0.0	0	0.0	2581.479289196228	1	0	tensor(3)	2.1855890502798507
184458.87146394438	3000.0	2122.6078252518028	0.0	0	0.0	2581.4792891961697	1	0	tensor(3)	2.1855890502798547
185665.12587924374	3000.0	1916.3534099524554	0.0	0	0.0	2581.4792891961697	1	0	tensor(3)	2.185589050279858
187054.93348879414	3000.0	1526.5458004020745	0.0	0	0.0	2581.4792891961697	1	0	tensor(3)	2.185589050279858
188581.29282675823	3000.0	1000.1864624379707	0.0	0	0.0	2581.4792891961697	1	0	tensor(3)	2.185589050279858
189161.1566851415	2000.0	1420.3226040546745	0.0	0	0.0	2581.4792891961697	1	0	tensor(3)	1.3746588340635284
189700.37299675896	2000.0	1881.1062924372495	0.0	0	0.0	2581.479289196199	1	0	tensor(3)	1.7801239421716895
190496.51153481557	3000.0	2084.967754380658	0.0	0	0.0	2581.479289196199	1	0	tensor(3)	1.7801239421716897
191429.24623683983	3000.0	2152.233052356398	0.0	0	0.0	2581.479289196228	1	0	tensor(3)	2.1855890502798534
192379.01529493762	3000.0	2202.463994258568	0.0	0	0.0	2581.479289196199	1	0	tensor(3)	2.1855890502798516
193295.35246387037	3000.0	2286.1268253258604	0.0	0	0.0	2581.479289196199	1	0	tensor(3)	2.1855890502798543
194200.0	3000.0	2381.479289196272	0.0	0	176.27935859170975	2581.479289196199	1	0	tensor(3)	2.1855890502798543
195200.0	3000.0	2381.4792891962734	0.0	0	127.52677365238196	2581.479289196199	1	0	tensor(3)	2.1855890502798543
196588.23675654773	3000.0	1993.2425326485584	0.0	0	0.0	2581.479289196199	1	0	tensor(3)	2.1855890502798543
197513.72413521167	3000.0	2067.755153984625	0.0	0	0.0	2581.479289196199	1	0	tensor(3)	2.1855890502798543
198428.79533488417	3000.0	2152.683954312093	0.0	0	0.0	2581.4792891961697	1	0	tensor(3)	2.1855890502798547
200302.7057204979	3000.0	1278.7735686983515	0.0	0	0.0	2581.4792891961406	1	0	tensor(3)	2.1855890502798614
201040.2859544373	3000.0	1541.1933347589393	0.0	0	0.0	2581.4792891961115	1	0	tensor(3)	2.185589050279865
201633.77278606044	3000.0	1947.7065031358243	0.0	0	0.0	2581.4792891961115	1	0	tensor(3)	2.185589050279865
202289.49130589562	3000.0	2291.987983300641	0.0	0	0.0	2581.4792891960824	1	0	tensor(3)	2.1855890502798685
203547.28205521486	3000.0	2034.1972339813965	0.0	0	0.0	2581.4792891961115	1	0	tensor(3)	2.185589050279865
204963.76691844498	3000.0	1617.7123707512908	0.0	0	0.0	2581.4792891961115	1	0	tensor(3)	2.185589050279865
205934.69128087562	3000.0	1646.7880083206624	0.0	0	0.0	2581.4792891960824	1	0	tensor(3)	2.1855890502798685
206917.2087711004	3000.0	1664.2705180958837	0.0	0	0.0	2581.4792891960824	1	0	tensor(3)	2.1855890502798685
208296.56459118056	3000.0	1284.9146980157411	0.0	0	0.0	2581.4792891960533	1	0	tensor(3)	2.185589050279872
209587.3294329383	3000.0	994.1498562580191	0.0	0	0.0	2581.479289196024	1	0	tensor(3)	2.185589050279874
210636.22852881532	2000.0	945.2507603809869	0.0	0	0.0	2581.479289196024	1	0	tensor(3)	1.3746588340635464
211417.69896840875	2000.0	1163.7803207875606	0.0	0	0.0	2581.479289196024	1	0	tensor(3)	1.780123942171711
212123.4438389889	2000.0	1458.0354502073892	0.0	0	0.0	2581.479289196024	1	0	tensor(3)	1.780123942171711
212831.2469006282	3000.0	1750.2323885680948	0.0	0	0.0	2581.4792891960533	1	0	tensor(3)	1.7801239421717077
213647.95057965835	3000.0	1933.5287095379576	0.0	0	0.0	2581.4792891960533	1	0	tensor(3)	2.185589050279872
214323.2432801125	3000.0	2258.2360090838174	0.0	0	0.0	2581.4792891960533	1	0	tensor(3)	2.185589050279872
215200.0	3000.0	2381.479289196333	0.0	0	315.2982314649562	2581.4792891960533	1	0	tensor(3)	2.185589050279872
216200.0	3000.0	2381.479289196332	0.0	0	46.17123104937491	2581.4792891960533	1	0	tensor(3)	2.185589050279872
217376.24887775377	3000.0	2205.2304114425697	0.0	0	0.0	2581.4792891960533	1	0	tensor(3)	2.185589050279872
218510.52002420847	3000.0	2070.959264987871	0.0	0	0.0	2581.4792891960533	1	0	tensor(3)	2.185589050279872
219804.7734753054	3000.0	1776.7058138909133	0.0	0	0.0	2581.4792891960533	1	0	tensor(3)	2.185589050279872
220601.99281716623	3000.0	1979.4864720300868	0.0	0	0.0	2581.4792891960533	1	0	tensor(3)	2.185589050279872
221281.7911822521	3000.0	2299.688106944209	0.0	0	0.0	2581.4792891960533	1	0	tensor(3)	2.185589050279872
222231.7253459097	3000.0	2349.753943286639	0.0	0	0.0	2581.4792891960533	1	0	tensor(3)	2.185589050279872
223206.88484770412	3000.0	2374.5944414922283	0.0	0	0.0	2581.479289196024	1	0	tensor(3)	2.1855890502798756
224200.0	3000.0	2381.4792891963343	0.0	0	232.03554959004396	2581.479289195995	1	0	tensor(3)	2.1855890502798796
225622.5940684042	3000.0	1958.8852207921284	0.0	0	0.0	2581.479289196024	1	0	tensor(3)	2.1855890502798783
226934.45379882565	3000.0	1647.0254903707269	0.0	0	0.0	2581.479289196024	1	0	tensor(3)	2.1855890502798756
227812.9639647736	3000.0	1768.5153244227874	0.0	0	0.0	2581.479289196024	1	0	tensor(3)	2.1855890502798756
228785.29358125728	3000.0	1796.1857079390902	0.0	0	0.0	2581.4792891960533	1	0	tensor(3)	2.185589050279874
229839.77163510036	2000.0	1741.707654096026	0.0	0	0.0	2581.4792891960533	1	0	tensor(3)	1.3746588340635428
231020.62020154047	3000.0	1560.859087655934	0.0	0	0.0	2581.4792891960824	1	0	tensor(3)	1.7801239421717039
232234.51785816668	3000.0	1346.9614310297202	0.0	0	0.0	2581.4792891960824	1	0	tensor(3)	2.1855890502798685
233185.38080902348	3000.0	1396.0984801729628	0.0	0	0.0	2581.4792891960824	1	0	tensor(3)	2.1855890502798685
234541.37343585814	3000.0	1040.1058533383043	0.0	0	0.0	2581.4792891960824	1	0	tensor(3)	2.1855890502798707
235399.41190908197	3000.0	1182.0673801144503	0.0	0	0.0	2581.4792891960533	1	0	tensor(3)	2.185589050279872
236069.07569185676	3000.0	1512.4035973396387	0.0	0	0.0	2581.4792891960533	1	0	tensor(3)	2.185589050279872
236647.0281344317	3000.0	1934.4511547647226	0.0	0	0.0	2581.4792891960533	1	0	tensor(3)	2.185589050279872
237405.61133818995	3000.0	2175.867951006463	0.0	0	0.0	2581.479289196024	1	0	tensor(3)	2.1855890502798756
238347.3746517383	6000.0	2234.104637458133	0.0	0	0.0	2581.479289196024	1	0	tensor(3)	2.1855890502798756
239771.39697841025	6000.0	1810.08231078618	0.0	0	0.0	2581.4792891960533	1	0	tensor(3)	2.8787362308398166
240713.73307612236	3000.0	1867.7462130740944	0.0	0	0.0	2581.4792891961115	1	0	tensor(3)	1.4924418697199207
241679.50096004453	3000.0	1901.9783291519227	0.0	0	0.0	2581.4792891961115	1	0	tensor(3)	2.185589050279865
243320.21473327777	6000.0	1261.2645559186878	0.0	0	0.0	2581.4792891961115	1	0	tensor(3)	2.185589050279865
244526.29084790155	3000.0	1055.1884412949094	0.0	0	0.0	2581.4792891961115	1	0	tensor(3)	1.49244186971992
245280.7643928316	3000.0	1300.7148963648647	0.0	0	0.0	2581.4792891961115	1	0	tensor(3)	2.185589050279865
246158.12749678607	3000.0	1423.3517924103971	0.0	0	0.0	2581.4792891961115	1	0	tensor(3)	2.185589050279865
246905.88073762518	3000.0	1675.5985515712591	0.0	0	0.0	2581.4792891960824	1	0	tensor(3)	2.1855890502798685
247907.77224607076	3000.0	1673.7070431256648	0.0	0	0.0	2581.4792891960824	1	0	tensor(3)	2.1855890502798685
248960.8066387334	3000.0	1620.6726504629953	0.0	0	0.0	2581.4792891960824	1	0	tensor(3)	2.1855890502798685
250292.43923703683	3000.0	1289.0400521595918	0.0	0	0.0	2581.4792891961115	1	0	tensor(3)	2.185589050279865
251330.00372769992	3000.0	1251.4755614965213	0.0	0	0.0	2581.4792891961115	1	0	tensor(3)	2.185589050279865
252463.66049682302	2000.0	1117.818792373445	0.0	0	0.0	2581.4792891961115	1	0	tensor(3)	1.3746588340635335
253207.72652420794	2000.0	1373.752764988551	0.0	0	0.0	2581.4792891961115	1	0	tensor(3)	1.7801239421717003
254240.24588424896	2000.0	1341.2334049475487	0.0	0	0.0	2581.4792891961406	1	0	tensor(3)	1.7801239421716966
254892.84626314888	2000.0	1688.6330260476707	0.0	0	0.0	2581.4792891961406	1	0	tensor(3)	1.7801239421716966
256090.81744833387	3000.0	1490.6618408627212	0.0	0	0.0	2581.4792891961697	1	0	tensor(3)	1.7801239421716932
257112.49419452803	3000.0	1468.9850946685306	0.0	0	0.0	2581.4792891961697	1	0	tensor(3)	2.185589050279858
257918.44288291573	3000.0	1663.0364062808146	0.0	0	0.0	2581.4792891961697	1	0	tensor(3)	2.185589050279858
258687.8837501742	3000.0	1893.595539022365	0.0	0	0.0	2581.4792891961697	1	0	tensor(3)	2.185589050279857
259674.08189114244	3000.0	1907.3973980541107	0.0	0	0.0	2581.4792891961697	1	0	tensor(3)	2.185589050279858
260357.1933277012	3000.0	2224.285961495327	0.0	0	0.0	2581.4792891961406	1	0	tensor(3)	2.1855890502798587
261233.46038132798	3000.0	2348.0189078685567	0.0	0	0.0	2581.4792891961406	1	0	tensor(3)	2.1855890502798614
262336.9429517056	3000.0	2244.5363374909584	0.0	0	0.0	2581.4792891961406	1	0	tensor(3)	2.1855890502798623
263819.6351020989	3000.0	1761.8441870976553	0.0	0	0.0	2581.4792891961697	1	0	tensor(3)	2.185589050279856
265282.2954707369	3000.0	1299.1838184596868	0.0	0	0.0	2581.479289196199	1	0	tensor(3)	2.1855890502798543
266429.09957804444	2000.0	1152.3797111521765	0.0	0	0.0	2581.4792891961406	1	0	tensor(3)	1.374658834063532
267244.77621536807	2000.0	1336.7030738285619	0.0	0	0.0	2581.4792891961406	1	0	tensor(3)	1.7801239421716966
267910.40803403687	2000.0	1671.0712551597846	0.0	0	0.0	2581.479289196199	1	0	tensor(3)	1.7801239421716895
268822.2274379299	3000.0	1759.2518512667539	0.0	0	0.0	2581.479289196199	1	0	tensor(3)	1.7801239421716897
269478.18370219006	3000.0	2103.295587006589	0.0	0	0.0	2581.479289196199	1	0	tensor(3)	2.1855890502798543
270276.9252920857	3000.0	2304.553997110903	0.0	0	0.0	2581.479289196199	1	0	tensor(3)	2.1855890502798543
271254.6561906941	3000.0	2326.823098502512	0.0	0	0.0	2581.479289196199	1	0	tensor(3)	2.1855890502798543
272200.0	3000.0	2381.479289196624	0.0	0	362.2865707039018	2581.479289196199	1	0	tensor(3)	2.1855890502798543
273734.8018395654	6000.0	1846.6774496311673	0.0	0	0.0	2581.4792891961406	1	0	tensor(3)	2.1855890502798614
274633.71271298866	3000.0	1947.7665762079366	0.0	0	0.0	2581.4792891961406	1	0	tensor(3)	1.4924418697199164
275790.693244681	3000.0	1790.78604451559	0.0	0	0.0	2581.4792891961406	1	0	tensor(3)	2.1855890502798614
276948.8962388011	3000.0	1632.5830503954624	0.0	0	0.0	2581.4792891961406	1	0	tensor(3)	2.1855890502798614
277948.04283840663	3000.0	1633.4364507900243	0.0	0	0.0	2581.479289196199	1	0	tensor(3)	2.1855890502798543
278674.6090819187	3000.0	1906.8702072779352	0.0	0	0.0	2581.4792891961406	1	0	tensor(3)	2.1855890502798614
279804.69168991124	3000.0	1776.7875992854513	0.0	0	0.0	2581.4792891961406	1	0	tensor(3)	2.1855890502798614
280770.110665751	3000.0	1811.3686234457077	0.0	0	0.0	2581.4792891960824	1	0	tensor(3)	2.185589050279867
281619.16724917875	3000.0	1962.3120400179878	0.0	0	0.0	2581.4792891961406	1	0	tensor(3)	2.185589050279864
282455.5909218845	3000.0	2125.88836731227	0.0	0	0.0	2581.4792891961406	1	0	tensor(3)	2.1855890502798614
283417.1501519339	3000.0	2164.329137262938	0.0	0	0.0	2581.479289196199	1	0	tensor(3)	2.1855890502798543
284275.3676978562	3000.0	2306.11159134058	0.0	0	0.0	2581.479289196199	1	0	tensor(3)	2.1855890502798543
285380.17521457863	3000.0	2201.304074618235	0.0	0	0.0	2581.479289196199	1	0	tensor(3)	2.1855890502798543
286200.0	3000.0	2381.479289196893	0.0	0	131.3082256326452	2581.479289196199	1	0	tensor(3)	2.1855890502798543
287200.0	3000.0	2381.4792891968286	0.0	0	327.7492177710519	2581.479289196199	1	0	tensor(3)	2.1855890502798543
288200.0	3000.0	2381.47928919686	0.0	0	0.19999750511487946	2581.479289196199	1	0	tensor(3)	2.1855890502798543
289385.3721067812	3000.0	2196.107182415717	0.0	0	0.0	2581.479289196257	1	0	tensor(3)	2.185589050279847
290549.6721970301	3000.0	2031.8070921667675	0.0	0	0.0	2581.479289196315	1	0	tensor(3)	2.18558905027984
292092.443184035	3000.0	1489.036105161915	0.0	0	0.0	2581.4792891963734	1	0	tensor(3)	2.185589050279833
293109.1370385121	3000.0	1472.3422506848183	0.0	0	0.0	2581.4792891963734	1	0	tensor(3)	2.185589050279833
294427.33368815243	3000.0	1154.1456010445743	0.0	0	0.0	2581.47928919649	1	0	tensor(3)	2.185589050279824
295422.5150184121	3000.0	1158.9642707849416	0.0	0	0.0	2581.47928919649	1	0	tensor(3)	2.1855890502798188
296560.7256872774	3000.0	1020.7536019196453	0.0	0	0.0	2581.47928919649	1	0	tensor(3)	2.1855890502798188
297514.33036359	3000.0	1067.1489256070208	0.0	0	0.0	2581.47928919649	1	0	tensor(3)	2.1855890502798188
298690.49937666394	3000.0	890.979912533033	0.0	0	0.0	2581.47928919649	1	0	tensor(3)	2.1855890502798188
299431.66802445916	3000.0	1149.8112647378039	0.0	0	0.0	2581.47928919649	1	0	tensor(3)	2.1855890502798188
300072.870755766	3000.0	1508.6085334309664	0.0	0	0.0	2581.47928919649	1	0	tensor(3)	2.1855890502798188
300887.2746645743	3000.0	1694.2046246226716	0.0	0	0.0	2581.47928919649	1	0	tensor(3)	2.1855890502798188
301548.6718530662	3000.0	2032.807436130717	0.0	0	0.0	2581.4792891964316	1	0	tensor(3)	2.1855890502798254
302729.5166871447	3000.0	1851.9626020522262	0.0	0	0.0	2581.47928919649	1	0	tensor(3)	2.1855890502798188
3.22	3.07	1.89	2.03	2.94	3.83	4.36	1.8	2.12	3.1	3.51	3.73	3.66	2.63	3.36	4.66	4.16	2.35	3.58	4.97	6.16	4.21	2.66	2.11	2.57	3.86	4.92	3.07	2.93	4.22	3.88	3.27	1.37	2.64	2.42	2.7	3.56	2.93	2.78	3.41	3.78	4.56	2.09	3.13	3.76	1.85	2.44	3.7	4.39	3.26	2.48	2.72	3.78	3.04	2.85	2.56	2.29	2.57	2.66	3.85	4.97	5.33	3.92	2.11	2.44	2.65	3.03	4.45	2.97	3.51	4.32	1.91	2.15	3.27	3.08	1.95	2.97	3.22	3.02	2.61	2.7	3.87	5.1	4.92	5.71	4.95	2.95	3.83	4.85	4.4	2.7	4.01	3.79	3.73	3.24	3.56	2.75	2.19	1.84	2.29	2.35	3.22	3.26	2.8	3.26	4.11	4.18	4.23	2.84	2.59	2.03	2.21	1.91	2.53	3.67	4.74	3.37	4.04	5.33	4.95	2.63	3.02	2.94	3.97	4.04	2.19	3.56	3.22	3.49	2.33	2.9	3.04	3.85	5.02	3.13	2.71	3.24	2.17	2.26	2.99	2.9	3.17	3.63	3.45	2.9	3.52	4.89	3.93	2.42	2.61	3.22	3.07	1.89	2.03	2.94	3.83	4.36	1.8	2.12	3.1	3.51	3.73	3.66	2.63	3.36	4.66	4.16	2.35	3.58	4.97	6.16	4.21	2.66	2.11	2.57	3.86	4.92	3.07	2.93	4.22	3.88	3.27	1.37	2.64	2.42	2.7	3.56	2.93	2.78	3.41	3.78	4.56	2.09	3.13	3.76	1.85	2.44	3.7	4.39	3.26	2.48	2.72	3.78	3.04	2.85	2.56	2.29	2.57	2.66	3.85	4.97	5.33	3.92	2.11	2.44	2.65	3.03	4.45	2.97	3.51	4.32	1.91	2.15	3.27	3.08	1.95	2.97	3.22	3.02	2.61	2.7	3.87	5.1	4.92	5.71	4.95	2.95	3.83	4.85	4.4	2.7	4.01	3.79	3.73	3.24	3.56	2.75	2.19	1.84	2.29	2.35	3.22	3.26	2.8	3.26	4.11	4.18	4.23	2.84	2.59	2.03	2.21	1.91	2.53	3.67	4.74	3.37	4.04	5.33	4.95	2.63	3.02	2.94	3.97	4.04	2.19	3.56	3.22	3.49	2.33	2.9	3.04	3.85	5.02	3.13	2.71	3.24	2.17	2.26	2.99	2.9	3.17	3.63	3.45	2.9	3.52	4.89	3.93	2.42	2.61	3.22	3.07	1.89
1.0	2.0	3.0	4.0	5.0	6.0	7.0	8.0	9.0	10.0	11.0	12.0	13.0	14.0	15.0	16.0	17.0	18.0	19.0	20.0	21.0	22.0	23.0	24.0	25.0	26.0	27.0	28.0	29.0	30.0	31.0	32.0	33.0	34.0	35.0	36.0	37.0	38.0	39.0	40.0	41.0	42.0	43.0	44.0	45.0	46.0	47.0	48.0	49.0	50.0	51.0	52.0	53.0	54.0	55.0	56.0	57.0	58.0	59.0	60.0	61.0	62.0	63.0	64.0	65.0	66.0	67.0	68.0	69.0	70.0	71.0	72.0	73.0	74.0	75.0	76.0	77.0	78.0	79.0	80.0	81.0	82.0	83.0	84.0	85.0	86.0	87.0	88.0	89.0	90.0	91.0	92.0	93.0	94.0	95.0	96.0	97.0	98.0	99.0	100.0	101.0	102.0	103.0	104.0	105.0	106.0	107.0	108.0	109.0	110.0	111.0	112.0	113.0	114.0	115.0	116.0	117.0	118.0	119.0	120.0	121.0	122.0	123.0	124.0	125.0	126.0	127.0	128.0	129.0	130.0	131.0	132.0	133.0	134.0	135.0	136.0	137.0	138.0	139.0	140.0	141.0	142.0	143.0	144.0	145.0	146.0	147.0	148.0	149.0	149.0	150.0	151.0	152.0	153.0	154.0	155.0	156.0	157.0	158.0	159.0	160.0	161.0	162.0	163.0	164.0	165.0	166.0	167.0	168.0	169.0	170.0	171.0	172.0	173.0	174.0	175.0	176.0	177.0	178.0	179.0	180.0	181.0	182.0	183.0	184.0	185.0	186.0	187.0	188.0	189.0	190.0	191.0	192.0	193.0	194.0	195.0	196.0	197.0	198.0	199.0	200.0	201.0	202.0	203.0	204.0	205.0	206.0	207.0	208.0	209.0	210.0	211.0	212.0	213.0	214.0	215.0	216.0	217.0	218.0	219.0	220.0	221.0	222.0	223.0	224.0	225.0	226.0	227.0	228.0	229.0	230.0	231.0	232.0	233.0	234.0	235.0	236.0	237.0	238.0	239.0	240.0	241.0	242.0	243.0	244.0	245.0	246.0	247.0	248.0	249.0	250.0	251.0	252.0	253.0	254.0	255.0	256.0	257.0	258.0	259.0	260.0	261.0	262.0	263.0	264.0	265.0	266.0	267.0	268.0	269.0	270.0	271.0	272.0	273.0	274.0	275.0	276.0	277.0	278.0	279.0	280.0	281.0	282.0	283.0	284.0	285.0	286.0	287.0	288.0	289.0	290.0	291.0	292.0	293.0	294.0	295.0	296.0	297.0	298.0	298.0	299.0	300.0	301.0
4339.842173508573
