2840.7773613730183	300.0	2000.0	341.4940894173882	0	0.0	2840.7773613730183	1	0	tensor(3)	-2.1901696003903397
3583.8010471925386	1000.0	2256.97631418048	0.0	0	0.0	2840.7773613730183	1	0	tensor(3)	-0.15302716597687493
5247.759756353976	1000.0	1593.0176050190432	0.0	0	0.0	2840.7773613730187	1	0	tensor(3)	1.0509456383490612
6221.309165337304	1000.0	1619.4681960357143	0.0	0	0.0	2840.7773613730183	1	0	tensor(3)	1.0509456383490612
6795.891316563104	1000.0	2044.886044809914	0.0	0	0.0	2840.7773613730183	1	0	tensor(3)	1.0509456383490612
7498.952245926299	1000.0	2341.825115446719	0.0	0	0.0	2840.777361373018	1	0	tensor(3)	1.0509456383490612
8388.688595039726	1000.0	2452.0887663332915	0.0	0	0.0	2840.777361373018	1	0	tensor(3)	1.0509456383490612
9583.683171416851	1000.0	2257.094189956168	0.0	0	0.0	2840.7773613730196	1	0	tensor(3)	1.050945638349061
10452.324877374971	1000.0	2388.4524839980454	0.0	0	0.0	2840.777361373017	1	0	tensor(3)	1.0509456383490612
11200.0	1000.0	2640.7773613730164	0.0	0	141.34103709094597	2840.777361373015	1	0	tensor(3)	1.0509456383490612
12200.0	1000.0	2640.777361373017	0.0	0	59.500251454648605	2840.777361373015	1	0	tensor(3)	1.0509456383490616
13200.0	1000.0	2640.7773613730196	0.0	0	137.89821653683975	2840.777361373015	1	0	tensor(3)	1.0509456383490616
14218.782450919547	1000.0	2621.9949104534753	0.0	0	0.0	2840.777361373015	1	0	tensor(3)	1.0509456383490616
15200.0	1000.0	2640.7773613730233	0.0	0	231.97445507193152	2840.777361373015	1	0	tensor(3)	1.0509456383490616
16200.0	2000.0	2640.777361373025	0.0	0	88.85911954485891	2840.777361373015	1	0	tensor(3)	1.0509456383490616
17857.42316579741	2000.0	1983.3541955756173	0.0	0	0.0	2840.777361373015	1	0	tensor(3)	1.7440928189090068
18775.050099703054	1000.0	2065.7272616699684	0.0	0	0.0	2840.7773613730114	1	0	tensor(3)	0.3577984577891168
19404.15006070478	1000.0	2436.6273006682413	0.0	0	0.0	2840.7773613730096	1	0	tensor(3)	1.0509456383490625
20393.288348895494	2000.0	2447.489012477522	0.0	0	0.0	2840.7773613730096	1	0	tensor(3)	1.0509456383490625
21453.201917109654	2000.0	2387.575444263364	0.0	0	0.0	2840.7773613730096	1	0	tensor(3)	1.7440928189090077
22200.0	3000.0	2640.7773613730237	0.0	0	15.0782458041067	2840.7773613730096	1	0	tensor(3)	1.744092818909008
24103.912502811105	3000.0	1736.8648585619176	0.0	0	0.0	2840.777361373006	1	0	tensor(3)	2.149557927017173
25172.711086128864	2000.0	1668.0662752441572	0.0	0	0.0	2840.777361373006	1	0	tensor(3)	1.3386277108008438
26564.845347438164	2000.0	1275.932013934858	0.0	0	0.0	2840.7773613730023	1	0	tensor(3)	1.7440928189090088
27345.728974766957	1000.0	1495.0483866060608	0.0	0	0.0	2840.7773613730023	1	0	tensor(3)	0.3577984577891185
28719.308677460685	2000.0	1121.4686839123333	0.0	0	0.0	2840.7773613730023	1	0	tensor(3)	1.0509456383490636
29567.359687182463	1000.0	1273.4176741905567	0.0	0	0.0	2840.777361373006	1	0	tensor(3)	0.35779845778911795
30047.75109621689	1000.0	1793.0262651561309	0.0	0	0.0	2840.7773613730096	1	0	tensor(3)	1.0509456383490625
30821.85253999755	2000.0	2018.9248213754704	0.0	0	0.0	2840.7773613730096	1	0	tensor(3)	1.0509456383490625
31576.712011923846	2000.0	2264.0653494491758	0.0	0	0.0	2840.7773613730133	1	0	tensor(3)	1.744092818909007
32838.071418520994	2000.0	2002.7059428520301	0.0	0	0.0	2840.7773613730133	1	0	tensor(3)	1.744092818909007
34279.95960973161	1000.0	1560.8177516414135	0.0	0	0.0	2840.7773613730133	1	0	tensor(3)	0.35779845778911723
35335.15686970102	1000.0	1505.6204916719998	0.0	0	0.0	2840.7773613730096	1	0	tensor(3)	1.050945638349062
36240.144600987944	1000.0	1600.6327603850743	0.0	0	0.0	2840.7773613730096	1	0	tensor(3)	1.0509456383490625
36883.46807188871	1000.0	1957.3092894843116	0.0	0	0.0	2840.7773613730023	1	0	tensor(3)	1.0509456383490636
37858.402878984234	2000.0	1982.3744823887855	0.0	0	0.0	2840.7773613730023	1	0	tensor(3)	1.0509456383490636
38620.396699021694	1000.0	2220.3806623513215	0.0	0	0.0	2840.777361372995	1	0	tensor(3)	0.3577984577891196
39904.36801511127	2000.0	1936.4093462617543	0.0	0	0.0	2840.777361372995	1	0	tensor(3)	1.0509456383490647
40675.312542514	1000.0	2165.464818859017	0.0	0	0.0	2840.777361372995	1	0	tensor(3)	0.3577984577891196
41500.19930617502	1000.0	2340.578055198005	0.0	0	0.0	2840.7773613730023	1	0	tensor(3)	1.0509456383490636
42355.63861476357	1000.0	2485.138746609456	0.0	0	0.0	2840.7773613730096	1	0	tensor(3)	1.0509456383490625
43404.68597089768	1000.0	2436.0913904753615	0.0	0	0.0	2840.7773613730096	1	0	tensor(3)	1.0509456383490625
44392.48618460705	1000.0	2448.2911767659857	0.0	0	0.0	2840.7773613730096	1	0	tensor(3)	1.0509456383490625
45486.13908158165	1000.0	2354.6382797913857	0.0	0	0.0	2840.7773613730096	1	0	tensor(3)	1.0509456383490625
46456.189721210045	1000.0	2384.5876401629816	0.0	0	0.0	2840.7773613730096	1	0	tensor(3)	1.0509456383490625
47200.0	1000.0	2640.777361373024	0.0	0	116.58958423415606	2840.7773613730096	1	0	tensor(3)	1.0509456383490625
48200.0	1000.0	2640.7773613730205	0.0	0	247.50486668242957	2840.7773613730096	1	0	tensor(3)	1.0509456383490625
49663.64168171177	2000.0	2177.13567966125	0.0	0	0.0	2840.7773613730096	1	0	tensor(3)	1.0509456383490625
50486.65250348374	1000.0	2354.124857889277	0.0	0	0.0	2840.7773613730096	1	0	tensor(3)	0.35779845778911734
51345.77154833943	1000.0	2495.005813033586	0.0	0	0.0	2840.7773613730096	1	0	tensor(3)	1.0509456383490625
52200.0	1000.0	2640.7773613730146	0.0	0	110.42102347772743	2840.7773613730096	1	0	tensor(3)	1.0509456383490625
53200.0	1000.0	2640.7773613730064	0.0	0	67.16991538702132	2840.7773613730096	1	0	tensor(3)	1.0509456383490625
54200.0	1000.0	2640.777361372999	0.0	0	572.7075021916899	2840.7773613730096	1	0	tensor(3)	1.0509456383490625
55230.006986930515	2000.0	2610.7703744424884	0.0	0	0.0	2840.7773613730096	1	0	tensor(3)	1.0509456383490625
56758.24899492605	2000.0	2082.5283664469516	0.0	0	0.0	2840.7773613730096	1	0	tensor(3)	1.7440928189090077
57683.931621779295	2000.0	2156.845739593706	0.0	0	0.0	2840.777361373017	1	0	tensor(3)	1.7440928189090066
58639.64772154082	2000.0	2201.1296398321756	0.0	0	0.0	2840.7773613730096	1	0	tensor(3)	1.7440928189090077
59680.879876629166	2000.0	2159.897484743836	0.0	0	0.0	2840.7773613730096	1	0	tensor(3)	1.7440928189090077
60760.21389022605	2000.0	2080.563471146953	0.0	0	0.0	2840.7773613730096	1	0	tensor(3)	1.7440928189090077
62006.64518104038	1000.0	1834.1321803326202	0.0	0	0.0	2840.777361373017	1	0	tensor(3)	0.35779845778911623
63477.574620588195	1000.0	1363.2027407848043	0.0	0	0.0	2840.777361373017	1	0	tensor(3)	1.0509456383490614
64509.09175705856	1000.0	1331.6856043144417	0.0	0	0.0	2840.777361373017	1	0	tensor(3)	1.0509456383490614
65485.48850061055	1000.0	1355.2888607624516	0.0	0	0.0	2840.777361373017	1	0	tensor(3)	1.0509456383490614
66258.13063866399	1000.0	1582.6467227090122	0.0	0	0.0	2840.777361373017	1	0	tensor(3)	1.0509456383490607
67068.43701828108	1000.0	1772.3403430919166	0.0	0	0.0	2840.7773613730096	1	0	tensor(3)	1.0509456383490623
67645.81027992464	1000.0	2194.967081448379	0.0	0	0.0	2840.7773613730387	1	0	tensor(3)	1.0509456383490596
68268.51416008172	1000.0	2572.2632012913027	0.0	0	0.0	2840.7773613730387	1	0	tensor(3)	1.0509456383490576
69554.50095359785	2000.0	2286.276407775182	0.0	0	0.0	2840.7773613730387	1	0	tensor(3)	1.0509456383490579
71156.5924756415	2000.0	1684.1848857315215	0.0	0	0.0	2840.7773613730533	1	0	tensor(3)	1.7440928189090008
71666.77301655705	1000.0	2174.004344815974	0.0	0	0.0	2840.7773613730533	1	0	tensor(3)	0.35779845778911046
72708.36060348776	2000.0	2132.416757885257	0.0	0	0.0	2840.7773613730533	1	0	tensor(3)	1.0509456383490556
73950.39890104847	2000.0	1890.3784603245729	0.0	0	0.0	2840.777361373068	1	0	tensor(3)	1.7440928189089986
75100.39798278417	2000.0	1740.3793785888706	0.0	0	0.0	2840.777361373068	1	0	tensor(3)	1.7440928189089986
76137.40503948768	2000.0	1703.3723218853568	0.0	0	0.0	2840.777361373068	1	0	tensor(3)	1.7440928189089986
76901.767854195	2000.0	1939.009507178041	0.0	0	0.0	2840.777361373068	1	0	tensor(3)	1.7440928189089986
78454.74612984479	2000.0	1386.0312315282667	0.0	0	0.0	2840.777361373068	1	0	tensor(3)	1.7440928189089986
79044.16880406809	1000.0	1796.6085573049754	0.0	0	0.0	2840.777361373068	1	0	tensor(3)	0.35779845778910824
80816.38964571159	2000.0	1024.3877156614776	0.0	0	0.0	2840.777361373068	1	0	tensor(3)	1.0509456383490534
81725.39821374879	1000.0	1115.379147624269	0.0	0	0.0	2840.777361373068	1	0	tensor(3)	0.35779845778910824
82401.49419266147	1000.0	1439.2831687115972	0.0	0	0.0	2840.7773613730824	1	0	tensor(3)	1.0509456383490512
83496.564539526	2000.0	1344.2128218470648	0.0	0	0.0	2840.7773613730824	1	0	tensor(3)	1.0509456383490512
84443.07383691576	1000.0	1397.703524457309	0.0	0	0.0	2840.7773613730824	1	0	tensor(3)	0.357798457789106
85117.28127866854	1000.0	1723.4960827045174	0.0	0	0.0	2840.7773613730824	1	0	tensor(3)	1.0509456383490512
85845.87918032426	1000.0	1994.8981810488026	0.0	0	0.0	2840.7773613730824	1	0	tensor(3)	1.0509456383490512
87046.98046611412	2000.0	1793.7968952589397	0.0	0	0.0	2840.777361373097	1	0	tensor(3)	1.050945638349049
88311.08678477474	2000.0	1529.6905765983292	0.0	0	0.0	2840.7773613731115	1	0	tensor(3)	1.7440928189089915
89053.962711429	1000.0	1786.8146499440577	0.0	0	0.0	2840.7773613731115	1	0	tensor(3)	0.35779845778910135
89982.46860712902	2000.0	1858.308754244033	0.0	0	0.0	2840.7773613731115	1	0	tensor(3)	1.0509456383490465
91143.04201658515	2000.0	1697.7353447878859	0.0	0	0.0	2840.7773613731115	1	0	tensor(3)	1.7440928189089915
92283.47970012082	2000.0	1557.2976612522316	0.0	0	0.0	2840.7773613731115	1	0	tensor(3)	1.7440928189089915
92914.9004595417	1000.0	1925.8769018313326	0.0	0	0.0	2840.7773613731115	1	0	tensor(3)	0.35779845778910135
94803.97502102294	2000.0	1036.8023403500902	0.0	0	0.0	2840.777361373126	1	0	tensor(3)	1.0509456383490443
96007.3893142362	2000.0	833.3880471368275	0.0	0	0.0	2840.777361373126	1	0	tensor(3)	1.7440928189089893
96432.93034965836	500.0	1407.847011714672	0.0	0	0.0	2840.777361373126	1	0	tensor(3)	-1.0284959033307917
96979.49361999237	1000.0	1861.2837413806535	0.0	0	0.0	2840.777361373126	1	0	tensor(3)	0.35779845778909886
98599.71754578584	2000.0	1241.0598155871949	0.0	0	0.0	2840.777361373126	1	0	tensor(3)	1.0509456383490443
99172.96233210152	1000.0	1667.81502927152	0.0	0	0.0	2840.777361373126	1	0	tensor(3)	0.3577984577890991
100223.8691514689	1000.0	1616.908209904151	0.0	0	0.0	2840.777361373126	1	0	tensor(3)	1.0509456383490443
101420.19976848041	1000.0	1420.5775928926366	0.0	0	0.0	2840.777361373126	1	0	tensor(3)	1.0509456383490443
102424.31927337978	1000.0	1416.4580879932792	0.0	0	0.0	2840.777361373126	1	0	tensor(3)	1.0509456383490443
103217.5434310071	1000.0	1623.2339303659403	0.0	0	0.0	2840.7773613731115	1	0	tensor(3)	1.0509456383490465
103983.62282409794	1000.0	1857.1545372750977	0.0	0	0.0	2840.7773613731115	1	0	tensor(3)	1.0509456383490465
104489.02601770095	1000.0	2351.75134367209	0.0	0	0.0	2840.7773613731115	1	0	tensor(3)	1.0509456383490465
105473.01902433025	1000.0	2367.7583370427915	0.0	0	0.0	2840.7773613731115	1	0	tensor(3)	1.0509456383490465
106281.90144274778	1000.0	2558.875918625258	0.0	0	0.0	2840.7773613731115	1	0	tensor(3)	1.0509456383490465
107492.5252028179	2000.0	2348.252158555133	0.0	0	0.0	2840.7773613731115	1	0	tensor(3)	1.0509456383490465
108564.33416305779	2000.0	2276.443198315227	0.0	0	0.0	2840.777361373097	1	0	tensor(3)	1.7440928189089941
109200.0	2000.0	2640.7773613730233	0.0	0	31.08170127934136	2840.777361373097	1	0	tensor(3)	1.7440928189089941
110882.67564583062	2000.0	1958.1017155424008	0.0	0	0.0	2840.777361373097	1	0	tensor(3)	1.7440928189089941
112117.25470889529	1000.0	1723.5226524777133	0.0	0	0.0	2840.7773613730824	1	0	tensor(3)	0.357798457789106
112741.32833081855	1000.0	2099.4490305544396	0.0	0	0.0	2840.7773613730824	1	0	tensor(3)	1.0509456383490512
113303.91121857364	1000.0	2536.866142799358	0.0	0	0.0	2840.777361373097	1	0	tensor(3)	1.0509456383490487
114327.845589592	1000.0	2512.9317717809895	0.0	0	0.0	2840.777361373097	1	0	tensor(3)	1.0509456383490487
116304.99116113303	2000.0	1535.7862002399597	0.0	0	0.0	2840.777361373097	1	0	tensor(3)	1.0509456383490503
117261.55141067713	1000.0	1579.2259506958592	0.0	0	0.0	2840.777361373097	1	0	tensor(3)	0.3577984577891037
118119.67602838065	1000.0	1721.1013329923517	0.0	0	0.0	2840.777361373097	1	0	tensor(3)	1.0509456383490487
119336.75787869249	1000.0	1504.0194826805266	0.0	0	0.0	2840.777361373097	1	0	tensor(3)	1.0509456383490487
119978.48117825623	1000.0	1862.2961831167784	0.0	0	0.0	2840.777361373097	1	0	tensor(3)	1.0509456383490487
120956.6728877186	2000.0	1884.104473654422	0.0	0	0.0	2840.777361373097	1	0	tensor(3)	1.050945638349049
122543.32675481612	2000.0	1297.450606556905	0.0	0	0.0	2840.777361373097	1	0	tensor(3)	1.7440928189089941
124543.82700442174	2000.0	296.9503569513021	0.0	0	0.0	2840.777361373097	1	0	tensor(3)	1.7440928189089941
125387.43304578552	1000.0	516.5375171685279	63.19320158102971	0	0.0	2903.9705629541277	1	0	tensor(3)	-0.03152842994970445
126037.22633713245	500.0	866.7442258215967	0.0	0	0.0	2903.9705629541277	1	0	tensor(3)	-0.3455164010234718
126710.98691712339	1000.0	1192.9836458306681	0.0	0	0.0	2903.970562954142	1	0	tensor(3)	0.34763077953647126
127727.9360562874	1000.0	1176.034506666646	0.0	0	0.0	2903.9705629541277	1	0	tensor(3)	1.040777960096419
128611.59738045525	1000.0	1292.373182498799	0.0	0	0.0	2903.9705629541277	1	0	tensor(3)	1.040777960096419
129107.37286194683	1000.0	1796.5977010072056	0.0	0	0.0	2903.9705629541277	1	0	tensor(3)	1.040777960096419
129565.33528343696	1000.0	2338.63527951708	0.0	0	0.0	2903.9705629541277	1	0	tensor(3)	1.040777960096419
131156.22684444048	2000.0	1747.7437185135561	0.0	0	0.0	2903.9705629541277	1	0	tensor(3)	1.0407779600964189
132012.21856678935	1000.0	1891.7519961647065	0.0	0	0.0	2903.970562954157	1	0	tensor(3)	0.34763077953647104
133004.7942488645	2000.0	1899.1763140895982	0.0	0	0.0	2903.9705629542004	1	0	tensor(3)	1.0407779600964093
134612.35524635427	2000.0	1291.6153165998196	0.0	0	0.0	2903.9705629542004	1	0	tensor(3)	1.7339251406563512
135572.9977239612	1000.0	1330.9728389928657	0.0	0	0.0	2903.9705629542004	1	0	tensor(3)	0.3476307795364619
136290.39641052595	1000.0	1613.574152428111	0.0	0	0.0	2903.9705629542004	1	0	tensor(3)	1.040777960096407
137153.40862094588	1000.0	1750.5619420081644	0.0	0	0.0	2903.9705629542004	1	0	tensor(3)	1.040777960096407
138161.1938067956	1000.0	1742.7767561584492	0.0	0	0.0	2903.9705629542295	1	0	tensor(3)	1.0407779600964022
139238.57250023884	1000.0	1665.3980627152127	0.0	0	0.0	2903.9705629542295	1	0	tensor(3)	1.0407779600964022
140089.97845538947	1000.0	1813.9921075645705	0.0	0	0.0	2903.9705629542004	1	0	tensor(3)	1.040777960096407
140709.8000655747	1000.0	2194.170497379336	0.0	0	0.0	2903.9705629541713	1	0	tensor(3)	1.0407779600964118
141642.00468220006	1000.0	2261.965880753981	0.0	0	0.0	2903.9705629541713	1	0	tensor(3)	1.0407779600964118
142684.93196737833	1000.0	2219.0385955756883	0.0	0	0.0	2903.9705629542004	1	0	tensor(3)	1.040777960096407
143437.52702296368	1000.0	2466.4435399903305	0.0	0	0.0	2903.9705629542004	1	0	tensor(3)	1.040777960096407
144222.5811396194	1000.0	2681.3894233346005	0.0	0	0.0	2903.9705629542004	1	0	tensor(3)	1.040777960096407
145200.0	1000.0	2703.9705629539944	0.0	0	459.6972430484893	2903.9705629541713	1	0	tensor(3)	1.0407779600964118
146200.0	1000.0	2703.9705629540063	0.0	0	213.61173609967227	2903.9705629542004	1	0	tensor(3)	1.040777960096407
147200.0	1000.0	2703.9705629540013	0.0	0	386.4019097206765	2903.9705629542004	1	0	tensor(3)	1.040777960096407
148838.3267040331	2000.0	2065.6438589209056	0.0	0	0.0	2903.9705629542004	1	0	tensor(3)	1.040777960096407
150039.45532449978	2000.0	1864.5152384542064	0.0	0	0.0	2903.9705629542004	1	0	tensor(3)	1.733925140656352
150849.48974023017	1000.0	2054.4808227238273	0.0	0	0.0	2903.9705629542004	1	0	tensor(3)	0.3476307795364619
151805.06389320423	1000.0	2098.906669749752	0.0	0	0.0	2903.9705629542004	1	0	tensor(3)	1.040777960096407
153189.9734379757	1000.0	1713.9971249782795	0.0	0	0.0	2903.9705629542004	1	0	tensor(3)	1.040777960096407
154621.34585604552	1000.0	1282.6247069084907	0.0	0	0.0	2903.9705629542295	1	0	tensor(3)	1.0407779600964022
155691.1847076926	1000.0	1212.7858552614166	0.0	0	0.0	2903.9705629542295	1	0	tensor(3)	1.0407779600964022
156434.02447414366	1000.0	1469.9460888103333	0.0	0	0.0	2903.9705629542295	1	0	tensor(3)	1.0407779600964022
157172.93541578486	1000.0	1731.0351471691388	0.0	0	0.0	2903.9705629542295	1	0	tensor(3)	1.0407779600964022
158264.1141662622	1000.0	1639.8563966917754	0.0	0	0.0	2903.9705629542295	1	0	tensor(3)	1.0407779600964022
158985.05217526117	1000.0	1918.9183876928337	0.0	0	0.0	2903.9705629542295	1	0	tensor(3)	1.0407779600964022
159801.72612696758	1000.0	2102.2444359864076	0.0	0	0.0	2903.9705629542586	1	0	tensor(3)	1.0407779600963973
160573.18107662429	1000.0	2330.7894863297115	0.0	0	0.0	2903.9705629542586	1	0	tensor(3)	1.0407779600963973
161200.0	1000.0	2703.9705629540153	0.0	0	46.42989477759693	2903.9705629542877	1	0	tensor(3)	1.0407779600963925
162200.0	1000.0	2703.970562953979	0.0	0	222.11146749707405	2903.9705629542586	1	0	tensor(3)	1.0407779600963973
163200.0	1000.0	2703.9705629539953	0.0	0	290.6715400032408	2903.9705629542586	1	0	tensor(3)	1.0407779600963973
164200.0	1000.0	2703.9705629539703	0.0	0	440.5524175456085	2903.9705629542586	1	0	tensor(3)	1.0407779600963973
165200.0	2000.0	2703.9705629539812	0.0	0	38.901774422003655	2903.9705629542586	1	0	tensor(3)	1.0407779600963973
166423.72177038647	2000.0	2480.248792567522	0.0	0	0.0	2903.9705629542586	1	0	tensor(3)	1.7339251406563425
167200.0	1000.0	2703.970562953989	0.0	0	72.78393822812359	2903.9705629542877	1	0	tensor(3)	0.3476307795364474
168200.0	1000.0	2703.970562953994	0.0	0	104.45573672381579	2903.9705629542877	1	0	tensor(3)	1.0407779600963925
169200.0	1000.0	2703.9705629539944	0.0	0	559.1889151520445	2903.9705629542877	1	0	tensor(3)	1.0407779600963925
170240.68465791707	2000.0	2663.28590503692	0.0	0	0.0	2903.970562954317	1	0	tensor(3)	1.0407779600963916
171200.0	2000.0	2703.970562953955	0.0	0	212.8772986162512	2903.970562954317	1	0	tensor(3)	1.7339251406563327
172988.55998159546	3000.0	1915.4105813584708	0.0	0	0.0	2903.9705629542877	1	0	tensor(3)	1.7339251406563367
174488.29031204697	2000.0	1415.6802509069953	0.0	0	0.0	2903.970562954317	1	0	tensor(3)	1.328460032548171
175277.16554799787	1000.0	1626.8050149561152	0.0	0	0.0	2903.970562954346	1	0	tensor(3)	0.34763077953643773
175917.29788133572	1000.0	1986.6726816182902	0.0	0	0.0	2903.970562954346	1	0	tensor(3)	1.040777960096383
176623.83377339106	1000.0	2280.136789562935	0.0	0	0.0	2903.970562954346	1	0	tensor(3)	1.040777960096383
178193.34043910023	2000.0	1710.6301238537665	0.0	0	0.0	2903.970562954346	1	0	tensor(3)	1.040777960096383
178941.88648085672	1000.0	1962.0840820972717	0.0	0	0.0	2903.970562954317	1	0	tensor(3)	0.3476307795364426
179673.03658797932	2000.0	2230.9339749746623	0.0	0	0.0	2903.970562954317	1	0	tensor(3)	1.0407779600963876
180367.17028665694	2000.0	2536.800276297056	0.0	0	0.0	2903.970562954317	1	0	tensor(3)	1.7339251406563327
181203.29414194744	2000.0	2700.6764210065544	0.0	0	0.0	2903.970562954346	1	0	tensor(3)	1.733925140656328
183536.90451521132	2000.0	1367.0660477426698	0.0	0	0.0	2903.970562954346	1	0	tensor(3)	1.733925140656328
184262.95226619675	1000.0	1641.0182967572473	0.0	0	0.0	2903.970562954346	1	0	tensor(3)	0.34763077953643773
185197.14440882302	1000.0	1706.8261541309846	0.0	0	0.0	2903.970562954346	1	0	tensor(3)	1.040777960096383
185867.358321333	1000.0	2036.612241621022	0.0	0	0.0	2903.970562954346	1	0	tensor(3)	1.040777960096383
187045.99384224074	2000.0	1857.976720713304	0.0	0	0.0	2903.970562954346	1	0	tensor(3)	1.040777960096383
187638.79259801056	1000.0	2265.177964943509	0.0	0	0.0	2903.970562954346	1	0	tensor(3)	0.34763077953643773
189670.64337130098	2000.0	1233.3271916530864	0.0	0	0.0	2903.970562954346	1	0	tensor(3)	1.040777960096383
190744.55407704215	1000.0	1159.4164859119005	0.0	0	0.0	2903.970562954346	1	0	tensor(3)	0.34763077953643773
191706.08151047098	1000.0	1197.8890524830779	0.0	0	0.0	2903.970562954317	1	0	tensor(3)	1.0407779600963878
192614.23202565568	1000.0	1289.738537298349	0.0	0	0.0	2903.9705629542877	1	0	tensor(3)	1.0407779600963925
193358.19444706824	1000.0	1545.7761158857966	0.0	0	0.0	2903.970562954346	1	0	tensor(3)	1.0407779600963867
194360.73182535416	1000.0	1543.238737599869	0.0	0	0.0	2903.9705629542877	1	0	tensor(3)	1.0407779600963896
195044.07151804096	1000.0	1859.8990449130692	0.0	0	0.0	2903.9705629542877	1	0	tensor(3)	1.0407779600963925
195637.60617550332	1000.0	2266.3643874507125	0.0	0	0.0	2903.9705629542877	1	0	tensor(3)	1.0407779600963925
196218.32283750398	1000.0	2685.647725450058	0.0	0	0.0	2903.970562954317	1	0	tensor(3)	1.0407779600963878
197200.0	1000.0	2703.9705629540103	0.0	0	161.1903050489782	2903.970562954317	1	0	tensor(3)	1.0407779600963878
199569.8829632759	2000.0	1334.0875996781222	0.0	0	0.0	2903.9705629542877	1	0	tensor(3)	1.0407779600963925
200495.45475592883	1000.0	1408.5158070252123	0.0	0	0.0	2903.9705629542586	1	0	tensor(3)	0.34763077953645216
201374.08388798335	1000.0	1529.8866749707029	0.0	0	0.0	2903.9705629542295	1	0	tensor(3)	1.0407779600964022
202127.3525763363	1000.0	1776.6179866177274	0.0	0	0.0	2903.9705629542295	1	0	tensor(3)	1.0407779600964022
202779.24029306445	1000.0	2124.7302698895705	0.0	0	0.0	2903.9705629542004	1	0	tensor(3)	1.040777960096407
203695.56770559627	2000.0	2208.40285735776	0.0	0	0.0	2903.9705629542295	1	0	tensor(3)	1.040777960096402
204506.03019912026	2000.0	2397.9403638337903	0.0	0	0.0	2903.9705629542295	1	0	tensor(3)	1.7339251406563472
205519.0090114238	2000.0	2384.9615515302435	0.0	0	0.0	2903.9705629542004	1	0	tensor(3)	1.7339251406563498
206882.11023774225	2000.0	2021.860325211768	0.0	0	0.0	2903.9705629542004	1	0	tensor(3)	1.733925140656352
208139.95294765974	2000.0	1764.0176152942952	0.0	0	0.0	2903.9705629542295	1	0	tensor(3)	1.7339251406563472
209217.74158839765	2000.0	1686.2289745563614	0.0	0	0.0	2903.9705629542295	1	0	tensor(3)	1.7339251406563472
210866.16951885802	2000.0	1037.801044095997	0.0	0	0.0	2903.9705629542295	1	0	tensor(3)	1.7339251406563472
212358.93541833747	1000.0	545.0351446165522	0.0	0	0.0	2903.9705629542004	1	0	tensor(3)	0.34763077953645793
213041.7348596086	1000.0	862.2357033454216	0.0	0	0.0	2903.9705629542295	1	0	tensor(3)	1.0407779600964022
213924.50070024867	1000.0	979.4698627053612	0.0	0	0.0	2903.9705629542295	1	0	tensor(3)	1.0407779600964022
214966.89107306147	1000.0	937.0794898925512	0.0	0	0.0	2903.9705629542004	1	0	tensor(3)	1.040777960096407
215406.1503224219	500.0	1497.8202405321658	0.0	0	0.0	2903.9705629542295	1	0	tensor(3)	-0.34551640102348863
216120.35579651216	1000.0	1783.614766441935	0.0	0	0.0	2903.9705629542586	1	0	tensor(3)	0.34763077953645194
216824.3730329725	1000.0	2079.597529981562	0.0	0	0.0	2903.9705629542586	1	0	tensor(3)	1.0407779600963973
217500.41008133677	1000.0	2403.5604816173	0.0	0	0.0	2903.9705629542877	1	0	tensor(3)	1.0407779600963925
218200.0	1000.0	2703.9705629540586	0.0	0	125.17509227251867	2903.9705629542877	1	0	tensor(3)	1.0407779600963925
219200.0	1000.0	2703.9705629540686	0.0	0	511.36634940226213	2903.9705629542877	1	0	tensor(3)	1.0407779600963925
220614.08671732878	2000.0	2289.8838456253097	0.0	0	0.0	2903.9705629542586	1	0	tensor(3)	1.0407779600963973
221412.88010059443	2000.0	2491.09046235969	0.0	0	0.0	2903.9705629542877	1	0	tensor(3)	1.7339251406563405
222610.24987127387	2000.0	2293.72069168024	0.0	0	0.0	2903.9705629542877	1	0	tensor(3)	1.7339251406563378
223830.65004837397	2000.0	2073.320514580174	0.0	0	0.0	2903.9705629542586	1	0	tensor(3)	1.7339251406563425
225084.10671243662	2000.0	1819.8638505174874	0.0	0	0.0	2903.9705629542586	1	0	tensor(3)	1.7339251406563425
225767.68436045584	2000.0	2136.286202498247	0.0	0	0.0	2903.9705629542295	1	0	tensor(3)	1.7339251406563472
226873.88088645946	2000.0	2030.0896764946353	0.0	0	0.0	2903.9705629542586	1	0	tensor(3)	1.7339251406563425
228522.71662877235	2000.0	1381.2539341817494	0.0	0	0.0	2903.9705629542586	1	0	tensor(3)	1.7339251406563425
230067.27613347242	2000.0	836.6944294817241	0.0	0	0.0	2903.9705629542586	1	0	tensor(3)	1.7339251406563425
230796.0772230083	1000.0	1107.893339945862	0.0	0	0.0	2903.9705629542586	1	0	tensor(3)	0.34763077953645216
231546.00674813407	1000.0	1357.9638148200856	0.0	0	0.0	2903.9705629542586	1	0	tensor(3)	1.0407779600963973
232536.67890983235	2000.0	1367.2916531218154	0.0	0	0.0	2903.9705629542295	1	0	tensor(3)	1.0407779600963991
233257.12665196584	1000.0	1646.8439109883209	0.0	0	0.0	2903.9705629542295	1	0	tensor(3)	0.34763077953645694
233932.1719988519	1000.0	1971.7985641022833	0.0	0	0.0	2903.9705629542295	1	0	tensor(3)	1.0407779600964022
234478.93917737296	1000.0	2425.0313855812055	0.0	0	0.0	2903.9705629542295	1	0	tensor(3)	1.0407779600964022
235643.21351400818	2000.0	2260.7570489459795	0.0	0	0.0	2903.9705629542295	1	0	tensor(3)	1.040777960096402
236608.1899120428	2000.0	2295.780650911355	0.0	0	0.0	2903.9705629542004	1	0	tensor(3)	1.733925140656352
237700.0799560095	2000.0	2203.890606944692	0.0	0	0.0	2903.9705629542295	1	0	tensor(3)	1.733925140656348
238879.86019744273	2000.0	2024.1103655114198	0.0	0	0.0	2903.9705629542004	1	0	tensor(3)	1.733925140656352
239914.85645908504	2000.0	1989.1141038691203	0.0	0	0.0	2903.9705629542004	1	0	tensor(3)	1.733925140656352
241356.75225215752	2000.0	1547.2183107966548	0.0	0	0.0	2903.9705629542004	1	0	tensor(3)	1.733925140656352
242086.26965746025	1000.0	1817.7009054939326	0.0	0	0.0	2903.9705629542004	1	0	tensor(3)	0.3476307795364619
243996.46092620687	2000.0	907.5096367473018	0.0	0	0.0	2903.9705629542004	1	0	tensor(3)	1.040777960096407
245403.75117303693	2000.0	500.2193899172411	0.0	0	0.0	2903.9705629541713	1	0	tensor(3)	1.7339251406563543
246104.38046087764	1000.0	799.5901020765114	0.0	0	0.0	2903.9705629541713	1	0	tensor(3)	0.3476307795364666
246842.59929337323	1000.0	1061.371269580909	0.0	0	0.0	2903.970562954142	1	0	tensor(3)	1.0407779600964167
247589.3432893441	1000.0	1314.6272736100404	0.0	0	0.0	2903.970562954113	1	0	tensor(3)	1.0407779600964207
248406.99412547075	1000.0	1496.9764374833917	0.0	0	0.0	2903.970562954113	1	0	tensor(3)	1.0407779600964215
249774.95761255804	1000.0	1129.0129503961043	0.0	0	0.0	2903.970562954084	1	0	tensor(3)	1.0407779600964264
250334.6345755528	500.0	1569.3359874013333	0.0	0	0.0	2903.970562954084	1	0	tensor(3)	-0.3455164010234646
251374.13491791085	1000.0	1529.8356450433046	0.0	0	0.0	2903.970562954113	1	0	tensor(3)	0.3476307795364761
252149.61686280044	1000.0	1754.353700153708	0.0	0	0.0	2903.970562954142	1	0	tensor(3)	1.0407779600964167
252976.97637773206	1000.0	1926.9941852220777	0.0	0	0.0	2903.970562954142	1	0	tensor(3)	1.0407779600964167
253527.34963247212	1000.0	2376.6209304820313	0.0	0	0.0	2903.970562954113	1	0	tensor(3)	1.0407779600964215
254368.7715479719	1000.0	2535.199014982244	0.0	0	0.0	2903.970562954084	1	0	tensor(3)	1.0407779600964233
255215.90555192955	1000.0	2688.065011024599	0.0	0	0.0	2903.970562954084	1	0	tensor(3)	1.0407779600964264
256200.0	1000.0	2703.9705629541563	0.0	0	263.85908237384865	2903.970562954084	1	0	tensor(3)	1.0407779600964264
257271.1874762241	2000.0	2632.7830867300786	0.0	0	0.0	2903.970562954084	1	0	tensor(3)	1.0407779600964262
258200.0	2000.0	2703.9705629541586	0.0	0	49.312372626998695	2903.970562954084	1	0	tensor(3)	1.7339251406563714
259402.09163601775	2000.0	2501.878926936409	0.0	0	0.0	2903.970562954084	1	0	tensor(3)	1.7339251406563714
262019.69795004095	2000.0	884.2726129132077	0.0	0	0.0	2903.970562954084	1	0	tensor(3)	1.7339251406563714
262806.82358320605	1000.0	1097.1469797481154	0.0	0	0.0	2903.970562954055	1	0	tensor(3)	0.347630779536483
263651.7019609122	1000.0	1252.268602041908	0.0	0	0.0	2903.9705629539967	1	0	tensor(3)	1.0407779600964397
264138.699043719	1000.0	1765.2715192350872	0.0	0	0.0	2903.9705629539676	1	0	tensor(3)	1.0407779600964409
265629.96589627175	2000.0	1274.0046666823168	0.0	0	0.0	2903.9705629539094	1	0	tensor(3)	1.0407779600964504
266250.0703399563	1000.0	1653.9002229977377	0.0	0	0.0	2903.9705629539094	1	0	tensor(3)	0.34763077953651
266947.29916997976	1000.0	1956.6713929743023	0.0	0	0.0	2903.9705629539094	1	0	tensor(3)	1.0407779600964553
267683.8846398637	1000.0	2220.0859230903734	0.0	0	0.0	2903.9705629539094	1	0	tensor(3)	1.0407779600964553
268581.9706111399	1000.0	2321.9999518141217	0.0	0	0.0	2903.9705629539094	1	0	tensor(3)	1.0407779600964553
269954.98036065925	2000.0	1948.9902022947908	0.0	0	0.0	2903.9705629539676	1	0	tensor(3)	1.0407779600964455
271134.86169999605	2000.0	1769.1088629579476	0.0	0	0.0	2903.970562954026	1	0	tensor(3)	1.733925140656381
271874.52360804024	1000.0	2029.446954913769	0.0	0	0.0	2903.970562954084	1	0	tensor(3)	0.34763077953648114
273881.14637017966	2000.0	1022.8241927743654	0.0	0	0.0	2903.970562954084	1	0	tensor(3)	1.0407779600964262
274632.67390627845	1000.0	1271.296656675575	0.0	0	0.0	2903.970562954142	1	0	tensor(3)	0.3476307795364715
275785.3131027908	1000.0	1118.6574601632256	0.0	0	0.0	2903.970562954142	1	0	tensor(3)	1.0407779600964167
276937.5934413578	1000.0	966.37712159625	0.0	0	0.0	2903.970562954142	1	0	tensor(3)	1.0407779600964167
277636.6684049817	1000.0	1267.3021579723516	0.0	0	0.0	2903.9705629542004	1	0	tensor(3)	1.040777960096407
278295.27957588405	1000.0	1608.6909870700622	0.0	0	0.0	2903.9705629542004	1	0	tensor(3)	1.040777960096407
278979.51116480975	1000.0	1924.4593981443866	0.0	0	0.0	2903.970562954142	1	0	tensor(3)	1.0407779600964167
280139.60193064937	2000.0	1764.3686323047411	0.0	0	0.0	2903.970562954084	1	0	tensor(3)	1.0407779600964262
280767.24689884065	1000.0	2136.7236641134273	0.0	0	0.0	2903.970562954084	1	0	tensor(3)	0.34763077953648114
281939.3428073941	2000.0	1964.6277555599934	0.0	0	0.0	2903.970562954084	1	0	tensor(3)	1.0407779600964262
283218.8408222493	2000.0	1685.1297407047846	0.0	0	0.0	2903.970562954026	1	0	tensor(3)	1.733925140656381
284110.5559680664	1000.0	1793.4145948876483	0.0	0	0.0	2903.970562954026	1	0	tensor(3)	0.34763077953649074
284839.867622146	1000.0	2064.1029408081067	0.0	0	0.0	2903.970562954026	1	0	tensor(3)	1.040777960096436
285827.44329648296	2000.0	2076.5272664711297	0.0	0	0.0	2903.970562954026	1	0	tensor(3)	1.040777960096436
286730.4699055169	1000.0	2173.500657437189	0.0	0	0.0	2903.970562954026	1	0	tensor(3)	0.34763077953649074
287397.6401943927	1000.0	2506.33036856129	0.0	0	0.0	2903.970562954026	1	0	tensor(3)	1.040777960096436
288272.44418295275	1000.0	2631.526380001193	0.0	0	0.0	2903.970562954026	1	0	tensor(3)	1.040777960096436
289200.0	1000.0	2703.970562953938	0.0	0	357.96694411255885	2903.970562954026	1	0	tensor(3)	1.040777960096436
290200.0	1000.0	2703.97056295387	0.0	0	188.9665037334198	2903.970562954026	1	0	tensor(3)	1.040777960096436
291228.7481578529	1000.0	2675.2224051009316	0.0	0	0.0	2903.970562954026	1	0	tensor(3)	1.0407779600964282
292200.0	1000.0	2703.970562953867	0.0	0	151.0506926557282	2903.970562954026	1	0	tensor(3)	1.040777960096436
293248.4277156884	1000.0	2655.542847265403	0.0	0	0.0	2903.970562954026	1	0	tensor(3)	1.040777960096436
294200.0	1000.0	2703.970562953841	0.0	0	66.48375603923341	2903.970562954026	1	0	tensor(3)	1.040777960096436
295968.6684971189	2000.0	1935.3020658349362	0.0	0	0.0	2903.970562954084	1	0	tensor(3)	1.0407779600964282
296820.4753201699	1000.0	2083.4952427839853	0.0	0	0.0	2903.970562954142	1	0	tensor(3)	0.3476307795364715
297730.431671942	1000.0	2173.5388910118154	0.0	0	0.0	2903.970562954142	1	0	tensor(3)	1.0407779600964167
299311.5486050395	2000.0	1592.421957914324	0.0	0	0.0	2903.970562954084	1	0	tensor(3)	1.0407779600964262
300108.5146225064	1000.0	1795.4559404474433	0.0	0	0.0	2903.970562954142	1	0	tensor(3)	0.3476307795364715
300755.2152758318	1000.0	2148.7552871219996	0.0	0	0.0	2903.9705629542004	1	0	tensor(3)	1.040777960096407
1.31	0.75	0.72	1.2	1.37	1.11	1.07	1.22	1.45	1.39	1.22	1.15	1.58	1.93	1.3	1.26	1.29	2.05	2.36	3.35	1.81	1.89	1.84	1.45	1.38	1.78	1.51	1.82	2.29	2.03	0.64	0.85	1.27	1.29	1.78	1.58	1.64	1.36	0.92	1.18	1.26	1.33	0.66	1.18	1.49	1.62	0.95	1.24	1.47	1.19	1.24	1.91	2.26	1.73	1.82	1.97	2.2	1.9	1.1	1.08	0.75	1.14	1.34	1.07	1.65	1.51	1.37	1.76	1.54	2.05	2.05	1.99	1.45	1.95	2.48	1.51	1.4	1.52	1.54	1.39	2.0	1.29	1.26	2.06	2.18	1.56	1.47	2.07	1.95	1.42	1.59	0.88	2.07	1.01	1.52	1.53	1.35	1.08	0.87	1.16	1.24	1.64	1.48	1.27	1.51	2.2	2.46	1.56	0.89	0.8	1.42	1.2	1.77	0.94	1.29	1.33	0.96	1.69	1.95	1.3	1.81	0.85	1.38	1.02	1.3	1.07	1.89	1.82	1.44	1.49	1.98	1.39	0.98	1.52	1.44	1.17	1.2	1.45	1.38	1.09	1.33	1.19	1.53	1.26	1.52	1.02	1.84	1.51	1.53	1.05	1.31	0.75	0.72	1.2	1.37	1.11	1.07	1.22	1.45	1.39	1.22	1.15	1.58	1.93	1.3	1.26	1.29	2.05	2.36	3.35	1.81	1.89	1.84	1.45	1.38	1.78	1.51	1.82	2.29	2.03	0.64	0.85	1.27	1.29	1.78	1.58	1.64	1.36	0.92	1.18	1.26	1.33	0.66	1.18	1.49	1.62	0.95	1.24	1.47	1.19	1.24	1.91	2.26	1.73	1.82	1.97	2.2	1.9	1.1	1.08	0.75	1.14	1.34	1.07	1.65	1.51	1.37	1.76	1.54	2.05	2.05	1.99	1.45	1.95	2.48	1.51	1.4	1.52	1.54	1.39	2.0	1.29	1.26	2.06	2.18	1.56	1.47	2.07	1.95	1.42	1.59	0.88	2.07	1.01	1.52	1.53	1.35	1.08	0.87	1.16	1.24	1.64	1.48	1.27	1.51	2.2	2.46	1.56	0.89	0.8	1.42	1.2	1.77	0.94	1.29	1.33	0.96	1.69	1.95	1.3	1.81	0.85	1.38	1.02	1.3	1.07	1.89	1.82	1.44	1.49	1.98	1.39	0.98	1.52	1.44	1.17	1.2	1.45	1.38	1.09	1.33	1.19	1.53	1.26	1.52	1.02	1.84	1.51	1.53	1.05	1.31	0.75	0.72
1.0	2.0	3.0	4.0	5.0	6.0	7.0	8.0	9.0	10.0	11.0	12.0	13.0	14.0	15.0	16.0	17.0	18.0	19.0	20.0	21.0	22.0	23.0	24.0	25.0	26.0	27.0	28.0	29.0	30.0	31.0	32.0	33.0	34.0	35.0	36.0	37.0	38.0	39.0	40.0	41.0	42.0	43.0	44.0	45.0	46.0	47.0	48.0	49.0	50.0	51.0	52.0	53.0	54.0	55.0	56.0	57.0	58.0	59.0	60.0	61.0	62.0	63.0	64.0	65.0	66.0	67.0	68.0	69.0	70.0	71.0	72.0	73.0	74.0	75.0	76.0	77.0	78.0	79.0	80.0	81.0	82.0	83.0	84.0	85.0	86.0	87.0	88.0	89.0	90.0	91.0	92.0	93.0	94.0	95.0	96.0	97.0	98.0	99.0	100.0	101.0	102.0	103.0	104.0	105.0	106.0	107.0	108.0	109.0	110.0	111.0	112.0	113.0	114.0	115.0	116.0	117.0	118.0	119.0	120.0	121.0	122.0	123.0	124.0	125.0	126.0	127.0	128.0	129.0	130.0	131.0	132.0	133.0	134.0	135.0	136.0	137.0	138.0	139.0	140.0	141.0	142.0	143.0	144.0	145.0	146.0	147.0	148.0	149.0	149.0	150.0	151.0	152.0	153.0	154.0	155.0	156.0	157.0	158.0	159.0	160.0	161.0	162.0	163.0	164.0	165.0	166.0	167.0	168.0	169.0	170.0	171.0	172.0	173.0	174.0	175.0	176.0	177.0	178.0	179.0	180.0	181.0	182.0	183.0	184.0	185.0	186.0	187.0	188.0	189.0	190.0	191.0	192.0	193.0	194.0	195.0	196.0	197.0	198.0	199.0	200.0	201.0	202.0	203.0	204.0	205.0	206.0	207.0	208.0	209.0	210.0	211.0	212.0	213.0	214.0	215.0	216.0	217.0	218.0	219.0	220.0	221.0	222.0	223.0	224.0	225.0	226.0	227.0	228.0	229.0	230.0	231.0	232.0	233.0	234.0	235.0	236.0	237.0	238.0	239.0	240.0	241.0	242.0	243.0	244.0	245.0	246.0	247.0	248.0	249.0	250.0	251.0	252.0	253.0	254.0	255.0	256.0	257.0	258.0	259.0	260.0	261.0	262.0	263.0	264.0	265.0	266.0	267.0	268.0	269.0	270.0	271.0	272.0	273.0	274.0	275.0	276.0	277.0	278.0	279.0	280.0	281.0	282.0	283.0	284.0	285.0	286.0	287.0	288.0	289.0	290.0	291.0	292.0	293.0	294.0	295.0	296.0	297.0	298.0	298.0	299.0	300.0	301.0
2222.1679514322755
