6014.774774512541	300.0	2000.0	147.19270035443355	0	0.0	4014.7747745125407	1	0	tensor(6)	-7.343759010563539
7200.0	300.0	1814.799999999999	0.0	0	828.3740270795488	2014.8000000000002	1	0	tensor(6)	-6.063107472999651
8200.0	2000.0	1814.7999999999995	0.0	0	47.92273037337054	2014.800000000001	1	0	tensor(3)	-0.06310747299965203
9642.330865636031	3000.0	1372.4691343639674	0.0	0	0.0	2014.8000000000002	1	0	tensor(3)	1.8340125118862294
10920.09688224451	2000.0	1094.703117755488	0.0	0	0.0	2014.7999999999993	1	0	tensor(3)	1.4285474037780648
11748.855583543542	1000.0	1265.944416456456	0.0	0	0.0	2014.800000000001	1	0	tensor(3)	0.4477181507663388
12860.986096452669	1000.0	1153.8139035473296	0.0	0	0.0	2014.7999999999975	1	0	tensor(3)	1.1408653313262842
13426.985277695787	1000.0	1587.8147223042104	0.0	0	0.0	2014.7999999999975	1	0	tensor(3)	1.1408653313262842
14240.11321818935	2000.0	1774.6867818106457	0.0	0	0.0	2014.7999999999956	1	0	tensor(3)	1.1408653313262844
15772.344568868255	2000.0	1242.455431131741	0.0	0	0.0	2014.7999999999956	1	0	tensor(3)	1.8340125118862296
16663.83157118719	1000.0	1350.9684288128037	0.0	0	0.0	2014.7999999999938	1	0	tensor(3)	0.44771815076633925
17503.37120889547	1000.0	1511.4287911045244	0.0	0	0.0	2014.7999999999956	1	0	tensor(3)	1.1408653313262844
18676.669298910037	2000.0	1338.130701089956	0.0	0	0.0	2014.7999999999956	1	0	tensor(3)	1.1408653313262844
19707.136085006427	2000.0	1307.6639149935695	0.0	0	0.0	2014.799999999992	1	0	tensor(3)	1.8340125118862298
21056.789931930245	2000.0	958.0100680697543	0.0	0	0.0	2014.7999999999993	1	0	tensor(3)	1.8340125118862296
21961.553549849046	2000.0	1053.2464501509535	0.0	0	0.0	2014.7999999999993	1	0	tensor(3)	1.8340125118862294
22479.017137227765	2000.0	1535.78286277224	0.0	0	0.0	2014.7999999999993	1	0	tensor(3)	1.8340125118862294
23208.369497923322	3000.0	1806.4305020766813	0.0	0	0.0	2014.7999999999993	1	0	tensor(3)	1.8340125118862296
24200.0	3000.0	1814.800000000003	0.0	0	308.11577815550845	2014.7999999999993	1	0	tensor(3)	2.239477619994394
25200.0	3000.0	1814.8000000000004	0.0	0	267.3899149077806	2014.800000000003	1	0	tensor(3)	2.239477619994394
26317.54249817626	3000.0	1697.2575018237385	0.0	0	0.0	2014.800000000003	1	0	tensor(3)	2.239477619994394
27399.110208221915	3000.0	1615.689791778087	0.0	0	0.0	2014.800000000003	1	0	tensor(3)	2.239477619994394
28783.518467525588	3000.0	1231.2815324744106	0.0	0	0.0	2014.800000000003	1	0	tensor(3)	2.239477619994394
29756.94233949584	3000.0	1257.8576605041576	0.0	0	0.0	2014.800000000003	1	0	tensor(3)	2.239477619994394
30620.072844880517	3000.0	1394.7271551194813	0.0	0	0.0	2014.800000000003	1	0	tensor(3)	2.239477619994394
31893.80631032452	3000.0	1120.9936896754814	0.0	0	0.0	2014.800000000003	1	0	tensor(3)	2.239477619994394
33659.885019875706	3000.0	354.9149801243004	0.0	0	0.0	2014.8000000000138	1	0	tensor(3)	2.2394776199943935
35036.71468492144	2000.0	317.2025651996197	339.11725012105086	0	0.0	2353.917250121067	1	0	tensor(3)	-0.6348765470619799
36139.396557914784	2000.0	374.0041975377618	159.48350533148732	0	0.0	2513.4007554525524	1	0	tensor(3)	0.8313256964013518
37179.02809008697	2000.0	488.30739184909504	153.93472648352332	0	0.0	2667.3354819360757	1	0	tensor(3)	0.8455323324664838
37949.52948609804	2000.0	717.8059958380293	0.0	0	0.0	2667.33548193609	1	0	tensor(3)	1.7691406913676226
39012.82866953534	2000.0	654.5068124007291	0.0	0	0.0	2667.33548193609	1	0	tensor(3)	1.769140691367622
39644.46635855418	2000.0	1022.869123381896	0.0	0	0.0	2667.33548193609	1	0	tensor(3)	1.769140691367622
40617.361989145465	2000.0	1049.9734927906065	0.0	0	0.0	2667.33548193609	1	0	tensor(3)	1.769140691367622
41647.02248755526	2000.0	1020.3129943808086	0.0	0	0.0	2667.33548193609	1	0	tensor(3)	1.769140691367622
42622.27455803041	2000.0	1045.060923905661	0.0	0	0.0	2667.33548193609	1	0	tensor(3)	1.769140691367622
43634.36056457139	2000.0	1032.974917364685	0.0	0	0.0	2667.33548193609	1	0	tensor(3)	1.769140691367622
45088.946503909596	2000.0	578.3889780264811	0.0	0	0.0	2667.3354819360975	1	0	tensor(3)	1.7691406913676218
45905.715671619546	1000.0	761.6198103165283	0.0	0	0.0	2667.3354819360975	1	0	tensor(3)	0.3828463302477305
46794.78060330875	2000.0	872.5548786273225	0.0	0	0.0	2667.3354819360975	1	0	tensor(3)	1.0759935108076757
47704.04800860537	2000.0	963.2874733307032	0.0	0	0.0	2667.3354819360975	1	0	tensor(3)	1.7691406913676209
48594.10612743553	2000.0	1073.2293545005505	0.0	0	0.0	2667.3354819361048	1	0	tensor(3)	1.76914069136762
49656.75569554187	2000.0	1010.5797863942092	0.0	0	0.0	2667.3354819361048	1	0	tensor(3)	1.76914069136762
50517.33666886775	2000.0	1149.9988130683282	0.0	0	0.0	2667.335481936112	1	0	tensor(3)	1.7691406913676189
51455.39760080959	2000.0	1211.9378811264746	0.0	0	0.0	2667.335481936112	1	0	tensor(3)	1.7691406913676189
52813.59705593124	2000.0	853.7384260048277	0.0	0	0.0	2667.335481936112	1	0	tensor(3)	1.7691406913676189
53837.11945779915	2000.0	830.2160241369218	0.0	0	0.0	2667.335481936112	1	0	tensor(3)	1.7691406913676189
55204.66836920044	2000.0	462.66711273563124	0.0	0	0.0	2667.335481936112	1	0	tensor(3)	1.7691406913676189
55644.439772726255	500.0	1022.8957092098077	0.0	0	0.0	2667.335481936112	1	0	tensor(3)	-1.0034480308721625
56498.77868074416	1000.0	1168.5568011919074	0.0	0	0.0	2667.3354819361193	1	0	tensor(3)	0.3828463302477275
56969.55808398982	1000.0	1697.7773979462445	0.0	0	0.0	2667.3354819361193	1	0	tensor(3)	1.075993510807673
58001.68691643812	2000.0	1665.6485654979406	0.0	0	0.0	2667.3354819361193	1	0	tensor(3)	1.0759935108076728
58944.37156082859	2000.0	1722.9639211074632	0.0	0	0.0	2667.3354819361193	1	0	tensor(3)	1.769140691367618
59949.85944921107	2000.0	1717.4760327249967	0.0	0	0.0	2667.3354819361266	1	0	tensor(3)	1.7691406913676169
60698.97098062735	3000.0	1968.364501308712	0.0	0	0.0	2667.3354819361266	1	0	tensor(3)	1.769140691367617
61543.27332630002	3000.0	2124.062155636044	0.0	0	0.0	2667.3354819361266	1	0	tensor(3)	2.1746057994757817
62784.551812635356	3000.0	1882.7836693007125	0.0	0	0.0	2667.3354819361266	1	0	tensor(3)	2.1746057994757817
64061.474517116665	3000.0	1605.860964819407	0.0	0	0.0	2667.3354819361266	1	0	tensor(3)	2.1746057994757817
65541.87777854336	3000.0	1125.4577033927144	0.0	0	0.0	2667.3354819361266	1	0	tensor(3)	2.1746057994757817
66443.96248633848	3000.0	1223.3729955976096	0.0	0	0.0	2667.335481936141	1	0	tensor(3)	2.17460579947578
68325.6426144064	2000.0	341.69286752969583	0.0	0	0.0	2667.335481936141	1	0	tensor(3)	1.3636755832594498
69085.28685511465	1000.0	712.5856822051164	130.5370553836471	0	0.0	2797.872537319796	1	0	tensor(3)	-0.4188491801397747
70009.77126049298	2000.0	788.1012768267879	0.0	0	0.0	2797.872537319796	1	0	tensor(3)	1.057520332722053
70698.7628637783	2000.0	1099.1096735414858	0.0	0	0.0	2797.872537319796	1	0	tensor(3)	1.7506675132819982
71546.48057163609	2000.0	1251.391965683718	0.0	0	0.0	2797.872537319796	1	0	tensor(3)	1.7506675132819982
72465.75172758938	2000.0	1332.1208097304311	0.0	0	0.0	2797.872537319796	1	0	tensor(3)	1.7506675132819982
73581.38927599939	2000.0	1216.483261320444	0.0	0	0.0	2797.8725373198104	1	0	tensor(3)	1.750667513281996
74341.02111883987	2000.0	1456.8514184799567	0.0	0	0.0	2797.872537319796	1	0	tensor(3)	1.7506675132819982
74979.78064239703	2000.0	1818.0918949228005	0.0	0	0.0	2797.872537319796	1	0	tensor(3)	1.7506675132819982
76548.64536320328	3000.0	1249.2271741165562	0.0	0	0.0	2797.8725373197813	1	0	tensor(3)	1.7506675132820004
77785.16125170315	2000.0	1012.7112856166915	0.0	0	0.0	2797.8725373197813	1	0	tensor(3)	1.3452024051738356
78943.77757300746	2000.0	854.0949643123586	0.0	0	0.0	2797.8725373197813	1	0	tensor(3)	1.7506675132820002
79928.64077811084	2000.0	869.2317592089762	0.0	0	0.0	2797.8725373197667	1	0	tensor(3)	1.7506675132820024
80898.34162548333	2000.0	899.5309118365014	0.0	0	0.0	2797.8725373197667	1	0	tensor(3)	1.7506675132820024
81808.1280083508	2000.0	989.7445289690164	0.0	0	0.0	2797.8725373197667	1	0	tensor(3)	1.7506675132820024
82387.09123194945	2000.0	1410.781305370361	0.0	0	0.0	2797.8725373197667	1	0	tensor(3)	1.7506675132820024
83802.29533225598	3000.0	995.5772050638327	0.0	0	0.0	2797.8725373197667	1	0	tensor(3)	1.7506675132820027
84857.08496469168	2000.0	940.7875726281351	0.0	0	0.0	2797.8725373197667	1	0	tensor(3)	1.3452024051738378
85845.58289733814	2000.0	952.2896399816467	0.0	0	0.0	2797.8725373197667	1	0	tensor(3)	1.7506675132820024
86616.35034321102	2000.0	1181.5221941087855	0.0	0	0.0	2797.8725373197667	1	0	tensor(3)	1.7506675132820024
87317.28319493581	2000.0	1480.5893423839966	0.0	0	0.0	2797.8725373197667	1	0	tensor(3)	1.7506675132820024
88537.3074071185	3000.0	1260.5651302013137	0.0	0	0.0	2797.8725373197813	1	0	tensor(3)	1.7506675132820004
89541.5085012481	2000.0	1256.364036071708	0.0	0	0.0	2797.8725373197813	1	0	tensor(3)	1.3452024051738356
90733.78798544678	2000.0	1064.084551873043	0.0	0	0.0	2797.8725373197813	1	0	tensor(3)	1.7506675132820002
91711.44331777364	2000.0	1086.4292195461733	0.0	0	0.0	2797.8725373197813	1	0	tensor(3)	1.7506675132820002
92877.72625084103	2000.0	920.1462864787782	0.0	0	0.0	2797.8725373197813	1	0	tensor(3)	1.7506675132820002
93782.37541274932	2000.0	1015.497124570493	0.0	0	0.0	2797.8725373197813	1	0	tensor(3)	1.7506675132820002
94709.01298750738	2000.0	1088.8595498124441	0.0	0	0.0	2797.872537319796	1	0	tensor(3)	1.7506675132819982
95774.97646280754	2000.0	1022.8960745122766	0.0	0	0.0	2797.872537319796	1	0	tensor(3)	1.7506675132819982
96456.29892981958	2000.0	1341.573607500255	0.0	0	0.0	2797.872537319796	1	0	tensor(3)	1.7506675132819982
97251.44825786476	2000.0	1546.4242794550648	0.0	0	0.0	2797.872537319796	1	0	tensor(3)	1.7506675132819982
97978.70293991748	3000.0	1819.1695974023507	0.0	0	0.0	2797.8725373198104	1	0	tensor(3)	1.7506675132819962
98969.94278418561	3000.0	1827.929753134224	0.0	0	0.0	2797.8725373198104	1	0	tensor(3)	2.1561326213901606
100188.52323614554	3000.0	1609.3493011742978	0.0	0	0.0	2797.872537319796	1	0	tensor(3)	2.156132621390163
101444.03657488282	3000.0	1353.8359624370073	0.0	0	0.0	2797.872537319796	1	0	tensor(3)	2.156132621390163
102403.38169140337	3000.0	1394.490845916473	0.0	0	0.0	2797.8725373198104	1	0	tensor(3)	2.1561326213901606
103833.26427814973	3000.0	964.60825917012	0.0	0	0.0	2797.8725373198104	1	0	tensor(3)	2.1561326213901606
105179.26078879135	2000.0	618.6117485285012	0.0	0	0.0	2797.8725373198104	1	0	tensor(3)	1.3452024051738314
106334.11690228527	2000.0	463.7556350345814	0.0	0	0.0	2797.8725373198104	1	0	tensor(3)	1.750667513281996
106769.31005344684	1000.0	1028.56248387299	0.0	0	0.0	2797.872537319796	1	0	tensor(3)	0.36437315216210786
107720.49630270842	2000.0	1077.3762346114115	0.0	0	0.0	2797.872537319796	1	0	tensor(3)	1.057520332722053
109027.40898868293	2000.0	770.463548636895	0.0	0	0.0	2797.8725373198104	1	0	tensor(3)	1.750667513281996
110099.42731623813	2000.0	698.4452210816996	0.0	0	0.0	2797.8725373198104	1	0	tensor(3)	1.750667513281996
110664.0421826223	2000.0	1133.8303546975108	0.0	0	0.0	2797.8725373198104	1	0	tensor(3)	1.750667513281996
111281.40004293142	2000.0	1516.4724943883919	0.0	0	0.0	2797.872537319825	1	0	tensor(3)	1.7506675132819938
112645.94194460966	3000.0	1151.9305927101448	0.0	0	0.0	2797.872537319825	1	0	tensor(3)	1.750667513281994
113300.34958002948	3000.0	1497.5229572903256	0.0	0	0.0	2797.872537319825	1	0	tensor(3)	2.1561326213901584
114041.17250078979	3000.0	1756.700036529996	0.0	0	0.0	2797.872537319825	1	0	tensor(3)	2.1561326213901584
115193.60740140194	3000.0	1604.265135917844	0.0	0	0.0	2797.872537319825	1	0	tensor(3)	2.1561326213901584
116503.23479672585	3000.0	1294.6377405939372	0.0	0	0.0	2797.8725373198395	1	0	tensor(3)	2.156132621390156
117878.90656935648	3000.0	918.9659679633229	0.0	0	0.0	2797.8725373198395	1	0	tensor(3)	2.156132621390156
119016.53086660836	2000.0	781.341670711423	0.0	0	0.0	2797.8725373198395	1	0	tensor(3)	1.345202405173827
120192.25197064741	2000.0	605.6205666723705	0.0	0	0.0	2797.872537319854	1	0	tensor(3)	1.7506675132819893
121186.5029924834	2000.0	611.3695448363923	0.0	0	0.0	2797.872537319854	1	0	tensor(3)	1.7506675132819893
122251.27182740794	2000.0	546.6007099118491	0.0	0	0.0	2797.872537319854	1	0	tensor(3)	1.7506675132819893
123332.70153354955	2000.0	477.20042642119347	12.029422650952199	0	0.0	2809.9019599708117	1	0	tensor(3)	1.6766737169988526
124115.96845383561	2000.0	693.9335061351395	0.0	0	0.0	2809.9019599708263	1	0	tensor(3)	1.7488502529045635
124760.20107008379	2000.0	1049.7008898869572	0.0	0	0.0	2809.9019599708263	1	0	tensor(3)	1.7488502529045635
125615.19816213059	3000.0	1194.703797840126	0.0	0	0.0	2809.9019599708263	1	0	tensor(3)	1.7488502529045638
126466.28955848012	3000.0	1343.6124014906168	0.0	0	0.0	2809.9019599708263	1	0	tensor(3)	2.154315361012728
127486.45905516138	3000.0	1323.4429048093475	0.0	0	0.0	2809.9019599708117	1	0	tensor(3)	2.1543153610127304
129193.66884579572	3000.0	616.2331141749918	0.0	0	0.0	2809.9019599708117	1	0	tensor(3)	2.1543153610127304
129802.61087890038	2000.0	1007.2910810703369	0.0	0	0.0	2809.9019599708117	1	0	tensor(3)	1.3433851447964011
130677.89077399008	2000.0	1132.0111859806339	0.0	0	0.0	2809.9019599708117	1	0	tensor(3)	1.7488502529045657
132052.73502819083	3000.0	757.1669317799058	0.0	0	0.0	2809.901959970841	1	0	tensor(3)	1.7488502529045629
133424.2950459069	2000.0	385.60691406380886	0.0	0	0.0	2809.9019599708263	1	0	tensor(3)	1.3433851447963971
134109.28462070672	1000.0	700.6173392640048	0.0	0	0.0	2809.9019599708554	1	0	tensor(3)	0.3625558917846693
134947.7334413557	2000.0	862.1685186150307	0.0	0	0.0	2809.9019599708845	1	0	tensor(3)	1.0557030723446121
135722.94653363628	2000.0	1086.9554263344537	0.0	0	0.0	2809.9019599708845	1	0	tensor(3)	1.7488502529045546
136481.8728566869	2000.0	1328.0291032837952	0.0	0	0.0	2809.9019599708554	1	0	tensor(3)	1.748850252904559
137849.1318758076	2000.0	960.7700841631059	0.0	0	0.0	2809.9019599708554	1	0	tensor(3)	1.748850252904559
138921.63705444633	2000.0	888.2649055243354	0.0	0	0.0	2809.9019599708554	1	0	tensor(3)	1.748850252904559
139559.60906174718	2000.0	1250.2928982234673	0.0	0	0.0	2809.9019599708263	1	0	tensor(3)	1.7488502529045635
141029.59597889046	3000.0	780.3059810802289	0.0	0	0.0	2809.9019599708263	1	0	tensor(3)	1.7488502529045638
141793.10636598582	2000.0	1016.7955939848897	0.0	0	0.0	2809.9019599708263	1	0	tensor(3)	1.343385144796399
142763.71162641863	2000.0	1046.1903335520815	0.0	0	0.0	2809.9019599708263	1	0	tensor(3)	1.7488502529045635
144018.00629123067	2000.0	791.8956687400602	0.0	0	0.0	2809.901959970797	1	0	tensor(3)	1.748850252904568
144741.28382696112	2000.0	1068.618133009608	0.0	0	0.0	2809.901959970797	1	0	tensor(3)	1.748850252904568
145687.5925058221	2000.0	1122.309454148634	0.0	0	0.0	2809.901959970797	1	0	tensor(3)	1.748850252904568
146545.58528179172	2000.0	1264.3166781789948	0.0	0	0.0	2809.901959970797	1	0	tensor(3)	1.748850252904568
147769.10702669175	2000.0	1040.7949332789503	0.0	0	0.0	2809.901959970797	1	0	tensor(3)	1.748850252904568
148457.40782241846	2000.0	1352.494137552246	0.0	0	0.0	2809.901959970797	1	0	tensor(3)	1.748850252904568
149482.4986181227	2000.0	1327.4033418480187	0.0	0	0.0	2809.901959970797	1	0	tensor(3)	1.748850252904568
150625.6164244939	2000.0	1184.2855354768674	0.0	0	0.0	2809.901959970797	1	0	tensor(3)	1.748850252904568
151742.03370225424	2000.0	1067.8682577165278	0.0	0	0.0	2809.901959970797	1	0	tensor(3)	1.748850252904568
152969.4284226225	2000.0	840.4735373482545	0.0	0	0.0	2809.901959970768	1	0	tensor(3)	1.7488502529045724
153881.7675069068	2000.0	928.1344530639658	0.0	0	0.0	2809.901959970768	1	0	tensor(3)	1.7488502529045724
155136.10979994413	2000.0	673.7921600266134	0.0	0	0.0	2809.901959970768	1	0	tensor(3)	1.7488502529045724
156602.86705637266	2000.0	207.03490359808336	0.0	0	0.0	2809.901959970739	1	0	tensor(3)	1.7488502529045769
157058.08763111278	1000.0	809.8002337050293	57.98590484706637	0	0.0	2867.887864817807	1	0	tensor(3)	0.005592989042450203
157871.0130676701	2000.0	996.8747971477123	0.0	0	0.0	2867.887864817807	1	0	tensor(3)	1.0466555986847936
158716.65604656906	2000.0	1151.2318182487502	0.0	0	0.0	2867.887864817807	1	0	tensor(3)	1.7398027792447388
160490.60107938194	2000.0	377.2867854358753	0.0	0	0.0	2867.887864817778	1	0	tensor(3)	1.7398027792447432
161000.6344533285	500.0	867.2534114893399	0.0	0	0.0	2867.887864817778	1	0	tensor(3)	-1.032785942995038
161991.76018205797	1000.0	876.1276827598747	0.0	0	0.0	2867.887864817778	1	0	tensor(3)	0.3535084181248528
162974.7389450769	2000.0	893.1489197409569	0.0	0	0.0	2867.887864817807	1	0	tensor(3)	1.0466555986847972
163727.1383773226	1000.0	1140.7494874952315	0.0	0	0.0	2867.887864817807	1	0	tensor(3)	0.35350841812484846
164439.2838792315	1000.0	1428.603985586353	0.0	0	0.0	2867.887864817836	1	0	tensor(3)	1.046655598684789
165161.30680315182	1000.0	1706.5810616660392	0.0	0	0.0	2867.887864817807	1	0	tensor(3)	1.0466555986847927
165828.20352347565	1000.0	2039.6843413422032	0.0	0	0.0	2867.887864817836	1	0	tensor(3)	1.046655598684789
166451.44355305948	1000.0	2416.4443117584165	0.0	0	0.0	2867.887864817836	1	0	tensor(3)	1.046655598684789
167694.53703890712	2000.0	2173.3508259107875	0.0	0	0.0	2867.887864817836	1	0	tensor(3)	1.0466555986847887
168856.8298025299	2000.0	2011.0580622880375	0.0	0	0.0	2867.887864817836	1	0	tensor(3)	1.7398027792447341
169917.65045953708	2000.0	1950.2374052808568	0.0	0	0.0	2867.887864817807	1	0	tensor(3)	1.7398027792447388
171075.47564883993	2000.0	1792.4122159780052	0.0	0	0.0	2867.887864817807	1	0	tensor(3)	1.739802779244737
172059.36159185006	3000.0	1808.5262729678689	0.0	0	0.0	2867.887864817807	1	0	tensor(3)	1.7398027792447364
173034.2116724783	3000.0	1833.676192339604	0.0	0	0.0	2867.887864817778	1	0	tensor(3)	2.1452678873529054
173646.78023807192	3000.0	2221.107626745946	0.0	0	0.0	2867.887864817807	1	0	tensor(3)	2.1452678873529036
174272.64641840753	3000.0	2595.241446410318	0.0	0	0.0	2867.887864817807	1	0	tensor(3)	2.1452678873529036
175367.82503205567	3000.0	2500.06283276219	0.0	0	0.0	2867.887864817836	1	0	tensor(3)	2.1452678873528988
176373.22893267978	3000.0	2494.6589321381016	0.0	0	0.0	2867.887864817836	1	0	tensor(3)	2.1452678873528988
177569.84437502007	3000.0	2298.0434897977984	0.0	0	0.0	2867.887864817836	1	0	tensor(3)	2.1452678873528988
178570.4998968813	3000.0	2297.387967936583	0.0	0	0.0	2867.887864817836	1	0	tensor(3)	2.1452678873528988
179775.67409466047	3000.0	2092.21377015736	0.0	0	0.0	2867.887864817836	1	0	tensor(3)	2.1452678873528988
180747.1055990004	3000.0	2120.782265817411	0.0	0	0.0	2867.887864817807	1	0	tensor(3)	2.1452678873529036
182314.9053920038	3000.0	1552.9824728140102	0.0	0	0.0	2867.887864817778	1	0	tensor(3)	2.145267887352908
183674.95405358533	3000.0	1192.9338112324353	0.0	0	0.0	2867.887864817749	1	0	tensor(3)	2.1452678873529125
184722.53681143696	2000.0	1145.3510533808146	0.0	0	0.0	2867.887864817749	1	0	tensor(3)	1.3343376711365833
185870.0062626639	2000.0	997.8816021538919	0.0	0	0.0	2867.887864817778	1	0	tensor(3)	1.7398027792447432
186933.27865923403	2000.0	934.6092055837663	0.0	0	0.0	2867.887864817778	1	0	tensor(3)	1.7398027792447432
188135.4379682054	2000.0	732.4498966123884	0.0	0	0.0	2867.887864817778	1	0	tensor(3)	1.7398027792447432
189066.5144007757	2000.0	801.3734640420836	0.0	0	0.0	2867.887864817749	1	0	tensor(3)	1.739802779244745
189984.54731628744	2000.0	883.340548530345	0.0	0	0.0	2867.887864817778	1	0	tensor(3)	1.739802779244747
190852.57628257817	2000.0	1015.3115822396175	0.0	0	0.0	2867.887864817778	1	0	tensor(3)	1.7398027792447432
192105.53274357098	2000.0	762.355121246812	0.0	0	0.0	2867.887864817778	1	0	tensor(3)	1.7398027792447432
193172.2775073632	2000.0	695.6103574545712	0.0	0	0.0	2867.887864817778	1	0	tensor(3)	1.7398027792447461
193904.96706158834	1000.0	962.9208032294338	0.0	0	0.0	2867.887864817778	1	0	tensor(3)	0.353508418124853
194696.2037342392	1000.0	1171.684130578543	0.0	0	0.0	2867.887864817749	1	0	tensor(3)	1.046655598684803
195287.95694036316	1000.0	1579.9309244545698	0.0	0	0.0	2867.887864817749	1	0	tensor(3)	1.046655598684803
195985.4983796113	2000.0	1882.3894852064723	0.0	0	0.0	2867.887864817807	1	0	tensor(3)	1.0466555986847963
196806.5532062715	2000.0	2061.334658546263	0.0	0	0.0	2867.887864817807	1	0	tensor(3)	1.7398027792447388
198036.91226350085	2000.0	1830.975601316927	0.0	0	0.0	2867.887864817807	1	0	tensor(3)	1.7398027792447388
198996.36653846674	3000.0	1871.5213263510625	0.0	0	0.0	2867.887864817807	1	0	tensor(3)	1.739802779244739
200361.73183009535	3000.0	1506.1560347224868	0.0	0	0.0	2867.887864817836	1	0	tensor(3)	2.1452678873528988
201173.11394116803	2000.0	1694.773923649804	0.0	0	0.0	2867.887864817836	1	0	tensor(3)	1.3343376711365695
202338.36044367598	2000.0	1529.5274211418377	0.0	0	0.0	2867.887864817807	1	0	tensor(3)	1.7398027792447388
203236.00510115494	2000.0	1631.882763662883	0.0	0	0.0	2867.887864817778	1	0	tensor(3)	1.7398027792447415
205042.88868799634	2000.0	824.9991768214695	0.0	0	0.0	2867.887864817807	1	0	tensor(3)	1.7398027792447388
206415.5336330988	2000.0	452.35423171904756	0.0	0	0.0	2867.887864817807	1	0	tensor(3)	1.7398027792447388
207015.3093270343	1000.0	852.5785377835304	0.0	0	0.0	2867.887864817807	1	0	tensor(3)	0.35350841812484846
208234.1203787373	2000.0	633.7674860805492	0.0	0	0.0	2867.887864817807	1	0	tensor(3)	1.0466555986847936
209110.83045406875	2000.0	757.0574107490866	0.0	0	0.0	2867.887864817836	1	0	tensor(3)	1.739802779244736
209855.0672780977	2000.0	1012.8205867201528	0.0	0	0.0	2867.887864817836	1	0	tensor(3)	1.7398027792447341
210792.53983478475	3000.0	1075.3480300331448	0.0	0	0.0	2867.887864817865	1	0	tensor(3)	1.7398027792447295
212125.4799372707	3000.0	742.4079275471738	0.0	0	0.0	2867.887864817865	1	0	tensor(3)	2.145267887352894
213651.1453071179	3000.0	216.74255769998578	0.0	0	0.0	2867.8878648179234	1	0	tensor(3)	2.1452678873528854
214393.62511345488	2000.0	663.1552203028084	188.8924689397982	0	0.0	3056.7803337577207	1	0	tensor(3)	0.16795875915392222
215491.12958217657	3000.0	565.6507515811425	0.0	0	0.0	3056.7803337577207	1	0	tensor(3)	1.706778680900876
217105.5345553755	2000.0	200.0	248.7542216177696	0	0.0	3305.5345553754887	1	0	tensor(3)	-0.21319451133091782
218049.99712524153	1000.0	567.0139041252492	311.4764739912951	0	0.0	1617.0110293667822	1	0	tensor(6)	-7.397478529561766
218803.56319047997	2000.0	813.4478388868125	0.0	0	0.0	1617.0110293668113	1	0	tensor(3)	1.1645274949459476
219557.8842333278	2000.0	1059.1267960389991	0.0	0	0.0	1617.0110293668113	1	0	tensor(3)	1.8576746755058928
220335.86182689137	2000.0	1281.1492024754168	0.0	0	0.0	1617.0110293668113	1	0	tensor(3)	1.8576746755058928
221297.13448836873	2000.0	1319.8765409980451	0.0	0	0.0	1617.0110293668404	1	0	tensor(3)	1.8576746755058917
222209.01171745977	2000.0	1407.9993119070155	0.0	0	0.0	1617.0110293668695	1	0	tensor(3)	1.8576746755058902
223288.17357124266	2000.0	1328.8374581241176	0.0	0	0.0	1617.0110293668695	1	0	tensor(3)	1.8576746755058897
224200.0	2000.0	1417.0110293667694	0.0	0	70.63539984976524	1617.0110293668695	1	0	tensor(3)	1.8576746755058897
225200.0	2000.0	1417.0110293667728	0.0	0	333.42516020609764	1617.0110293668695	1	0	tensor(3)	1.8576746755058897
226298.72785942498	2000.0	1318.2831699417945	0.0	0	0.0	1617.0110293668695	1	0	tensor(3)	1.8576746755058897
227200.0	2000.0	1417.0110293667487	0.0	0	123.7235297136358	1617.0110293668404	1	0	tensor(3)	1.8576746755058908
228373.7244189611	2000.0	1243.2866104056538	0.0	0	0.0	1617.0110293668113	1	0	tensor(3)	1.8576746755058924
229643.8295060699	2000.0	973.1815232968879	0.0	0	0.0	1617.0110293668113	1	0	tensor(3)	1.8576746755058928
230713.8301154587	2000.0	903.180913908106	0.0	0	0.0	1617.0110293667822	1	0	tensor(3)	1.8576746755058942
231469.3603087069	2000.0	1147.650720659857	0.0	0	0.0	1617.011029366753	1	0	tensor(3)	1.8576746755058957
233189.3852895875	3000.0	427.62573977928474	0.0	0	0.0	1617.011029366753	1	0	tensor(3)	1.857674675505896
234127.818214952	2000.0	519.2642211114835	30.071406696748568	0	0.0	1647.0824360635015	1	0	tensor(3)	1.2702941344587393
234952.62731245757	2000.0	694.4551236059272	0.0	0	0.0	1647.0824360635015	1	0	tensor(3)	1.8561876827473953
235919.04163686873	2000.0	728.0407991947684	0.0	0	0.0	1647.0824360634724	1	0	tensor(3)	1.8561876827473955
236808.53858419321	2000.0	838.5438518703002	0.0	0	0.0	1647.0824360635015	1	0	tensor(3)	1.8561876827473953
238255.79521850604	2000.0	391.2872175574467	0.0	0	0.0	1647.0824360634724	1	0	tensor(3)	1.8561876827473967
238864.6111809372	1000.0	782.4712551262721	0.0	0	0.0	1647.0824360635015	1	0	tensor(3)	0.4698933216275051
239669.01937442794	2000.0	978.0630616355674	0.0	0	0.0	1647.0824360635015	1	0	tensor(3)	1.1630405021874501
240758.2489833587	2000.0	888.8334527048015	0.0	0	0.0	1647.0824360634724	1	0	tensor(3)	1.8561876827473967
242216.06649347366	2000.0	431.0159425898487	0.0	0	0.0	1647.0824360635015	1	0	tensor(3)	1.8561876827473953
243001.36163846115	2000.0	645.7207976023423	0.0	0	0.0	1647.0824360635015	1	0	tensor(3)	1.8561876827473953
243731.1522252641	2000.0	915.9302107993706	0.0	0	0.0	1647.0824360634724	1	0	tensor(3)	1.8561876827473967
244793.0841670859	2000.0	853.9982689775458	0.0	0	0.0	1647.0824360634433	1	0	tensor(3)	1.8561876827473984
245460.63450251133	2000.0	1186.4479335521085	0.0	0	0.0	1647.0824360634142	1	0	tensor(3)	1.8561876827473998
246322.3274950006	2000.0	1324.7549410628567	0.0	0	0.0	1647.0824360634142	1	0	tensor(3)	1.8561876827473998
247404.24795552174	3000.0	1242.8344805416748	0.0	0	0.0	1647.0824360634433	1	0	tensor(3)	1.8561876827473984
248200.0	3000.0	1447.082436063431	0.0	0	153.41216430647182	1647.0824360634433	1	0	tensor(3)	2.261652790855562
249487.2921222398	3000.0	1159.7903138236297	0.0	0	0.0	1647.0824360634433	1	0	tensor(3)	2.261652790855563
250584.47593545512	3000.0	1062.6065006082906	0.0	0	0.0	1647.0824360634724	1	0	tensor(3)	2.2616527908555613
251687.51696153102	3000.0	959.5654745323664	0.0	0	0.0	1647.0824360634724	1	0	tensor(3)	2.2616527908555613
253189.2904429946	3000.0	457.79199306877194	0.0	0	0.0	1647.0824360635015	1	0	tensor(3)	2.26165279085556
254309.4537024919	2000.0	437.913014766515	100.28428119508595	0	0.0	1747.3667172585556	1	0	tensor(3)	0.8437310380515745
255518.75195510435	2000.0	284.25138662013853	55.636624466065086	0	0.0	1803.0033417246304	1	0	tensor(3)	1.5139194851925881
256179.75024947835	1000.0	670.4607226174671	47.20763037136081	0	0.0	1850.2109720959852	1	0	tensor(3)	0.1753784128518146
257464.79119748733	2000.0	385.4197746085169	0.0	0	0.0	1850.2109720959852	1	0	tensor(3)	1.1517713756399246
258084.47318242717	1000.0	765.7377896686785	0.0	0	0.0	1850.2109720959852	1	0	tensor(3)	0.4586241950799795
258904.21140225627	2000.0	945.9995698395609	0.0	0	0.0	1850.210972095956	1	0	tensor(3)	1.1517713756399264
259548.2343210887	2000.0	1301.9766510071158	0.0	0	0.0	1850.210972095956	1	0	tensor(3)	1.8449185561998716
260826.16043159395	3000.0	1024.0505405018587	0.0	0	0.0	1850.2109720959852	1	0	tensor(3)	1.84491855619987
261461.80654547835	2000.0	1388.4044266174699	0.0	0	0.0	1850.2109720960143	1	0	tensor(3)	1.4394534480917034
262200.0	3000.0	1650.2109720958474	0.0	0	19.13098869548412	1850.2109720960434	1	0	tensor(3)	1.8449185561998678
263200.0	3000.0	1650.2109720959002	0.0	0	153.36650590924546	1850.2109720960725	1	0	tensor(3)	2.2503836643080284
264506.8120005422	3000.0	1343.3989715537402	0.0	0	0.0	1850.2109720960725	1	0	tensor(3)	2.250383664308029
265520.59078661987	3000.0	1329.6201854760454	0.0	0	0.0	1850.2109720961307	1	0	tensor(3)	2.2503836643080257
266928.4797025564	3000.0	921.7312695395483	0.0	0	0.0	1850.210972096189	1	0	tensor(3)	2.250383664308022
268005.7483477532	2000.0	844.4626243426931	0.0	0	0.0	1850.210972096189	1	0	tensor(3)	1.4394534480916927
269045.0593978058	2000.0	805.151574290066	0.0	0	0.0	1850.2109720961307	1	0	tensor(3)	1.8449185561998611
270201.9875540308	2000.0	648.2234180650332	0.0	0	0.0	1850.2109720961307	1	0	tensor(3)	1.8449185561998611
271192.8322482346	2000.0	657.378723861206	0.0	0	0.0	1850.2109720960725	1	0	tensor(3)	1.8449185561998633
272124.0280707933	2000.0	726.1829013025149	0.0	0	0.0	1850.2109720960725	1	0	tensor(3)	1.8449185561998642
273070.33961574506	2000.0	779.8713563507823	0.0	0	0.0	1850.2109720961307	1	0	tensor(3)	1.8449185561998633
273709.0981468289	2000.0	1141.1128252669218	0.0	0	0.0	1850.2109720961307	1	0	tensor(3)	1.8449185561998611
274373.95056077704	3000.0	1476.2604113187895	0.0	0	0.0	1850.2109720961307	1	0	tensor(3)	1.8449185561998611
275436.4722213062	3000.0	1413.7387507896376	0.0	0	0.0	1850.2109720961307	1	0	tensor(3)	2.2503836643080257
276211.0151981338	3000.0	1639.1957739620086	0.0	0	0.0	1850.2109720961307	1	0	tensor(3)	2.2503836643080257
277527.04812344187	3000.0	1323.1628486539394	0.0	0	0.0	1850.2109720961307	1	0	tensor(3)	2.2503836643080257
278343.40126791806	2000.0	1506.8097041777487	0.0	0	0.0	1850.2109720961307	1	0	tensor(3)	1.4394534480916965
279200.0	2000.0	1650.2109720957642	0.0	0	230.85377500311006	1850.2109720961307	1	0	tensor(3)	1.8449185561998611
280200.0	3000.0	1650.2109720957192	0.0	0	176.77182398212608	1850.2109720961307	1	0	tensor(3)	1.8449185561998611
281200.0	3000.0	1650.2109720956662	0.0	0	114.07589057134464	1850.2109720961307	1	0	tensor(3)	2.2503836643080257
282380.81463790295	2000.0	1469.396334192709	0.0	0	0.0	1850.2109720961307	1	0	tensor(3)	1.4394534480916965
283318.5356693637	2000.0	1531.6753027319664	0.0	0	0.0	1850.2109720960725	1	0	tensor(3)	1.8449185561998642
284346.44315769785	2000.0	1503.76781439782	0.0	0	0.0	1850.2109720961307	1	0	tensor(3)	1.8449185561998611
285303.17008081655	2000.0	1547.040891279153	0.0	0	0.0	1850.2109720961307	1	0	tensor(3)	1.8449185561998624
286200.0	2000.0	1650.2109720956994	0.0	0	61.925632363243494	1850.2109720961307	1	0	tensor(3)	1.8449185561998611
287291.3022534635	2000.0	1558.9087186322122	0.0	0	0.0	1850.2109720961307	1	0	tensor(3)	1.8449185561998611
288200.0	2000.0	1650.2109720956798	0.0	0	200.55741243605735	1850.2109720961307	1	0	tensor(3)	1.8449185561998611
289200.0	2000.0	1650.2109720956057	0.0	0	443.46365747542586	1850.2109720960725	1	0	tensor(3)	1.8449185561998642
290851.7147709933	3000.0	998.4962011023243	0.0	0	0.0	1850.2109720961307	1	0	tensor(3)	1.8449185561998611
291504.3241503833	2000.0	1345.886821712262	0.0	0	0.0	1850.2109720961307	1	0	tensor(3)	1.4394534480916965
293324.4973255529	3000.0	525.7136465425897	0.0	0	0.0	1850.2109720961307	1	0	tensor(3)	1.8449185561998611
294074.10639707214	2000.0	776.1045750233508	0.0	0	0.0	1850.2109720960725	1	0	tensor(3)	1.4394534480916996
295125.1229656834	2000.0	725.0880064121116	0.0	0	0.0	1850.2109720960143	1	0	tensor(3)	1.844918556199866
296275.608688368	2000.0	574.6022837275418	0.0	0	0.0	1850.2109720960143	1	0	tensor(3)	1.844918556199868
296911.47699598543	2000.0	938.7339761101003	0.0	0	0.0	1850.210972095956	1	0	tensor(3)	1.8449185561998687
297510.423600948	2000.0	1339.7873711475277	0.0	0	0.0	1850.210972095956	1	0	tensor(3)	1.8449185561998716
298255.39650942007	2000.0	1594.814462675526	0.0	0	0.0	1850.2109720960143	1	0	tensor(3)	1.844918556199868
299321.59469643014	2000.0	1528.6162756654512	0.0	0	0.0	1850.2109720960725	1	0	tensor(3)	1.8449185561998642
300200.0	2000.0	1650.2109720955277	0.0	0	61.07431751501281	1850.2109720960725	1	0	tensor(3)	1.8449185561998642
301318.1134836177	2000.0	1532.0974884777543	0.0	0	0.0	1850.2109720960725	1	0	tensor(3)	1.8449185561998642
302714.17841179605	2000.0	1136.032560299399	0.0	0	0.0	1850.2109720960725	1	0	tensor(3)	1.8449185561998642
303861.61999919644	2000.0	988.5909728990098	0.0	0	0.0	1850.2109720960725	1	0	tensor(3)	1.8449185561998642
305112.5090959866	2000.0	737.701876108772	0.0	0	0.0	1850.2109720960143	1	0	tensor(3)	1.844918556199866
305704.5134071677	1000.0	1145.697564927633	0.0	0	0.0	1850.2109720960725	1	0	tensor(3)	0.45862419507997415
306339.15642825747	2000.0	1511.0545438378294	0.0	0	0.0	1850.2109720960725	1	0	tensor(3)	1.1517713756399193
2.13	1.71	2.56	2.12	1.64	1.09	1.1	2.15	1.81	1.1	1.38	1.58	2.32	1.92	1.75	2.27	3.17	3.81	3.76	4.34	2.73	2.55	2.51	2.87	3.43	2.56	2.27	2.22	1.88	2.22	2.09	2.17	1.91	2.75	2.83	2.51	2.02	2.07	1.32	1.58	2.58	2.5	1.93	2.65	3.22	2.57	1.78	1.98	1.37	1.02	1.7	1.92	2.11	2.57	3.78	3.97	2.11	2.63	2.17	3.2	2.55	0.96	1.14	2.13	3.13	1.74	1.82	1.93	2.61	2.95	2.07	2.25	1.99	2.25	2.24	2.32	2.93	2.14	2.27	2.69	2.64	2.56	1.74	1.7	2.39	2.11	1.78	2.07	2.88	1.82	2.53	3.01	4.21	2.65	3.06	2.68	3.22	2.05	1.76	2.33	1.91	1.78	1.78	2.0	3.17	2.84	2.99	3.7	3.37	2.59	2.17	2.86	1.9	1.77	2.15	1.9	2.37	2.61	2.87	4.02	3.41	2.79	1.93	2.61	3.07	3.05	1.73	1.49	2.0	2.85	1.84	2.06	2.46	2.86	2.78	2.07	2.65	1.68	2.42	2.35	1.77	2.34	2.79	2.31	1.85	2.19	1.75	1.91	2.0	2.84	2.13	1.71	2.56	2.12	1.64	1.09	1.1	2.15	1.81	1.1	1.38	1.58	2.32	1.92	1.75	2.27	3.17	3.81	3.76	4.34	2.73	2.55	2.51	2.87	3.43	2.56	2.27	2.22	1.88	2.22	2.09	2.17	1.91	2.75	2.83	2.51	2.02	2.07	1.32	1.58	2.58	2.5	1.93	2.65	3.22	2.57	1.78	1.98	1.37	1.02	1.7	1.92	2.11	2.57	3.78	3.97	2.11	2.63	2.17	3.2	2.55	0.96	1.14	2.13	3.13	1.74	1.82	1.93	2.61	2.95	2.07	2.25	1.99	2.25	2.24	2.32	2.93	2.14	2.27	2.69	2.64	2.56	1.74	1.7	2.39	2.11	1.78	2.07	2.88	1.82	2.53	3.01	4.21	2.65	3.06	2.68	3.22	2.05	1.76	2.33	1.91	1.78	1.78	2.0	3.17	2.84	2.99	3.7	3.37	2.59	2.17	2.86	1.9	1.77	2.15	1.9	2.37	2.61	2.87	4.02	3.41	2.79	1.93	2.61	3.07	3.05	1.73	1.49	2.0	2.85	1.84	2.06	2.46	2.86	2.78	2.07	2.65	1.68	2.42	2.35	1.77	2.34	2.79	2.31	1.85	2.19	1.75	1.91	2.0	2.84	2.13	1.71	2.56	2.12	1.64
1.0	2.0	3.0	4.0	5.0	6.0	7.0	8.0	9.0	10.0	11.0	12.0	13.0	14.0	15.0	16.0	17.0	18.0	19.0	20.0	21.0	22.0	23.0	24.0	25.0	26.0	27.0	28.0	29.0	30.0	31.0	32.0	33.0	34.0	35.0	36.0	37.0	38.0	39.0	40.0	41.0	42.0	43.0	44.0	45.0	46.0	47.0	48.0	49.0	50.0	51.0	52.0	53.0	54.0	55.0	56.0	57.0	58.0	59.0	60.0	61.0	62.0	63.0	64.0	65.0	66.0	67.0	68.0	69.0	70.0	71.0	72.0	73.0	74.0	75.0	76.0	77.0	78.0	79.0	80.0	81.0	82.0	83.0	84.0	85.0	86.0	87.0	88.0	89.0	90.0	91.0	92.0	93.0	94.0	95.0	96.0	97.0	98.0	99.0	100.0	101.0	102.0	103.0	104.0	105.0	106.0	107.0	108.0	109.0	110.0	111.0	112.0	113.0	114.0	115.0	116.0	117.0	118.0	119.0	120.0	121.0	122.0	123.0	124.0	125.0	126.0	127.0	128.0	129.0	130.0	131.0	132.0	133.0	134.0	135.0	136.0	137.0	138.0	139.0	140.0	141.0	142.0	143.0	144.0	145.0	146.0	147.0	148.0	149.0	149.0	150.0	151.0	152.0	153.0	154.0	155.0	156.0	157.0	158.0	159.0	160.0	161.0	162.0	163.0	164.0	165.0	166.0	167.0	168.0	169.0	170.0	171.0	172.0	173.0	174.0	175.0	176.0	177.0	178.0	179.0	180.0	181.0	182.0	183.0	184.0	185.0	186.0	187.0	188.0	189.0	190.0	191.0	192.0	193.0	194.0	195.0	196.0	197.0	198.0	199.0	200.0	201.0	202.0	203.0	204.0	205.0	206.0	207.0	208.0	209.0	210.0	211.0	212.0	213.0	214.0	215.0	216.0	217.0	218.0	219.0	220.0	221.0	222.0	223.0	224.0	225.0	226.0	227.0	228.0	229.0	230.0	231.0	232.0	233.0	234.0	235.0	236.0	237.0	238.0	239.0	240.0	241.0	242.0	243.0	244.0	245.0	246.0	247.0	248.0	249.0	250.0	251.0	252.0	253.0	254.0	255.0	256.0	257.0	258.0	259.0	260.0	261.0	262.0	263.0	264.0	265.0	266.0	267.0	268.0	269.0	270.0	271.0	272.0	273.0	274.0	275.0	276.0	277.0	278.0	279.0	280.0	281.0	282.0	283.0	284.0	285.0	286.0	287.0	288.0	289.0	290.0	291.0	292.0	293.0	294.0	295.0	296.0	297.0	298.0	298.0	299.0	300.0	301.0	302.0	303.0
5673.772821649184
