4869.150339292237	300.0	2000.0	318.4840395851894	0	0.0	2869.150339292237	1	0	tensor(6)	-8.056651404869395
5601.900744203992	1000.0	2267.2495950882444	0.0	0	0.0	2869.1503392922364	1	0	tensor(3)	-0.15751959394335388
7056.194445424175	2000.0	1812.9558938680611	0.0	0	0.0	2869.150339292236	1	0	tensor(3)	1.046453210382582
8035.100761790902	1000.0	1834.0495775013344	0.0	0	0.0	2869.150339292236	1	0	tensor(3)	0.35330602982263715
8733.71024710855	1000.0	2135.440092183686	0.0	0	0.0	2869.150339292237	1	0	tensor(3)	1.046453210382582
9395.992109757339	1000.0	2473.158229534898	0.0	0	0.0	2869.150339292237	1	0	tensor(3)	1.046453210382582
10923.907521492496	2000.0	1945.2428177997422	0.0	0	0.0	2869.1503392922377	1	0	tensor(3)	1.046453210382582
11862.245461334891	1000.0	2006.904877957346	0.0	0	0.0	2869.150339292237	1	0	tensor(3)	0.353306029822637
12470.280120438552	1000.0	2398.8702188536854	0.0	0	0.0	2869.150339292235	1	0	tensor(3)	1.0464532103825825
13473.216679498155	2000.0	2395.9336597940833	0.0	0	0.0	2869.150339292237	1	0	tensor(3)	1.046453210382582
14200.0	2000.0	2669.1503392922405	0.0	0	32.56774827508343	2869.150339292237	1	0	tensor(3)	1.7396003909425273
15200.0	2000.0	2669.150339292241	0.0	0	356.8852515274448	2869.150339292235	1	0	tensor(3)	1.7396003909425275
16200.0	3000.0	2669.15033929224	0.0	0	22.72489039075299	2869.150339292235	1	0	tensor(3)	1.7396003909425277
17677.442087122716	3000.0	2191.7082521695247	0.0	0	0.0	2869.150339292237	1	0	tensor(3)	2.145065499050692
19323.133281877417	3000.0	1546.0170574148228	0.0	0	0.0	2869.1503392922386	1	0	tensor(3)	2.145065499050692
20201.682264584822	2000.0	1667.4680747074158	0.0	0	0.0	2869.1503392922386	1	0	tensor(3)	1.3341352828343624
21160.37706736741	2000.0	1708.773271924828	0.0	0	0.0	2869.150339292235	1	0	tensor(3)	1.7396003909425275
23019.048196285283	2000.0	850.1021430069574	0.0	0	0.0	2869.150339292235	1	0	tensor(3)	1.7396003909425275
24343.153274651962	1000.0	525.9970646402758	0.0	0	0.0	2869.1503392922314	1	0	tensor(3)	0.3533060298226378
25315.797023730534	1000.0	553.3533155617056	0.0	0	0.0	2869.1503392922314	1	0	tensor(3)	1.046453210382583
25923.69276070395	1000.0	945.4575785882867	0.0	0	0.0	2869.1503392922277	1	0	tensor(3)	1.0464532103825837
26753.484262649483	1000.0	1115.6660766427563	0.0	0	0.0	2869.1503392922277	1	0	tensor(3)	1.0464532103825837
27873.311111739076	1000.0	995.8392275531662	0.0	0	0.0	2869.1503392922277	1	0	tensor(3)	1.0464532103825837
28534.85632466095	1000.0	1334.2940146312897	0.0	0	0.0	2869.1503392922277	1	0	tensor(3)	1.0464532103825837
29588.616729020752	1000.0	1280.533610271485	0.0	0	0.0	2869.150339292224	1	0	tensor(3)	1.0464532103825839
30896.768585142803	1000.0	972.3817541494342	0.0	0	0.0	2869.1503392922205	1	0	tensor(3)	1.0464532103825848
31448.951257807825	1000.0	1420.1990814844128	0.0	0	0.0	2869.1503392922205	1	0	tensor(3)	1.0464532103825848
32136.018447848623	2000.0	1733.1318914436138	0.0	0	0.0	2869.1503392922205	1	0	tensor(3)	1.0464532103825848
33267.86946399502	2000.0	1601.2808752972123	0.0	0	0.0	2869.1503392922095	1	0	tensor(3)	1.7396003909425315
35124.85093258834	2000.0	744.2994067038917	0.0	0	0.0	2869.150339292217	1	0	tensor(3)	1.739600390942531
36471.85181424624	1000.0	397.298525045994	0.0	0	0.0	2869.150339292217	1	0	tensor(3)	0.35330602982264026
37849.79106530659	1000.0	209.509351890912	190.1500779052683	0	0.0	3059.30041719749	1	0	tensor(3)	-0.1277488525265561
38343.419167237815	500.0	827.0496446623918	111.16839470270759	0	0.0	3170.468811900195	1	0	tensor(3)	-1.062437718661471
39111.886130005405	1000.0	1058.582681894806	0.0	0	0.0	3170.4688119001876	1	0	tensor(3)	0.29771983011472186
39589.77284236	1000.0	1580.6959695402177	0.0	0	0.0	3170.4688119001876	1	0	tensor(3)	0.9908670106746673
40232.492512234894	2000.0	1937.9762996653146	0.0	0	0.0	3170.4688119001803	1	0	tensor(3)	0.9908670106746689
41313.71936357861	2000.0	1856.749448321597	0.0	0	0.0	3170.4688119001876	1	0	tensor(3)	1.6840141912346125
42121.80333651464	2000.0	2048.6654753855764	0.0	0	0.0	3170.468811900195	1	0	tensor(3)	1.684014191234611
43713.706938146344	2000.0	1456.7618737538698	0.0	0	0.0	3170.468811900195	1	0	tensor(3)	1.684014191234611
44484.16113783325	2000.0	1686.3076740669594	0.0	0	0.0	3170.468811900195	1	0	tensor(3)	1.684014191234611
45101.27769345698	2000.0	2069.1911184432365	0.0	0	0.0	3170.468811900195	1	0	tensor(3)	1.684014191234611
45909.492135496	2000.0	2260.976676404213	0.0	0	0.0	3170.468811900195	1	0	tensor(3)	1.684014191234611
48101.763087285806	3000.0	1068.7057246144013	0.0	0	0.0	3170.468811900195	1	0	tensor(3)	1.6840141912346112
48696.19579023727	1000.0	1474.273021662938	0.0	0	0.0	3170.4688119001876	1	0	tensor(3)	-0.10774527799344236
49687.03601463421	2000.0	1483.4327972659894	0.0	0	0.0	3170.4688119001876	1	0	tensor(3)	0.9908670106746672
50847.078235886445	2000.0	1323.390576013748	0.0	0	0.0	3170.4688119001803	1	0	tensor(3)	1.684014191234614
52137.81452044436	2000.0	1032.6542914558365	0.0	0	0.0	3170.4688119001803	1	0	tensor(3)	1.684014191234614
53965.80043160952	2000.0	204.6683802906773	0.0	0	0.0	3170.4688119001803	1	0	tensor(3)	1.684014191234614
54375.46316581754	500.0	858.1198314582792	63.114185375627514	0	0.0	3233.582997275822	1	0	tensor(3)	-1.480927949405062
55012.06134386518	1000.0	1221.5216534106412	0.0	0	0.0	3233.582997275822	1	0	tensor(3)	0.28405152396859346
55702.58747049716	1000.0	1530.9955267786636	0.0	0	0.0	3233.582997275822	1	0	tensor(3)	0.977198704528539
56512.73934444077	1000.0	1720.8436528350426	0.0	0	0.0	3233.582997275822	1	0	tensor(3)	0.977198704528539
57057.93927808405	1000.0	2175.6437191917676	0.0	0	0.0	3233.5829972758365	1	0	tensor(3)	0.9771987045285361
58193.282335033306	2000.0	2040.3006622425073	0.0	0	0.0	3233.5829972758365	1	0	tensor(3)	0.9771987045285357
58997.01706694749	2000.0	2236.565930328325	0.0	0	0.0	3233.5829972758365	1	0	tensor(3)	1.670345885088481
60220.069623145435	2000.0	2013.5133741303798	0.0	0	0.0	3233.5829972758365	1	0	tensor(3)	1.670345885088481
62184.06697031973	2000.0	1049.5160269560824	0.0	0	0.0	3233.5829972758365	1	0	tensor(3)	1.670345885088481
63653.449231911276	1000.0	580.1337653645381	0.0	0	0.0	3233.5829972758365	1	0	tensor(3)	0.28405152396859057
64334.989152286755	500.0	898.593844989061	0.0	0	0.0	3233.582997275844	1	0	tensor(3)	-0.4090956565913567
65041.82671224928	1000.0	1191.756285026533	0.0	0	0.0	3233.582997275844	1	0	tensor(3)	0.2840515239685887
66117.82231070494	1000.0	1115.7606865708717	0.0	0	0.0	3233.5829972758365	1	0	tensor(3)	0.9771987045285361
67439.9964666112	1000.0	793.5865306646103	0.0	0	0.0	3233.582997275844	1	0	tensor(3)	0.9771987045285331
67996.23021440246	500.0	1237.3527828733618	0.0	0	0.0	3233.582997275851	1	0	tensor(3)	-0.4090956565913577
69028.88416616352	1000.0	1204.6988311122882	0.0	0	0.0	3233.5829972758365	1	0	tensor(3)	0.28405152396858935
70017.21835473436	1000.0	1216.3646425414574	0.0	0	0.0	3233.582997275822	1	0	tensor(3)	0.977198704528539
70993.84842410518	1000.0	1239.7345731706253	0.0	0	0.0	3233.582997275822	1	0	tensor(3)	0.977198704528539
71775.69913983843	1000.0	1457.8838574373642	0.0	0	0.0	3233.582997275822	1	0	tensor(3)	0.977198704528539
72378.627352542	1000.0	1854.9556447337943	0.0	0	0.0	3233.582997275822	1	0	tensor(3)	0.977198704528539
72958.56678399583	1000.0	2275.01621327994	0.0	0	0.0	3233.5829972758074	1	0	tensor(3)	0.9771987045285422
73948.55909086588	1000.0	2285.02390640988	0.0	0	0.0	3233.5829972758074	1	0	tensor(3)	0.9771987045285422
74776.82700905665	1000.0	2456.755988219099	0.0	0	0.0	3233.5829972758074	1	0	tensor(3)	0.9771987045285422
75809.06041013634	2000.0	2424.5225871394045	0.0	0	0.0	3233.5829972758074	1	0	tensor(3)	0.9771987045285421
76707.73432005012	1000.0	2525.8486772256233	0.0	0	0.0	3233.5829972758074	1	0	tensor(3)	0.28405152396859695
77645.55539832538	1000.0	2588.0275989503634	0.0	0	0.0	3233.5829972758074	1	0	tensor(3)	0.9771987045285422
78911.58444145985	2000.0	2321.9985558158983	0.0	0	0.0	3233.5829972758074	1	0	tensor(3)	0.9771987045285421
80130.88200829807	2000.0	2102.7009889776746	0.0	0	0.0	3233.5829972758074	1	0	tensor(3)	1.6703458850884871
81524.42565323431	2000.0	1709.1573440414359	0.0	0	0.0	3233.582997275793	1	0	tensor(3)	1.6703458850884907
83936.95583972988	2000.0	296.62715754587725	0.0	0	0.0	3233.582997275793	1	0	tensor(3)	1.6703458850884907
84500.99415118764	500.0	732.5888460881275	0.0	0	0.0	3233.582997275793	1	0	tensor(3)	-1.1022428371512905
85202.77641622665	500.0	1030.8065810491248	0.0	0	0.0	3233.582997275793	1	0	tensor(3)	0.2840515239685999
86142.25970863688	1000.0	1091.3232886389064	0.0	0	0.0	3233.5829972757783	1	0	tensor(3)	0.2840515239686032
86699.00187158982	1000.0	1534.5811256859538	0.0	0	0.0	3233.5829972757783	1	0	tensor(3)	0.9771987045285486
87360.38595356654	1000.0	1873.1970437092414	0.0	0	0.0	3233.582997275793	1	0	tensor(3)	0.9771987045285455
88227.00145725001	1000.0	2006.5815400257645	0.0	0	0.0	3233.582997275793	1	0	tensor(3)	0.9771987045285455
88928.4871628193	1000.0	2305.0958344564774	0.0	0	0.0	3233.582997275793	1	0	tensor(3)	0.9771987045285455
89695.64552079163	2000.0	2537.9374764841596	0.0	0	0.0	3233.582997275793	1	0	tensor(3)	0.9771987045285454
91309.79940890173	2000.0	1923.7835883740463	0.0	0	0.0	3233.582997275793	1	0	tensor(3)	1.6703458850884907
92713.6119903646	2000.0	1519.9710069111643	0.0	0	0.0	3233.582997275793	1	0	tensor(3)	1.6703458850884907
93924.58866840928	1000.0	1308.994328866479	0.0	0	0.0	3233.582997275793	1	0	tensor(3)	0.2840515239686003
95172.46823994651	1000.0	1061.114757329255	0.0	0	0.0	3233.582997275793	1	0	tensor(3)	0.9771987045285455
95848.55640635088	1000.0	1385.0265909248906	0.0	0	0.0	3233.582997275793	1	0	tensor(3)	0.9771987045285455
96935.87121139739	1000.0	1297.711785878374	0.0	0	0.0	3233.582997275793	1	0	tensor(3)	0.9771987045285455
97875.01390817169	1000.0	1358.5690891040524	0.0	0	0.0	3233.582997275793	1	0	tensor(3)	0.9771987045285455
98702.66644124791	1000.0	1530.9165560278207	0.0	0	0.0	3233.5829972757783	1	0	tensor(3)	0.9771987045285486
99611.64081003815	1000.0	1621.942187237601	0.0	0	0.0	3233.5829972757783	1	0	tensor(3)	0.9771987045285486
100641.7292567422	1000.0	1591.8537405335437	0.0	0	0.0	3233.582997275764	1	0	tensor(3)	0.9771987045285518
101433.73071584919	1000.0	1799.8522814265643	0.0	0	0.0	3233.582997275764	1	0	tensor(3)	0.9771987045285518
102477.70831236971	1000.0	1755.8746849060383	0.0	0	0.0	3233.582997275764	1	0	tensor(3)	0.9771987045285518
103172.12176055809	1000.0	2061.461236717656	0.0	0	0.0	3233.582997275764	1	0	tensor(3)	0.9771987045285518
104089.8810082168	1000.0	2143.7019890589268	0.0	0	0.0	3233.582997275749	1	0	tensor(3)	0.9771987045285552
105362.25407828498	1000.0	1871.3289189907664	0.0	0	0.0	3233.582997275764	1	0	tensor(3)	0.9771987045285518
106055.57188526604	1000.0	2178.0111120097085	0.0	0	0.0	3233.582997275764	1	0	tensor(3)	0.9771987045285518
106888.51611595333	1000.0	2345.0668813224115	0.0	0	0.0	3233.582997275764	1	0	tensor(3)	0.9771987045285518
108032.66351980148	1000.0	2200.9194774742696	0.0	0	0.0	3233.5829972757783	1	0	tensor(3)	0.9771987045285486
108728.99397592952	1000.0	2504.589021346227	0.0	0	0.0	3233.5829972757783	1	0	tensor(3)	0.9771987045285486
109741.66748485222	1000.0	2491.9155124235294	0.0	0	0.0	3233.5829972757783	1	0	tensor(3)	0.9771987045285486
110702.21696931493	1000.0	2531.3660279608375	0.0	0	0.0	3233.5829972757783	1	0	tensor(3)	0.9771987045285486
111405.03527892672	1000.0	2828.54771834905	0.0	0	0.0	3233.5829972757783	1	0	tensor(3)	0.9771987045285486
112516.47936300853	1000.0	2717.103634267225	0.0	0	0.0	3233.5829972757783	1	0	tensor(3)	0.9771987045285486
114025.9262749042	1000.0	2207.6567223715533	0.0	0	0.0	3233.5829972757783	1	0	tensor(3)	0.9771987045285486
115059.4150324482	1000.0	2174.167964827543	0.0	0	0.0	3233.582997275793	1	0	tensor(3)	0.9771987045285455
116233.03321285985	1000.0	2000.5497844158883	0.0	0	0.0	3233.5829972757783	1	0	tensor(3)	0.9771987045285486
117154.9003926603	1000.0	2078.682604615443	0.0	0	0.0	3233.5829972757783	1	0	tensor(3)	0.9771987045285486
118312.21731127071	1000.0	1921.365686005037	0.0	0	0.0	3233.582997275793	1	0	tensor(3)	0.9771987045285455
119653.27778229216	1000.0	1580.3052149835858	0.0	0	0.0	3233.582997275793	1	0	tensor(3)	0.9771987045285455
121045.4025577781	1000.0	1188.1804394976295	0.0	0	0.0	3233.5829972757783	1	0	tensor(3)	0.9771987045285486
121477.25492833511	500.0	1756.3280689406165	0.0	0	0.0	3233.5829972757783	1	0	tensor(3)	-0.4090956565913423
122531.22745477057	1000.0	1702.3555425051582	0.0	0	0.0	3233.5829972757783	1	0	tensor(3)	0.2840515239686032
123509.43692040387	1000.0	1724.146076871876	0.0	0	0.0	3233.5829972757783	1	0	tensor(3)	0.9771987045285486
124194.65005512616	1000.0	2038.9329421495918	0.0	0	0.0	3233.5829972757783	1	0	tensor(3)	0.9771987045285486
124795.54318566139	1000.0	2438.0398116143633	0.0	0	0.0	3233.5829972757783	1	0	tensor(3)	0.9771987045285486
125444.83552280204	1000.0	2788.747474473714	0.0	0	0.0	3233.5829972757783	1	0	tensor(3)	0.9771987045285486
126587.44939685933	1000.0	2646.13360041644	0.0	0	0.0	3233.5829972757783	1	0	tensor(3)	0.9771987045285486
127653.70904790961	1000.0	2579.873949366166	0.0	0	0.0	3233.582997275793	1	0	tensor(3)	0.9771987045285455
128692.57362638682	1000.0	2541.009370888952	0.0	0	0.0	3233.582997275793	1	0	tensor(3)	0.9771987045285455
130030.08172495195	1000.0	2203.5012723238133	0.0	0	0.0	3233.582997275793	1	0	tensor(3)	0.9771987045285455
131135.7251149854	1000.0	2097.857882290379	0.0	0	0.0	3233.5829972758074	1	0	tensor(3)	0.9771987045285448
132251.2024003707	1000.0	1982.380596905055	0.0	0	0.0	3233.5829972757783	1	0	tensor(3)	0.977198704528546
133380.81430719036	1000.0	1852.7686900854098	0.0	0	0.0	3233.5829972757783	1	0	tensor(3)	0.9771987045285473
134122.10845397614	1000.0	2111.474543299638	0.0	0	0.0	3233.5829972757783	1	0	tensor(3)	0.9771987045285473
135060.81699802348	1000.0	2172.7659992523077	0.0	0	0.0	3233.5829972757783	1	0	tensor(3)	0.9771987045285486
135562.4177275359	1000.0	2671.1652697398854	0.0	0	0.0	3233.5829972757783	1	0	tensor(3)	0.9771987045285486
136456.56526021968	2000.0	2777.0177370560996	0.0	0	0.0	3233.5829972757783	1	0	tensor(3)	0.9771987045285487
137200.0	2000.0	3033.5829972757692	0.0	0	42.12794694502372	3233.5829972757783	1	0	tensor(3)	1.6703458850884938
139620.86853187272	3000.0	1612.714465403074	0.0	0	0.0	3233.5829972758074	1	0	tensor(3)	1.6703458850884874
141373.99381471763	2000.0	859.5891825581768	0.0	0	0.0	3233.5829972758074	1	0	tensor(3)	1.2648807769803225
142594.0163297669	2000.0	639.5666675089415	0.0	0	0.0	3233.5829972758074	1	0	tensor(3)	1.6703458850884871
144148.20125964622	2000.0	200.0	114.61826237036357	0	0.0	3348.2012596461573	1	0	tensor(3)	0.9741489597356534
144846.13463758695	500.0	646.0524679876073	143.98584592830179	0	0.0	1492.1871055744705	1	0	tensor(6)	-7.773102798201148
145672.36342033948	1000.0	819.8236852350716	0.0	0	0.0	1492.1871055744705	1	0	tensor(3)	0.4771066384885554
146374.71137146634	1000.0	1117.4757341081513	0.0	0	0.0	1492.1871055744705	1	0	tensor(3)	1.1702538190485008
147313.02669932702	1000.0	1179.1604062475008	0.0	0	0.0	1492.1871055744705	1	0	tensor(3)	1.1702538190485008
148200.0	1000.0	1292.1871055745178	0.0	0	85.08697856479557	1492.1871055744705	1	0	tensor(3)	1.1702538190485008
149200.0	1000.0	1292.187105574524	0.0	0	260.3546219020791	1492.1871055744705	1	0	tensor(3)	1.1702538190485008
150200.0	1000.0	1292.1871055745246	0.0	0	328.61192555126036	1492.1871055744705	1	0	tensor(3)	1.1702538190485008
151219.65484779442	1000.0	1272.5322577801091	0.0	0	0.0	1492.1871055744705	1	0	tensor(3)	1.1702538190485008
152200.0	1000.0	1292.1871055745328	0.0	0	497.35019585615373	1492.1871055744705	1	0	tensor(3)	1.1702538190485008
153200.0	1000.0	1292.1871055745387	0.0	0	225.0567213455506	1492.1871055744414	1	0	tensor(3)	1.1702538190485021
154248.49438646244	1000.0	1243.6927191121172	0.0	0	0.0	1492.1871055744414	1	0	tensor(3)	1.1702538190485021
155200.0	1000.0	1292.1871055745644	0.0	0	397.533336166176	1492.1871055744414	1	0	tensor(3)	1.1702538190485021
156598.86307789572	2000.0	893.3240276788355	0.0	0	0.0	1492.1871055744705	1	0	tensor(3)	1.1702538190485015
157332.36637511413	1000.0	1159.8207304604143	0.0	0	0.0	1492.1871055744705	1	0	tensor(3)	0.4771066384885556
158200.0	1000.0	1292.1871055745362	0.0	0	110.15321952180238	1492.1871055744705	1	0	tensor(3)	1.1702538190485008
159200.0	1000.0	1292.1871055745364	0.0	0	527.9772999714769	1492.1871055744705	1	0	tensor(3)	1.1702538190485008
160889.75004874967	2000.0	602.4370568248451	0.0	0	0.0	1492.1871055744996	1	0	tensor(3)	1.1702538190485
161681.97580473826	1000.0	810.2113008362393	0.0	0	0.0	1492.1871055744996	1	0	tensor(3)	0.4771066384885544
162458.31212979523	1000.0	1033.8749757792968	0.0	0	0.0	1492.1871055744996	1	0	tensor(3)	1.1702538190484995
163272.17249642717	2000.0	1220.014609147377	0.0	0	0.0	1492.1871055744705	1	0	tensor(3)	1.1702538190485006
164200.0	2000.0	1292.1871055745312	0.0	0	220.24511883442756	1492.1871055744705	1	0	tensor(3)	1.8634009996084457
165200.0	3000.0	1292.187105574514	0.0	0	25.670880360878073	1492.1871055744705	1	0	tensor(3)	1.863400999608446
166849.30303503462	3000.0	642.884070539903	0.0	0	0.0	1492.1871055745287	1	0	tensor(3)	2.2688661077166086
167999.05421093822	2000.0	493.13289463630014	0.0	0	0.0	1492.1871055744996	1	0	tensor(3)	1.45793589150028
168672.9691712227	1000.0	819.2179343518148	0.0	0	0.0	1492.1871055744705	1	0	tensor(3)	0.4771066384885556
169928.73240326814	2000.0	563.4547023063627	0.0	0	0.0	1492.1871055744414	1	0	tensor(3)	1.1702538190485021
171637.76254299423	2000.0	200.0	345.575437419727	0	0.0	1837.7625429941982	1	0	tensor(3)	-0.22323365777702017
172176.8480030336	1000.0	727.9197006580276	67.00516069741533	0	0.0	1904.7677036916139	1	0	tensor(3)	0.0531686149164427
174416.71266356867	2000.0	200.0	711.9449598770286	0	0.0	2616.7126635686727	1	0	tensor(3)	-3.177888846725132
174756.6413776974	500.0	860.0712858712682	0.0	0	0.0	2616.7126635686727	1	0	tensor(3)	-0.9968657614824659
175599.25329954515	1000.0	1017.4593640235252	0.0	0	0.0	2616.712663568702	1	0	tensor(3)	0.3894285996374221
176600.7359218847	1000.0	1015.9767416839679	0.0	0	0.0	2616.712663568731	1	0	tensor(3)	1.0825757801973632
177270.28705083404	1000.0	1346.4256127346114	0.0	0	0.0	2616.712663568731	1	0	tensor(3)	1.0825757801973632
177897.9995861708	1000.0	1718.7130773978665	0.0	0	0.0	2616.71266356876	1	0	tensor(3)	1.0825757801973594
179231.4463738728	1000.0	1385.2662896958623	0.0	0	0.0	2616.71266356876	1	0	tensor(3)	1.0825757801973594
180332.6583692233	1000.0	1284.0542943453702	0.0	0	0.0	2616.712663568731	1	0	tensor(3)	1.0825757801973632
181029.0243221151	2000.0	1587.688341453568	0.0	0	0.0	2616.712663568731	1	0	tensor(3)	1.082575780197363
182026.10941913325	2000.0	1590.6032444353782	0.0	0	0.0	2616.712663568731	1	0	tensor(3)	1.7757229607573084
183241.8085096848	2000.0	1374.9041538838367	0.0	0	0.0	2616.71266356876	1	0	tensor(3)	1.7757229607573044
184024.7190080781	1000.0	1591.993655490542	0.0	0	0.0	2616.71266356876	1	0	tensor(3)	0.3894285996374143
185492.5071298555	1000.0	1124.205533713151	0.0	0	0.0	2616.71266356876	1	0	tensor(3)	1.0825757801973594
186722.64270300991	1000.0	894.0699605587445	0.0	0	0.0	2616.71266356876	1	0	tensor(3)	1.0825757801973594
187240.82130586795	500.0	1375.891357700705	0.0	0	0.0	2616.71266356876	1	0	tensor(3)	-0.3037185809225314
187742.33115041815	1000.0	1874.3815131505594	0.0	0	0.0	2616.71266356876	1	0	tensor(3)	0.38942859963741405
188843.47344462533	2000.0	1773.2392189433472	0.0	0	0.0	2616.71266356876	1	0	tensor(3)	1.0825757801973592
189660.7944569697	2000.0	1955.9182065989835	0.0	0	0.0	2616.712663568789	1	0	tensor(3)	1.7757229607573009
190858.47676413425	2000.0	1758.2358994344293	0.0	0	0.0	2616.7126635688182	1	0	tensor(3)	1.7757229607572973
192313.55326783896	2000.0	1303.159395729687	0.0	0	0.0	2616.712663568789	1	0	tensor(3)	1.7757229607573009
192926.6349397773	2000.0	1690.077723791349	0.0	0	0.0	2616.712663568789	1	0	tensor(3)	1.7757229607573009
193663.98610752638	2000.0	1952.726556042264	0.0	0	0.0	2616.712663568789	1	0	tensor(3)	1.7757229607573009
194365.5707618035	2000.0	2251.141901765104	0.0	0	0.0	2616.712663568789	1	0	tensor(3)	1.7757229607573009
196072.97725365375	3000.0	1543.7354099148488	0.0	0	0.0	2616.712663568789	1	0	tensor(3)	1.7757229607573009
197444.55709407543	2000.0	1172.15556949319	0.0	0	0.0	2616.712663568789	1	0	tensor(3)	1.3702578526491362
198263.97370050388	2000.0	1352.7389630647242	0.0	0	0.0	2616.71266356876	1	0	tensor(3)	1.7757229607573015
199126.22958512476	2000.0	1490.483078443821	0.0	0	0.0	2616.71266356876	1	0	tensor(3)	1.7757229607573044
200185.81579642865	2000.0	1430.8968671399562	0.0	0	0.0	2616.71266356876	1	0	tensor(3)	1.7757229607573044
201526.38862864976	2000.0	1090.32403491888	0.0	0	0.0	2616.7126635688182	1	0	tensor(3)	1.7757229607572995
203218.90797552338	2000.0	397.80468804523366	0.0	0	0.0	2616.712663568789	1	0	tensor(3)	1.775722960757298
203577.37927356508	500.0	1039.3333900035407	0.0	0	0.0	2616.712663568789	1	0	tensor(3)	-0.9968657614824803
204374.53724632884	1000.0	1242.1754172397987	0.0	0	0.0	2616.712663568789	1	0	tensor(3)	0.3894285996374103
205214.4337402199	1000.0	1402.2789233487524	0.0	0	0.0	2616.712663568789	1	0	tensor(3)	1.0825757801973557
206016.68898511532	1000.0	1600.023678453277	0.0	0	0.0	2616.71266356876	1	0	tensor(3)	1.0825757801973594
206583.42022144722	1000.0	2033.292442121379	0.0	0	0.0	2616.71266356876	1	0	tensor(3)	1.0825757801973594
207388.58600168454	2000.0	2228.1266618840573	0.0	0	0.0	2616.71266356876	1	0	tensor(3)	1.0825757801973592
208200.0	2000.0	2416.712663568572	0.0	0	97.46064636742813	2616.712663568731	1	0	tensor(3)	1.7757229607573084
209373.13303479814	2000.0	2243.5796287703997	0.0	0	0.0	2616.712663568731	1	0	tensor(3)	1.7757229607573084
211407.46165662105	2000.0	1209.251006947519	0.0	0	0.0	2616.712663568731	1	0	tensor(3)	1.7757229607573084
212515.82252443852	1000.0	1100.8901391300574	0.0	0	0.0	2616.71266356876	1	0	tensor(3)	0.3894285996374143
213781.79554553056	1000.0	834.9171180380313	0.0	0	0.0	2616.71266356876	1	0	tensor(3)	1.0825757801973594
214741.3552600715	1000.0	875.3574034971139	0.0	0	0.0	2616.71266356876	1	0	tensor(3)	1.0825757801973594
215560.40813445408	1000.0	1056.304529114509	0.0	0	0.0	2616.71266356876	1	0	tensor(3)	1.0825757801973594
216111.79429538467	500.0	1504.9183681839297	0.0	0	0.0	2616.71266356876	1	0	tensor(3)	-0.3037185809225314
217341.38762132684	1000.0	1275.3250422417286	0.0	0	0.0	2616.71266356876	1	0	tensor(3)	0.38942859963741405
218392.12345565186	1000.0	1224.5892079167234	0.0	0	0.0	2616.71266356876	1	0	tensor(3)	1.0825757801973594
219375.44518241019	1000.0	1241.2674811583859	0.0	0	0.0	2616.71266356876	1	0	tensor(3)	1.0825757801973594
220378.60682454918	1000.0	1238.1058390193975	0.0	0	0.0	2616.71266356876	1	0	tensor(3)	1.0825757801973594
221117.5608004296	1000.0	1499.1518631389858	0.0	0	0.0	2616.71266356876	1	0	tensor(3)	1.0825757801973594
221777.25914117007	1000.0	1839.453522398484	0.0	0	0.0	2616.712663568731	1	0	tensor(3)	1.0825757801973632
222504.50751107716	1000.0	2112.2051524913786	0.0	0	0.0	2616.71266356876	1	0	tensor(3)	1.082575780197361
223355.94874423454	1000.0	2260.7639193340096	0.0	0	0.0	2616.712663568789	1	0	tensor(3)	1.0825757801973557
224368.6625732454	2000.0	2248.0500903231423	0.0	0	0.0	2616.712663568789	1	0	tensor(3)	1.0825757801973557
226214.50449375148	2000.0	1402.2081698170753	0.0	0	0.0	2616.712663568789	1	0	tensor(3)	1.7757229607573009
226797.2910127943	1000.0	1819.4216507742362	0.0	0	0.0	2616.712663568789	1	0	tensor(3)	0.3894285996374105
227719.80836167803	2000.0	1896.9043018905163	0.0	0	0.0	2616.7126635688182	1	0	tensor(3)	1.082575780197352
228858.03315747445	2000.0	1758.6795060940963	0.0	0	0.0	2616.7126635688182	1	0	tensor(3)	1.7757229607572973
230450.2036813774	2000.0	1166.5089821911552	0.0	0	0.0	2616.7126635688182	1	0	tensor(3)	1.7757229607572973
231262.78609963314	2000.0	1353.9265639353878	0.0	0	0.0	2616.7126635688182	1	0	tensor(3)	1.7757229607572973
232641.41215022578	1000.0	975.3005133427368	0.0	0	0.0	2616.7126635688182	1	0	tensor(3)	0.3894285996374069
233366.96765802908	500.0	1249.745005539427	0.0	0	0.0	2616.7126635688182	1	0	tensor(3)	-0.303718580922539
234535.69195894428	1000.0	1081.0207046242017	0.0	0	0.0	2616.7126635688182	1	0	tensor(3)	0.38942859963740667
235127.0716510445	1000.0	1489.6410125239488	0.0	0	0.0	2616.712663568789	1	0	tensor(3)	1.0825757801973557
235678.93403694042	1000.0	1937.77862662802	0.0	0	0.0	2616.712663568789	1	0	tensor(3)	1.0825757801973557
236407.75991336015	1000.0	2208.952750208306	0.0	0	0.0	2616.712663568789	1	0	tensor(3)	1.0825757801973557
237976.0163318898	2000.0	1640.6963316786582	0.0	0	0.0	2616.712663568789	1	0	tensor(3)	1.0825757801973557
238940.45368332637	2000.0	1676.2589802420953	0.0	0	0.0	2616.7126635688182	1	0	tensor(3)	1.7757229607572973
240320.31037623328	2000.0	1296.4022873351582	0.0	0	0.0	2616.7126635688182	1	0	tensor(3)	1.7757229607572973
241096.3633478696	1000.0	1520.3493156988786	0.0	0	0.0	2616.7126635688182	1	0	tensor(3)	0.3894285996374069
243046.89400239632	2000.0	569.8186611721701	0.0	0	0.0	2616.7126635688182	1	0	tensor(3)	1.082575780197352
243454.0206361835	500.0	1162.6920273849905	0.0	0	0.0	2616.7126635688182	1	0	tensor(3)	-0.996865761482484
244231.83689781427	1000.0	1384.8757657541785	0.0	0	0.0	2616.712663568789	1	0	tensor(3)	0.3894285996374103
244826.15429920267	1000.0	1790.5583643658058	0.0	0	0.0	2616.712663568789	1	0	tensor(3)	1.0825757801973557
245406.00319355194	1000.0	2210.7094700165358	0.0	0	0.0	2616.712663568789	1	0	tensor(3)	1.0825757801973557
246445.89596021414	1000.0	2170.816703354336	0.0	0	0.0	2616.712663568789	1	0	tensor(3)	1.0825757801973557
247200.0	1000.0	2416.7126635684817	0.0	0	80.4424333863426	2616.712663568789	1	0	tensor(3)	1.0825757801973557
248200.0	1000.0	2416.712663568483	0.0	0	303.28346150240395	2616.712663568789	1	0	tensor(3)	1.0825757801973557
249200.0	1000.0	2416.7126635685067	0.0	0	168.30328391457442	2616.71266356876	1	0	tensor(3)	1.0825757801973594
250200.0	1000.0	2416.712663568512	0.0	0	205.35312505427282	2616.71266356876	1	0	tensor(3)	1.0825757801973594
251291.0186753466	1000.0	2325.693988221937	0.0	0	0.0	2616.712663568731	1	0	tensor(3)	1.0825757801973601
252200.0	1000.0	2416.7126635685145	0.0	0	64.0179177482205	2616.712663568731	1	0	tensor(3)	1.0825757801973632
253200.0	1000.0	2416.7126635685067	0.0	0	153.21685915548005	2616.712663568731	1	0	tensor(3)	1.0825757801973632
254588.9243722775	1000.0	2027.7882912910202	0.0	0	0.0	2616.712663568731	1	0	tensor(3)	1.0825757801973632
255200.0	1000.0	2416.712663568551	0.0	0	35.46815735127893	2616.71266356876	1	0	tensor(3)	1.0825757801973594
256522.8947860636	2000.0	2093.81787750489	0.0	0	0.0	2616.712663568731	1	0	tensor(3)	1.082575780197363
257542.2976680135	1000.0	2074.4149955550124	0.0	0	0.0	2616.712663568731	1	0	tensor(3)	0.38942859963741727
258390.61960096954	1000.0	2226.093062598954	0.0	0	0.0	2616.71266356876	1	0	tensor(3)	1.0825757801973594
259275.6026406328	1000.0	2341.110022935698	0.0	0	0.0	2616.71266356876	1	0	tensor(3)	1.0825757801973594
260295.49050043535	1000.0	2321.2221631331386	0.0	0	0.0	2616.712663568789	1	0	tensor(3)	1.0825757801973557
261398.73090035867	1000.0	2217.9817632098207	0.0	0	0.0	2616.712663568789	1	0	tensor(3)	1.0825757801973557
263391.8639350673	1000.0	1224.848728501189	0.0	0	0.0	2616.7126635688182	1	0	tensor(3)	1.0825757801973543
264389.0322103538	1000.0	1227.680453214754	0.0	0	0.0	2616.7126635688765	1	0	tensor(3)	1.0825757801973492
265671.71879134246	1000.0	944.9938722261247	0.0	0	0.0	2616.7126635689638	1	0	tensor(3)	1.082575780197335
266476.3089800151	1000.0	1140.4036835534305	0.0	0	0.0	2616.7126635689056	1	0	tensor(3)	1.0825757801973366
267139.57772691024	500.0	1477.134936658324	0.0	0	0.0	2616.7126635688473	1	0	tensor(3)	-0.3037185809225425
268343.3735452423	1000.0	1273.3391183262352	0.0	0	0.0	2616.7126635688473	1	0	tensor(3)	0.38942859963740295
269304.4058886392	1000.0	1312.3067749292325	0.0	0	0.0	2616.7126635688473	1	0	tensor(3)	1.0825757801973483
270167.66715880245	1000.0	1449.0455047659484	0.0	0	0.0	2616.7126635688473	1	0	tensor(3)	1.0825757801973483
271313.14767648705	1000.0	1303.5649870813395	0.0	0	0.0	2616.7126635688473	1	0	tensor(3)	1.0825757801973483
272152.56054627296	1000.0	1464.1521172954149	0.0	0	0.0	2616.7126635688473	1	0	tensor(3)	1.0825757801973483
272688.72490918945	1000.0	1927.9877543789594	0.0	0	0.0	2616.7126635688473	1	0	tensor(3)	1.0825757801973483
273290.3981570697	1000.0	2326.3145064987393	0.0	0	0.0	2616.7126635688473	1	0	tensor(3)	1.0825757801973483
274634.54326400463	2000.0	1982.1693995638661	0.0	0	0.0	2616.7126635688473	1	0	tensor(3)	1.0825757801973483
275694.9784505762	1000.0	1921.7342129923163	0.0	0	0.0	2616.7126635688473	1	0	tensor(3)	0.38942859963740317
276574.02828031033	1000.0	2042.684383258169	0.0	0	0.0	2616.7126635688473	1	0	tensor(3)	1.0825757801973483
278114.1531777034	1000.0	1502.5594858651034	0.0	0	0.0	2616.7126635688473	1	0	tensor(3)	1.0825757801973483
279476.61657213065	1000.0	1140.0960914378006	0.0	0	0.0	2616.7126635688473	1	0	tensor(3)	1.082575780197344
280631.14179874276	1000.0	985.5708648256993	0.0	0	0.0	2616.7126635688473	1	0	tensor(3)	1.0825757801973455
281484.57111786975	1000.0	1132.1415456986497	0.0	0	0.0	2616.7126635688473	1	0	tensor(3)	1.0825757801973483
282223.2385789188	1000.0	1393.4740846496125	0.0	0	0.0	2616.7126635689056	1	0	tensor(3)	1.082575780197341
282909.69054503075	1000.0	1707.022118537657	0.0	0	0.0	2616.7126635688473	1	0	tensor(3)	1.0825757801973483
283758.3059907729	1000.0	1858.406672795484	0.0	0	0.0	2616.7126635688473	1	0	tensor(3)	1.0825757801973483
284425.939315456	1000.0	2190.7733481123882	0.0	0	0.0	2616.712663568789	1	0	tensor(3)	1.0825757801973557
285334.4895531857	2000.0	2282.2231103827016	0.0	0	0.0	2616.712663568789	1	0	tensor(3)	1.0825757801973557
286200.0	2000.0	2416.712663568397	0.0	0	195.2428330433322	2616.712663568789	1	0	tensor(3)	1.7757229607573009
288635.84870411444	3000.0	980.8639594540218	0.0	0	0.0	2616.7126635688473	1	0	tensor(3)	1.7757229607572982
290333.9437103033	2000.0	282.7689532651731	0.0	0	0.0	2616.7126635688473	1	0	tensor(3)	1.370257852649129
290903.6167357976	1000.0	713.0959277709111	0.0	0	0.0	2616.7126635688473	1	0	tensor(3)	0.38942859963740317
291683.0324774127	1000.0	933.6801861558857	0.0	0	0.0	2616.7126635688473	1	0	tensor(3)	1.0825757801973483
293615.6590101473	2000.0	200.0	198.9463465787911	0	0.0	2815.6590101475595	1	0	tensor(3)	-0.11843661780468395
294168.16606945376	500.0	739.806015662329	92.31307496879023	0	0.0	2907.972085116373	1	0	tensor(3)	-1.593205878641255
294967.2239796396	1000.0	940.7481054765316	0.0	0	0.0	2907.972085116373	1	0	tensor(3)	0.34696693229137665
295643.43810300255	1000.0	1264.533982113573	0.0	0	0.0	2907.972085116373	1	0	tensor(3)	1.040114112851322
296440.9814335369	1000.0	1466.990651579208	0.0	0	0.0	2907.972085116373	1	0	tensor(3)	1.040114112851322
297425.9877590075	1000.0	1481.9843261086523	0.0	0	0.0	2907.972085116373	1	0	tensor(3)	1.040114112851322
298027.6475637554	1000.0	1880.3245213607684	0.0	0	0.0	2907.972085116373	1	0	tensor(3)	1.040114112851322
298830.1357695024	1000.0	2077.836315613868	0.0	0	0.0	2907.972085116373	1	0	tensor(3)	1.040114112851322
299716.83791163	1000.0	2191.1341734862713	0.0	0	0.0	2907.972085116431	1	0	tensor(3)	1.0401141128513145
300662.85247177654	1000.0	2245.1196133396797	0.0	0	0.0	2907.972085116373	1	0	tensor(3)	1.040114112851322
301208.3251814132	1000.0	2699.6469037029638	0.0	0	0.0	2907.972085116373	1	0	tensor(3)	1.040114112851322
302245.41663486056	2000.0	2662.5554502555838	0.0	0	0.0	2907.9720851164893	1	0	tensor(3)	1.0401141128513105
303377.22613313503	1000.0	2530.7459519811073	0.0	0	0.0	2907.972085116431	1	0	tensor(3)	0.3469669322913673
305002.6074686909	2000.0	1905.3646164252552	0.0	0	0.0	2907.972085116431	1	0	tensor(3)	1.0401141128513125
0.96	1.7	1.58	1.32	1.37	1.85	1.52	1.32	1.37	2.24	3.34	2.86	1.52	2.03	1.67	1.99	2.18	1.36	1.46	0.81	1.11	1.29	1.03	1.39	1.77	0.61	0.96	2.29	2.47	1.29	1.01	0.74	1.07	0.86	1.74	2.33	2.55	1.83	0.92	2.51	2.71	2.47	1.08	1.34	2.46	2.9	1.77	1.69	1.67	0.8	1.69	1.46	1.58	1.91	2.19	1.68	1.61	1.16	0.68	0.76	1.15	1.29	0.82	1.1	1.36	1.01	1.08	1.47	1.63	1.19	1.67	1.62	0.9	1.98	2.41	1.73	1.27	1.89	0.71	0.83	0.96	1.42	1.69	1.47	1.93	2.14	1.3	1.59	1.27	0.81	1.07	1.54	1.1	1.34	1.31	1.25	1.2	1.17	1.31	1.32	0.71	1.52	1.56	0.82	1.24	1.37	1.27	1.1	0.59	0.61	1.36	0.87	1.2	0.82	0.87	0.83	0.94	0.9	1.15	1.64	1.58	1.19	1.1	0.94	0.81	0.94	1.17	1.07	1.04	1.61	1.22	1.75	2.87	1.64	1.46	1.77	0.97	1.47	2.05	1.24	0.96	1.36	1.33	1.2	1.51	1.38	1.03	1.61	1.45	0.96	0.96	1.7	1.58	1.32	1.37	1.85	1.52	1.32	1.37	2.24	3.34	2.86	1.52	2.03	1.67	1.99	2.18	1.36	1.46	0.81	1.11	1.29	1.03	1.39	1.77	0.61	0.96	2.29	2.47	1.29	1.01	0.74	1.07	0.86	1.74	2.33	2.55	1.83	0.92	2.51	2.71	2.47	1.08	1.34	2.46	2.9	1.77	1.69	1.67	0.8	1.69	1.46	1.58	1.91	2.19	1.68	1.61	1.16	0.68	0.76	1.15	1.29	0.82	1.1	1.36	1.01	1.08	1.47	1.63	1.19	1.67	1.62	0.9	1.98	2.41	1.73	1.27	1.89	0.71	0.83	0.96	1.42	1.69	1.47	1.93	2.14	1.3	1.59	1.27	0.81	1.07	1.54	1.1	1.34	1.31	1.25	1.2	1.17	1.31	1.32	0.71	1.52	1.56	0.82	1.24	1.37	1.27	1.1	0.59	0.61	1.36	0.87	1.2	0.82	0.87	0.83	0.94	0.9	1.15	1.64	1.58	1.19	1.1	0.94	0.81	0.94	1.17	1.07	1.04	1.61	1.22	1.75	2.87	1.64	1.46	1.77	0.97	1.47	2.05	1.24	0.96	1.36	1.33	1.2	1.51	1.38	1.03	1.61	1.45	0.96	0.96	1.7	1.58	1.32	1.37
1.0	2.0	3.0	4.0	5.0	6.0	7.0	8.0	9.0	10.0	11.0	12.0	13.0	14.0	15.0	16.0	17.0	18.0	19.0	20.0	21.0	22.0	23.0	24.0	25.0	26.0	27.0	28.0	29.0	30.0	31.0	32.0	33.0	34.0	35.0	36.0	37.0	38.0	39.0	40.0	41.0	42.0	43.0	44.0	45.0	46.0	47.0	48.0	49.0	50.0	51.0	52.0	53.0	54.0	55.0	56.0	57.0	58.0	59.0	60.0	61.0	62.0	63.0	64.0	65.0	66.0	67.0	68.0	69.0	70.0	71.0	72.0	73.0	74.0	75.0	76.0	77.0	78.0	79.0	80.0	81.0	82.0	83.0	84.0	85.0	86.0	87.0	88.0	89.0	90.0	91.0	92.0	93.0	94.0	95.0	96.0	97.0	98.0	99.0	100.0	101.0	102.0	103.0	104.0	105.0	106.0	107.0	108.0	109.0	110.0	111.0	112.0	113.0	114.0	115.0	116.0	117.0	118.0	119.0	120.0	121.0	122.0	123.0	124.0	125.0	126.0	127.0	128.0	129.0	130.0	131.0	132.0	133.0	134.0	135.0	136.0	137.0	138.0	139.0	140.0	141.0	142.0	143.0	144.0	145.0	146.0	147.0	148.0	149.0	149.0	150.0	151.0	152.0	153.0	154.0	155.0	156.0	157.0	158.0	159.0	160.0	161.0	162.0	163.0	164.0	165.0	166.0	167.0	168.0	169.0	170.0	171.0	172.0	173.0	174.0	175.0	176.0	177.0	178.0	179.0	180.0	181.0	182.0	183.0	184.0	185.0	186.0	187.0	188.0	189.0	190.0	191.0	192.0	193.0	194.0	195.0	196.0	197.0	198.0	199.0	200.0	201.0	202.0	203.0	204.0	205.0	206.0	207.0	208.0	209.0	210.0	211.0	212.0	213.0	214.0	215.0	216.0	217.0	218.0	219.0	220.0	221.0	222.0	223.0	224.0	225.0	226.0	227.0	228.0	229.0	230.0	231.0	232.0	233.0	234.0	235.0	236.0	237.0	238.0	239.0	240.0	241.0	242.0	243.0	244.0	245.0	246.0	247.0	248.0	249.0	250.0	251.0	252.0	253.0	254.0	255.0	256.0	257.0	258.0	259.0	260.0	261.0	262.0	263.0	264.0	265.0	266.0	267.0	268.0	269.0	270.0	271.0	272.0	273.0	274.0	275.0	276.0	277.0	278.0	279.0	280.0	281.0	282.0	283.0	284.0	285.0	286.0	287.0	288.0	289.0	290.0	291.0	292.0	293.0	294.0	295.0	296.0	297.0	298.0	298.0	299.0	300.0	301.0	302.0	303.0
4208.793434051123
