3170.4307641397927	300.0	2000.0	145.92312427332624	0	0.0	3170.4307641397927	1	0	tensor(3)	-1.0822634862413318
4715.907618598442	3000.0	1454.5231455413516	0.0	0	0.0	3170.4307641397936	1	0	tensor(3)	-0.21309778228092946
5414.378055484445	2000.0	1756.0527086553484	0.0	0	0.0	3170.430764139794	1	0	tensor(3)	1.278557094496787
6227.896129121184	2000.0	1942.5346350186107	0.0	0	0.0	3170.430764139794	1	0	tensor(3)	1.6840222026049516
7649.587504401981	3000.0	1520.8432597378135	0.0	0	0.0	3170.4307641397945	1	0	tensor(3)	1.6840222026049518
9323.53985747985	3000.0	846.8909066599468	0.0	0	0.0	3170.4307641397954	1	0	tensor(3)	2.0894873107131167
10159.761030843736	2000.0	1010.6697332960605	0.0	0	0.0	3170.4307641397954	1	0	tensor(3)	1.2785570944967868
10926.751429677342	2000.0	1243.6793344624546	0.0	0	0.0	3170.4307641397963	1	0	tensor(3)	1.6840222026049512
11740.79239085014	2000.0	1429.6383732896586	0.0	0	0.0	3170.4307641397954	1	0	tensor(3)	1.6840222026049512
12405.252774951994	2000.0	1765.1779891878055	0.0	0	0.0	3170.4307641397954	1	0	tensor(3)	1.6840222026049514
13472.052938696417	3000.0	1698.3778254433817	0.0	0	0.0	3170.4307641397936	1	0	tensor(3)	1.684022202604952
14851.771393771178	2000.0	1318.6593703686215	0.0	0	0.0	3170.4307641397954	1	0	tensor(3)	1.2785570944967868
15848.956449833275	2000.0	1321.4743143065227	0.0	0	0.0	3170.4307641397954	1	0	tensor(3)	1.6840222026049514
16589.437518126164	2000.0	1580.9932460136345	0.0	0	0.0	3170.4307641397972	1	0	tensor(3)	1.6840222026049512
17946.83552371614	3000.0	1223.5952404236564	0.0	0	0.0	3170.4307641397972	1	0	tensor(3)	1.6840222026049514
18902.623750551633	2000.0	1267.8070135881635	0.0	0	0.0	3170.4307641397972	1	0	tensor(3)	1.2785570944967868
19783.690239745323	2000.0	1386.7405243944725	0.0	0	0.0	3170.4307641397972	1	0	tensor(3)	1.6840222026049512
20873.964007320934	2000.0	1296.4667568188643	0.0	0	0.0	3170.4307641397972	1	0	tensor(3)	1.6840222026049512
21781.46308240058	2000.0	1388.9676817392183	0.0	0	0.0	3170.4307641397972	1	0	tensor(3)	1.6840222026049512
22468.75166192175	2000.0	1701.6791022180491	0.0	0	0.0	3170.4307641397972	1	0	tensor(3)	1.6840222026049512
23947.866854699874	3000.0	1222.563909439926	0.0	0	0.0	3170.4307641397972	1	0	tensor(3)	1.6840222026049514
24708.156649784883	2000.0	1462.274114354915	0.0	0	0.0	3170.4307641397972	1	0	tensor(3)	1.2785570944967866
25824.418664133947	2000.0	1346.0121000058498	0.0	0	0.0	3170.4307641397972	1	0	tensor(3)	1.6840222026049512
27101.772123530867	3000.0	1068.6586406089275	0.0	0	0.0	3170.430764139801	1	0	tensor(3)	1.6840222026049505
27976.39518331013	2000.0	1194.0355808296606	0.0	0	0.0	3170.430764139801	1	0	tensor(3)	1.2785570944967857
28934.57271605035	3000.0	1235.8580480894425	0.0	0	0.0	3170.430764139801	1	0	tensor(3)	1.6840222026049505
29523.87043383666	3000.0	1646.5603303031316	0.0	0	0.0	3170.430764139801	1	0	tensor(3)	2.089487310713115
30573.91335298593	3000.0	1596.5174111538613	0.0	0	0.0	3170.4307641398045	1	0	tensor(3)	2.0894873107131144
31977.371927095068	3000.0	1193.0588370447263	0.0	0	0.0	3170.4307641398045	1	0	tensor(3)	2.0894873107131144
33220.87721905462	3000.0	949.5535450851701	0.0	0	0.0	3170.430764139801	1	0	tensor(3)	2.089487310713115
34060.40528389265	2000.0	1110.0254802471438	0.0	0	0.0	3170.4307641398045	1	0	tensor(3)	1.2785570944967848
35276.95706482361	3000.0	893.4736993161914	0.0	0	0.0	3170.4307641398154	1	0	tensor(3)	1.684022202604948
36025.601357104446	3000.0	1144.8294070353613	0.0	0	0.0	3170.430764139819	1	0	tensor(3)	2.089487310713112
36810.97038984592	3000.0	1359.460374293888	0.0	0	0.0	3170.430764139819	1	0	tensor(3)	2.0894873107131113
38184.53445913417	3000.0	985.8963050056427	0.0	0	0.0	3170.430764139819	1	0	tensor(3)	2.0894873107131113
39201.970605725975	2000.0	968.4601584138411	0.0	0	0.0	3170.430764139819	1	0	tensor(3)	1.278557094496782
40167.26914204897	2000.0	1003.1616220908529	0.0	0	0.0	3170.430764139819	1	0	tensor(3)	1.6840222026049465
41307.64158574261	2000.0	862.7891783972095	0.0	0	0.0	3170.430764139819	1	0	tensor(3)	1.6840222026049465
41932.96069860072	2000.0	1237.4700655391116	0.0	0	0.0	3170.430764139819	1	0	tensor(3)	1.6840222026049465
43215.38220144535	3000.0	955.0485626944843	0.0	0	0.0	3170.430764139819	1	0	tensor(3)	1.6840222026049467
44008.93748010049	2000.0	1161.4932840393358	0.0	0	0.0	3170.430764139819	1	0	tensor(3)	1.278557094496782
44939.48781377283	3000.0	1230.942950366998	0.0	0	0.0	3170.430764139819	1	0	tensor(3)	1.6840222026049467
45978.75006569751	3000.0	1191.6806984423192	0.0	0	0.0	3170.430764139819	1	0	tensor(3)	2.0894873107131113
46675.30012803327	2000.0	1495.1306361065629	0.0	0	0.0	3170.430764139819	1	0	tensor(3)	1.278557094496782
47449.56439812688	2000.0	1720.8663660129457	0.0	0	0.0	3170.430764139819	1	0	tensor(3)	1.6840222026049465
48901.94297005995	3000.0	1268.4877940798706	0.0	0	0.0	3170.430764139819	1	0	tensor(3)	1.6840222026049467
50021.80153828054	3000.0	1148.629225859283	0.0	0	0.0	3170.430764139812	1	0	tensor(3)	2.089487310713113
51316.808068819366	3000.0	853.6226953204562	0.0	0	0.0	3170.430764139812	1	0	tensor(3)	2.089487310713113
52143.594839971774	2000.0	1026.8359241680432	0.0	0	0.0	3170.430764139812	1	0	tensor(3)	1.2785570944967832
53480.57714206509	3000.0	689.8536220747255	0.0	0	0.0	3170.4307641398045	1	0	tensor(3)	1.6840222026049496
54446.95244829874	3000.0	723.478315841074	0.0	0	0.0	3170.4307641398045	1	0	tensor(3)	2.0894873107131144
55134.93558642527	2000.0	1035.4951777145425	0.0	0	0.0	3170.4307641398045	1	0	tensor(3)	1.2785570944967848
56421.04178389888	2000.0	749.3889802409365	0.0	0	0.0	3170.430764139812	1	0	tensor(3)	1.6840222026049478
57336.27965201931	2000.0	834.1511121205125	0.0	0	0.0	3170.430764139812	1	0	tensor(3)	1.6840222026049478
58190.73617792647	2000.0	979.6945862133464	0.0	0	0.0	3170.4307641398045	1	0	tensor(3)	1.6840222026049494
59591.38410089597	2000.0	579.0466632438395	0.0	0	0.0	3170.4307641397972	1	0	tensor(3)	1.6840222026049512
60302.5046501788	1000.0	867.9261139610052	0.0	0	0.0	3170.4307641397972	1	0	tensor(3)	0.2977278414850608
61012.07272722192	1000.0	1158.3580369178912	0.0	0	0.0	3170.4307641397972	1	0	tensor(3)	0.9908750220450059
61638.19987986659	1000.0	1532.2308842732234	0.0	0	0.0	3170.4307641397972	1	0	tensor(3)	0.9908750220450059
62866.63967919019	2000.0	1303.7910849496177	0.0	0	0.0	3170.43076413979	1	0	tensor(3)	0.9908750220450073
63466.926901616294	1000.0	1703.5038625235168	0.0	0	0.0	3170.43076413979	1	0	tensor(3)	0.29772784148506226
65101.98377696212	2000.0	1068.4469871776848	0.0	0	0.0	3170.43076413979	1	0	tensor(3)	0.9908750220450073
65594.1491705305	500.0	1576.2815936093132	0.0	0	0.0	3170.43076413979	1	0	tensor(3)	-1.088566519634829
66303.67455063498	1000.0	1866.756213504837	0.0	0	0.0	3170.4307641398045	1	0	tensor(3)	0.29772784148506026
67365.54181687154	2000.0	1804.8889472682622	0.0	0	0.0	3170.4307641397972	1	0	tensor(3)	0.9908750220450053
68178.26718867508	1000.0	1992.1635754647427	0.0	0	0.0	3170.430764139812	1	0	tensor(3)	0.29772784148505926
69061.0474269996	2000.0	2109.3833371402247	0.0	0	0.0	3170.430764139819	1	0	tensor(3)	0.9908750220450016
70278.53662855514	2000.0	1891.8941355846987	0.0	0	0.0	3170.430764139819	1	0	tensor(3)	1.6840222026049465
71262.31337479445	2000.0	1908.1173893453906	0.0	0	0.0	3170.430764139819	1	0	tensor(3)	1.6840222026049465
72556.156644859	2000.0	1614.2741192808444	0.0	0	0.0	3170.430764139819	1	0	tensor(3)	1.6840222026049465
74069.625128106	2000.0	1100.805636033864	0.0	0	0.0	3170.4307641398336	1	0	tensor(3)	1.6840222026049434
74616.20565397483	1000.0	1554.2251101650324	0.0	0	0.0	3170.4307641398336	1	0	tensor(3)	0.2977278414850531
76019.43961754047	2000.0	1150.9911465993823	0.0	0	0.0	3170.4307641398336	1	0	tensor(3)	0.9908750220449982
76899.56252022316	2000.0	1270.8682439166948	0.0	0	0.0	3170.4307641398336	1	0	tensor(3)	1.6840222026049434
77556.10696595842	2000.0	1614.3237981814248	0.0	0	0.0	3170.4307641398336	1	0	tensor(3)	1.6840222026049434
78667.89234393096	2000.0	1502.5384202088765	0.0	0	0.0	3170.4307641398336	1	0	tensor(3)	1.6840222026049434
79717.40214372895	2000.0	1453.028620410888	0.0	0	0.0	3170.4307641398336	1	0	tensor(3)	1.6840222026049434
80772.98469671603	2000.0	1397.4460674238103	0.0	0	0.0	3170.4307641398336	1	0	tensor(3)	1.6840222026049434
81739.29634096591	2000.0	1431.1344231739301	0.0	0	0.0	3170.4307641398336	1	0	tensor(3)	1.6840222026049434
82687.60364208421	2000.0	1482.8271220556258	0.0	0	0.0	3170.4307641398336	1	0	tensor(3)	1.6840222026049434
83537.36397348308	2000.0	1633.066790656749	0.0	0	0.0	3170.4307641398336	1	0	tensor(3)	1.6840222026049434
84406.96728785375	2000.0	1763.4634762860774	0.0	0	0.0	3170.4307641398336	1	0	tensor(3)	1.6840222026049434
85280.81323227032	3000.0	1889.6175318695098	0.0	0	0.0	3170.4307641398336	1	0	tensor(3)	1.6840222026049436
86646.09554627539	3000.0	1524.3352178644323	0.0	0	0.0	3170.4307641398336	1	0	tensor(3)	2.0894873107131082
87885.38588038021	2000.0	1285.0448837596189	0.0	0	0.0	3170.4307641398336	1	0	tensor(3)	1.2785570944967788
89078.04727196062	2000.0	1092.383492179219	0.0	0	0.0	3170.4307641398336	1	0	tensor(3)	1.6840222026049434
90309.90904320107	3000.0	860.5217209387548	0.0	0	0.0	3170.4307641398336	1	0	tensor(3)	1.6840222026049436
90814.91831290201	2000.0	1355.5124512378009	0.0	0	0.0	3170.4307641398336	1	0	tensor(3)	1.2785570944967788
91513.84861324664	3000.0	1656.5821508931765	0.0	0	0.0	3170.4307641398336	1	0	tensor(3)	1.6840222026049436
92113.83586800689	3000.0	2056.594896132927	0.0	0	0.0	3170.4307641398336	1	0	tensor(3)	2.0894873107131082
92747.46712973528	3000.0	2422.963634404548	0.0	0	0.0	3170.4307641398336	1	0	tensor(3)	2.0894873107131082
93200.0	3000.0	2970.430764139811	0.0	0	79.46085599302023	3170.4307641398336	1	0	tensor(3)	2.0894873107131082
94566.70709280527	6000.0	2603.72367133456	0.0	0	0.0	3170.4307641398336	1	0	tensor(3)	2.089487310713108
97061.09940770204	6000.0	1109.3313564377809	0.0	0	0.0	3170.4307641398336	1	0	tensor(3)	2.7826344912730527
98778.72933627559	3000.0	391.70142786425424	0.0	0	0.0	3170.4307641398336	1	0	tensor(3)	1.3963401301531633
99419.24288990101	2000.0	751.1878742388304	0.0	0	0.0	3170.4307641398336	1	0	tensor(3)	1.2785570944967788
100161.10419672316	3000.0	1009.3265674166838	0.0	0	0.0	3170.4307641398336	1	0	tensor(3)	1.6840222026049436
100945.97434483095	3000.0	1224.4564193088866	0.0	0	0.0	3170.4307641398336	1	0	tensor(3)	2.0894873107131082
101773.26170089976	3000.0	1397.1690632400732	0.0	0	0.0	3170.4307641398336	1	0	tensor(3)	2.0894873107131082
103264.21264650638	3000.0	906.2181176334593	0.0	0	0.0	3170.4307641398336	1	0	tensor(3)	2.0894873107131082
105111.97506019965	3000.0	200.0	141.54429605981417	0	0.0	3311.9750601996493	1	0	tensor(3)	1.2304729907065703
105823.62490602906	1000.0	635.6994852929124	147.3493311223395	0	0.0	1459.3243913219922	1	0	tensor(6)	-6.811059501759212
106423.52876520669	2000.0	1035.7956261152776	0.0	0	0.0	1459.3243913219922	1	0	tensor(3)	1.1716487736429335
107200.0	2000.0	1259.3243913219812	0.0	0	125.46733021526597	1459.3243913219922	1	0	tensor(3)	1.8647959542028785
108200.0	3000.0	1259.3243913219706	0.0	0	394.75075109666795	1459.3243913219922	1	0	tensor(3)	1.8647959542028787
109200.0	3000.0	1259.324391321961	0.0	0	418.270281267527	1459.3243913219922	1	0	tensor(3)	2.2702610623110435
110200.0	3000.0	1259.3243913219758	0.0	0	98.62877723699785	1459.3243913219922	1	0	tensor(3)	2.2702610623110435
111200.0	3000.0	1259.3243913219694	0.0	0	210.30862010458077	1459.3243913219922	1	0	tensor(3)	2.2702610623110435
112200.0	3000.0	1259.3243913219578	0.0	0	2.717951189042651	1459.3243913219922	1	0	tensor(3)	2.2702610623110435
113660.02980687672	3000.0	799.2945844452589	0.0	0	0.0	1459.3243913220067	1	0	tensor(3)	2.2702610623110426
114473.13637836967	2000.0	986.188012952291	0.0	0	0.0	1459.3243913220213	1	0	tensor(3)	1.459330846094713
115575.82381872767	2000.0	883.5005725942788	0.0	0	0.0	1459.3243913220213	1	0	tensor(3)	1.8647959542028776
116389.8022921058	2000.0	1069.5220992161394	0.0	0	0.0	1459.3243913220213	1	0	tensor(3)	1.8647959542028776
117294.4049441524	2000.0	1164.9194471695507	0.0	0	0.0	1459.3243913220213	1	0	tensor(3)	1.8647959542028776
118356.16702303257	2000.0	1103.1573682893686	0.0	0	0.0	1459.3243913220213	1	0	tensor(3)	1.8647959542028776
119200.0	2000.0	1259.3243913219294	0.0	0	158.00554913702945	1459.3243913220213	1	0	tensor(3)	1.8647959542028776
120200.0	3000.0	1259.3243913219326	0.0	0	377.8170183744951	1459.3243913220067	1	0	tensor(3)	1.8647959542028782
121232.08261883621	3000.0	1227.2417724857196	0.0	0	0.0	1459.3243913220067	1	0	tensor(3)	2.2702610623110426
122200.0	3000.0	1259.3243913219158	0.0	0	41.499182169354754	1459.3243913220067	1	0	tensor(3)	2.2702610623110426
123200.0	3000.0	1259.3243913219287	0.0	0	80.77922924699669	1459.3243913220213	1	0	tensor(3)	2.270261062311042
124997.2140277925	3000.0	462.1103635294123	0.0	0	0.0	1459.3243913220213	1	0	tensor(3)	2.270261062311042
125910.74009398028	1000.0	548.5842973416286	0.0	0	0.0	1459.3243913220358	1	0	tensor(3)	0.0730364849748219
127002.66976405145	2000.0	456.65462727045406	0.0	0	0.0	1459.3243913220213	1	0	tensor(3)	1.1716487736429322
127730.53045117133	1000.0	728.7939401505469	0.0	0	0.0	1459.3243913220067	1	0	tensor(3)	0.47850159308298773
128414.05728405337	1000.0	1045.267107268503	0.0	0	0.0	1459.3243913220067	1	0	tensor(3)	1.1716487736429329
129478.86130632533	2000.0	980.4630849965548	0.0	0	0.0	1459.3243913220213	1	0	tensor(3)	1.1716487736429322
130200.0	1000.0	1259.3243913218903	0.0	0	39.482575774614816	1459.3243913220358	1	0	tensor(3)	0.4785015930829866
131211.95681500415	2000.0	1247.3675763177644	0.0	0	0.0	1459.3243913220504	1	0	tensor(3)	1.1716487736429313
132200.0	2000.0	1259.3243913219314	0.0	0	342.6262740564707	1459.324391322094	1	0	tensor(3)	1.864795954202875
133547.3164459224	2000.0	912.0079453995426	0.0	0	0.0	1459.324391322065	1	0	tensor(3)	1.8647959542028754
135240.31285311127	2000.0	245.14670371626303	26.135165505556103	0	0.0	1485.4595568276418	1	0	tensor(3)	1.7072999302623342
135776.55750966404	1000.0	723.1943023282746	14.292255164759212	0	0.0	1499.751811992377	1	0	tensor(3)	0.39102560104408135
136458.10540365436	1000.0	1041.646408337978	0.0	0	0.0	1499.751811992377	1	0	tensor(3)	1.1699263125925816
137200.0	1000.0	1299.7518119923593	0.0	0	34.50364341607201	1499.7518119924061	1	0	tensor(3)	1.1699263125925805
138273.82578151138	2000.0	1225.926030481015	0.0	0	0.0	1499.7518119924353	1	0	tensor(3)	1.169926312592579
139440.09723636432	2000.0	1059.6545756280373	0.0	0	0.0	1499.7518119924353	1	0	tensor(3)	1.8630734931525241
140385.83289868684	2000.0	1113.9189133055202	0.0	0	0.0	1499.7518119924353	1	0	tensor(3)	1.8630734931525241
141362.25144473353	2000.0	1137.5003672588232	0.0	0	0.0	1499.7518119924353	1	0	tensor(3)	1.8630734931525241
142740.64554011865	2000.0	759.1062718737144	0.0	0	0.0	1499.7518119924644	1	0	tensor(3)	1.863073493152523
143296.53766092382	1000.0	1203.2141510685299	0.0	0	0.0	1499.7518119924644	1	0	tensor(3)	0.4767791320326328
144259.20651010465	2000.0	1240.5453018876988	0.0	0	0.0	1499.7518119924935	1	0	tensor(3)	1.1699263125925776
145599.75929262248	2000.0	899.9925193698607	0.0	0	0.0	1499.7518119924935	1	0	tensor(3)	1.8630734931525217
146861.64354795992	2000.0	638.1082640323863	0.0	0	0.0	1499.7518119924935	1	0	tensor(3)	1.8630734931525217
148087.44679619014	2000.0	412.3050158021549	0.0	0	0.0	1499.7518119924935	1	0	tensor(3)	1.8630734931525217
148821.8273794031	1000.0	677.9244325892039	0.0	0	0.0	1499.7518119925226	1	0	tensor(3)	0.47677913203263017
149704.32490048814	1000.0	795.4269115041282	0.0	0	0.0	1499.7518119925226	1	0	tensor(3)	1.1699263125925754
150200.0	1000.0	1299.7518119922595	0.0	0	22.654891526763095	1499.7518119924935	1	0	tensor(3)	1.1699263125925765
151200.0	2000.0	1299.7518119922597	0.0	0	317.84923390942276	1499.7518119925226	1	0	tensor(3)	1.1699263125925754
152364.02033228424	2000.0	1135.731479708033	0.0	0	0.0	1499.7518119925226	1	0	tensor(3)	1.8630734931525206
153200.0	2000.0	1299.7518119922734	0.0	0	99.47771832643775	1499.7518119925226	1	0	tensor(3)	1.8630734931525206
154360.12832419065	2000.0	1139.623487801644	0.0	0	0.0	1499.7518119925517	1	0	tensor(3)	1.8630734931525192
155200.0	2000.0	1299.751811992275	0.0	0	23.294614236918278	1499.7518119925517	1	0	tensor(3)	1.8630734931525192
156200.0	2000.0	1299.7518119922713	0.0	0	218.39661627387977	1499.7518119925517	1	0	tensor(3)	1.8630734931525192
157510.31941681364	3000.0	989.4323951786364	0.0	0	0.0	1499.7518119925226	1	0	tensor(3)	1.8630734931525206
158419.82466933544	2000.0	1079.927142656828	0.0	0	0.0	1499.7518119924935	1	0	tensor(3)	1.457608385044357
159492.71668348534	2000.0	1007.0351285069255	0.0	0	0.0	1499.7518119924935	1	0	tensor(3)	1.8630734931525217
160823.18842986933	2000.0	676.5633821229444	0.0	0	0.0	1499.7518119924935	1	0	tensor(3)	1.8630734931525217
161620.17100250078	2000.0	879.580809491512	0.0	0	0.0	1499.7518119924935	1	0	tensor(3)	1.8630734931525217
162653.4908656919	2000.0	846.2609463003728	0.0	0	0.0	1499.7518119924935	1	0	tensor(3)	1.8630734931525217
163456.3324069842	2000.0	1043.4194050081105	0.0	0	0.0	1499.7518119924644	1	0	tensor(3)	1.863073493152523
164257.13447417988	2000.0	1242.6173378124195	0.0	0	0.0	1499.7518119924644	1	0	tensor(3)	1.863073493152523
165239.4087952545	2000.0	1260.3430167377849	0.0	0	0.0	1499.7518119924644	1	0	tensor(3)	1.863073493152523
166200.0	2000.0	1299.7518119922888	0.0	0	197.1905523892492	1499.7518119924644	1	0	tensor(3)	1.863073493152523
167238.52501966918	2000.0	1261.2267923231152	0.0	0	0.0	1499.7518119924644	1	0	tensor(3)	1.863073493152523
168484.22936311804	2000.0	1015.5224488742657	0.0	0	0.0	1499.7518119924644	1	0	tensor(3)	1.863073493152523
169359.58720789794	2000.0	1140.1646040943738	0.0	0	0.0	1499.7518119924644	1	0	tensor(3)	1.863073493152523
170200.0	2000.0	1299.7518119923204	0.0	0	110.78411842300557	1499.7518119924935	1	0	tensor(3)	1.8630734931525217
171200.0	2000.0	1299.7518119923395	0.0	0	181.3941509993747	1499.7518119924935	1	0	tensor(3)	1.8630734931525217
172200.0	2000.0	1299.7518119923393	0.0	0	142.70422328310087	1499.7518119924935	1	0	tensor(3)	1.8630734931525217
173200.0	2000.0	1299.7518119923352	0.0	0	150.0889293460059	1499.7518119924644	1	0	tensor(3)	1.8630734931525224
174200.0	2000.0	1299.7518119923484	0.0	0	214.08262535216636	1499.7518119924644	1	0	tensor(3)	1.863073493152523
175264.31429193463	2000.0	1235.4375200577113	0.0	0	0.0	1499.7518119924644	1	0	tensor(3)	1.863073493152523
176244.8518149603	2000.0	1254.8999970320408	0.0	0	0.0	1499.7518119924644	1	0	tensor(3)	1.863073493152523
177200.0	2000.0	1299.7518119923493	0.0	0	183.5244375693146	1499.7518119924935	1	0	tensor(3)	1.8630734931525224
178200.0	3000.0	1299.7518119923297	0.0	0	44.09386446001008	1499.7518119924935	1	0	tensor(3)	1.8630734931525215
179200.0	3000.0	1299.7518119923434	0.0	0	157.5223469249322	1499.7518119924935	1	0	tensor(3)	2.2685386012606865
180200.0	3000.0	1299.7518119923418	0.0	0	275.5391558261181	1499.7518119925226	1	0	tensor(3)	2.268538601260686
181576.5516225525	3000.0	923.2001894398447	0.0	0	0.0	1499.7518119925226	1	0	tensor(3)	2.268538601260685
183079.4175648867	3000.0	420.3342471056691	0.0	0	0.0	1499.7518119924935	1	0	tensor(3)	2.2685386012606865
183836.7491407472	2000.0	663.00267124517	0.0	0	0.0	1499.7518119925226	1	0	tensor(3)	1.457608385044356
184534.83832321005	2000.0	964.9134887823245	0.0	0	0.0	1499.7518119925226	1	0	tensor(3)	1.8630734931525206
185520.78190341	3000.0	978.9699085823285	0.0	0	0.0	1499.7518119924935	1	0	tensor(3)	1.863073493152522
186384.0567754689	3000.0	1115.695036523463	0.0	0	0.0	1499.7518119925226	1	0	tensor(3)	2.268538601260685
188049.23470489358	3000.0	450.51710709879785	0.0	0	0.0	1499.7518119925226	1	0	tensor(3)	2.268538601260686
189151.74060621468	2000.0	385.36196111326694	37.35075533559274	0	0.0	1537.102567328111	1	0	tensor(3)	1.2318507984534302
189884.65839896584	1000.0	652.4441683621158	0.0	0	0.0	1537.102567328082	1	0	tensor(3)	0.4751260774552614
190736.5634915608	2000.0	800.5390757671541	0.0	0	0.0	1537.102567328082	1	0	tensor(3)	1.1682732580152075
191590.76206029748	2000.0	946.34050703045	0.0	0	0.0	1537.1025673280528	1	0	tensor(3)	1.8614204385751538
192333.1640326192	2000.0	1203.9385347087132	0.0	0	0.0	1537.1025673280528	1	0	tensor(3)	1.8614204385751538
193200.0	3000.0	1337.1025673279169	0.0	0	101.30265304711065	1537.102567328082	1	0	tensor(3)	1.8614204385751532
194549.21427613142	3000.0	987.8882911964815	0.0	0	0.0	1537.102567328082	1	0	tensor(3)	2.2668855466833175
195747.75243592216	3000.0	789.3501314057637	0.0	0	0.0	1537.102567328082	1	0	tensor(3)	2.2668855466833175
196414.1931873043	2000.0	1122.9093800235737	0.0	0	0.0	1537.102567328082	1	0	tensor(3)	1.4559553304669879
197802.77639591685	3000.0	734.3261714110367	0.0	0	0.0	1537.102567328111	1	0	tensor(3)	1.8614204385751514
198499.31717780937	2000.0	1037.7853895184867	0.0	0	0.0	1537.102567328111	1	0	tensor(3)	1.4559553304669866
199522.46099420777	3000.0	1014.6415731200783	0.0	0	0.0	1537.102567328111	1	0	tensor(3)	1.8614204385751514
201015.17544106388	3000.0	521.9271262639608	0.0	0	0.0	1537.102567328111	1	0	tensor(3)	2.2668855466833158
201647.2566099705	2000.0	889.8459573573513	0.0	0	0.0	1537.102567328111	1	0	tensor(3)	1.4559553304669866
202820.16371778242	3000.0	716.938849545437	0.0	0	0.0	1537.102567328111	1	0	tensor(3)	1.8614204385751514
204377.66528876298	3000.0	200.0	40.562721435126605	0	0.0	1577.665288763208	1	0	tensor(3)	2.0231362413399987
205009.48831929153	1000.0	659.426113514701	91.24914404325233	0	0.0	1668.9144328064867	1	0	tensor(3)	-0.48417385114904865
206053.46469395488	2000.0	615.4497388513373	0.0	0	0.0	1668.9144328064867	1	0	tensor(3)	1.1619333017785742
206855.70643897384	2000.0	813.2079938323833	0.0	0	0.0	1668.9144328064576	1	0	tensor(3)	1.8550804823385199
207923.69282351783	2000.0	745.2216092883749	0.0	0	0.0	1668.9144328064576	1	0	tensor(3)	1.8550804823385207
209527.80111168555	2000.0	200.0	58.886678879338774	0	0.0	1727.8011116858106	1	0	tensor(3)	1.5004112140613763
210046.367960495	1000.0	752.9529623694573	71.51981117894843	0	0.0	1799.3209228647174	1	0	tensor(3)	0.032540647454882554
211568.36983124077	2000.0	230.9510916237069	0.0	0	0.0	1799.3209228647174	1	0	tensor(3)	1.154806695088519
212208.51445800398	1000.0	724.8415984107878	134.03513355031964	0	0.0	1933.3560564147774	1	0	tensor(3)	-0.3508792538352709
214418.96178903917	2000.0	200.0	685.6057326244058	0	0.0	2618.9617890391964	1	0	tensor(3)	-2.9951156404330668
214964.22292482102	500.0	796.5230059767086	141.78414175854942	0	0.0	2760.7459307977406	1	0	tensor(3)	-1.8671429068590877
216269.34477562437	2000.0	491.40115517334254	0.0	0	0.0	2760.7459307977406	1	0	tensor(3)	0.36985630481209936
217115.28244819804	1000.0	645.4634825996881	0.0	0	0.0	2760.7459307977406	1	0	tensor(3)	0.36985630481209875
217769.61234454165	1000.0	991.1335862560978	0.0	0	0.0	2760.7459307977406	1	0	tensor(3)	1.0630034853720447
219061.00646826747	2000.0	699.7394625302991	0.0	0	0.0	2760.745930797799	1	0	tensor(3)	1.0630034853720387
219612.96107019344	1000.0	1147.784860604339	0.0	0	0.0	2760.745930797799	1	0	tensor(3)	0.36985630481209114
220501.69660647947	2000.0	1259.049324318314	0.0	0	0.0	2760.7459307977697	1	0	tensor(3)	1.0630034853720405
221652.76126236896	2000.0	1107.9846684288098	0.0	0	0.0	2760.745930797799	1	0	tensor(3)	1.7561506659319814
223140.91508242933	2000.0	619.8308483684278	0.0	0	0.0	2760.745930797828	1	0	tensor(3)	1.7561506659319797
223930.1267494012	1000.0	830.6191813965542	0.0	0	0.0	2760.745930797828	1	0	tensor(3)	0.369856304812087
224580.2012885157	1000.0	1180.5446422820928	0.0	0	0.0	2760.745930797828	1	0	tensor(3)	1.063003485372032
225235.21817337789	1000.0	1525.5277574198878	0.0	0	0.0	2760.745930797828	1	0	tensor(3)	1.063003485372032
226001.984152505	2000.0	1758.761778292797	0.0	0	0.0	2760.745930797828	1	0	tensor(3)	1.063003485372032
226851.32598788003	2000.0	1909.4199429177693	0.0	0	0.0	2760.745930797857	1	0	tensor(3)	1.756150665931973
227880.44737706095	2000.0	1880.2985537368309	0.0	0	0.0	2760.745930797828	1	0	tensor(3)	1.7561506659319739
228866.80063878393	2000.0	1893.9452920138847	0.0	0	0.0	2760.745930797857	1	0	tensor(3)	1.756150665931973
229819.7815232716	2000.0	1940.9644075261788	0.0	0	0.0	2760.745930797857	1	0	tensor(3)	1.756150665931973
231098.43263908528	2000.0	1662.3132917125154	0.0	0	0.0	2760.745930797857	1	0	tensor(3)	1.756150665931973
232351.02732393783	2000.0	1409.7186068599408	0.0	0	0.0	2760.745930797828	1	0	tensor(3)	1.7561506659319763
233452.82125114222	2000.0	1307.9246796555526	0.0	0	0.0	2760.745930797828	1	0	tensor(3)	1.7561506659319772
234218.2035951231	2000.0	1542.5423356746628	0.0	0	0.0	2760.745930797828	1	0	tensor(3)	1.7561506659319772
235452.5171004921	3000.0	1308.2288303056387	0.0	0	0.0	2760.745930797828	1	0	tensor(3)	1.7561506659319774
236808.25402271937	2000.0	952.491908078402	0.0	0	0.0	2760.745930797857	1	0	tensor(3)	1.3506855578238084
238002.26328510346	2000.0	758.4826456943233	0.0	0	0.0	2760.745930797857	1	0	tensor(3)	1.756150665931973
238991.73390468038	2000.0	769.0120261174245	0.0	0	0.0	2760.745930797857	1	0	tensor(3)	1.756150665931973
239494.76457083863	2000.0	1265.981359959199	0.0	0	0.0	2760.745930797857	1	0	tensor(3)	1.756150665931973
240196.5033752323	3000.0	1564.242555565516	0.0	0	0.0	2760.745930797886	1	0	tensor(3)	1.756150665931969
241026.937025117	3000.0	1733.8089056808392	0.0	0	0.0	2760.745930797886	1	0	tensor(3)	2.1616157740401336
241739.67953852686	3000.0	2021.0663922709598	0.0	0	0.0	2760.745930797886	1	0	tensor(3)	2.1616157740401336
242253.26119990693	3000.0	2507.4847308908807	0.0	0	0.0	2760.745930797886	1	0	tensor(3)	2.1616157740401336
243944.86034521833	6000.0	1815.8855855794925	0.0	0	0.0	2760.745930797886	1	0	tensor(3)	2.1616157740401336
245659.68540049577	3000.0	1101.0605303020225	0.0	0	0.0	2760.745930797886	1	0	tensor(3)	1.4684685934801887
246876.16665517786	3000.0	884.5792756199169	0.0	0	0.0	2760.745930797915	1	0	tensor(3)	2.1616157740401327
247750.79560636618	2000.0	1009.9503244316011	0.0	0	0.0	2760.7459307979443	1	0	tensor(3)	1.3506855578237957
248322.01840586576	2000.0	1438.7275249320255	0.0	0	0.0	2760.7459307979443	1	0	tensor(3)	1.7561506659319603
249548.60320191825	3000.0	1212.1427288795464	0.0	0	0.0	2760.7459307979443	1	0	tensor(3)	1.7561506659319606
250410.928342166	3000.0	1349.817588631772	0.0	0	0.0	2760.7459307979443	1	0	tensor(3)	2.161615774040125
251372.93535023974	3000.0	1387.8105805579955	0.0	0	0.0	2760.7459307979443	1	0	tensor(3)	2.161615774040125
252307.21522671473	3000.0	1453.530704083043	0.0	0	0.0	2760.7459307979734	1	0	tensor(3)	2.161615774040121
253805.78818058394	3000.0	954.9577502138261	0.0	0	0.0	2760.7459307979734	1	0	tensor(3)	2.161615774040121
254993.26448895075	2000.0	767.4814418470129	0.0	0	0.0	2760.7459307979734	1	0	tensor(3)	1.3506855578237915
255651.50131232405	2000.0	1109.2446184737178	0.0	0	0.0	2760.7459307979443	1	0	tensor(3)	1.7561506659319603
256218.0517474355	2000.0	1542.694183362303	0.0	0	0.0	2760.7459307979734	1	0	tensor(3)	1.7561506659319561
257109.7272576187	3000.0	1651.0186731791337	0.0	0	0.0	2760.7459307980025	1	0	tensor(3)	1.7561506659319528
257716.5400178161	3000.0	2044.2059129817526	0.0	0	0.0	2760.7459307979734	1	0	tensor(3)	2.161615774040121
258330.81688103304	3000.0	2429.929049764795	0.0	0	0.0	2760.7459307979443	1	0	tensor(3)	2.161615774040125
259200.0	3000.0	2560.745930797822	0.0	0	40.71927925621276	2760.7459307979443	1	0	tensor(3)	2.161615774040125
260387.59108838328	3000.0	2373.1548424145494	0.0	0	0.0	2760.7459307979443	1	0	tensor(3)	2.161615774040125
261367.0900191512	3000.0	2393.6559116466515	0.0	0	0.0	2760.7459307979443	1	0	tensor(3)	2.161615774040125
262835.70454637357	3000.0	1925.0413844243271	0.0	0	0.0	2760.7459307980607	1	0	tensor(3)	2.161615774040115
263874.93853977555	3000.0	1885.8073910223472	0.0	0	0.0	2760.7459307980607	1	0	tensor(3)	2.1616157740401096
265177.97079884796	3000.0	1582.7751319499293	0.0	0	0.0	2760.745930798119	1	0	tensor(3)	2.1616157740401016
266605.16336225014	3000.0	1155.5825685477869	0.0	0	0.0	2760.745930798119	1	0	tensor(3)	2.1616157740401
267418.00865867565	2000.0	1342.7372721222869	0.0	0	0.0	2760.745930798119	1	0	tensor(3)	1.3506855578237704
268290.71845382836	3000.0	1470.0274769696298	0.0	0	0.0	2760.745930798119	1	0	tensor(3)	1.7561506659319353
269047.4545939082	3000.0	1713.2913368897316	0.0	0	0.0	2760.7459307980607	1	0	tensor(3)	2.161615774040105
269697.7440395932	3000.0	2063.001891204759	0.0	0	0.0	2760.7459307980607	1	0	tensor(3)	2.1616157740401083
270540.77607553464	3000.0	2219.9698552633326	0.0	0	0.0	2760.7459307980025	1	0	tensor(3)	2.1616157740401167
271929.4042706138	3000.0	1831.3416601841575	0.0	0	0.0	2760.7459307979443	1	0	tensor(3)	2.161615774040118
273556.01218373224	3000.0	1204.7337470657658	0.0	0	0.0	2760.7459307980025	1	0	tensor(3)	2.1616157740401167
275579.27372181596	2000.0	200.0	18.52779101801582	0	0.0	2779.273721816018	1	0	tensor(3)	1.2389762436692904
276137.7631256769	1000.0	741.0235131640119	99.51291702491844	0	0.0	2878.7866388408584	1	0	tensor(3)	-0.2453240112122788
277200.0878194079	2000.0	678.6988194329829	0.0	0	0.0	2878.7866388408584	1	0	tensor(3)	1.044900671497177
277774.8522233751	1000.0	1103.9344154658158	0.0	0	0.0	2878.7866388408584	1	0	tensor(3)	0.35175349093723174
278806.1237949777	1000.0	1072.6628438632072	0.0	0	0.0	2878.7866388408584	1	0	tensor(3)	1.044900671497177
279559.0321198848	1000.0	1319.7545189560735	0.0	0	0.0	2878.7866388408584	1	0	tensor(3)	1.044900671497177
280383.47253992973	2000.0	1495.3140989111612	0.0	0	0.0	2878.7866388408584	1	0	tensor(3)	1.044900671497177
281204.624073448	2000.0	1674.162565392901	0.0	0	0.0	2878.7866388408584	1	0	tensor(3)	1.738047852057122
282547.4393305913	2000.0	1331.3473082495448	0.0	0	0.0	2878.786638840742	1	0	tensor(3)	1.738047852057139
284549.26769593876	2000.0	329.5189429020645	0.0	0	0.0	2878.7866388406837	1	0	tensor(3)	1.73804785205715
285383.5746801842	1000.0	581.348138445315	86.1361797886934	0	0.0	2964.9228186294204	1	0	tensor(3)	-0.17956545940801194
286044.98341569287	1000.0	919.9394029366008	0.0	0	0.0	2964.922818629362	1	0	tensor(3)	1.0303987998841042
286934.56520379457	2000.0	1030.3576148349325	0.0	0	0.0	2964.922818629304	1	0	tensor(3)	1.0303987998841144
288014.56952594186	2000.0	950.3532926875897	0.0	0	0.0	2964.922818629304	1	0	tensor(3)	1.7235459804440594
289212.0343832318	2000.0	752.8884353976529	0.0	0	0.0	2964.9228186292457	1	0	tensor(3)	1.7235459804440656
290064.9756423702	2000.0	899.9471762593058	0.0	0	0.0	2964.9228186292457	1	0	tensor(3)	1.7235459804440656
290980.34416125494	2000.0	984.5786573745526	0.0	0	0.0	2964.922818629304	1	0	tensor(3)	1.7235459804440594
291735.92978376907	1000.0	1228.9930348604023	0.0	0	0.0	2964.9228186292457	1	0	tensor(3)	0.3372516193241792
292320.4243331752	1000.0	1644.4984854542986	0.0	0	0.0	2964.9228186292457	1	0	tensor(3)	1.0303987998841244
293704.8307728157	2000.0	1260.092045813767	0.0	0	0.0	2964.9228186291875	1	0	tensor(3)	1.0303987998841346
294841.90695831506	2000.0	1123.015860314357	0.0	0	0.0	2964.9228186291293	1	0	tensor(3)	1.72354598044409
296093.6749149402	2000.0	871.2479036892057	0.0	0	0.0	2964.922818629071	1	0	tensor(3)	1.723545980444094
296557.0116604505	1000.0	1407.9111581789823	0.0	0	0.0	2964.922818629071	1	0	tensor(3)	0.3372516193242097
297661.9577689852	2000.0	1302.965049644362	0.0	0	0.0	2964.9228186291293	1	0	tensor(3)	1.0303987998841448
298418.991529237	1000.0	1545.9312893925833	0.0	0	0.0	2964.922818629071	1	0	tensor(3)	0.3372516193242097
299073.5892128708	1000.0	1891.3336057588376	0.0	0	0.0	2964.922818629071	1	0	tensor(3)	1.0303987998841548
299887.94415738946	2000.0	2076.9786612401685	0.0	0	0.0	2964.922818629071	1	0	tensor(3)	1.0303987998841548
301151.31646552176	2000.0	1813.6063531078628	0.0	0	0.0	2964.9228186291293	1	0	tensor(3)	1.723545980444094
302466.92267052806	2000.0	1498.000148101508	0.0	0	0.0	2964.9228186291293	1	0	tensor(3)	1.72354598044409
303464.53728916956	2000.0	1500.385529459977	0.0	0	0.0	2964.9228186291293	1	0	tensor(3)	1.72354598044409
2.18	1.88	2.43	2.37	2.86	1.97	2.18	2.28	1.84	2.57	1.81	1.87	1.99	2.88	2.05	1.89	2.06	1.97	2.59	2.95	2.19	2.33	2.49	2.8	2.71	3.23	4.03	3.95	2.62	2.5	2.14	2.93	3.97	3.31	2.65	2.36	2.25	1.59	2.44	3.15	3.13	3.01	2.99	2.15	2.86	2.63	3.65	3.17	2.24	2.94	3.21	3.0	1.66	1.78	2.19	1.82	1.77	1.64	1.68	1.39	1.9	0.89	0.87	1.91	1.27	1.93	2.17	1.81	1.8	2.28	1.7	1.49	1.47	2.09	2.63	1.93	1.83	1.66	1.98	2.1	1.78	2.84	3.61	2.0	1.89	1.85	2.57	3.16	4.45	5.66	6.78	3.79	1.78	2.39	2.32	2.36	3.31	3.27	2.92	2.44	3.3	1.34	1.68	2.88	3.89	5.03	3.75	3.44	3.08	2.17	1.96	2.63	2.43	2.64	2.46	2.7	3.82	4.19	2.92	2.82	2.75	1.83	0.97	1.47	1.58	1.92	1.16	1.78	2.58	2.05	1.61	1.0	1.52	1.64	2.33	2.69	1.88	1.99	2.05	1.46	2.03	1.89	1.59	2.18	1.73	1.27	1.56	2.51	1.84	2.19	2.18	1.88	2.43	2.37	2.86	1.97	2.18	2.28	1.84	2.57	1.81	1.87	1.99	2.88	2.05	1.89	2.06	1.97	2.59	2.95	2.19	2.33	2.49	2.8	2.71	3.23	4.03	3.95	2.62	2.5	2.14	2.93	3.97	3.31	2.65	2.36	2.25	1.59	2.44	3.15	3.13	3.01	2.99	2.15	2.86	2.63	3.65	3.17	2.24	2.94	3.21	3.0	1.66	1.78	2.19	1.82	1.77	1.64	1.68	1.39	1.9	0.89	0.87	1.91	1.27	1.93	2.17	1.81	1.8	2.28	1.7	1.49	1.47	2.09	2.63	1.93	1.83	1.66	1.98	2.1	1.78	2.84	3.61	2.0	1.89	1.85	2.57	3.16	4.45	5.66	6.78	3.79	1.78	2.39	2.32	2.36	3.31	3.27	2.92	2.44	3.3	1.34	1.68	2.88	3.89	5.03	3.75	3.44	3.08	2.17	1.96	2.63	2.43	2.64	2.46	2.7	3.82	4.19	2.92	2.82	2.75	1.83	0.97	1.47	1.58	1.92	1.16	1.78	2.58	2.05	1.61	1.0	1.52	1.64	2.33	2.69	1.88	1.99	2.05	1.46	2.03	1.89	1.59	2.18	1.73	1.27	1.56	2.51	1.84	2.19	2.18	1.88	2.43	2.37	2.86
1.0	2.0	3.0	4.0	5.0	6.0	7.0	8.0	9.0	10.0	11.0	12.0	13.0	14.0	15.0	16.0	17.0	18.0	19.0	20.0	21.0	22.0	23.0	24.0	25.0	26.0	27.0	28.0	29.0	30.0	31.0	32.0	33.0	34.0	35.0	36.0	37.0	38.0	39.0	40.0	41.0	42.0	43.0	44.0	45.0	46.0	47.0	48.0	49.0	50.0	51.0	52.0	53.0	54.0	55.0	56.0	57.0	58.0	59.0	60.0	61.0	62.0	63.0	64.0	65.0	66.0	67.0	68.0	69.0	70.0	71.0	72.0	73.0	74.0	75.0	76.0	77.0	78.0	79.0	80.0	81.0	82.0	83.0	84.0	85.0	86.0	87.0	88.0	89.0	90.0	91.0	92.0	93.0	94.0	95.0	96.0	97.0	98.0	99.0	100.0	101.0	102.0	103.0	104.0	105.0	106.0	107.0	108.0	109.0	110.0	111.0	112.0	113.0	114.0	115.0	116.0	117.0	118.0	119.0	120.0	121.0	122.0	123.0	124.0	125.0	126.0	127.0	128.0	129.0	130.0	131.0	132.0	133.0	134.0	135.0	136.0	137.0	138.0	139.0	140.0	141.0	142.0	143.0	144.0	145.0	146.0	147.0	148.0	149.0	149.0	150.0	151.0	152.0	153.0	154.0	155.0	156.0	157.0	158.0	159.0	160.0	161.0	162.0	163.0	164.0	165.0	166.0	167.0	168.0	169.0	170.0	171.0	172.0	173.0	174.0	175.0	176.0	177.0	178.0	179.0	180.0	181.0	182.0	183.0	184.0	185.0	186.0	187.0	188.0	189.0	190.0	191.0	192.0	193.0	194.0	195.0	196.0	197.0	198.0	199.0	200.0	201.0	202.0	203.0	204.0	205.0	206.0	207.0	208.0	209.0	210.0	211.0	212.0	213.0	214.0	215.0	216.0	217.0	218.0	219.0	220.0	221.0	222.0	223.0	224.0	225.0	226.0	227.0	228.0	229.0	230.0	231.0	232.0	233.0	234.0	235.0	236.0	237.0	238.0	239.0	240.0	241.0	242.0	243.0	244.0	245.0	246.0	247.0	248.0	249.0	250.0	251.0	252.0	253.0	254.0	255.0	256.0	257.0	258.0	259.0	260.0	261.0	262.0	263.0	264.0	265.0	266.0	267.0	268.0	269.0	270.0	271.0	272.0	273.0	274.0	275.0	276.0	277.0	278.0	279.0	280.0	281.0	282.0	283.0	284.0	285.0	286.0	287.0	288.0	289.0	290.0	291.0	292.0	293.0	294.0	295.0	296.0	297.0	298.0	298.0	299.0	300.0	301.0	302.0	303.0
2819.6536743270876
