4333.684222345305	300.0	2000.0	181.68274612385736	0	0.0	2333.684222345305	1	0	tensor(6)	-7.17634238755489
5394.998684873346	1000.0	1938.6855374719585	0.0	0	0.0	2333.684222345304	1	0	tensor(3)	-0.08984133055154764
6433.092024078195	1000.0	1900.5921982671082	0.0	0	0.0	2333.684222345303	1	0	tensor(3)	1.1141314737743886
7447.128435516206	2000.0	1886.555786829098	0.0	0	0.0	2333.684222345303	1	0	tensor(3)	1.1141314737743884
8728.031729407468	2000.0	1605.6524929378359	0.0	0	0.0	2333.684222345304	1	0	tensor(3)	1.8072786543343335
9491.467552063425	2000.0	1842.21667028188	0.0	0	0.0	2333.684222345305	1	0	tensor(3)	1.8072786543343335
10712.04062599165	2000.0	1621.6435963536542	0.0	0	0.0	2333.684222345304	1	0	tensor(3)	1.8072786543343333
11893.298134043831	2000.0	1440.386088301474	0.0	0	0.0	2333.684222345306	1	0	tensor(3)	1.8072786543343333
12840.174931890348	2000.0	1493.5092904549567	0.0	0	0.0	2333.684222345306	1	0	tensor(3)	1.8072786543343333
13778.760205529396	2000.0	1554.9240168159095	0.0	0	0.0	2333.684222345306	1	0	tensor(3)	1.8072786543343333
15289.669800655314	2000.0	1044.014421689992	0.0	0	0.0	2333.684222345306	1	0	tensor(3)	1.8072786543343333
16401.400470186807	1000.0	932.2837521585012	0.0	0	0.0	2333.6842223453077	1	0	tensor(3)	0.420984293214443
17484.147148076936	1000.0	849.5370742683699	0.0	0	0.0	2333.684222345306	1	0	tensor(3)	1.1141314737743884
18003.140806826417	500.0	1330.5434155188952	0.0	0	0.0	2333.684222345315	1	0	tensor(3)	-0.2721628873455031
19024.338999592306	1000.0	1309.3452227530065	0.0	0	0.0	2333.684222345313	1	0	tensor(3)	0.4209842932144421
19509.965122692465	1000.0	1823.7190996528495	0.0	0	0.0	2333.684222345317	1	0	tensor(3)	1.1141314737743873
20387.55245168188	2000.0	1946.1317706634322	0.0	0	0.0	2333.684222345317	1	0	tensor(3)	1.114131473774387
21988.31191475239	2000.0	1345.372307592925	0.0	0	0.0	2333.684222345317	1	0	tensor(3)	1.8072786543343322
22860.037503648313	1000.0	1473.6467186970037	0.0	0	0.0	2333.6842223453204	1	0	tensor(3)	0.42098429321444164
24440.96273862213	2000.0	892.7214837231886	0.0	0	0.0	2333.684222345324	1	0	tensor(3)	1.1141314737743864
25346.88457250164	1000.0	986.7996498436805	0.0	0	0.0	2333.684222345324	1	0	tensor(3)	0.42098429321444136
26451.928970658304	1000.0	881.7552516870168	0.0	0	0.0	2333.684222345324	1	0	tensor(3)	1.1141314737743866
27343.88581952811	1000.0	989.7984028172157	0.0	0	0.0	2333.684222345324	1	0	tensor(3)	1.1141314737743866
27973.249938540303	500.0	1360.4342838050222	0.0	0	0.0	2333.6842223453277	1	0	tensor(3)	-0.2721628873455047
29561.307220655235	1000.0	772.3770016900928	0.0	0	0.0	2333.6842223453277	1	0	tensor(3)	0.42098429321444075
30527.087985805098	1000.0	806.5962365402336	0.0	0	0.0	2333.6842223453314	1	0	tensor(3)	1.114131473774386
31285.642932811432	1000.0	1048.0412895339018	0.0	0	0.0	2333.6842223453314	1	0	tensor(3)	1.114131473774386
31905.356173891938	1000.0	1428.3280484533932	0.0	0	0.0	2333.6842223453314	1	0	tensor(3)	1.114131473774386
32746.095450410325	2000.0	1587.5887719350078	0.0	0	0.0	2333.6842223453314	1	0	tensor(3)	1.1141314737743857
34089.15724060479	2000.0	1244.526981740534	0.0	0	0.0	2333.684222345324	1	0	tensor(3)	1.8072786543343318
35536.99475663213	2000.0	796.689465713194	0.0	0	0.0	2333.6842223453204	1	0	tensor(3)	1.807278654334332
36543.115755136314	2000.0	790.5684672090047	0.0	0	0.0	2333.684222345306	1	0	tensor(3)	1.807278654334333
37297.50031468288	1000.0	1036.1839076624296	0.0	0	0.0	2333.6842223452986	1	0	tensor(3)	0.42098429321444386
37957.05003950422	1000.0	1376.6341828410918	0.0	0	0.0	2333.6842223452986	1	0	tensor(3)	1.114131473774389
38792.027341082205	1000.0	1541.6568812631085	0.0	0	0.0	2333.6842223452986	1	0	tensor(3)	1.114131473774389
39524.50459693712	1000.0	1809.1796254081955	0.0	0	0.0	2333.6842223452913	1	0	tensor(3)	1.1141314737743897
40200.0	1000.0	2133.684222345313	0.0	0	20.31775795960857	2333.6842223452913	1	0	tensor(3)	1.1141314737743897
41235.32897025623	2000.0	2098.355252089078	0.0	0	0.0	2333.6842223452913	1	0	tensor(3)	1.1141314737743895
42200.0	2000.0	2133.6842223453127	0.0	0	66.60549657685624	2333.6842223452913	1	0	tensor(3)	1.8072786543343347
43200.0	1000.0	2133.6842223453173	0.0	0	396.86811113920703	2333.6842223452913	1	0	tensor(3)	0.4209842932144445
44204.584634754734	2000.0	2129.0995875905824	0.0	0	0.0	2333.6842223452913	1	0	tensor(3)	1.1141314737743895
45200.0	1000.0	2133.6842223453214	0.0	0	312.5871040422717	2333.6842223452913	1	0	tensor(3)	0.4209842932144445
47390.692274753135	2000.0	942.9919475921818	0.0	0	0.0	2333.6842223452913	1	0	tensor(3)	1.1141314737743895
47991.369917811535	500.0	1342.3143045337858	0.0	0	0.0	2333.6842223452913	1	0	tensor(3)	-0.9653100679054466
48739.418062836914	1000.0	1594.2661595084107	0.0	0	0.0	2333.6842223452913	1	0	tensor(3)	0.4209842932144443
49436.74030719728	1000.0	1896.943915148038	0.0	0	0.0	2333.6842223452913	1	0	tensor(3)	1.1141314737743897
50351.127058665305	1000.0	1982.5571636800237	0.0	0	0.0	2333.6842223452913	1	0	tensor(3)	1.1141314737743897
51665.30101374796	1000.0	1668.3832085973677	0.0	0	0.0	2333.6842223452913	1	0	tensor(3)	1.1141314737743897
52919.380718109875	1000.0	1414.3035042354477	0.0	0	0.0	2333.6842223452913	1	0	tensor(3)	1.1141314737743897
53897.78886646628	1000.0	1435.895355879036	0.0	0	0.0	2333.684222345284	1	0	tensor(3)	1.1141314737743904
55017.263867617	1000.0	1316.4203547283093	0.0	0	0.0	2333.684222345284	1	0	tensor(3)	1.1141314737743904
56240.863170641445	1000.0	1092.821051703865	0.0	0	0.0	2333.684222345277	1	0	tensor(3)	1.114131473774391
57144.15667562206	1000.0	1189.5275467232475	0.0	0	0.0	2333.684222345277	1	0	tensor(3)	1.114131473774391
57924.82255090822	1000.0	1408.8616714370908	0.0	0	0.0	2333.684222345277	1	0	tensor(3)	1.114131473774391
59607.63115898021	1000.0	726.0530633650984	0.0	0	0.0	2333.684222345277	1	0	tensor(3)	1.114131473774391
60138.119487386444	500.0	1195.5647349588714	0.0	0	0.0	2333.684222345277	1	0	tensor(3)	-0.2721628873454997
60812.27919660758	1000.0	1521.4050257377303	0.0	0	0.0	2333.684222345277	1	0	tensor(3)	0.4209842932144457
61543.52444814891	1000.0	1790.159774196407	0.0	0	0.0	2333.684222345277	1	0	tensor(3)	1.114131473774391
62723.68952241233	2000.0	1609.9946999329998	0.0	0	0.0	2333.684222345284	1	0	tensor(3)	1.1141314737743904
64021.1924751395	1000.0	1312.4917472058298	0.0	0	0.0	2333.684222345284	1	0	tensor(3)	0.42098429321444525
64976.20342467071	1000.0	1357.480797674616	0.0	0	0.0	2333.684222345284	1	0	tensor(3)	1.1141314737743904
65996.26694680593	1000.0	1337.4172755394147	0.0	0	0.0	2333.6842223452986	1	0	tensor(3)	1.1141314737743895
67080.20001821592	1000.0	1253.4842041294241	0.0	0	0.0	2333.684222345306	1	0	tensor(3)	1.1141314737743895
67878.53679974435	1000.0	1455.147422600999	0.0	0	0.0	2333.684222345313	1	0	tensor(3)	1.1141314737743877
68663.35477129136	1000.0	1670.3294510539824	0.0	0	0.0	2333.684222345313	1	0	tensor(3)	1.1141314737743875
69326.39573516205	1000.0	2007.2884871833057	0.0	0	0.0	2333.684222345313	1	0	tensor(3)	1.1141314737743875
70662.9850841044	2000.0	1670.6991382409508	0.0	0	0.0	2333.684222345313	1	0	tensor(3)	1.1141314737743877
72145.01832314681	2000.0	1188.6658991985205	0.0	0	0.0	2333.684222345313	1	0	tensor(3)	1.8072786543343327
73210.87013904701	2000.0	1122.8140832983247	0.0	0	0.0	2333.684222345313	1	0	tensor(3)	1.8072786543343327
74544.44228933066	2000.0	789.24193301468	0.0	0	0.0	2333.684222345313	1	0	tensor(3)	1.8072786543343327
75258.1533451371	1000.0	1075.5308772082512	0.0	0	0.0	2333.6842223453277	1	0	tensor(3)	0.420984293214441
77071.05977434629	2000.0	262.62444799905563	0.0	0	0.0	2333.6842223453277	1	0	tensor(3)	1.114131473774386
77449.37912880276	500.0	884.3050935425991	0.0	0	0.0	2333.6842223453277	1	0	tensor(3)	-0.9653100679054502
78497.26777692139	1000.0	836.4164454239702	0.0	0	0.0	2333.6842223453423	1	0	tensor(3)	0.4209842932144393
79359.76486491818	1000.0	973.9193574271902	0.0	0	0.0	2333.6842223453423	1	0	tensor(3)	1.1141314737743848
79881.85246077564	1000.0	1451.831761569732	0.0	0	0.0	2333.6842223453423	1	0	tensor(3)	1.1141314737743848
80460.27640233486	1000.0	1873.407820010524	0.0	0	0.0	2333.6842223453423	1	0	tensor(3)	1.1141314737743848
81306.49321330267	2000.0	2027.1910090426975	0.0	0	0.0	2333.6842223453277	1	0	tensor(3)	1.114131473774386
82853.1873757494	2000.0	1480.4968465959616	0.0	0	0.0	2333.6842223453277	1	0	tensor(3)	1.807278654334331
84736.94357442325	2000.0	596.7406479221154	0.0	0	0.0	2333.6842223453277	1	0	tensor(3)	1.807278654334331
85133.36676531551	500.0	1200.31745702986	0.0	0	0.0	2333.684222345313	1	0	tensor(3)	-0.9653100679054484
85608.6330521321	1000.0	1725.051170213265	0.0	0	0.0	2333.6842223452986	1	0	tensor(3)	0.42098429321444364
86748.62727162299	2000.0	1585.0569507223904	0.0	0	0.0	2333.684222345284	1	0	tensor(3)	1.1141314737743904
88114.99559395475	2000.0	1218.688628390627	0.0	0	0.0	2333.684222345284	1	0	tensor(3)	1.8072786543343355
89558.72018578855	2000.0	774.964036556824	0.0	0	0.0	2333.684222345284	1	0	tensor(3)	1.8072786543343355
90321.98013244823	1000.0	1011.7040898971542	0.0	0	0.0	2333.684222345284	1	0	tensor(3)	0.42098429321444525
91211.14017667051	2000.0	1122.5440456748568	0.0	0	0.0	2333.684222345284	1	0	tensor(3)	1.1141314737743904
92457.36238793205	2000.0	876.3218344133028	0.0	0	0.0	2333.684222345284	1	0	tensor(3)	1.8072786543343355
93208.42707582103	1000.0	1125.2571465243284	0.0	0	0.0	2333.684222345284	1	0	tensor(3)	0.42098429321444525
94766.02045289206	2000.0	567.6637694532964	0.0	0	0.0	2333.684222345284	1	0	tensor(3)	1.1141314737743904
95524.29715343229	1000.0	809.3870689130741	0.0	0	0.0	2333.684222345284	1	0	tensor(3)	0.42098429321444525
96025.88855959204	1000.0	1307.7956627533167	0.0	0	0.0	2333.684222345284	1	0	tensor(3)	1.1141314737743904
96937.66386868726	2000.0	1396.0203536581043	0.0	0	0.0	2333.684222345284	1	0	tensor(3)	1.1141314737743904
98499.12478763403	2000.0	834.5594347113155	0.0	0	0.0	2333.6842223452695	1	0	tensor(3)	1.8072786543343369
99363.65363016987	1000.0	970.0305921754937	0.0	0	0.0	2333.684222345284	1	0	tensor(3)	0.42098429321444525
100102.37071876854	1000.0	1231.3135035768373	0.0	0	0.0	2333.684222345284	1	0	tensor(3)	1.1141314737743904
101694.4677705232	2000.0	639.2164518221732	0.0	0	0.0	2333.6842223452695	1	0	tensor(3)	1.1141314737743917
102338.84523393611	500.0	994.83898840927	0.0	0	0.0	2333.6842223452695	1	0	tensor(3)	-0.9653100679054446
103510.54453120925	1000.0	823.1396911361417	0.0	0	0.0	2333.6842223452695	1	0	tensor(3)	0.4209842932144464
104573.85431104543	1000.0	759.829911299964	0.0	0	0.0	2333.684222345284	1	0	tensor(3)	1.1141314737743904
105074.46281915861	500.0	1259.2214031868011	0.0	0	0.0	2333.6842223452695	1	0	tensor(3)	-0.272162887345499
105745.69027949507	1000.0	1587.9939428503399	0.0	0	0.0	2333.6842223452695	1	0	tensor(3)	0.4209842932144464
106630.32239214763	1000.0	1703.3618301977845	0.0	0	0.0	2333.6842223452695	1	0	tensor(3)	1.1141314737743917
107679.14087177235	1000.0	1654.543350573063	0.0	0	0.0	2333.684222345255	1	0	tensor(3)	1.1141314737743933
108684.98025922757	1000.0	1648.703963117841	0.0	0	0.0	2333.684222345255	1	0	tensor(3)	1.1141314737743933
109733.58425916669	1000.0	1600.0999631787276	0.0	0	0.0	2333.684222345255	1	0	tensor(3)	1.1141314737743933
110618.1871821351	1000.0	1715.4970402103254	0.0	0	0.0	2333.684222345255	1	0	tensor(3)	1.1141314737743933
111480.34892320538	1000.0	1853.3352991400416	0.0	0	0.0	2333.6842223452695	1	0	tensor(3)	1.1141314737743917
112200.0	1000.0	2133.6842223454346	0.0	0	139.06061762465106	2333.6842223452695	1	0	tensor(3)	1.1141314737743917
113200.0	1000.0	2133.6842223454287	0.0	0	320.5536369965557	2333.6842223452695	1	0	tensor(3)	1.1141314737743917
114200.0	1000.0	2133.684222345424	0.0	0	212.11105159582803	2333.6842223452695	1	0	tensor(3)	1.1141314737743917
115200.0	1000.0	2133.6842223454287	0.0	0	2.1642440456926124	2333.684222345284	1	0	tensor(3)	1.1141314737743904
116200.0	1000.0	2133.684222345425	0.0	0	54.40348735637963	2333.6842223452695	1	0	tensor(3)	1.1141314737743917
117200.0	1000.0	2133.684222345427	0.0	0	311.9124709122116	2333.6842223452695	1	0	tensor(3)	1.1141314737743917
118200.0	1000.0	2133.6842223454437	0.0	0	363.32216137052455	2333.684222345284	1	0	tensor(3)	1.1141314737743904
119200.0	1000.0	2133.6842223454446	0.0	0	252.3765560979664	2333.6842223452986	1	0	tensor(3)	1.114131473774389
120377.94537955109	2000.0	1955.7388427943588	0.0	0	0.0	2333.684222345313	1	0	tensor(3)	1.1141314737743877
121200.0	1000.0	2133.6842223454432	0.0	0	213.43757423693023	2333.6842223452986	1	0	tensor(3)	0.42098429321444386
122212.94615827709	2000.0	2120.7380640683587	0.0	0	0.0	2333.6842223452986	1	0	tensor(3)	1.114131473774389
123674.61415521923	2000.0	1659.0700671262302	0.0	0	0.0	2333.684222345313	1	0	tensor(3)	1.8072786543343327
124212.961585969	1000.0	2120.722636376453	0.0	0	0.0	2333.6842223452986	1	0	tensor(3)	0.42098429321444386
125435.96680722172	2000.0	1897.7174151237236	0.0	0	0.0	2333.6842223452986	1	0	tensor(3)	1.114131473774389
126390.14249589301	1000.0	1943.5417264524078	0.0	0	0.0	2333.684222345284	1	0	tensor(3)	0.42098429321444525
127200.0	1000.0	2133.6842223454287	0.0	0	85.82979900715873	2333.684222345284	1	0	tensor(3)	1.1141314737743904
128453.96284153346	2000.0	1879.7213808119577	0.0	0	0.0	2333.684222345284	1	0	tensor(3)	1.1141314737743904
129269.48487585524	1000.0	2064.1993464901857	0.0	0	0.0	2333.684222345284	1	0	tensor(3)	0.42098429321444525
130569.16194232198	2000.0	1764.5222800234426	0.0	0	0.0	2333.684222345284	1	0	tensor(3)	1.1141314737743904
131774.9414952739	1000.0	1558.7427270715152	0.0	0	0.0	2333.684222345284	1	0	tensor(3)	0.4209842932144455
133036.62008413742	1000.0	1297.0641382079816	0.0	0	0.0	2333.6842223452695	1	0	tensor(3)	1.1141314737743908
133763.22671198891	1000.0	1570.4575103565	0.0	0	0.0	2333.6842223452695	1	0	tensor(3)	1.1141314737743917
134825.46435636422	2000.0	1508.2198659811943	0.0	0	0.0	2333.6842223452695	1	0	tensor(3)	1.1141314737743917
136432.2635295253	2000.0	901.4206928200847	0.0	0	0.0	2333.6842223452695	1	0	tensor(3)	1.8072786543343369
137430.4140193793	1000.0	903.2702029661159	0.0	0	0.0	2333.6842223452695	1	0	tensor(3)	0.42098429321444664
138305.99355577488	1000.0	1027.6906665705123	0.0	0	0.0	2333.6842223452695	1	0	tensor(3)	1.1141314737743917
139148.42216532028	1000.0	1185.2620570251447	0.0	0	0.0	2333.6842223452695	1	0	tensor(3)	1.1141314737743917
139819.19632065084	1000.0	1514.4879016946106	0.0	0	0.0	2333.6842223452695	1	0	tensor(3)	1.1141314737743917
140538.3324633599	1000.0	1795.3517589855292	0.0	0	0.0	2333.6842223452695	1	0	tensor(3)	1.1141314737743917
142429.06902619937	2000.0	904.6151961460607	0.0	0	0.0	2333.6842223452695	1	0	tensor(3)	1.1141314737743917
142968.64876379835	500.0	1365.035458547098	0.0	0	0.0	2333.6842223452695	1	0	tensor(3)	-0.9653100679054446
143889.7223520068	1000.0	1443.9618703386298	0.0	0	0.0	2333.6842223452695	1	0	tensor(3)	0.4209842932144464
144449.32418993337	1000.0	1884.360032412059	0.0	0	0.0	2333.6842223452695	1	0	tensor(3)	1.1141314737743917
145627.17568162293	2000.0	1706.508540722494	0.0	0	0.0	2333.6842223452695	1	0	tensor(3)	1.1141314737743917
147078.09270068846	2000.0	1255.591521656964	0.0	0	0.0	2333.6842223452404	1	0	tensor(3)	1.8072786543343398
147914.9902534609	1000.0	1418.69396888451	0.0	0	0.0	2333.6842223452404	1	0	tensor(3)	0.4209842932144494
148578.83528107902	1000.0	1754.8489412663864	0.0	0	0.0	2333.6842223452404	1	0	tensor(3)	1.1141314737743946
149325.37298535925	1000.0	2008.3112369861587	0.0	0	0.0	2333.6842223452404	1	0	tensor(3)	1.1141314737743946
150398.84681163938	2000.0	1934.837410706007	0.0	0	0.0	2333.6842223452113	1	0	tensor(3)	1.1141314737743973
151437.88081538762	2000.0	1895.8034069577623	0.0	0	0.0	2333.6842223452113	1	0	tensor(3)	1.8072786543343424
152385.30349682228	2000.0	1948.3807255230772	0.0	0	0.0	2333.684222345182	1	0	tensor(3)	1.8072786543343455
153372.99258495664	2000.0	1960.6916373886872	0.0	0	0.0	2333.684222345182	1	0	tensor(3)	1.8072786543343455
155060.52936199025	2000.0	1273.1548603550839	0.0	0	0.0	2333.684222345182	1	0	tensor(3)	1.8072786543343455
155826.5413181803	1000.0	1507.1429041650183	0.0	0	0.0	2333.684222345153	1	0	tensor(3)	0.4209842932144579
157090.4604691609	2000.0	1243.2237531844453	0.0	0	0.0	2333.684222345153	1	0	tensor(3)	1.1141314737744032
158085.11094497656	2000.0	1248.5732773687675	0.0	0	0.0	2333.684222345182	1	0	tensor(3)	1.8072786543343478
158941.46848416826	2000.0	1392.2157381770805	0.0	0	0.0	2333.6842223452113	1	0	tensor(3)	1.8072786543343424
160278.98607802152	2000.0	1054.698144323801	0.0	0	0.0	2333.6842223452113	1	0	tensor(3)	1.8072786543343424
161111.36630541773	2000.0	1222.3179169275995	0.0	0	0.0	2333.6842223452404	1	0	tensor(3)	1.8072786543343415
161957.0210816072	2000.0	1376.663140738103	0.0	0	0.0	2333.6842223452404	1	0	tensor(3)	1.8072786543343398
163206.48663336827	2000.0	1127.1975889770645	0.0	0	0.0	2333.6842223452695	1	0	tensor(3)	1.807278654334339
164011.9104777471	1000.0	1321.773744598257	0.0	0	0.0	2333.6842223452695	1	0	tensor(3)	0.42098429321444664
164752.5089163308	1000.0	1581.175306014572	0.0	0	0.0	2333.6842223452695	1	0	tensor(3)	1.1141314737743917
165570.1474644819	1000.0	1763.5367578634682	0.0	0	0.0	2333.6842223452986	1	0	tensor(3)	1.114131473774389
166809.96349312598	1000.0	1523.7207292194003	0.0	0	0.0	2333.6842223452986	1	0	tensor(3)	1.114131473774389
167610.69423305755	1000.0	1722.9899892878086	0.0	0	0.0	2333.6842223452986	1	0	tensor(3)	1.114131473774389
168319.30222926103	1000.0	2014.3819930843117	0.0	0	0.0	2333.6842223452986	1	0	tensor(3)	1.114131473774389
169455.45937004863	2000.0	1878.2248522967034	0.0	0	0.0	2333.6842223452986	1	0	tensor(3)	1.114131473774389
170845.13488464575	2000.0	1488.5493376995807	0.0	0	0.0	2333.6842223452695	1	0	tensor(3)	1.8072786543343369
171718.48383821605	1000.0	1615.2003841292865	0.0	0	0.0	2333.6842223452986	1	0	tensor(3)	0.42098429321444386
173384.33037245783	2000.0	949.3538498874968	0.0	0	0.0	2333.6842223453277	1	0	tensor(3)	1.114131473774386
173893.12083247257	1000.0	1440.5633898727947	0.0	0	0.0	2333.6842223453277	1	0	tensor(3)	0.420984293214441
174928.97573953785	1000.0	1404.7084828075006	0.0	0	0.0	2333.6842223453277	1	0	tensor(3)	1.1141314737743861
176074.25901902092	1000.0	1259.42520332448	0.0	0	0.0	2333.684222345357	1	0	tensor(3)	1.1141314737743833
177441.34960003872	1000.0	892.3346223066553	0.0	0	0.0	2333.684222345357	1	0	tensor(3)	1.1141314737743833
178294.73385492092	500.0	1038.9503674244554	0.0	0	0.0	2333.684222345357	1	0	tensor(3)	-0.2721628873455075
179349.85895385643	1000.0	983.8252684889593	0.0	0	0.0	2333.684222345415	1	0	tensor(3)	0.4209842932144328
180113.73636214534	1000.0	1219.9478602000481	0.0	0	0.0	2333.684222345386	1	0	tensor(3)	1.1141314737743786
180741.4695089897	1000.0	1592.214713355639	0.0	0	0.0	2333.684222345357	1	0	tensor(3)	1.1141314737743833
181491.32049294806	2000.0	1842.3637293973131	0.0	0	0.0	2333.684222345357	1	0	tensor(3)	1.1141314737743833
182573.10332615036	2000.0	1760.580896195012	0.0	0	0.0	2333.684222345386	1	0	tensor(3)	1.8072786543343256
183896.6356581789	2000.0	1437.0485641664454	0.0	0	0.0	2333.684222345386	1	0	tensor(3)	1.8072786543343256
185279.25533520477	2000.0	1054.4288871405226	0.0	0	0.0	2333.684222345357	1	0	tensor(3)	1.8072786543343264
187048.14396723086	2000.0	285.5402551144615	0.0	0	0.0	2333.684222345357	1	0	tensor(3)	1.8072786543343282
187911.91380573448	1000.0	527.3839528021115	105.61353619125964	0	0.0	2439.297758536617	1	0	tensor(3)	-0.22349928827732957
188424.74421033834	1000.0	1014.553548198289	0.0	0	0.0	2439.297758536646	1	0	tensor(3)	1.1033291094301707
189117.4382366704	1000.0	1321.8595218662344	0.0	0	0.0	2439.297758536646	1	0	tensor(3)	1.1033291094301707
189963.38188498616	2000.0	1475.9158735504718	0.0	0	0.0	2439.2977585366752	1	0	tensor(3)	1.1033291094301676
191108.17529604374	2000.0	1331.122462492918	0.0	0	0.0	2439.2977585366752	1	0	tensor(3)	1.7964762899901126
191883.602200944	1000.0	1555.6955575926809	0.0	0	0.0	2439.2977585367044	1	0	tensor(3)	0.41018192887021904
192598.17562761198	1000.0	1841.1221309246903	0.0	0	0.0	2439.2977585366752	1	0	tensor(3)	1.1033291094301674
194300.19683721787	2000.0	1139.100921318834	0.0	0	0.0	2439.2977585367044	1	0	tensor(3)	1.103329109430164
195008.67678174181	1000.0	1430.620976794898	0.0	0	0.0	2439.2977585367044	1	0	tensor(3)	0.41018192887021904
196390.7080099643	1000.0	1048.5897485724267	0.0	0	0.0	2439.2977585367335	1	0	tensor(3)	1.1033291094301612
197360.89793440257	1000.0	1078.3998241341455	0.0	0	0.0	2439.2977585367335	1	0	tensor(3)	1.1033291094301612
197918.662452678	1000.0	1520.6353058587238	0.0	0	0.0	2439.2977585367335	1	0	tensor(3)	1.1033291094301612
198538.06926852424	1000.0	1901.2284900124635	0.0	0	0.0	2439.2977585367335	1	0	tensor(3)	1.1033291094301612
199200.0	1000.0	2239.297758536673	0.0	0	33.561212437663926	2439.2977585367044	1	0	tensor(3)	1.1033291094301643
200200.0	1000.0	2239.297758536661	0.0	0	260.81015392480185	2439.2977585366752	1	0	tensor(3)	1.1033291094301674
201267.99861771616	1000.0	2171.2991408204985	0.0	0	0.0	2439.2977585366752	1	0	tensor(3)	1.1033291094301674
202336.99916714043	1000.0	2102.29859139625	0.0	0	0.0	2439.2977585366752	1	0	tensor(3)	1.1033291094301674
203200.0	1000.0	2239.2977585366875	0.0	0	0.5904185849358328	2439.2977585366752	1	0	tensor(3)	1.1033291094301674
204352.9402629955	1000.0	2086.3574955412037	0.0	0	0.0	2439.2977585366752	1	0	tensor(3)	1.1033291094301674
205429.47576392902	1000.0	2009.8219946076874	0.0	0	0.0	2439.2977585366752	1	0	tensor(3)	1.1033291094301674
206261.26592343225	1000.0	2178.0318351044543	0.0	0	0.0	2439.297758536646	1	0	tensor(3)	1.1033291094301707
207225.60879847777	1000.0	2213.6889600589625	0.0	0	234.26914555791882	2439.297758536646	1	0	tensor(3)	1.1033291094301707
208886.09875736345	1000.0	1553.1990011732814	0.0	0	0.0	2439.297758536617	1	0	tensor(3)	1.1033291094301736
209464.80441280684	1000.0	1974.4933457298775	0.0	0	0.0	2439.297758536617	1	0	tensor(3)	1.1033291094301736
210512.78712680415	2000.0	1926.510631732565	0.0	0	0.0	2439.297758536617	1	0	tensor(3)	1.1033291094301736
211200.0	1000.0	2239.2977585367353	0.0	0	111.29318470557337	2439.297758536646	1	0	tensor(3)	0.4101819288702254
212200.0	1000.0	2239.2977585367626	0.0	0	255.44494581237086	2439.297758536646	1	0	tensor(3)	1.1033291094301707
213624.01703039295	1000.0	1815.2807281438318	0.0	0	0.0	2439.2977585366752	1	0	tensor(3)	1.1033291094301674
214537.83951087884	1000.0	1901.4582476579444	0.0	0	0.0	2439.2977585366752	1	0	tensor(3)	1.1033291094301674
215235.52328370462	1000.0	2203.774474832147	0.0	0	0.0	2439.2977585366752	1	0	tensor(3)	1.1033291094301674
216332.96867519963	1000.0	2106.329083337162	0.0	0	0.0	2439.2977585367044	1	0	tensor(3)	1.1033291094301643
217200.0	1000.0	2239.2977585368058	0.0	0	97.21786761505064	2439.2977585367044	1	0	tensor(3)	1.1033291094301663
218200.0	1000.0	2239.29775853679	0.0	0	229.9928897259815	2439.2977585367335	1	0	tensor(3)	1.1033291094301612
219200.0	2000.0	2239.2977585367908	0.0	0	153.1601215924602	2439.2977585367335	1	0	tensor(3)	1.1033291094301612
220200.0	2000.0	2239.2977585368003	0.0	0	81.98253803513944	2439.2977585367335	1	0	tensor(3)	1.7964762899901063
221200.0	1000.0	2239.2977585368	0.0	0	108.92724377548438	2439.2977585367626	1	0	tensor(3)	0.41018192887021293
222200.0	2000.0	2239.297758536803	0.0	0	23.148297443345655	2439.2977585367335	1	0	tensor(3)	1.1033291094301594
223276.4816040022	2000.0	2162.8161545345715	0.0	0	0.0	2439.2977585367044	1	0	tensor(3)	1.7964762899901077
224981.46939482712	2000.0	1457.8283637096729	0.0	0	0.0	2439.2977585367335	1	0	tensor(3)	1.7964762899901088
227283.1664445751	2000.0	200.0	43.868686038305725	0	0.0	2483.1664445750066	1	0	tensor(3)	1.532301378058331
227883.1940951971	1000.0	678.9047627753486	78.932413397326	0	0.0	2562.0988579723344	1	0	tensor(3)	-0.0774052791700224
228477.96330592685	1000.0	1084.1355520456036	0.0	0	0.0	2562.0988579723344	1	0	tensor(3)	1.0893363817738786
229047.6994386824	1000.0	1514.3994192900568	0.0	0	0.0	2562.0988579723344	1	0	tensor(3)	1.0893363817738786
230102.48266755944	2000.0	1459.6161904130156	0.0	0	0.0	2562.0988579723344	1	0	tensor(3)	1.0893363817738786
230741.5547500361	1000.0	1820.544107936365	0.0	0	0.0	2562.0988579723344	1	0	tensor(3)	0.3961892012139334
232168.3831037827	2000.0	1393.7157541897536	0.0	0	0.0	2562.0988579723053	1	0	tensor(3)	1.0893363817738821
233192.00526133936	2000.0	1370.093596633094	0.0	0	0.0	2562.098857972276	1	0	tensor(3)	1.7824835623338309
234322.88453025473	1000.0	1239.2143277177047	0.0	0	0.0	2562.098857972276	1	0	tensor(3)	0.3961892012139404
235421.83657454874	2000.0	1140.2622834236918	0.0	0	0.0	2562.098857972247	1	0	tensor(3)	1.0893363817738884
236898.63725914495	2000.0	663.4615988274941	0.0	0	0.0	2562.098857972276	1	0	tensor(3)	1.7824835623338309
237388.44566593991	1000.0	1173.6531920325037	0.0	0	0.0	2562.098857972247	1	0	tensor(3)	0.3961892012139439
239106.7668236568	2000.0	455.33203431564834	0.0	0	0.0	2562.098857972247	1	0	tensor(3)	1.089336381773889
239807.9669468686	1000.0	754.1319111038513	0.0	0	0.0	2562.098857972276	1	0	tensor(3)	0.3961892012139404
240357.25370070004	1000.0	1204.8451572724462	0.0	0	0.0	2562.0988579723053	1	0	tensor(3)	1.0893363817738821
241216.51544627603	2000.0	1345.5834116964452	0.0	0	0.0	2562.0988579723053	1	0	tensor(3)	1.0893363817738821
242263.56037989666	2000.0	1298.5384780758145	0.0	0	0.0	2562.098857972276	1	0	tensor(3)	1.7824835623338287
243726.08582444084	2000.0	836.0130335316319	0.0	0	0.0	2562.098857972247	1	0	tensor(3)	1.7824835623338335
244282.75408410386	1000.0	1279.3447738686175	0.0	0	0.0	2562.098857972218	1	0	tensor(3)	0.3961892012139475
245372.04766528006	2000.0	1190.0511926924523	0.0	0	0.0	2562.098857972247	1	0	tensor(3)	1.089336381773889
246236.53322024635	2000.0	1325.5656377261903	0.0	0	0.0	2562.098857972247	1	0	tensor(3)	1.7824835623338342
248088.54897121395	2000.0	473.549886758565	0.0	0	0.0	2562.098857972218	1	0	tensor(3)	1.7824835623338378
248707.84889153836	1000.0	854.2499664341528	0.0	0	0.0	2562.098857972218	1	0	tensor(3)	0.3961892012139475
250449.27395792876	2000.0	200.0	87.17509995625147	0	0.0	2649.273957928439	1	0	tensor(3)	0.5640940474522006
251091.01538473897	500.0	685.6996464428206	127.44107325306209	0	0.0	2776.715031181462	1	0	tensor(3)	-1.7834199235213877
251872.6833342895	500.0	904.0316968923221	0.0	0	0.0	2776.715031181491	1	0	tensor(3)	0.3675208771168739
252262.06722244577	500.0	1514.6478087360506	0.0	0	0.0	2776.715031181462	1	0	tensor(3)	0.3675208771168782
253298.50815586324	1000.0	1478.2068753185536	0.0	0	0.0	2776.715031181462	1	0	tensor(3)	0.3675208771168783
254298.31111974717	1000.0	1478.4039114346165	0.0	0	0.0	2776.715031181462	1	0	tensor(3)	1.0606680576768237
255167.6195118988	1000.0	1609.0955192829856	0.0	0	0.0	2776.715031181462	1	0	tensor(3)	1.0606680576768237
256414.64576809938	1000.0	1362.0692630824456	0.0	0	0.0	2776.715031181491	1	0	tensor(3)	1.0606680576768202
257396.6338167378	1000.0	1380.0812144440015	0.0	0	0.0	2776.715031181491	1	0	tensor(3)	1.0606680576768193
258216.503393554	1000.0	1560.2116376278088	0.0	0	0.0	2776.715031181491	1	0	tensor(3)	1.0606680576768193
258968.03048252335	1000.0	1808.6845486584796	0.0	0	0.0	2776.715031181491	1	0	tensor(3)	1.0606680576768193
259943.92644793438	1000.0	1832.7885832474296	0.0	0	0.0	2776.715031181491	1	0	tensor(3)	1.0606680576768193
260491.83731205453	1000.0	2284.877719127271	0.0	0	0.0	2776.715031181491	1	0	tensor(3)	1.0606680576768193
261599.13877579707	2000.0	2177.576255384741	0.0	0	0.0	2776.7150311815203	1	0	tensor(3)	1.060668057676816
262728.0494245153	1000.0	2048.6656066665246	0.0	0	0.0	2776.7150311815203	1	0	tensor(3)	0.36752087711687165
264047.5748736061	1000.0	1729.1401575757404	0.0	0	0.0	2776.7150311815203	1	0	tensor(3)	1.0606680576768168
264979.99702671455	1000.0	1796.7180044672145	0.0	0	0.0	2776.715031181462	1	0	tensor(3)	1.0606680576768246
266001.8039310314	1000.0	1774.9111001503602	0.0	0	0.0	2776.7150311815203	1	0	tensor(3)	1.060668057676815
266904.59284956363	1000.0	1872.1221816181383	0.0	0	0.0	2776.7150311815203	1	0	tensor(3)	1.060668057676815
267419.67740566435	1000.0	2357.037625517435	0.0	0	0.0	2776.715031181462	1	0	tensor(3)	1.0606680576768237
268200.0	1000.0	2576.7150311817663	0.0	0	84.03842468297807	2776.7150311815203	1	0	tensor(3)	1.0606680576768204
269200.0	2000.0	2576.715031181786	0.0	0	52.54393463220913	2776.7150311815203	1	0	tensor(3)	1.060668057676815
270261.5425597611	2000.0	2515.172471420761	0.0	0	0.0	2776.7150311815203	1	0	tensor(3)	1.7538152382367602
271683.51607027225	2000.0	2093.1989609096754	0.0	0	0.0	2776.7150311815203	1	0	tensor(3)	1.7538152382367602
273575.97426387033	2000.0	1200.7407673115397	0.0	0	0.0	2776.7150311815203	1	0	tensor(3)	1.7538152382367602
274164.7874913342	1000.0	1611.9275398477216	0.0	0	0.0	2776.7150311815785	1	0	tensor(3)	0.36752087711686654
275262.44574550004	1000.0	1514.269285681899	0.0	0	0.0	2776.7150311815785	1	0	tensor(3)	1.0606680576768066
276006.3998108207	1000.0	1770.3152203612838	0.0	0	0.0	2776.7150311816367	1	0	tensor(3)	1.060668057676798
276780.95214588457	1000.0	1995.7628852974474	0.0	0	0.0	2776.7150311816367	1	0	tensor(3)	1.060668057676798
277329.9900820698	1000.0	2446.72494911214	0.0	0	0.0	2776.7150311815785	1	0	tensor(3)	1.0606680576768066
278459.8509311882	2000.0	2316.864099993711	0.0	0	0.0	2776.7150311815785	1	0	tensor(3)	1.0606680576768066
279996.2907877871	2000.0	1780.4242433947898	0.0	0	0.0	2776.7150311815785	1	0	tensor(3)	1.7538152382367516
281263.8917570648	1000.0	1512.8232741170918	0.0	0	0.0	2776.7150311815785	1	0	tensor(3)	0.3675208771168614
282059.52512670425	1000.0	1717.1899044776164	0.0	0	0.0	2776.7150311815785	1	0	tensor(3)	1.0606680576768066
283209.8551944108	2000.0	1566.8598367710736	0.0	0	0.0	2776.7150311815785	1	0	tensor(3)	1.0606680576768066
284349.58596877864	2000.0	1427.1290624031665	0.0	0	0.0	2776.7150311815785	1	0	tensor(3)	1.7538152382367516
284933.2496900111	1000.0	1843.4653411707225	0.0	0	0.0	2776.7150311815785	1	0	tensor(3)	0.3675208771168614
286792.6316524089	2000.0	984.0833787728628	0.0	0	0.0	2776.7150311815785	1	0	tensor(3)	1.0606680576768066
287676.76955288515	1000.0	1099.9454782966136	0.0	0	0.0	2776.7150311815203	1	0	tensor(3)	0.36752087711687
288285.97737654066	1000.0	1490.7376546411158	0.0	0	0.0	2776.7150311815203	1	0	tensor(3)	1.060668057676815
289064.27150603465	1000.0	1712.4435251470911	0.0	0	0.0	2776.7150311815203	1	0	tensor(3)	1.060668057676815
289601.1043422077	1000.0	2175.610688974061	0.0	0	0.0	2776.7150311815203	1	0	tensor(3)	1.060668057676815
290759.2322273094	2000.0	2017.482803872424	0.0	0	0.0	2776.715031181462	1	0	tensor(3)	1.0606680576768237
291814.3810572297	1000.0	1962.3339739520572	0.0	0	0.0	2776.715031181462	1	0	tensor(3)	0.36752087711687853
292543.3745462302	1000.0	2233.34048495157	0.0	0	0.0	2776.715031181462	1	0	tensor(3)	1.0606680576768237
293248.6013258442	1000.0	2528.1137053375937	0.0	0	0.0	2776.715031181462	1	0	tensor(3)	1.0606680576768237
294560.85472212825	2000.0	2215.8603090535216	0.0	0	0.0	2776.715031181404	1	0	tensor(3)	1.0606680576768306
295847.60041227203	2000.0	1929.1146189097026	0.0	0	0.0	2776.7150311813457	1	0	tensor(3)	1.7538152382367862
296604.6668520294	1000.0	2172.0481791523875	0.0	0	0.0	2776.7150311813457	1	0	tensor(3)	0.36752087711689574
298345.68397287995	2000.0	1431.0310583018565	0.0	0	0.0	2776.7150311813457	1	0	tensor(3)	1.060668057676846
299912.3083863871	2000.0	864.4066447946706	0.0	0	0.0	2776.7150311813457	1	0	tensor(3)	1.7538152382367862
300412.8719970436	1000.0	1363.8430341382266	0.0	0	0.0	2776.7150311813457	1	0	tensor(3)	0.36752087711689574
301173.12865938287	2000.0	1603.5863717990167	0.0	0	0.0	2776.7150311812875	1	0	tensor(3)	1.0606680576768444
302059.1011481799	2000.0	1717.6138830018974	0.0	0	0.0	2776.7150311812875	1	0	tensor(3)	1.7538152382367944
303891.5193219801	2000.0	885.1957092017044	0.0	0	0.0	2776.7150311812875	1	0	tensor(3)	1.7538152382367944
1.61	0.86	1.55	1.8	1.99	2.22	1.34	2.47	2.78	2.02	0.94	1.2	0.97	0.98	1.11	2.04	2.13	0.96	1.47	1.41	1.67	1.17	1.0	0.61	0.73	1.05	1.47	2.06	2.35	1.37	1.84	1.85	1.64	1.34	1.37	1.53	1.77	1.96	1.37	1.71	1.34	1.64	0.86	0.81	1.56	1.3	1.23	0.76	0.94	0.94	1.2	1.02	1.24	1.45	0.44	0.86	1.48	1.83	1.2	1.02	0.88	1.32	1.07	1.39	1.32	1.95	2.1	1.38	2.42	1.97	1.45	1.44	0.97	1.17	1.32	1.46	2.06	1.6	1.97	1.75	0.8	1.71	1.71	1.8	1.84	1.46	1.65	2.13	1.78	1.61	1.38	1.78	2.13	1.7	1.19	1.55	1.71	0.95	0.86	1.3	1.05	1.47	0.71	1.09	1.45	1.17	1.24	1.76	1.11	1.05	0.83	1.09	1.18	1.22	1.53	1.85	1.61	1.67	1.47	1.25	1.78	1.18	1.31	1.56	1.73	1.51	0.78	0.72	0.97	1.81	2.65	1.49	0.78	1.19	1.54	1.53	1.7	1.36	0.94	1.34	1.77	2.28	1.3	1.34	1.45	1.88	1.6	2.53	2.14	1.32	1.61	0.86	1.55	1.8	1.99	2.22	1.34	2.47	2.78	2.02	0.94	1.2	0.97	0.98	1.11	2.04	2.13	0.96	1.47	1.41	1.67	1.17	1.0	0.61	0.73	1.05	1.47	2.06	2.35	1.37	1.84	1.85	1.64	1.34	1.37	1.53	1.77	1.96	1.37	1.71	1.34	1.64	0.86	0.81	1.56	1.3	1.23	0.76	0.94	0.94	1.2	1.02	1.24	1.45	0.44	0.86	1.48	1.83	1.2	1.02	0.88	1.32	1.07	1.39	1.32	1.95	2.1	1.38	2.42	1.97	1.45	1.44	0.97	1.17	1.32	1.46	2.06	1.6	1.97	1.75	0.8	1.71	1.71	1.8	1.84	1.46	1.65	2.13	1.78	1.61	1.38	1.78	2.13	1.7	1.19	1.55	1.71	0.95	0.86	1.3	1.05	1.47	0.71	1.09	1.45	1.17	1.24	1.76	1.11	1.05	0.83	1.09	1.18	1.22	1.53	1.85	1.61	1.67	1.47	1.25	1.78	1.18	1.31	1.56	1.73	1.51	0.78	0.72	0.97	1.81	2.65	1.49	0.78	1.19	1.54	1.53	1.7	1.36	0.94	1.34	1.77	2.28	1.3	1.34	1.45	1.88	1.6	2.53	2.14	1.32	1.61	0.86	1.55
1.0	2.0	3.0	4.0	5.0	6.0	7.0	8.0	9.0	10.0	11.0	12.0	13.0	14.0	15.0	16.0	17.0	18.0	19.0	20.0	21.0	22.0	23.0	24.0	25.0	26.0	27.0	28.0	29.0	30.0	31.0	32.0	33.0	34.0	35.0	36.0	37.0	38.0	39.0	40.0	41.0	42.0	43.0	44.0	45.0	46.0	47.0	48.0	49.0	50.0	51.0	52.0	53.0	54.0	55.0	56.0	57.0	58.0	59.0	60.0	61.0	62.0	63.0	64.0	65.0	66.0	67.0	68.0	69.0	70.0	71.0	72.0	73.0	74.0	75.0	76.0	77.0	78.0	79.0	80.0	81.0	82.0	83.0	84.0	85.0	86.0	87.0	88.0	89.0	90.0	91.0	92.0	93.0	94.0	95.0	96.0	97.0	98.0	99.0	100.0	101.0	102.0	103.0	104.0	105.0	106.0	107.0	108.0	109.0	110.0	111.0	112.0	113.0	114.0	115.0	116.0	117.0	118.0	119.0	120.0	121.0	122.0	123.0	124.0	125.0	126.0	127.0	128.0	129.0	130.0	131.0	132.0	133.0	134.0	135.0	136.0	137.0	138.0	139.0	140.0	141.0	142.0	143.0	144.0	145.0	146.0	147.0	148.0	149.0	149.0	150.0	151.0	152.0	153.0	154.0	155.0	156.0	157.0	158.0	159.0	160.0	161.0	162.0	163.0	164.0	165.0	166.0	167.0	168.0	169.0	170.0	171.0	172.0	173.0	174.0	175.0	176.0	177.0	178.0	179.0	180.0	181.0	182.0	183.0	184.0	185.0	186.0	187.0	188.0	189.0	190.0	191.0	192.0	193.0	194.0	195.0	196.0	197.0	198.0	199.0	200.0	201.0	202.0	203.0	204.0	205.0	206.0	207.0	208.0	209.0	210.0	211.0	212.0	213.0	214.0	215.0	216.0	217.0	218.0	219.0	220.0	221.0	222.0	223.0	224.0	225.0	226.0	227.0	228.0	229.0	230.0	231.0	232.0	233.0	234.0	235.0	236.0	237.0	238.0	239.0	240.0	241.0	242.0	243.0	244.0	245.0	246.0	247.0	248.0	249.0	250.0	251.0	252.0	253.0	254.0	255.0	256.0	257.0	258.0	259.0	260.0	261.0	262.0	263.0	264.0	265.0	266.0	267.0	268.0	269.0	270.0	271.0	272.0	273.0	274.0	275.0	276.0	277.0	278.0	279.0	280.0	281.0	282.0	283.0	284.0	285.0	286.0	287.0	288.0	289.0	290.0	291.0	292.0	293.0	294.0	295.0	296.0	297.0	298.0	298.0	299.0	300.0	301.0
3978.0404451493528
