4200.0	300.0	1795.2454057936538	215.6869855661103	0	204.75459420634616	1995.2454057936538	0	0	tensor(6)	-7.352628945734348
5200.0	1000.0	2219.1003673351784	423.8549615415241	0	301.33913881597346	2419.1003673351784	1	0	tensor(3)	-2.639894515083552
6252.93894492151	2000.0	2166.1614224136692	0.0	0	0.0	2419.100367335179	1	0	tensor(3)	1.1054793322549248
7454.878556997927	2000.0	1964.2218103372516	0.0	0	0.0	2419.100367335179	1	0	tensor(3)	1.7986265128148697
8200.0	2000.0	2219.100367335179	0.0	0	106.19944910798222	2419.100367335178	1	0	tensor(3)	1.7986265128148702
9347.752458831654	2000.0	2071.347908503524	0.0	0	0.0	2419.100367335176	1	0	tensor(3)	1.7986265128148702
10323.26751277447	2000.0	2095.8328545607083	0.0	0	0.0	2419.100367335176	1	0	tensor(3)	1.7986265128148704
11626.352197335666	3000.0	1792.74816999951	0.0	0	0.0	2419.100367335175	1	0	tensor(3)	1.7986265128148706
12971.70245260507	2000.0	1447.3979147301047	0.0	0	0.0	2419.100367335175	1	0	tensor(3)	1.3931614047067058
14038.419216989592	2000.0	1380.6811503455822	0.0	0	0.0	2419.100367335175	1	0	tensor(3)	1.7986265128148704
14950.618857308982	2000.0	1468.4815100261915	0.0	0	0.0	2419.1003673351734	1	0	tensor(3)	1.7986265128148704
15998.048797241367	2000.0	1421.0515700938067	0.0	0	0.0	2419.1003673351734	1	0	tensor(3)	1.7986265128148706
17471.73574417215	2000.0	947.3646231630214	0.0	0	0.0	2419.1003673351715	1	0	tensor(3)	1.7986265128148706
18534.669616076448	2000.0	884.4307512587242	0.0	0	0.0	2419.1003673351734	1	0	tensor(3)	1.7986265128148706
19346.996725679328	2000.0	1072.1036416558454	0.0	0	0.0	2419.1003673351734	1	0	tensor(3)	1.7986265128148706
20201.05034578928	2000.0	1218.0500215458924	0.0	0	0.0	2419.1003673351734	1	0	tensor(3)	1.7986265128148706
20741.707998315316	2000.0	1677.392369019859	0.0	0	0.0	2419.1003673351734	1	0	tensor(3)	1.7986265128148706
21818.04360802806	3000.0	1601.0567593071128	0.0	0	0.0	2419.1003673351734	1	0	tensor(3)	1.7986265128148708
22646.996483115243	3000.0	1772.1038842199337	0.0	0	0.0	2419.100367335177	1	0	tensor(3)	2.204091620923035
23572.94319068455	3000.0	1846.1571766506272	0.0	0	0.0	2419.1003673351734	1	0	tensor(3)	2.2040916209230357
24487.172742249648	3000.0	1931.92762508553	0.0	0	0.0	2419.1003673351734	1	0	tensor(3)	2.2040916209230357
25431.875746694015	3000.0	1987.2246206411608	0.0	0	0.0	2419.1003673351734	1	0	tensor(3)	2.2040916209230357
26482.465466256603	3000.0	1936.6349010785707	0.0	0	0.0	2419.1003673351734	1	0	tensor(3)	2.2040916209230357
27465.60189500383	3000.0	1953.4984723313391	0.0	0	0.0	2419.100367335177	1	0	tensor(3)	2.204091620923035
28514.649496530914	3000.0	1904.4508708042522	0.0	0	0.0	2419.1003673351734	1	0	tensor(3)	2.2040916209230357
29939.628978138117	3000.0	1479.4713891970514	0.0	0	0.0	2419.100367335177	1	0	tensor(3)	2.204091620923035
30952.87835071135	3000.0	1466.2220166238137	0.0	0	0.0	2419.1003673351806	1	0	tensor(3)	2.204091620923035
32417.935702170726	3000.0	1001.1646651644381	0.0	0	0.0	2419.1003673351806	1	0	tensor(3)	2.204091620923035
33761.336590675804	2000.0	657.763776659355	0.0	0	0.0	2419.100367335177	1	0	tensor(3)	1.3931614047067058
34719.45509463388	2000.0	699.6452727012734	0.0	0	0.0	2419.1003673351697	1	0	tensor(3)	1.798626512814871
35869.81181742285	2000.0	549.2885499123036	0.0	0	0.0	2419.1003673351734	1	0	tensor(3)	1.7986265128148706
36829.733885021524	2000.0	589.3664823136323	0.0	0	0.0	2419.1003673351734	1	0	tensor(3)	1.7986265128148706
37322.38831277828	1000.0	1096.7120545568728	0.0	0	0.0	2419.1003673351734	1	0	tensor(3)	0.4123321516949803
38118.16249312608	2000.0	1300.9378742090746	0.0	0	0.0	2419.1003673351734	1	0	tensor(3)	1.1054793322549255
38958.54811707066	2000.0	1460.552250264497	0.0	0	0.0	2419.1003673351734	1	0	tensor(3)	1.7986265128148706
39853.45267693517	2000.0	1565.6476903999833	0.0	0	0.0	2419.1003673351734	1	0	tensor(3)	1.7986265128148706
40440.97474398202	2000.0	1978.125623353141	0.0	0	0.0	2419.1003673351734	1	0	tensor(3)	1.7986265128148706
42319.750213878244	3000.0	1099.3501534569264	0.0	0	0.0	2419.1003673351734	1	0	tensor(3)	1.7986265128148708
43376.57422084494	2000.0	1042.5261464902428	0.0	0	0.0	2419.1003673351806	1	0	tensor(3)	1.3931614047067051
44519.271420541816	2000.0	899.8289467933537	0.0	0	0.0	2419.1003673351806	1	0	tensor(3)	1.7986265128148697
45560.17604770899	2000.0	858.9243196261923	0.0	0	0.0	2419.100367335188	1	0	tensor(3)	1.798626512814869
46638.61626872943	2000.0	780.4840986057577	0.0	0	0.0	2419.100367335188	1	0	tensor(3)	1.798626512814869
47249.2163269525	2000.0	1169.8840403826973	0.0	0	0.0	2419.100367335188	1	0	tensor(3)	1.798626512814869
47975.4436987149	2000.0	1443.6566686202907	0.0	0	0.0	2419.1003673351806	1	0	tensor(3)	1.7986265128148697
48695.55567846479	2000.0	1723.5446888704055	0.0	0	0.0	2419.1003673351806	1	0	tensor(3)	1.7986265128148697
49417.47816474181	3000.0	2001.6222025933862	0.0	0	0.0	2419.1003673351806	1	0	tensor(3)	1.79862651281487
50388.09836991482	3000.0	2031.001997420385	0.0	0	0.0	2419.1003673351806	1	0	tensor(3)	2.204091620923035
51359.98057667324	3000.0	2059.1197906619655	0.0	0	0.0	2419.1003673351806	1	0	tensor(3)	2.204091620923035
52243.5070142165	3000.0	2175.5933531187093	0.0	0	0.0	2419.1003673351806	1	0	tensor(3)	2.204091620923035
53200.0	3000.0	2219.100367335202	0.0	0	194.79790329469688	2419.1003673351734	1	0	tensor(3)	2.2040916209230357
54450.30868295681	3000.0	1968.791684378388	0.0	0	0.0	2419.1003673351734	1	0	tensor(3)	2.2040916209230357
55999.65624740276	3000.0	1419.44411993244	0.0	0	0.0	2419.1003673351734	1	0	tensor(3)	2.2040916209230357
57067.314597267345	3000.0	1351.7857700678526	0.0	0	0.0	2419.1003673351734	1	0	tensor(3)	2.2040916209230357
57794.77896672426	3000.0	1624.3214006109342	0.0	0	0.0	2419.1003673351734	1	0	tensor(3)	2.2040916209230357
58532.61543235168	3000.0	1886.4849349835067	0.0	0	0.0	2419.1003673351734	1	0	tensor(3)	2.2040916209230357
59820.40014026964	3000.0	1598.7002270655566	0.0	0	0.0	2419.1003673351734	1	0	tensor(3)	2.2040916209230357
61051.67494842859	3000.0	1367.4254189066028	0.0	0	0.0	2419.1003673351734	1	0	tensor(3)	2.2040916209230357
61713.74914857899	2000.0	1705.3512187562112	0.0	0	0.0	2419.1003673351734	1	0	tensor(3)	1.393161404706706
62994.26545341481	2000.0	1424.8349139203876	0.0	0	0.0	2419.1003673351734	1	0	tensor(3)	1.7986265128148706
64246.45796865871	2000.0	1172.6423986764835	0.0	0	0.0	2419.1003673351734	1	0	tensor(3)	1.7986265128148706
64896.4105473461	2000.0	1522.6898199890845	0.0	0	0.0	2419.100367335166	1	0	tensor(3)	1.7986265128148713
65666.55523636936	3000.0	1752.5451309658326	0.0	0	0.0	2419.100367335166	1	0	tensor(3)	1.7986265128148715
66812.18606002	3000.0	1606.9143073151754	0.0	0	0.0	2419.100367335159	1	0	tensor(3)	2.2040916209230366
68078.30800439109	2000.0	1340.7923629440995	0.0	0	0.0	2419.100367335166	1	0	tensor(3)	1.3931614047067071
69047.92767904562	2000.0	1371.1726882895725	0.0	0	0.0	2419.1003673351806	1	0	tensor(3)	1.7986265128148702
70639.41818291497	2000.0	779.6821844202154	0.0	0	0.0	2419.100367335195	1	0	tensor(3)	1.7986265128148682
71862.00875111714	2000.0	557.0916162180409	0.0	0	0.0	2419.100367335195	1	0	tensor(3)	1.7986265128148682
72762.88709020565	2000.0	656.2132771295285	0.0	0	0.0	2419.100367335195	1	0	tensor(3)	1.7986265128148682
73876.32100149029	2000.0	542.7793658448902	0.0	0	0.0	2419.100367335195	1	0	tensor(3)	1.7986265128148682
74654.36031879403	2000.0	764.7400485411558	0.0	0	0.0	2419.100367335195	1	0	tensor(3)	1.7986265128148682
75815.56817789013	2000.0	603.5321894450408	0.0	0	0.0	2419.100367335195	1	0	tensor(3)	1.7986265128148682
76767.76708384514	2000.0	651.3332834900305	0.0	0	0.0	2419.100367335195	1	0	tensor(3)	1.7986265128148682
77440.31437361738	2000.0	978.7859937178043	0.0	0	0.0	2419.100367335195	1	0	tensor(3)	1.7986265128148682
78115.30994920024	2000.0	1303.790418134942	0.0	0	0.0	2419.100367335195	1	0	tensor(3)	1.7986265128148682
78906.87826971516	3000.0	1512.2220976200315	0.0	0	0.0	2419.100367335195	1	0	tensor(3)	1.7986265128148684
79910.67380952189	3000.0	1508.4265578132956	0.0	0	0.0	2419.1003673351806	1	0	tensor(3)	2.204091620923035
80788.87210113912	3000.0	1630.2282661960976	0.0	0	0.0	2419.100367335195	1	0	tensor(3)	2.204091620923033
82175.27227190831	3000.0	1243.8280954269053	0.0	0	0.0	2419.100367335195	1	0	tensor(3)	2.204091620923033
83393.03333719916	2000.0	1026.0670301360703	0.0	0	0.0	2419.100367335195	1	0	tensor(3)	1.3931614047067036
84484.54156846952	2000.0	934.558798865711	0.0	0	0.0	2419.100367335195	1	0	tensor(3)	1.7986265128148682
85308.70160010566	2000.0	1110.3987672295789	0.0	0	0.0	2419.1003673352097	1	0	tensor(3)	1.7986265128148669
86506.3503062099	2000.0	912.7500611253353	0.0	0	0.0	2419.1003673352097	1	0	tensor(3)	1.7986265128148669
87774.05542809494	2000.0	645.044939240285	0.0	0	0.0	2419.1003673352097	1	0	tensor(3)	1.7986265128148669
88473.37987122318	2000.0	945.7204961120335	0.0	0	0.0	2419.1003673352097	1	0	tensor(3)	1.7986265128148669
89078.49307306958	2000.0	1340.6072942656424	0.0	0	0.0	2419.1003673352097	1	0	tensor(3)	1.7986265128148669
90139.79063092836	3000.0	1279.3097364068506	0.0	0	0.0	2419.1003673352097	1	0	tensor(3)	1.798626512814867
90958.05127248615	2000.0	1461.0490948490742	0.0	0	0.0	2419.1003673352243	1	0	tensor(3)	1.3931614047067005
91867.50783469416	2000.0	1551.592532641057	0.0	0	0.0	2419.1003673352243	1	0	tensor(3)	1.798626512814865
92878.55962663826	2000.0	1540.5407406969505	0.0	0	0.0	2419.1003673352097	1	0	tensor(3)	1.7986265128148669
93909.11972790703	3000.0	1509.9806394281793	0.0	0	0.0	2419.1003673352243	1	0	tensor(3)	1.7986265128148653
94623.69562504653	2000.0	1795.4047422886783	0.0	0	0.0	2419.1003673352243	1	0	tensor(3)	1.3931614047067005
96114.59162993867	3000.0	1304.5087373965525	0.0	0	0.0	2419.1003673352243	1	0	tensor(3)	1.7986265128148653
96976.65802048401	2000.0	1442.4423468512218	0.0	0	0.0	2419.1003673352243	1	0	tensor(3)	1.3931614047067005
97859.9248802298	2000.0	1559.1754871054447	0.0	0	0.0	2419.1003673352243	1	0	tensor(3)	1.798626512814865
98599.24038829576	2000.0	1819.8599790394906	0.0	0	0.0	2419.1003673352243	1	0	tensor(3)	1.798626512814865
99634.93259622667	2000.0	1784.167771108579	0.0	0	0.0	2419.1003673352243	1	0	tensor(3)	1.798626512814865
100612.76545676193	3000.0	1806.3349105733128	0.0	0	0.0	2419.1003673352097	1	0	tensor(3)	1.798626512814867
101384.97328931077	3000.0	2034.1270780244718	0.0	0	0.0	2419.1003673352243	1	0	tensor(3)	2.20409162092303
102277.69374945617	3000.0	2141.4066178790818	0.0	0	0.0	2419.1003673352243	1	0	tensor(3)	2.20409162092303
103200.0	3000.0	2219.1003673352448	0.0	0	299.4345510759449	2419.1003673352243	1	0	tensor(3)	2.20409162092303
104200.0	3000.0	2219.1003673352398	0.0	0	543.7996872993826	2419.1003673352243	1	0	tensor(3)	2.20409162092303
105200.0	3000.0	2219.1003673352284	0.0	0	331.33592203723674	2419.1003673352243	1	0	tensor(3)	2.20409162092303
106200.0	3000.0	2219.1003673352307	0.0	0	292.3613296926342	2419.1003673352243	1	0	tensor(3)	2.20409162092303
107361.59945939432	3000.0	2057.50090794091	0.0	0	0.0	2419.1003673352243	1	0	tensor(3)	2.20409162092303
109216.4598383579	3000.0	1202.640528977318	0.0	0	0.0	2419.1003673352243	1	0	tensor(3)	2.20409162092303
110134.67804205872	3000.0	1284.4223252764903	0.0	0	0.0	2419.1003673352243	1	0	tensor(3)	2.20409162092303
111110.62761724317	3000.0	1308.4727500920528	0.0	0	0.0	2419.1003673352097	1	0	tensor(3)	2.2040916209230317
111944.85295925547	3000.0	1474.247408079752	0.0	0	0.0	2419.1003673352097	1	0	tensor(3)	2.2040916209230317
112690.21999921977	3000.0	1728.8803681154443	0.0	0	0.0	2419.1003673352243	1	0	tensor(3)	2.20409162092303
113620.51949770346	3000.0	1798.580869631772	0.0	0	0.0	2419.1003673352243	1	0	tensor(3)	2.20409162092303
114434.089428957	3000.0	1985.010938378229	0.0	0	0.0	2419.1003673352243	1	0	tensor(3)	2.20409162092303
116613.39825501946	3000.0	805.7021123157604	0.0	0	0.0	2419.100367335239	1	0	tensor(3)	2.2040916209230286
117793.955587792	2000.0	625.144779543222	0.0	0	0.0	2419.100367335239	1	0	tensor(3)	1.3931614047066991
118918.5609880052	2000.0	501.8756574906896	1.3362781606664385	0	0.0	2420.4366454958945	1	0	tensor(3)	1.7904678479900418
119481.26039175589	2000.0	939.1762537400248	0.0	0	0.0	2420.4366454958945	1	0	tensor(3)	1.7984855169540406
120049.39429496054	2000.0	1371.042350535353	0.0	0	0.0	2420.4366454958945	1	0	tensor(3)	1.7984855169540406
120885.93544513383	3000.0	1534.5012003620732	0.0	0	0.0	2420.4366454958945	1	0	tensor(3)	1.7984855169540408
121846.32589264688	3000.0	1574.1107528490109	0.0	0	0.0	2420.43664549588	1	0	tensor(3)	2.203950625062207
123211.34313430492	2000.0	1209.093511190995	0.0	0	0.0	2420.43664549588	1	0	tensor(3)	1.3930204088458777
124436.81135255519	2000.0	983.625292940712	0.0	0	0.0	2420.43664549588	1	0	tensor(3)	1.7984855169540424
124928.9724763963	2000.0	1491.4641690995873	0.0	0	0.0	2420.4366454958654	1	0	tensor(3)	1.7984855169540437
125742.33528632272	3000.0	1678.1013591731619	0.0	0	0.0	2420.4366454958654	1	0	tensor(3)	1.798485516954044
126418.29300995514	3000.0	2002.1436355407563	0.0	0	0.0	2420.43664549588	1	0	tensor(3)	2.203950625062207
127200.0	3000.0	2220.4366454958827	0.0	0	175.53039863245795	2420.43664549588	1	0	tensor(3)	2.203950625062207
128459.55321199994	3000.0	1960.883433495947	0.0	0	0.0	2420.43664549588	1	0	tensor(3)	2.203950625062207
129298.93244178186	3000.0	2121.504203714042	0.0	0	0.0	2420.43664549588	1	0	tensor(3)	2.203950625062207
131305.3098086734	3000.0	1115.1268368225067	0.0	0	0.0	2420.43664549588	1	0	tensor(3)	2.203950625062207
132183.06922675014	2000.0	1237.3674187457295	0.0	0	0.0	2420.436645495851	1	0	tensor(3)	1.3930204088458802
133440.15545988493	2000.0	980.2811856109033	0.0	0	0.0	2420.436645495807	1	0	tensor(3)	1.798485516954048
134370.11527805007	2000.0	1050.3213674457675	0.0	0	0.0	2420.4366454958217	1	0	tensor(3)	1.7984855169540483
135129.65852402235	2000.0	1290.7781214734448	0.0	0	0.0	2420.4366454957926	1	0	tensor(3)	1.7984855169540515
135831.04628518526	2000.0	1589.3903603105005	0.0	0	0.0	2420.4366454957926	1	0	tensor(3)	1.7984855169540515
136885.4793795291	2000.0	1534.957265966657	0.0	0	0.0	2420.4366454957926	1	0	tensor(3)	1.7984855169540515
137823.3545383149	2000.0	1597.082107180878	0.0	0	0.0	2420.4366454957926	1	0	tensor(3)	1.7984855169540515
138955.59120659874	2000.0	1464.8454388970404	0.0	0	0.0	2420.4366454957926	1	0	tensor(3)	1.7984855169540515
139823.10495032577	2000.0	1597.331695169991	0.0	0	0.0	2420.4366454957926	1	0	tensor(3)	1.7984855169540515
140719.74455618518	2000.0	1700.6920893105842	0.0	0	0.0	2420.4366454957926	1	0	tensor(3)	1.7984855169540515
141390.2077103081	3000.0	2030.228935187655	0.0	0	0.0	2420.4366454957926	1	0	tensor(3)	1.7984855169540517
142200.0	3000.0	2220.436645495756	0.0	0	268.7890042848303	2420.4366454957926	1	0	tensor(3)	2.203950625062216
143200.0	3000.0	2220.436645495789	0.0	0	292.85242270410527	2420.4366454957926	1	0	tensor(3)	2.203950625062216
144523.9897586116	3000.0	1896.4468868842007	0.0	0	0.0	2420.4366454957926	1	0	tensor(3)	2.203950625062216
146505.10103001003	3000.0	915.3356154857953	0.0	0	0.0	2420.4366454957926	1	0	tensor(3)	2.203950625062216
147230.1924929475	2000.0	1190.2441525483418	0.0	0	0.0	2420.4366454957926	1	0	tensor(3)	1.3930204088458868
148061.1910221572	3000.0	1359.2456233386317	0.0	0	0.0	2420.4366454957926	1	0	tensor(3)	1.7984855169540517
149412.77993037598	3000.0	1007.6567151198219	0.0	0	0.0	2420.4366454957926	1	0	tensor(3)	2.203950625062216
150451.0757236444	3000.0	969.3609218513949	0.0	0	0.0	2420.4366454957926	1	0	tensor(3)	2.203950625062216
151344.8331132576	2000.0	1075.6035322382036	0.0	0	0.0	2420.4366454957926	1	0	tensor(3)	1.3930204088458868
151971.8639612129	2000.0	1448.5726842828858	0.0	0	0.0	2420.4366454957926	1	0	tensor(3)	1.7984855169540515
153664.72687919147	3000.0	755.7097663042613	0.0	0	0.0	2420.4366454957926	1	0	tensor(3)	1.7984855169540517
154769.1590957118	2000.0	651.2775497839089	0.0	0	0.0	2420.4366454957926	1	0	tensor(3)	1.3930204088458868
155642.561515035	2000.0	777.8751304607067	0.0	0	0.0	2420.4366454957635	1	0	tensor(3)	1.7984855169540546
156549.6606370707	2000.0	870.7760084249978	0.0	0	0.0	2420.4366454957635	1	0	tensor(3)	1.7984855169540546
157551.5072687511	2000.0	868.9293767446204	0.0	0	0.0	2420.4366454957635	1	0	tensor(3)	1.7984855169540546
158240.65771232598	2000.0	1179.7789331697445	0.0	0	0.0	2420.4366454957635	1	0	tensor(3)	1.7984855169540546
158898.16929505422	2000.0	1522.2673504414988	0.0	0	0.0	2420.4366454957926	1	0	tensor(3)	1.7984855169540515
159728.96012972816	2000.0	1691.4765157675834	0.0	0	0.0	2420.4366454957635	1	0	tensor(3)	1.7984855169540528
160834.32435611446	2000.0	1586.1122893812585	0.0	0	0.0	2420.4366454957635	1	0	tensor(3)	1.7984855169540546
162008.73082674728	2000.0	1411.7058187484604	0.0	0	0.0	2420.4366454957635	1	0	tensor(3)	1.7984855169540546
163050.04633566728	2000.0	1370.3903098284386	0.0	0	0.0	2420.4366454957635	1	0	tensor(3)	1.7984855169540546
163729.07725994382	2000.0	1691.3593855519357	0.0	0	0.0	2420.4366454957926	1	0	tensor(3)	1.7984855169540515
165008.87519454217	2000.0	1411.5614509535949	0.0	0	0.0	2420.4366454958217	1	0	tensor(3)	1.7984855169540483
166056.53715799795	2000.0	1363.8994874978353	0.0	0	0.0	2420.436645495851	1	0	tensor(3)	1.7984855169540457
167085.5757707644	2000.0	1334.8608747313667	0.0	0	0.0	2420.436645495851	1	0	tensor(3)	1.7984855169540452
168124.01017490556	2000.0	1296.4264705902206	0.0	0	0.0	2420.436645495851	1	0	tensor(3)	1.7984855169540452
168974.93566711197	2000.0	1445.50097838382	0.0	0	0.0	2420.436645495851	1	0	tensor(3)	1.7984855169540452
169721.1631934812	2000.0	1699.2734520145684	0.0	0	0.0	2420.4366454958217	1	0	tensor(3)	1.798485516954047
170793.81293552357	3000.0	1626.6237099722118	0.0	0	0.0	2420.4366454957926	1	0	tensor(3)	1.7984855169540506
171671.45440406768	3000.0	1748.9822414280907	0.0	0	0.0	2420.4366454958217	1	0	tensor(3)	2.2039506250622156
172655.32887850658	3000.0	1765.1077669891692	0.0	0	0.0	2420.4366454958217	1	0	tensor(3)	2.2039506250622134
173958.05693187116	3000.0	1462.379713624595	0.0	0	0.0	2420.436645495851	1	0	tensor(3)	2.203950625062211
175066.4258745827	3000.0	1354.010770913014	0.0	0	0.0	2420.4366454958217	1	0	tensor(3)	2.2039506250622125
176191.02624709194	3000.0	1229.4103984037336	0.0	0	0.0	2420.4366454957926	1	0	tensor(3)	2.203950625062216
176952.99851438997	2000.0	1467.4381311057252	0.0	0	0.0	2420.4366454957926	1	0	tensor(3)	1.3930204088458868
177970.72717389674	3000.0	1449.709471598941	0.0	0	0.0	2420.4366454957926	1	0	tensor(3)	1.7984855169540517
178794.89901587018	2000.0	1625.5376296254956	0.0	0	0.0	2420.4366454957926	1	0	tensor(3)	1.3930204088458868
180127.33265053364	3000.0	1293.103994962009	0.0	0	0.0	2420.4366454957926	1	0	tensor(3)	1.7984855169540517
181719.87476369416	3000.0	700.5618818014818	0.0	0	0.0	2420.4366454957635	1	0	tensor(3)	2.203950625062219
182895.3741765171	2000.0	525.062468978535	0.0	0	0.0	2420.4366454957635	1	0	tensor(3)	1.39302040884589
183608.77705995817	2000.0	811.6595855374405	0.0	0	0.0	2420.4366454957926	1	0	tensor(3)	1.7984855169540515
184599.48560892144	2000.0	820.9510365742033	0.0	0	0.0	2420.4366454957926	1	0	tensor(3)	1.7984855169540515
185625.90368419857	2000.0	794.5329612970796	0.0	0	0.0	2420.4366454957926	1	0	tensor(3)	1.7984855169540515
186902.67607428535	2000.0	517.7605712102749	0.0	0	0.0	2420.4366454957635	1	0	tensor(3)	1.7984855169540546
187683.26385002735	2000.0	737.1727954682666	0.0	0	0.0	2420.4366454957635	1	0	tensor(3)	1.7984855169540546
188664.94064702757	2000.0	755.4959984680227	0.0	0	0.0	2420.4366454957926	1	0	tensor(3)	1.7984855169540515
189398.87213625858	2000.0	1021.5645092369873	0.0	0	0.0	2420.4366454957635	1	0	tensor(3)	1.7984855169540546
190316.49217506344	2000.0	1103.94447043212	0.0	0	0.0	2420.4366454957635	1	0	tensor(3)	1.7984855169540546
191377.86179115946	2000.0	1042.5748543361228	0.0	0	0.0	2420.4366454957635	1	0	tensor(3)	1.7984855169540546
192292.7998041064	2000.0	1127.6368413891473	0.0	0	0.0	2420.4366454957344	1	0	tensor(3)	1.7984855169540577
193179.30657335848	2000.0	1241.130072137075	0.0	0	0.0	2420.4366454957344	1	0	tensor(3)	1.7984855169540577
193946.103684372	2000.0	1474.3329611235308	0.0	0	0.0	2420.4366454957053	1	0	tensor(3)	1.79848551695406
194843.34460809198	2000.0	1577.0920374035436	0.0	0	0.0	2420.436645495676	1	0	tensor(3)	1.798485516954062
196020.4140388035	2000.0	1400.022606692033	0.0	0	0.0	2420.436645495676	1	0	tensor(3)	1.7984855169540637
196909.92039147895	2000.0	1510.5162540165902	0.0	0	0.0	2420.4366454957053	1	0	tensor(3)	1.7984855169540606
197984.81712526965	3000.0	1435.6195202258998	0.0	0	0.0	2420.436645495676	1	0	tensor(3)	1.798485516954064
198736.43479618456	3000.0	1684.0018493109608	0.0	0	0.0	2420.436645495676	1	0	tensor(3)	2.2039506250622285
199582.00293598487	3000.0	1838.433709510626	0.0	0	0.0	2420.436645495676	1	0	tensor(3)	2.2039506250622285
200451.82734336532	3000.0	1968.6093021301795	0.0	0	0.0	2420.436645495676	1	0	tensor(3)	2.2039506250622285
201200.0	3000.0	2220.4366454955057	0.0	0	204.8766201043909	2420.4366454957053	1	0	tensor(3)	2.2039506250622254
202200.0	3000.0	2220.436645495512	0.0	0	391.8138032222341	2420.4366454957053	1	0	tensor(3)	2.2039506250622254
203200.0	3000.0	2220.436645495494	0.0	0	305.531676337705	2420.4366454957053	1	0	tensor(3)	2.2039506250622254
204365.69511223192	3000.0	2054.741533263577	0.0	0	0.0	2420.436645495676	1	0	tensor(3)	2.2039506250622285
205936.97324018052	3000.0	1483.4634053149514	0.0	0	0.0	2420.436645495676	1	0	tensor(3)	2.203950625062227
207013.10799011096	3000.0	1407.3286553844807	0.0	0	0.0	2420.436645495676	1	0	tensor(3)	2.2039506250622285
208090.76341604625	3000.0	1329.6732294491624	0.0	0	0.0	2420.436645495676	1	0	tensor(3)	2.2039506250622285
209470.13345814322	3000.0	950.3031873521782	0.0	0	0.0	2420.436645495647	1	0	tensor(3)	2.2039506250622316
210638.3234686296	3000.0	782.113176865796	0.0	0	0.0	2420.436645495618	1	0	tensor(3)	2.2039506250622347
211901.4821865343	2000.0	518.9544589611194	0.0	0	0.0	2420.436645495618	1	0	tensor(3)	1.393020408845905
212929.10758615902	2000.0	559.7246874042395	68.3956280678438	0	0.0	2488.8322735634865	1	0	tensor(3)	1.3806521491671904
213799.11527479443	2000.0	689.7169987688237	0.0	0	0.0	2488.8322735634865	1	0	tensor(3)	1.7910259175742524
214666.8049517069	2000.0	822.0273218563832	0.0	0	0.0	2488.8322735634865	1	0	tensor(3)	1.7910259175742524
215217.73695459397	2000.0	1271.0953189692882	0.0	0	0.0	2488.8322735634574	1	0	tensor(3)	1.7910259175742558
216862.32608145612	3000.0	626.5061921071565	0.0	0	0.0	2488.8322735634574	1	0	tensor(3)	1.791025917574256
217889.7484720931	2000.0	599.0838014701757	0.0	0	0.0	2488.8322735634574	1	0	tensor(3)	1.3855608094660932
218720.29709736086	1000.0	768.535176202373	0.0	0	0.0	2488.8322735634283	1	0	tensor(3)	0.40473155645436876
219473.11821077723	1000.0	1015.7140627859881	0.0	0	0.0	2488.832273563399	1	0	tensor(3)	1.097878737014317
219878.05724150705	1000.0	1610.775032056187	0.0	0	0.0	2488.8322735634283	1	0	tensor(3)	1.097878737014314
220746.28147902963	2000.0	1742.550794533596	0.0	0	0.0	2488.832273563399	1	0	tensor(3)	1.097878737014315
221878.38777168698	2000.0	1610.4445018762563	0.0	0	0.0	2488.832273563399	1	0	tensor(3)	1.7910259175742609
222717.64213628718	2000.0	1771.1901372760308	0.0	0	0.0	2488.832273563399	1	0	tensor(3)	1.7910259175742622
223531.10203693586	2000.0	1957.7302366273734	0.0	0	0.0	2488.832273563399	1	0	tensor(3)	1.7910259175742622
224717.11641433637	2000.0	1771.7158592268406	0.0	0	0.0	2488.832273563399	1	0	tensor(3)	1.7910259175742622
225562.92956997687	2000.0	1925.9027035863332	0.0	0	0.0	2488.8322735634283	1	0	tensor(3)	1.7910259175742616
226315.2824880422	2000.0	2173.5497855209896	0.0	0	0.0	2488.832273563399	1	0	tensor(3)	1.7910259175742622
227390.81285446289	3000.0	2098.019419100314	0.0	0	0.0	2488.832273563399	1	0	tensor(3)	1.7910259175742627
228416.5447529339	3000.0	2072.2875206292892	0.0	0	0.0	2488.832273563399	1	0	tensor(3)	2.1964910256824273
229481.7136202364	3000.0	2007.1186533267755	0.0	0	0.0	2488.8322735634283	1	0	tensor(3)	2.1964910256824237
230649.81028183037	3000.0	1839.0219917328047	0.0	0	0.0	2488.8322735634283	1	0	tensor(3)	2.1964910256824237
232605.23458021408	3000.0	883.5976933491071	0.0	0	0.0	2488.8322735634283	1	0	tensor(3)	2.1964910256824237
233750.6686260877	2000.0	738.1636474754638	0.0	0	0.0	2488.8322735634283	1	0	tensor(3)	1.3855608094660945
234478.90708574562	2000.0	1009.9251878175315	0.0	0	0.0	2488.8322735634574	1	0	tensor(3)	1.7910259175742558
235483.03534539125	2000.0	1005.79692817188	0.0	0	0.0	2488.8322735634574	1	0	tensor(3)	1.7910259175742558
236700.60127661243	2000.0	788.2309969506929	0.0	0	0.0	2488.8322735634574	1	0	tensor(3)	1.7910259175742558
237457.2440381907	2000.0	1031.588235372472	0.0	0	0.0	2488.8322735634574	1	0	tensor(3)	1.7910259175742558
238132.45588093702	2000.0	1356.3763926261545	0.0	0	0.0	2488.8322735634574	1	0	tensor(3)	1.7910259175742558
239702.68383709068	3000.0	786.1484364724944	0.0	0	0.0	2488.8322735634283	1	0	tensor(3)	1.791025917574259
240590.9313008177	2000.0	897.9009727455035	0.0	0	0.0	2488.8322735634283	1	0	tensor(3)	1.3855608094660945
241662.59081059764	2000.0	826.2414629655361	0.0	0	0.0	2488.8322735634283	1	0	tensor(3)	1.7910259175742609
242291.48366808196	2000.0	1197.3486054811863	0.0	0	0.0	2488.8322735634283	1	0	tensor(3)	1.791025917574259
243688.51730143177	3000.0	800.3149721313647	0.0	0	0.0	2488.8322735634283	1	0	tensor(3)	1.791025917574259
244728.4002675432	2000.0	760.4320060199227	0.0	0	0.0	2488.8322735634283	1	0	tensor(3)	1.3855608094660945
245600.98944313082	2000.0	887.8428304323172	0.0	0	0.0	2488.8322735634574	1	0	tensor(3)	1.7910259175742558
246409.61320564203	2000.0	1079.2190679210837	0.0	0	0.0	2488.8322735634574	1	0	tensor(3)	1.7910259175742558
247213.7530771825	2000.0	1275.0791963806003	0.0	0	0.0	2488.8322735634574	1	0	tensor(3)	1.7910259175742558
248171.77140104718	2000.0	1317.060872515946	0.0	0	0.0	2488.8322735634574	1	0	tensor(3)	1.7910259175742558
249097.35591853238	2000.0	1391.4763550307441	0.0	0	0.0	2488.8322735634574	1	0	tensor(3)	1.7910259175742558
249939.21425005113	3000.0	1549.6180235120357	0.0	0	0.0	2488.8322735634574	1	0	tensor(3)	1.791025917574256
250741.25022588245	3000.0	1747.5820476806844	0.0	0	0.0	2488.8322735634283	1	0	tensor(3)	2.1964910256824237
251360.79721665898	3000.0	2128.035056904168	0.0	0	0.0	2488.8322735634283	1	0	tensor(3)	2.1964910256824237
252200.0	3000.0	2288.8322735631136	0.0	0	221.26960704711382	2488.832273563399	1	0	tensor(3)	2.1964910256824273
253200.0	3000.0	2288.832273563139	0.0	0	441.3647557492077	2488.8322735634283	1	0	tensor(3)	2.1964910256824237
254258.72808605374	6000.0	2230.104187509358	0.0	0	0.0	2488.832273563399	1	0	tensor(3)	2.196491025682427
255302.03111914697	3000.0	2186.8011544161404	0.0	0	0.0	2488.8322735634283	1	0	tensor(3)	1.5033438451224788
256200.0	3000.0	2288.8322735630977	0.0	0	23.53173017015797	2488.8322735634283	1	0	tensor(3)	2.1964910256824237
258091.43439720516	3000.0	1397.397876357917	0.0	0	0.0	2488.832273563399	1	0	tensor(3)	2.1964910256824273
258884.05403104617	3000.0	1604.7782425168757	0.0	0	0.0	2488.83227356337	1	0	tensor(3)	2.1964910256824304
260097.30886750057	3000.0	1391.523406062489	0.0	0	0.0	2488.83227356337	1	0	tensor(3)	2.1964910256824304
261079.56153607048	3000.0	1409.2707374925888	0.0	0	0.0	2488.83227356337	1	0	tensor(3)	2.1964910256824304
262075.73564756548	3000.0	1413.0966259976067	0.0	0	0.0	2488.83227356337	1	0	tensor(3)	2.1964910256824304
263182.9660520796	3000.0	1305.866221483485	0.0	0	0.0	2488.83227356337	1	0	tensor(3)	2.196491025682428
264514.6173757689	3000.0	974.2148977941291	0.0	0	0.0	2488.83227356337	1	0	tensor(3)	2.196491025682428
266807.84436316055	3000.0	200.0	519.0120895974917	0	0.0	3007.844363160548	1	0	tensor(3)	-0.9761467288253565
267899.6554511259	2000.0	458.63045420007154	350.44154216539886	0	0.0	3358.28590532596	1	0	tensor(3)	-0.8671100717254996
268715.3312537439	2000.0	642.9546515820241	0.0	0	0.0	1358.28590532596	1	0	tensor(6)	-4.131185895630821
269530.58005408803	2000.0	827.7058512379032	0.0	0	0.0	1358.28590532596	1	0	tensor(3)	1.8688141043691768
270395.08017527737	3000.0	963.2057300485973	0.0	0	0.0	1358.28590532596	1	0	tensor(3)	1.868814104369177
271973.79210244847	3000.0	384.4938028775181	0.0	0	0.0	1358.28590532596	1	0	tensor(3)	2.274279212477342
272821.9267315766	2000.0	574.0431163775402	37.683942628154625	0	0.0	1395.9698479541112	1	0	tensor(3)	1.2357930254225926
273543.3221607079	2000.0	852.6476872461634	0.0	0	0.0	1395.9698479541112	1	0	tensor(3)	1.867361789299685
274231.09331829415	2000.0	1164.8765296598735	0.0	0	0.0	1395.969847954053	1	0	tensor(3)	1.8673617892996872
275200.0	3000.0	1195.9698479539688	0.0	0	235.68219470558688	1395.9698479541112	1	0	tensor(3)	1.867361789299685
276200.0	3000.0	1195.9698479539595	0.0	0	127.1608646993991	1395.9698479541112	1	0	tensor(3)	2.2728268974078496
277780.270626017	3000.0	615.6992219370079	0.0	0	0.0	1395.9698479541112	1	0	tensor(3)	2.2728268974078496
279129.2004254653	3000.0	266.76942248867726	0.0	0	0.0	1395.9698479541112	1	0	tensor(3)	2.2728268974078496
280407.4830604105	2000.0	381.63789366772437	393.1511061242462	0	0.0	1789.1209540782147	1	0	tensor(3)	-0.9158273152740732
281262.8011006321	2000.0	586.6884137123175	60.368560266172665	0	0.0	1849.4895143443719	1	0	tensor(3)	1.4827512805112697
282173.62249030505	2000.0	675.8670240393151	0.0	0	0.0	1849.4895143443136	1	0	tensor(3)	1.8449626421083094
283223.0528669091	2000.0	626.4366474352206	0.0	0	0.0	1849.4895143443136	1	0	tensor(3)	1.8449626421083094
284273.7477930296	2000.0	575.7417213147552	0.0	0	0.0	1849.4895143443719	1	0	tensor(3)	1.8449626421083056
285009.63234483596	2000.0	839.8571695083228	0.0	0	0.0	1849.4895143443136	1	0	tensor(3)	1.8449626421083094
285822.21397691226	2000.0	1027.2755374320723	0.0	0	0.0	1849.4895143442554	1	0	tensor(3)	1.844962642108313
287037.8345983878	2000.0	811.6549159565211	0.0	0	0.0	1849.4895143442554	1	0	tensor(3)	1.844962642108313
288051.0999137858	2000.0	798.3896005585099	0.0	0	0.0	1849.4895143442554	1	0	tensor(3)	1.844962642108313
288617.67434996617	1000.0	1231.815164378146	0.0	0	0.0	1849.4895143442554	1	0	tensor(3)	0.4586682809884225
289340.36966461345	2000.0	1509.1198497309229	0.0	0	0.0	1849.4895143443136	1	0	tensor(3)	1.151815461548364
290200.0	2000.0	1649.489514344366	0.0	0	359.5619993087603	1849.4895143442554	1	0	tensor(3)	1.844962642108313
291200.0	3000.0	1649.4895143443425	0.0	0	112.31285707995994	1849.4895143442554	1	0	tensor(3)	1.844962642108313
292200.0	3000.0	1649.489514344319	0.0	0	344.69065123266773	1849.4895143442554	1	0	tensor(3)	2.2504277502164776
293200.0	3000.0	1649.4895143443714	0.0	0	342.04705180140445	1849.4895143442554	1	0	tensor(3)	2.2504277502164776
294615.07482538	3000.0	1234.4146889643944	0.0	0	0.0	1849.4895143442554	1	0	tensor(3)	2.2504277502164776
296306.8363299593	3000.0	542.6531843851092	0.0	0	0.0	1849.4895143442554	1	0	tensor(3)	2.2504277502164776
297012.96204069204	2000.0	836.5274736523236	0.0	0	0.0	1849.4895143441972	1	0	tensor(3)	1.4394975340001517
297559.83237821533	2000.0	1289.6571361290366	0.0	0	0.0	1849.489514344139	1	0	tensor(3)	1.8449626421083198
298429.39127022674	3000.0	1420.0982441176493	0.0	0	0.0	1849.4895143440808	1	0	tensor(3)	1.8449626421083236
299766.6606573096	3000.0	1082.8288570348248	0.0	0	0.0	1849.4895143440808	1	0	tensor(3)	2.250427750216488
300662.0580691153	2000.0	1187.4314452291392	0.0	0	0.0	1849.4895143440808	1	0	tensor(3)	1.4394975340001588
302013.38009240554	3000.0	836.1094219388458	0.0	0	0.0	1849.4895143440226	1	0	tensor(3)	1.844962642108325
303238.85488991765	2000.0	610.6346244267643	0.0	0	0.0	1849.4895143440226	1	0	tensor(3)	1.4394975340001626
304278.77371928375	2000.0	570.7157950605974	0.0	0	0.0	1849.4895143440226	1	0	tensor(3)	1.8449626421083272
305364.48092582234	2000.0	485.0085885220727	0.0	0	0.0	1849.4895143440226	1	0	tensor(3)	1.8449626421083272
1.9	1.63	1.95	2.11	2.55	2.32	2.46	1.93	1.9	2.13	2.49	1.92	2.11	1.59	2.03	3.0	2.93	3.38	4.62	3.54	2.79	2.41	3.31	2.53	2.84	1.98	2.93	2.86	1.97	1.97	2.39	2.27	2.35	1.62	2.14	2.54	2.99	1.76	2.22	2.2	2.27	2.1	1.46	2.75	3.06	3.13	3.15	3.87	4.45	4.15	2.48	1.69	2.36	3.65	3.31	2.51	2.84	2.64	2.05	1.73	2.19	2.97	3.1	1.84	2.26	1.23	1.45	2.13	2.05	1.98	2.53	2.12	2.11	2.98	3.49	2.42	3.08	3.32	2.29	1.59	2.27	2.25	1.63	1.76	3.06	3.76	1.97	1.86	1.97	3.26	2.53	2.51	2.51	1.97	2.22	2.34	3.37	3.67	4.49	5.17	5.21	4.52	3.78	3.19	1.55	2.73	3.13	3.64	4.05	4.39	3.31	2.09	1.45	1.89	2.04	2.95	3.39	3.44	2.02	1.8	2.26	3.45	3.87	4.03	1.8	3.01	1.75	1.83	2.4	1.93	2.39	2.29	2.11	1.96	1.98	1.54	2.58	3.73	5.02	4.44	2.63	2.26	1.7	2.98	3.06	3.08	2.73	2.64	3.51	2.0	1.9	1.63	1.95	2.11	2.55	2.32	2.46	1.93	1.9	2.13	2.49	1.92	2.11	1.59	2.03	3.0	2.93	3.38	4.62	3.54	2.79	2.41	3.31	2.53	2.84	1.98	2.93	2.86	1.97	1.97	2.39	2.27	2.35	1.62	2.14	2.54	2.99	1.76	2.22	2.2	2.27	2.1	1.46	2.75	3.06	3.13	3.15	3.87	4.45	4.15	2.48	1.69	2.36	3.65	3.31	2.51	2.84	2.64	2.05	1.73	2.19	2.97	3.1	1.84	2.26	1.23	1.45	2.13	2.05	1.98	2.53	2.12	2.11	2.98	3.49	2.42	3.08	3.32	2.29	1.59	2.27	2.25	1.63	1.76	3.06	3.76	1.97	1.86	1.97	3.26	2.53	2.51	2.51	1.97	2.22	2.34	3.37	3.67	4.49	5.17	5.21	4.52	3.78	3.19	1.55	2.73	3.13	3.64	4.05	4.39	3.31	2.09	1.45	1.89	2.04	2.95	3.39	3.44	2.02	1.8	2.26	3.45	3.87	4.03	1.8	3.01	1.75	1.83	2.4	1.93	2.39	2.29	2.11	1.96	1.98	1.54	2.58	3.73	5.02	4.44	2.63	2.26	1.7	2.98	3.06	3.08	2.73	2.64	3.51	2.0	1.9	1.63	1.95	2.11	2.55
1.0	2.0	3.0	4.0	5.0	6.0	7.0	8.0	9.0	10.0	11.0	12.0	13.0	14.0	15.0	16.0	17.0	18.0	19.0	20.0	21.0	22.0	23.0	24.0	25.0	26.0	27.0	28.0	29.0	30.0	31.0	32.0	33.0	34.0	35.0	36.0	37.0	38.0	39.0	40.0	41.0	42.0	43.0	44.0	45.0	46.0	47.0	48.0	49.0	50.0	51.0	52.0	53.0	54.0	55.0	56.0	57.0	58.0	59.0	60.0	61.0	62.0	63.0	64.0	65.0	66.0	67.0	68.0	69.0	70.0	71.0	72.0	73.0	74.0	75.0	76.0	77.0	78.0	79.0	80.0	81.0	82.0	83.0	84.0	85.0	86.0	87.0	88.0	89.0	90.0	91.0	92.0	93.0	94.0	95.0	96.0	97.0	98.0	99.0	100.0	101.0	102.0	103.0	104.0	105.0	106.0	107.0	108.0	109.0	110.0	111.0	112.0	113.0	114.0	115.0	116.0	117.0	118.0	119.0	120.0	121.0	122.0	123.0	124.0	125.0	126.0	127.0	128.0	129.0	130.0	131.0	132.0	133.0	134.0	135.0	136.0	137.0	138.0	139.0	140.0	141.0	142.0	143.0	144.0	145.0	146.0	147.0	148.0	149.0	149.0	150.0	151.0	152.0	153.0	154.0	155.0	156.0	157.0	158.0	159.0	160.0	161.0	162.0	163.0	164.0	165.0	166.0	167.0	168.0	169.0	170.0	171.0	172.0	173.0	174.0	175.0	176.0	177.0	178.0	179.0	180.0	181.0	182.0	183.0	184.0	185.0	186.0	187.0	188.0	189.0	190.0	191.0	192.0	193.0	194.0	195.0	196.0	197.0	198.0	199.0	200.0	201.0	202.0	203.0	204.0	205.0	206.0	207.0	208.0	209.0	210.0	211.0	212.0	213.0	214.0	215.0	216.0	217.0	218.0	219.0	220.0	221.0	222.0	223.0	224.0	225.0	226.0	227.0	228.0	229.0	230.0	231.0	232.0	233.0	234.0	235.0	236.0	237.0	238.0	239.0	240.0	241.0	242.0	243.0	244.0	245.0	246.0	247.0	248.0	249.0	250.0	251.0	252.0	253.0	254.0	255.0	256.0	257.0	258.0	259.0	260.0	261.0	262.0	263.0	264.0	265.0	266.0	267.0	268.0	269.0	270.0	271.0	272.0	273.0	274.0	275.0	276.0	277.0	278.0	279.0	280.0	281.0	282.0	283.0	284.0	285.0	286.0	287.0	288.0	289.0	290.0	291.0	292.0	293.0	294.0	295.0	296.0	297.0	298.0	298.0	299.0	300.0	301.0	302.0	303.0
3558.190047753348
