3927.4662102059438	300.0	2000.0	352.25131639223906	0	0.0	3927.4662102059438	1	0	tensor(3)	-2.5209993119472602
4950.6344432634605	1000.0	1976.8317669424823	0.0	0	0.0	3927.466210205943	1	0	tensor(3)	-0.4372902800662404
6389.862252059324	1000.0	1537.6039581466198	0.0	0	0.0	3927.4662102059438	1	0	tensor(3)	0.7666825242596955
7044.32896785847	1000.0	1883.137242347475	0.0	0	0.0	3927.466210205944	1	0	tensor(3)	0.7666825242596955
7602.610955038833	1000.0	2324.855255167112	0.0	0	0.0	3927.466210205945	1	0	tensor(3)	0.7666825242596951
8737.208533563577	2000.0	2190.257676642368	0.0	0	0.0	3927.4662102059456	1	0	tensor(3)	0.7666825242596951
10303.87487715259	2000.0	1623.591333053354	0.0	0	0.0	3927.4662102059447	1	0	tensor(3)	1.4598297048196405
11125.102795683923	2000.0	1802.3634145220217	0.0	0	0.0	3927.4662102059456	1	0	tensor(3)	1.45982970481964
12828.559461795254	2000.0	1098.9067484106913	0.0	0	0.0	3927.4662102059447	1	0	tensor(3)	1.4598297048196405
13443.077284971409	1000.0	1484.3889252345386	0.0	0	0.0	1927.4662102059447	1	0	tensor(6)	-5.546279362122574
14219.25215792552	1000.0	1708.2140522804266	0.0	0	0.0	1927.4662102059447	1	0	tensor(3)	1.1468678184373706
15810.383929873626	2000.0	1117.0822803323208	0.0	0	0.0	1927.4662102059447	1	0	tensor(3)	1.1468678184373706
17228.78436013046	1000.0	698.6818500754852	0.0	0	0.0	1927.4662102059428	1	0	tensor(3)	0.45372063787742556
18103.942281327312	500.0	823.5239288786321	0.0	0	0.0	1927.4662102059428	1	0	tensor(3)	-0.23942654268252023
18512.342155719653	500.0	1415.1240544862906	0.0	0	0.0	1927.466210205941	1	0	tensor(3)	0.45372063787742545
20185.723113392272	1000.0	741.7430968136741	0.0	0	0.0	1927.466210205941	1	0	tensor(3)	0.45372063787742556
20567.598776954837	500.0	1359.8674332511066	0.0	0	0.0	1927.466210205941	1	0	tensor(3)	-0.23942654268251987
21488.102831399658	1000.0	1439.3633788062864	0.0	0	0.0	1927.466210205941	1	0	tensor(3)	0.45372063787742556
22480.7201495879	1000.0	1446.7460606180466	0.0	0	0.0	1927.4662102059447	1	0	tensor(3)	1.1468678184373706
23200.0	1000.0	1727.466210205953	0.0	0	99.3227519151551	1927.4662102059483	1	0	tensor(3)	1.1468678184373704
24200.0	1000.0	1727.4662102059508	0.0	0	371.3662515753422	1927.4662102059483	1	0	tensor(3)	1.1468678184373704
25200.0	2000.0	1727.4662102059542	0.0	0	120.41785547984182	1927.4662102059483	1	0	tensor(3)	1.1468678184373704
26420.253412335012	2000.0	1507.2127978709423	0.0	0	0.0	1927.4662102059483	1	0	tensor(3)	1.8400149989973156
27200.0	2000.0	1727.466210205953	0.0	0	54.45199418611446	1927.4662102059483	1	0	tensor(3)	1.8400149989973156
28200.0	2000.0	1727.4662102059565	0.0	0	267.59721349784013	1927.4662102059483	1	0	tensor(3)	1.8400149989973156
29388.539820880116	3000.0	1538.9263893258374	0.0	0	0.0	1927.4662102059447	1	0	tensor(3)	1.840014998997316
30608.853206558146	2000.0	1318.6130036478082	0.0	0	0.0	1927.4662102059447	1	0	tensor(3)	1.4345498908891512
31820.55456085598	2000.0	1106.9116493499696	0.0	0	0.0	1927.4662102059483	1	0	tensor(3)	1.8400149989973156
32566.95271099073	1000.0	1360.5134992152205	0.0	0	0.0	1927.466210205952	1	0	tensor(3)	0.45372063787742495
33563.42157316811	2000.0	1364.0446370378397	0.0	0	0.0	1927.4662102059556	1	0	tensor(3)	1.14686781843737
34899.383412212504	2000.0	1028.082797993448	0.0	0	0.0	1927.4662102059592	1	0	tensor(3)	1.8400149989973147
35625.20520256078	1000.0	1302.2610076451715	0.0	0	0.0	1927.4662102059592	1	0	tensor(3)	0.4537206378774245
36424.66992657073	1000.0	1502.7962836352228	0.0	0	0.0	1927.4662102059665	1	0	tensor(3)	1.146867818437369
38033.6688782818	2000.0	893.7973319241422	0.0	0	0.0	1927.4662102059665	1	0	tensor(3)	1.1468678184373693
38744.09980726202	1000.0	1183.3664029439217	0.0	0	0.0	1927.4662102059665	1	0	tensor(3)	0.453720637877424
39459.23047855924	1000.0	1468.2357316466985	0.0	0	0.0	1927.4662102059665	1	0	tensor(3)	1.146867818437369
40375.03168985683	1000.0	1552.43452034912	0.0	0	0.0	1927.4662102059665	1	0	tensor(3)	1.146867818437369
41200.0	1000.0	1727.4662102059524	0.0	0	53.22002986040752	1927.4662102059665	1	0	tensor(3)	1.146867818437369
42200.0	1000.0	1727.4662102059597	0.0	0	102.93387266700302	1927.4662102059738	1	0	tensor(3)	1.1468678184373688
43200.0	1000.0	1727.466210205957	0.0	0	309.0859610584521	1927.4662102059665	1	0	tensor(3)	1.146867818437369
44200.0	1000.0	1727.4662102059572	0.0	0	285.17378253576317	1927.4662102059665	1	0	tensor(3)	1.146867818437369
45200.0	1000.0	1727.4662102059522	0.0	0	363.3413396158285	1927.4662102059665	1	0	tensor(3)	1.146867818437369
46200.0	1000.0	1727.4662102059517	0.0	0	601.6717648448757	1927.4662102059592	1	0	tensor(3)	1.1468678184373697
48066.100264389665	2000.0	861.3659458162938	0.0	0	0.0	1927.4662102059592	1	0	tensor(3)	1.1468678184373695
48761.53711408467	1000.0	1165.9290961212964	0.0	0	0.0	1927.4662102059592	1	0	tensor(3)	0.4537206378774245
49720.12361064926	1000.0	1207.3425995567122	0.0	0	0.0	1927.4662102059592	1	0	tensor(3)	1.1468678184373697
50614.03780413104	1000.0	1313.4284060749255	0.0	0	0.0	1927.4662102059665	1	0	tensor(3)	1.146867818437369
51846.7190369743	1000.0	1080.7471732316633	0.0	0	0.0	1927.4662102059665	1	0	tensor(3)	1.146867818437369
52490.19416779609	500.0	1437.2720424098627	0.0	0	0.0	1927.4662102059665	1	0	tensor(3)	-0.23942654268252153
53986.23688363758	1000.0	941.2293265683768	0.0	0	0.0	1927.4662102059665	1	0	tensor(3)	0.4537206378774238
55024.09364154883	500.0	903.3725686571216	0.0	0	0.0	1927.4662102059665	1	0	tensor(3)	-0.23942654268252153
55594.46902846201	500.0	1332.9971817439457	0.0	0	0.0	1927.4662102059592	1	0	tensor(3)	0.45372063787742417
56376.91634019796	1000.0	1550.5498700079988	0.0	0	0.0	1927.4662102059592	1	0	tensor(3)	0.4537206378774243
57351.91310083819	1000.0	1575.553109367757	0.0	0	0.0	1927.4662102059592	1	0	tensor(3)	1.1468678184373697
58609.129368895636	1000.0	1318.336841310312	0.0	0	0.0	1927.4662102059592	1	0	tensor(3)	1.1468678184373697
59362.82995145042	1000.0	1564.636258755531	0.0	0	0.0	1927.4662102059665	1	0	tensor(3)	1.146867818437369
60419.400632897574	1000.0	1508.0655773083763	0.0	0	0.0	1927.4662102059665	1	0	tensor(3)	1.146867818437369
61632.12012770696	1000.0	1295.346082498991	0.0	0	0.0	1927.4662102059665	1	0	tensor(3)	1.146867818437369
62494.683880463475	1000.0	1432.782329742487	0.0	0	0.0	1927.4662102059738	1	0	tensor(3)	1.1468678184373688
63468.49858279442	1000.0	1458.967627411545	0.0	0	0.0	1927.4662102059665	1	0	tensor(3)	1.146867818437369
64392.239192838635	1000.0	1535.2270173673267	0.0	0	0.0	1927.4662102059665	1	0	tensor(3)	1.146867818437369
65200.0	1000.0	1727.4662102059592	0.0	0	12.3220452908281	1927.4662102059665	1	0	tensor(3)	1.146867818437369
66200.0	1000.0	1727.4662102059622	0.0	0	217.7566735479777	1927.4662102059592	1	0	tensor(3)	1.1468678184373693
67200.0	1000.0	1727.4662102059667	0.0	0	322.4500196491281	1927.4662102059665	1	0	tensor(3)	1.146867818437369
68409.3269869638	2000.0	1518.139223242156	0.0	0	0.0	1927.4662102059665	1	0	tensor(3)	1.1468678184373693
69943.31978194686	2000.0	984.146428259094	0.0	0	0.0	1927.4662102059665	1	0	tensor(3)	1.8400149989973145
70666.81950393593	1000.0	1260.6467062700242	0.0	0	0.0	1927.466210205981	1	0	tensor(3)	0.453720637877423
71919.15214080854	2000.0	1008.3140693974175	0.0	0	0.0	1927.466210205981	1	0	tensor(3)	1.1468678184373682
72883.45842376638	2000.0	1044.007786439573	0.0	0	0.0	1927.466210205981	1	0	tensor(3)	1.8400149989973134
73677.37551523316	1000.0	1250.0906949727848	0.0	0	0.0	1927.466210205981	1	0	tensor(3)	0.453720637877423
74276.982346832	1000.0	1650.4838633739387	0.0	0	0.0	1927.466210205981	1	0	tensor(3)	1.1468678184373682
75643.98631768503	2000.0	1283.479892520908	0.0	0	0.0	1927.466210205981	1	0	tensor(3)	1.1468678184373682
76429.37454514371	1000.0	1498.0916650622391	0.0	0	0.0	1927.466210205981	1	0	tensor(3)	0.453720637877423
77498.81390105635	1000.0	1428.6523091496176	0.0	0	0.0	1927.466210205981	1	0	tensor(3)	1.1468678184373682
78296.95010921296	1000.0	1630.5161009929996	0.0	0	0.0	1927.466210205981	1	0	tensor(3)	1.1468678184373682
79200.0	2000.0	1727.466210205971	0.0	0	71.83195510087535	1927.466210205981	1	0	tensor(3)	1.1468678184373682
80424.58726732917	2000.0	1502.8789428768057	0.0	0	0.0	1927.4662102059665	1	0	tensor(3)	1.8400149989973145
81286.36970892597	2000.0	1641.0965012799822	0.0	0	0.0	1927.4662102059665	1	0	tensor(3)	1.8400149989973145
82867.40362717387	2000.0	1060.0625830320716	0.0	0	0.0	1927.466210205952	1	0	tensor(3)	1.8400149989973151
83665.28152916156	1000.0	1262.1846810443863	0.0	0	0.0	1927.466210205952	1	0	tensor(3)	0.45372063787742495
84741.9266121468	2000.0	1185.539598059122	0.0	0	0.0	1927.4662102059374	1	0	tensor(3)	1.146867818437371
85349.7995288768	1000.0	1577.6666813291338	0.0	0	0.0	1927.4662102059374	1	0	tensor(3)	0.45372063787742595
86200.0	1000.0	1727.4662102059415	0.0	0	145.2407401958335	1927.4662102059374	1	0	tensor(3)	1.146867818437371
87200.0	1000.0	1727.4662102059217	0.0	0	80.90939523844281	1927.4662102059374	1	0	tensor(3)	1.146867818437371
88200.0	1000.0	1727.4662102059165	0.0	0	449.16474488309177	1927.4662102059374	1	0	tensor(3)	1.146867818437371
89200.0	1000.0	1727.466210205921	0.0	0	89.57835723135213	1927.4662102059374	1	0	tensor(3)	1.146867818437371
90200.0	1000.0	1727.466210205916	0.0	0	402.9075583485246	1927.466210205952	1	0	tensor(3)	1.1468678184373702
92397.66688804128	2000.0	529.7993221646204	0.0	0	0.0	1927.466210205952	1	0	tensor(3)	1.1468678184373702
93269.56965880748	1000.0	657.8965513984208	0.0	0	0.0	1927.466210205952	1	0	tensor(3)	0.45372063787742495
93832.00312767438	1000.0	1095.4630825315066	0.0	0	0.0	1927.466210205952	1	0	tensor(3)	1.1468678184373702
94342.41739246013	1000.0	1585.0488177457623	0.0	0	0.0	1927.466210205952	1	0	tensor(3)	1.1468678184373702
95674.86353326683	2000.0	1252.6026769390674	0.0	0	0.0	1927.4662102059665	1	0	tensor(3)	1.1468678184373693
97021.1260668631	2000.0	906.3401433428066	0.0	0	0.0	1927.4662102059665	1	0	tensor(3)	1.8400149989973145
98640.23079565034	1000.0	350.7871555996219	63.5517410440462	0	0.0	1991.0179512499599	1	0	tensor(3)	0.06895618201173576
99382.45423615015	1000.0	666.7844510325845	58.22073593277952	0	0.0	2049.238687182733	1	0	tensor(3)	0.7890314539113338
99883.60430215704	1000.0	1165.6343850256999	0.0	0	0.0	2049.238687182733	1	0	tensor(3)	1.1383558695080107
100530.5751991605	1000.0	1518.663488022231	0.0	0	0.0	2049.2386871827475	1	0	tensor(3)	1.1383558695080098
101835.76674836129	2000.0	1213.4719388214585	0.0	0	0.0	2049.238687182762	1	0	tensor(3)	1.1383558695080087
102410.60601434238	1000.0	1638.632672840357	0.0	0	0.0	2049.238687182762	1	0	tensor(3)	0.44520868894806354
103525.25974043824	2000.0	1523.9789467444878	0.0	0	0.0	2049.238687182762	1	0	tensor(3)	1.1383558695080087
105170.72600491879	2000.0	878.5126822639367	0.0	0	0.0	2049.238687182762	1	0	tensor(3)	1.8315030500679539
105741.30728701154	1000.0	1307.9314001711778	0.0	0	0.0	2049.238687182762	1	0	tensor(3)	0.44520868894806354
106662.9837646409	2000.0	1386.2549225418325	0.0	0	0.0	2049.238687182762	1	0	tensor(3)	1.1383558695080087
107484.09464211078	1000.0	1565.1440450719385	0.0	0	0.0	2049.2386871827475	1	0	tensor(3)	0.44520868894806465
108582.3055805325	1000.0	1466.9331066502257	0.0	0	0.0	2049.2386871827475	1	0	tensor(3)	1.1383558695080098
109317.96727433181	1000.0	1731.2714128509147	0.0	0	0.0	2049.2386871827475	1	0	tensor(3)	1.1383558695080098
110455.85523031405	1000.0	1593.3834568686711	0.0	0	0.0	2049.238687182733	1	0	tensor(3)	1.1383558695080107
111256.85995266832	1000.0	1792.378734514392	0.0	0	0.0	2049.238687182733	1	0	tensor(3)	1.1383558695080107
112200.0	1000.0	1849.2386871827186	0.0	0	118.28571833432943	2049.238687182733	1	0	tensor(3)	1.1383558695080107
113236.34091701693	1000.0	1812.8977701658002	0.0	0	0.0	2049.238687182733	1	0	tensor(3)	1.1383558695080107
114512.27791476123	1000.0	1536.960772421501	0.0	0	0.0	2049.238687182733	1	0	tensor(3)	1.1383558695080107
115609.85189811868	1000.0	1439.3867890640495	0.0	0	0.0	2049.238687182733	1	0	tensor(3)	1.1383558695080107
116595.15249158694	1000.0	1454.08619559578	0.0	0	0.0	2049.238687182733	1	0	tensor(3)	1.1383558695080107
117482.28161604091	1000.0	1566.9570711417991	0.0	0	0.0	2049.238687182733	1	0	tensor(3)	1.1383558695080107
118939.0138318916	1000.0	1110.2248552911278	0.0	0	0.0	2049.238687182733	1	0	tensor(3)	1.1383558695080107
119811.19314290161	1000.0	1238.0455442811085	0.0	0	0.0	2049.238687182733	1	0	tensor(3)	1.1383558695080107
120480.72626515082	1000.0	1568.5124220319024	0.0	0	0.0	2049.238687182733	1	0	tensor(3)	1.1383558695080107
121200.0	1000.0	1849.2386871827114	0.0	0	120.34812448930461	2049.238687182733	1	0	tensor(3)	1.1383558695080107
122435.016686281	2000.0	1614.2220009017135	0.0	0	0.0	2049.238687182733	1	0	tensor(3)	1.138355869508011
123335.16094700081	1000.0	1714.077740181889	0.0	0	0.0	2049.238687182733	1	0	tensor(3)	0.44520868894806565
124200.0	1000.0	1849.2386871827043	0.0	0	88.38217651154264	2049.238687182733	1	0	tensor(3)	1.1383558695080107
125272.93842384029	1000.0	1776.300263342404	0.0	0	0.0	2049.238687182733	1	0	tensor(3)	1.1383558695080107
126200.0	1000.0	1849.238687182682	0.0	0	178.3343902251363	2049.238687182733	1	0	tensor(3)	1.1383558695080107
127200.0	1000.0	1849.2386871826718	0.0	0	287.2171825043479	2049.238687182733	1	0	tensor(3)	1.1383558695080107
128200.0	1000.0	1849.238687182683	0.0	0	136.42504154436756	2049.238687182733	1	0	tensor(3)	1.1383558695080107
129206.49206583781	1000.0	1842.7466213448795	0.0	0	0.0	2049.238687182733	1	0	tensor(3)	1.1383558695080107
130200.0	1000.0	1849.238687182687	0.0	0	575.5301918476616	2049.238687182733	1	0	tensor(3)	1.1383558695080107
131714.19420380233	2000.0	1335.0444833803706	0.0	0	0.0	2049.238687182762	1	0	tensor(3)	1.1383558695080098
132485.42792689698	1000.0	1563.8107602856871	0.0	0	0.0	2049.238687182733	1	0	tensor(3)	0.44520868894806487
133489.02478101494	2000.0	1560.2139061677237	0.0	0	0.0	2049.2386871827475	1	0	tensor(3)	1.1383558695080103
134200.0	1000.0	1849.2386871826925	0.0	0	169.67134455562336	2049.2386871827766	1	0	tensor(3)	0.4452086889480624
135200.0	1000.0	1849.238687182688	0.0	0	356.88675940362737	2049.2386871827766	1	0	tensor(3)	1.1383558695080076
136411.10360398563	1000.0	1638.13508319703	0.0	0	0.0	2049.2386871827475	1	0	tensor(3)	1.1383558695080098
137387.91434877773	1000.0	1661.324338404896	0.0	0	0.0	2049.2386871827184	1	0	tensor(3)	1.1383558695080118
138200.0	1000.0	1849.238687182642	0.0	0	206.47412489564158	2049.2386871827184	1	0	tensor(3)	1.1383558695080118
139309.77271216465	2000.0	1739.4659750179908	0.0	0	0.0	2049.2386871827184	1	0	tensor(3)	1.1383558695080116
140994.10287471852	2000.0	1055.1358124641247	0.0	0	0.0	2049.2386871826893	1	0	tensor(3)	1.8315030500679592
141764.10902392492	1000.0	1285.1296632577105	0.0	0	0.0	2049.2386871826893	1	0	tensor(3)	0.4452086889480689
142359.868887601	1000.0	1689.369799581617	0.0	0	0.0	2049.2386871827184	1	0	tensor(3)	1.1383558695080118
143615.05542115486	2000.0	1434.1832660277487	0.0	0	0.0	2049.2386871827184	1	0	tensor(3)	1.1383558695080116
144504.20054326305	2000.0	1545.0381439195621	0.0	0	0.0	2049.2386871827184	1	0	tensor(3)	1.831503050067957
145530.51818029623	2000.0	1518.7205068863932	0.0	0	0.0	2049.2386871827184	1	0	tensor(3)	1.831503050067957
146403.5950693008	1000.0	1645.643617881874	0.0	0	0.0	2049.2386871827184	1	0	tensor(3)	0.44520868894806676
147605.62455174862	2000.0	1443.6141354340364	0.0	0	0.0	2049.2386871827475	1	0	tensor(3)	1.1383558695080098
148514.6796408281	2000.0	1534.5590463545718	0.0	0	0.0	2049.2386871827475	1	0	tensor(3)	1.831503050067955
149280.89199902522	1000.0	1768.3466881574607	0.0	0	0.0	2049.2386871827475	1	0	tensor(3)	0.44520868894806465
150200.0	1000.0	1849.2386871826418	0.0	0	161.7821829013992	2049.2386871827475	1	0	tensor(3)	1.1383558695080098
151200.0	1000.0	1849.2386871826407	0.0	0	200.5596202823799	2049.2386871827475	1	0	tensor(3)	1.1383558695080098
152200.0	1000.0	1849.2386871826586	0.0	0	581.4284214346844	2049.2386871827475	1	0	tensor(3)	1.1383558695080098
154571.11963626288	2000.0	478.1190509197766	0.0	0	0.0	2049.2386871827475	1	0	tensor(3)	1.1383558695080098
155188.5961845834	500.0	860.6425025992856	0.0	0	0.0	2049.2386871827475	1	0	tensor(3)	-0.9410856721718264
156048.90995704953	1000.0	1000.3287301331401	0.0	0	0.0	2049.2386871827475	1	0	tensor(3)	0.4452086889480644
156546.1777019838	1000.0	1503.0609851988813	0.0	0	0.0	2049.2386871827184	1	0	tensor(3)	1.1383558695080118
157832.7553721582	2000.0	1216.4833150244694	0.0	0	0.0	2049.2386871826893	1	0	tensor(3)	1.1383558695080134
158984.68474363376	2000.0	1064.5539435489022	0.0	0	0.0	2049.2386871826893	1	0	tensor(3)	1.8315030500679592
159544.01286415718	1000.0	1505.2258230254859	0.0	0	0.0	2049.2386871826893	1	0	tensor(3)	0.4452086889480689
160569.02563883644	2000.0	1480.2130483462129	0.0	0	0.0	2049.2386871827184	1	0	tensor(3)	1.138355869508013
161547.038909273	1000.0	1502.1997779096598	0.0	0	0.0	2049.2386871827184	1	0	tensor(3)	0.44520868894806676
162200.0	1000.0	1849.238687182642	0.0	0	84.64872316786204	2049.2386871827184	1	0	tensor(3)	1.1383558695080118
163568.0364868118	2000.0	1481.202200370838	0.0	0	0.0	2049.2386871826893	1	0	tensor(3)	1.138355869508013
165333.9243008878	2000.0	715.3143862948433	0.0	0	0.0	2049.2386871826893	1	0	tensor(3)	1.8315030500679592
166040.08580022873	500.0	1009.1528869539092	0.0	0	0.0	2049.2386871826893	1	0	tensor(3)	-0.9410856721718219
167071.9352048777	1000.0	977.3034823049718	0.0	0	0.0	2049.2386871826893	1	0	tensor(3)	0.4452086889480687
168018.22370054896	1000.0	1031.0149866337247	0.0	0	0.0	2049.2386871826893	1	0	tensor(3)	1.138355869508014
169391.08042830927	1000.0	658.1582588733929	0.0	0	0.0	2049.2386871826893	1	0	tensor(3)	1.138355869508014
170003.81420538586	1000.0	1045.424481796802	0.0	0	0.0	2049.2386871827184	1	0	tensor(3)	1.1383558695080118
170962.59813910385	1000.0	1086.6405480787998	0.0	0	0.0	2049.2386871827184	1	0	tensor(3)	1.1383558695080118
171540.84839221608	1000.0	1508.3902949666076	0.0	0	0.0	2049.2386871827184	1	0	tensor(3)	1.1383558695080118
172270.39613977767	1000.0	1778.8425474049814	0.0	0	0.0	2049.2386871827184	1	0	tensor(3)	1.1383558695080118
173200.0	2000.0	1849.2386871826654	0.0	0	212.2076551070204	2049.2386871827184	1	0	tensor(3)	1.1383558695080116
174200.0	2000.0	1849.2386871827016	0.0	0	146.3796583014191	2049.2386871827184	1	0	tensor(3)	1.831503050067957
175374.70563554537	2000.0	1674.5330516373292	0.0	0	0.0	2049.2386871827184	1	0	tensor(3)	1.831503050067957
176200.0	2000.0	1849.2386871827275	0.0	0	100.59804489894304	2049.2386871827184	1	0	tensor(3)	1.831503050067957
177200.0	2000.0	1849.2386871827161	0.0	0	213.88619408156956	2049.2386871827184	1	0	tensor(3)	1.831503050067957
178759.47033963096	3000.0	1289.7683475517706	0.0	0	0.0	2049.2386871827184	1	0	tensor(3)	1.8315030500679574
180156.85515391905	2000.0	892.3835332636526	0.0	0	0.0	2049.2386871827184	1	0	tensor(3)	1.4260379419597924
181874.39963741295	2000.0	200.0	25.160950230281628	0	0.0	2074.3996374129783	1	0	tensor(3)	1.679506395679615
182607.86873623257	1000.0	645.8157859475339	179.28488476717803	0	0.0	2253.6845221801195	1	0	tensor(3)	-0.6472341154229844
184153.39609082646	2000.0	200.05183189762406	99.76340054394319	0	0.0	2353.4479227240954	1	0	tensor(3)	0.5141413028826112
184939.29682875064	1000.0	573.0117402526894	158.86064627921672	0	0.0	2512.308569003333	1	0	tensor(3)	-0.5511056936160228
185511.33544807203	1000.0	1000.9731209312815	0.0	0	0.0	2512.308569003333	1	0	tensor(3)	1.095205364619223
186525.12699866566	2000.0	987.1815703376463	0.0	0	0.0	2512.308569003333	1	0	tensor(3)	1.095205364619223
187449.8929738225	1000.0	1062.4155951808016	0.0	0	0.0	2512.308569003333	1	0	tensor(3)	0.40205818405927657
188238.70425141632	1000.0	1273.604317587013	0.0	0	0.0	2512.308569003362	1	0	tensor(3)	1.0952053646192224
188971.6410224222	1000.0	1540.6675465811093	0.0	0	0.0	2512.308569003362	1	0	tensor(3)	1.0952053646192197
189748.4032034015	1000.0	1763.905365601827	0.0	0	0.0	2512.308569003362	1	0	tensor(3)	1.0952053646192197
190637.06151420725	1000.0	1875.2470547960802	0.0	0	0.0	2512.3085690033913	1	0	tensor(3)	1.0952053646192164
191390.09425608304	1000.0	2122.214312920319	0.0	0	0.0	2512.3085690034204	1	0	tensor(3)	1.095205364619213
192286.87639459496	1000.0	2225.432174408376	0.0	0	0.0	2512.3085690033913	1	0	tensor(3)	1.0952053646192164
193204.92483547964	1000.0	2307.3837335237035	0.0	0	0.0	2512.3085690033913	1	0	tensor(3)	1.0952053646192164
194200.0	1000.0	2312.3085690033495	0.0	0	267.72793358244235	2512.3085690033913	1	0	tensor(3)	1.0952053646192164
195200.0	1000.0	2312.308569003347	0.0	0	456.1139107749332	2512.3085690033913	1	0	tensor(3)	1.0952053646192164
196813.70974767624	2000.0	1698.5988213271137	0.0	0	0.0	2512.308569003362	1	0	tensor(3)	1.0952053646192197
197989.66906447214	1000.0	1522.6395045312445	0.0	0	0.0	2512.308569003362	1	0	tensor(3)	0.40205818405927457
198824.7527219908	1000.0	1687.5558470125495	0.0	0	0.0	2512.308569003333	1	0	tensor(3)	1.095205364619223
199519.0812670019	1000.0	1993.2273020014532	0.0	0	0.0	2512.308569003362	1	0	tensor(3)	1.0952053646192197
200484.5682019671	1000.0	2027.7403670362223	0.0	0	0.0	2512.308569003333	1	0	tensor(3)	1.095205364619223
201417.83927082003	1000.0	2094.4692981832864	0.0	0	0.0	2512.308569003304	1	0	tensor(3)	1.0952053646192264
203114.51860380237	1000.0	1397.7899652009119	0.0	0	0.0	2512.308569003304	1	0	tensor(3)	1.0952053646192264
204551.52525094783	1000.0	960.7833180554328	0.0	0	0.0	2512.308569003304	1	0	tensor(3)	1.0952053646192264
205710.71820476657	1000.0	801.5903642366907	0.0	0	0.0	2512.308569003304	1	0	tensor(3)	1.0952053646192264
206229.2967049236	500.0	1283.0118640796472	0.0	0	0.0	2512.308569003304	1	0	tensor(3)	-0.2910889965006644
207342.12134618015	1000.0	1170.1872228230604	0.0	0	0.0	2512.308569003304	1	0	tensor(3)	0.402058184059281
208154.3501770183	1000.0	1357.9583919849301	0.0	0	0.0	2512.308569003304	1	0	tensor(3)	1.0952053646192264
209213.48364739466	1000.0	1298.8249216085414	0.0	0	0.0	2512.308569003304	1	0	tensor(3)	1.0952053646192264
210530.4420981895	1000.0	981.866470813708	0.0	0	0.0	2512.308569003275	1	0	tensor(3)	1.0952053646192297
211539.23815248304	1000.0	973.0704165201593	0.0	0	0.0	2512.308569003275	1	0	tensor(3)	1.0952053646192297
212119.57589427332	1000.0	1392.7326747298525	0.0	0	0.0	2512.308569003275	1	0	tensor(3)	1.0952053646192297
213092.3812395399	1000.0	1419.9273294632565	0.0	0	0.0	2512.308569003275	1	0	tensor(3)	1.0952053646192297
214047.60557068605	1000.0	1464.702998317131	0.0	0	0.0	2512.308569003275	1	0	tensor(3)	1.0952053646192297
214846.46519792726	1000.0	1665.8433710759373	0.0	0	0.0	2512.308569003275	1	0	tensor(3)	1.0952053646192297
215512.52816902482	1000.0	1999.7803999783837	0.0	0	0.0	2512.308569003275	1	0	tensor(3)	1.0952053646192297
216353.15101510077	2000.0	2159.1575539024248	0.0	0	0.0	2512.308569003275	1	0	tensor(3)	1.0952053646192297
217600.6427233445	2000.0	1911.665845658686	0.0	0	0.0	2512.308569003246	1	0	tensor(3)	1.7883525451791782
218572.18231847405	2000.0	1940.1262505291434	0.0	0	0.0	2512.308569003246	1	0	tensor(3)	1.7883525451791782
219505.78252285483	1000.0	2006.5260461483238	0.0	0	0.0	2512.3085690032167	1	0	tensor(3)	0.4020581840592906
220528.9688994632	2000.0	1983.3396695399579	0.0	0	0.0	2512.308569003246	1	0	tensor(3)	1.0952053646192343
222058.52509441087	2000.0	1453.783474592281	0.0	0	0.0	2512.308569003246	1	0	tensor(3)	1.7883525451791782
222850.5071903609	1000.0	1661.8013786422453	0.0	0	0.0	2512.3085690032167	1	0	tensor(3)	0.4020581840592913
223853.59461874395	2000.0	1658.7139502591942	0.0	0	0.0	2512.3085690032167	1	0	tensor(3)	1.0952053646192363
225388.1723511073	2000.0	1124.1362178958623	0.0	0	0.0	2512.308569003246	1	0	tensor(3)	1.7883525451791782
226530.53567448174	1000.0	981.7728945214001	0.0	0	0.0	2512.308569003246	1	0	tensor(3)	0.4020581840592879
227237.79444245016	1000.0	1274.5141265529787	0.0	0	0.0	2512.308569003246	1	0	tensor(3)	1.095205364619233
228076.72777515888	2000.0	1435.5807938442588	0.0	0	0.0	2512.308569003246	1	0	tensor(3)	1.095205364619233
229076.83933416457	2000.0	1435.4692348385663	0.0	0	0.0	2512.308569003246	1	0	tensor(3)	1.7883525451791782
230037.40105605268	2000.0	1474.907512950485	0.0	0	0.0	2512.3085690032167	1	0	tensor(3)	1.7883525451791815
231060.6024427263	2000.0	1451.7061262769084	0.0	0	0.0	2512.3085690032167	1	0	tensor(3)	1.7883525451791815
232902.0502936274	2000.0	610.2582753758081	0.0	0	0.0	2512.308569003246	1	0	tensor(3)	1.7883525451791782
233583.74425548964	1000.0	928.5643135135376	0.0	0	0.0	2512.3085690032167	1	0	tensor(3)	0.4020581840592913
234312.7856035507	1000.0	1199.5229654524935	0.0	0	0.0	2512.308569003275	1	0	tensor(3)	1.0952053646192317
234928.7495821144	1000.0	1583.5589868887787	0.0	0	0.0	2512.308569003246	1	0	tensor(3)	1.095205364619233
235992.4982014394	1000.0	1519.8103675637772	0.0	0	0.0	2512.308569003246	1	0	tensor(3)	1.095205364619233
236587.47184519723	1000.0	1924.8367238059238	0.0	0	0.0	2512.308569003275	1	0	tensor(3)	1.0952053646192297
237463.1034304571	1000.0	2049.2051385460645	0.0	0	0.0	2512.308569003246	1	0	tensor(3)	1.0952053646192317
238300.54656141426	1000.0	2211.76200758889	0.0	0	0.0	2512.308569003246	1	0	tensor(3)	1.095205364619233
239200.0	1000.0	2312.308569003134	0.0	0	232.7508111022762	2512.308569003246	1	0	tensor(3)	1.095205364619233
240200.0	1000.0	2312.308569003135	0.0	0	176.96586812430178	2512.308569003246	1	0	tensor(3)	1.095205364619233
241200.0	1000.0	2312.3085690031226	0.0	0	103.04702428629389	2512.308569003246	1	0	tensor(3)	1.095205364619233
242200.0	1000.0	2312.3085690030985	0.0	0	140.94404094156926	2512.308569003246	1	0	tensor(3)	1.095205364619233
243200.0	1000.0	2312.3085690030803	0.0	0	492.231662239501	2512.308569003246	1	0	tensor(3)	1.095205364619233
244505.28282641427	2000.0	2007.0257425887912	0.0	0	0.0	2512.308569003246	1	0	tensor(3)	1.095205364619233
246415.58582976946	2000.0	1096.722739233603	0.0	0	0.0	2512.308569003246	1	0	tensor(3)	1.7883525451791782
247591.40055688343	1000.0	920.9080121196467	0.0	0	0.0	2512.308569003246	1	0	tensor(3)	0.4020581840592879
248505.02983691733	1000.0	1007.2787320857325	0.0	0	0.0	2512.308569003246	1	0	tensor(3)	1.095205364619233
249618.90533087633	2000.0	893.4032381267148	0.0	0	0.0	2512.308569003246	1	0	tensor(3)	1.095205364619233
250745.90704211788	2000.0	766.4015268851739	0.0	0	0.0	2512.308569003246	1	0	tensor(3)	1.7883525451791782
251592.16111494767	1000.0	920.1474540554043	0.0	0	0.0	2512.3085690032167	1	0	tensor(3)	0.4020581840592913
253198.2000601618	2000.0	314.1085088412905	0.0	0	0.0	2512.308569003246	1	0	tensor(3)	1.095205364619233
253886.85395698188	1000.0	646.3700053184773	20.915393297290507	0	0.0	2533.2239623005153	1	0	tensor(3)	0.2741338321303348
254587.55717130107	1000.0	945.6667909992942	0.0	0	0.0	2533.223962300486	1	0	tensor(3)	1.0927733724740265
255386.9002178707	2000.0	1146.3237444296838	0.0	0	0.0	2533.223962300486	1	0	tensor(3)	1.0927733724740265
256138.03460371506	1000.0	1395.189358585306	0.0	0	0.0	2533.223962300486	1	0	tensor(3)	0.3996261919140814
257241.7025676123	1000.0	1291.5213946881013	0.0	0	0.0	2533.223962300486	1	0	tensor(3)	1.0927733724740265
258140.65473147435	1000.0	1392.5692308260375	0.0	0	0.0	2533.2239623005153	1	0	tensor(3)	1.0927733724740232
258933.20519097883	1000.0	1600.0187713215578	0.0	0	0.0	2533.2239623005153	1	0	tensor(3)	1.0927733724740232
259799.07250180788	1000.0	1734.1514604925019	0.0	0	0.0	2533.223962300486	1	0	tensor(3)	1.0927733724740265
260367.2258871069	1000.0	2165.9980751934754	0.0	0	0.0	2533.223962300486	1	0	tensor(3)	1.0927733724740265
261200.0	1000.0	2333.223962300399	0.0	0	274.1752593855781	2533.2239623005153	1	0	tensor(3)	1.0927733724740232
262456.21621820936	1000.0	2077.0077440909845	0.0	0	0.0	2533.223962300428	1	0	tensor(3)	1.09277337247403
263200.0	1000.0	2333.2239623003065	0.0	0	13.60184220224619	2533.2239623003697	1	0	tensor(3)	1.0927733724740367
264594.4714169258	1000.0	1938.7525453744897	0.0	0	0.0	2533.2239623003115	1	0	tensor(3)	1.0927733724740443
265850.59989232244	1000.0	1682.6240699777995	0.0	0	0.0	2533.2239623003406	1	0	tensor(3)	1.0927733724740436
266849.5232320935	1000.0	1683.7007302067743	0.0	0	0.0	2533.2239623003406	1	0	tensor(3)	1.0927733724740436
267873.4515702096	1000.0	1659.7723920906851	0.0	0	0.0	2533.2239623003406	1	0	tensor(3)	1.0927733724740436
268796.25236407836	1000.0	1736.9715982218875	0.0	0	0.0	2533.2239623003406	1	0	tensor(3)	1.0927733724740436
269566.02538313315	1000.0	1967.198579167048	0.0	0	0.0	2533.2239623003406	1	0	tensor(3)	1.0927733724740436
270200.0	1000.0	2333.223962300266	0.0	0	101.94155547244009	2533.2239623003406	1	0	tensor(3)	1.0927733724740436
272291.0500545479	2000.0	1242.1739077523605	0.0	0	0.0	2533.2239623003406	1	0	tensor(3)	1.0927733724740434
272927.17238088715	1000.0	1606.051581413144	0.0	0	0.0	2533.2239623003406	1	0	tensor(3)	0.3996261919140984
273885.72260861	1000.0	1647.5013536902861	0.0	0	0.0	2533.2239623003406	1	0	tensor(3)	1.0927733724740436
274654.1414728685	1000.0	1879.0824894318032	0.0	0	0.0	2533.223962300399	1	0	tensor(3)	1.0927733724740367
275215.0079738579	1000.0	2318.215988442416	0.0	0	0.0	2533.223962300399	1	0	tensor(3)	1.0927733724740367
276200.0	1000.0	2333.22396230031	0.0	0	78.4435261474573	2533.223962300399	1	0	tensor(3)	1.0927733724740367
277387.9869561724	1000.0	2145.2370061279353	0.0	0	0.0	2533.223962300457	1	0	tensor(3)	1.0927733724740298
278200.0	1000.0	2333.2239623003475	0.0	0	98.88776876742486	2533.223962300457	1	0	tensor(3)	1.0927733724740298
279200.0	1000.0	2333.2239623003456	0.0	0	269.68851784517756	2533.223962300457	1	0	tensor(3)	1.0927733724740298
280220.4244385053	2000.0	2312.7995237949904	0.0	0	0.0	2533.2239623005153	1	0	tensor(3)	1.0927733724740232
281620.3882973441	2000.0	1912.835664956145	0.0	0	0.0	2533.2239623005153	1	0	tensor(3)	1.7859205530339683
283272.25374224776	2000.0	1260.9702200524482	0.0	0	0.0	2533.223962300457	1	0	tensor(3)	1.785920553033975
284009.9408006261	1000.0	1523.2831616740796	0.0	0	0.0	2533.223962300457	1	0	tensor(3)	0.3996261919140847
284825.4830828373	1000.0	1707.7408794628786	0.0	0	0.0	2533.223962300399	1	0	tensor(3)	1.0927733724740367
286019.4323340023	1000.0	1513.7916282978397	0.0	0	0.0	2533.223962300399	1	0	tensor(3)	1.0927733724740367
286511.4233611492	1000.0	2021.800601150975	0.0	0	0.0	2533.223962300457	1	0	tensor(3)	1.0927733724740298
287625.8794344026	2000.0	1907.3445278975737	0.0	0	0.0	2533.223962300399	1	0	tensor(3)	1.0927733724740354
288656.4076402044	2000.0	1876.8163220957706	0.0	0	0.0	2533.223962300399	1	0	tensor(3)	1.785920553033982
289953.39977224276	2000.0	1579.8241900573994	0.0	0	0.0	2533.223962300399	1	0	tensor(3)	1.785920553033982
290647.8941737164	1000.0	1885.3297885837044	0.0	0	0.0	2533.223962300457	1	0	tensor(3)	0.3996261919140847
291371.8112200821	1000.0	2161.4127422180272	0.0	0	0.0	2533.223962300457	1	0	tensor(3)	1.0927733724740298
292535.39117102674	2000.0	1997.8327912733698	0.0	0	0.0	2533.223962300457	1	0	tensor(3)	1.0927733724740298
293511.91782370675	2000.0	2021.3061385933645	0.0	0	0.0	2533.223962300457	1	0	tensor(3)	1.785920553033975
294556.92055215075	2000.0	1976.3034101493217	0.0	0	0.0	2533.223962300399	1	0	tensor(3)	1.785920553033982
296113.9681565713	2000.0	1419.2558057286979	0.0	0	0.0	2533.2239623003406	1	0	tensor(3)	1.7859205530339886
297499.4002553553	2000.0	1033.8237069447146	0.0	0	0.0	2533.223962300399	1	0	tensor(3)	1.785920553033982
298764.6468394653	2000.0	768.5771228346941	0.0	0	0.0	2533.223962300399	1	0	tensor(3)	1.785920553033982
299769.89724305103	1000.0	763.3267192489349	0.0	0	0.0	2533.223962300399	1	0	tensor(3)	0.39962619191409166
300513.3260151224	1000.0	1019.8979471775139	0.0	0	0.0	2533.223962300399	1	0	tensor(3)	1.0927733724740367
301347.2139523012	2000.0	1186.010009998763	0.0	0	0.0	2533.223962300399	1	0	tensor(3)	1.0927733724740367
302367.46504797135	1000.0	1165.7589143285759	0.0	0	0.0	2533.2239623003406	1	0	tensor(3)	0.3996261919140944
303782.89729093434	1000.0	750.3266713655412	0.0	0	0.0	2533.2239623003406	1	0	tensor(3)	1.0927733724740436
0.88	1.09	0.73	1.22	1.99	2.12	1.04	1.95	0.88	1.55	1.33	2.05	0.87	0.7	0.8	1.01	0.65	1.42	1.22	1.49	2.14	2.31	2.15	2.19	2.91	1.82	2.18	1.77	1.25	1.46	1.83	1.55	1.66	1.87	1.49	1.29	1.24	1.37	1.53	1.17	1.22	1.3	2.15	1.46	1.1	1.17	1.03	1.42	0.8	0.88	0.67	0.67	1.23	1.02	0.85	0.98	1.25	0.85	1.23	1.36	1.08	1.27	1.63	1.98	2.15	1.88	1.14	1.62	1.81	1.62	1.54	1.64	1.42	1.1	1.33	2.34	2.2	2.05	1.69	1.15	1.7	1.6	1.29	1.07	1.69	1.3	1.55	1.11	1.16	1.37	1.69	2.19	1.71	1.03	0.52	1.0	1.8	2.51	1.32	1.93	1.38	1.32	2.2	1.19	1.18	1.1	1.12	1.36	1.47	0.93	1.04	0.75	1.0	1.14	0.81	0.93	1.58	1.85	1.38	1.05	1.25	1.1	1.44	1.34	0.94	1.26	1.95	1.62	1.53	1.81	1.47	1.22	1.08	1.16	1.81	2.24	1.67	1.09	1.19	1.63	2.55	2.44	1.26	1.44	2.04	1.76	1.17	1.26	2.22	0.95	0.88	1.09	0.73	1.22	1.99	2.12	1.04	1.95	0.88	1.55	1.33	2.05	0.87	0.7	0.8	1.01	0.65	1.42	1.22	1.49	2.14	2.31	2.15	2.19	2.91	1.82	2.18	1.77	1.25	1.46	1.83	1.55	1.66	1.87	1.49	1.29	1.24	1.37	1.53	1.17	1.22	1.3	2.15	1.46	1.1	1.17	1.03	1.42	0.8	0.88	0.67	0.67	1.23	1.02	0.85	0.98	1.25	0.85	1.23	1.36	1.08	1.27	1.63	1.98	2.15	1.88	1.14	1.62	1.81	1.62	1.54	1.64	1.42	1.1	1.33	2.34	2.2	2.05	1.69	1.15	1.7	1.6	1.29	1.07	1.69	1.3	1.55	1.11	1.16	1.37	1.69	2.19	1.71	1.03	0.52	1.0	1.8	2.51	1.32	1.93	1.38	1.32	2.2	1.19	1.18	1.1	1.12	1.36	1.47	0.93	1.04	0.75	1.0	1.14	0.81	0.93	1.58	1.85	1.38	1.05	1.25	1.1	1.44	1.34	0.94	1.26	1.95	1.62	1.53	1.81	1.47	1.22	1.08	1.16	1.81	2.24	1.67	1.09	1.19	1.63	2.55	2.44	1.26	1.44	2.04	1.76	1.17	1.26	2.22	0.95	0.88	1.09	0.73	1.22
1.0	2.0	3.0	4.0	5.0	6.0	7.0	8.0	9.0	10.0	11.0	12.0	13.0	14.0	15.0	16.0	17.0	18.0	19.0	20.0	21.0	22.0	23.0	24.0	25.0	26.0	27.0	28.0	29.0	30.0	31.0	32.0	33.0	34.0	35.0	36.0	37.0	38.0	39.0	40.0	41.0	42.0	43.0	44.0	45.0	46.0	47.0	48.0	49.0	50.0	51.0	52.0	53.0	54.0	55.0	56.0	57.0	58.0	59.0	60.0	61.0	62.0	63.0	64.0	65.0	66.0	67.0	68.0	69.0	70.0	71.0	72.0	73.0	74.0	75.0	76.0	77.0	78.0	79.0	80.0	81.0	82.0	83.0	84.0	85.0	86.0	87.0	88.0	89.0	90.0	91.0	92.0	93.0	94.0	95.0	96.0	97.0	98.0	99.0	100.0	101.0	102.0	103.0	104.0	105.0	106.0	107.0	108.0	109.0	110.0	111.0	112.0	113.0	114.0	115.0	116.0	117.0	118.0	119.0	120.0	121.0	122.0	123.0	124.0	125.0	126.0	127.0	128.0	129.0	130.0	131.0	132.0	133.0	134.0	135.0	136.0	137.0	138.0	139.0	140.0	141.0	142.0	143.0	144.0	145.0	146.0	147.0	148.0	149.0	149.0	150.0	151.0	152.0	153.0	154.0	155.0	156.0	157.0	158.0	159.0	160.0	161.0	162.0	163.0	164.0	165.0	166.0	167.0	168.0	169.0	170.0	171.0	172.0	173.0	174.0	175.0	176.0	177.0	178.0	179.0	180.0	181.0	182.0	183.0	184.0	185.0	186.0	187.0	188.0	189.0	190.0	191.0	192.0	193.0	194.0	195.0	196.0	197.0	198.0	199.0	200.0	201.0	202.0	203.0	204.0	205.0	206.0	207.0	208.0	209.0	210.0	211.0	212.0	213.0	214.0	215.0	216.0	217.0	218.0	219.0	220.0	221.0	222.0	223.0	224.0	225.0	226.0	227.0	228.0	229.0	230.0	231.0	232.0	233.0	234.0	235.0	236.0	237.0	238.0	239.0	240.0	241.0	242.0	243.0	244.0	245.0	246.0	247.0	248.0	249.0	250.0	251.0	252.0	253.0	254.0	255.0	256.0	257.0	258.0	259.0	260.0	261.0	262.0	263.0	264.0	265.0	266.0	267.0	268.0	269.0	270.0	271.0	272.0	273.0	274.0	275.0	276.0	277.0	278.0	279.0	280.0	281.0	282.0	283.0	284.0	285.0	286.0	287.0	288.0	289.0	290.0	291.0	292.0	293.0	294.0	295.0	296.0	297.0	298.0	298.0	299.0	300.0	301.0	302.0
3178.049527689673
