5579.712798467994	300.0	2000.0	155.84761394297746	0	0.0	3579.7127984679937	1	0	tensor(6)	-7.242220310049117
6566.4299485763895	3000.0	2013.2828498916033	0.0	0	0.0	3579.712798467993	1	0	tensor(3)	-0.31666438846387185
7601.637340874029	3000.0	1978.0754575939645	0.0	0	0.0	3579.7127984679937	1	0	tensor(3)	1.9859207045301734
9461.29602199967	3000.0	1118.4167764683264	0.0	0	0.0	3579.7127984679955	1	0	tensor(3)	1.9859207045301732
10387.034584096957	2000.0	1192.678214371038	0.0	0	0.0	3579.7127984679937	1	0	tensor(3)	1.1749904883138442
11452.419258994421	3000.0	1127.2935394735741	0.0	0	0.0	3579.7127984679955	1	0	tensor(3)	1.5804555964220088
12863.848510791837	3000.0	715.8642876761585	0.0	0	0.0	1579.7127984679955	1	0	tensor(6)	-3.7350754446841874
14143.26481954984	2000.0	436.44797891815483	0.0	0	0.0	1579.7127984679937	1	0	tensor(3)	1.4539943390994827
14565.728729127306	1000.0	1013.9840693406904	0.0	0	0.0	1579.7127984679937	1	0	tensor(3)	0.4731650860877571
15658.186423798812	2000.0	921.5263746691829	0.0	0	0.0	1579.712798467992	1	0	tensor(3)	1.1663122666477024
16661.48821885056	2000.0	918.2245796174358	0.0	0	0.0	1579.7127984679955	1	0	tensor(3)	1.8594594472076473
17844.164055062025	2000.0	735.5487434059717	0.0	0	0.0	1579.7127984679955	1	0	tensor(3)	1.8594594472076473
18728.676531547062	2000.0	851.0362669209336	0.0	0	0.0	1579.7127984679937	1	0	tensor(3)	1.8594594472076473
19864.839961409947	2000.0	714.8728370580491	0.0	0	0.0	1579.7127984679973	1	0	tensor(3)	1.8594594472076473
20764.298935310944	2000.0	815.4138631570543	0.0	0	0.0	1579.7127984679973	1	0	tensor(3)	1.8594594472076473
21448.069028054288	2000.0	1131.6437704137047	0.0	0	0.0	1579.7127984679937	1	0	tensor(3)	1.8594594472076473
22760.197221600178	2000.0	819.515576867815	0.0	0	0.0	1579.7127984679937	1	0	tensor(3)	1.8594594472076473
23515.586101057335	2000.0	1064.1266974106609	0.0	0	0.0	1579.7127984679937	1	0	tensor(3)	1.8594594472076473
24223.697319613377	2000.0	1356.0154788546186	0.0	0	0.0	1579.7127984679937	1	0	tensor(3)	1.8594594472076473
25810.43543391197	2000.0	769.2773645560246	0.0	0	0.0	1579.7127984679937	1	0	tensor(3)	1.8594594472076473
26514.846146047395	2000.0	1064.8666524206005	0.0	0	0.0	1579.7127984679937	1	0	tensor(3)	1.8594594472076473
27238.841395878437	2000.0	1340.871402589562	0.0	0	0.0	1579.7127984679937	1	0	tensor(3)	1.8594594472076473
28340.01908593152	2000.0	1239.6937125364814	0.0	0	0.0	1579.7127984679937	1	0	tensor(3)	1.8594594472076473
29693.98490859316	2000.0	885.7278898748399	0.0	0	0.0	1579.7127984679937	1	0	tensor(3)	1.8594594472076473
30653.88016840676	2000.0	925.8326300612398	0.0	0	0.0	1579.7127984679937	1	0	tensor(3)	1.8594594472076473
32048.82744174591	2000.0	530.8853567220892	0.0	0	0.0	1579.7127984679937	1	0	tensor(3)	1.8594594472076473
32642.65098323989	1000.0	937.0618152281094	0.0	0	0.0	1579.7127984679937	1	0	tensor(3)	0.4731650860877571
33703.34958777997	2000.0	876.3632106880309	0.0	0	0.0	1579.7127984679937	1	0	tensor(3)	1.1663122666477022
34921.46066484915	2000.0	658.2521336188415	0.0	0	0.0	1579.71279846799	1	0	tensor(3)	1.8594594472076476
35401.88998022586	1000.0	1177.8228182421235	0.0	0	0.0	1579.7127984679828	1	0	tensor(3)	0.47316508608775765
36518.72741418251	2000.0	1060.985384285475	0.0	0	0.0	1579.7127984679828	1	0	tensor(3)	1.1663122666477026
37620.6259184469	2000.0	959.0868800210859	0.0	0	0.0	1579.7127984679828	1	0	tensor(3)	1.8594594472076478
38706.727529505	2000.0	872.9852689629882	0.0	0	0.0	1579.7127984679828	1	0	tensor(3)	1.8594594472076478
39481.92797780578	2000.0	1097.784820662205	0.0	0	0.0	1579.7127984679828	1	0	tensor(3)	1.8594594472076478
40449.62776947117	2000.0	1130.085028996823	0.0	0	0.0	1579.71279846799	1	0	tensor(3)	1.8594594472076476
41200.0	2000.0	1379.7127984679869	0.0	0	166.54509997018613	1579.71279846799	1	0	tensor(3)	1.8594594472076476
42200.0	3000.0	1379.71279846799	0.0	0	20.328733449328865	1579.71279846799	1	0	tensor(3)	1.8594594472076478
43527.2498165742	3000.0	1052.4629818937847	0.0	0	0.0	1579.7127984679828	1	0	tensor(3)	2.2649245553158126
44674.19813633433	2000.0	905.5146621336503	0.0	0	0.0	1579.7127984679828	1	0	tensor(3)	1.4539943390994832
45781.48671874621	2000.0	798.2260797217749	0.0	0	0.0	1579.7127984679828	1	0	tensor(3)	1.8594594472076478
47087.08610598246	2000.0	492.62669248552083	0.0	0	0.0	1579.7127984679828	1	0	tensor(3)	1.8594594472076478
48170.77792079037	2000.0	451.7601095235247	42.82523184591378	0	0.0	1622.5380303138954	1	0	tensor(3)	1.6004532414478723
49326.7015371116	2000.0	400.7084706867494	104.87197748445556	0	0.0	1727.4100077983458	1	0	tensor(3)	1.2227633649989593
50190.11269648149	2000.0	561.0049016865353	23.707590369675756	0	0.0	1751.117598168028	1	0	tensor(3)	1.708448407690272
51610.34030552161	2000.0	323.16986544660745	182.392572800185	0	0.0	1933.510170968213	1	0	tensor(3)	0.745260261028618
52681.084142041705	2000.0	365.0015063339815	112.57547740746753	0	0.0	2046.0856483756797	1	0	tensor(3)	1.156283415307985
53362.117176709806	1000.0	683.9684716658766	0.0	0	0.0	2046.0856483756797	1	0	tensor(3)	0.4454419186329001
54140.65713234736	2000.0	905.4285160283182	0.0	0	0.0	2046.085648375687	1	0	tensor(3)	1.1385890991928447
55076.8302294502	2000.0	969.2554189254832	0.0	0	0.0	2046.085648375687	1	0	tensor(3)	1.8317362797527896
56232.40680791205	2000.0	813.6788404636388	0.0	0	0.0	2046.0856483756797	1	0	tensor(3)	1.8317362797527903
57160.16226447152	2000.0	885.9233839041726	0.0	0	0.0	2046.0856483756797	1	0	tensor(3)	1.8317362797527903
58584.01258633713	2000.0	462.07306203856365	0.0	0	0.0	2046.0856483756797	1	0	tensor(3)	1.8317362797527903
59254.50644856513	1000.0	791.5791998105713	0.0	0	0.0	2046.085648375687	1	0	tensor(3)	0.44544191863289956
59913.105757329795	1000.0	1132.979891045904	0.0	0	0.0	2046.085648375687	1	0	tensor(3)	1.1385890991928447
60710.965101305126	2000.0	1335.120547070577	0.0	0	0.0	2046.085648375687	1	0	tensor(3)	1.1385890991928447
61508.16153541455	2000.0	1537.924112961157	0.0	0	0.0	2046.085648375687	1	0	tensor(3)	1.8317362797527896
62598.79472550188	2000.0	1447.290922873825	0.0	0	0.0	2046.085648375687	1	0	tensor(3)	1.8317362797527896
63765.62216717922	2000.0	1280.4634811964877	0.0	0	0.0	2046.0856483756943	1	0	tensor(3)	1.8317362797527892
64520.025973016825	1000.0	1526.0596753588807	0.0	0	0.0	2046.0856483756943	1	0	tensor(3)	0.445441918632899
65767.99863808719	2000.0	1278.0870102885183	0.0	0	0.0	2046.0856483756943	1	0	tensor(3)	1.138589099192844
66980.31940315703	2000.0	1065.7662452186619	0.0	0	0.0	2046.0856483756797	1	0	tensor(3)	1.8317362797527903
67735.47036725616	1000.0	1310.6152811195384	0.0	0	0.0	2046.0856483756797	1	0	tensor(3)	0.4454419186328999
68720.66893553044	2000.0	1325.4167128452675	0.0	0	0.0	2046.0856483756943	1	0	tensor(3)	1.138589099192844
69414.77657084406	2000.0	1631.3090775316423	0.0	0	0.0	2046.0856483756797	1	0	tensor(3)	1.8317362797527903
70200.0	3000.0	1846.085648375707	0.0	0	118.88141054351581	2046.0856483756797	1	0	tensor(3)	1.8317362797527905
71387.34522764782	3000.0	1658.7404207278805	0.0	0	0.0	2046.0856483756797	1	0	tensor(3)	2.237201387860955
72930.81569373379	3000.0	1115.269954641916	0.0	0	0.0	2046.0856483756797	1	0	tensor(3)	2.237201387860955
74049.23792316281	2000.0	996.8477252128803	0.0	0	0.0	2046.0856483756797	1	0	tensor(3)	1.4262711716446257
75352.08508225867	2000.0	694.0005661170192	0.0	0	0.0	2046.0856483756797	1	0	tensor(3)	1.8317362797527903
76221.45018018842	1000.0	824.6354681872639	0.0	0	0.0	2046.0856483756652	1	0	tensor(3)	0.4454419186329011
76741.1844789067	1000.0	1304.901169468978	0.0	0	0.0	2046.0856483756506	1	0	tensor(3)	1.1385890991928473
77697.5746342772	2000.0	1348.5110140984648	0.0	0	0.0	2046.0856483756506	1	0	tensor(3)	1.1385890991928473
78534.57963296134	2000.0	1511.5060154143462	0.0	0	0.0	2046.0856483756506	1	0	tensor(3)	1.8317362797527925
79899.02013177937	3000.0	1147.0655165963276	0.0	0	0.0	2046.0856483756506	1	0	tensor(3)	1.8317362797527927
81014.54821522925	2000.0	1031.5374331464445	0.0	0	0.0	2046.0856483756506	1	0	tensor(3)	1.426271171644628
81954.48649192772	2000.0	1091.5991564479814	0.0	0	0.0	2046.0856483756506	1	0	tensor(3)	1.8317362797527925
83156.44445443788	2000.0	889.6411939378155	0.0	0	0.0	2046.0856483756506	1	0	tensor(3)	1.8317362797527925
84036.49897722635	2000.0	1009.5866711493454	0.0	0	0.0	2046.085648375636	1	0	tensor(3)	1.8317362797527936
85225.2625932336	2000.0	820.8230551420997	0.0	0	0.0	2046.085648375636	1	0	tensor(3)	1.8317362797527936
86159.48680568134	2000.0	886.5988426943468	0.0	0	0.0	2046.085648375636	1	0	tensor(3)	1.8317362797527936
86778.10890400481	2000.0	1267.9767443708658	0.0	0	0.0	2046.0856483756215	1	0	tensor(3)	1.8317362797527947
88391.9022902156	3000.0	654.1833581600794	0.0	0	0.0	2046.0856483756215	1	0	tensor(3)	1.831736279752795
89707.54975330741	2000.0	338.5358950682737	0.0	0	0.0	2046.0856483756215	1	0	tensor(3)	1.4262711716446301
90735.95736989733	2000.0	560.3373010740005	250.20902259565239	0	0.0	2296.2946709713287	1	0	tensor(3)	0.309596608160379
91343.86924332907	2000.0	952.4254276422646	0.0	0	0.0	2296.2946709713287	1	0	tensor(3)	1.8108507437342933
92191.74103584382	3000.0	1104.5536351275196	0.0	0	0.0	2296.2946709713287	1	0	tensor(3)	1.8108507437342936
93565.35947648349	3000.0	730.9351944878529	0.0	0	0.0	2296.2946709713287	1	0	tensor(3)	2.216315851842458
94578.36991650457	2000.0	717.9247544667769	0.0	0	0.0	2296.2946709713287	1	0	tensor(3)	1.4053856356261287
95462.7071685041	2000.0	833.5875024672339	0.0	0	0.0	2296.294670971314	1	0	tensor(3)	1.8108507437342947
96662.51588189145	2000.0	633.7787890798828	0.0	0	0.0	2296.2946709713287	1	0	tensor(3)	1.8108507437342933
97284.16733780278	1000.0	1012.127333168556	0.0	0	0.0	2296.2946709713287	1	0	tensor(3)	0.424556382614403
97751.48507092905	1000.0	1544.809600042274	0.0	0	0.0	2296.294670971314	1	0	tensor(3)	1.1177035631743495
98970.89535847696	2000.0	1325.3993124943615	0.0	0	0.0	2296.294670971314	1	0	tensor(3)	1.1177035631743495
99513.51313152905	1000.0	1782.781539442275	0.0	0	0.0	2296.294670971314	1	0	tensor(3)	0.42455638261440437
100545.83629869235	2000.0	1750.4583722789664	0.0	0	0.0	2296.294670971314	1	0	tensor(3)	1.1177035631743495
102287.04521117691	3000.0	1009.2494597943944	0.0	0	0.0	2296.294670971314	1	0	tensor(3)	1.8108507437342949
103101.3237111001	2000.0	1194.970959871182	0.0	0	0.0	2296.294670971314	1	0	tensor(3)	1.40538563562613
104332.81654093624	2000.0	963.4781300350264	0.0	0	0.0	2296.294670971314	1	0	tensor(3)	1.8108507437342947
105267.92409183773	2000.0	1028.3705791335428	0.0	0	0.0	2296.294670971314	1	0	tensor(3)	1.8108507437342947
106508.8933696979	2000.0	787.4013012733674	0.0	0	0.0	2296.2946709713287	1	0	tensor(3)	1.8108507437342933
107273.51927637847	2000.0	1022.7753945928022	0.0	0	0.0	2296.2946709713287	1	0	tensor(3)	1.8108507437342933
107886.83902291603	2000.0	1409.4556480552571	0.0	0	0.0	2296.2946709713287	1	0	tensor(3)	1.8108507437342933
108652.70232467946	3000.0	1643.592346291826	0.0	0	0.0	2296.2946709713433	1	0	tensor(3)	1.810850743734292
109231.12740262055	3000.0	2065.167268350714	0.0	0	0.0	2296.2946709713287	1	0	tensor(3)	2.216315851842458
110200.0	3000.0	2096.2946709712633	0.0	0	249.05745217604272	2296.2946709713433	1	0	tensor(3)	2.216315851842457
111414.66573157565	3000.0	1881.6289393956188	0.0	0	0.0	2296.2946709713433	1	0	tensor(3)	2.216315851842457
112869.69566531271	3000.0	1426.5990056585497	0.0	0	0.0	2296.2946709713433	1	0	tensor(3)	2.216315851842457
113660.31835611252	2000.0	1635.9763148587447	0.0	0	0.0	2296.2946709713433	1	0	tensor(3)	1.4053856356261272
114565.09966251772	3000.0	1731.195008453547	0.0	0	0.0	2296.2946709713433	1	0	tensor(3)	1.810850743734292
115400.7192750289	3000.0	1895.5753959423835	0.0	0	0.0	2296.294670971358	1	0	tensor(3)	2.216315851842455
116713.20621680468	3000.0	1583.088454166605	0.0	0	0.0	2296.294670971358	1	0	tensor(3)	2.216315851842455
118289.38190207943	3000.0	1006.9127688918587	0.0	0	0.0	2296.294670971358	1	0	tensor(3)	2.216315851842455
119189.11299169016	2000.0	1107.181679281132	0.0	0	0.0	2296.2946709713433	1	0	tensor(3)	1.4053856356261272
120304.01677362331	2000.0	992.2778973479843	0.0	0	0.0	2296.294670971358	1	0	tensor(3)	1.8108507437342904
120887.56843221524	2000.0	1408.7262387560663	0.0	0	0.0	2296.294670971358	1	0	tensor(3)	1.8108507437342904
121529.08386438296	3000.0	1767.2108065883262	0.0	0	0.0	2296.294670971358	1	0	tensor(3)	1.8108507437342907
122211.92859545631	3000.0	2084.36607551497	0.0	0	0.0	2296.294670971358	1	0	tensor(3)	2.216315851842455
123200.0	3000.0	2096.294670971277	0.0	0	187.73002163536148	2296.294670971358	1	0	tensor(3)	2.216315851842455
124908.7505156627	3000.0	1387.544155308594	0.0	0	0.0	2296.294670971358	1	0	tensor(3)	2.216315851842455
125748.14898816924	3000.0	1548.1456828020557	0.0	0	0.0	2296.294670971358	1	0	tensor(3)	2.216315851842455
127075.9175667201	3000.0	1220.3771042511928	0.0	0	0.0	2296.294670971358	1	0	tensor(3)	2.216315851842455
127864.18059461896	2000.0	1432.1140763523442	0.0	0	0.0	2296.294670971358	1	0	tensor(3)	1.4053856356261258
129178.26024933138	3000.0	1118.034421639915	0.0	0	0.0	2296.294670971358	1	0	tensor(3)	1.8108507437342907
130328.46016895927	2000.0	967.8345020120265	0.0	0	0.0	2296.2946709713433	1	0	tensor(3)	1.4053856356261272
131568.38613324228	2000.0	727.9085377290041	0.0	0	0.0	2296.2946709713433	1	0	tensor(3)	1.8108507437342918
132537.6731901456	2000.0	758.621480825678	0.0	0	0.0	2296.2946709713433	1	0	tensor(3)	1.8108507437342904
133724.25455554825	2000.0	572.0401154230711	0.0	0	0.0	2296.2946709713724	1	0	tensor(3)	1.8108507437342896
134756.35640856446	2000.0	539.9382624068352	0.0	0	0.0	2296.2946709713724	1	0	tensor(3)	1.8108507437342891
135441.66173396606	2000.0	854.6329370052313	0.0	0	0.0	2296.2946709713724	1	0	tensor(3)	1.8108507437342891
136104.6762841924	2000.0	1191.618386778892	0.0	0	0.0	2296.2946709714015	1	0	tensor(3)	1.8108507437342864
137894.2480477086	3000.0	402.0466232626918	0.0	0	0.0	2296.2946709714015	1	0	tensor(3)	1.8108507437342864
138660.58680836283	2000.0	635.7078626084465	0.0	0	0.0	2296.2946709714015	1	0	tensor(3)	1.4053856356261218
139682.4348609234	2000.0	613.8598100478832	0.0	0	0.0	2296.2946709714015	1	0	tensor(3)	1.8108507437342864
140774.76012295054	2000.0	521.5345480207412	0.0	0	0.0	2296.2946709714306	1	0	tensor(3)	1.8108507437342836
141990.77368117074	2000.0	305.5209898005781	0.0	0	0.0	2296.2946709714597	1	0	tensor(3)	1.8108507437342811
142513.60032483496	1000.0	782.6943461363464	0.0	0	0.0	2296.2946709714597	1	0	tensor(3)	0.42455638261439066
143532.75534305704	2000.0	763.5393279142639	0.0	0	0.0	2296.2946709714306	1	0	tensor(3)	1.1177035631743384
144642.08957113995	2000.0	654.205099831369	0.0	0	0.0	2296.2946709714306	1	0	tensor(3)	1.8108507437342836
145383.3294670218	2000.0	912.9652039495368	0.0	0	0.0	2296.2946709714306	1	0	tensor(3)	1.8108507437342836
146684.2065203687	2000.0	612.0881506026487	0.0	0	0.0	2296.2946709714306	1	0	tensor(3)	1.8108507437342836
147631.80938901892	2000.0	664.4852819524119	0.0	0	0.0	2296.2946709714306	1	0	tensor(3)	1.8108507437342836
148451.8320641156	2000.0	844.462606855788	0.0	0	0.0	2296.2946709714306	1	0	tensor(3)	1.8108507437342836
149342.54060049815	2000.0	953.7540704732178	0.0	0	0.0	2296.2946709714306	1	0	tensor(3)	1.8108507437342836
150167.60379608572	2000.0	1128.690874885652	0.0	0	0.0	2296.2946709714015	1	0	tensor(3)	1.8108507437342864
150770.22463348517	2000.0	1526.0700374862242	0.0	0	0.0	2296.2946709714015	1	0	tensor(3)	1.8108507437342864
152416.0185080419	3000.0	880.2761629295056	0.0	0	0.0	2296.2946709714015	1	0	tensor(3)	1.8108507437342864
153424.88306030617	2000.0	871.411610665246	0.0	0	0.0	2296.2946709714015	1	0	tensor(3)	1.4053856356261218
154385.77625981835	2000.0	910.5184111530741	0.0	0	0.0	2296.2946709714015	1	0	tensor(3)	1.8108507437342864
155262.59811169532	2000.0	1033.6965592760828	0.0	0	0.0	2296.2946709714015	1	0	tensor(3)	1.8108507437342864
156297.961223578	2000.0	998.3334473933892	0.0	0	0.0	2296.2946709713724	1	0	tensor(3)	1.8108507437342891
156896.67394618018	2000.0	1399.6207247912153	0.0	0	0.0	2296.2946709713724	1	0	tensor(3)	1.8108507437342891
158608.56814475157	3000.0	687.72652621978	0.0	0	0.0	2296.2946709713433	1	0	tensor(3)	1.8108507437342902
159513.70311654537	2000.0	782.5915544259655	0.0	0	0.0	2296.2946709713433	1	0	tensor(3)	1.4053856356261272
160227.70579634787	2000.0	1068.588874623466	0.0	0	0.0	2296.2946709713724	1	0	tensor(3)	1.8108507437342891
161012.84210356438	2000.0	1283.4525674069785	0.0	0	0.0	2296.2946709713724	1	0	tensor(3)	1.8108507437342891
162074.5669524929	2000.0	1221.7277184784703	0.0	0	0.0	2296.2946709713724	1	0	tensor(3)	1.8108507437342891
163188.37118606202	2000.0	1107.9234849093468	0.0	0	0.0	2296.2946709713724	1	0	tensor(3)	1.8108507437342891
163904.8568481407	2000.0	1391.4378228306803	0.0	0	0.0	2296.2946709713724	1	0	tensor(3)	1.8108507437342891
164633.59860219268	2000.0	1662.696068778735	0.0	0	0.0	2296.2946709713724	1	0	tensor(3)	1.8108507437342891
165355.5229816244	2000.0	1940.7716893469849	0.0	0	0.0	2296.2946709713724	1	0	tensor(3)	1.8108507437342891
166200.0	2000.0	2096.2946709714015	0.0	0	20.453374528617132	2296.2946709713724	1	0	tensor(3)	1.8108507437342891
167925.26417793584	3000.0	1371.03049303556	0.0	0	0.0	2296.294670971314	1	0	tensor(3)	1.8108507437342938
168651.63877044406	2000.0	1644.655900527345	0.0	0	0.0	2296.294670971314	1	0	tensor(3)	1.40538563562613
169618.00295717773	2000.0	1678.2917137936686	0.0	0	0.0	2296.294670971314	1	0	tensor(3)	1.8108507437342947
170365.94517827657	2000.0	1930.3494926948408	0.0	0	0.0	2296.294670971314	1	0	tensor(3)	1.8108507437342947
171575.94864069755	2000.0	1720.3460302739104	0.0	0	0.0	2296.294670971314	1	0	tensor(3)	1.8108507437342947
172663.6077333762	2000.0	1632.6869375952379	0.0	0	0.0	2296.2946709713433	1	0	tensor(3)	1.8108507437342927
174073.40724118552	2000.0	1222.8874297859124	0.0	0	0.0	2296.2946709713433	1	0	tensor(3)	1.8108507437342918
174567.5455349841	1000.0	1728.7491359873588	0.0	0	0.0	2296.2946709713433	1	0	tensor(3)	0.4245563826144016
175490.62892124063	2000.0	1805.6657497308418	0.0	0	0.0	2296.2946709713724	1	0	tensor(3)	1.1177035631743455
176422.84873781732	2000.0	1873.4459331541402	0.0	0	0.0	2296.2946709713724	1	0	tensor(3)	1.8108507437342891
177490.2410835131	2000.0	1806.05358745833	0.0	0	0.0	2296.2946709713724	1	0	tensor(3)	1.8108507437342891
178935.77941103882	2000.0	1360.515259932623	0.0	0	0.0	2296.2946709713724	1	0	tensor(3)	1.8108507437342891
179857.8512573885	2000.0	1438.4434135829333	0.0	0	0.0	2296.2946709713724	1	0	tensor(3)	1.8108507437342891
180914.380527935	2000.0	1381.9141430364489	0.0	0	0.0	2296.2946709713724	1	0	tensor(3)	1.8108507437342891
182363.07130876736	2000.0	933.2233622040761	0.0	0	0.0	2296.2946709713724	1	0	tensor(3)	1.8108507437342891
182933.55013566185	1000.0	1362.7445353095854	0.0	0	0.0	2296.2946709713724	1	0	tensor(3)	0.4245563826143988
183985.80252279644	2000.0	1310.492148174967	0.0	0	0.0	2296.2946709713433	1	0	tensor(3)	1.1177035631743468
185241.06723515756	2000.0	1055.2274358138318	0.0	0	0.0	2296.2946709713433	1	0	tensor(3)	1.8108507437342918
185808.73172795906	1000.0	1487.5629430123488	0.0	0	0.0	2296.2946709713724	1	0	tensor(3)	0.4245563826143988
187315.87477632472	2000.0	980.4198946467081	0.0	0	0.0	2296.2946709713724	1	0	tensor(3)	1.117703563174344
188036.16790999414	2000.0	1260.126760977286	0.0	0	0.0	2296.2946709713724	1	0	tensor(3)	1.8108507437342891
188672.12887522375	2000.0	1624.1657957476548	0.0	0	0.0	2296.2946709713433	1	0	tensor(3)	1.8108507437342918
189435.0768927499	2000.0	1861.2177782214605	0.0	0	0.0	2296.294670971285	1	0	tensor(3)	1.8108507437342958
190655.45938199962	3000.0	1640.8352889717528	0.0	0	0.0	2296.294670971285	1	0	tensor(3)	1.8108507437342976
191280.43676220553	3000.0	2015.8579087658302	0.0	0	0.0	2296.294670971285	1	0	tensor(3)	2.216315851842462
192689.7402470825	3000.0	1606.5544238888708	0.0	0	0.0	2296.294670971256	1	0	tensor(3)	2.216315851842465
193884.49022639648	3000.0	1411.8044445748876	0.0	0	0.0	2296.294670971285	1	0	tensor(3)	2.216315851842462
195837.97331559274	3000.0	458.32135537860927	0.0	0	0.0	2296.294670971314	1	0	tensor(3)	2.2163158518424604
196925.46251038136	2000.0	496.0245528094318	125.19239221943474	0	0.0	2421.4870631907543	1	0	tensor(3)	0.6417550967537363
198032.24421758697	2000.0	408.3181856827811	19.075340078972943	0	0.0	2440.5624032697233	1	0	tensor(3)	1.68188824460649
198760.58455078295	2000.0	679.9778524868161	0.0	0	0.0	2440.5624032697524	1	0	tensor(3)	1.7963402850803245
200154.76309151037	2000.0	285.799311759422	0.0	0	0.0	2440.5624032697524	1	0	tensor(3)	1.7963402850803245
200640.42389874524	1000.0	800.1385045245618	0.0	0	0.0	2440.5624032697815	1	0	tensor(3)	0.41004592396043094
201893.29263890887	2000.0	547.2697643609099	0.0	0	0.0	2440.5624032697815	1	0	tensor(3)	1.103193104520376
202574.0050687291	1000.0	866.5573345406596	0.0	0	0.0	2440.5624032697815	1	0	tensor(3)	0.41004592396043094
203273.73006301557	2000.0	1166.8323402541996	0.0	0	0.0	2440.5624032698106	1	0	tensor(3)	1.103193104520373
203867.90036730413	2000.0	1572.6620359656297	0.0	0	0.0	2440.5624032698106	1	0	tensor(3)	1.796340285080318
205767.86506928585	3000.0	672.6973339839162	0.0	0	0.0	2440.5624032698397	1	0	tensor(3)	1.7963402850803152
207161.04174850901	2000.0	306.88349420830644	27.362839447560276	0	0.0	2467.925242717407	1	0	tensor(3)	1.2237153087800736
207938.91418047264	1000.0	610.3597288329786	81.34866658828872	0	0.0	2549.273909305688	1	0	tensor(3)	-0.0903647357657904
208654.55803809388	1000.0	894.7158712117612	0.0	0	0.0	2549.273909305717	1	0	tensor(3)	1.0908744443238836
209958.27541998477	2000.0	590.9984893208448	0.0	0	0.0	2549.273909305717	1	0	tensor(3)	1.0908744443238838
210385.98360188236	1000.0	1163.2903074232527	0.0	0	0.0	2549.273909305717	1	0	tensor(3)	0.3977272637639385
211156.82275639474	1000.0	1392.4511529108377	0.0	0	0.0	2549.273909305717	1	0	tensor(3)	1.0908744443238836
211650.34600025782	1000.0	1898.9279090477692	0.0	0	0.0	2549.273909305746	1	0	tensor(3)	1.0908744443238803
212448.37043948483	2000.0	2100.9034698207442	0.0	0	0.0	2549.273909305717	1	0	tensor(3)	1.090874444323881
213470.77074872848	1000.0	2078.5031605771132	0.0	0	0.0	2549.273909305746	1	0	tensor(3)	0.3977272637639372
214421.8674683955	2000.0	2127.4064409100993	0.0	0	0.0	2549.273909305746	1	0	tensor(3)	1.0908744443238803
215569.20319751112	2000.0	1980.070711794519	0.0	0	0.0	2549.2739093057753	1	0	tensor(3)	1.7840216248838243
216417.3992655787	1000.0	2131.8746437269247	0.0	0	0.0	2549.2739093057753	1	0	tensor(3)	0.39772726376393164
217470.71090975247	2000.0	2078.562999553186	0.0	0	0.0	2549.2739093058044	1	0	tensor(3)	1.0908744443238731
218297.49572752323	2000.0	2251.7781817824507	0.0	0	0.0	2549.2739093058335	1	0	tensor(3)	1.7840216248838177
219200.0	2000.0	2349.273909305695	0.0	0	259.58613041150966	2549.2739093058044	1	0	tensor(3)	1.7840216248838183
220311.8032699617	3000.0	2237.4706393440088	0.0	0	0.0	2549.2739093058044	1	0	tensor(3)	1.7840216248838185
221392.26006284673	3000.0	2157.0138464590127	0.0	0	0.0	2549.2739093058335	1	0	tensor(3)	2.1894867329919796
223112.0539184638	3000.0	1437.219990841958	0.0	0	0.0	2549.2739093058044	1	0	tensor(3)	2.189486732991983
224843.7660924829	2000.0	705.5078168228556	0.0	0	0.0	2549.2739093058044	1	0	tensor(3)	1.3785565167756537
225518.48365678836	1000.0	1030.7902525173745	0.0	0	0.0	2549.2739093058335	1	0	tensor(3)	0.3977272637639253
226596.935677551	2000.0	952.3382317547685	0.0	0	0.0	2549.2739093058626	1	0	tensor(3)	1.0908744443238663
227307.73991967613	2000.0	1241.5339896296105	0.0	0	0.0	2549.2739093058626	1	0	tensor(3)	1.7840216248838114
227835.64459613353	2000.0	1713.6293131722086	0.0	0	0.0	2549.2739093058626	1	0	tensor(3)	1.7840216248838114
229306.3244726933	3000.0	1242.9494366124636	0.0	0	0.0	2549.2739093058917	1	0	tensor(3)	1.7840216248838083
230472.50614545407	2000.0	1076.7677638516948	0.0	0	0.0	2549.2739093058917	1	0	tensor(3)	1.3785565167756435
231105.5822262097	2000.0	1443.6916830960815	0.0	0	0.0	2549.2739093058917	1	0	tensor(3)	1.784021624883808
232060.93453951538	2000.0	1488.339369790393	0.0	0	0.0	2549.2739093058917	1	0	tensor(3)	1.784021624883808
232967.31583490255	2000.0	1581.95807440325	0.0	0	0.0	2549.2739093058917	1	0	tensor(3)	1.784021624883808
233841.44828101143	2000.0	1707.8256282943594	0.0	0	0.0	2549.2739093058917	1	0	tensor(3)	1.784021624883808
234898.17924389103	2000.0	1651.0946654147554	0.0	0	0.0	2549.2739093058917	1	0	tensor(3)	1.784021624883808
235729.98886706494	2000.0	1819.285042240841	0.0	0	0.0	2549.2739093058917	1	0	tensor(3)	1.784021624883808
237260.3146310084	3000.0	1288.9592782973737	0.0	0	0.0	2549.2739093058626	1	0	tensor(3)	1.7840216248838117
238111.75146519102	2000.0	1437.5224441147404	0.0	0	0.0	2549.2739093058626	1	0	tensor(3)	1.3785565167756468
238854.72358733896	2000.0	1694.5503219668155	0.0	0	0.0	2549.2739093058917	1	0	tensor(3)	1.784021624883808
239538.81175001082	2000.0	2010.462159294942	0.0	0	0.0	2549.2739093058917	1	0	tensor(3)	1.784021624883808
240526.80743915043	3000.0	2022.4664701553672	0.0	0	0.0	2549.2739093058917	1	0	tensor(3)	1.7840216248838083
241841.0159080371	3000.0	1708.2580012687235	0.0	0	0.0	2549.2739093058917	1	0	tensor(3)	2.189486732991973
242951.7203628915	3000.0	1597.5535464143268	0.0	0	0.0	2549.2739093058917	1	0	tensor(3)	2.189486732991973
244016.27448339874	2000.0	1532.9994259070809	0.0	0	0.0	2549.2739093058917	1	0	tensor(3)	1.3785565167756435
246168.5455758981	3000.0	380.72833340771814	0.0	0	0.0	2549.2739093058917	1	0	tensor(3)	1.7840216248838083
246623.79830795678	1000.0	925.4756013490451	0.0	0	0.0	2549.273909305921	1	0	tensor(3)	-0.0077378443442504
248335.78295656876	2000.0	213.49095273705353	0.0	0	0.0	2549.273909305921	1	0	tensor(3)	1.0908744443238594
248741.87934278406	1000.0	807.3945665217672	0.0	0	0.0	2549.273909305921	1	0	tensor(3)	0.3977272637639142
249672.38798836755	2000.0	876.885920938303	0.0	0	0.0	2549.27390930595	1	0	tensor(3)	1.0908744443238567
250191.9068926247	2000.0	1357.3670166811194	0.0	0	0.0	2549.273909305921	1	0	tensor(3)	1.7840216248838046
252128.30268331926	3000.0	420.9712259865988	0.0	0	0.0	2549.273909305921	1	0	tensor(3)	1.7840216248838048
253505.48348551735	2000.0	375.37910997304476	331.5886861845172	0	0.0	2880.862595490442	1	0	tensor(3)	-0.6572856353753522
254529.45478238782	2000.0	455.86577121604614	104.45795811347455	0	0.0	2985.3205536039313	1	0	tensor(3)	1.0931943557055255
255594.2332664733	2000.0	471.71320942818033	80.62592229761282	0	0.0	3065.9464759015827	1	0	tensor(3)	1.221272460034742
256254.1087038513	2000.0	811.8377720502109	0.0	0	0.0	3065.9464759015827	1	0	tensor(3)	1.7050279938204165
257068.59903907866	2000.0	997.3474368228424	0.0	0	0.0	3065.9464759015827	1	0	tensor(3)	1.7050279938204165
257766.6710951198	3000.0	1299.275380781693	0.0	0	0.0	3065.9464759015827	1	0	tensor(3)	1.7050279938204167
258355.32823942575	3000.0	1710.618236475762	0.0	0	0.0	3065.946475901612	1	0	tensor(3)	2.1104931019285758
259190.3924828162	3000.0	1875.5539930852992	0.0	0	0.0	3065.946475901612	1	0	tensor(3)	2.1104931019285758
260632.26610128378	3000.0	1433.6803746177745	0.0	0	0.0	3065.946475901641	1	0	tensor(3)	2.1104931019285726
261859.20461644407	3000.0	1206.7418594574542	0.0	0	0.0	3065.946475901641	1	0	tensor(3)	2.1104931019285704
262808.7618678159	2000.0	1257.184608085564	0.0	0	0.0	3065.946475901612	1	0	tensor(3)	1.2995628857122465
263612.0228588228	3000.0	1453.923617078635	0.0	0	0.0	3065.9464759015536	1	0	tensor(3)	1.705027993820419
264577.9397671362	3000.0	1488.0067087652972	0.0	0	0.0	3065.946475901612	1	0	tensor(3)	2.1104931019285824
265513.76370777824	3000.0	1552.1827681232455	0.0	0	0.0	3065.9464759015827	1	0	tensor(3)	2.1104931019285793
267201.01710058114	3000.0	864.9293753203629	0.0	0	0.0	3065.946475901641	1	0	tensor(3)	2.1104931019285704
268456.90038991097	2000.0	609.0460859905446	0.0	0	0.0	3065.946475901641	1	0	tensor(3)	1.299562885712234
269430.2893606447	2000.0	635.6571152568656	0.0	0	0.0	3065.946475901699	1	0	tensor(3)	1.7050279938203943
270135.2453617329	3000.0	930.701114168714	0.0	0	0.0	3065.946475901699	1	0	tensor(3)	1.7050279938203943
271019.1426304102	3000.0	1046.803845491434	0.0	0	0.0	3065.946475901699	1	0	tensor(3)	2.110493101928559
271856.9732749069	3000.0	1208.9732009946788	0.0	0	0.0	3065.946475901699	1	0	tensor(3)	2.110493101928559
272401.28950616956	3000.0	1664.6569697319635	0.0	0	0.0	3065.946475901641	1	0	tensor(3)	2.1104931019285704
273996.501691696	3000.0	1069.4447842054856	0.0	0	0.0	3065.9464759015827	1	0	tensor(3)	2.1104931019285815
274964.225044121	3000.0	1101.7214317804714	0.0	0	0.0	3065.9464759015827	1	0	tensor(3)	2.1104931019285815
276507.9248333686	3000.0	558.0216425327917	0.0	0	0.0	3065.9464759015827	1	0	tensor(3)	2.1104931019285815
277405.0824501782	2000.0	660.8640257232105	0.0	0	0.0	3065.9464759015827	1	0	tensor(3)	1.2995628857122519
278268.9698651218	2000.0	796.9766107796288	0.0	0	0.0	3065.9464759015827	1	0	tensor(3)	1.7050279938204165
279178.4202690836	2000.0	887.5262068178322	0.0	0	0.0	3065.9464759015827	1	0	tensor(3)	1.7050279938204165
280117.28010853246	2000.0	948.666367369015	0.0	0	0.0	3065.946475901641	1	0	tensor(3)	1.7050279938204054
280923.43047682784	2000.0	1142.5159990736183	0.0	0	0.0	3065.946475901641	1	0	tensor(3)	1.7050279938204054
282337.8274002091	2000.0	728.1190756923264	0.0	0	0.0	3065.946475901641	1	0	tensor(3)	1.7050279938204054
283168.1950262615	2000.0	897.7514496398805	0.0	0	0.0	3065.946475901641	1	0	tensor(3)	1.7050279938204054
284068.9460020853	2000.0	997.0004738160911	0.0	0	0.0	3065.946475901641	1	0	tensor(3)	1.7050279938204054
284667.9125464226	2000.0	1398.0339294787286	0.0	0	0.0	3065.9464759015827	1	0	tensor(3)	1.7050279938204165
285863.3661669542	3000.0	1202.5803089471233	0.0	0	0.0	3065.9464759015827	1	0	tensor(3)	1.7050279938204167
286839.49863544805	2000.0	1226.4478404532706	0.0	0	0.0	3065.9464759015827	1	0	tensor(3)	1.2995628857122519
287678.24595365964	2000.0	1387.7005222416983	0.0	0	0.0	3065.946475901641	1	0	tensor(3)	1.7050279938204076
288869.55121261283	2000.0	1196.3952632885262	0.0	0	0.0	3065.946475901699	1	0	tensor(3)	1.7050279938203965
289612.9992942473	2000.0	1452.9471816540658	0.0	0	0.0	3065.946475901641	1	0	tensor(3)	1.7050279938204054
290630.45607683575	2000.0	1435.4903990655716	0.0	0	0.0	3065.9464759015827	1	0	tensor(3)	1.7050279938204165
292141.24106618646	2000.0	924.7054097148957	0.0	0	0.0	3065.9464759015827	1	0	tensor(3)	1.7050279938204165
293085.684848953	2000.0	980.2616269484499	0.0	0	0.0	3065.9464759015827	1	0	tensor(3)	1.7050279938204165
293685.03025091457	2000.0	1380.9162249869255	0.0	0	0.0	3065.946475901641	1	0	tensor(3)	1.7050279938204054
294649.88756823825	3000.0	1416.0589076632177	0.0	0	0.0	3065.946475901641	1	0	tensor(3)	1.7050279938204056
295810.3521542608	2000.0	1255.5943216406304	0.0	0	0.0	3065.946475901641	1	0	tensor(3)	1.2995628857122408
296717.3432321683	2000.0	1348.6032437330987	0.0	0	0.0	3065.9464759015827	1	0	tensor(3)	1.7050279938204165
297868.35325888224	2000.0	1197.593217019132	0.0	0	0.0	3065.9464759015827	1	0	tensor(3)	1.7050279938204165
298716.56180321507	2000.0	1349.384672686298	0.0	0	0.0	3065.9464759015827	1	0	tensor(3)	1.7050279938204165
299552.9226818745	2000.0	1513.023794026929	0.0	0	0.0	3065.9464759015827	1	0	tensor(3)	1.7050279938204165
301076.62018775695	3000.0	989.3262881445203	0.0	0	0.0	3065.9464759015827	1	0	tensor(3)	1.7050279938204167
301770.5091038131	2000.0	1295.4373720883707	0.0	0	0.0	3065.9464759015827	1	0	tensor(3)	1.2995628857122519
302735.66115228704	2000.0	1330.2853236144297	0.0	0	0.0	3065.946475901641	1	0	tensor(3)	1.7050279938204076
303889.7013373468	3000.0	1176.245138554649	0.0	0	0.0	3065.946475901699	1	0	tensor(3)	1.7050279938203965
304812.2608702373	2000.0	1253.6856056642027	0.0	0	0.0	3065.946475901699	1	0	tensor(3)	1.2995628857122297
305825.6506228669	2000.0	1240.2958530346598	0.0	0	0.0	3065.946475901699	1	0	tensor(3)	1.7050279938203943
2.75	2.4	2.91	1.54	2.41	2.59	2.63	2.15	1.63	2.15	2.63	2.54	1.71	1.8	2.5	2.43	1.84	2.21	2.17	0.9	2.25	2.2	1.58	1.8	1.81	2.28	1.53	1.54	1.61	1.84	1.62	1.66	1.77	2.66	2.31	2.87	3.65	2.92	1.84	2.46	1.67	1.95	2.41	1.85	2.73	1.63	2.22	1.68	2.49	2.73	2.0	1.88	1.84	1.49	1.66	2.11	1.54	2.44	1.2	1.55	1.75	0.96	2.33	2.65	3.88	2.79	2.56	2.54	1.6	1.37	1.49	2.2	2.65	2.88	2.12	2.22	2.36	2.24	2.41	1.92	2.47	2.68	2.15	2.09	2.06	2.86	3.66	2.29	1.82	2.58	1.47	1.39	1.83	1.38	2.39	3.13	1.85	1.98	1.7	2.46	2.2	2.49	3.29	4.39	3.08	2.86	2.92	1.98	2.76	3.43	2.94	2.72	2.04	2.13	2.28	3.43	4.81	5.04	1.59	3.29	2.94	2.46	2.47	2.57	2.4	2.19	2.18	1.88	2.43	2.37	2.86	1.97	2.18	2.28	1.84	2.57	1.81	1.87	1.99	2.88	2.05	1.89	2.06	1.97	2.59	2.95	2.19	2.33	2.49	1.89	2.75	2.4	2.91	1.54	2.41	2.59	2.63	2.15	1.63	2.15	2.63	2.54	1.71	1.8	2.5	2.43	1.84	2.21	2.17	0.9	2.25	2.2	1.58	1.8	1.81	2.28	1.53	1.54	1.61	1.84	1.62	1.66	1.77	2.66	2.31	2.87	3.65	2.92	1.84	2.46	1.67	1.95	2.41	1.85	2.73	1.63	2.22	1.68	2.49	2.73	2.0	1.88	1.84	1.49	1.66	2.11	1.54	2.44	1.2	1.55	1.75	0.96	2.33	2.65	3.88	2.79	2.56	2.54	1.6	1.37	1.49	2.2	2.65	2.88	2.12	2.22	2.36	2.24	2.41	1.92	2.47	2.68	2.15	2.09	2.06	2.86	3.66	2.29	1.82	2.58	1.47	1.39	1.83	1.38	2.39	3.13	1.85	1.98	1.7	2.46	2.2	2.49	3.29	4.39	3.08	2.86	2.92	1.98	2.76	3.43	2.94	2.72	2.04	2.13	2.28	3.43	4.81	5.04	1.59	3.29	2.94	2.46	2.47	2.57	2.4	2.19	2.18	1.88	2.43	2.37	2.86	1.97	2.18	2.28	1.84	2.57	1.81	1.87	1.99	2.88	2.05	1.89	2.06	1.97	2.59	2.95	2.19	2.33	2.49	1.89	2.75	2.4	2.91	1.54
1.0	2.0	3.0	4.0	5.0	6.0	7.0	8.0	9.0	10.0	11.0	12.0	13.0	14.0	15.0	16.0	17.0	18.0	19.0	20.0	21.0	22.0	23.0	24.0	25.0	26.0	27.0	28.0	29.0	30.0	31.0	32.0	33.0	34.0	35.0	36.0	37.0	38.0	39.0	40.0	41.0	42.0	43.0	44.0	45.0	46.0	47.0	48.0	49.0	50.0	51.0	52.0	53.0	54.0	55.0	56.0	57.0	58.0	59.0	60.0	61.0	62.0	63.0	64.0	65.0	66.0	67.0	68.0	69.0	70.0	71.0	72.0	73.0	74.0	75.0	76.0	77.0	78.0	79.0	80.0	81.0	82.0	83.0	84.0	85.0	86.0	87.0	88.0	89.0	90.0	91.0	92.0	93.0	94.0	95.0	96.0	97.0	98.0	99.0	100.0	101.0	102.0	103.0	104.0	105.0	106.0	107.0	108.0	109.0	110.0	111.0	112.0	113.0	114.0	115.0	116.0	117.0	118.0	119.0	120.0	121.0	122.0	123.0	124.0	125.0	126.0	127.0	128.0	129.0	130.0	131.0	132.0	133.0	134.0	135.0	136.0	137.0	138.0	139.0	140.0	141.0	142.0	143.0	144.0	145.0	146.0	147.0	148.0	149.0	149.0	150.0	151.0	152.0	153.0	154.0	155.0	156.0	157.0	158.0	159.0	160.0	161.0	162.0	163.0	164.0	165.0	166.0	167.0	168.0	169.0	170.0	171.0	172.0	173.0	174.0	175.0	176.0	177.0	178.0	179.0	180.0	181.0	182.0	183.0	184.0	185.0	186.0	187.0	188.0	189.0	190.0	191.0	192.0	193.0	194.0	195.0	196.0	197.0	198.0	199.0	200.0	201.0	202.0	203.0	204.0	205.0	206.0	207.0	208.0	209.0	210.0	211.0	212.0	213.0	214.0	215.0	216.0	217.0	218.0	219.0	220.0	221.0	222.0	223.0	224.0	225.0	226.0	227.0	228.0	229.0	230.0	231.0	232.0	233.0	234.0	235.0	236.0	237.0	238.0	239.0	240.0	241.0	242.0	243.0	244.0	245.0	246.0	247.0	248.0	249.0	250.0	251.0	252.0	253.0	254.0	255.0	256.0	257.0	258.0	259.0	260.0	261.0	262.0	263.0	264.0	265.0	266.0	267.0	268.0	269.0	270.0	271.0	272.0	273.0	274.0	275.0	276.0	277.0	278.0	279.0	280.0	281.0	282.0	283.0	284.0	285.0	286.0	287.0	288.0	289.0	290.0	291.0	292.0	293.0	294.0	295.0	296.0	297.0	298.0	298.0	299.0	300.0	301.0	302.0
5274.048139478332
