3655.2867376610416	1000.0	2000.0	343.71258966701873	0	0.0	3655.2867376610416	1	0	tensor(2)	-2.5769620274949605
4499.730590993729	3000.0	2155.5561466673116	0.0	0	0.0	3655.28673766104	1	0	tensor(3)	0.6639156614078239
5355.2534349116195	3000.0	2300.0333027494207	0.0	0	0.0	3655.286737661041	1	0	tensor(3)	1.9625279500759336
6311.973650988831	3000.0	2343.313086672209	0.0	0	0.0	3655.286737661042	1	0	tensor(3)	1.9625279500759332
7970.174542793445	3000.0	1685.112194867596	0.0	0	0.0	3655.286737661043	1	0	tensor(3)	1.962527950075933
8894.00806458578	3000.0	1761.27867307526	0.0	0	0.0	3655.286737661042	1	0	tensor(3)	1.962527950075933
10172.435180807463	3000.0	1482.8515568535784	0.0	0	0.0	3655.286737661043	1	0	tensor(3)	1.9625279500759327
11596.41821687046	3000.0	1058.8333399831188	0.0	0	0.0	1655.2515568535782	1	0	tensor(6)	-3.7387587475222563
12220.424235499322	3000.0	1434.8273213542534	0.0	0	0.0	1655.2515568535764	1	0	tensor(3)	2.2612412524777445
13200.0	3000.0	1455.251556853575	0.0	0	329.47979830571785	1655.2515568535764	1	0	tensor(3)	2.2612412524777445
14200.0	3000.0	1455.2515568535744	0.0	0	374.0444198822479	1655.2515568535782	1	0	tensor(3)	2.2612412524777445
15660.717528165927	6000.0	994.5340286876481	0.0	0	0.0	1655.2515568535782	1	0	tensor(3)	2.261241252477744
16290.501506277835	3000.0	1364.7500505757432	0.0	0	0.0	1655.25155685358	1	0	tensor(3)	1.5680940719177991
17309.85073593152	3000.0	1345.4008209220583	0.0	0	0.0	1655.2515568535782	1	0	tensor(3)	2.2612412524777445
18200.0	3000.0	1455.2515568535773	0.0	0	376.39510731514747	1655.2515568535782	1	0	tensor(3)	2.2612412524777445
19200.0	3000.0	1455.2515568535778	0.0	0	284.8261409971965	1655.2515568535782	1	0	tensor(3)	2.2612412524777445
20200.0	3000.0	1455.2515568535725	0.0	0	51.1240010871843	1655.2515568535746	1	0	tensor(3)	2.2612412524777445
21258.020524413692	3000.0	1397.231032439877	0.0	0	0.0	1655.2515568535746	1	0	tensor(3)	2.2612412524777445
22278.60084069562	3000.0	1376.6507161579507	0.0	0	0.0	1655.2515568535746	1	0	tensor(3)	2.2612412524777445
23200.0	3000.0	1455.251556853569	0.0	0	52.907882333296584	1655.2515568535746	1	0	tensor(3)	2.2612412524777445
24961.55224517488	3000.0	693.6993116786875	0.0	0	0.0	1655.2515568535746	1	0	tensor(3)	2.2612412524777445
26337.51142281992	2000.0	317.74013403364427	0.0	0	0.0	1655.2515568535746	1	0	tensor(3)	1.450311036261415
27739.324895411934	2000.0	200.0	284.0733385583707	0	0.0	1939.3248954119445	1	0	tensor(3)	0.13621159707353586
28444.84543775653	1000.0	683.4475902270974	188.96813257169362	0	0.0	2128.293027983633	1	0	tensor(3)	-0.6946848818848261
29360.621845696754	2000.0	767.6711822868758	0.0	0	0.0	2128.293027983633	1	0	tensor(3)	1.1322710941052807
29944.89357129418	2000.0	1183.3994566894514	0.0	0	0.0	2128.293027983629	1	0	tensor(3)	1.825418274665226
30754.865291361537	2000.0	1373.4277366220956	0.0	0	0.0	2128.293027983629	1	0	tensor(3)	1.825418274665226
31820.467772640273	3000.0	1307.8252553433606	0.0	0	0.0	2128.293027983633	1	0	tensor(3)	1.825418274665226
33023.5196717098	3000.0	1104.7733562738267	0.0	0	0.0	2128.2930279836255	1	0	tensor(3)	2.230883382773391
33843.2701966066	2000.0	1285.022831377021	0.0	0	0.0	2128.2930279836146	1	0	tensor(3)	1.4199531665570624
35334.23332482737	3000.0	794.0597031562492	0.0	0	0.0	2128.293027983622	1	0	tensor(3)	1.8254182746652274
36203.53319199883	2000.0	924.7598359847932	0.0	0	0.0	2128.293027983622	1	0	tensor(3)	1.4199531665570622
36907.71522575431	2000.0	1220.5778022293134	0.0	0	0.0	2128.293027983629	1	0	tensor(3)	1.825418274665226
37758.5445982629	3000.0	1369.7484297207216	0.0	0	0.0	2128.293027983622	1	0	tensor(3)	1.825418274665227
39088.26529525026	3000.0	1040.0277327333606	0.0	0	0.0	2128.293027983622	1	0	tensor(3)	2.2308833827733916
39998.79338621341	2000.0	1129.4996417702166	0.0	0	0.0	2128.293027983622	1	0	tensor(3)	1.4199531665570622
40497.265594874625	2000.0	1631.0274331090034	0.0	0	0.0	2128.293027983622	1	0	tensor(3)	1.8254182746652268
41410.09945777746	3000.0	1718.193570206166	0.0	0	0.0	2128.293027983622	1	0	tensor(3)	1.825418274665227
42200.0	3000.0	1928.2930279836273	0.0	0	146.59469887070736	2128.293027983622	1	0	tensor(3)	2.2308833827733916
43388.14975310424	3000.0	1740.1432748793886	0.0	0	0.0	2128.293027983622	1	0	tensor(3)	2.2308833827733916
44200.0	3000.0	1928.2930279836305	0.0	0	235.6151399727969	2128.293027983622	1	0	tensor(3)	2.2308833827733916
45200.0	3000.0	1928.2930279836219	0.0	0	539.1909425727863	2128.293027983622	1	0	tensor(3)	2.2308833827733916
47000.74765094558	6000.0	1127.5453770380404	0.0	0	0.0	2128.293027983622	1	0	tensor(3)	2.230883382773391
48059.77129547366	3000.0	1068.521732509952	0.0	0	0.0	2128.2930279836146	1	0	tensor(3)	1.537736202213447
49731.909171016036	3000.0	396.3838569675795	0.0	0	0.0	2128.293027983622	1	0	tensor(3)	2.2308833827733916
50258.1049639051	2000.0	870.1880640785167	0.0	0	0.0	2128.2930279836146	1	0	tensor(3)	1.4199531665570626
50784.70006931056	2000.0	1343.5929586730565	0.0	0	0.0	2128.2930279836146	1	0	tensor(3)	1.8254182746652272
51474.29613849057	3000.0	1653.9968894930428	0.0	0	0.0	2128.293027983622	1	0	tensor(3)	1.825418274665227
52518.33750998996	3000.0	1609.955517993666	0.0	0	0.0	2128.293027983629	1	0	tensor(3)	2.230883382773391
53448.20453279973	3000.0	1680.0884951838962	0.0	0	0.0	2128.293027983629	1	0	tensor(3)	2.230883382773391
54575.74903960681	3000.0	1552.5439883768224	0.0	0	0.0	2128.293027983629	1	0	tensor(3)	2.230883382773391
55699.4026824225	3000.0	1428.8903455611303	0.0	0	0.0	2128.293027983629	1	0	tensor(3)	2.230883382773391
56606.23785778278	3000.0	1522.0551702008465	0.0	0	0.0	2128.293027983629	1	0	tensor(3)	2.230883382773391
57642.40990023465	3000.0	1485.8831277489728	0.0	0	0.0	2128.293027983629	1	0	tensor(3)	2.230883382773391
58327.98422438456	3000.0	1800.3088035990495	0.0	0	0.0	2128.293027983629	1	0	tensor(3)	2.230883382773391
59200.0	3000.0	1928.2930279836087	0.0	0	185.2451984048821	2128.2930279836364	1	0	tensor(3)	2.2308833827733903
60509.90786831753	3000.0	1618.3851596660786	0.0	0	0.0	2128.2930279836364	1	0	tensor(3)	2.2308833827733903
62149.92178721579	3000.0	978.3712407678247	0.0	0	0.0	2128.2930279836364	1	0	tensor(3)	2.2308833827733903
63239.706571733055	2000.0	888.5864562505682	0.0	0	0.0	2128.2930279836364	1	0	tensor(3)	1.419953166557061
63778.65026861997	2000.0	1349.642759363659	0.0	0	0.0	2128.2930279836364	1	0	tensor(3)	1.8254182746652257
64788.307269777026	3000.0	1339.9857582065945	0.0	0	0.0	2128.2930279836364	1	0	tensor(3)	1.8254182746652257
65753.13086316556	3000.0	1375.1621648180628	0.0	0	0.0	2128.2930279836364	1	0	tensor(3)	2.2308833827733903
66908.90064484953	3000.0	1219.3923831340715	0.0	0	0.0	2128.293027983629	1	0	tensor(3)	2.230883382773391
67861.1243751553	3000.0	1267.1686528283076	0.0	0	0.0	2128.2930279836437	1	0	tensor(3)	2.2308833827733903
68844.67748675408	3000.0	1283.6155412295118	0.0	0	0.0	2128.293027983629	1	0	tensor(3)	2.230883382773391
69448.26029748938	3000.0	1680.0327304942248	0.0	0	0.0	2128.2930279836146	1	0	tensor(3)	2.230883382773392
70200.0	3000.0	1928.2930279836255	0.0	0	211.3897734888451	2128.2930279836146	1	0	tensor(3)	2.230883382773392
71200.0	3000.0	1928.2930279836235	0.0	0	272.62411942087056	2128.2930279836	1	0	tensor(3)	2.230883382773393
72604.03497002047	3000.0	1524.258057963167	0.0	0	0.0	2128.2930279836	1	0	tensor(3)	2.230883382773393
73543.34416060221	3000.0	1584.9488673814192	0.0	0	0.0	2128.2930279836	1	0	tensor(3)	2.230883382773393
74234.96526822814	3000.0	1893.3277597554866	0.0	0	0.0	2128.2930279836	1	0	tensor(3)	2.230883382773393
75200.0	3000.0	1928.2930279836469	0.0	0	447.12566737565794	2128.2930279836	1	0	tensor(3)	2.230883382773393
76200.0	3000.0	1928.2930279836341	0.0	0	224.35716507009056	2128.2930279835855	1	0	tensor(3)	2.2308833827733947
77252.2071605367	3000.0	1876.085867446935	0.0	0	0.0	2128.2930279835855	1	0	tensor(3)	2.2308833827733947
78200.0	3000.0	1928.2930279836307	0.0	0	122.2856482527859	2128.2930279835855	1	0	tensor(3)	2.2308833827733947
79200.0	3000.0	1928.2930279836214	0.0	0	284.4330878552719	2128.2930279835855	1	0	tensor(3)	2.2308833827733947
80200.0	3000.0	1928.2930279836214	0.0	0	536.6011526133807	2128.2930279835855	1	0	tensor(3)	2.2308833827733947
81291.58056134127	3000.0	1836.7124666423736	0.0	0	0.0	2128.2930279836	1	0	tensor(3)	2.230883382773393
82262.15502918814	3000.0	1866.1379987955088	0.0	0	0.0	2128.2930279836	1	0	tensor(3)	2.230883382773393
83200.0	3000.0	1928.2930279836462	0.0	0	261.369844854431	2128.2930279836	1	0	tensor(3)	2.230883382773393
84438.27668151022	3000.0	1690.0163464734353	0.0	0	0.0	2128.2930279836146	1	0	tensor(3)	2.230883382773392
85358.97698064192	3000.0	1769.3160473417336	0.0	0	0.0	2128.2930279836	1	0	tensor(3)	2.230883382773393
86363.61601242828	3000.0	1764.677015555369	0.0	0	0.0	2128.2930279836	1	0	tensor(3)	2.230883382773393
87427.58768094332	3000.0	1700.7053470403089	0.0	0	0.0	2128.2930279836	1	0	tensor(3)	2.230883382773393
88264.39790893185	3000.0	1863.8951190517696	0.0	0	0.0	2128.2930279836	1	0	tensor(3)	2.230883382773393
89200.0	3000.0	1928.2930279836019	0.0	0	96.4925250718079	2128.2930279835855	1	0	tensor(3)	2.2308833827733947
90200.0	3000.0	1928.2930279835932	0.0	0	134.07655802887166	2128.293027983571	1	0	tensor(3)	2.2308833827733956
91252.2506427085	3000.0	1876.0423852750885	0.0	0	0.0	2128.2930279835564	1	0	tensor(3)	2.230883382773397
92200.0	3000.0	1928.2930279836019	0.0	0	309.8850830131705	2128.2930279835564	1	0	tensor(3)	2.230883382773397
93200.0	3000.0	1928.2930279836046	0.0	0	397.0461741670442	2128.2930279835564	1	0	tensor(3)	2.230883382773397
94200.0	3000.0	1928.2930279836075	0.0	0	261.7987030687218	2128.2930279835564	1	0	tensor(3)	2.230883382773397
95200.0	3000.0	1928.293027983601	0.0	0	468.77489814092405	2128.2930279835564	1	0	tensor(3)	2.230883382773397
96307.40148557014	6000.0	1820.8915424134489	0.0	0	0.0	2128.2930279835564	1	0	tensor(3)	2.2308833827733965
98062.56612553276	6000.0	1065.7269024508353	0.0	0	0.0	2128.2930279835564	1	0	tensor(3)	2.9240305633333414
99424.21365388129	3000.0	704.0793741022981	0.0	0	0.0	2128.2930279835564	1	0	tensor(3)	1.5377362022134518
100744.43293171933	3000.0	383.860096264259	0.0	0	0.0	2128.2930279835564	1	0	tensor(3)	2.230883382773397
101402.36537884269	2000.0	725.9276491409009	0.0	0	0.0	2128.293027983542	1	0	tensor(3)	1.4199531665570686
102130.4405579809	3000.0	997.8524700026953	0.0	0	0.0	2128.293027983542	1	0	tensor(3)	1.8254182746652332
103160.95572980457	3000.0	967.3372981790188	0.0	0	0.0	2128.2930279835564	1	0	tensor(3)	2.230883382773397
104391.91666371701	3000.0	736.3763642665872	0.0	0	0.0	2128.2930279835564	1	0	tensor(3)	2.230883382773397
105408.42389484962	2000.0	719.8691331339799	0.0	0	0.0	2128.293027983542	1	0	tensor(3)	1.4199531665570686
106124.73302509966	2000.0	1003.5600028839376	0.0	0	0.0	2128.293027983542	1	0	tensor(3)	1.8254182746652332
106814.45955218983	2000.0	1313.8334757937587	0.0	0	0.0	2128.293027983542	1	0	tensor(3)	1.8254182746652332
107998.08759654265	3000.0	1130.2054314409422	0.0	0	0.0	2128.2930279835564	1	0	tensor(3)	1.825418274665232
109143.92187156294	3000.0	984.3711564206376	0.0	0	0.0	2128.293027983542	1	0	tensor(3)	2.230883382773398
110329.40010758072	3000.0	798.8929204028518	0.0	0	0.0	2128.2930279835564	1	0	tensor(3)	2.230883382773397
111392.61658943066	2000.0	735.676438552896	0.0	0	0.0	2128.2930279835564	1	0	tensor(3)	1.4199531665570673
112020.70234959983	2000.0	1107.5906783837322	0.0	0	0.0	2128.2930279835564	1	0	tensor(3)	1.8254182746652319
112736.7294280964	2000.0	1391.5635998871512	0.0	0	0.0	2128.2930279835564	1	0	tensor(3)	1.8254182746652319
113824.99119164873	3000.0	1303.301836334804	0.0	0	0.0	2128.293027983542	1	0	tensor(3)	1.8254182746652332
114487.49086837127	3000.0	1640.8021596122758	0.0	0	0.0	2128.293027983542	1	0	tensor(3)	2.230883382773398
115496.63628819861	3000.0	1631.6567397849299	0.0	0	0.0	2128.2930279835273	1	0	tensor(3)	2.230883382773399
116566.22541266074	3000.0	1562.0676153227873	0.0	0	0.0	2128.2930279835273	1	0	tensor(3)	2.230883382773399
117643.51771225026	3000.0	1484.7753157332593	0.0	0	0.0	2128.2930279835273	1	0	tensor(3)	2.230883382773399
118547.91346066882	3000.0	1580.3795673147133	0.0	0	0.0	2128.2930279835273	1	0	tensor(3)	2.230883382773399
119311.5878888849	3000.0	1816.7051390986423	0.0	0	0.0	2128.2930279835273	1	0	tensor(3)	2.230883382773399
120859.77865283194	6000.0	1268.5143751516125	0.0	0	0.0	2128.293027983542	1	0	tensor(3)	2.230883382773399
121956.36662428941	3000.0	1171.9264036941522	0.0	0	0.0	2128.293027983542	1	0	tensor(3)	1.5377362022134529
123355.8001844295	3000.0	772.4928435540448	0.0	0	0.0	2128.293027983542	1	0	tensor(3)	2.230883382773398
124386.81811581829	2000.0	741.4749121652749	0.0	0	0.0	2128.293027983542	1	0	tensor(3)	1.4199531665570686
125213.45706275318	2000.0	914.835965230382	0.0	0	0.0	2128.293027983542	1	0	tensor(3)	1.8254182746652332
126384.71175572372	2000.0	743.5812722598498	0.0	0	0.0	2128.2930279835564	1	0	tensor(3)	1.8254182746652319
127212.802602103	2000.0	915.4904258805682	0.0	0	0.0	2128.2930279835564	1	0	tensor(3)	1.8254182746652319
127883.79130964866	2000.0	1244.5017183349187	0.0	0	0.0	2128.293027983571	1	0	tensor(3)	1.825418274665231
128693.01615518951	3000.0	1435.2768727940756	0.0	0	0.0	2128.2930279835855	1	0	tensor(3)	1.8254182746652299
129200.0	3000.0	1928.2930279835698	0.0	0	45.38818025789806	2128.2930279835855	1	0	tensor(3)	2.2308833827733947
130200.0	3000.0	1928.2930279835768	0.0	0	588.3709693173441	2128.2930279835855	1	0	tensor(3)	2.2308833827733947
132383.34226129492	6000.0	744.9507666886641	0.0	0	0.0	2128.2930279835855	1	0	tensor(3)	2.2308833827733947
133686.8778339583	3000.0	441.41519402527825	0.0	0	0.0	2128.293027983571	1	0	tensor(3)	1.5377362022134506
134611.34570170433	3000.0	579.2824336473868	62.335107368100694	0	0.0	2190.628135351697	1	0	tensor(3)	1.851738597394355
135412.3641905814	3000.0	778.2639447703511	0.0	0	0.0	2190.628135351697	1	0	tensor(3)	2.2257492416029594
136019.92480986123	3000.0	1170.703325490496	0.0	0	0.0	2190.628135351668	1	0	tensor(3)	2.2257492416029616
136840.66770263898	3000.0	1349.9604327127308	0.0	0	0.0	2190.628135351668	1	0	tensor(3)	2.2257492416029616
138269.08964106318	3000.0	921.5384942885021	0.0	0	0.0	2190.628135351668	1	0	tensor(3)	2.2257492416029616
139325.63867442243	3000.0	864.9894609292679	0.0	0	0.0	2190.628135351668	1	0	tensor(3)	2.2257492416029616
140120.78946948363	3000.0	1069.8386658680884	0.0	0	0.0	2190.628135351668	1	0	tensor(3)	2.2257492416029616
140662.68126068154	3000.0	1527.9468746701687	0.0	0	0.0	2190.628135351668	1	0	tensor(3)	2.2257492416029616
141376.95882168686	3000.0	1813.6693136648626	0.0	0	0.0	2190.628135351668	1	0	tensor(3)	2.2257492416029616
142414.1449526722	3000.0	1776.4831826795312	0.0	0	0.0	2190.628135351697	1	0	tensor(3)	2.2257492416029594
143200.0	3000.0	1990.6281353517331	0.0	0	38.170058667630656	2190.628135351697	1	0	tensor(3)	2.2257492416029594
144200.0	3000.0	1990.6281353517393	0.0	0	332.1914754618774	2190.628135351668	1	0	tensor(3)	2.2257492416029616
145237.67105972327	3000.0	1952.957075628478	0.0	0	0.0	2190.628135351668	1	0	tensor(3)	2.2257492416029616
146300.2107550188	3000.0	1890.4173803329531	0.0	0	0.0	2190.628135351668	1	0	tensor(3)	2.2257492416029616
147200.0	3000.0	1990.6281353517315	0.0	0	155.59277334442595	2190.628135351668	1	0	tensor(3)	2.2257492416029616
148200.0	3000.0	1990.628135351752	0.0	0	55.71909418364521	2190.628135351697	1	0	tensor(3)	2.2257492416029594
149219.00856583365	3000.0	1971.6195695181136	0.0	0	0.0	2190.628135351697	1	0	tensor(3)	2.2257492416029594
150231.35088191796	3000.0	1959.277253433829	0.0	0	0.0	2190.628135351697	1	0	tensor(3)	2.2257492416029594
151735.11696009306	3000.0	1455.5111752587068	0.0	0	0.0	2190.628135351697	1	0	tensor(3)	2.2257492416029594
152891.61634372128	3000.0	1299.0117916304864	0.0	0	0.0	2190.628135351697	1	0	tensor(3)	2.2257492416029594
153723.12594734583	3000.0	1467.5021880059337	0.0	0	0.0	2190.628135351697	1	0	tensor(3)	2.2257492416029594
154392.9480772932	3000.0	1797.680058058545	0.0	0	0.0	2190.628135351697	1	0	tensor(3)	2.2257492416029594
155200.0	3000.0	1990.6281353517552	0.0	0	225.57525605443516	2190.628135351697	1	0	tensor(3)	2.2257492416029594
156899.43092896385	3000.0	1291.1972063879134	0.0	0	0.0	2190.628135351697	1	0	tensor(3)	2.2257492416029594
158025.97641796994	3000.0	1164.651717381827	0.0	0	0.0	2190.628135351697	1	0	tensor(3)	2.2257492416029594
158945.78965967716	3000.0	1244.838475674626	0.0	0	0.0	2190.628135351726	1	0	tensor(3)	2.2257492416029567
159817.29874784325	3000.0	1373.329387508543	0.0	0	0.0	2190.628135351726	1	0	tensor(3)	2.2257492416029567
160645.73623961053	3000.0	1544.891895741267	0.0	0	0.0	2190.628135351726	1	0	tensor(3)	2.2257492416029567
161411.37911076265	3000.0	1779.249024589153	0.0	0	0.0	2190.628135351726	1	0	tensor(3)	2.225749241602956
162200.0	3000.0	1990.628135351776	0.0	0	26.927462499850662	2190.628135351726	1	0	tensor(3)	2.2257492416029567
163200.0	3000.0	1990.6281353517725	0.0	0	548.5648402270162	2190.628135351697	1	0	tensor(3)	2.2257492416029594
164572.73077570935	6000.0	1617.8973596423837	0.0	0	0.0	2190.628135351668	1	0	tensor(3)	2.2257492416029616
165479.3562777959	3000.0	1711.2718575558317	0.0	0	0.0	2190.628135351668	1	0	tensor(3)	1.5326020610430153
166358.9212395078	3000.0	1831.7068958439343	0.0	0	0.0	2190.628135351668	1	0	tensor(3)	2.2257492416029616
167200.0	3000.0	1990.6281353517224	0.0	0	249.1214606699068	2190.628135351668	1	0	tensor(3)	2.2257492416029616
168200.0	3000.0	1990.6281353517306	0.0	0	486.0088602354808	2190.628135351668	1	0	tensor(3)	2.2257492416029616
169593.48926936171	3000.0	1597.138865990008	0.0	0	0.0	2190.628135351639	1	0	tensor(3)	2.225749241602963
170876.96994996443	3000.0	1313.6581853873115	0.0	0	0.0	2190.628135351639	1	0	tensor(3)	2.2257492416029643
172000.82186112343	3000.0	1189.8062742283137	0.0	0	0.0	2190.628135351668	1	0	tensor(3)	2.2257492416029616
173583.73581341366	3000.0	606.8923219381113	0.0	0	0.0	2190.628135351697	1	0	tensor(3)	2.2257492416029594
174767.11867596622	2000.0	423.50945938553673	0.0	0	0.0	2190.628135351697	1	0	tensor(3)	1.4148190253866297
175942.52127289446	2000.0	385.86188451476994	137.75502205751278	0	0.0	2328.383157409262	1	0	tensor(3)	0.9812627290203815
176503.7721609415	1000.0	824.6109964677325	0.0	0	0.0	2328.383157409233	1	0	tensor(3)	0.42149850024557073
177384.1689301702	1000.0	944.2142272390475	0.0	0	0.0	2328.383157409233	1	0	tensor(3)	1.1146456808055158
178433.1094754404	2000.0	895.273681968861	0.0	0	0.0	2328.383157409233	1	0	tensor(3)	1.1146456808055158
179284.9981539268	2000.0	1043.385003482442	0.0	0	0.0	2328.383157409233	1	0	tensor(3)	1.8077928613654608
179823.5409979926	2000.0	1504.8421594166557	0.0	0	0.0	2328.383157409233	1	0	tensor(3)	1.8077928613654608
181028.88700757007	3000.0	1299.4961498392026	0.0	0	0.0	2328.383157409233	1	0	tensor(3)	1.807792861365461
182365.25523598577	3000.0	963.1279214235018	0.0	0	0.0	2328.383157409262	1	0	tensor(3)	2.2132579694736227
183167.31974980643	2000.0	1161.063407602865	0.0	0	0.0	2328.383157409291	1	0	tensor(3)	1.4023277532572909
184582.84062449823	3000.0	745.5425329110831	0.0	0	0.0	2328.38315740932	1	0	tensor(3)	1.8077928613654528
185484.88512974637	2000.0	843.4980276629444	0.0	0	0.0	2328.38315740932	1	0	tensor(3)	1.402327753257288
186502.74131584784	3000.0	825.6418415614789	0.0	0	0.0	2328.383157409291	1	0	tensor(3)	1.8077928613654537
187370.91577558045	2000.0	957.4673818288946	0.0	0	0.0	2328.383157409291	1	0	tensor(3)	1.4023277532572909
188305.32977326412	2000.0	1023.0533841452384	0.0	0	0.0	2328.383157409291	1	0	tensor(3)	1.8077928613654555
189084.12307823895	2000.0	1244.260079170438	0.0	0	0.0	2328.383157409291	1	0	tensor(3)	1.8077928613654555
189741.83436209025	2000.0	1586.5487953191064	0.0	0	0.0	2328.383157409262	1	0	tensor(3)	1.8077928613654581
190356.68814043957	3000.0	1971.6950169697834	0.0	0	0.0	2328.383157409262	1	0	tensor(3)	1.8077928613654584
191256.2317365838	3000.0	2072.1514208255867	0.0	0	0.0	2328.383157409291	1	0	tensor(3)	2.2132579694736223
192377.83064415585	3000.0	1950.5525132535292	0.0	0	0.0	2328.383157409291	1	0	tensor(3)	2.21325796947362
193200.0	3000.0	2128.3831574093806	0.0	0	101.03161822681432	2328.383157409291	1	0	tensor(3)	2.21325796947362
194200.0	3000.0	2128.3831574093742	0.0	0	483.67573711823206	2328.38315740932	1	0	tensor(3)	2.2132579694736174
196134.9269443615	6000.0	1193.4562130478857	0.0	0	0.0	2328.38315740932	1	0	tensor(3)	2.2132579694736165
197736.34529798562	3000.0	592.0378594237792	0.0	0	0.0	2328.38315740932	1	0	tensor(3)	1.5201107889136725
198726.58790230146	2000.0	601.7952551079608	0.0	0	0.0	2328.383157409349	1	0	tensor(3)	1.402327753257285
199480.87047557064	2000.0	847.5126818388073	0.0	0	0.0	2328.38315740932	1	0	tensor(3)	1.8077928613654526
200058.75683698853	2000.0	1269.626320420926	0.0	0	0.0	2328.38315740932	1	0	tensor(3)	1.8077928613654526
200753.62201886077	3000.0	1574.7611385486723	0.0	0	0.0	2328.38315740932	1	0	tensor(3)	1.8077928613654528
201723.5225755163	3000.0	1604.86058189313	0.0	0	0.0	2328.38315740932	1	0	tensor(3)	2.2132579694736174
203131.03564111528	3000.0	1197.3475162941409	0.0	0	0.0	2328.383157409291	1	0	tensor(3)	2.21325796947362
204068.32700320467	3000.0	1260.0561542047287	0.0	0	0.0	2328.383157409262	1	0	tensor(3)	2.2132579694736227
204905.04590070812	3000.0	1423.3372567012254	0.0	0	0.0	2328.383157409262	1	0	tensor(3)	2.2132579694736227
206023.25156303812	3000.0	1305.1315943711995	0.0	0	0.0	2328.383157409262	1	0	tensor(3)	2.2132579694736227
207030.43211986116	3000.0	1297.9510375481657	0.0	0	0.0	2328.383157409291	1	0	tensor(3)	2.21325796947362
207888.64017586422	3000.0	1439.742981545085	0.0	0	0.0	2328.383157409262	1	0	tensor(3)	2.2132579694736227
209116.89434324933	3000.0	1211.4888141599852	0.0	0	0.0	2328.383157409291	1	0	tensor(3)	2.21325796947362
210554.40568356484	3000.0	773.9774738444627	0.0	0	0.0	2328.383157409291	1	0	tensor(3)	2.21325796947362
211339.3564407293	2000.0	989.0267166800235	0.0	0	0.0	2328.38315740932	1	0	tensor(3)	1.4023277532572898
212268.89320626247	2000.0	1059.4899511468545	0.0	0	0.0	2328.383157409291	1	0	tensor(3)	1.8077928613654555
213026.93946851938	2000.0	1301.4436888898963	0.0	0	0.0	2328.383157409262	1	0	tensor(3)	1.8077928613654581
213991.46367765949	3000.0	1336.919479749825	0.0	0	0.0	2328.383157409291	1	0	tensor(3)	1.8077928613654555
215180.33898818964	3000.0	1148.0441692196841	0.0	0	0.0	2328.38315740932	1	0	tensor(3)	2.2132579694736174
216165.02536962635	3000.0	1163.3577877830016	0.0	0	0.0	2328.383157409291	1	0	tensor(3)	2.21325796947362
216903.47906410779	3000.0	1424.904093301564	0.0	0	0.0	2328.383157409291	1	0	tensor(3)	2.21325796947362
217878.9817231968	3000.0	1449.4014342125688	0.0	0	0.0	2328.38315740932	1	0	tensor(3)	2.2132579694736174
218786.64130186645	3000.0	1541.7418555429313	0.0	0	0.0	2328.38315740932	1	0	tensor(3)	2.2132579694736174
219462.34537684286	3000.0	1866.0377805665319	0.0	0	0.0	2328.383157409349	1	0	tensor(3)	2.2132579694736156
220287.72681641218	3000.0	2040.656340997226	0.0	0	0.0	2328.383157409349	1	0	tensor(3)	2.2132579694736148
221771.16195744553	3000.0	1557.2211999638776	0.0	0	0.0	2328.383157409349	1	0	tensor(3)	2.2132579694736148
222518.28983181424	3000.0	1810.0933255951695	0.0	0	0.0	2328.383157409349	1	0	tensor(3)	2.2132579694736148
223350.2889247871	3000.0	1978.0942326222912	0.0	0	0.0	2328.38315740932	1	0	tensor(3)	2.2132579694736174
224200.0	3000.0	2128.3831574094324	0.0	0	382.66643087915145	2328.383157409349	1	0	tensor(3)	2.2132579694736148
225200.0	3000.0	2128.383157409443	0.0	0	108.90713556768605	2328.3831574093783	1	0	tensor(3)	2.2132579694736116
226438.4950006467	3000.0	1889.8881567627293	0.0	0	0.0	2328.383157409349	1	0	tensor(3)	2.2132579694736125
227490.53756644676	3000.0	1837.8455909626482	0.0	0	0.0	2328.383157409349	1	0	tensor(3)	2.2132579694736148
228200.0	3000.0	2128.383157409422	0.0	0	101.79497627058299	2328.3831574093783	1	0	tensor(3)	2.2132579694736116
229200.0	3000.0	2128.3831574094243	0.0	0	283.509284364467	2328.383157409349	1	0	tensor(3)	2.2132579694736148
230594.5857158055	3000.0	1733.7974416039328	0.0	0	0.0	2328.3831574093783	1	0	tensor(3)	2.213257969473613
231353.92433226274	3000.0	1974.4588251466896	0.0	0	0.0	2328.3831574093783	1	0	tensor(3)	2.2132579694736116
232248.72557253763	3000.0	2079.6575848717785	0.0	0	0.0	2328.3831574093783	1	0	tensor(3)	2.2132579694736116
233249.11702637933	3000.0	2079.2661310300773	0.0	0	0.0	2328.3831574093783	1	0	tensor(3)	2.2132579694736116
234200.0	3000.0	2128.3831574094	0.0	0	153.05452284848434	2328.3831574094074	1	0	tensor(3)	2.2132579694736085
235403.48974796987	3000.0	1924.893409439521	0.0	0	0.0	2328.3831574094074	1	0	tensor(3)	2.213257969473607
236410.8479827459	3000.0	1917.5351746634808	0.0	0	0.0	2328.3831574094074	1	0	tensor(3)	2.2132579694736085
237521.19690081573	3000.0	1807.1862565936415	0.0	0	0.0	2328.3831574094074	1	0	tensor(3)	2.2132579694736085
238200.0	3000.0	2128.3831574093647	0.0	0	18.144376161828404	2328.3831574094074	1	0	tensor(3)	2.2132579694736085
239229.43598797199	3000.0	2098.947169437386	0.0	0	0.0	2328.3831574094074	1	0	tensor(3)	2.2132579694736085
240349.4579363313	3000.0	1978.9252210780735	0.0	0	0.0	2328.3831574094074	1	0	tensor(3)	2.2132579694736085
241200.0	3000.0	2128.38315740936	0.0	0	112.90036835722276	2328.3831574094074	1	0	tensor(3)	2.2132579694736085
242200.0	3000.0	2128.38315740934	0.0	0	171.31770907714963	2328.3831574094074	1	0	tensor(3)	2.2132579694736085
243200.0	3000.0	2128.3831574093447	0.0	0	466.96751709570526	2328.3831574094074	1	0	tensor(3)	2.2132579694736085
244200.0	3000.0	2128.3831574093274	0.0	0	338.73137717021746	2328.3831574094365	1	0	tensor(3)	2.213257969473606
245492.35730239167	6000.0	1836.025855017651	0.0	0	0.0	2328.3831574094656	1	0	tensor(3)	2.213257969473603
246864.95851797302	6000.0	1463.424639436277	0.0	0	0.0	2328.3831574094365	1	0	tensor(3)	2.906405150033551
248338.19224239571	3000.0	990.1909150135865	0.0	0	0.0	2328.3831574094365	1	0	tensor(3)	1.5201107889136587
249369.59090620137	3000.0	958.7922512079333	0.0	0	0.0	2328.3831574094365	1	0	tensor(3)	2.213257969473606
250776.56650851105	3000.0	551.8166488982538	0.0	0	0.0	2328.3831574094365	1	0	tensor(3)	2.213257969473606
251315.01751208896	2000.0	1013.365645320337	0.0	0	0.0	2328.3831574094365	1	0	tensor(3)	1.4023277532572767
252350.9531105605	3000.0	977.4300468488011	0.0	0	0.0	2328.3831574094656	1	0	tensor(3)	1.8077928613654408
253699.71263708352	2000.0	628.6705203257837	0.0	0	0.0	2328.3831574094656	1	0	tensor(3)	1.4023277532572738
254554.5121146721	2000.0	773.8710427372278	0.0	0	0.0	2328.3831574094947	1	0	tensor(3)	1.8077928613654364
255431.43599535862	3000.0	896.9471620507128	0.0	0	0.0	2328.383157409524	1	0	tensor(3)	1.807792861365433
255990.3262192814	2000.0	1338.0569381279258	0.0	0	0.0	2328.383157409524	1	0	tensor(3)	1.4023277532572682
256946.15166401284	3000.0	1382.2314933965094	0.0	0	0.0	2328.3831574094947	1	0	tensor(3)	1.807792861365436
257660.14923690882	3000.0	1668.2339205005453	0.0	0	0.0	2328.3831574094947	1	0	tensor(3)	2.2132579694736005
258952.29695468873	3000.0	1376.0862027206126	0.0	0	0.0	2328.3831574094656	1	0	tensor(3)	2.213257969473603
260028.72688662045	2000.0	1299.6562707888977	0.0	0	0.0	2328.3831574094656	1	0	tensor(3)	1.4023277532572738
261087.69327652463	2000.0	1240.6898808847177	0.0	0	0.0	2328.3831574094656	1	0	tensor(3)	1.8077928613654384
261902.35114411192	2000.0	1426.0320132974339	0.0	0	0.0	2328.3831574094656	1	0	tensor(3)	1.8077928613654384
262724.49214458466	3000.0	1603.8910128247446	0.0	0	0.0	2328.3831574094947	1	0	tensor(3)	1.80779286136544
263470.61362561374	3000.0	1857.7695317956136	0.0	0	0.0	2328.3831574094074	1	0	tensor(3)	2.213257969473604
264412.28777525405	3000.0	1916.0953821553524	0.0	0	0.0	2328.3831574094656	1	0	tensor(3)	2.213257969473603
265277.2061720788	3000.0	2051.1769853305896	0.0	0	0.0	2328.3831574094365	1	0	tensor(3)	2.213257969473606
266622.882141431	3000.0	1705.5010159783512	0.0	0	0.0	2328.3831574094365	1	0	tensor(3)	2.213257969473608
267429.0626786066	3000.0	1899.3204788027826	0.0	0	0.0	2328.3831574094365	1	0	tensor(3)	2.213257969473606
268200.0	3000.0	2128.3831574094493	0.0	0	153.96335309749702	2328.3831574094365	1	0	tensor(3)	2.213257969473606
269200.0	3000.0	2128.3831574094065	0.0	0	510.3209474598989	2328.3831574094365	1	0	tensor(3)	2.213257969473606
271213.9881781082	6000.0	1114.3949793012357	0.0	0	0.0	2328.3831574094365	1	0	tensor(3)	2.213257969473606
272951.70732907386	3000.0	376.6758283355688	0.0	0	0.0	2328.3831574094365	1	0	tensor(3)	1.520110788913661
273626.32022479165	2000.0	712.9703612377525	10.907428619996594	0	0.0	2339.290586029354	1	0	tensor(3)	1.3358223279639199
274503.3931741865	2000.0	835.8974118428723	0.0	0	0.0	2339.290586029296	1	0	tensor(3)	1.8067320077920659
275106.51907099475	1000.0	1232.7715150346414	0.0	0	0.0	2339.290586029296	1	0	tensor(3)	0.42043764667217925
275952.9290897402	2000.0	1386.361496289187	0.0	0	0.0	2339.290586029296	1	0	tensor(3)	1.1135848272321245
276499.2550392769	2000.0	1840.0355467524846	0.0	0	0.0	2339.290586029296	1	0	tensor(3)	1.8067320077920694
277278.53880380746	3000.0	2060.7517822218488	0.0	0	0.0	2339.2905860292376	1	0	tensor(3)	1.8067320077920757
278200.0	3000.0	2139.290586029344	0.0	0	258.75953810173087	2339.2905860292376	1	0	tensor(3)	2.2121971159002403
279200.0	3000.0	2139.2905860293777	0.0	0	436.9260876804474	2339.2905860292376	1	0	tensor(3)	2.2121971159002403
281090.4372320511	6000.0	1248.8533539782725	0.0	0	0.0	2339.2905860292376	1	0	tensor(3)	2.2121971159002403
282265.7994612288	3000.0	1073.491124800607	0.0	0	0.0	2339.2905860291794	1	0	tensor(3)	1.5190499353402962
283429.9725497212	3000.0	909.3180363081766	0.0	0	0.0	2339.2905860292376	1	0	tensor(3)	2.212197115900244
284197.4084506559	3000.0	1141.882135373479	0.0	0	0.0	2339.2905860292376	1	0	tensor(3)	2.2121971159002403
284741.7208113038	3000.0	1597.5697747255078	0.0	0	0.0	2339.2905860292376	1	0	tensor(3)	2.2121971159002403
285542.78666558355	3000.0	1796.5039204457855	0.0	0	0.0	2339.2905860291794	1	0	tensor(3)	2.2121971159002434
286950.3683465873	3000.0	1388.922239442028	0.0	0	0.0	2339.2905860291794	1	0	tensor(3)	2.2121971159002456
288231.52666336216	3000.0	1107.7639226672231	0.0	0	0.0	2339.290586029296	1	0	tensor(3)	2.212197115900239
289076.150194269	3000.0	1263.1403917603607	0.0	0	0.0	2339.290586029296	1	0	tensor(3)	2.2121971159002345
289814.085806961	3000.0	1525.2047790683857	0.0	0	0.0	2339.2905860292376	1	0	tensor(3)	2.2121971159002403
290848.20218343276	3000.0	1491.088402596614	0.0	0	0.0	2339.2905860291794	1	0	tensor(3)	2.2121971159002456
291835.47641425434	3000.0	1503.8141717749436	0.0	0	0.0	2339.2905860291794	1	0	tensor(3)	2.2121971159002456
292594.4374277191	3000.0	1744.8531583101983	0.0	0	0.0	2339.290586029121	1	0	tensor(3)	2.2121971159002514
293200.0	3000.0	2139.290586029305	0.0	0	87.00946324237157	2339.290586029121	1	0	tensor(3)	2.2121971159002514
294385.3583841699	3000.0	1953.9322018594348	0.0	0	0.0	2339.290586029063	1	0	tensor(3)	2.212197115900257
295200.0	3000.0	2139.2905860292444	0.0	0	118.12291540432489	2339.290586029063	1	0	tensor(3)	2.212197115900257
296200.0	3000.0	2139.290586029274	0.0	0	151.11802013253327	2339.290586029063	1	0	tensor(3)	2.212197115900257
297200.0	3000.0	2139.2905860292826	0.0	0	66.37864245986566	2339.290586029063	1	0	tensor(3)	2.212197115900257
298246.6026760313	3000.0	2092.687909998007	0.0	0	0.0	2339.290586029063	1	0	tensor(3)	2.212197115900257
299200.0	3000.0	2139.290586029362	0.0	0	284.137258905801	2339.290586029121	1	0	tensor(3)	2.2121971159002514
300453.3842658594	3000.0	1885.9063201699892	0.0	0	0.0	2339.290586029121	1	0	tensor(3)	2.2121971159002514
301321.7333982088	3000.0	2017.557187820546	0.0	0	0.0	2339.290586029121	1	0	tensor(3)	2.2121971159002514
302200.0	3000.0	2139.290586029275	0.0	0	155.5175225623534	2339.290586029121	1	0	tensor(3)	2.2121971159002514
3.33	3.43	4.11	2.48	2.18	3.05	3.17	2.5	3.85	5.12	5.93	4.49	3.92	3.22	4.46	5.02	2.94	2.93	3.17	3.23	2.25	1.71	2.07	1.78	1.3	1.7	2.83	3.16	3.08	2.44	2.97	2.78	2.7	3.81	2.32	2.41	2.22	3.67	3.88	3.43	4.3	5.63	2.99	2.76	2.13	1.84	2.99	3.34	3.89	3.17	2.36	2.63	3.75	3.7	3.67	4.15	2.95	3.14	2.05	2.31	3.29	3.65	2.73	2.71	4.08	3.76	5.0	4.69	2.12	2.62	3.99	5.17	3.7	2.43	3.87	4.19	5.17	2.39	3.48	3.83	3.27	3.59	2.17	2.51	3.08	3.65	3.08	3.07	4.0	5.03	4.93	5.4	5.17	5.43	3.26	2.55	2.55	2.73	3.31	3.9	1.67	2.4	3.06	3.15	3.31	3.42	1.73	2.17	2.53	3.36	3.94	4.22	3.36	2.55	3.59	4.81	6.21	3.42	2.68	1.76	1.66	2.84	1.52	2.7	3.92	5.19	6.24	2.53	2.63	2.77	3.43	4.05	4.39	2.93	2.77	2.76	3.6	4.66	3.06	4.15	5.46	3.44	3.65	5.02	4.3	2.91	3.61	2.57	2.81	1.58	3.33	3.43	4.11	2.48	2.18	3.05	3.17	2.5	3.85	5.12	5.93	4.49	3.92	3.22	4.46	5.02	2.94	2.93	3.17	3.23	2.25	1.71	2.07	1.78	1.3	1.7	2.83	3.16	3.08	2.44	2.97	2.78	2.7	3.81	2.32	2.41	2.22	3.67	3.88	3.43	4.3	5.63	2.99	2.76	2.13	1.84	2.99	3.34	3.89	3.17	2.36	2.63	3.75	3.7	3.67	4.15	2.95	3.14	2.05	2.31	3.29	3.65	2.73	2.71	4.08	3.76	5.0	4.69	2.12	2.62	3.99	5.17	3.7	2.43	3.87	4.19	5.17	2.39	3.48	3.83	3.27	3.59	2.17	2.51	3.08	3.65	3.08	3.07	4.0	5.03	4.93	5.4	5.17	5.43	3.26	2.55	2.55	2.73	3.31	3.9	1.67	2.4	3.06	3.15	3.31	3.42	1.73	2.17	2.53	3.36	3.94	4.22	3.36	2.55	3.59	4.81	6.21	3.42	2.68	1.76	1.66	2.84	1.52	2.7	3.92	5.19	6.24	2.53	2.63	2.77	3.43	4.05	4.39	2.93	2.77	2.76	3.6	4.66	3.06	4.15	5.46	3.44	3.65	5.02	4.3	2.91	3.61	2.57	2.81	1.58	3.33	3.43	4.11	2.48
1.0	2.0	3.0	4.0	5.0	6.0	7.0	8.0	9.0	10.0	11.0	12.0	13.0	14.0	15.0	16.0	17.0	18.0	19.0	20.0	21.0	22.0	23.0	24.0	25.0	26.0	27.0	28.0	29.0	30.0	31.0	32.0	33.0	34.0	35.0	36.0	37.0	38.0	39.0	40.0	41.0	42.0	43.0	44.0	45.0	46.0	47.0	48.0	49.0	50.0	51.0	52.0	53.0	54.0	55.0	56.0	57.0	58.0	59.0	60.0	61.0	62.0	63.0	64.0	65.0	66.0	67.0	68.0	69.0	70.0	71.0	72.0	73.0	74.0	75.0	76.0	77.0	78.0	79.0	80.0	81.0	82.0	83.0	84.0	85.0	86.0	87.0	88.0	89.0	90.0	91.0	92.0	93.0	94.0	95.0	96.0	97.0	98.0	99.0	100.0	101.0	102.0	103.0	104.0	105.0	106.0	107.0	108.0	109.0	110.0	111.0	112.0	113.0	114.0	115.0	116.0	117.0	118.0	119.0	120.0	121.0	122.0	123.0	124.0	125.0	126.0	127.0	128.0	129.0	130.0	131.0	132.0	133.0	134.0	135.0	136.0	137.0	138.0	139.0	140.0	141.0	142.0	143.0	144.0	145.0	146.0	147.0	148.0	149.0	149.0	150.0	151.0	152.0	153.0	154.0	155.0	156.0	157.0	158.0	159.0	160.0	161.0	162.0	163.0	164.0	165.0	166.0	167.0	168.0	169.0	170.0	171.0	172.0	173.0	174.0	175.0	176.0	177.0	178.0	179.0	180.0	181.0	182.0	183.0	184.0	185.0	186.0	187.0	188.0	189.0	190.0	191.0	192.0	193.0	194.0	195.0	196.0	197.0	198.0	199.0	200.0	201.0	202.0	203.0	204.0	205.0	206.0	207.0	208.0	209.0	210.0	211.0	212.0	213.0	214.0	215.0	216.0	217.0	218.0	219.0	220.0	221.0	222.0	223.0	224.0	225.0	226.0	227.0	228.0	229.0	230.0	231.0	232.0	233.0	234.0	235.0	236.0	237.0	238.0	239.0	240.0	241.0	242.0	243.0	244.0	245.0	246.0	247.0	248.0	249.0	250.0	251.0	252.0	253.0	254.0	255.0	256.0	257.0	258.0	259.0	260.0	261.0	262.0	263.0	264.0	265.0	266.0	267.0	268.0	269.0	270.0	271.0	272.0	273.0	274.0	275.0	276.0	277.0	278.0	279.0	280.0	281.0	282.0	283.0	284.0	285.0	286.0	287.0	288.0	289.0	290.0	291.0	292.0	293.0	294.0	295.0	296.0	297.0	298.0	298.0	299.0	300.0	301.0	302.0
3200.2684878951236
