3112.435055046589	300.0	2000.0	330.5588821660947	0	0.0	3112.435055046589	1	0	tensor(3)	-2.170157296897163
4554.691082834826	1000.0	1557.7439722117624	0.0	0	0.0	3112.435055046589	1	0	tensor(3)	-0.20119633418466487
5904.786379325829	1000.0	1207.648675720758	0.0	0	0.0	3112.435055046588	1	0	tensor(3)	1.0027764701412716
6941.13769326104	1000.0	1171.2973617855473	0.0	0	0.0	3112.4350550465874	1	0	tensor(3)	1.0027764701412716
7576.237004014948	1000.0	1536.1980510316398	0.0	0	0.0	3112.435055046588	1	0	tensor(3)	1.0027764701412716
8205.553684104696	1000.0	1906.8813709418923	0.0	0	0.0	3112.435055046587	1	0	tensor(3)	1.0027764701412718
9670.688593471452	2000.0	1441.746461575137	0.0	0	0.0	3112.435055046586	1	0	tensor(3)	1.002776470141272
10209.042971909405	1000.0	1903.3920831371825	0.0	0	0.0	3112.4350550465842	1	0	tensor(3)	0.30962928958132696
11231.40864597565	2000.0	1881.0264090709363	0.0	0	0.0	3112.435055046585	1	0	tensor(3)	1.0027764701412722
12680.151989590358	2000.0	1432.2830654562283	0.0	0	0.0	3112.435055046586	1	0	tensor(3)	1.695923650701217
13497.946064729877	1000.0	1614.4889903167102	0.0	0	0.0	3112.4350550465842	1	0	tensor(3)	0.3096292895813272
14047.2861018054	1000.0	2065.1489532411847	0.0	0	0.0	3112.4350550465842	1	0	tensor(3)	1.0027764701412725
15151.166663373984	2000.0	1961.2683916725994	0.0	0	0.0	3112.4350550465824	1	0	tensor(3)	1.0027764701412727
15970.80851689655	2000.0	2141.6265381500334	0.0	0	0.0	3112.4350550465824	1	0	tensor(3)	1.6959236507012179
17290.699824871233	3000.0	1821.7352301753494	0.0	0	0.0	3112.4350550465806	1	0	tensor(3)	1.695923650701218
18245.128616811373	2000.0	1867.306438235205	0.0	0	0.0	3112.4350550465733	1	0	tensor(3)	1.2904585425930544
19244.00326164916	2000.0	1868.4317933974144	0.0	0	0.0	3112.4350550465697	1	0	tensor(3)	1.69592365070122
20168.676358292585	3000.0	1943.7586967539935	0.0	0	0.0	3112.4350550465715	1	0	tensor(3)	1.6959236507012203
21119.769545481628	3000.0	1992.665509564954	0.0	0	0.0	3112.4350550465715	1	0	tensor(3)	2.101388758809385
21768.948001418066	3000.0	2343.487053628518	0.0	0	0.0	3112.4350550465715	1	0	tensor(3)	2.101388758809385
22514.145676069194	3000.0	2598.2893789773907	0.0	0	0.0	3112.4350550465715	1	0	tensor(3)	2.101388758809385
24831.01648771068	3000.0	1281.418567335908	0.0	0	0.0	3112.4350550465715	1	0	tensor(3)	2.101388758809385
26313.503078361435	2000.0	798.9319766851493	0.0	0	0.0	3112.4350550465715	1	0	tensor(3)	1.2904585425930553
27252.914866562052	2000.0	859.5201884845281	0.0	0	0.0	3112.4350550465715	1	0	tensor(3)	1.6959236507012199
27774.18243782914	1000.0	1338.2526172174423	0.0	0	0.0	3112.4350550465715	1	0	tensor(3)	0.30962928958132974
28686.111568793887	2000.0	1426.3234862526951	0.0	0	0.0	3112.435055046575	1	0	tensor(3)	1.0027764701412742
29595.36718578525	3000.0	1517.0678692613342	0.0	0	0.0	3112.435055046575	1	0	tensor(3)	1.6959236507012194
30855.94534137714	3000.0	1256.4897136694422	0.0	0	0.0	3112.435055046575	1	0	tensor(3)	2.1013887588093842
31943.91368457394	2000.0	1168.5213704726393	0.0	0	0.0	3112.435055046575	1	0	tensor(3)	1.2904585425930546
32936.52418416254	2000.0	1175.9108708840436	0.0	0	0.0	3112.435055046575	1	0	tensor(3)	1.6959236507012196
33731.335318317775	2000.0	1381.0997367288157	0.0	0	0.0	3112.4350550465824	1	0	tensor(3)	1.6959236507012183
34385.43430694389	2000.0	1727.0007481026953	0.0	0	0.0	3112.435055046575	1	0	tensor(3)	1.6959236507012188
35305.7277144187	3000.0	1806.7073406278878	0.0	0	0.0	3112.435055046579	1	0	tensor(3)	1.6959236507012196
36652.03143218811	3000.0	1460.4036228584794	0.0	0	0.0	3112.4350550465824	1	0	tensor(3)	2.1013887588093825
38453.81298214655	3000.0	658.6220729000408	0.0	0	0.0	3112.4350550465824	1	0	tensor(3)	2.1013887588093825
39202.96028753295	2000.0	909.4747675136434	0.0	0	0.0	3112.4350550465897	1	0	tensor(3)	1.290458542593052
40221.611102046685	2000.0	890.8239529999174	0.0	0	0.0	3112.435055046597	1	0	tensor(3)	1.6959236507012148
41481.27215844099	2000.0	631.162896605611	0.0	0	0.0	3112.4350550465897	1	0	tensor(3)	1.6959236507012165
41963.672548252885	1000.0	1148.762506793712	0.0	0	0.0	3112.4350550465897	1	0	tensor(3)	0.3096292895813261
42929.60601442552	2000.0	1182.8290406210822	0.0	0	0.0	3112.4350550465897	1	0	tensor(3)	1.0027764701412714
43980.577661350224	2000.0	1131.8573936963764	0.0	0	0.0	3112.4350550465897	1	0	tensor(3)	1.6959236507012165
44674.51586491856	2000.0	1437.9191901280387	0.0	0	0.0	3112.4350550465897	1	0	tensor(3)	1.6959236507012165
45607.00530568201	2000.0	1505.4297493645888	0.0	0	0.0	3112.4350550465897	1	0	tensor(3)	1.6959236507012165
46392.37227155891	3000.0	1720.0627834876918	0.0	0	0.0	3112.4350550465824	1	0	tensor(3)	1.695923650701218
47518.24535594502	3000.0	1594.18969910158	0.0	0	0.0	3112.4350550465824	1	0	tensor(3)	2.1013887588093825
49832.942496474214	3000.0	279.492558572389	0.0	0	0.0	3112.4350550465824	1	0	tensor(3)	2.1013887588093825
50330.28944805108	1000.0	782.145606995523	0.0	0	0.0	1112.4350550465824	1	0	tensor(6)	-5.914682340930334
51501.3993588481	2000.0	611.0356961985021	0.0	0	0.0	1112.4350550465897	1	0	tensor(3)	1.1839299477377756
52710.585179312824	2000.0	401.84987573377987	0.0	0	0.0	1112.4350550465897	1	0	tensor(3)	1.8770771282977206
53250.158409237556	1000.0	862.2766458090555	0.0	0	0.0	1112.4350550465897	1	0	tensor(3)	0.49078276717783026
54694.42393696446	2000.0	418.0111180821542	0.0	0	0.0	1112.4350550465897	1	0	tensor(3)	1.1839299477377754
55327.40145614844	1000.0	785.0335988981709	0.0	0	0.0	1112.4350550465897	1	0	tensor(3)	0.49078276717783026
56200.0	1000.0	912.4350550466052	0.0	0	187.43350026890403	1112.4350550465897	1	0	tensor(3)	1.1839299477377754
57644.84641476498	2000.0	467.58864028162526	0.0	0	0.0	1112.4350550465897	1	0	tensor(3)	1.1839299477377754
58562.66040980125	1000.0	549.7746452453551	0.0	0	0.0	1112.4350550465897	1	0	tensor(3)	0.49078276717783026
59298.321123105845	1000.0	814.1139319407528	0.0	0	0.0	1112.4350550465897	1	0	tensor(3)	1.1839299477377754
60508.20466503818	2000.0	604.230390008413	0.0	0	0.0	1112.4350550465897	1	0	tensor(3)	1.1839299477377754
61200.0	1000.0	912.4350550465881	0.0	0	28.344468142997357	1112.4350550465897	1	0	tensor(3)	0.49078276717783026
62327.05206822263	2000.0	785.3829868239598	0.0	0	0.0	1112.4350550465897	1	0	tensor(3)	1.1839299477377754
63200.0	2000.0	912.4350550466011	0.0	0	173.19410078861256	1112.4350550465897	1	0	tensor(3)	1.8770771282977206
64615.361700513415	2000.0	497.07335453318234	0.0	0	0.0	1112.4350550465897	1	0	tensor(3)	1.8770771282977206
65399.5730432374	1000.0	712.8620118092012	0.0	0	0.0	1112.435055046597	1	0	tensor(3)	0.4907827671778301
66916.05931945589	2000.0	307.8912778655415	111.51554227484226	0	0.0	1223.95059732144	1	0	tensor(3)	0.5113487111711408
67833.33839996434	2000.0	553.0859361511399	162.4737387940313	0	0.0	1386.4243361154658	1	0	tensor(3)	0.8928923244999654
68677.63439283593	2000.0	708.7899432795363	0.0	0	0.0	1386.4243361154804	1	0	tensor(3)	1.8677347572641525
70081.38961341753	2000.0	305.03472269793554	0.0	0	0.0	1386.4243361154804	1	0	tensor(3)	1.8677347572641525
70900.09211863202	2000.0	564.5181366068539	78.1859191234131	0	0.0	1464.610255238891	1	0	tensor(3)	1.395459082007579
71629.66615854716	1000.0	834.9440966917098	0.0	0	0.0	1464.610255238891	1	0	tensor(3)	0.4782802356281672
72689.99809681038	2000.0	774.6121584284944	0.0	0	0.0	1464.610255238891	1	0	tensor(3)	1.1714274161881124
73581.26111070969	2000.0	883.3491445292002	0.0	0	0.0	1464.610255238891	1	0	tensor(3)	1.8645745967480576
74916.8388795916	2000.0	547.7713756472724	0.0	0	0.0	1464.6102552388766	1	0	tensor(3)	1.8645745967480583
75430.96641819693	1000.0	1033.6438370419419	0.0	0	0.0	1464.6102552388766	1	0	tensor(3)	0.47828023562816774
76241.75571037985	2000.0	1222.8545448590216	0.0	0	0.0	1464.6102552388766	1	0	tensor(3)	1.1714274161881129
77200.0	2000.0	1264.61025523887	0.0	0	9.717347171594156	1464.6102552388766	1	0	tensor(3)	1.8645745967480583
78313.29951992826	2000.0	1151.310735310602	0.0	0	0.0	1464.6102552388766	1	0	tensor(3)	1.8645745967480583
79366.14269014781	2000.0	1098.4675650910604	0.0	0	0.0	1464.6102552388766	1	0	tensor(3)	1.8645745967480583
80260.18990709627	1000.0	1204.4203481426111	0.0	0	0.0	1464.6102552388766	1	0	tensor(3)	0.47828023562816774
81200.0	1000.0	1264.610255238868	0.0	0	354.6614015601954	1464.610255238862	1	0	tensor(3)	1.1714274161881135
82351.57931750528	2000.0	1113.030937733589	0.0	0	0.0	1464.610255238862	1	0	tensor(3)	1.1714274161881135
84114.8083204315	2000.0	349.80193480736943	0.0	0	0.0	1464.610255238862	1	0	tensor(3)	1.8645745967480587
84790.29757154512	1000.0	678.3977091086895	4.085025414945278	0	0.0	1468.695280653803	1	0	tensor(3)	0.45359822723857407
85851.38224133344	2000.0	617.3130393203679	0.0	0	0.0	1468.695280653803	1	0	tensor(3)	1.1712555602881909
86600.07995293532	2000.0	868.6153277184812	0.0	0	0.0	1468.695280653803	1	0	tensor(3)	1.8644027408481363
87573.10838399733	2000.0	895.5868966564741	0.0	0	0.0	1468.6952806538175	1	0	tensor(3)	1.8644027408481356
88200.0	2000.0	1268.6952806537938	0.0	0	146.82050856434216	1468.695280653803	1	0	tensor(3)	1.8644027408481363
89538.5838671684	3000.0	930.1114134853797	0.0	0	0.0	1468.695280653803	1	0	tensor(3)	1.8644027408481363
90467.64479135054	2000.0	1001.0504893032577	0.0	0	0.0	1468.695280653803	1	0	tensor(3)	1.4589376327399717
91200.0	2000.0	1268.6952806537886	0.0	0	36.83518734521931	1468.695280653803	1	0	tensor(3)	1.8644027408481363
92361.28961491954	3000.0	1107.4056657342285	0.0	0	0.0	1468.695280653803	1	0	tensor(3)	1.8644027408481363
93458.26701389819	2000.0	1010.4282667555831	0.0	0	0.0	1468.695280653803	1	0	tensor(3)	1.4589376327399717
94200.76492341257	2000.0	1267.930357241199	0.0	0	0.0	1468.695280653803	1	0	tensor(3)	1.8644027408481363
95273.04331597863	3000.0	1195.6519646751362	0.0	0	0.0	1468.695280653803	1	0	tensor(3)	1.8644027408481363
96712.14615409818	2000.0	756.5491265555736	0.0	0	0.0	1468.695280653803	1	0	tensor(3)	1.4589376327399717
97551.6274317197	2000.0	917.0678489340687	0.0	0	0.0	1468.6952806537884	1	0	tensor(3)	1.8644027408481367
98526.12180860458	2000.0	942.5734720491931	0.0	0	0.0	1468.695280653803	1	0	tensor(3)	1.8644027408481363
99249.47614594284	2000.0	1219.219134710933	0.0	0	0.0	1468.695280653803	1	0	tensor(3)	1.8644027408481363
100200.0	2000.0	1268.6952806537772	0.0	0	182.40987597477215	1468.695280653803	1	0	tensor(3)	1.8644027408481363
101448.70198937807	2000.0	1019.993291275712	0.0	0	0.0	1468.6952806538175	1	0	tensor(3)	1.8644027408481356
102844.3461584686	2000.0	624.3491221851796	0.0	0	0.0	1468.695280653803	1	0	tensor(3)	1.8644027408481363
103565.21043734254	2000.0	903.4848433112272	0.0	0	0.0	1468.695280653803	1	0	tensor(3)	1.8644027408481363
104542.48902453459	2000.0	926.2062561191676	0.0	0	0.0	1468.6952806537884	1	0	tensor(3)	1.8644027408481367
105732.90895946324	2000.0	735.7863211905228	0.0	0	0.0	1468.6952806537738	1	0	tensor(3)	1.8644027408481372
106851.06296405518	2000.0	617.6323165985698	0.0	0	0.0	1468.6952806537738	1	0	tensor(3)	1.8644027408481372
107853.76249579096	2000.0	614.9327848627868	0.0	0	0.0	1468.6952806537738	1	0	tensor(3)	1.8644027408481372
109365.20009777584	2000.0	240.79664371932952	137.3014608414255	0	0.0	1605.996741495168	1	0	tensor(3)	1.034399734208879
109874.09173865564	1000.0	747.43160101006	15.526598170515328	0	0.0	1621.523339665684	1	0	tensor(3)	0.3780003681580677
111455.23707811767	2000.0	231.85305334729827	65.56679179925379	0	0.0	1687.0901314649236	1	0	tensor(3)	0.7675926467040246
112125.98955695328	1000.0	670.2596877983922	109.15911328669316	0	0.0	1796.2492447516124	1	0	tensor(3)	-0.1931167067100952
112778.72314966476	1000.0	1017.5260950869255	0.0	0	0.0	1796.249244751627	1	0	tensor(3)	1.154985153570008
113766.51537572424	2000.0	1029.7338690274473	0.0	0	0.0	1796.2492447516124	1	0	tensor(3)	1.1549851535700086
115092.77124531167	2000.0	703.4779994400169	0.0	0	0.0	1796.2492447516124	1	0	tensor(3)	1.8481323341299538
116017.3453729806	2000.0	778.9038717710631	0.0	0	0.0	1796.2492447516124	1	0	tensor(3)	1.8481323341299538
116869.36877758474	2000.0	926.8804671669277	0.0	0	0.0	1796.2492447516124	1	0	tensor(3)	1.8481323341299538
118004.38905879576	2000.0	791.8601859558968	0.0	0	0.0	1796.2492447516124	1	0	tensor(3)	1.8481323341299538
119114.6158239755	2000.0	681.6334207761445	0.0	0	0.0	1796.2492447516124	1	0	tensor(3)	1.8481323341299538
120897.13755093385	2000.0	200.0	300.88830618221067	0	0.0	2097.137550933825	1	0	tensor(3)	0.03083410313719903
121400.95501252457	500.0	732.012359165923	35.829820756633296	0	0.0	2132.9673716904654	1	0	tensor(3)	-1.1625238212691427
121989.04907920094	1000.0	1143.9182924895551	0.0	0	0.0	2132.9673716904654	1	0	tensor(3)	0.438749464390548
122628.53438456422	2000.0	1504.432987126268	0.0	0	0.0	2132.9673716904654	1	0	tensor(3)	1.1318966449504932
123704.45969376573	2000.0	1428.507677924747	0.0	0	0.0	2132.9673716904654	1	0	tensor(3)	1.8250438255104384
124533.35294245051	2000.0	1599.6144292399822	0.0	0	0.0	2132.9673716904654	1	0	tensor(3)	1.8250438255104384
126199.05864692832	3000.0	933.9087247621773	0.0	0	0.0	2132.9673716904654	1	0	tensor(3)	1.8250438255104386
127068.78468609473	2000.0	1064.182685595763	0.0	0	0.0	2132.9673716904654	1	0	tensor(3)	1.4195787174022738
127903.96112962562	2000.0	1229.0062420648806	0.0	0	0.0	2132.96737169048	1	0	tensor(3)	1.8250438255104373
128985.931188903	2000.0	1147.0361827874754	0.0	0	0.0	2132.96737169048	1	0	tensor(3)	1.8250438255104373
129708.0399263326	2000.0	1424.92744535788	0.0	0	0.0	2132.96737169048	1	0	tensor(3)	1.8250438255104373
130789.51266724714	2000.0	1343.454704443351	0.0	0	0.0	2132.96737169048	1	0	tensor(3)	1.8250438255104373
131554.51335520967	2000.0	1578.4540164808147	0.0	0	0.0	2132.9673716904654	1	0	tensor(3)	1.8250438255104375
133551.22661334055	3000.0	581.74075834992	0.0	0	0.0	2132.9673716904363	1	0	tensor(3)	1.8250438255104406
134158.53463674325	1000.0	974.4327349472445	0.0	0	0.0	2132.967371690407	1	0	tensor(3)	0.03328435628238824
134873.07993258242	2000.0	1259.8874391080883	0.0	0	0.0	2132.967371690378	1	0	tensor(3)	1.1318966449505004
135514.87341835478	2000.0	1618.0939533357396	0.0	0	0.0	2132.967371690349	1	0	tensor(3)	1.825043825510448
136200.0	2000.0	1932.9673716905181	0.0	0	83.73554344070726	2132.967371690349	1	0	tensor(3)	1.825043825510448
137200.0	3000.0	1932.9673716905113	0.0	0	149.16594528529095	2132.96737169032	1	0	tensor(3)	1.8250438255104502
138200.0	3000.0	1932.9673716904992	0.0	0	120.2293762738991	2132.96737169032	1	0	tensor(3)	2.230508933618615
139200.0	3000.0	1932.9673716905143	0.0	0	25.03730566741433	2132.96737169032	1	0	tensor(3)	2.230508933618615
140362.67554234448	3000.0	1770.291829346007	0.0	0	0.0	2132.9673716902907	1	0	tensor(3)	2.2305089336186175
141318.23303165432	3000.0	1814.7343400361528	0.0	0	0.0	2132.9673716902907	1	0	tensor(3)	2.2305089336186175
142784.0214356402	3000.0	1348.9459360502858	0.0	0	0.0	2132.9673716902907	1	0	tensor(3)	2.2305089336186175
144567.77674858845	3000.0	565.1906231020223	0.0	0	0.0	2132.96737169032	1	0	tensor(3)	2.230508933618615
146402.92553384937	2000.0	228.90453297270798	498.86269513161574	0	0.0	2631.830066822091	1	0	tensor(3)	-1.6248515184746593
147209.62453648672	1000.0	585.1121410159176	162.90661068055664	0	0.0	2794.736677502631	1	0	tensor(3)	-0.6125960851760688
147937.7037348286	1000.0	857.0329426740728	0.0	0	0.0	2794.736677502631	1	0	tensor(3)	1.0579907594672162
148586.81939876583	1000.0	1207.9172787368375	0.0	0	0.0	2794.736677502631	1	0	tensor(3)	1.0579907594672162
149407.04588517622	2000.0	1387.6907923264725	0.0	0	0.0	2794.736677502631	1	0	tensor(3)	1.057990759467216
150485.2139566218	2000.0	1309.5227208808944	0.0	0	0.0	2794.736677502631	1	0	tensor(3)	1.7511379400271612
151417.93771698597	2000.0	1376.7989605167504	0.0	0	0.0	2794.736677502631	1	0	tensor(3)	1.7511379400271612
152850.80468354977	2000.0	943.9319939529782	0.0	0	0.0	2794.736677502631	1	0	tensor(3)	1.7511379400271612
153651.40789271094	500.0	1143.328784791773	0.0	0	0.0	2794.736677502573	1	0	tensor(3)	-1.021450782212614
154528.71086505047	1000.0	1266.0258124522015	0.0	0	0.0	2794.736677502573	1	0	tensor(3)	0.3648435789072796
155507.27169656203	1000.0	1287.4649809406362	0.0	0	0.0	2794.736677502544	1	0	tensor(3)	1.0579907594672293
156423.93666380827	1000.0	1370.8000136943904	0.0	0	0.0	2794.736677502544	1	0	tensor(3)	1.0579907594672293
156824.6104754682	1000.0	1970.12620203447	0.0	0	0.0	2794.736677502573	1	0	tensor(3)	1.0579907594672249
158448.85277751493	2000.0	1345.883899987731	0.0	0	0.0	2794.736677502602	1	0	tensor(3)	1.0579907594672204
159334.4609220033	1000.0	1460.2757554993523	0.0	0	0.0	2794.736677502602	1	0	tensor(3)	0.36484357890727537
159922.85375669782	1000.0	1871.882920804805	0.0	0	0.0	2794.736677502573	1	0	tensor(3)	1.0579907594672249
161427.65623908254	2000.0	1367.080438420072	0.0	0	0.0	2794.736677502544	1	0	tensor(3)	1.0579907594672284
162015.12881512317	1000.0	1779.6078623794556	0.0	0	0.0	2794.736677502573	1	0	tensor(3)	0.3648435789072798
163132.52641617492	2000.0	1662.2102613276984	0.0	0	0.0	2794.736677502573	1	0	tensor(3)	1.0579907594672249
164127.20079522367	2000.0	1667.535882278942	0.0	0	0.0	2794.736677502573	1	0	tensor(3)	1.75113794002717
164970.02462459658	2000.0	1824.7120529060094	0.0	0	0.0	2794.736677502573	1	0	tensor(3)	1.75113794002717
166454.57408632617	3000.0	1340.1625911764063	0.0	0	0.0	2794.736677502515	1	0	tensor(3)	1.751137940027178
167332.28066605132	2000.0	1462.4560114512583	0.0	0	0.0	2794.736677502515	1	0	tensor(3)	1.345672831919014
168360.70056227074	2000.0	1434.0361152318376	0.0	0	0.0	2794.736677502515	1	0	tensor(3)	1.7511379400271787
169330.71622026255	3000.0	1464.0204572400442	0.0	0	0.0	2794.736677502515	1	0	tensor(3)	1.751137940027179
170255.85253641117	3000.0	1538.884141091442	0.0	0	0.0	2794.736677502515	1	0	tensor(3)	2.1566030481353433
171118.26191120368	3000.0	1676.4747662989191	0.0	0	0.0	2794.736677502544	1	0	tensor(3)	2.1566030481353393
172944.99023628095	3000.0	849.7464412216215	0.0	0	0.0	2794.736677502515	1	0	tensor(3)	2.156603048135341
173762.44486426908	2000.0	1032.291813233512	0.0	0	0.0	2794.7366775024857	1	0	tensor(3)	1.3456728319190185
174782.62411555534	2000.0	1012.1125619472487	0.0	0	0.0	2794.7366775024857	1	0	tensor(3)	1.7511379400271831
176185.61975797353	2000.0	609.1169195290619	0.0	0	0.0	2794.7366775024857	1	0	tensor(3)	1.7511379400271831
177149.50901289267	2000.0	645.2276646099413	0.0	0	0.0	2794.736677502515	1	0	tensor(3)	1.7511379400271787
178044.01912283705	2000.0	750.7175546655723	0.0	0	0.0	2794.736677502515	1	0	tensor(3)	1.7511379400271787
178546.7394687783	2000.0	1247.9972087243234	0.0	0	0.0	2794.7366775024857	1	0	tensor(3)	1.7511379400271831
179724.56005203412	3000.0	1070.1766254684867	0.0	0	0.0	2794.7366775024857	1	0	tensor(3)	1.7511379400271798
180619.69382693138	2000.0	1175.042850571268	0.0	0	0.0	2794.736677502515	1	0	tensor(3)	1.3456728319190177
181721.7685068704	2000.0	1072.9681706322394	0.0	0	0.0	2794.736677502515	1	0	tensor(3)	1.7511379400271787
182706.16769132292	2000.0	1088.56898617977	0.0	0	0.0	2794.736677502544	1	0	tensor(3)	1.751137940027177
183641.74129806974	2000.0	1152.9953794329463	0.0	0	0.0	2794.736677502544	1	0	tensor(3)	1.7511379400271745
184659.91996010748	3000.0	1134.816717395196	0.0	0	0.0	2794.736677502515	1	0	tensor(3)	1.751137940027179
185475.63034120775	2000.0	1319.1063362948842	0.0	0	0.0	2794.736677502515	1	0	tensor(3)	1.345672831919014
187283.4109165968	3000.0	511.32576090582916	0.0	0	0.0	2794.736677502515	1	0	tensor(3)	1.751137940027179
188067.36283742366	2000.0	727.3738400789475	0.0	0	0.0	2794.736677502515	1	0	tensor(3)	1.345672831919014
189273.83811810974	2000.0	520.8985593928481	0.0	0	0.0	2794.736677502544	1	0	tensor(3)	1.7511379400271745
190646.75161444597	2000.0	230.49606657609786	82.5110035194445	0	0.0	2877.2476810219814	1	0	tensor(3)	1.2432306982409091
191219.4661143775	1000.0	703.2195174261777	45.437950781616195	0	0.0	2922.685631803586	1	0	tensor(3)	0.07187731298918476
192363.4313009952	2000.0	559.2543308084853	0.0	0	0.0	2922.685631803586	1	0	tensor(3)	1.037652198238827
193517.01514099134	2000.0	427.2722648860232	21.60177407364864	0	0.0	2944.2874058772286	1	0	tensor(3)	1.5975138961115165
194311.75669999275	2000.0	632.5307058845958	0.0	0	0.0	2944.2874058771995	1	0	tensor(3)	1.7271245405534132
195109.96771863275	2000.0	834.3196872445702	0.0	0	0.0	2944.2874058771995	1	0	tensor(3)	1.7271245405534132
196227.31982240826	3000.0	716.9675834690407	0.0	0	0.0	2944.2874058771995	1	0	tensor(3)	1.7271245405534135
197620.37822963964	2000.0	323.9091762376489	0.0	0	0.0	2944.2874058771995	1	0	tensor(3)	1.3216594324452486
198231.10091080467	1000.0	713.186495072626	0.0	0	0.0	2944.2874058772286	1	0	tensor(3)	0.340830179433518
199610.17063336654	2000.0	334.1167725107452	0.0	0	0.0	2944.2874058772286	1	0	tensor(3)	1.0339773599934632
200169.96441330048	1000.0	774.3229925768153	0.0	0	0.0	2944.2874058772286	1	0	tensor(3)	0.340830179433518
201224.91663867532	2000.0	719.3707672019773	0.0	0	0.0	2944.2874058771995	1	0	tensor(3)	1.033977359993468
201945.08237990297	1000.0	999.2050259743437	0.0	0	0.0	2944.2874058771995	1	0	tensor(3)	0.340830179433523
202594.4820481653	1000.0	1349.8053577120438	0.0	0	0.0	2944.2874058771995	1	0	tensor(3)	1.033977359993468
203320.1105054569	1000.0	1624.1769004204336	0.0	0	0.0	2944.2874058772286	1	0	tensor(3)	1.0339773599934632
203895.04836116184	1000.0	2049.2390447154894	0.0	0	0.0	2944.2874058772286	1	0	tensor(3)	1.0339773599934632
205216.8198566965	2000.0	1727.4675491808657	0.0	0	0.0	2944.2874058772286	1	0	tensor(3)	1.0339773599934632
206479.13390164543	2000.0	1465.1535042319242	0.0	0	0.0	2944.2874058772286	1	0	tensor(3)	1.7271245405534084
207094.34257245425	1000.0	1849.9448334231251	0.0	0	0.0	2944.2874058771995	1	0	tensor(3)	0.340830179433523
207896.6777237697	1000.0	2047.6096821076858	0.0	0	0.0	2944.2874058771995	1	0	tensor(3)	1.033977359993468
209426.7588850527	2000.0	1517.5285208246942	0.0	0	0.0	2944.2874058771704	1	0	tensor(3)	1.0339773599934732
210137.99344776836	1000.0	1806.2939581090307	0.0	0	0.0	2944.2874058771995	1	0	tensor(3)	0.340830179433523
210927.91157931503	2000.0	2016.375826562342	0.0	0	0.0	2944.2874058771995	1	0	tensor(3)	1.033977359993468
211634.1589707277	2000.0	2310.1284351496624	0.0	0	0.0	2944.2874058772286	1	0	tensor(3)	1.7271245405534115
212773.3943409489	2000.0	2170.893064928474	0.0	0	0.0	2944.2874058772286	1	0	tensor(3)	1.7271245405534084
214007.14833745148	2000.0	1937.139068425878	0.0	0	0.0	2944.2874058772286	1	0	tensor(3)	1.7271245405534084
215047.2206112229	2000.0	1897.0667946544825	0.0	0	0.0	2944.2874058772286	1	0	tensor(3)	1.7271245405534084
216430.75249164095	2000.0	1513.5349142364412	0.0	0	0.0	2944.2874058771995	1	0	tensor(3)	1.7271245405534132
217548.64832911605	2000.0	1395.639076761346	0.0	0	0.0	2944.2874058772286	1	0	tensor(3)	1.7271245405534084
218437.18333081243	2000.0	1507.1040750649247	0.0	0	0.0	2944.2874058772286	1	0	tensor(3)	1.7271245405534084
219341.3758916925	2000.0	1602.9115141848768	0.0	0	0.0	2944.2874058772286	1	0	tensor(3)	1.7271245405534084
220798.64907420718	2000.0	1145.6383316702188	0.0	0	0.0	2944.2874058772286	1	0	tensor(3)	1.7271245405534084
222154.707015772	2000.0	789.5803901054067	0.0	0	0.0	2944.2874058772286	1	0	tensor(3)	1.7271245405534084
222703.6309164561	1000.0	1240.6564894213016	0.0	0	0.0	2944.2874058772577	1	0	tensor(3)	0.340830179433513
223965.35112139914	2000.0	978.9362844782588	0.0	0	0.0	2944.2874058772577	1	0	tensor(3)	1.033977359993458
224605.13723321143	1000.0	1339.1501726659953	0.0	0	0.0	2944.2874058772577	1	0	tensor(3)	0.340830179433513
225629.10763014926	2000.0	1315.1797757281936	0.0	0	0.0	2944.2874058772577	1	0	tensor(3)	1.033977359993458
226885.78925816683	2000.0	1058.4981477106292	0.0	0	0.0	2944.287405877287	1	0	tensor(3)	1.7271245405534004
227893.9078275695	2000.0	1050.379578308001	0.0	0	0.0	2944.287405877287	1	0	tensor(3)	1.7271245405533984
228603.8317912146	1000.0	1340.455614662905	0.0	0	0.0	2944.287405877287	1	0	tensor(3)	0.340830179433508
229415.6300766469	1000.0	1528.6573292306311	0.0	0	0.0	2944.287405877287	1	0	tensor(3)	1.0339773599934532
230154.26728357092	1000.0	1790.0201223065983	0.0	0	0.0	2944.287405877287	1	0	tensor(3)	1.0339773599934532
230758.32858964882	1000.0	2185.9588162286495	0.0	0	0.0	2944.287405877287	1	0	tensor(3)	1.0339773599934532
232435.45582741324	2000.0	1508.831578464238	0.0	0	0.0	2944.287405877287	1	0	tensor(3)	1.0339773599934532
233214.46338195947	1000.0	1729.824023918034	0.0	0	0.0	2944.2874058772577	1	0	tensor(3)	0.340830179433513
234021.47648542703	1000.0	1922.8109204504942	0.0	0	0.0	2944.2874058772577	1	0	tensor(3)	1.0339773599934583
235254.502187481	2000.0	1689.7852183965445	0.0	0	0.0	2944.2874058772577	1	0	tensor(3)	1.033977359993458
236280.55408458618	2000.0	1663.7333212914007	0.0	0	0.0	2944.2874058772577	1	0	tensor(3)	1.7271245405534033
236825.20082567108	2000.0	2119.086580206465	0.0	0	0.0	2944.2874058772577	1	0	tensor(3)	1.7271245405534033
238111.25590280915	3000.0	1833.0315030683882	0.0	0	0.0	2944.2874058772286	1	0	tensor(3)	1.7271245405534064
238848.41676821752	2000.0	2095.8706376599703	0.0	0	0.0	2944.2874058772286	1	0	tensor(3)	1.3216594324452438
239741.06564642544	3000.0	2203.2217594520507	0.0	0	0.0	2944.2874058772286	1	0	tensor(3)	1.7271245405534086
241292.4254232119	3000.0	1651.8619826655759	0.0	0	0.0	2944.2874058772286	1	0	tensor(3)	2.132589648661573
242199.1700370454	2000.0	1745.1173688320737	0.0	0	0.0	2944.2874058772286	1	0	tensor(3)	1.3216594324452438
242951.81824808984	2000.0	1992.4691577876395	0.0	0	0.0	2944.2874058771995	1	0	tensor(3)	1.7271245405534132
244280.29866717142	3000.0	1663.9887387060428	0.0	0	0.0	2944.2874058771704	1	0	tensor(3)	1.7271245405534184
245640.52353311446	2000.0	1303.7638727629783	0.0	0	0.0	2944.2874058771413	1	0	tensor(3)	1.3216594324452586
246418.9781448763	2000.0	1525.3092610011245	0.0	0	0.0	2944.2874058771413	1	0	tensor(3)	1.7271245405534232
247563.6996979225	2000.0	1380.5877079549334	0.0	0	0.0	2944.287405877112	1	0	tensor(3)	1.7271245405534243
248761.60122041428	2000.0	1182.686185463177	0.0	0	0.0	2944.287405877112	1	0	tensor(3)	1.7271245405534283
249707.0748075871	2000.0	1237.2125982903601	0.0	0	0.0	2944.2874058771413	1	0	tensor(3)	1.7271245405534261
250562.65405514438	2000.0	1381.6333507330805	0.0	0	0.0	2944.287405877112	1	0	tensor(3)	1.7271245405534243
251836.28136904593	2000.0	1108.0060368315121	0.0	0	0.0	2944.2874058771413	1	0	tensor(3)	1.7271245405534252
252874.84894567955	2000.0	1069.438460197873	0.0	0	0.0	2944.2874058771704	1	0	tensor(3)	1.7271245405534184
253527.28883535022	2000.0	1416.9985705271686	0.0	0	0.0	2944.2874058771704	1	0	tensor(3)	1.7271245405534184
254737.43944212465	2000.0	1206.8479637527296	0.0	0	0.0	2944.2874058771704	1	0	tensor(3)	1.7271245405534223
255714.261377378	2000.0	1230.0260284993792	0.0	0	0.0	2944.2874058771413	1	0	tensor(3)	1.7271245405534201
256618.98925671048	2000.0	1325.2981491668577	0.0	0	0.0	2944.287405877112	1	0	tensor(3)	1.7271245405534243
257584.57242543236	2000.0	1359.71498044494	0.0	0	0.0	2944.287405877112	1	0	tensor(3)	1.7271245405534283
259175.74026979232	2000.0	768.5471360849859	0.0	0	0.0	2944.287405877112	1	0	tensor(3)	1.7271245405534283
259672.40852293975	1000.0	1271.8788829375471	0.0	0	0.0	2944.287405877054	1	0	tensor(3)	0.340830179433546
260637.37711766403	2000.0	1306.910288213252	0.0	0	0.0	2944.287405877083	1	0	tensor(3)	1.033977359993488
261189.4556012809	1000.0	1754.831804596377	0.0	0	0.0	2944.287405877112	1	0	tensor(3)	0.340830179433538
261880.86186502836	1000.0	2063.425540848916	0.0	0	0.0	2944.287405877112	1	0	tensor(3)	1.0339773599934832
262911.275243768	2000.0	2033.0121621092924	0.0	0	0.0	2944.287405877083	1	0	tensor(3)	1.0339773599934892
264038.52867788484	2000.0	1905.7587279924792	0.0	0	0.0	2944.287405877112	1	0	tensor(3)	1.7271245405534303
264899.20054849575	2000.0	2045.086857381577	0.0	0	0.0	2944.287405877112	1	0	tensor(3)	1.7271245405534323
265991.24444849027	2000.0	1953.0429573870506	0.0	0	0.0	2944.2874058771413	1	0	tensor(3)	1.7271245405534232
266919.718627044	2000.0	2024.568778833287	0.0	0	0.0	2944.2874058771413	1	0	tensor(3)	1.7271245405534232
268131.2210118815	2000.0	1813.0663939958185	0.0	0	0.0	2944.2874058771413	1	0	tensor(3)	1.7271245405534232
269041.97253199853	2000.0	1902.314873878804	0.0	0	0.0	2944.2874058771995	1	0	tensor(3)	1.7271245405534152
270637.02957229735	2000.0	1307.25783357998	0.0	0	0.0	2944.2874058771995	1	0	tensor(3)	1.7271245405534132
271466.4543487153	2000.0	1477.8330571620033	0.0	0	0.0	2944.2874058771995	1	0	tensor(3)	1.7271245405534132
272126.877054051	2000.0	1817.4103518264083	0.0	0	0.0	2944.2874058771995	1	0	tensor(3)	1.7271245405534132
272984.4766812184	2000.0	1959.8107246589555	0.0	0	0.0	2944.2874058771413	1	0	tensor(3)	1.7271245405534232
274264.6729392657	3000.0	1679.6144666116306	0.0	0	0.0	2944.2874058771995	1	0	tensor(3)	1.7271245405534155
275276.29331566347	2000.0	1667.9940902138803	0.0	0	0.0	2944.2874058771995	1	0	tensor(3)	1.3216594324452486
276370.8618878041	2000.0	1573.4255180732443	0.0	0	0.0	2944.2874058771995	1	0	tensor(3)	1.7271245405534132
277969.7795503133	3000.0	974.5078555640853	0.0	0	0.0	2944.2874058771413	1	0	tensor(3)	1.7271245405534195
278843.8829351627	2000.0	1100.404470714764	0.0	0	0.0	2944.2874058771413	1	0	tensor(3)	1.3216594324452586
279884.645765331	2000.0	1059.6416405465143	0.0	0	0.0	2944.2874058771413	1	0	tensor(3)	1.7271245405534232
281025.3072382997	3000.0	918.9801675777874	0.0	0	0.0	2944.2874058771413	1	0	tensor(3)	1.7271245405534235
281706.50339349755	1000.0	1237.7840123798744	0.0	0	0.0	2944.2874058771995	1	0	tensor(3)	-0.0646349286746356
282557.82155336917	1000.0	1386.465852508242	0.0	0	0.0	2944.2874058771995	1	0	tensor(3)	1.033977359993468
283158.1086379697	1000.0	1786.178767907748	0.0	0	0.0	2944.2874058771995	1	0	tensor(3)	1.033977359993468
283935.08222156554	2000.0	2009.2051843119627	0.0	0	0.0	2944.2874058771995	1	0	tensor(3)	1.033977359993468
284725.4569761433	2000.0	2218.8304297341774	0.0	0	0.0	2944.2874058771995	1	0	tensor(3)	1.7271245405534132
285724.7240326617	3000.0	2219.563373215783	0.0	0	0.0	2944.2874058771995	1	0	tensor(3)	1.7271245405534135
286491.0246378533	3000.0	2453.262768024181	0.0	0	0.0	2944.2874058771995	1	0	tensor(3)	2.132589648661578
287200.0	3000.0	2744.2874058774632	0.0	0	97.54767799685942	2944.2874058771995	1	0	tensor(3)	2.132589648661578
288372.5090063791	3000.0	2571.778399498383	0.0	0	0.0	2944.2874058771995	1	0	tensor(3)	2.132589648661578
289517.24634840625	3000.0	2427.0410574713014	0.0	0	0.0	2944.2874058771413	1	0	tensor(3)	2.132589648661588
290335.43222349667	3000.0	2608.855182380912	0.0	0	0.0	2944.2874058771995	1	0	tensor(3)	2.132589648661578
292081.4316625059	3000.0	1862.855743371725	0.0	0	0.0	2944.2874058772577	1	0	tensor(3)	2.132589648661572
293972.7445524469	3000.0	971.5428534307573	0.0	0	0.0	2944.287405877316	1	0	tensor(3)	2.132589648661566
294749.55750060035	1000.0	1194.729905277334	0.0	0	0.0	2944.287405877374	1	0	tensor(3)	-0.06463492867467158
296157.6201302418	2000.0	786.667275635898	0.0	0	0.0	2944.287405877374	1	0	tensor(3)	1.033977359993438
296872.21338064875	1000.0	1072.0740252289568	0.0	0	0.0	2944.287405877374	1	0	tensor(3)	0.34083017943349303
297470.7550444935	1000.0	1473.5323613842315	0.0	0	0.0	2944.287405877374	1	0	tensor(3)	1.0339773599934383
298258.5701945595	2000.0	1685.7172113181068	0.0	0	0.0	2944.287405877316	1	0	tensor(3)	1.033977359993448
299305.3386196297	2000.0	1638.9487862479484	0.0	0	0.0	2944.287405877316	1	0	tensor(3)	1.7271245405533933
300070.80011522275	2000.0	1873.4872906548787	0.0	0	0.0	2944.287405877316	1	0	tensor(3)	1.7271245405533933
301305.68853752816	2000.0	1638.5988683494852	0.0	0	0.0	2944.287405877316	1	0	tensor(3)	1.7271245405533933
302604.44998509623	1000.0	1339.8374207813933	0.0	0	0.0	2944.2874058772577	1	0	tensor(3)	0.340830179433513
303921.8266107444	1000.0	1022.4607951332198	0.0	0	0.0	2944.2874058771995	1	0	tensor(3)	1.033977359993464
1.23	0.83	1.0	0.9	1.44	2.15	1.27	1.48	1.88	1.37	1.66	1.85	2.59	3.43	1.85	1.91	2.86	3.0	3.85	3.19	1.34	1.8	2.02	1.75	1.88	2.51	3.34	2.92	1.73	2.22	1.99	2.7	3.2	2.9	1.51	1.78	2.18	2.43	1.69	1.92	2.19	2.1	2.75	3.71	2.51	1.52	1.96	1.62	1.96	1.55	1.61	1.34	1.66	2.05	1.33	1.41	1.81	1.23	1.95	2.07	2.48	1.45	1.62	1.62	2.21	2.33	1.96	1.92	1.59	1.73	1.84	1.77	1.71	2.1	1.71	2.28	1.31	1.36	1.69	2.06	1.31	1.44	1.89	2.1	2.36	3.26	2.31	2.64	2.58	2.24	2.27	3.02	2.37	1.44	2.07	2.13	2.04	1.99	1.88	1.66	2.2	2.77	2.24	1.73	2.39	1.83	1.63	1.61	1.84	1.52	1.78	1.68	1.95	1.96	2.09	2.06	1.89	1.55	1.07	2.65	2.47	2.81	2.02	1.76	2.62	2.06	2.22	2.4	2.78	1.23	1.22	1.97	2.63	3.64	4.58	4.04	2.75	3.67	3.86	1.62	2.31	1.84	1.04	1.88	1.62	1.62	1.91	2.14	2.58	2.51	1.23	0.83	1.0	0.9	1.44	2.15	1.27	1.48	1.88	1.37	1.66	1.85	2.59	3.43	1.85	1.91	2.86	3.0	3.85	3.19	1.34	1.8	2.02	1.75	1.88	2.51	3.34	2.92	1.73	2.22	1.99	2.7	3.2	2.9	1.51	1.78	2.18	2.43	1.69	1.92	2.19	2.1	2.75	3.71	2.51	1.52	1.96	1.62	1.96	1.55	1.61	1.34	1.66	2.05	1.33	1.41	1.81	1.23	1.95	2.07	2.48	1.45	1.62	1.62	2.21	2.33	1.96	1.92	1.59	1.73	1.84	1.77	1.71	2.1	1.71	2.28	1.31	1.36	1.69	2.06	1.31	1.44	1.89	2.1	2.36	3.26	2.31	2.64	2.58	2.24	2.27	3.02	2.37	1.44	2.07	2.13	2.04	1.99	1.88	1.66	2.2	2.77	2.24	1.73	2.39	1.83	1.63	1.61	1.84	1.52	1.78	1.68	1.95	1.96	2.09	2.06	1.89	1.55	1.07	2.65	2.47	2.81	2.02	1.76	2.62	2.06	2.22	2.4	2.78	1.23	1.22	1.97	2.63	3.64	4.58	4.04	2.75	3.67	3.86	1.62	2.31	1.84	1.04	1.88	1.62	1.62	1.91	2.14	2.58	2.51	1.23	0.83	1.0	0.9	1.44
1.0	2.0	3.0	4.0	5.0	6.0	7.0	8.0	9.0	10.0	11.0	12.0	13.0	14.0	15.0	16.0	17.0	18.0	19.0	20.0	21.0	22.0	23.0	24.0	25.0	26.0	27.0	28.0	29.0	30.0	31.0	32.0	33.0	34.0	35.0	36.0	37.0	38.0	39.0	40.0	41.0	42.0	43.0	44.0	45.0	46.0	47.0	48.0	49.0	50.0	51.0	52.0	53.0	54.0	55.0	56.0	57.0	58.0	59.0	60.0	61.0	62.0	63.0	64.0	65.0	66.0	67.0	68.0	69.0	70.0	71.0	72.0	73.0	74.0	75.0	76.0	77.0	78.0	79.0	80.0	81.0	82.0	83.0	84.0	85.0	86.0	87.0	88.0	89.0	90.0	91.0	92.0	93.0	94.0	95.0	96.0	97.0	98.0	99.0	100.0	101.0	102.0	103.0	104.0	105.0	106.0	107.0	108.0	109.0	110.0	111.0	112.0	113.0	114.0	115.0	116.0	117.0	118.0	119.0	120.0	121.0	122.0	123.0	124.0	125.0	126.0	127.0	128.0	129.0	130.0	131.0	132.0	133.0	134.0	135.0	136.0	137.0	138.0	139.0	140.0	141.0	142.0	143.0	144.0	145.0	146.0	147.0	148.0	149.0	149.0	150.0	151.0	152.0	153.0	154.0	155.0	156.0	157.0	158.0	159.0	160.0	161.0	162.0	163.0	164.0	165.0	166.0	167.0	168.0	169.0	170.0	171.0	172.0	173.0	174.0	175.0	176.0	177.0	178.0	179.0	180.0	181.0	182.0	183.0	184.0	185.0	186.0	187.0	188.0	189.0	190.0	191.0	192.0	193.0	194.0	195.0	196.0	197.0	198.0	199.0	200.0	201.0	202.0	203.0	204.0	205.0	206.0	207.0	208.0	209.0	210.0	211.0	212.0	213.0	214.0	215.0	216.0	217.0	218.0	219.0	220.0	221.0	222.0	223.0	224.0	225.0	226.0	227.0	228.0	229.0	230.0	231.0	232.0	233.0	234.0	235.0	236.0	237.0	238.0	239.0	240.0	241.0	242.0	243.0	244.0	245.0	246.0	247.0	248.0	249.0	250.0	251.0	252.0	253.0	254.0	255.0	256.0	257.0	258.0	259.0	260.0	261.0	262.0	263.0	264.0	265.0	266.0	267.0	268.0	269.0	270.0	271.0	272.0	273.0	274.0	275.0	276.0	277.0	278.0	279.0	280.0	281.0	282.0	283.0	284.0	285.0	286.0	287.0	288.0	289.0	290.0	291.0	292.0	293.0	294.0	295.0	296.0	297.0	298.0	298.0	299.0	300.0	301.0	302.0	303.0
2553.8816792548646
