6038.436524321756	1000.0	2000.0	297.2231880154787	0	0.0	4038.436524321756	1	0	tensor(6)	-8.236643169382715
6846.113718665872	3000.0	2192.3228056558846	0.0	0	0.0	4038.4365243217567	1	0	tensor(3)	0.7206715240581821
8501.257331919278	3000.0	1537.179192402478	0.0	0	0.0	4038.436524321756	1	0	tensor(3)	1.8192838127262918
9804.21798203597	3000.0	1234.2185422857851	0.0	0	0.0	2038.4365243217562	1	0	tensor(6)	-3.7622357402981423
10727.124331839292	2000.0	1311.312192482465	0.0	0	0.0	2038.4365243217562	1	0	tensor(3)	1.426834043485529
11451.196841760262	2000.0	1587.2396825614949	0.0	0	0.0	2038.4365243217562	1	0	tensor(3)	1.8322991515936935
12389.806355122491	3000.0	1648.630169199264	0.0	0	0.0	2038.4365243217544	1	0	tensor(3)	1.8322991515936935
13825.50706841769	3000.0	1212.929455904064	0.0	0	0.0	2038.4365243217544	1	0	tensor(3)	2.237764259701858
15240.952062676064	2000.0	797.4844616456883	0.0	0	0.0	2038.4365243217526	1	0	tensor(3)	1.4268340434855291
16166.10416387178	2000.0	872.3323604499716	0.0	0	0.0	2038.4365243217526	1	0	tensor(3)	1.8322991515936937
17601.459141920586	2000.0	436.9773824011665	0.0	0	0.0	2038.4365243217562	1	0	tensor(3)	1.8322991515936935
18115.704980509156	1000.0	922.731543812598	0.0	0	0.0	2038.436524321758	1	0	tensor(3)	0.44600479047380287
19216.84024572995	2000.0	821.596278591802	0.0	0	0.0	2038.436524321758	1	0	tensor(3)	1.139151971033748
20035.267986115978	2000.0	1003.1685382057738	0.0	0	0.0	2038.436524321758	1	0	tensor(3)	1.832299151593693
20943.33216148654	2000.0	1095.1043628352108	0.0	0	0.0	2038.436524321758	1	0	tensor(3)	1.832299151593693
21785.92849616473	2000.0	1252.5080281570222	0.0	0	0.0	2038.4365243217617	1	0	tensor(3)	1.832299151593693
23562.679370337442	2000.0	475.75715398431447	0.0	0	0.0	2038.4365243217617	1	0	tensor(3)	1.8322991515936928
24344.01130292742	1000.0	694.4252213943363	0.0	0	0.0	2038.4365243217617	1	0	tensor(3)	0.4460047904738026
25112.126380915244	1000.0	926.310143406511	0.0	0	0.0	2038.4365243217617	1	0	tensor(3)	1.1391519710337477
25807.277616186875	1000.0	1231.1589081348784	0.0	0	0.0	2038.4365243217617	1	0	tensor(3)	1.1391519710337477
26788.291383844837	2000.0	1250.145140476917	0.0	0	0.0	2038.4365243217617	1	0	tensor(3)	1.1391519710337477
27290.211123668552	2000.0	1748.2254006532	0.0	0	0.0	2038.4365243217617	1	0	tensor(3)	1.8322991515936928
28573.474778690972	3000.0	1464.9617456307824	0.0	0	0.0	2038.4365243217617	1	0	tensor(3)	1.832299151593693
29812.931219814538	2000.0	1225.5053045072143	0.0	0	0.0	2038.4365243217617	1	0	tensor(3)	1.4268340434855282
30620.2549868303	2000.0	1418.1815374914527	0.0	0	0.0	2038.4365243217617	1	0	tensor(3)	1.8322991515936928
31222.775957168153	2000.0	1815.6605671535974	0.0	0	0.0	2038.4365243217617	1	0	tensor(3)	1.8322991515936928
32200.0	2000.0	1838.4365243217474	0.0	0	197.62035134021426	2038.4365243217617	1	0	tensor(3)	1.8322991515936928
33200.0	2000.0	1838.436524321748	0.0	0	140.31072870711068	2038.4365243217617	1	0	tensor(3)	1.8322991515936928
34200.0	2000.0	1838.436524321749	0.0	0	207.5734568621483	2038.4365243217653	1	0	tensor(3)	1.8322991515936926
35200.0	2000.0	1838.43652432175	0.0	0	400.38153434026026	2038.436524321769	1	0	tensor(3)	1.8322991515936926
36718.6498536598	3000.0	1319.7866706619461	0.0	0	0.0	2038.4365243217762	1	0	tensor(3)	1.832299151593692
37422.22137308459	2000.0	1616.2151512371659	0.0	0	0.0	2038.4365243217762	1	0	tensor(3)	1.4268340434855271
38777.47629228009	3000.0	1260.9602320416725	0.0	0	0.0	2038.4365243217762	1	0	tensor(3)	1.832299151593692
39646.852777553075	2000.0	1391.5837467686902	0.0	0	0.0	2038.4365243217762	1	0	tensor(3)	1.4268340434855271
40269.73579927355	2000.0	1768.7007250482145	0.0	0	0.0	2038.4365243217762	1	0	tensor(3)	1.8322991515936917
41657.82359673907	3000.0	1380.612927582692	0.0	0	0.0	2038.4365243217762	1	0	tensor(3)	1.832299151593692
42597.36593046964	2000.0	1441.0705938521255	0.0	0	0.0	2038.4365243217762	1	0	tensor(3)	1.4268340434855271
43220.124818598335	2000.0	1818.311705723435	0.0	0	0.0	2038.4365243217762	1	0	tensor(3)	1.8322991515936917
44773.44136974357	3000.0	1264.9951545782037	0.0	0	0.0	2038.4365243217835	1	0	tensor(3)	1.8322991515936913
45910.58963832714	2000.0	1127.8468859946324	0.0	0	0.0	2038.4365243217835	1	0	tensor(3)	1.4268340434855267
47423.96468283866	2000.0	614.471841483102	0.0	0	0.0	2038.4365243217835	1	0	tensor(3)	1.8322991515936913
48766.571070821505	2000.0	285.9479518811961	14.082498380934112	0	0.0	2052.5190227027197	1	0	tensor(3)	1.746764661765499
49380.7364311653	1000.0	681.9665685373361	10.183976999929712	0	0.0	2062.7029997026475	1	0	tensor(3)	0.38310087417865824
49979.44327886276	1000.0	1083.2597208398797	0.0	0	0.0	2062.7029997026475	1	0	tensor(3)	1.1373519167381816
51182.94988655969	2000.0	879.7531131429561	0.0	0	0.0	2062.7029997026475	1	0	tensor(3)	1.1373519167381816
51896.16853447877	2000.0	1166.5344652238807	0.0	0	0.0	2062.7029997026475	1	0	tensor(3)	1.8304990972981265
52573.84453903823	2000.0	1488.8584606644092	0.0	0	0.0	2062.7029997026475	1	0	tensor(3)	1.8304990972981265
53442.00210789703	2000.0	1620.7008918056083	0.0	0	0.0	2062.7029997026475	1	0	tensor(3)	1.8304990972981265
54907.65135787733	3000.0	1155.051641825304	0.0	0	0.0	2062.7029997026475	1	0	tensor(3)	1.8304990972981268
56347.36454338478	2000.0	715.338456317851	0.0	0	0.0	2062.70299970264	1	0	tensor(3)	1.4250339891899626
58105.91370288248	2000.0	284.09739849701447	327.30810167687196	0	0.0	2390.011101379503	1	0	tensor(3)	-0.16051711723994394
58941.09142233415	1000.0	573.4300711819301	124.51039213659391	0	0.0	2514.5214935160984	1	0	tensor(3)	-0.3452592258400083
59760.43583038261	1000.0	754.0856631334807	0.0	0	0.0	2514.5214935161057	1	0	tensor(3)	1.0949503075394995
60657.424754479885	1000.0	857.0967390361988	0.0	0	0.0	2514.5214935161057	1	0	tensor(3)	1.0949503075394995
61776.69711224421	2000.0	737.8243812718821	0.0	0	0.0	2514.5214935161057	1	0	tensor(3)	1.0949503075394995
62575.14458210654	2000.0	939.3769114095537	0.0	0	0.0	2514.5214935160984	1	0	tensor(3)	1.7880974880994454
63184.118390720745	2000.0	1330.4031027953563	0.0	0	0.0	2514.5214935160984	1	0	tensor(3)	1.7880974880994454
64043.33777734963	3000.0	1471.1837161664653	0.0	0	0.0	2514.5214935160984	1	0	tensor(3)	1.7880974880994456
66154.29562264353	3000.0	360.2258708725408	0.0	0	0.0	2514.5214935160766	1	0	tensor(3)	2.1935625962076113
67010.3424154745	2000.0	565.197088292352	61.018010250792145	0	0.0	2575.539503766857	1	0	tensor(3)	1.0092785170884384
67685.37262340909	2000.0	890.1668803577619	0.0	0	0.0	2575.539503766857	1	0	tensor(3)	1.7808516867013569
68603.26058674163	3000.0	972.2789170251963	0.0	0	0.0	2575.5395037668495	1	0	tensor(3)	1.7808516867013575
69638.65219870851	3000.0	936.8873050583297	0.0	0	0.0	2575.5395037668495	1	0	tensor(3)	2.1863167948095223
71234.33831266298	3000.0	341.20119110386435	0.0	0	0.0	2575.539503766835	1	0	tensor(3)	2.186316794809524
72384.0691441412	2000.0	402.7373442611148	211.2669846354921	0	0.0	2786.8064884023333	1	0	tensor(3)	0.07925452082855189
73195.24928034958	2000.0	591.557208052732	0.0	0	0.0	2786.8064884023333	1	0	tensor(3)	1.752321536749669
74137.02675139366	2000.0	649.77973700867	0.0	0	0.0	2786.8064884023333	1	0	tensor(3)	1.752321536749669
74792.6795343496	2000.0	994.1269540527219	0.0	0	0.0	2786.806488402348	1	0	tensor(3)	1.752321536749667
75671.35199243111	2000.0	1115.454495971214	0.0	0	0.0	2786.806488402348	1	0	tensor(3)	1.752321536749667
76419.54085856378	2000.0	1367.265629838553	0.0	0	0.0	2786.8064884023333	1	0	tensor(3)	1.752321536749669
77589.62452838245	2000.0	1197.181960019872	0.0	0	0.0	2786.8064884023333	1	0	tensor(3)	1.752321536749669
79916.61531424044	2000.0	200.0	329.80882583809375	0	0.0	3116.6153142404364	1	0	tensor(3)	-0.25595136226738174
80334.01478760524	500.0	811.845210851283	29.244684216088075	0	0.0	3145.8599984565226	1	0	tensor(3)	-1.2589171875917118
81200.57174110315	1000.0	945.2882573533752	0.0	0	0.0	3145.859998456537	1	0	tensor(3)	0.30284527882470447
81941.89729599416	1000.0	1203.962702462358	0.0	0	0.0	3145.859998456537	1	0	tensor(3)	0.9959924593846499
82670.55719783728	1000.0	1475.302800619249	0.0	0	0.0	3145.8599984565226	1	0	tensor(3)	0.995992459384653
83464.93246834571	1000.0	1680.9275301108078	0.0	0	0.0	3145.8599984565226	1	0	tensor(3)	0.995992459384653
84005.82833836833	1000.0	2140.031660088186	0.0	0	0.0	3145.8599984565226	1	0	tensor(3)	0.995992459384653
84883.95446498762	2000.0	2261.905533468897	0.0	0	0.0	3145.8599984565226	1	0	tensor(3)	0.9959924593846528
85971.92103284005	3000.0	2173.938965616456	0.0	0	0.0	3145.8599984565226	1	0	tensor(3)	1.6891396399445981
87352.12882183625	3000.0	1793.731176620278	0.0	0	0.0	3145.8599984565226	1	0	tensor(3)	2.0946047480527628
89838.43048729264	3000.0	307.42951116386087	0.0	0	0.0	3145.8599984565226	1	0	tensor(3)	2.0946047480527628
90726.61374580771	1000.0	567.9003795000083	148.65412685122277	0	0.0	3294.5141253077454	1	0	tensor(3)	-1.027275441525817
91804.51479898613	2000.0	489.9993263215937	0.0	0	0.0	3294.5141253077454	1	0	tensor(3)	0.9632616082496295
92766.63714319635	2000.0	527.8769821113849	0.0	0	0.0	1294.5141253077454	1	0	tensor(6)	-4.128847243467896
93539.23379512643	1000.0	755.2803301813011	0.0	0	0.0	1294.5141253077454	1	0	tensor(3)	0.48485839541221387
94446.69096313794	2000.0	847.8231621697755	0.0	0	0.0	1294.5141253077454	1	0	tensor(3)	1.178005575972159
95523.57000704177	2000.0	770.9441182659455	0.0	0	0.0	1294.5141253077454	1	0	tensor(3)	1.8711527565321042
96225.6152244109	2000.0	1068.8989008968247	0.0	0	0.0	1294.5141253077454	1	0	tensor(3)	1.8711527565321042
97351.8395386517	2000.0	942.6745866560212	0.0	0	0.0	1294.5141253077454	1	0	tensor(3)	1.8711527565321042
98258.15524907756	2000.0	1036.3588762301447	0.0	0	0.0	1294.5141253077309	1	0	tensor(3)	1.8711527565321049
100105.09902942208	2000.0	200.0	10.584904114386461	0	0.0	1305.0990294220974	1	0	tensor(3)	1.8075677098850282
100840.23139597212	1000.0	654.0082140362331	189.14058058627953	0	0.0	1494.2396100083715	1	0	tensor(3)	-0.6578254667535679
101978.9793239224	2000.0	515.2602860859447	0.0	0	0.0	1494.239610008357	1	0	tensor(3)	1.170165197324055
102631.5709396987	1000.0	862.6686703096335	0.0	0	0.0	1494.2396100083424	1	0	tensor(3)	0.4770180167641105
104196.18579248832	2000.0	298.0538175199918	0.0	0	0.0	1494.2396100083424	1	0	tensor(3)	1.1701651973240557
104918.1535566136	1000.0	726.3085039871821	150.22245059247115	0	0.0	1644.4620606007811	1	0	tensor(3)	-0.43131006695235574
106027.33383347992	2000.0	617.1282271208393	0.0	0	0.0	1644.4620606007666	1	0	tensor(3)	1.163171817162417
106859.12234782247	2000.0	785.3397127782935	0.0	0	0.0	1644.4620606007666	1	0	tensor(3)	1.856318997722362
107653.45982266428	2000.0	991.0022379364801	0.0	0	0.0	1644.4620606007666	1	0	tensor(3)	1.856318997722362
108751.6959711015	3000.0	892.7660894992589	0.0	0	0.0	1644.4620606007666	1	0	tensor(3)	1.8563189977223622
109452.12925220166	3000.0	1192.3328083991123	0.0	0	0.0	1644.4620606007666	1	0	tensor(3)	2.261784105830527
110371.26005005547	3000.0	1273.202010545319	0.0	0	0.0	1644.4620606007666	1	0	tensor(3)	2.261784105830527
111762.21651119173	3000.0	882.2455494090447	0.0	0	0.0	1644.4620606007666	1	0	tensor(3)	2.261784105830527
113517.50566620912	2000.0	200.0	73.04360560834388	0	0.0	1717.5056662091083	1	0	tensor(3)	1.0100760863679565
114255.96578629887	1000.0	648.3314245696545	186.7915446593924	0	0.0	1904.2972108685062	1	0	tensor(3)	-0.6655193755806832
115376.00735056835	2000.0	528.2898603001654	0.0	0	0.0	1904.2972108685062	1	0	tensor(3)	1.1483770729356162
116458.13329115022	2000.0	487.4976769824008	41.333757264111455	0	0.0	1945.6309681326093	1	0	tensor(3)	1.590805318184062
117433.4160056874	2000.0	512.2149624452375	0.0	0	0.0	1945.6309681326093	1	0	tensor(3)	1.8388078617687307
118660.29356684606	2000.0	302.3950181430588	17.05761685648298	0	0.0	1962.6885849890969	1	0	tensor(3)	1.7353091523457502
119355.64023113626	2000.0	670.8622941040751	63.813940251226256	0	0.0	2026.5025252403284	1	0	tensor(3)	1.4502854543649937
120478.92147716382	2000.0	547.5810480765201	0.0	0	0.0	2026.5025252403284	1	0	tensor(3)	1.8331690958723512
121548.02890990094	2000.0	478.47361533940057	0.0	0	0.0	2026.5025252403284	1	0	tensor(3)	1.8331690958723512
122664.63325887173	2000.0	468.7115788390021	106.84231247040509	0	0.0	2133.3448377107416	1	0	tensor(3)	1.1839596395805763
123632.33119727715	2000.0	519.6287643424123	18.615123908813985	0	0.0	2151.9599616195483	1	0	tensor(3)	1.711814255631698
124284.71675703638	1000.0	867.2432045831873	0.0	0	0.0	2151.9599616195483	1	0	tensor(3)	0.4372106379646917
125211.68831820114	2000.0	940.271643418437	0.0	0	0.0	2151.9599616195483	1	0	tensor(3)	1.1303578185246368
126167.64496123814	2000.0	984.3150003814251	0.0	0	0.0	2151.9599616195483	1	0	tensor(3)	1.823504999084582
127196.94231995985	2000.0	955.0176416597197	0.0	0	0.0	2151.9599616195483	1	0	tensor(3)	1.823504999084582
128669.78334401292	2000.0	482.1766176066648	0.0	0	0.0	2151.9599616195483	1	0	tensor(3)	1.823504999084582
129350.62557717047	1000.0	801.3343844491203	0.0	0	0.0	2151.959961619563	1	0	tensor(3)	0.43721063796469056
129978.46136332762	1000.0	1173.4985982919889	0.0	0	0.0	2151.959961619563	1	0	tensor(3)	1.1303578185246357
130878.53265383396	2000.0	1273.427307785659	0.0	0	0.0	2151.9599616195774	1	0	tensor(3)	1.1303578185246346
131962.31619797627	2000.0	1189.6437636433452	0.0	0	0.0	2151.959961619563	1	0	tensor(3)	1.8235049990845804
132819.30806174348	2000.0	1332.6518998761373	0.0	0	0.0	2151.9599616195774	1	0	tensor(3)	1.823504999084581
133842.2167706674	2000.0	1309.7431909522002	0.0	0	0.0	2151.9599616196065	1	0	tensor(3)	1.8235049990845789
135068.52141916341	2000.0	1083.4385424561885	0.0	0	0.0	2151.9599616196065	1	0	tensor(3)	1.8235049990845773
135953.33013088672	2000.0	1198.6298307328912	0.0	0	0.0	2151.9599616196356	1	0	tensor(3)	1.8235049990845753
136935.67240374733	2000.0	1216.287557872272	0.0	0	0.0	2151.9599616196356	1	0	tensor(3)	1.8235049990845749
138045.82952186474	2000.0	1106.1304397548822	0.0	0	0.0	2151.9599616196356	1	0	tensor(3)	1.8235049990845749
139298.79601379522	2000.0	853.1639478243972	0.0	0	0.0	2151.9599616196065	1	0	tensor(3)	1.8235049990845773
140265.3108346903	2000.0	886.6491269293363	0.0	0	0.0	2151.9599616195774	1	0	tensor(3)	1.8235049990845797
140902.9416491408	1000.0	1249.0183124788418	0.0	0	0.0	2151.9599616196065	1	0	tensor(3)	0.43721063796468695
141545.28855735666	1000.0	1606.671404262991	0.0	0	0.0	2151.9599616196356	1	0	tensor(3)	1.1303578185246297
142616.45930284745	1000.0	1535.5006587721637	0.0	0	0.0	2151.9599616196356	1	0	tensor(3)	1.1303578185246297
143492.14032110118	1000.0	1659.8196405184426	0.0	0	0.0	2151.9599616196356	1	0	tensor(3)	1.1303578185246297
144403.27227428567	1000.0	1748.6876873339481	0.0	0	0.0	2151.9599616196356	1	0	tensor(3)	1.1303578185246297
145200.0	1000.0	1951.9599616195856	0.0	0	207.2881600210385	2151.9599616196356	1	0	tensor(3)	1.1303578185246297
146200.0	2000.0	1951.959961619587	0.0	0	94.77036359178601	2151.9599616196356	1	0	tensor(3)	1.1303578185246295
147200.0	2000.0	1951.9599616196133	0.0	0	432.3542065078218	2151.9599616196356	1	0	tensor(3)	1.8235049990845749
148200.0	3000.0	1951.959961619626	0.0	0	98.13720201226533	2151.9599616196065	1	0	tensor(3)	1.8235049990845775
149767.35496205278	3000.0	1384.604999566866	0.0	0	0.0	2151.9599616196065	1	0	tensor(3)	2.228970107192742
151237.7784263752	3000.0	914.181535244451	0.0	0	0.0	2151.9599616196065	1	0	tensor(3)	2.228970107192742
152307.95164085212	2000.0	844.0083207675095	0.0	0	0.0	2151.9599616196065	1	0	tensor(3)	1.4180398909764127
154332.76775391726	2000.0	200.0	380.8077922976437	0	0.0	2532.7677539172582	1	0	tensor(3)	-0.4774249186688384
154788.59812807877	1000.0	862.74771520168	118.5780893631953	0	0.0	2651.345843280462	1	0	tensor(3)	-0.3265094725050977
155359.1260760424	2000.0	1292.2197672380628	0.0	0	0.0	2651.345843280462	1	0	tensor(3)	1.0781062442340192
156514.97478651197	3000.0	1136.371056768457	0.0	0	0.0	2651.345843280462	1	0	tensor(3)	1.7712534247939644
157465.92982252841	2000.0	1185.4160207520013	0.0	0	0.0	2651.345843280462	1	0	tensor(3)	1.3657883166857996
158410.09785511633	2000.0	1241.2479881640932	0.0	0	0.0	2651.345843280462	1	0	tensor(3)	1.7712534247939642
159427.57050598424	2000.0	1223.7753372961638	0.0	0	0.0	2651.345843280462	1	0	tensor(3)	1.7712534247939642
160166.0555729042	2000.0	1485.2902703762375	0.0	0	0.0	2651.345843280462	1	0	tensor(3)	1.7712534247939642
161044.36960486695	2000.0	1606.976238413491	0.0	0	0.0	2651.345843280462	1	0	tensor(3)	1.7712534247939642
162328.25805701403	3000.0	1323.0877862664165	0.0	0	0.0	2651.345843280462	1	0	tensor(3)	1.7712534247939644
163985.60262822767	3000.0	665.7432150527515	0.0	0	0.0	2651.345843280462	1	0	tensor(3)	2.1767185329021292
165018.3218751223	2000.0	633.0239681581054	0.0	0	0.0	2651.345843280462	1	0	tensor(3)	1.3657883166857996
165724.9552248075	2000.0	926.3906184729233	0.0	0	0.0	2651.345843280491	1	0	tensor(3)	1.7712534247939635
167084.63996026147	2000.0	566.7058830189794	0.0	0	0.0	2651.345843280549	1	0	tensor(3)	1.7712534247939544
168224.59915920612	2000.0	448.9541300077425	22.207445933395014	0	0.0	2673.5532892139454	1	0	tensor(3)	1.6350659150205429
169213.42336250204	2000.0	516.4993976833101	56.36947097150177	0	0.0	2729.9227601854363	1	0	tensor(3)	1.422345236480689
169991.19988211192	2000.0	738.7228780734371	0.0	0	0.0	2729.9227601854363	1	0	tensor(3)	1.7605620623096996
171498.86292801832	2000.0	231.05983216707432	0.0	0	0.0	2729.9227601854654	1	0	tensor(3)	1.7605620623096958
172252.50351847708	1000.0	634.8827105598072	157.46346885146284	0	0.0	2887.386229036958	1	0	tensor(3)	-0.5944244466710304
173030.48690149555	1000.0	856.8993275413376	0.0	0	0.0	2887.386229036987	1	0	tensor(3)	1.0435035469976872
173897.89459524688	1000.0	989.4916337899999	0.0	0	0.0	2887.386229036958	1	0	tensor(3)	1.043503546997691
174661.31691414825	1000.0	1226.0693148886596	0.0	0	0.0	2887.386229036958	1	0	tensor(3)	1.0435035469976919
175677.53705819199	2000.0	1209.849170844921	0.0	0	0.0	2887.386229036958	1	0	tensor(3)	1.0435035469976919
176207.62273531087	2000.0	1679.7634937260336	0.0	0	0.0	2887.386229036929	1	0	tensor(3)	1.7366507275576417
177371.56484477458	3000.0	1515.8213842623322	0.0	0	0.0	2887.386229036987	1	0	tensor(3)	1.7366507275576333
178531.30973994918	2000.0	1356.0764890877283	0.0	0	0.0	2887.386229036958	1	0	tensor(3)	1.3311856194494724
179671.4810271739	2000.0	1215.9052018629932	0.0	0	0.0	2887.386229036987	1	0	tensor(3)	1.7366507275576362
180659.15636032337	2000.0	1228.229868713517	0.0	0	0.0	2887.386229036958	1	0	tensor(3)	1.7366507275576333
181468.99883687007	2000.0	1418.387392166794	0.0	0	0.0	2887.386229036958	1	0	tensor(3)	1.736650727557637
182563.28658429824	2000.0	1324.0996447386049	0.0	0	0.0	2887.386229036929	1	0	tensor(3)	1.7366507275576417
183279.53028910112	2000.0	1607.8559399357543	0.0	0	0.0	2887.386229036958	1	0	tensor(3)	1.736650727557637
184297.0736473751	2000.0	1590.3125816617999	0.0	0	0.0	2887.386229036958	1	0	tensor(3)	1.736650727557637
185849.02697591286	3000.0	1038.3592531240784	0.0	0	0.0	2887.386229036987	1	0	tensor(3)	1.736650727557635
186621.7970981569	2000.0	1265.589130880006	0.0	0	0.0	2887.386229036987	1	0	tensor(3)	1.3311856194494678
187628.83861714008	3000.0	1258.547611896847	0.0	0	0.0	2887.386229036987	1	0	tensor(3)	1.7366507275576324
188745.7923664477	2000.0	1141.593862589195	0.0	0	0.0	2887.386229036958	1	0	tensor(3)	1.3311856194494687
189366.3205540175	2000.0	1521.0656750194132	0.0	0	0.0	2887.386229036958	1	0	tensor(3)	1.736650727557637
190771.58267978622	3000.0	1115.803549250671	0.0	0	0.0	2887.386229036958	1	0	tensor(3)	1.7366507275576373
191365.58466276334	2000.0	1521.8015662734956	0.0	0	0.0	2887.386229036958	1	0	tensor(3)	1.3311856194494724
192534.99562714848	3000.0	1352.3906018883285	0.0	0	0.0	2887.386229036958	1	0	tensor(3)	1.7366507275576373
193603.74404208633	3000.0	1283.6421869505068	0.0	0	0.0	2887.386229036987	1	0	tensor(3)	2.142115835665797
195034.63177580215	2000.0	852.7544532346753	0.0	0	0.0	2887.386229036929	1	0	tensor(3)	1.3311856194494742
196343.65491062836	2000.0	543.7313184084627	0.0	0	0.0	2887.386229036929	1	0	tensor(3)	1.7366507275576417
198057.19607191434	2000.0	200.0	369.8098428775377	0	0.0	3257.196071914339	1	0	tensor(3)	-0.5432556562587709
198726.3247516673	1000.0	680.2801037791806	149.40878353215902	0	0.0	1406.604855446465	1	0	tensor(6)	-6.415804940892615
199836.8708296967	2000.0	569.7340257497549	0.0	0	0.0	1406.604855446465	1	0	tensor(3)	1.1737949408602844
200780.948369167	2000.0	625.6564862794839	0.0	0	0.0	1406.604855446465	1	0	tensor(3)	1.8669421214202295
201390.42530948587	2000.0	1016.1795459606194	0.0	0	0.0	1406.604855446465	1	0	tensor(3)	1.8669421214202295
202355.3609040016	2000.0	1051.243951444872	0.0	0	0.0	1406.604855446436	1	0	tensor(3)	1.8669421214202306
203200.0	2000.0	1206.6048554464849	0.0	0	69.49213067610981	1406.604855446436	1	0	tensor(3)	1.8669421214202306
204200.0	2000.0	1206.604855446475	0.0	0	18.847736620838987	1406.604855446436	1	0	tensor(3)	1.8669421214202306
205482.64357321514	2000.0	923.9612822313279	0.0	0	0.0	1406.604855446436	1	0	tensor(3)	1.8669421214202306
206945.3571692666	2000.0	461.24768617989895	0.0	0	0.0	1406.604855446436	1	0	tensor(3)	1.8669421214202306
208402.95862761998	2000.0	200.0	196.35377217348497	0	0.0	1602.9586276199261	1	0	tensor(3)	0.6813074318126486
209092.88906666706	1000.0	639.2697568025195	129.20019584960852	0	0.0	1732.1588234695955	1	0	tensor(3)	-0.30975856615929154
209695.54377559488	1000.0	1036.6150478747309	0.0	0	0.0	1732.1588234695955	1	0	tensor(3)	1.1585897894983048
210558.0678991708	2000.0	1174.0909242988203	0.0	0	0.0	1732.1588234695955	1	0	tensor(3)	1.1585897894983046
211357.89542844557	2000.0	1374.2633950240702	0.0	0	0.0	1732.1588234696246	1	0	tensor(3)	1.8517369700582484
212476.51248820307	3000.0	1255.646335266572	0.0	0	0.0	1732.1588234695955	1	0	tensor(3)	1.85173697005825
213542.87053023913	3000.0	1189.2882932305113	0.0	0	0.0	1732.1588234695955	1	0	tensor(3)	2.2572020781664146
215083.96220076864	3000.0	648.1966227009909	0.0	0	0.0	1732.1588234696246	1	0	tensor(3)	2.2572020781664137
215602.60813542438	2000.0	1129.5506880452494	0.0	0	0.0	1732.1588234696246	1	0	tensor(3)	1.4462718619500838
216264.8880899377	2000.0	1467.270733531923	0.0	0	0.0	1732.1588234696246	1	0	tensor(3)	1.8517369700582484
217200.0	3000.0	1532.158823469658	0.0	0	160.01859202884953	1732.1588234696537	1	0	tensor(3)	1.851736970058247
218357.15530538288	3000.0	1375.003518086774	0.0	0	0.0	1732.1588234696537	1	0	tensor(3)	2.2572020781664115
219659.8837201755	3000.0	1072.2751032941596	0.0	0	0.0	1732.1588234696246	1	0	tensor(3)	2.2572020781664133
220950.3703553164	3000.0	781.7884681532768	0.0	0	0.0	1732.1588234696246	1	0	tensor(3)	2.2572020781664133
221725.54088974078	2000.0	1006.6179337289185	0.0	0	0.0	1732.1588234696537	1	0	tensor(3)	1.446271861950082
222661.9422350854	2000.0	1070.216588384302	0.0	0	0.0	1732.1588234696246	1	0	tensor(3)	1.8517369700582471
223617.76693709177	2000.0	1114.3918863779345	0.0	0	0.0	1732.1588234696246	1	0	tensor(3)	1.8517369700582484
224391.1784800701	2000.0	1340.9803433996105	0.0	0	0.0	1732.1588234696537	1	0	tensor(3)	1.8517369700582467
225445.19786315886	2000.0	1286.9609603108613	0.0	0	0.0	1732.1588234696246	1	0	tensor(3)	1.8517369700582484
226293.43551627014	2000.0	1438.7233071995906	0.0	0	0.0	1732.1588234696246	1	0	tensor(3)	1.8517369700582484
228379.93060021583	2000.0	352.2282232539017	0.0	0	0.0	1732.1588234696246	1	0	tensor(3)	1.8517369700582484
229154.8437021479	1000.0	599.8237788268546	22.50865750498056	0	0.0	1754.6674809746328	1	0	tensor(3)	0.3291502009703332
229763.87774217306	1000.0	990.7897388016527	0.0	0	0.0	1754.6674809746037	1	0	tensor(3)	1.1573493265601633
230837.00316984556	1000.0	917.6643111291327	0.0	0	0.0	1754.6674809746037	1	0	tensor(3)	1.1573493265601633
231516.3785756181	1000.0	1238.2889053565725	0.0	0	0.0	1754.6674809745746	1	0	tensor(3)	1.157349326560165
232200.0	1000.0	1554.6674809746708	0.0	0	63.77965336907073	1754.6674809745455	1	0	tensor(3)	1.1573493265601666
233200.0	1000.0	1554.667480974662	0.0	0	443.5562109196326	1754.6674809745455	1	0	tensor(3)	1.1573493265601666
234200.0	2000.0	1554.6674809746658	0.0	0	129.19390317154466	1754.6674809745455	1	0	tensor(3)	1.1573493265601666
235200.0	3000.0	1554.667480974678	0.0	0	128.50197043220396	1754.6674809745455	1	0	tensor(3)	1.850496507120112
236410.50761047253	3000.0	1344.1598705021497	0.0	0	0.0	1754.6674809745746	1	0	tensor(3)	2.255961615228275
237763.32818142584	2000.0	991.3392995488466	0.0	0	0.0	1754.6674809745746	1	0	tensor(3)	1.4450313990119468
239523.8152242466	2000.0	230.85225672812115	0.0	0	0.0	1754.6674809745746	1	0	tensor(3)	1.85049650712011
240044.01424258348	1000.0	754.0766676767896	43.42342928556144	0	0.0	1798.090910260129	1	0	tensor(3)	0.20119046400804963
240841.13054278516	2000.0	956.9603674751365	0.0	0	0.0	1798.0909102601581	1	0	tensor(3)	1.1548782202813623
241591.43602674972	2000.0	1206.654883510608	0.0	0	0.0	1798.0909102601581	1	0	tensor(3)	1.8480254008413068
242715.0035085227	2000.0	1083.0874017376298	0.0	0	0.0	1798.090910260129	1	0	tensor(3)	1.8480254008413086
243570.45987967448	2000.0	1227.631030585851	0.0	0	0.0	1798.0909102601581	1	0	tensor(3)	1.8480254008413068
244214.45172621816	2000.0	1583.6391840422066	0.0	0	0.0	1798.0909102601872	1	0	tensor(3)	1.8480254008413048
245322.22351719375	2000.0	1475.867393066625	0.0	0	0.0	1798.0909102601872	1	0	tensor(3)	1.8480254008413048
246200.0	2000.0	1598.0909102603878	0.0	0	75.11885655025253	1798.0909102602163	1	0	tensor(3)	1.8480254008413033
247360.2595775369	2000.0	1437.8313327234705	0.0	0	0.0	1798.0909102602163	1	0	tensor(3)	1.8480254008413033
249219.02517263524	2000.0	579.0657376251359	0.0	0	0.0	1798.0909102602163	1	0	tensor(3)	1.8480254008413033
249895.6731839895	1000.0	902.4177262708628	0.0	0	0.0	1798.0909102601581	1	0	tensor(3)	0.4617310397214161
251168.22377084877	2000.0	629.8671394116235	0.0	0	0.0	1798.0909102601872	1	0	tensor(3)	1.15487822028136
251769.1990450768	1000.0	1028.891865183597	0.0	0	0.0	1798.0909102602163	1	0	tensor(3)	0.46173103972141377
253070.37628379028	2000.0	727.7146264700822	0.0	0	0.0	1798.0909102601872	1	0	tensor(3)	1.1548782202813588
253898.58610838614	1000.0	899.5048018742324	0.0	0	0.0	1798.0909102601872	1	0	tensor(3)	0.46173103972141477
254834.77225999773	2000.0	963.3186502626337	0.0	0	0.0	1798.0909102602163	1	0	tensor(3)	1.1548782202813588
255662.69532665226	2000.0	1135.3955836080909	0.0	0	0.0	1798.0909102602163	1	0	tensor(3)	1.8480254008413033
256447.03612763752	2000.0	1351.0547826228499	0.0	0	0.0	1798.0909102602163	1	0	tensor(3)	1.8480254008413033
257200.0	2000.0	1598.090910260372	0.0	0	222.62757772870827	1798.0909102601872	1	0	tensor(3)	1.8480254008413048
258314.67451183507	3000.0	1483.4163984252987	0.0	0	0.0	1798.0909102601872	1	0	tensor(3)	1.848025400841305
259947.73262059136	3000.0	850.3582896690389	0.0	0	0.0	1798.0909102602163	1	0	tensor(3)	2.2534905089494695
261565.12802883782	2000.0	232.96288142256657	0.0	0	0.0	1798.0909102602163	1	0	tensor(3)	1.4425602927331387
262189.23059816373	1000.0	673.8313976762411	64.97108557962966	0	0.0	1863.0619958398165	1	0	tensor(3)	0.06800721272704977
263225.58270119905	2000.0	637.4792946408769	0.0	0	0.0	1863.0619958397874	1	0	tensor(3)	1.150980906764775
264540.3590929503	2000.0	368.71508070803395	46.01217781841149	0	0.0	1909.074173658155	1	0	tensor(3)	1.5651427708271641
265196.47535508615	2000.0	712.5988185721856	0.0	0	0.0	1909.074173658155	1	0	tensor(3)	1.8412158377376335
266080.1133355422	2000.0	828.9608381161107	0.0	0	0.0	1909.074173658155	1	0	tensor(3)	1.8412158377376335
266792.85165899544	2000.0	1116.222514662927	0.0	0	0.0	1909.074173658213	1	0	tensor(3)	1.8412158377376322
267936.26894830796	2000.0	972.8052253504189	0.0	0	0.0	1909.074173658213	1	0	tensor(3)	1.8412158377376298
268923.26137220865	2000.0	985.8128014497665	0.0	0	0.0	1909.074173658213	1	0	tensor(3)	1.8412158377376298
269685.2084764317	2000.0	1223.8656972267258	0.0	0	0.0	1909.074173658213	1	0	tensor(3)	1.8412158377376298
270915.12029614724	2000.0	993.9538775111982	0.0	0	0.0	1909.074173658213	1	0	tensor(3)	1.8412158377376298
271893.9820691212	2000.0	1015.0921045372338	0.0	0	0.0	1909.074173658213	1	0	tensor(3)	1.8412158377376298
272970.4924293413	2000.0	938.581744317141	0.0	0	0.0	1909.074173658155	1	0	tensor(3)	1.8412158377376335
273717.3740180856	1000.0	1191.700155572817	0.0	0	0.0	1909.074173658155	1	0	tensor(3)	0.45492147661774335
275005.5823345195	2000.0	903.4918391389177	0.0	0	0.0	1909.074173658213	1	0	tensor(3)	1.1480686571776846
275886.1056352298	2000.0	1022.9685384286208	0.0	0	0.0	1909.074173658155	1	0	tensor(3)	1.8412158377376318
277573.26224781666	2000.0	335.811925841754	0.0	0	0.0	1909.074173658213	1	0	tensor(3)	1.8412158377376298
278281.484789563	1000.0	637.0157957544034	9.426411659007783	0	0.0	1918.5005853172624	1	0	tensor(3)	0.39775021221027984
279337.0488791034	2000.0	581.4517062140062	0.0	0	0.0	1918.5005853172624	1	0	tensor(3)	1.1474558627242717
279889.43423285766	1000.0	1029.0663524597694	0.0	0	0.0	1918.5005853172042	1	0	tensor(3)	0.4543086821643297
280747.10949254606	2000.0	1171.391092771378	0.0	0	0.0	1918.5005853172042	1	0	tensor(3)	1.1474558627242755
281748.7771447704	2000.0	1169.7234405468964	0.0	0	0.0	1918.500585317146	1	0	tensor(3)	1.8406030432842246
282958.0168533763	2000.0	960.4837319410688	0.0	0	0.0	1918.5005853172042	1	0	tensor(3)	1.8406030432842226
284181.6123983441	2000.0	736.8881869732573	0.0	0	0.0	1918.5005853172042	1	0	tensor(3)	1.8406030432842209
285691.6993402149	2000.0	226.80124510247552	0.0	0	0.0	1918.500585317146	1	0	tensor(3)	1.8406030432842246
286495.5115613368	1000.0	569.6013616519651	146.61233767148934	0	0.0	2065.112922988599	1	0	tensor(3)	-0.4356503592373715
287304.617503164	1000.0	760.4954198248228	0.0	0	0.0	2065.112922988599	1	0	tensor(3)	1.1371708473515099
288423.90440423926	2000.0	641.2085187495184	0.0	0	0.0	2065.1129229886574	1	0	tensor(3)	1.1371708473515054
289968.424302729	2000.0	200.0	103.311379740208	0	0.0	2168.424302728905	1	0	tensor(3)	1.203621593878384
290894.3336748194	1000.0	471.97271915706364	197.88209124748832	0	0.0	2366.3063939763815	1	0	tensor(3)	-0.7695302522167704
291838.0161085819	1000.0	528.2902853945761	0.0	0	0.0	2366.3063939763815	1	0	tensor(3)	1.1109094758281046
292683.9399216624	1000.0	682.366472314065	0.0	0	0.0	2366.3063939763815	1	0	tensor(3)	1.1109094758281046
293503.804780402	1000.0	862.5016135744663	0.0	0	0.0	2366.3063939763815	1	0	tensor(3)	1.1109094758281046
294074.7613821823	1000.0	1291.5450117941296	0.0	0	0.0	2366.3063939763233	1	0	tensor(3)	1.1109094758281104
295041.5413144322	2000.0	1324.7650795441975	0.0	0	0.0	2366.306393976265	1	0	tensor(3)	1.110909475828115
295854.7190564813	2000.0	1511.5873374951395	0.0	0	0.0	2366.306393976265	1	0	tensor(3)	1.8040566563880613
296460.902519163	3000.0	1905.403874813471	0.0	0	0.0	2366.306393976265	1	0	tensor(3)	1.8040566563880616
297588.80898011324	3000.0	1777.497413863227	0.0	0	0.0	2366.306393976265	1	0	tensor(3)	2.209521764496226
298802.2649216905	3000.0	1564.0414722859598	0.0	0	0.0	2366.3063939763233	1	0	tensor(3)	2.20952176449622
299844.34655083664	3000.0	1521.9598431398124	0.0	0	0.0	2366.306393976265	1	0	tensor(3)	2.209521764496226
300557.6822763128	2000.0	1808.6241176636627	0.0	0	0.0	2366.3063939763233	1	0	tensor(3)	1.398591548279891
301440.3690035527	2000.0	1925.9373904237884	0.0	0	0.0	2366.3063939763233	1	0	tensor(3)	1.8040566563880556
303728.0776592546	3000.0	638.2287347219243	0.0	0	0.0	2366.3063939763815	1	0	tensor(3)	1.8040566563880547
304196.3626260136	2000.0	1169.9437679629168	0.0	0	0.0	2366.3063939763233	1	0	tensor(3)	1.398591548279891
305128.5646604135	3000.0	1237.7417335629948	0.0	0	0.0	2366.306393976207	1	0	tensor(3)	1.8040566563880662
306285.3363923299	2000.0	1080.97000164658	0.0	0	0.0	2366.306393976207	1	0	tensor(3)	1.3985915482799025
307573.5507150215	2000.0	792.7556789550248	0.0	0	0.0	2366.306393976207	1	0	tensor(3)	1.8040566563880671
308348.0398273754	2000.0	1018.2665666011314	0.0	0	0.0	2366.3063939761487	1	0	tensor(3)	1.804056656388073
309171.5143577827	2000.0	1194.7920361938238	0.0	0	0.0	2366.3063939761487	1	0	tensor(3)	1.804056656388073
3.76	2.21	1.89	1.84	2.6	2.78	3.06	2.78	1.71	2.03	2.24	1.73	2.2	2.42	2.48	2.09	1.42	1.25	1.04	1.78	2.47	3.2	1.75	1.3	2.11	2.53	2.41	2.21	2.27	3.06	2.29	2.75	2.37	2.33	2.65	2.28	2.61	3.5	2.17	1.88	1.46	1.91	1.18	1.62	2.12	2.51	2.48	2.76	1.85	2.07	1.85	1.01	1.71	1.54	1.42	2.31	3.2	3.44	2.51	0.98	3.1	3.27	3.58	3.2	2.51	2.11	2.39	2.44	2.39	2.37	2.56	1.83	0.93	1.24	1.32	1.23	1.27	1.71	2.53	3.34	3.72	1.74	1.19	1.26	1.42	2.17	2.77	1.67	2.57	2.49	2.19	2.41	2.24	1.14	1.3	1.87	1.67	1.81	1.19	1.99	2.58	2.75	3.53	3.51	2.42	1.38	1.46	1.63	1.97	2.09	2.44	2.56	1.74	2.73	2.12	2.07	2.34	1.58	1.42	1.71	1.96	1.78	1.1	1.52	1.74	2.1	2.29	1.81	2.21	1.69	1.85	1.62	1.67	1.99	1.37	1.36	1.11	1.25	1.42	2.17	3.13	3.73	3.28	1.9	2.51	2.55	2.58	1.1	1.2	3.46	3.76	2.21	1.89	1.84	2.6	2.78	3.06	2.78	1.71	2.03	2.24	1.73	2.2	2.42	2.48	2.09	1.42	1.25	1.04	1.78	2.47	3.2	1.75	1.3	2.11	2.53	2.41	2.21	2.27	3.06	2.29	2.75	2.37	2.33	2.65	2.28	2.61	3.5	2.17	1.88	1.46	1.91	1.18	1.62	2.12	2.51	2.48	2.76	1.85	2.07	1.85	1.01	1.71	1.54	1.42	2.31	3.2	3.44	2.51	0.98	3.1	3.27	3.58	3.2	2.51	2.11	2.39	2.44	2.39	2.37	2.56	1.83	0.93	1.24	1.32	1.23	1.27	1.71	2.53	3.34	3.72	1.74	1.19	1.26	1.42	2.17	2.77	1.67	2.57	2.49	2.19	2.41	2.24	1.14	1.3	1.87	1.67	1.81	1.19	1.99	2.58	2.75	3.53	3.51	2.42	1.38	1.46	1.63	1.97	2.09	2.44	2.56	1.74	2.73	2.12	2.07	2.34	1.58	1.42	1.71	1.96	1.78	1.1	1.52	1.74	2.1	2.29	1.81	2.21	1.69	1.85	1.62	1.67	1.99	1.37	1.36	1.11	1.25	1.42	2.17	3.13	3.73	3.28	1.9	2.51	2.55	2.58	1.1	1.2	3.46	3.76	2.21	1.89	1.84	2.6	2.78	3.06
1.0	2.0	3.0	4.0	5.0	6.0	7.0	8.0	9.0	10.0	11.0	12.0	13.0	14.0	15.0	16.0	17.0	18.0	19.0	20.0	21.0	22.0	23.0	24.0	25.0	26.0	27.0	28.0	29.0	30.0	31.0	32.0	33.0	34.0	35.0	36.0	37.0	38.0	39.0	40.0	41.0	42.0	43.0	44.0	45.0	46.0	47.0	48.0	49.0	50.0	51.0	52.0	53.0	54.0	55.0	56.0	57.0	58.0	59.0	60.0	61.0	62.0	63.0	64.0	65.0	66.0	67.0	68.0	69.0	70.0	71.0	72.0	73.0	74.0	75.0	76.0	77.0	78.0	79.0	80.0	81.0	82.0	83.0	84.0	85.0	86.0	87.0	88.0	89.0	90.0	91.0	92.0	93.0	94.0	95.0	96.0	97.0	98.0	99.0	100.0	101.0	102.0	103.0	104.0	105.0	106.0	107.0	108.0	109.0	110.0	111.0	112.0	113.0	114.0	115.0	116.0	117.0	118.0	119.0	120.0	121.0	122.0	123.0	124.0	125.0	126.0	127.0	128.0	129.0	130.0	131.0	132.0	133.0	134.0	135.0	136.0	137.0	138.0	139.0	140.0	141.0	142.0	143.0	144.0	145.0	146.0	147.0	148.0	149.0	149.0	150.0	151.0	152.0	153.0	154.0	155.0	156.0	157.0	158.0	159.0	160.0	161.0	162.0	163.0	164.0	165.0	166.0	167.0	168.0	169.0	170.0	171.0	172.0	173.0	174.0	175.0	176.0	177.0	178.0	179.0	180.0	181.0	182.0	183.0	184.0	185.0	186.0	187.0	188.0	189.0	190.0	191.0	192.0	193.0	194.0	195.0	196.0	197.0	198.0	199.0	200.0	201.0	202.0	203.0	204.0	205.0	206.0	207.0	208.0	209.0	210.0	211.0	212.0	213.0	214.0	215.0	216.0	217.0	218.0	219.0	220.0	221.0	222.0	223.0	224.0	225.0	226.0	227.0	228.0	229.0	230.0	231.0	232.0	233.0	234.0	235.0	236.0	237.0	238.0	239.0	240.0	241.0	242.0	243.0	244.0	245.0	246.0	247.0	248.0	249.0	250.0	251.0	252.0	253.0	254.0	255.0	256.0	257.0	258.0	259.0	260.0	261.0	262.0	263.0	264.0	265.0	266.0	267.0	268.0	269.0	270.0	271.0	272.0	273.0	274.0	275.0	276.0	277.0	278.0	279.0	280.0	281.0	282.0	283.0	284.0	285.0	286.0	287.0	288.0	289.0	290.0	291.0	292.0	293.0	294.0	295.0	296.0	297.0	298.0	298.0	299.0	300.0	301.0	302.0	303.0	304.0	305.0
5622.108426773059
