6012.725792726858	300.0	2000.0	231.9702222746242	0	0.0	4012.7257927268583	1	0	tensor(6)	-7.84253291717775
6319.49321494282	300.0	2693.2325777840383	0.0	0	0.0	4012.725792726858	1	0	tensor(3)	-0.4722916543538923
6993.431000446132	1000.0	3019.294792280726	0.0	0	0.0	4012.7257927268583	1	0	tensor(3)	-0.4722916543538918
8150.07565129117	1000.0	2862.650141435687	0.0	0	0.0	4012.7257927268574	1	0	tensor(3)	0.7316811499720441
9666.38218450962	1000.0	2346.343608217238	0.0	0	0.0	4012.7257927268593	1	0	tensor(3)	0.7316811499720441
10595.122268620034	1000.0	2417.6035241068244	0.0	0	0.0	4012.7257927268583	1	0	tensor(3)	0.7316811499720437
11338.869351521846	1000.0	2673.856441205013	0.0	0	0.0	4012.7257927268574	1	0	tensor(3)	0.7316811499720446
12534.381742119163	1000.0	2478.344050607696	0.0	0	0.0	4012.7257927268565	1	0	tensor(3)	0.7316811499720448
13519.039579014137	1000.0	2493.686213712721	0.0	0	0.0	4012.7257927268565	1	0	tensor(3)	0.7316811499720448
14572.941382362857	1000.0	2439.784410364	0.0	0	0.0	4012.7257927268547	1	0	tensor(3)	0.7316811499720455
15370.139826014	1000.0	2642.585966712854	0.0	0	0.0	4012.7257927268547	1	0	tensor(3)	0.7316811499720455
16492.471856751617	1000.0	2520.253935975236	0.0	0	0.0	4012.7257927268565	1	0	tensor(3)	0.7316811499720454
17324.353509241013	1000.0	2688.3722834858386	0.0	0	0.0	4012.7257927268547	1	0	tensor(3)	0.7316811499720449
18195.083636809664	1000.0	2817.642155917185	0.0	0	0.0	4012.725792726851	1	0	tensor(3)	0.7316811499720469
18780.096674534532	1000.0	3232.629118192317	0.0	0	0.0	4012.7257927268547	1	0	tensor(3)	0.7316811499720466
19666.157701187367	1000.0	3346.5680915394764	0.0	0	0.0	4012.7257927268474	1	0	tensor(3)	0.7316811499720473
20414.795146195676	1000.0	3597.9306465311656	0.0	0	0.0	4012.7257927268474	1	0	tensor(3)	0.731681149972049
22640.1914680626	2000.0	2372.534324664241	0.0	0	0.0	4012.7257927268474	1	0	tensor(3)	0.7316811499720485
24127.08616782813	1000.0	1885.6396248987112	0.0	0	0.0	4012.7257927268474	1	0	tensor(3)	0.03853396941210341
25365.3528166194	1000.0	1647.3729761074374	0.0	0	0.0	4012.7257927268474	1	0	tensor(3)	0.7316811499720486
25886.10005004414	500.0	2126.6257426826965	0.0	0	0.0	4012.725792726844	1	0	tensor(3)	-0.6546132111478409
26600.585162230436	1000.0	2412.140630496399	0.0	0	0.0	4012.725792726844	1	0	tensor(3)	0.038533969412104574
27444.56790178177	1000.0	2568.157890945063	0.0	0	0.0	4012.72579272684	1	0	tensor(3)	0.7316811499720516
28291.665176959043	1000.0	2721.060615767792	0.0	0	0.0	4012.7257927268365	1	0	tensor(3)	0.731681149972053
29306.609023400284	1000.0	2706.116769326551	0.0	0	0.0	4012.7257927268365	1	0	tensor(3)	0.731681149972053
30570.296014022726	1000.0	2442.429778704113	0.0	0	0.0	4012.725792726833	1	0	tensor(3)	0.7316811499720546
31525.156394857117	1000.0	2487.569397869721	0.0	0	0.0	4012.725792726833	1	0	tensor(3)	0.7316811499720546
33022.532254250604	1000.0	1990.1935384762332	0.0	0	0.0	4012.7257927268292	1	0	tensor(3)	0.7316811499720549
33979.58266536663	1000.0	2033.1431273602107	0.0	0	0.0	4012.725792726833	1	0	tensor(3)	0.7316811499720561
35006.18546370609	1000.0	2006.540329020756	0.0	0	0.0	4012.72579272684	1	0	tensor(3)	0.7316811499720531
36265.996196371605	1000.0	1746.7295963552442	0.0	0	0.0	4012.7257927268474	1	0	tensor(3)	0.7316811499720504
37013.7152538411	1000.0	1999.0105388857542	0.0	0	0.0	4012.725792726851	1	0	tensor(3)	0.7316811499720474
37646.75538212445	1000.0	2365.970410602403	0.0	0	0.0	4012.725792726844	1	0	tensor(3)	0.7316811499720488
38242.331263802844	1000.0	2770.394528924018	0.0	0	0.0	4012.725792726844	1	0	tensor(3)	0.73168114997205
38968.5822928306	1000.0	3044.1434998962613	0.0	0	0.0	4012.725792726844	1	0	tensor(3)	0.73168114997205
40360.29690759731	2000.0	2652.4288851295482	0.0	0	0.0	4012.725792726844	1	0	tensor(3)	0.7316811499720501
41242.26162862618	1000.0	2770.4641641006856	0.0	0	0.0	4012.725792726851	1	0	tensor(3)	0.038533969412101965
41847.64046315077	1000.0	3165.085329576095	0.0	0	0.0	4012.725792726851	1	0	tensor(3)	0.7316811499720471
42894.41088761013	1000.0	3118.314905116733	0.0	0	0.0	4012.725792726851	1	0	tensor(3)	0.7316811499720471
43732.46597031024	1000.0	3280.2598224166295	0.0	0	0.0	4012.725792726851	1	0	tensor(3)	0.7316811499720471
44304.068671568246	1000.0	3708.6571211586165	0.0	0	0.0	4012.725792726844	1	0	tensor(3)	0.73168114997205
45888.73317767502	2000.0	3123.9926150518386	0.0	0	0.0	4012.725792726844	1	0	tensor(3)	0.7316811499720501
48087.42335706013	1000.0	1925.3024356667256	0.0	0	0.0	4012.725792726844	1	0	tensor(3)	0.038533969412104796
48786.96842854277	500.0	2225.7573641840777	0.0	0	0.0	4012.725792726844	1	0	tensor(3)	-0.6546132111478409
49545.65791114282	1000.0	2467.0678815840256	0.0	0	0.0	4012.725792726844	1	0	tensor(3)	0.038533969412104574
50571.875611956886	1000.0	2440.85018076996	0.0	0	0.0	4012.725792726844	1	0	tensor(3)	0.73168114997205
51569.81827649041	1000.0	2442.9075162364347	0.0	0	0.0	4012.7257927268365	1	0	tensor(3)	0.7316811499720512
52029.80393793912	1000.0	2982.9218547877213	0.0	0	0.0	4012.7257927268365	1	0	tensor(3)	0.731681149972053
53206.56244354974	2000.0	2806.1633491771045	0.0	0	0.0	4012.7257927268365	1	0	tensor(3)	0.7316811499720529
55442.01338407805	3000.0	1570.7124086487952	0.0	0	0.0	4012.7257927268365	1	0	tensor(3)	1.4248283305319982
56905.70613641468	1000.0	1107.019656312155	0.0	0	0.0	2012.7257927268365	1	0	tensor(6)	-5.957598456082406
58465.20750143733	1000.0	547.5182912895034	0.0	0	0.0	2012.7257927268365	1	0	tensor(3)	1.1410138325857038
59093.274976607834	500.0	919.450816119004	0.0	0	0.0	2012.7257927268365	1	0	tensor(3)	-0.24528052853418708
59584.88611434273	500.0	1427.83967838412	0.0	0	0.0	2012.7257927268365	1	0	tensor(3)	0.44786665202575826
60669.6644989309	1000.0	1343.0612937959409	0.0	0	0.0	2012.7257927268365	1	0	tensor(3)	0.44786665202575837
61383.34784872321	1000.0	1629.3779440036258	0.0	0	0.0	2012.7257927268365	1	0	tensor(3)	1.1410138325857038
62515.067472865994	1000.0	1497.6583198608419	0.0	0	0.0	2012.7257927268365	1	0	tensor(3)	1.1410138325857038
63200.0	1000.0	1812.7257927268395	0.0	0	55.570460518101754	2012.7257927268365	1	0	tensor(3)	1.1410138325857038
64336.61270728331	1000.0	1676.113085443531	0.0	0	0.0	2012.7257927268292	1	0	tensor(3)	1.1410138325857042
65575.98982735712	1000.0	1436.7359653697295	0.0	0	0.0	2012.7257927268292	1	0	tensor(3)	1.1410138325857042
66355.50057423576	1000.0	1657.2252184910778	0.0	0	0.0	2012.725792726822	1	0	tensor(3)	1.1410138325857049
67200.0	1000.0	1812.72579272683	0.0	0	17.21262465971813	2012.725792726822	1	0	tensor(3)	1.1410138325857049
68200.0	1000.0	1812.7257927268295	0.0	0	61.172508668591036	2012.725792726822	1	0	tensor(3)	1.1410138325857049
69200.0	1000.0	1812.725792726839	0.0	0	446.9420741869544	2012.7257927268365	1	0	tensor(3)	1.141013832585704
70200.0	1000.0	1812.7257927268515	0.0	0	497.7487593196711	2012.725792726851	1	0	tensor(3)	1.141013832585703
71200.0	1000.0	1812.7257927268663	0.0	0	322.09537008203915	2012.7257927268656	1	0	tensor(3)	1.1410138325857018
72200.0	1000.0	1812.7257927268613	0.0	0	402.37516936156317	2012.725792726851	1	0	tensor(3)	1.1410138325857027
73734.75353282367	1000.0	1277.9722599031895	0.0	0	0.0	2012.7257927268656	1	0	tensor(3)	1.1410138325857018
74386.04786660933	1000.0	1626.677926117524	0.0	0	0.0	2012.7257927268656	1	0	tensor(3)	1.1410138325857018
75390.2210705675	1000.0	1622.5047221593695	0.0	0	0.0	2012.7257927268656	1	0	tensor(3)	1.1410138325857018
76323.80529825544	1000.0	1688.9204944714206	0.0	0	0.0	2012.7257927268656	1	0	tensor(3)	1.1410138325857018
77401.60244448419	1000.0	1611.1233482426628	0.0	0	0.0	2012.7257927268656	1	0	tensor(3)	1.1410138325857018
78386.069067707	1000.0	1626.6567250198589	0.0	0	0.0	2012.7257927268656	1	0	tensor(3)	1.1410138325857018
79355.86913786254	1000.0	1656.856654864328	0.0	0	0.0	2012.7257927268656	1	0	tensor(3)	1.1410138325857018
80200.0	1000.0	1812.7257927268718	0.0	0	24.33863576326985	2012.7257927268656	1	0	tensor(3)	1.1410138325857018
81200.0	1000.0	1812.7257927268606	0.0	0	28.807478325004922	2012.7257927268656	1	0	tensor(3)	1.1410138325857018
82200.0	1000.0	1812.7257927268536	0.0	0	272.960784355746	2012.7257927268656	1	0	tensor(3)	1.1410138325857018
83387.61866452557	2000.0	1625.107128201284	0.0	0	0.0	2012.7257927268656	1	0	tensor(3)	1.1410138325857015
84200.0	1000.0	1812.7257927268527	0.0	0	22.260764150865725	2012.725792726851	1	0	tensor(3)	0.4478666520257576
85200.0	1000.0	1812.7257927268638	0.0	0	271.76421530079097	2012.7257927268656	1	0	tensor(3)	1.1410138325857018
86612.07534827788	2000.0	1400.6504444489804	0.0	0	0.0	2012.7257927268656	1	0	tensor(3)	1.1410138325857015
87880.59257112778	2000.0	1132.133221599091	0.0	0	0.0	2012.7257927268656	1	0	tensor(3)	1.8341610131456467
89444.3522305426	1000.0	568.3735621842678	0.0	0	0.0	2012.7257927268802	1	0	tensor(3)	0.4478666520257555
90099.30533264436	500.0	913.4204600824879	0.0	0	0.0	2012.7257927268802	1	0	tensor(3)	-0.24528052853419025
90789.83126166013	1000.0	1222.894531066736	0.0	0	0.0	2012.7257927268802	1	0	tensor(3)	0.44786665202575526
91765.37717464582	1000.0	1247.3486180810532	0.0	0	0.0	2012.7257927268802	1	0	tensor(3)	1.1410138325857007
92636.08091175498	1000.0	1376.6448809718947	0.0	0	0.0	2012.7257927268656	1	0	tensor(3)	1.1410138325857018
93442.93351528035	1000.0	1569.7922774465285	0.0	0	0.0	2012.7257927268802	1	0	tensor(3)	1.1410138325857007
94200.0	1000.0	1812.7257927268906	0.0	0	104.99590256881493	2012.7257927268802	1	0	tensor(3)	1.1410138325857007
95200.0	1000.0	1812.7257927268963	0.0	0	408.6138426109246	2012.7257927268947	1	0	tensor(3)	1.1410138325856996
96200.0	1000.0	1812.7257927268972	0.0	0	113.68442567871534	2012.7257927268947	1	0	tensor(3)	1.1410138325856996
97215.78071157853	1000.0	1796.9450811483584	0.0	0	0.0	2012.7257927268947	1	0	tensor(3)	1.1410138325856996
98338.2108865776	1000.0	1674.5149061492973	0.0	0	0.0	2012.7257927268947	1	0	tensor(3)	1.1410138325856996
99517.66187274443	1000.0	1495.0639199824682	0.0	0	0.0	2012.7257927268802	1	0	tensor(3)	1.1410138325857007
100752.89452365477	1000.0	1259.8312690721311	0.0	0	0.0	2012.7257927268947	1	0	tensor(3)	1.1410138325856996
101757.1491360674	1000.0	1255.5766566595269	0.0	0	0.0	2012.7257927268947	1	0	tensor(3)	1.1410138325856996
102981.27673517764	1000.0	1031.4490575492914	0.0	0	0.0	2012.7257927269093	1	0	tensor(3)	1.1410138325856987
103492.59187383413	500.0	1520.1339188928098	0.0	0	0.0	2012.7257927269093	1	0	tensor(3)	-0.2452805285341923
104863.86126812	1000.0	1148.8645246069404	0.0	0	0.0	2012.7257927269093	1	0	tensor(3)	0.4478666520257532
105828.55585069607	1000.0	1184.1699420308755	0.0	0	0.0	2012.7257927268947	1	0	tensor(3)	1.1410138325856996
106923.77661949892	1000.0	1088.9491732280164	0.0	0	0.0	2012.7257927269093	1	0	tensor(3)	1.1410138325856987
107566.4214223587	1000.0	1446.3043703682474	0.0	0	0.0	2012.7257927269093	1	0	tensor(3)	1.1410138325856987
108416.89281901649	1000.0	1595.8329737104639	0.0	0	0.0	2012.7257927269093	1	0	tensor(3)	1.1410138325856987
109507.5604635102	1000.0	1505.1653292167464	0.0	0	0.0	2012.7257927269093	1	0	tensor(3)	1.1410138325856987
110341.61190687347	1000.0	1671.1138858534757	0.0	0	0.0	2012.7257927269238	1	0	tensor(3)	1.1410138325856976
111200.0	1000.0	1812.7257927269395	0.0	0	313.81365714786807	2012.7257927269238	1	0	tensor(3)	1.1410138325856976
112327.26545285476	2000.0	1685.4603398721708	0.0	0	0.0	2012.7257927269238	1	0	tensor(3)	1.1410138325856973
113960.81868018016	1000.0	1051.9071125467585	0.0	0	0.0	2012.7257927269238	1	0	tensor(3)	0.4478666520257523
115268.75168328345	1000.0	743.9741094434671	0.0	0	0.0	2012.7257927269238	1	0	tensor(3)	1.1410138325856976
115713.70330239533	500.0	1299.022490331589	0.0	0	0.0	2012.7257927269384	1	0	tensor(3)	-0.2452805285341943
116505.88502013052	1000.0	1506.8407725963987	0.0	0	0.0	2012.7257927269384	1	0	tensor(3)	0.4478666520257511
117200.0	1000.0	1812.7257927269225	0.0	0	120.60622158928891	2012.7257927269384	1	0	tensor(3)	1.1410138325856964
118303.59079014804	1000.0	1709.1350025788788	0.0	0	0.0	2012.7257927269384	1	0	tensor(3)	1.1410138325856964
119200.0	1000.0	1812.7257927269177	0.0	0	101.20374835575058	2012.7257927269384	1	0	tensor(3)	1.1410138325856964
120200.0	1000.0	1812.7257927269113	0.0	0	362.9430349610775	2012.725792726953	1	0	tensor(3)	1.1410138325856953
121200.0	1000.0	1812.7257927268984	0.0	0	26.604563974397024	2012.725792726953	1	0	tensor(3)	1.1410138325856953
122200.0	1000.0	1812.7257927269086	0.0	0	186.03277847691788	2012.725792726953	1	0	tensor(3)	1.1410138325856953
123905.36646427392	1000.0	1107.3593284530032	0.0	0	0.0	2012.725792726953	1	0	tensor(3)	1.1410138325856953
124864.24702080655	1000.0	1148.4787719203664	0.0	0	0.0	2012.725792726953	1	0	tensor(3)	1.1410138325856953
125708.50910224563	1000.0	1304.2166904812834	0.0	0	0.0	2012.725792726953	1	0	tensor(3)	1.1410138325856953
126519.02964425909	1000.0	1493.6961484678427	0.0	0	0.0	2012.7257927269675	1	0	tensor(3)	1.1410138325856944
127562.94664261481	1000.0	1449.7791501121205	0.0	0	0.0	2012.7257927269675	1	0	tensor(3)	1.1410138325856944
128289.57391232223	1000.0	1723.1518804047148	0.0	0	0.0	2012.7257927269675	1	0	tensor(3)	1.1410138325856944
129200.0	1000.0	1812.725792726943	0.0	0	223.78747534756258	2012.7257927269675	1	0	tensor(3)	1.1410138325856944
130739.65388717192	2000.0	1273.0719055550337	0.0	0	0.0	2012.7257927269675	1	0	tensor(3)	1.1410138325856944
131691.8844002344	1000.0	1320.8413924925235	0.0	0	0.0	2012.7257927269238	1	0	tensor(3)	0.4478666520257511
132891.43157635638	1000.0	1121.2942163705611	0.0	0	0.0	2012.7257927269238	1	0	tensor(3)	1.1410138325856984
134416.0960156076	1000.0	596.6297771193689	0.0	0	0.0	2012.7257927269384	1	0	tensor(3)	1.1410138325856964
134910.36480398115	500.0	1102.3609887458128	0.0	0	0.0	2012.7257927269384	1	0	tensor(3)	-0.2452805285341943
136071.38386559105	1000.0	941.3419271359337	0.0	0	0.0	2012.7257927269966	1	0	tensor(3)	0.4478666520257474
136983.37262844527	500.0	1029.3531642817138	0.0	0	0.0	2012.7257927269966	1	0	tensor(3)	-0.24528052853419857
137622.9263273481	500.0	1389.7994653788758	0.0	0	0.0	2012.7257927269966	1	0	tensor(3)	0.4478666520257468
138762.2435322984	1000.0	1250.4822604285848	0.0	0	0.0	2012.7257927269966	1	0	tensor(3)	0.44786665202574694
139405.23528328305	1000.0	1607.4905094439428	0.0	0	0.0	2012.7257927269966	1	0	tensor(3)	1.1410138325856924
140200.0	1000.0	1812.7257927270139	0.0	0	78.60799856783706	2012.7257927269966	1	0	tensor(3)	1.1410138325856924
141317.84962513106	2000.0	1694.8761675959431	0.0	0	0.0	2012.7257927269966	1	0	tensor(3)	1.1410138325856922
142200.0	1000.0	1812.7257927269957	0.0	0	134.22192200555583	2012.7257927269966	1	0	tensor(3)	0.44786665202574716
143200.0	1000.0	1812.7257927269961	0.0	0	198.80027307500131	2012.7257927270257	1	0	tensor(3)	1.1410138325856902
144200.0	1000.0	1812.725792726979	0.0	0	429.76379473274574	2012.7257927270257	1	0	tensor(3)	1.1410138325856902
145200.0	1000.0	1812.7257927270043	0.0	0	360.2007582942315	2012.7257927270257	1	0	tensor(3)	1.1410138325856902
146200.0	1000.0	1812.725792726993	0.0	0	35.53180311675533	2012.7257927270257	1	0	tensor(3)	1.1410138325856902
147200.0	1000.0	1812.7257927269575	0.0	0	178.4156153567892	2012.7257927270257	1	0	tensor(3)	1.1410138325856902
148430.85171809216	1000.0	1581.8740746348276	0.0	0	0.0	2012.7257927270257	1	0	tensor(3)	1.1410138325856902
149200.0	1000.0	1812.7257927269875	0.0	0	102.41882610556786	2012.7257927270257	1	0	tensor(3)	1.1410138325856902
150200.0	1000.0	1812.7257927270023	0.0	0	163.41886797879124	2012.7257927270257	1	0	tensor(3)	1.1410138325856902
151200.0	1000.0	1812.7257927270127	0.0	0	16.15452143238508	2012.7257927269966	1	0	tensor(3)	1.1410138325856924
152200.0	1000.0	1812.7257927270416	0.0	0	253.37776090193074	2012.7257927269966	1	0	tensor(3)	1.1410138325856924
153298.8553612063	1000.0	1713.8704315206996	0.0	0	0.0	2012.7257927269675	1	0	tensor(3)	1.1410138325856944
154200.0	1000.0	1812.7257927270189	0.0	0	73.8025243220909	2012.7257927269675	1	0	tensor(3)	1.1410138325856944
155200.0	1000.0	1812.7257927270182	0.0	0	109.39860948550631	2012.7257927269675	1	0	tensor(3)	1.1410138325856944
156255.63181351218	1000.0	1757.0939792148595	0.0	0	0.0	2012.7257927269675	1	0	tensor(3)	1.1410138325856944
157508.70568284063	1000.0	1504.020109886433	0.0	0	0.0	2012.7257927269966	1	0	tensor(3)	1.1410138325856924
158612.5956753904	1000.0	1400.1301173366592	0.0	0	0.0	2012.7257927269966	1	0	tensor(3)	1.1410138325856924
159418.7806026764	1000.0	1593.945190050662	0.0	0	0.0	2012.7257927269966	1	0	tensor(3)	1.1410138325856924
160621.32501270497	1000.0	1391.4007800220797	0.0	0	0.0	2012.7257927270257	1	0	tensor(3)	1.1410138325856902
161580.8120929737	1000.0	1431.913699753313	0.0	0	0.0	2012.7257927270257	1	0	tensor(3)	1.1410138325856902
162626.73121472096	1000.0	1385.9945780060782	0.0	0	0.0	2012.7257927270257	1	0	tensor(3)	1.1410138325856902
163496.7162342437	1000.0	1516.0095584833246	0.0	0	0.0	2012.7257927270548	1	0	tensor(3)	1.1410138325856882
164256.38252160326	1000.0	1756.3432711238147	0.0	0	0.0	2012.7257927270548	1	0	tensor(3)	1.1410138325856882
165200.0	1000.0	1812.7257927270743	0.0	0	152.76273860651418	2012.7257927270548	1	0	tensor(3)	1.1410138325856882
166200.0	1000.0	1812.725792727076	0.0	0	81.60908048515557	2012.7257927270548	1	0	tensor(3)	1.1410138325856882
167200.0	1000.0	1812.7257927271007	0.0	0	412.07232593829394	2012.7257927270548	1	0	tensor(3)	1.1410138325856882
168200.0	1000.0	1812.725792727112	0.0	0	412.40386198545457	2012.725792727084	1	0	tensor(3)	1.1410138325856867
169200.0	1000.0	1812.7257927271287	0.0	0	284.93895228145993	2012.725792727084	1	0	tensor(3)	1.1410138325856862
170200.0	1000.0	1812.7257927271678	0.0	0	225.73636415283545	2012.725792727084	1	0	tensor(3)	1.1410138325856862
171200.0	1000.0	1812.7257927271667	0.0	0	212.1302956935251	2012.725792727084	1	0	tensor(3)	1.1410138325856862
172507.53145407987	1000.0	1505.1943386472922	0.0	0	0.0	2012.725792727113	1	0	tensor(3)	1.141013832585684
174081.70056981695	1000.0	931.0252229102249	0.0	0	0.0	2012.725792727113	1	0	tensor(3)	1.141013832585684
174651.61206944726	500.0	1361.113723279926	0.0	0	0.0	2012.725792727084	1	0	tensor(3)	-0.24528052853420515
175408.52438349882	1000.0	1604.2014092283725	0.0	0	0.0	2012.725792727084	1	0	tensor(3)	0.4478666520257407
176200.0	1000.0	1812.7257927272026	0.0	0	44.06465463445056	2012.725792727084	1	0	tensor(3)	1.1410138325856862
177274.3110003208	1000.0	1738.4147924063686	0.0	0	0.0	2012.725792727084	1	0	tensor(3)	1.1410138325856862
178226.26724407257	1000.0	1786.4585486546086	0.0	0	0.0	2012.725792727084	1	0	tensor(3)	1.1410138325856862
179288.58719372546	1000.0	1724.1385990017352	0.0	0	0.0	2012.7257927270548	1	0	tensor(3)	1.1410138325856882
180587.53811127951	1000.0	1425.1876814476718	0.0	0	0.0	2012.725792727113	1	0	tensor(3)	1.1410138325856858
181941.78699705613	1000.0	1070.9387956710534	0.0	0	0.0	2012.725792727113	1	0	tensor(3)	1.141013832585684
183026.52320398015	1000.0	986.2025887470544	0.0	0	0.0	2012.725792727113	1	0	tensor(3)	1.141013832585684
183695.83983385898	1000.0	1316.8859588682406	0.0	0	0.0	2012.725792727142	1	0	tensor(3)	1.141013832585682
184482.07278372432	1000.0	1530.6530090029337	0.0	0	0.0	2012.725792727142	1	0	tensor(3)	1.141013832585682
185594.9784213392	1000.0	1417.7473713880277	0.0	0	0.0	2012.725792727142	1	0	tensor(3)	1.141013832585682
186471.58460665104	1000.0	1541.1411860762064	0.0	0	0.0	2012.725792727113	1	0	tensor(3)	1.141013832585684
187200.0	1000.0	1812.7257927272606	0.0	0	59.816478521883255	2012.725792727113	1	0	tensor(3)	1.141013832585684
188200.0	1000.0	1812.7257927272613	0.0	0	175.27849820521078	2012.725792727142	1	0	tensor(3)	1.141013832585682
189200.0	1000.0	1812.7257927272653	0.0	0	416.62042635891703	2012.7257927271712	1	0	tensor(3)	1.1410138325856798
190200.0	1000.0	1812.725792727283	0.0	0	192.89320760857663	2012.7257927271712	1	0	tensor(3)	1.1410138325856798
191200.0	1000.0	1812.7257927273076	0.0	0	104.75899977973313	2012.7257927272003	1	0	tensor(3)	1.1410138325856778
192200.0	1000.0	1812.7257927272976	0.0	0	408.5686859524576	2012.7257927272294	1	0	tensor(3)	1.1410138325856758
193200.0	1000.0	1812.725792727282	0.0	0	121.04693473220686	2012.7257927272003	1	0	tensor(3)	1.1410138325856778
194200.0	1000.0	1812.7257927272547	0.0	0	398.3324084295309	2012.7257927272003	1	0	tensor(3)	1.1410138325856778
195547.56315484672	1000.0	1465.1626378805145	0.0	0	0.0	2012.7257927272003	1	0	tensor(3)	1.1410138325856778
197739.33782799263	1000.0	273.3879647346208	0.0	0	0.0	2012.7257927272003	1	0	tensor(3)	1.1410138325856778
198168.52578613578	500.0	844.2000065914259	0.0	0	0.0	2012.7257927272003	1	0	tensor(3)	-0.24528052853421303
198946.55853497627	1000.0	1066.1672577509478	0.0	0	0.0	2012.7257927272003	1	0	tensor(3)	0.4478666520257324
199687.24140102285	1000.0	1325.4843917043472	0.0	0	0.0	2012.7257927271712	1	0	tensor(3)	1.1410138325856791
200428.97352838694	1000.0	1583.752264340258	0.0	0	0.0	2012.7257927271712	1	0	tensor(3)	1.1410138325856798
201210.7474499842	1000.0	1801.9783427429957	0.0	0	0.0	2012.7257927271712	1	0	tensor(3)	1.1410138325856798
202200.0	2000.0	1812.7257927271753	0.0	0	67.94776473159436	2012.7257927271712	1	0	tensor(3)	1.1410138325856796
203679.33282823884	2000.0	1333.3929644883162	0.0	0	0.0	2012.725792727142	1	0	tensor(3)	1.8341610131456272
204475.96722489948	1000.0	1536.7585678276926	0.0	0	0.0	2012.725792727142	1	0	tensor(3)	0.4478666520257368
205416.09957003657	1000.0	1596.6262226905928	0.0	0	0.0	2012.725792727113	1	0	tensor(3)	1.141013832585684
206925.06020731965	1000.0	1087.6655854075132	0.0	0	0.0	2012.725792727113	1	0	tensor(3)	1.141013832585684
207878.70563994924	500.0	1134.0201527779145	0.0	0	0.0	2012.725792727113	1	0	tensor(3)	-0.2452805285342069
208886.06156813406	1000.0	1126.6642245931093	0.0	0	0.0	2012.725792727113	1	0	tensor(3)	0.4478666520257386
209834.90413125273	1000.0	1177.8216614744401	0.0	0	0.0	2012.725792727084	1	0	tensor(3)	1.1410138325856862
211095.91447035538	1000.0	916.8113223718098	0.0	0	0.0	2012.7257927270548	1	0	tensor(3)	1.1410138325856882
211554.17629242418	500.0	1458.54950030301	0.0	0	0.0	2012.7257927270548	1	0	tensor(3)	-0.24528052853420262
212285.4320286416	1000.0	1727.2937640855757	0.0	0	0.0	2012.7257927270548	1	0	tensor(3)	0.4478666520257428
213263.35570482243	1000.0	1749.3700879047271	0.0	0	0.0	2012.7257927270548	1	0	tensor(3)	1.1410138325856882
214200.0	1000.0	1812.7257927271526	0.0	0	46.800408533075824	2012.7257927270548	1	0	tensor(3)	1.1410138325856882
215205.1239723057	1000.0	1807.60182042143	0.0	0	0.0	2012.7257927270548	1	0	tensor(3)	1.1410138325856882
216200.0	1000.0	1812.7257927271296	0.0	0	168.002366155677	2012.7257927270548	1	0	tensor(3)	1.1410138325856882
217200.0	1000.0	1812.72579272713	0.0	0	201.77848205409828	2012.7257927270548	1	0	tensor(3)	1.1410138325856882
218200.0	1000.0	1812.725792727111	0.0	0	278.58743734518066	2012.7257927270548	1	0	tensor(3)	1.1410138325856882
219200.0	1000.0	1812.725792727089	0.0	0	390.7760531733802	2012.7257927270548	1	0	tensor(3)	1.1410138325856882
220200.0	1000.0	1812.7257927270791	0.0	0	339.1870968611911	2012.7257927270548	1	0	tensor(3)	1.1410138325856882
221200.0	1000.0	1812.7257927271019	0.0	0	60.20229061393184	2012.7257927270548	1	0	tensor(3)	1.1410138325856882
222488.75693631184	1000.0	1523.9688564152661	0.0	0	0.0	2012.7257927270257	1	0	tensor(3)	1.1410138325856902
223240.6220714966	1000.0	1772.1037212305075	0.0	0	0.0	2012.7257927270257	1	0	tensor(3)	1.1410138325856902
224200.0	1000.0	1812.7257927270552	0.0	0	141.12244465423282	2012.7257927269966	1	0	tensor(3)	1.1410138325856924
225200.0	1000.0	1812.7257927270796	0.0	0	112.14668902638368	2012.7257927269675	1	0	tensor(3)	1.1410138325856944
226200.0	1000.0	1812.7257927270996	0.0	0	360.23837111334433	2012.7257927269675	1	0	tensor(3)	1.1410138325856944
227200.0	1000.0	1812.7257927271162	0.0	0	353.15259673725814	2012.7257927269675	1	0	tensor(3)	1.1410138325856944
228200.0	1000.0	1812.7257927271012	0.0	0	49.213873499276815	2012.7257927269966	1	0	tensor(3)	1.1410138325856924
229200.0	1000.0	1812.7257927271119	0.0	0	365.85895788215566	2012.7257927269966	1	0	tensor(3)	1.1410138325856924
230234.90548363025	1000.0	1777.8203090968786	0.0	0	0.0	2012.7257927269966	1	0	tensor(3)	1.1410138325856924
231200.0	1000.0	1812.72579272716	0.0	0	201.73955739464145	2012.7257927269675	1	0	tensor(3)	1.1410138325856944
232938.47359350373	2000.0	1074.2521992234344	0.0	0	0.0	2012.7257927269966	1	0	tensor(3)	1.1410138325856922
233500.65236366336	1000.0	1512.0734290637974	0.0	0	0.0	2012.7257927269966	1	0	tensor(3)	0.44786665202574716
234295.71197414288	2000.0	1717.0138185842713	0.0	0	0.0	2012.7257927269675	1	0	tensor(3)	1.1410138325856944
235653.49881262484	2000.0	1359.2269801022865	0.0	0	0.0	2012.7257927269675	1	0	tensor(3)	1.8341610131456396
237779.4728396969	2000.0	233.25295303023586	0.0	0	0.0	2012.7257927269675	1	0	tensor(3)	1.8341610131456396
238443.04368203285	500.0	661.048017501653	91.36590680735938	0	0.0	2104.0916995342996	1	0	tensor(3)	-1.493453814296918
238854.4034400024	500.0	1249.6882595320856	0.0	0	0.0	2104.0916995342996	1	0	tensor(3)	0.44103598766712854
239942.8192563849	1000.0	1161.272443149606	0.0	0	0.0	2104.0916995342704	1	0	tensor(3)	0.4410359876671309
240576.0335358226	1000.0	1528.0581637119155	0.0	0	0.0	2104.0916995342704	1	0	tensor(3)	1.1341831682270762
241498.44264497887	1000.0	1605.6490545556055	0.0	0	0.0	2104.0916995342413	1	0	tensor(3)	1.1341831682270769
242454.60122868017	1000.0	1649.4904708543158	0.0	0	0.0	2104.0916995342704	1	0	tensor(3)	1.1341831682270762
243200.0	1000.0	1904.0916995344762	0.0	0	116.08660202438477	2104.0916995342413	1	0	tensor(3)	1.1341831682270787
244200.0	1000.0	1904.0916995345324	0.0	0	194.59450285628554	2104.0916995342704	1	0	tensor(3)	1.1341831682270762
245200.0	1000.0	1904.0916995345358	0.0	0	257.2526031488378	2104.0916995342704	1	0	tensor(3)	1.1341831682270762
246487.39394580768	1000.0	1616.6977537268394	0.0	0	0.0	2104.0916995342704	1	0	tensor(3)	1.1341831682270762
247731.00461841802	1000.0	1373.0870811165125	0.0	0	0.0	2104.0916995342413	1	0	tensor(3)	1.1341831682270773
248651.8932405907	1000.0	1452.1984589438448	0.0	0	0.0	2104.0916995342996	1	0	tensor(3)	1.1341831682270753
249909.21314453613	1000.0	1194.878554998384	0.0	0	0.0	2104.0916995342996	1	0	tensor(3)	1.134183168227074
250596.3217593656	1000.0	1507.769940168951	0.0	0	0.0	2104.0916995342996	1	0	tensor(3)	1.134183168227074
251681.83696263953	1000.0	1422.2547368950206	0.0	0	0.0	2104.0916995343287	1	0	tensor(3)	1.134183168227073
252628.81257337995	1000.0	1475.2791261546204	0.0	0	0.0	2104.0916995343287	1	0	tensor(3)	1.1341831682270718
253599.21035146023	1000.0	1504.8813480743497	0.0	0	0.0	2104.0916995343578	1	0	tensor(3)	1.1341831682270709
254294.11027548765	1000.0	1809.9814240469314	0.0	0	0.0	2104.0916995343578	1	0	tensor(3)	1.1341831682270695
255205.82691829276	1000.0	1898.264781241814	0.0	0	0.0	2104.0916995343578	1	0	tensor(3)	1.1341831682270695
256200.0	1000.0	1904.091699534573	0.0	0	183.6125346228073	2104.0916995343578	1	0	tensor(3)	1.1341831682270695
257200.0	1000.0	1904.0916995345956	0.0	0	316.00351300710463	2104.0916995343287	1	0	tensor(3)	1.1341831682270718
258200.0	1000.0	1904.0916995345924	0.0	0	305.7622293937893	2104.0916995343287	1	0	tensor(3)	1.1341831682270718
259217.8743306146	1000.0	1886.217368919971	0.0	0	0.0	2104.0916995343287	1	0	tensor(3)	1.1341831682270718
260200.0	1000.0	1904.0916995345556	0.0	0	356.58648409170564	2104.0916995343287	1	0	tensor(3)	1.1341831682270718
262421.19302015955	2000.0	682.8986793750399	0.0	0	0.0	2104.091699534387	1	0	tensor(3)	1.1341831682270698
263348.7980861307	500.0	755.2936134038894	0.0	0	0.0	2104.0916995343578	1	0	tensor(3)	-0.9452583734527692
264132.5147149945	500.0	971.5769845400362	0.0	0	0.0	2104.0916995343578	1	0	tensor(3)	0.4410359876671231
264687.2067187442	500.0	1416.8849807903973	0.0	0	0.0	2104.091699534387	1	0	tensor(3)	0.4410359876671217
265702.05351967464	1000.0	1402.0381798599583	0.0	0	0.0	2104.091699534445	1	0	tensor(3)	0.44103598766711916
266320.57866847125	1000.0	1783.5130310633613	0.0	0	0.0	2104.091699534445	1	0	tensor(3)	1.1341831682270627
267206.35857376	1000.0	1897.7331257745334	0.0	0	0.0	2104.091699534445	1	0	tensor(3)	1.1341831682270627
268200.0	1000.0	1904.091699534589	0.0	0	102.20183958706912	2104.091699534445	1	0	tensor(3)	1.1341831682270627
269200.0	1000.0	1904.0916995345876	0.0	0	84.9391547231935	2104.091699534445	1	0	tensor(3)	1.1341831682270627
270200.0	1000.0	1904.0916995346167	0.0	0	89.73475897393655	2104.091699534445	1	0	tensor(3)	1.1341831682270627
271200.0	1000.0	1904.091699534615	0.0	0	239.69183147180593	2104.091699534445	1	0	tensor(3)	1.1341831682270627
272200.0	1000.0	1904.0916995346797	0.0	0	25.06743534625275	2104.091699534445	1	0	tensor(3)	1.1341831682270627
273279.3092032195	1000.0	1824.7824963151777	0.0	0	0.0	2104.091699534445	1	0	tensor(3)	1.1341831682270627
274200.0	1000.0	1904.0916995347118	0.0	0	239.82433110836428	2104.0916995345033	1	0	tensor(3)	1.1341831682270582
275227.7924848037	1000.0	1876.2992147310479	0.0	0	0.0	2104.0916995345033	1	0	tensor(3)	1.1341831682270582
276299.04595011694	1000.0	1805.04574941779	0.0	0	0.0	2104.091699534445	1	0	tensor(3)	1.1341831682270627
277200.0	1000.0	1904.0916995347095	0.0	0	134.98107492207782	2104.091699534445	1	0	tensor(3)	1.1341831682270627
278200.0	1000.0	1904.091699534715	0.0	0	296.0696671963087	2104.091699534445	1	0	tensor(3)	1.1341831682270627
279200.0	2000.0	1904.091699534673	0.0	0	1.781997135549318	2104.091699534445	1	0	tensor(3)	1.1341831682270624
281040.831944018	2000.0	1063.259755516615	0.0	0	0.0	2104.091699534445	1	0	tensor(3)	1.8273303487870076
281861.58045872627	1000.0	1242.5112408083025	0.0	0	0.0	2104.091699534387	1	0	tensor(3)	0.44103598766712115
283250.66202739876	1000.0	853.429672135764	0.0	0	0.0	2104.091699534387	1	0	tensor(3)	1.1341831682270673
283900.06693743705	500.0	1204.0247620974467	0.0	0	0.0	2104.091699534387	1	0	tensor(3)	-0.2521111928928238
285159.8111472437	1000.0	944.280552290765	0.0	0	0.0	2104.091699534387	1	0	tensor(3)	0.4410359876671219
286057.50609806547	500.0	1046.5856014689941	0.0	0	0.0	2104.091699534445	1	0	tensor(3)	-0.25211119289282824
286740.63757785317	500.0	1363.4541216812424	0.0	0	0.0	2104.091699534445	1	0	tensor(3)	0.4410359876671172
287801.7642531963	1000.0	1302.3274463381265	0.0	0	0.0	2104.091699534445	1	0	tensor(3)	0.44103598766711727
288737.06443632505	1000.0	1367.0272632093797	0.0	0	0.0	2104.091699534445	1	0	tensor(3)	1.1341831682270627
289296.97881287267	1000.0	1807.1128866617498	0.0	0	0.0	2104.091699534387	1	0	tensor(3)	1.1341831682270673
291227.80507157056	2000.0	876.2866279638406	0.0	0	0.0	2104.091699534445	1	0	tensor(3)	1.1341831682270624
291992.4814599624	1000.0	1111.6102395720422	0.0	0	0.0	2104.091699534445	1	0	tensor(3)	0.4410359876671175
292724.29164527624	1000.0	1379.8000542581617	0.0	0	0.0	2104.091699534445	1	0	tensor(3)	1.1341831682270627
293482.0629759021	1000.0	1622.0287236322968	0.0	0	0.0	2104.091699534445	1	0	tensor(3)	1.1341831682270627
294200.0	1000.0	1904.0916995344378	0.0	0	106.4802404922084	2104.091699534445	1	0	tensor(3)	1.1341831682270627
295200.0	1000.0	1904.091699534446	0.0	0	143.34331287583336	2104.091699534445	1	0	tensor(3)	1.1341831682270627
296200.0	1000.0	1904.0916995344107	0.0	0	13.074332198651973	2104.091699534445	1	0	tensor(3)	1.1341831682270627
297410.5897614079	1000.0	1693.5019381265784	0.0	0	0.0	2104.091699534445	1	0	tensor(3)	1.1341831682270627
298200.0	1000.0	1904.0916995344328	0.0	0	36.73865713935811	2104.091699534445	1	0	tensor(3)	1.1341831682270627
299200.0	1000.0	1904.0916995344035	0.0	0	204.36773176095448	2104.091699534445	1	0	tensor(3)	1.1341831682270627
300200.0	1000.0	1904.0916995344212	0.0	0	5.672101297706831	2104.0916995345033	1	0	tensor(3)	1.1341831682270582
301237.48186245566	1000.0	1866.6098370787693	0.0	0	0.0	2104.0916995345033	1	0	tensor(3)	1.1341831682270582
302200.0	1000.0	1904.0916995344232	0.0	0	100.34472458763048	2104.0916995345033	1	0	tensor(3)	1.1341831682270582
303200.0	1000.0	1904.091699534347	0.0	0	276.34087066474603	2104.091699534445	1	0	tensor(3)	1.1341831682270627
304239.7781144869	1000.0	1864.3135850474875	0.0	0	0.0	2104.0916995345033	1	0	tensor(3)	1.1341831682270582
1.24	1.1	0.87	0.68	1.44	1.11	0.79	1.22	1.22	1.45	1.0	1.41	1.55	1.48	1.38	1.29	1.04	0.78	0.93	0.73	1.1	1.25	1.19	1.26	0.87	0.92	0.7	1.1	1.23	1.2	0.87	1.23	1.69	1.6	1.4	1.36	1.34	1.36	1.45	1.39	0.8	0.44	0.47	0.98	1.25	1.24	1.83	2.48	1.6	1.26	0.8	0.61	0.56	0.88	1.15	1.14	0.74	1.43	1.1	0.76	1.09	1.27	1.44	1.48	1.63	1.48	1.23	0.65	1.29	1.19	1.18	1.27	1.34	1.42	1.27	1.24	1.82	1.36	1.63	2.02	1.3	1.7	1.02	0.74	0.98	1.27	0.95	1.17	1.52	1.36	1.47	0.95	1.0	1.02	1.05	1.17	1.26	0.83	0.86	1.24	1.0	1.58	1.55	1.24	1.25	1.9	1.17	0.71	0.74	0.79	1.11	1.44	1.2	1.18	1.52	1.26	1.27	0.61	1.02	1.3	1.09	0.98	1.32	1.9	1.81	1.45	0.93	0.98	0.79	0.95	0.67	0.75	0.93	1.32	1.95	1.18	1.27	1.62	1.31	1.45	1.31	1.2	0.67	1.53	1.23	1.23	1.22	1.12	1.4	1.17	1.24	1.1	0.87	0.68	1.44	1.11	0.79	1.22	1.22	1.45	1.0	1.41	1.55	1.48	1.38	1.29	1.04	0.78	0.93	0.73	1.1	1.25	1.19	1.26	0.87	0.92	0.7	1.1	1.23	1.2	0.87	1.23	1.69	1.6	1.4	1.36	1.34	1.36	1.45	1.39	0.8	0.44	0.47	0.98	1.25	1.24	1.83	2.48	1.6	1.26	0.8	0.61	0.56	0.88	1.15	1.14	0.74	1.43	1.1	0.76	1.09	1.27	1.44	1.48	1.63	1.48	1.23	0.65	1.29	1.19	1.18	1.27	1.34	1.42	1.27	1.24	1.82	1.36	1.63	2.02	1.3	1.7	1.02	0.74	0.98	1.27	0.95	1.17	1.52	1.36	1.47	0.95	1.0	1.02	1.05	1.17	1.26	0.83	0.86	1.24	1.0	1.58	1.55	1.24	1.25	1.9	1.17	0.71	0.74	0.79	1.11	1.44	1.2	1.18	1.52	1.26	1.27	0.61	1.02	1.3	1.09	0.98	1.32	1.9	1.81	1.45	0.93	0.98	0.79	0.95	0.67	0.75	0.93	1.32	1.95	1.18	1.27	1.62	1.31	1.45	1.31	1.2	0.67	1.53	1.23	1.23	1.22	1.12	1.4	1.17	1.24	1.1	0.87
1.0	2.0	3.0	4.0	5.0	6.0	7.0	8.0	9.0	10.0	11.0	12.0	13.0	14.0	15.0	16.0	17.0	18.0	19.0	20.0	21.0	22.0	23.0	24.0	25.0	26.0	27.0	28.0	29.0	30.0	31.0	32.0	33.0	34.0	35.0	36.0	37.0	38.0	39.0	40.0	41.0	42.0	43.0	44.0	45.0	46.0	47.0	48.0	49.0	50.0	51.0	52.0	53.0	54.0	55.0	56.0	57.0	58.0	59.0	60.0	61.0	62.0	63.0	64.0	65.0	66.0	67.0	68.0	69.0	70.0	71.0	72.0	73.0	74.0	75.0	76.0	77.0	78.0	79.0	80.0	81.0	82.0	83.0	84.0	85.0	86.0	87.0	88.0	89.0	90.0	91.0	92.0	93.0	94.0	95.0	96.0	97.0	98.0	99.0	100.0	101.0	102.0	103.0	104.0	105.0	106.0	107.0	108.0	109.0	110.0	111.0	112.0	113.0	114.0	115.0	116.0	117.0	118.0	119.0	120.0	121.0	122.0	123.0	124.0	125.0	126.0	127.0	128.0	129.0	130.0	131.0	132.0	133.0	134.0	135.0	136.0	137.0	138.0	139.0	140.0	141.0	142.0	143.0	144.0	145.0	146.0	147.0	148.0	149.0	149.0	150.0	151.0	152.0	153.0	154.0	155.0	156.0	157.0	158.0	159.0	160.0	161.0	162.0	163.0	164.0	165.0	166.0	167.0	168.0	169.0	170.0	171.0	172.0	173.0	174.0	175.0	176.0	177.0	178.0	179.0	180.0	181.0	182.0	183.0	184.0	185.0	186.0	187.0	188.0	189.0	190.0	191.0	192.0	193.0	194.0	195.0	196.0	197.0	198.0	199.0	200.0	201.0	202.0	203.0	204.0	205.0	206.0	207.0	208.0	209.0	210.0	211.0	212.0	213.0	214.0	215.0	216.0	217.0	218.0	219.0	220.0	221.0	222.0	223.0	224.0	225.0	226.0	227.0	228.0	229.0	230.0	231.0	232.0	233.0	234.0	235.0	236.0	237.0	238.0	239.0	240.0	241.0	242.0	243.0	244.0	245.0	246.0	247.0	248.0	249.0	250.0	251.0	252.0	253.0	254.0	255.0	256.0	257.0	258.0	259.0	260.0	261.0	262.0	263.0	264.0	265.0	266.0	267.0	268.0	269.0	270.0	271.0	272.0	273.0	274.0	275.0	276.0	277.0	278.0	279.0	280.0	281.0	282.0	283.0	284.0	285.0	286.0	287.0	288.0	289.0	290.0	291.0	292.0	293.0	294.0	295.0	296.0	297.0	298.0	298.0	299.0	300.0	301.0
5485.3706671250575
