3334.9899364095363	300.0	2000.0	430.7252970764168	0	0.0	3334.9899364095363	1	0	tensor(3)	-2.810639871896524
4833.66921615705	1000.0	1501.3207202524873	0.0	0	0.0	3334.989936409537	1	0	tensor(3)	-0.25038901656900414
5521.215905879972	1000.0	1813.774030529565	0.0	0	0.0	3334.9899364095368	1	0	tensor(3)	0.9535837877569322
6099.387093194208	1000.0	2235.602843215328	0.0	0	0.0	3334.9899364095354	1	0	tensor(3)	0.9535837877569324
7133.9557396026175	1000.0	2201.0341968069188	0.0	0	0.0	3334.9899364095354	1	0	tensor(3)	0.9535837877569325
8105.342544919775	1000.0	2229.6473914897615	0.0	0	0.0	3334.9899364095363	1	0	tensor(3)	0.9535837877569322
9475.246953642833	1000.0	1859.7429827667054	0.0	0	0.0	3334.989936409538	1	0	tensor(3)	0.953583787756932
10207.634352776204	1000.0	2127.355583633334	0.0	0	0.0	3334.989936409537	1	0	tensor(3)	0.953583787756932
11048.864727916269	1000.0	2286.125208493269	0.0	0	0.0	3334.989936409537	1	0	tensor(3)	0.953583787756932
12185.422148770462	1000.0	2149.567787639076	0.0	0	0.0	3334.989936409538	1	0	tensor(3)	0.9535837877569319
13425.571596165002	1000.0	1909.4183402445342	0.0	0	0.0	3334.989936409538	1	0	tensor(3)	0.9535837877569319
14150.05756233878	1000.0	2184.932374070755	0.0	0	0.0	3334.989936409538	1	0	tensor(3)	0.9535837877569319
15026.559049669513	1000.0	2308.4308867400214	0.0	0	0.0	3334.9899364095363	1	0	tensor(3)	0.9535837877569322
15747.53508922437	1000.0	2587.454847185164	0.0	0	0.0	3334.9899364095363	1	0	tensor(3)	0.9535837877569322
16693.1573395869	1000.0	2641.8325968226322	0.0	0	0.0	3334.9899364095363	1	0	tensor(3)	0.9535837877569322
17787.23996867895	1000.0	2547.7499677305827	0.0	0	0.0	3334.9899364095363	1	0	tensor(3)	0.9535837877569322
19215.14331385078	1000.0	2119.8466225587517	0.0	0	0.0	3334.9899364095345	1	0	tensor(3)	0.9535837877569326
19991.946855649734	1000.0	2343.043080759799	0.0	0	0.0	3334.9899364095327	1	0	tensor(3)	0.9535837877569331
20962.450549159323	1000.0	2372.5393872502095	0.0	0	0.0	3334.989936409529	1	0	tensor(3)	0.953583787756934
21897.435479297947	1000.0	2437.5544571115834	0.0	0	0.0	3334.989936409529	1	0	tensor(3)	0.953583787756934
22759.09701838478	1000.0	2575.892918024749	0.0	0	0.0	3334.989936409529	1	0	tensor(3)	0.953583787756934
23599.67838957039	1000.0	2735.3115468391406	0.0	0	0.0	3334.989936409529	1	0	tensor(3)	0.953583787756934
24321.0057994827	1000.0	3013.9841369268306	0.0	0	0.0	3334.989936409529	1	0	tensor(3)	0.953583787756934
25200.0	1000.0	3134.9899364095295	0.0	0	182.28056163588553	3334.9899364095254	1	0	tensor(3)	0.9535837877569349
26349.204234517583	1000.0	2985.7857018919494	0.0	0	0.0	3334.9899364095254	1	0	tensor(3)	0.9535837877569349
27442.688622581038	1000.0	2892.3013138284937	0.0	0	0.0	3334.9899364095254	1	0	tensor(3)	0.9535837877569349
28661.780608615143	1000.0	2673.209327794384	0.0	0	0.0	3334.9899364095254	1	0	tensor(3)	0.9535837877569349
30337.15328604723	2000.0	1997.8366503622997	0.0	0	0.0	3334.9899364095218	1	0	tensor(3)	0.9535837877569358
31513.8662936764	1000.0	1821.1236427331276	0.0	0	0.0	3334.9899364095218	1	0	tensor(3)	0.2604366071969907
31927.32021018211	1000.0	2407.669726227417	0.0	0	0.0	3334.9899364095218	1	0	tensor(3)	0.9535837877569359
33315.19425810723	2000.0	2019.7956783023033	0.0	0	0.0	3334.989936409529	1	0	tensor(3)	0.9535837877569351
33861.78135167379	1000.0	2473.2085847357394	0.0	0	0.0	3334.9899364095254	1	0	tensor(3)	0.2604366071969893
35489.975594170464	2000.0	1845.0143422390595	0.0	0	0.0	3334.989936409518	1	0	tensor(3)	0.9535837877569369
36527.83391938141	1000.0	1807.1560170281211	0.0	0	0.0	3334.989936409518	1	0	tensor(3)	0.26043660719699147
37318.58135989608	1000.0	2016.408576513456	0.0	0	0.0	3334.989936409518	1	0	tensor(3)	0.9535837877569366
38182.129143699436	1000.0	2152.8607927101007	0.0	0	0.0	3334.989936409518	1	0	tensor(3)	0.9535837877569366
39015.65512225392	1000.0	2319.3348141556176	0.0	0	0.0	3334.989936409518	1	0	tensor(3)	0.9535837877569366
39900.46909973124	1000.0	2434.5208366782854	0.0	0	0.0	3334.989936409518	1	0	tensor(3)	0.9535837877569366
41225.936353850375	1000.0	2109.05358255915	0.0	0	0.0	3334.989936409518	1	0	tensor(3)	0.9535837877569366
42625.26287249827	1000.0	1709.7270639112485	0.0	0	0.0	3334.989936409511	1	0	tensor(3)	0.9535837877569384
43793.2924038404	1000.0	1541.6975325691237	0.0	0	0.0	3334.989936409511	1	0	tensor(3)	0.9535837877569384
44684.953818376875	1000.0	1650.036118032649	0.0	0	0.0	3334.989936409511	1	0	tensor(3)	0.9535837877569384
45421.485198383496	1000.0	1913.504738026025	0.0	0	0.0	3334.989936409511	1	0	tensor(3)	0.9535837877569384
46212.325321075026	1000.0	2122.6646153344873	0.0	0	0.0	3334.9899364095036	1	0	tensor(3)	0.9535837877569403
46970.02100897184	1000.0	2364.968927437682	0.0	0	0.0	3334.9899364095036	1	0	tensor(3)	0.9535837877569403
47782.80742593501	1000.0	2552.182510474506	0.0	0	0.0	3334.9899364095036	1	0	tensor(3)	0.9535837877569403
48582.37649635349	1000.0	2752.613440056024	0.0	0	0.0	3334.9899364095036	1	0	tensor(3)	0.9535837877569403
49802.360802474985	2000.0	2532.6291339345316	0.0	0	0.0	3334.9899364095036	1	0	tensor(3)	0.9535837877569402
50740.03440611127	2000.0	2594.9555302982453	0.0	0	0.0	3334.9899364095036	1	0	tensor(3)	1.6467309683168854
51434.111423317205	1000.0	2900.8785130923097	0.0	0	0.0	3334.989936409511	1	0	tensor(3)	0.26043660719699324
53563.35547154874	2000.0	1771.6344648607767	0.0	0	0.0	3334.989936409511	1	0	tensor(3)	0.9535837877569383
54161.09296220784	1000.0	2173.896974201677	0.0	0	0.0	3334.989936409511	1	0	tensor(3)	0.26043660719699324
54828.45041723734	1000.0	2506.5395191721786	0.0	0	0.0	3334.989936409511	1	0	tensor(3)	0.9535837877569384
56097.67792139983	1000.0	2237.3120150096875	0.0	0	0.0	3334.989936409511	1	0	tensor(3)	0.9535837877569384
57068.854361830025	1000.0	2266.1355745794917	0.0	0	0.0	3334.989936409518	1	0	tensor(3)	0.9535837877569366
57817.84080128082	1000.0	2517.149135128694	0.0	0	0.0	3334.989936409511	1	0	tensor(3)	0.9535837877569384
58407.395161872926	1000.0	2927.5947745365916	0.0	0	0.0	3334.989936409511	1	0	tensor(3)	0.9535837877569384
59200.0	1000.0	3134.9899364095204	0.0	0	334.84639046160737	3334.989936409511	1	0	tensor(3)	0.9535837877569384
60384.65594537675	2000.0	2950.3339910327795	0.0	0	0.0	3334.989936409511	1	0	tensor(3)	0.9535837877569383
61521.06826208948	1000.0	2813.9216743200564	0.0	0	0.0	3334.989936409511	1	0	tensor(3)	0.26043660719699324
62277.10674105131	1000.0	3057.883195358223	0.0	0	0.0	3334.989936409511	1	0	tensor(3)	0.9535837877569384
64672.59824419405	2000.0	1662.3916922154847	0.0	0	0.0	3334.989936409511	1	0	tensor(3)	0.9535837877569383
65738.41411981183	500.0	1596.57581659769	0.0	0	0.0	3334.989936409489	1	0	tensor(3)	-1.1258577539228956
66875.99098644477	1000.0	1458.9989499647616	0.0	0	0.0	3334.989936409511	1	0	tensor(3)	0.2604366071969952
67602.714137407	1000.0	1732.2757990025098	0.0	0	0.0	3334.989936409489	1	0	tensor(3)	0.953583787756942
68490.61524613701	1000.0	1844.3746902725072	0.0	0	0.0	3334.9899364094817	1	0	tensor(3)	0.9535837877569457
69241.73998314611	1000.0	2093.249953263406	0.0	0	0.0	3334.9899364094745	1	0	tensor(3)	0.9535837877569471
70465.13957629663	1000.0	1869.8503601128796	0.0	0	0.0	3334.9899364094745	1	0	tensor(3)	0.9535837877569473
71341.30578312327	1000.0	1993.6841532862315	0.0	0	0.0	3334.9899364094745	1	0	tensor(3)	0.9535837877569473
71936.47602469932	1000.0	2398.5139117101835	0.0	0	0.0	3334.9899364094745	1	0	tensor(3)	0.9535837877569473
72948.33010900384	1000.0	2386.659827405641	0.0	0	0.0	3334.98993640946	1	0	tensor(3)	0.9535837877569509
74192.36763961322	1000.0	2142.6222967962776	0.0	0	0.0	3334.98993640946	1	0	tensor(3)	0.9535837877569509
75212.93452361938	1000.0	2122.055412790106	0.0	0	0.0	3334.9899364094454	1	0	tensor(3)	0.9535837877569544
76153.58237783582	1000.0	2181.4075585736587	0.0	0	0.0	3334.9899364094454	1	0	tensor(3)	0.9535837877569544
77140.40722290604	1000.0	2194.5827135034315	0.0	0	0.0	3334.9899364094454	1	0	tensor(3)	0.9535837877569544
78134.18597385273	1000.0	2200.803962556728	0.0	0	0.0	3334.9899364094454	1	0	tensor(3)	0.9535837877569544
78997.74331839598	1000.0	2337.246618013459	0.0	0	0.0	3334.9899364094454	1	0	tensor(3)	0.9535837877569544
79684.65014627852	1000.0	2650.339790130929	0.0	0	0.0	3334.98993640946	1	0	tensor(3)	0.9535837877569509
80742.17472537725	2000.0	2592.8152110321935	0.0	0	0.0	3334.98993640946	1	0	tensor(3)	0.9535837877569509
82483.1798815369	2000.0	1851.8100548725422	0.0	0	0.0	3334.98993640946	1	0	tensor(3)	1.646730968316896
83301.99169384666	1000.0	2032.9982425627868	0.0	0	0.0	3334.9899364094745	1	0	tensor(3)	0.2604366071970021
84336.83453593575	1000.0	1998.1554004736975	0.0	0	0.0	3334.98993640946	1	0	tensor(3)	0.9535837877569509
84938.40892006095	1000.0	2396.581016348499	0.0	0	0.0	3334.98993640946	1	0	tensor(3)	0.9535837877569509
85473.50546664737	1000.0	2861.4844697620783	0.0	0	0.0	3334.9899364094745	1	0	tensor(3)	0.9535837877569473
86764.01701919668	2000.0	2570.9729172127845	0.0	0	0.0	3334.9899364094745	1	0	tensor(3)	0.9535837877569472
88167.94187894462	2000.0	2167.0480574648404	0.0	0	0.0	3334.98993640946	1	0	tensor(3)	1.646730968316896
89894.05610950048	2000.0	1440.933826908985	0.0	0	0.0	3334.98993640946	1	0	tensor(3)	1.646730968316896
90592.75382115769	1000.0	1742.2361152517635	0.0	0	0.0	3334.98993640946	1	0	tensor(3)	0.2604366071970057
91288.39409738964	1000.0	2046.5958390197989	0.0	0	0.0	3334.9899364094454	1	0	tensor(3)	0.9535837877569544
92152.38616454076	1000.0	2182.6037718686894	0.0	0	0.0	3334.9899364094454	1	0	tensor(3)	0.9535837877569544
93164.6388994771	1000.0	2170.351036932346	0.0	0	0.0	3334.9899364094454	1	0	tensor(3)	0.9535837877569544
93933.63274897641	1000.0	2401.3571874330373	0.0	0	0.0	3334.9899364094454	1	0	tensor(3)	0.9535837877569544
95212.67980888078	2000.0	2122.3101275286454	0.0	0	0.0	3334.989936409431	1	0	tensor(3)	0.9535837877569577
96233.10713327806	1000.0	2101.8828031313737	0.0	0	0.0	3334.9899364094454	1	0	tensor(3)	0.26043660719700923
96925.93663598415	1000.0	2409.053300425262	0.0	0	0.0	3334.9899364094454	1	0	tensor(3)	0.9535837877569544
97712.8391078377	1000.0	2622.1508285716986	0.0	0	0.0	3334.9899364094454	1	0	tensor(3)	0.9535837877569544
98412.89373238388	1000.0	2922.096204025516	0.0	0	0.0	3334.9899364094454	1	0	tensor(3)	0.9535837877569544
99200.0	1000.0	3134.9899364094044	0.0	0	203.74430883505556	3334.9899364094454	1	0	tensor(3)	0.9535837877569544
100234.46074614709	1000.0	3100.529190262301	0.0	0	0.0	3334.9899364094454	1	0	tensor(3)	0.9535837877569544
101200.0	1000.0	3134.989936409386	0.0	0	237.08517599327024	3334.98993640946	1	0	tensor(3)	0.9535837877569509
102876.84233906245	1000.0	2458.147597346927	0.0	0	0.0	3334.98993640946	1	0	tensor(3)	0.9535837877569509
103810.04168674692	1000.0	2524.948249662457	0.0	0	0.0	3334.98993640946	1	0	tensor(3)	0.9535837877569509
104988.12523196707	2000.0	2346.864704442314	0.0	0	0.0	3334.98993640946	1	0	tensor(3)	0.9535837877569509
106309.12526212644	2000.0	2025.8646742829426	0.0	0	0.0	3334.98993640946	1	0	tensor(3)	1.646730968316896
107486.81371618973	2000.0	1848.1762202196498	0.0	0	0.0	3334.98993640946	1	0	tensor(3)	1.646730968316896
108382.9844897001	1000.0	1952.0054467092727	0.0	0	0.0	3334.98993640946	1	0	tensor(3)	0.2604366071970057
109424.20008893328	1000.0	1910.789847476084	0.0	0	0.0	3334.98993640946	1	0	tensor(3)	0.9535837877569509
110398.7944211214	1000.0	1936.1955152879784	0.0	0	0.0	3334.98993640946	1	0	tensor(3)	0.9535837877569509
111374.05599720635	1000.0	1960.9339392030397	0.0	0	0.0	3334.98993640946	1	0	tensor(3)	0.9535837877569509
112118.10480115254	1000.0	2216.885135256859	0.0	0	0.0	3334.98993640946	1	0	tensor(3)	0.9535837877569509
112810.42171889255	1000.0	2524.568217516841	0.0	0	0.0	3334.98993640946	1	0	tensor(3)	0.9535837877569509
113692.01187742999	1000.0	2642.9780589794054	0.0	0	0.0	3334.98993640946	1	0	tensor(3)	0.9535837877569509
115059.85878489989	1000.0	2275.1311515095085	0.0	0	0.0	3334.98993640946	1	0	tensor(3)	0.9535837877569509
116340.20795051308	1000.0	1994.7819858963283	0.0	0	0.0	3334.9899364094745	1	0	tensor(3)	0.9535837877569473
118547.12169790293	1000.0	787.8682385064856	0.0	0	0.0	3334.9899364094745	1	0	tensor(3)	0.9535837877569473
119047.56553979183	500.0	1287.4243966175925	0.0	0	0.0	3334.9899364094745	1	0	tensor(3)	-0.4327105733629436
120481.23249455987	1000.0	853.757441849553	0.0	0	0.0	3334.98993640946	1	0	tensor(3)	0.26043660719700545
120969.22941261393	500.0	1365.7605237955026	0.0	0	0.0	3334.9899364094745	1	0	tensor(3)	-0.4327105733629436
122160.70281275925	1000.0	1174.2871236501805	0.0	0	0.0	3334.9899364094745	1	0	tensor(3)	0.2604366071970019
123370.64096356349	1000.0	964.3489728459282	0.0	0	0.0	3334.9899364094745	1	0	tensor(3)	0.9535837877569473
123785.34285564604	500.0	1549.6470807633846	0.0	0	0.0	3334.989936409489	1	0	tensor(3)	-0.43271057336294716
124329.74247732204	1000.0	2005.2474590873765	0.0	0	0.0	3334.989936409489	1	0	tensor(3)	0.26043660719699835
124902.75329839079	1000.0	2432.236638018623	0.0	0	0.0	3334.989936409489	1	0	tensor(3)	0.9535837877569437
125769.09973647792	2000.0	2565.890199931502	0.0	0	0.0	3334.989936409489	1	0	tensor(3)	0.9535837877569439
126889.55415045074	2000.0	2445.4357859586676	0.0	0	0.0	3334.989936409489	1	0	tensor(3)	1.6467309683168891
127888.6681636672	1000.0	2446.321772742215	0.0	0	0.0	3334.989936409489	1	0	tensor(3)	0.26043660719699857
129247.93032242653	1000.0	2087.059613982879	0.0	0	0.0	3334.989936409489	1	0	tensor(3)	0.9535837877569437
130453.80340484952	1000.0	1881.186531559892	0.0	0	0.0	3334.989936409489	1	0	tensor(3)	0.9535837877569437
131686.65038554702	1000.0	1648.3395508623814	0.0	0	0.0	3334.9899364094745	1	0	tensor(3)	0.953583787756948
132455.1524745326	1000.0	1879.8374618767916	0.0	0	0.0	3334.9899364094745	1	0	tensor(3)	0.9535837877569473
133089.79413883685	1000.0	2245.1957975725654	0.0	0	0.0	3334.989936409489	1	0	tensor(3)	0.9535837877569431
135499.08792195847	2000.0	835.9020144509382	0.0	0	0.0	3334.98993640946	1	0	tensor(3)	0.9535837877569473
135943.3407498099	500.0	1391.6491865995208	0.0	0	0.0	3334.989936409489	1	0	tensor(3)	-1.125857753922892
136540.94472184652	1000.0	1794.0452145628703	0.0	0	0.0	3334.989936409489	1	0	tensor(3)	0.26043660719699835
137297.3222002565	1000.0	2037.667736152915	0.0	0	0.0	3334.989936409489	1	0	tensor(3)	0.9535837877569437
138294.94521076564	1000.0	2040.0447256437367	0.0	0	0.0	3334.989936409489	1	0	tensor(3)	0.9535837877569437
139660.82663726344	1000.0	1674.1632991459164	0.0	0	0.0	3334.98993640946	1	0	tensor(3)	0.9535837877569509
140893.76169906842	1000.0	1441.2282373409253	0.0	0	0.0	3334.989936409431	1	0	tensor(3)	0.953583787756958
141662.49795947174	1000.0	1672.4919769376054	0.0	0	0.0	3334.989936409431	1	0	tensor(3)	0.953583787756958
142407.33560972248	1000.0	1927.6543266868662	0.0	0	0.0	3334.989936409431	1	0	tensor(3)	0.953583787756958
143610.08475307244	2000.0	1724.9051833369033	0.0	0	0.0	3334.989936409431	1	0	tensor(3)	0.9535837877569577
144490.19287770346	2000.0	1844.7970587058937	0.0	0	0.0	3334.989936409431	1	0	tensor(3)	1.646730968316903
145594.38690006672	2000.0	1740.603036342651	0.0	0	0.0	3334.9899364094017	1	0	tensor(3)	1.64673096831691
146479.96035761913	1000.0	1855.0295787902576	0.0	0	0.0	3334.9899364094017	1	0	tensor(3)	0.2604366071970199
147056.41958137916	1000.0	2278.5703550302155	0.0	0	0.0	3334.9899364094017	1	0	tensor(3)	0.9535837877569651
147901.74617189576	1000.0	2433.2437645136024	0.0	0	0.0	3334.9899364094017	1	0	tensor(3)	0.9535837877569651
148551.83664476787	1000.0	2783.1532916414844	0.0	0	0.0	3334.9899364094017	1	0	tensor(3)	0.9535837877569651
149522.42036440017	1000.0	2812.5695720092	0.0	0	0.0	3334.9899364094017	1	0	tensor(3)	0.9535837877569651
150200.0	1000.0	3134.989936409382	0.0	0	59.4822170297557	3334.9899364093726	1	0	tensor(3)	0.9535837877569721
152053.23560257425	2000.0	2281.754333835128	0.0	0	0.0	3334.9899364093435	1	0	tensor(3)	0.953583787756979
153327.9781558608	1000.0	2007.0117805485745	0.0	0	0.0	3334.9899364093726	1	0	tensor(3)	0.2604366071970269
154414.2904521977	1000.0	1920.6994842116455	0.0	0	0.0	3334.9899364093435	1	0	tensor(3)	0.9535837877569792
155180.7486373737	1000.0	2154.241299035636	0.0	0	0.0	3334.9899364093726	1	0	tensor(3)	0.9535837877569721
156230.26928219077	1000.0	2104.7206542185577	0.0	0	0.0	3334.9899364093435	1	0	tensor(3)	0.9535837877569792
156976.32105697814	1000.0	2358.668879431199	0.0	0	0.0	3334.9899364093435	1	0	tensor(3)	0.9535837877569792
157852.62885894006	1000.0	2482.3610774692625	0.0	0	0.0	3334.9899364093435	1	0	tensor(3)	0.9535837877569792
159034.6184453273	1000.0	2300.371491082017	0.0	0	0.0	3334.9899364093435	1	0	tensor(3)	0.9535837877569792
159872.33219626202	1000.0	2462.657740147302	0.0	0	0.0	3334.9899364093435	1	0	tensor(3)	0.9535837877569792
161427.21010811604	1000.0	1907.7798282932567	0.0	0	0.0	3334.9899364093144	1	0	tensor(3)	0.9535837877569863
162045.9703462082	500.0	2289.0195902010464	0.0	0	0.0	3334.9899364093144	1	0	tensor(3)	-0.4327105733629045
163001.8177356098	1000.0	2333.172200799445	0.0	0	0.0	3334.9899364093144	1	0	tensor(3)	0.26043660719704087
163621.18524966628	1000.0	2713.804686742949	0.0	0	0.0	3334.9899364093144	1	0	tensor(3)	0.9535837877569863
164200.0	1000.0	3134.9899364091966	0.0	0	55.23727475333726	3334.9899364093144	1	0	tensor(3)	0.9535837877569863
165511.0928697908	2000.0	2823.8970666184196	0.0	0	0.0	3334.9899364093144	1	0	tensor(3)	0.953583787756986
166442.871962972	1000.0	2892.117973437205	0.0	0	0.0	3334.9899364093144	1	0	tensor(3)	0.2604366071970411
167904.02439944973	1000.0	2430.9655369595193	0.0	0	0.0	3334.9899364093144	1	0	tensor(3)	0.9535837877569863
169071.96126417202	1000.0	2263.0286722372466	0.0	0	0.0	3334.9899364093435	1	0	tensor(3)	0.9535837877569792
170018.68902893274	1000.0	2316.3009074765273	0.0	0	0.0	3334.9899364093435	1	0	tensor(3)	0.9535837877569792
170869.1755822567	1000.0	2465.814354152572	0.0	0	0.0	3334.9899364093435	1	0	tensor(3)	0.9535837877569792
171517.1165451563	1000.0	2817.8733912529788	0.0	0	0.0	3334.9899364093435	1	0	tensor(3)	0.9535837877569792
172527.00334826874	1000.0	2807.9865881405667	0.0	0	0.0	3334.9899364093435	1	0	tensor(3)	0.9535837877569792
173556.96133940914	1000.0	2778.028597000152	0.0	0	0.0	3334.9899364093144	1	0	tensor(3)	0.9535837877569806
174319.86574243588	1000.0	3015.1241939734277	0.0	0	0.0	3334.9899364093144	1	0	tensor(3)	0.9535837877569863
175540.96427356644	1000.0	2794.025662842878	0.0	0	0.0	3334.9899364093144	1	0	tensor(3)	0.9535837877569863
176569.8258460486	1000.0	2765.1640903607527	0.0	0	0.0	3334.9899364093144	1	0	tensor(3)	0.9535837877569863
177613.85545969396	1000.0	2721.134476715365	0.0	0	0.0	3334.9899364093144	1	0	tensor(3)	0.9535837877569863
179272.5094240185	2000.0	2062.4805123908304	0.0	0	0.0	3334.9899364093435	1	0	tensor(3)	0.953583787756979
180152.11466758803	1000.0	2182.8752688212826	0.0	0	0.0	3334.9899364093435	1	0	tensor(3)	0.260436607197034
181072.192628148	1000.0	2262.7973082613203	0.0	0	0.0	3334.9899364093435	1	0	tensor(3)	0.9535837877569792
182578.8974753783	2000.0	1756.0924610310217	0.0	0	0.0	3334.9899364093144	1	0	tensor(3)	0.9535837877569805
183303.73384503397	1000.0	2031.2560913753214	0.0	0	0.0	3334.9899364093435	1	0	tensor(3)	0.260436607197034
183912.65431685498	1000.0	2422.3356195543233	0.0	0	0.0	3334.9899364093144	1	0	tensor(3)	0.9535837877569863
186110.6136209749	2000.0	1224.3763154344224	0.0	0	0.0	3334.9899364093144	1	0	tensor(3)	0.953583787756986
186907.9700929092	1000.0	1427.0198435001364	0.0	0	0.0	3334.9899364093144	1	0	tensor(3)	0.2604366071970411
187906.20837351316	1000.0	1428.7815628961819	0.0	0	0.0	3334.9899364093144	1	0	tensor(3)	0.9535837877569863
188964.57880063626	1000.0	1370.4111357730658	0.0	0	0.0	3334.9899364093144	1	0	tensor(3)	0.9535837877569863
190021.91040804473	1000.0	1313.0795283645716	0.0	0	0.0	3334.9899364093144	1	0	tensor(3)	0.9535837877569863
190880.07919743427	500.0	1454.910738975033	0.0	0	0.0	3334.9899364093435	1	0	tensor(3)	-0.4327105733629102
191700.30149664296	500.0	1634.688439766336	0.0	0	0.0	3334.9899364093435	1	0	tensor(3)	0.2604366071970337
192617.30054723588	1000.0	1717.6893891734176	0.0	0	0.0	3334.9899364093144	1	0	tensor(3)	0.2604366071970366
193596.8634403535	1000.0	1738.12649605576	0.0	0	0.0	3334.9899364093144	1	0	tensor(3)	0.9535837877569863
194460.1469417162	1000.0	1874.842994693081	0.0	0	0.0	3334.9899364093144	1	0	tensor(3)	0.9535837877569863
195441.36335172295	1000.0	1893.6265846863485	0.0	0	0.0	3334.9899364093435	1	0	tensor(3)	0.9535837877569792
196707.65406458624	1000.0	1627.3358718230452	0.0	0	0.0	3334.9899364093435	1	0	tensor(3)	0.9535837877569792
197500.18780878274	1000.0	1834.8021276265495	0.0	0	0.0	3334.9899364093435	1	0	tensor(3)	0.9535837877569792
197979.386074922	1000.0	2355.603861487256	0.0	0	0.0	3334.9899364093435	1	0	tensor(3)	0.9535837877569792
199292.0975501621	2000.0	2042.892386247157	0.0	0	0.0	3334.9899364093435	1	0	tensor(3)	0.953583787756979
201207.7702872677	2000.0	1127.2196491415843	0.0	0	0.0	3334.9899364093144	1	0	tensor(3)	1.6467309683169313
201976.26373749733	1000.0	1358.7261989119609	0.0	0	0.0	3334.9899364093144	1	0	tensor(3)	0.2604366071970411
202814.8203935346	1000.0	1520.1695428746664	0.0	0	0.0	3334.9899364092853	1	0	tensor(3)	0.9535837877569933
203813.98155803257	1000.0	1521.008378376719	0.0	0	0.0	3334.9899364092853	1	0	tensor(3)	0.9535837877569933
205108.35242627258	1000.0	1226.6375101367128	0.0	0	0.0	3334.9899364093144	1	0	tensor(3)	0.9535837877569877
206084.5245552798	1000.0	1250.4653811295234	0.0	0	0.0	3334.9899364093144	1	0	tensor(3)	0.9535837877569863
206632.62695656563	1000.0	1702.3629798436882	0.0	0	0.0	3334.9899364092853	1	0	tensor(3)	0.9535837877569933
207490.96861422772	1000.0	1844.021322181588	0.0	0	0.0	3334.9899364092853	1	0	tensor(3)	0.9535837877569933
208133.03170370072	1000.0	2201.9582327086173	0.0	0	0.0	3334.9899364092853	1	0	tensor(3)	0.9535837877569933
209416.8622033004	2000.0	1918.1277331089423	0.0	0	0.0	3334.9899364092853	1	0	tensor(3)	0.9535837877569933
210423.08618996944	1000.0	1911.9037464399182	0.0	0	0.0	3334.9899364093144	1	0	tensor(3)	0.2604366071970411
211243.69737225678	1000.0	2091.29256415255	0.0	0	0.0	3334.9899364092853	1	0	tensor(3)	0.9535837877569933
212455.88545230223	1000.0	1879.1044841070682	0.0	0	0.0	3334.9899364092853	1	0	tensor(3)	0.9535837877569933
214322.63764248154	1000.0	1012.3522939277457	0.0	0	0.0	3334.989936409256	1	0	tensor(3)	0.9535837877569975
214864.70897728734	500.0	1470.2809591219254	0.0	0	0.0	3334.989936409256	1	0	tensor(3)	-0.43271057336289054
216128.35885890826	1000.0	1206.6310775010131	0.0	0	0.0	3334.989936409227	1	0	tensor(3)	0.2604366071970621
217181.39885746656	1000.0	1153.5910789427421	0.0	0	0.0	3334.989936409227	1	0	tensor(3)	0.9535837877570075
218080.17446570395	1000.0	1254.8154707053607	0.0	0	0.0	3334.989936409227	1	0	tensor(3)	0.9535837877570075
219078.7488673356	1000.0	1256.2410690737045	0.0	0	0.0	3334.989936409256	1	0	tensor(3)	0.9535837877570004
219875.22034269266	1000.0	1459.7695937166482	0.0	0	0.0	3334.989936409227	1	0	tensor(3)	0.9535837877570075
220647.76108902818	1000.0	1687.2288473811514	0.0	0	0.0	3334.989936409227	1	0	tensor(3)	0.9535837877570075
221285.99030994298	1000.0	2048.9996264663696	0.0	0	0.0	3334.989936409227	1	0	tensor(3)	0.9535837877570075
222032.62229899177	1000.0	2302.3676374175993	0.0	0	0.0	3334.989936409198	1	0	tensor(3)	0.9535837877570146
223223.89789323547	1000.0	2111.092043173904	0.0	0	0.0	3334.989936409169	1	0	tensor(3)	0.9535837877570217
224119.55256676814	1000.0	2215.4373696412285	0.0	0	0.0	3334.989936409169	1	0	tensor(3)	0.9535837877570217
225024.79895159378	1000.0	2310.190984815597	0.0	0	0.0	3334.989936409169	1	0	tensor(3)	0.9535837877570217
226055.2045794348	1000.0	2279.7853569745903	0.0	0	0.0	3334.989936409169	1	0	tensor(3)	0.9535837877570217
227049.37783857115	1000.0	2285.61209783822	0.0	0	0.0	3334.989936409169	1	0	tensor(3)	0.9535837877570217
228072.2414417283	1000.0	2262.7484946810973	0.0	0	0.0	3334.989936409198	1	0	tensor(3)	0.9535837877570146
228889.97641243212	1000.0	2445.0135239773113	0.0	0	0.0	3334.989936409198	1	0	tensor(3)	0.9535837877570146
230518.52796143218	2000.0	1816.4619749772194	0.0	0	0.0	3334.989936409169	1	0	tensor(3)	0.9535837877570216
231596.59710060738	1000.0	1738.392835802035	0.0	0	0.0	3334.989936409169	1	0	tensor(3)	0.2604366071970765
232365.6161028427	1000.0	1969.3738335667044	0.0	0	0.0	3334.989936409169	1	0	tensor(3)	0.9535837877570217
233509.394492827	1000.0	1825.5954435824044	0.0	0	0.0	3334.989936409169	1	0	tensor(3)	0.9535837877570217
234277.24381809038	1000.0	2057.746118319017	0.0	0	0.0	3334.989936409169	1	0	tensor(3)	0.9535837877570217
234775.03986701486	1000.0	2559.95006939452	0.0	0	0.0	3334.98993640914	1	0	tensor(3)	0.9535837877570287
235649.1940201279	2000.0	2685.7959162814814	0.0	0	0.0	3334.98993640914	1	0	tensor(3)	0.9535837877570288
237042.7876230795	2000.0	2292.20231332991	0.0	0	0.0	3334.989936409198	1	0	tensor(3)	1.6467309683169624
238312.0815490516	2000.0	2022.9083873578325	0.0	0	0.0	3334.989936409198	1	0	tensor(3)	1.6467309683169595
239310.37063267519	1000.0	2024.619303734236	0.0	0	0.0	3334.989936409227	1	0	tensor(3)	0.2604366071970623
240202.47644733655	1000.0	2132.513489072875	0.0	0	0.0	3334.989936409227	1	0	tensor(3)	0.9535837877570075
241010.95801187088	1000.0	2324.0319245385426	0.0	0	0.0	3334.989936409227	1	0	tensor(3)	0.9535837877570075
241648.27472166487	1000.0	2686.715214744564	0.0	0	0.0	3334.989936409256	1	0	tensor(3)	0.9535837877570004
242277.9988519764	1000.0	3056.991084433045	0.0	0	0.0	3334.989936409227	1	0	tensor(3)	0.9535837877570075
243200.0	1000.0	3134.989936409464	0.0	0	107.52505024554557	3334.989936409227	1	0	tensor(3)	0.9535837877570075
244579.0241553752	2000.0	2755.965781034269	0.0	0	0.0	3334.989936409256	1	0	tensor(3)	0.953583787757006
245595.0997970185	1000.0	2739.8901393909823	0.0	0	0.0	3334.9899364092853	1	0	tensor(3)	0.2604366071970481
246200.0	1000.0	3134.98993640954	0.0	0	1.373151118750684	3334.9899364092853	1	0	tensor(3)	0.9535837877569933
247200.0	1000.0	3134.9899364095277	0.0	0	411.049839117215	3334.9899364092853	1	0	tensor(3)	0.9535837877569917
248441.86066766962	2000.0	2893.1292687398704	0.0	0	0.0	3334.989936409256	1	0	tensor(3)	0.9535837877570005
249268.99534417514	1000.0	3065.9945922343413	0.0	0	0.0	3334.989936409227	1	0	tensor(3)	0.2604366071970623
250249.8246962837	1000.0	3085.1652401257998	0.0	0	0.0	3334.989936409227	1	0	tensor(3)	0.9535837877570075
251875.98218628854	1000.0	2459.007750120956	0.0	0	0.0	3334.989936409227	1	0	tensor(3)	0.9535837877570075
252888.69235584326	1000.0	2446.2975805662295	0.0	0	0.0	3334.989936409198	1	0	tensor(3)	0.9535837877570146
253452.61448369594	1000.0	2882.375452713543	0.0	0	0.0	3334.989936409198	1	0	tensor(3)	0.9535837877570146
254200.0	1000.0	3134.9899364094663	0.0	0	173.58540988725144	3334.989936409169	1	0	tensor(3)	0.9535837877570217
255656.22690931085	2000.0	2678.7630270986147	0.0	0	0.0	3334.989936409169	1	0	tensor(3)	0.9535837877570216
257317.6637570246	2000.0	2017.3261793848305	0.0	0	0.0	3334.98993640914	1	0	tensor(3)	1.646730968316974
258461.25193436057	1000.0	1873.7380020488622	0.0	0	0.0	3334.98993640914	1	0	tensor(3)	0.2604366071970835
259420.07305657174	1000.0	1914.916879837654	0.0	0	0.0	3334.98993640914	1	0	tensor(3)	0.9535837877570287
260317.533050126	1000.0	2017.4568862834064	0.0	0	0.0	3334.9899364091107	1	0	tensor(3)	0.9535837877570359
260969.6541231606	1000.0	2365.3358132487974	0.0	0	0.0	3334.9899364091107	1	0	tensor(3)	0.9535837877570359
261755.91999778777	1000.0	2579.069938621639	0.0	0	0.0	3334.9899364091107	1	0	tensor(3)	0.9535837877570359
262730.4406362821	1000.0	2604.549300127318	0.0	0	0.0	3334.9899364091107	1	0	tensor(3)	0.9535837877570316
263927.57159325475	1000.0	2407.418343154651	0.0	0	0.0	3334.9899364090525	1	0	tensor(3)	0.9535837877570487
265480.998664523	1000.0	1853.991271886402	0.0	0	0.0	3334.9899364090525	1	0	tensor(3)	0.9535837877570557
267749.6639735893	1000.0	585.325962820087	0.0	0	0.0	3334.9899364091107	1	0	tensor(3)	0.9535837877570359
268333.0850807531	500.0	1001.9048556562472	0.0	0	0.0	3334.9899364091107	1	0	tensor(3)	-0.432710573362855
268953.7935265712	500.0	1381.1964098381131	0.0	0	0.0	3334.9899364090525	1	0	tensor(3)	0.2604366071971046
269706.085836758	500.0	1628.9040996512992	0.0	0	0.0	3334.9899364090525	1	0	tensor(3)	0.2604366071971046
270770.8478415204	1000.0	1564.1420948889515	0.0	0	0.0	3334.9899364091107	1	0	tensor(3)	0.26043660719709627
271753.9948580432	1000.0	1580.995078366123	0.0	0	0.0	3334.9899364090525	1	0	tensor(3)	0.9535837877570501
272656.2677821311	1000.0	1678.7221542783248	0.0	0	0.0	3334.9899364091107	1	0	tensor(3)	0.9535837877570359
273529.9701525118	1000.0	1805.019783897561	0.0	0	0.0	3334.9899364090525	1	0	tensor(3)	0.9535837877570501
274212.82154262054	1000.0	2122.168393788771	0.0	0	0.0	3334.9899364090525	1	0	tensor(3)	0.9535837877570501
275557.1007877121	2000.0	1777.8891486972007	0.0	0	0.0	3334.9899364089943	1	0	tensor(3)	0.9535837877570641
276602.23844590806	1000.0	1732.7514905012545	0.0	0	0.0	3334.9899364090525	1	0	tensor(3)	0.26043660719711614
277633.97746967565	1000.0	1701.012466733712	0.0	0	0.0	3334.9899364090525	1	0	tensor(3)	0.9535837877570388
279055.63293896033	1000.0	1279.3569974490401	0.0	0	0.0	3334.9899364089943	1	0	tensor(3)	0.9535837877570642
280003.053791674	500.0	1331.9361447353126	0.0	0	0.0	3334.9899364089943	1	0	tensor(3)	-0.4327105733628267
280531.0472237279	500.0	1803.9427126814123	0.0	0	0.0	3334.989936408936	1	0	tensor(3)	0.2604366071971329
281433.5526560163	1000.0	1901.4372803930307	0.0	0	0.0	3334.989936408936	1	0	tensor(3)	0.260436607197133
282043.55199724913	1000.0	2291.4379391601724	0.0	0	0.0	3334.989936408936	1	0	tensor(3)	0.9535837877570784
283341.4585326065	2000.0	1993.5314038028182	0.0	0	0.0	3334.989936408936	1	0	tensor(3)	0.9535837877570782
284625.1203250983	1000.0	1709.8696113110736	0.0	0	0.0	3334.989936408936	1	0	tensor(3)	0.26043660719713324
285249.527131056	1000.0	2085.462805353329	0.0	0	0.0	3334.989936408936	1	0	tensor(3)	0.9535837877570784
287626.151090246	2000.0	708.8388461633658	0.0	0	0.0	3334.989936408936	1	0	tensor(3)	0.9535837877570782
288373.11208220036	500.0	961.877854208954	0.0	0	0.0	3334.989936408936	1	0	tensor(3)	-1.1258577539227577
289046.98456931673	500.0	1288.0053670925558	0.0	0	0.0	3334.989936408936	1	0	tensor(3)	0.2604366071971329
289927.6980935286	1000.0	1407.2918428807234	0.0	0	0.0	3334.9899364089943	1	0	tensor(3)	0.2604366071971188
290687.6687074531	1000.0	1647.3212289563103	0.0	0	0.0	3334.9899364090525	1	0	tensor(3)	0.9535837877570501
291279.83209595125	1000.0	2055.1578404581765	0.0	0	0.0	3334.9899364090525	1	0	tensor(3)	0.9535837877570501
291928.16502044507	1000.0	2406.824915964346	0.0	0	0.0	3334.9899364091107	1	0	tensor(3)	0.9535837877570359
293175.35556721094	2000.0	2159.634369198558	0.0	0	0.0	3334.9899364091107	1	0	tensor(3)	0.9535837877570357
294251.0355288242	2000.0	2083.954407585289	0.0	0	0.0	3334.9899364091107	1	0	tensor(3)	1.6467309683169808
295622.2717461566	2000.0	1712.7181902529105	0.0	0	0.0	3334.9899364091107	1	0	tensor(3)	1.6467309683169808
296489.5990379888	1000.0	1845.390898420752	0.0	0	0.0	3334.989936409169	1	0	tensor(3)	0.2604366071970765
297295.3547106559	1000.0	2039.6352257535987	0.0	0	0.0	3334.989936409169	1	0	tensor(3)	0.9535837877570217
298027.53439578775	1000.0	2307.4555406217905	0.0	0	0.0	3334.9899364091107	1	0	tensor(3)	0.9535837877570359
298848.31342921243	1000.0	2486.676507197107	0.0	0	0.0	3334.989936409169	1	0	tensor(3)	0.9535837877570217
299854.0627467276	2000.0	2480.9271896819255	0.0	0	0.0	3334.989936409169	1	0	tensor(3)	0.9535837877570216
301327.8329650054	1000.0	2007.1569714042016	0.0	0	0.0	3334.989936409227	1	0	tensor(3)	0.2604366071970623
0.74	0.8	1.16	1.37	1.29	1.11	0.75	1.16	1.04	0.51	0.8	1.24	1.68	1.11	1.1	0.58	1.04	1.19	1.4	1.39	1.02	1.24	1.44	0.97	0.97	0.96	1.47	1.47	0.85	1.91	1.58	1.54	1.44	0.75	0.94	1.29	1.38	1.08	0.68	0.75	1.12	1.23	1.09	1.39	0.95	1.42	2.28	1.97	1.25	1.1	1.22	1.45	1.03	1.05	1.41	1.53	1.9	1.42	1.02	1.44	0.93	0.71	0.56	0.83	1.15	1.23	1.05	1.14	1.36	1.25	1.02	0.94	1.05	0.86	1.1	1.0	1.39	1.88	1.58	1.04	1.08	0.92	1.67	2.02	1.97	1.55	1.38	1.37	1.39	1.4	1.38	1.66	1.08	1.03	1.32	1.54	1.29	1.18	1.2	0.66	0.98	1.46	2.18	1.89	1.47	1.17	1.18	1.09	1.15	1.19	1.16	0.89	0.78	0.61	0.51	0.64	0.86	0.8	0.8	1.24	1.09	1.46	1.99	1.61	1.08	1.0	0.94	0.71	0.7	1.31	1.87	1.36	0.61	1.41	1.26	0.8	0.88	1.01	1.3	1.78	2.03	2.15	1.41	1.19	1.32	1.23	1.16	1.88	1.14	1.12	0.74	0.8	1.16	1.37	1.29	1.11	0.75	1.16	1.04	0.51	0.8	1.24	1.68	1.11	1.1	0.58	1.04	1.19	1.4	1.39	1.02	1.24	1.44	0.97	0.97	0.96	1.47	1.47	0.85	1.91	1.58	1.54	1.44	0.75	0.94	1.29	1.38	1.08	0.68	0.75	1.12	1.23	1.09	1.39	0.95	1.42	2.28	1.97	1.25	1.1	1.22	1.45	1.03	1.05	1.41	1.53	1.9	1.42	1.02	1.44	0.93	0.71	0.56	0.83	1.15	1.23	1.05	1.14	1.36	1.25	1.02	0.94	1.05	0.86	1.1	1.0	1.39	1.88	1.58	1.04	1.08	0.92	1.67	2.02	1.97	1.55	1.38	1.37	1.39	1.4	1.38	1.66	1.08	1.03	1.32	1.54	1.29	1.18	1.2	0.66	0.98	1.46	2.18	1.89	1.47	1.17	1.18	1.09	1.15	1.19	1.16	0.89	0.78	0.61	0.51	0.64	0.86	0.8	0.8	1.24	1.09	1.46	1.99	1.61	1.08	1.0	0.94	0.71	0.7	1.31	1.87	1.36	0.61	1.41	1.26	0.8	0.88	1.01	1.3	1.78	2.03	2.15	1.41	1.19	1.32	1.23	1.16	1.88	1.14	1.12	0.74	0.8	1.16
1.0	2.0	3.0	4.0	5.0	6.0	7.0	8.0	9.0	10.0	11.0	12.0	13.0	14.0	15.0	16.0	17.0	18.0	19.0	20.0	21.0	22.0	23.0	24.0	25.0	26.0	27.0	28.0	29.0	30.0	31.0	32.0	33.0	34.0	35.0	36.0	37.0	38.0	39.0	40.0	41.0	42.0	43.0	44.0	45.0	46.0	47.0	48.0	49.0	50.0	51.0	52.0	53.0	54.0	55.0	56.0	57.0	58.0	59.0	60.0	61.0	62.0	63.0	64.0	65.0	66.0	67.0	68.0	69.0	70.0	71.0	72.0	73.0	74.0	75.0	76.0	77.0	78.0	79.0	80.0	81.0	82.0	83.0	84.0	85.0	86.0	87.0	88.0	89.0	90.0	91.0	92.0	93.0	94.0	95.0	96.0	97.0	98.0	99.0	100.0	101.0	102.0	103.0	104.0	105.0	106.0	107.0	108.0	109.0	110.0	111.0	112.0	113.0	114.0	115.0	116.0	117.0	118.0	119.0	120.0	121.0	122.0	123.0	124.0	125.0	126.0	127.0	128.0	129.0	130.0	131.0	132.0	133.0	134.0	135.0	136.0	137.0	138.0	139.0	140.0	141.0	142.0	143.0	144.0	145.0	146.0	147.0	148.0	149.0	149.0	150.0	151.0	152.0	153.0	154.0	155.0	156.0	157.0	158.0	159.0	160.0	161.0	162.0	163.0	164.0	165.0	166.0	167.0	168.0	169.0	170.0	171.0	172.0	173.0	174.0	175.0	176.0	177.0	178.0	179.0	180.0	181.0	182.0	183.0	184.0	185.0	186.0	187.0	188.0	189.0	190.0	191.0	192.0	193.0	194.0	195.0	196.0	197.0	198.0	199.0	200.0	201.0	202.0	203.0	204.0	205.0	206.0	207.0	208.0	209.0	210.0	211.0	212.0	213.0	214.0	215.0	216.0	217.0	218.0	219.0	220.0	221.0	222.0	223.0	224.0	225.0	226.0	227.0	228.0	229.0	230.0	231.0	232.0	233.0	234.0	235.0	236.0	237.0	238.0	239.0	240.0	241.0	242.0	243.0	244.0	245.0	246.0	247.0	248.0	249.0	250.0	251.0	252.0	253.0	254.0	255.0	256.0	257.0	258.0	259.0	260.0	261.0	262.0	263.0	264.0	265.0	266.0	267.0	268.0	269.0	270.0	271.0	272.0	273.0	274.0	275.0	276.0	277.0	278.0	279.0	280.0	281.0	282.0	283.0	284.0	285.0	286.0	287.0	288.0	289.0	290.0	291.0	292.0	293.0	294.0	295.0	296.0	297.0	298.0	298.0	299.0	300.0	301.0
2501.4066326619904
