5975.654618646609	1000.0	2000.0	196.6524119946539	0	0.0	3975.6546186466094	1	0	tensor(6)	-7.618386645560412
6634.456460908699	3000.0	2341.1981577379106	0.0	0	0.0	3975.65461864661	1	0	tensor(3)	0.7471816321364018
7375.819587065352	3000.0	2599.8350315812577	0.0	0	0.0	3975.6546186466094	1	0	tensor(3)	1.8457939208045115
8358.633536208641	3000.0	2617.0210824379683	0.0	0	0.0	3975.6546186466094	1	0	tensor(3)	1.8457939208045115
9072.134022641938	3000.0	2903.5205960046715	0.0	0	0.0	3975.6546186466103	1	0	tensor(3)	1.8457939208045115
9890.246153566039	3000.0	3085.4084650805703	0.0	0	0.0	3975.6546186466103	1	0	tensor(3)	1.8457939208045115
10709.867395585175	3000.0	3265.787223061433	0.0	0	0.0	3975.6546186466085	1	0	tensor(3)	1.8457939208045118
11954.19540321289	3000.0	3021.459215433719	0.0	0	0.0	3975.6546186466085	1	0	tensor(3)	1.8457939208045122
13024.489594349556	3000.0	2951.1650242970536	0.0	0	0.0	3975.6546186466094	1	0	tensor(3)	1.8457939208045115
14131.651704160944	3000.0	2844.0029144856644	0.0	0	0.0	3975.6546186466094	1	0	tensor(3)	1.8457939208045115
15241.49131484991	3000.0	2734.163303796697	0.0	0	0.0	3975.6546186466076	1	0	tensor(3)	1.8457939208045118
16544.360011083994	3000.0	2431.2946075626114	0.0	0	0.0	3975.6546186466076	1	0	tensor(3)	1.8457939208045124
17527.48224366396	3000.0	2448.1723749826438	0.0	0	0.0	3975.6546186466057	1	0	tensor(3)	1.845793920804513
18346.048264682177	3000.0	2629.6063539644256	0.0	0	0.0	3975.654618646604	1	0	tensor(3)	1.8457939208045138
20077.160328756177	3000.0	1898.4942898904233	0.0	0	0.0	3975.654618646602	1	0	tensor(3)	1.8457939208045144
21331.40795325759	3000.0	1644.2466653890115	0.0	0	0.0	3975.6546186466003	1	0	tensor(3)	1.8457939208045153
22409.75352972961	3000.0	1565.9010889169897	0.0	0	0.0	1975.6546186466003	1	0	tensor(6)	-3.75776926595646
23316.947710158885	2000.0	1658.7069084877116	0.0	0	0.0	1975.6546186466003	1	0	tensor(3)	1.4313005178272111
24200.0	2000.0	1775.6546186466019	0.0	0	10.860772027936036	1975.654618646604	1	0	tensor(3)	1.8367656259353753
25258.19976084194	2000.0	1717.45485780466	0.0	0	0.0	1975.654618646604	1	0	tensor(3)	1.8367656259353753
26556.521447043615	2000.0	1419.1331716029804	0.0	0	0.0	1975.6546186466003	1	0	tensor(3)	1.8367656259353757
27342.93931963327	1000.0	1632.715299013326	0.0	0	0.0	1975.654618646604	1	0	tensor(3)	0.4504712648154851
28310.339179014838	2000.0	1665.3154396317605	0.0	0	0.0	1975.654618646604	1	0	tensor(3)	1.1436184453754303
29200.0	2000.0	1775.6546186466032	0.0	0	334.7640942746111	1975.6546186466076	1	0	tensor(3)	1.836765625935375
30200.0	3000.0	1775.6546186466014	0.0	0	199.74927042602576	1975.6546186466076	1	0	tensor(3)	1.8367656259353753
31200.0	3000.0	1775.654618646607	0.0	0	305.4009562989013	1975.6546186466076	1	0	tensor(3)	2.24223073404354
32200.0	3000.0	1775.6546186466137	0.0	0	67.03865418709393	1975.6546186466076	1	0	tensor(3)	2.24223073404354
34262.58530967254	3000.0	713.069308974068	0.0	0	0.0	1975.654618646604	1	0	tensor(3)	2.24223073404354
36490.200386852885	2000.0	200.0	714.545768206274	0	0.0	2690.2003868528845	1	0	tensor(3)	-2.913046557036076
37107.803670225345	1000.0	696.231844363366	113.83512773582748	0	0.0	2804.035514588715	1	0	tensor(3)	-0.3195661263819776
37774.67189881238	2000.0	1029.3636157763299	0.0	0	0.0	2804.035514588715	1	0	tensor(3)	1.0565918205929323
38613.085076986186	2000.0	1190.950437602526	0.0	0	0.0	2804.035514588715	1	0	tensor(3)	1.7497390011528773
39292.78975410317	2000.0	1511.2457604855372	0.0	0	0.0	2804.035514588715	1	0	tensor(3)	1.7497390011528773
40360.61890052021	3000.0	1443.4166140685008	0.0	0	0.0	2804.035514588708	1	0	tensor(3)	1.7497390011528786
41610.94801077627	3000.0	1193.0875038124354	0.0	0	0.0	2804.035514588708	1	0	tensor(3)	2.155204109261043
42261.78233830083	3000.0	1542.2531762878787	0.0	0	0.0	2804.035514588708	1	0	tensor(3)	2.155204109261043
43108.57960500418	3000.0	1695.45590958452	0.0	0	0.0	2804.035514588708	1	0	tensor(3)	2.155204109261043
43730.58647453135	3000.0	2073.4490400573554	0.0	0	0.0	2804.035514588708	1	0	tensor(3)	2.155204109261043
44443.738500641186	3000.0	2360.297013947518	0.0	0	0.0	2804.035514588708	1	0	tensor(3)	2.155204109261043
45251.52541890629	3000.0	2552.510095682415	0.0	0	0.0	2804.035514588708	1	0	tensor(3)	2.155204109261043
46200.0	3000.0	2604.0355145887033	0.0	0	52.24626394474035	2804.035514588708	1	0	tensor(3)	2.155204109261043
47200.0	3000.0	2604.035514588706	0.0	0	196.06985803868156	2804.035514588708	1	0	tensor(3)	2.155204109261043
49013.49249564076	3000.0	1790.543018947948	0.0	0	0.0	2804.035514588715	1	0	tensor(3)	2.1552041092610423
50247.75815945576	3000.0	1556.277355132946	0.0	0	0.0	2804.035514588715	1	0	tensor(3)	2.1552041092610423
51086.57775311429	3000.0	1717.4577614744212	0.0	0	0.0	2804.0355145887224	1	0	tensor(3)	2.155204109261041
52173.91716497562	3000.0	1630.1183496130961	0.0	0	0.0	2804.0355145887297	1	0	tensor(3)	2.15520410926104
52824.34927150196	3000.0	1979.6862430867516	0.0	0	0.0	2804.0355145887297	1	0	tensor(3)	2.15520410926104
53881.91165782205	3000.0	1922.123856766665	0.0	0	0.0	2804.0355145887297	1	0	tensor(3)	2.15520410926104
55134.60963358019	3000.0	1669.4258810085228	0.0	0	0.0	2804.0355145887297	1	0	tensor(3)	2.15520410926104
55938.78360864277	3000.0	1865.2519059459441	0.0	0	0.0	2804.0355145887297	1	0	tensor(3)	2.15520410926104
56940.20147987304	3000.0	1863.8340347156643	0.0	0	0.0	2804.0355145887224	1	0	tensor(3)	2.155204109261041
58788.0429705343	3000.0	1015.9925440544035	0.0	0	0.0	2804.0355145887224	1	0	tensor(3)	2.155204109261041
60237.79427983039	2000.0	566.2412347583023	0.0	0	0.0	2804.0355145887224	1	0	tensor(3)	1.3442738930447118
60999.77684059811	2000.0	804.2586739905801	0.0	0	0.0	2804.0355145887224	1	0	tensor(3)	1.7497390011528764
61894.03149452836	2000.0	910.0040200603353	0.0	0	0.0	2804.0355145887224	1	0	tensor(3)	1.7497390011528764
62849.86622362576	2000.0	954.1692909629438	0.0	0	0.0	2804.0355145887224	1	0	tensor(3)	1.7497390011528764
63922.33154589225	2000.0	881.7039686964454	0.0	0	0.0	2804.0355145887224	1	0	tensor(3)	1.7497390011528764
65006.497199380705	2000.0	797.5383152079959	0.0	0	0.0	2804.0355145887224	1	0	tensor(3)	1.7497390011528764
65680.64689627747	2000.0	1123.3886183112286	0.0	0	0.0	2804.035514588715	1	0	tensor(3)	1.7497390011528777
66376.3800621458	2000.0	1427.6554524428875	0.0	0	0.0	2804.035514588708	1	0	tensor(3)	1.7497390011528777
66975.46712062579	2000.0	1828.5683939628846	0.0	0	0.0	2804.035514588679	1	0	tensor(3)	1.7497390011528817
68198.09913088802	3000.0	1605.9363837006624	0.0	0	0.0	2804.035514588679	1	0	tensor(3)	1.7497390011528835
68997.56746754165	3000.0	1806.4680470470296	0.0	0	0.0	2804.0355145886715	1	0	tensor(3)	2.1552041092610486
70112.71853983864	3000.0	1691.3169747500672	0.0	0	0.0	2804.035514588686	1	0	tensor(3)	2.1552041092610468
70921.17647067479	2000.0	1882.859043913903	0.0	0	0.0	2804.0355145886715	1	0	tensor(3)	1.3442738930447184
71713.06740820811	2000.0	2090.9681063805942	0.0	0	0.0	2804.035514588686	1	0	tensor(3)	1.7497390011528817
72591.70057797291	2000.0	2212.3349366157863	0.0	0	0.0	2804.0355145886715	1	0	tensor(3)	1.749739001152884
73204.75418769078	2000.0	2599.2813268979194	0.0	0	0.0	2804.0355145886715	1	0	tensor(3)	1.749739001152884
74523.3141542741	3000.0	2280.7213603145865	0.0	0	0.0	2804.0355145886715	1	0	tensor(3)	1.7497390011528842
75488.71645680061	3000.0	2315.319057788067	0.0	0	0.0	2804.035514588657	1	0	tensor(3)	2.155204109261051
76452.82114470714	3000.0	2351.2143698815303	0.0	0	0.0	2804.035514588657	1	0	tensor(3)	2.155204109261051
77315.94789158448	3000.0	2488.0876230041886	0.0	0	0.0	2804.0355145886424	1	0	tensor(3)	2.1552041092610534
78959.9370137629	3000.0	1844.0985008257644	0.0	0	0.0	2804.0355145886424	1	0	tensor(3)	2.1552041092610534
80365.62062719546	3000.0	1438.4148873932054	0.0	0	0.0	2804.0355145886424	1	0	tensor(3)	2.1552041092610534
81140.11604777293	2000.0	1663.9194668157409	0.0	0	0.0	2804.035514588657	1	0	tensor(3)	1.3442738930447216
82229.61876060662	3000.0	1574.4167539820478	0.0	0	0.0	2804.0355145886715	1	0	tensor(3)	1.7497390011528842
82957.01503064312	3000.0	1847.0204839455462	0.0	0	0.0	2804.0355145886715	1	0	tensor(3)	2.155204109261049
83749.01732889471	3000.0	2055.018185693956	0.0	0	0.0	2804.035514588686	1	0	tensor(3)	2.1552041092610468
85029.01483936899	3000.0	1775.0206752196673	0.0	0	0.0	2804.0355145886715	1	0	tensor(3)	2.155204109261049
85816.39541737564	3000.0	1987.640097213022	0.0	0	0.0	2804.0355145886715	1	0	tensor(3)	2.155204109261049
86605.25275362335	3000.0	2198.782760965311	0.0	0	0.0	2804.0355145886715	1	0	tensor(3)	2.155204109261049
87324.13251594319	3000.0	2479.9029986454843	0.0	0	0.0	2804.0355145886715	1	0	tensor(3)	2.155204109261049
88200.0	3000.0	2604.035514588685	0.0	0	167.28737912698125	2804.0355145886715	1	0	tensor(3)	2.155204109261049
89200.0	3000.0	2604.035514588666	0.0	0	356.38391673324804	2804.0355145886715	1	0	tensor(3)	2.155204109261049
90200.0	3000.0	2604.035514588685	0.0	0	261.8184315651597	2804.035514588686	1	0	tensor(3)	2.1552041092610468
91373.16976303735	6000.0	2430.865751551345	0.0	0	0.0	2804.0355145887006	1	0	tensor(3)	2.155204109261044
93745.87611059567	6000.0	1058.15940399304	0.0	0	0.0	2804.035514588715	1	0	tensor(3)	2.8483512898209873
94597.71721358265	3000.0	1206.3183010060707	0.0	0	0.0	2804.0355145887297	1	0	tensor(3)	1.462056928701095
96249.96882178377	3000.0	554.0666928049471	0.0	0	0.0	2804.0355145887297	1	0	tensor(3)	2.15520410926104
97054.95115620828	2000.0	749.0843583804387	0.0	0	0.0	2804.0355145887297	1	0	tensor(3)	1.3442738930447105
98163.27965602043	2000.0	640.7558585682807	0.0	0	0.0	2804.0355145887297	1	0	tensor(3)	1.749739001152875
99145.06342431258	2000.0	658.972090276128	0.0	0	0.0	2804.035514588715	1	0	tensor(3)	1.7497390011528773
100426.93898507649	2000.0	410.62283996198903	33.52631044976786	0	0.0	2837.5618250384723	1	0	tensor(3)	1.5434367455629
101436.07167005146	2000.0	466.3116194964167	64.82146450942645	0	0.0	2902.383289547899	1	0	tensor(3)	1.3452590087881124
102393.41147258123	2000.0	508.97181696665643	0.0	0	0.0	2902.383289547899	1	0	tensor(3)	1.734187795844671
103103.19639129183	2000.0	799.1868982560507	0.0	0	0.0	2902.383289547899	1	0	tensor(3)	1.734187795844671
104819.0789479743	2000.0	200.0	116.69565842641853	0	0.0	3019.0789479743107	1	0	tensor(3)	1.0272075051058343
105360.43562439513	1000.0	742.4658685871631	83.82254500800099	0	0.0	3102.901492982317	1	0	tensor(3)	-0.19140787666016357
106376.00806488823	2000.0	726.8934280940556	0.0	0	0.0	3102.901492982317	1	0	tensor(3)	1.0046745739477874
107349.29472362786	2000.0	753.60676935443	0.0	0	0.0	3102.901492982317	1	0	tensor(3)	1.6978217545077325
108168.01469958379	1000.0	934.8867933984991	0.0	0	0.0	3102.901492982317	1	0	tensor(3)	0.3115273933878423
108913.2183879871	1000.0	1189.6831049951884	0.0	0	0.0	3102.901492982317	1	0	tensor(3)	1.0046745739477876
110006.20572687036	2000.0	1096.69576611192	0.0	0	0.0	3102.901492982317	1	0	tensor(3)	1.0046745739477874
110986.88392942818	2000.0	1116.0175635541136	0.0	0	0.0	3102.9014929823024	1	0	tensor(3)	1.6978217545077354
111878.17504777435	2000.0	1224.7264452079396	0.0	0	0.0	3102.901492982288	1	0	tensor(3)	1.6978217545077383
112609.13217413049	2000.0	1493.7693188518112	0.0	0	0.0	3102.901492982288	1	0	tensor(3)	1.6978217545077383
113649.9429069724	3000.0	1452.958586009906	0.0	0	0.0	3102.901492982288	1	0	tensor(3)	1.6978217545077383
114723.68894725785	3000.0	1379.2125457244613	0.0	0	0.0	3102.901492982288	1	0	tensor(3)	2.103286862615903
115750.29550441452	3000.0	1352.6059885677887	0.0	0	0.0	3102.901492982288	1	0	tensor(3)	2.103286862615903
116453.01043068021	3000.0	1649.8910623020984	0.0	0	0.0	3102.901492982288	1	0	tensor(3)	2.103286862615903
118194.24218529016	3000.0	908.6593076921511	0.0	0	0.0	3102.9014929822733	1	0	tensor(3)	2.103286862615906
119406.48833921853	3000.0	696.4131537638013	0.0	0	0.0	3102.901492982288	1	0	tensor(3)	2.103286862615903
120357.83396975267	2000.0	745.0675232296462	0.0	0	0.0	3102.9014929822733	1	0	tensor(3)	1.2923566463995766
121445.64856505262	2000.0	657.252927929697	0.0	0	0.0	3102.901492982288	1	0	tensor(3)	1.6978217545077383
122907.37168445466	2000.0	317.1464299076604	121.61662138001066	0	0.0	3224.518114362305	1	0	tensor(3)	0.9426565149395163
124051.81112886035	2000.0	373.6635050912094	200.9565195892477	0	0.0	1425.474633951555	1	0	tensor(6)	-5.339552465947701
124497.42780320553	1000.0	928.0468307460135	0.0	0	0.0	1425.4746339515405	1	0	tensor(3)	0.47989229046789644
125592.81666345666	2000.0	832.657970494864	0.0	0	0.0	1425.4746339515405	1	0	tensor(3)	1.1730394710278416
126610.00891762316	2000.0	815.4657163283596	0.0	0	0.0	1425.4746339515405	1	0	tensor(3)	1.8661866515877867
127497.00243460479	2000.0	928.4721993467261	0.0	0	0.0	1425.4746339515405	1	0	tensor(3)	1.8661866515877867
128200.0	2000.0	1225.4746339515189	0.0	0	29.95202218166378	1425.4746339515405	1	0	tensor(3)	1.8661866515877867
129692.25026415262	3000.0	733.22436979891	0.0	0	0.0	1425.4746339515405	1	0	tensor(3)	1.866186651587787
130658.28875467798	2000.0	767.1858792735425	0.0	0	0.0	1425.4746339515405	1	0	tensor(3)	1.4607215434796221
131767.7828367295	2000.0	657.6917972220028	0.0	0	0.0	1425.4746339515114	1	0	tensor(3)	1.866186651587787
132829.11662324908	2000.0	596.3580107023857	0.0	0	0.0	1425.4746339514677	1	0	tensor(3)	1.866186651587789
133716.87630902146	2000.0	708.5983249300214	0.0	0	0.0	1425.4746339514677	1	0	tensor(3)	1.8661866515877898
134457.95692974882	2000.0	967.5177042026667	0.0	0	0.0	1425.4746339514677	1	0	tensor(3)	1.8661866515877898
135291.75454489698	2000.0	1133.7200890545319	0.0	0	0.0	1425.4746339514968	1	0	tensor(3)	1.8661866515877885
136383.04289718962	2000.0	1042.4317367618803	0.0	0	0.0	1425.474633951526	1	0	tensor(3)	1.8661866515877872
137309.56598918996	2000.0	1115.9086447615662	0.0	0	0.0	1425.474633951526	1	0	tensor(3)	1.8661866515877872
138551.1479471331	2000.0	874.3266868184162	0.0	0	0.0	1425.474633951555	1	0	tensor(3)	1.8661866515877863
139343.8915578536	2000.0	1081.5830760979275	0.0	0	0.0	1425.474633951555	1	0	tensor(3)	1.8661866515877863
140200.0	2000.0	1225.4746339515104	0.0	0	259.99938459464465	1425.474633951526	1	0	tensor(3)	1.8661866515877872
141200.0	2000.0	1225.4746339514863	0.0	0	300.8126075328619	1425.474633951526	1	0	tensor(3)	1.8661866515877872
142292.28933878985	3000.0	1133.1852951616477	0.0	0	0.0	1425.474633951526	1	0	tensor(3)	1.8661866515877874
143200.0	3000.0	1225.4746339515011	0.0	0	179.82823954866035	1425.474633951526	1	0	tensor(3)	2.2716517596959522
144200.0	3000.0	1225.4746339515007	0.0	0	355.7371199627232	1425.474633951526	1	0	tensor(3)	2.2716517596959522
145305.29493344633	3000.0	1120.1797005051567	0.0	0	0.0	1425.474633951555	1	0	tensor(3)	2.271651759695951
146525.64109205222	3000.0	899.8335418992306	0.0	0	0.0	1425.474633951555	1	0	tensor(3)	2.271651759695951
147851.4183929532	2000.0	574.0562409982233	0.0	0	0.0	1425.474633951555	1	0	tensor(3)	1.4607215434796217
148791.11482083006	2000.0	634.359813121368	0.0	0	0.0	1425.474633951555	1	0	tensor(3)	1.8661866515877863
149586.86485745705	2000.0	838.6097764943346	0.0	0	0.0	1425.474633951555	1	0	tensor(3)	1.8661866515877863
150200.0	2000.0	1225.4746339514122	0.0	0	42.20539252986782	1425.474633951555	1	0	tensor(3)	1.8661866515877863
151200.0	3000.0	1225.4746339514245	0.0	0	247.5140881932748	1425.474633951555	1	0	tensor(3)	1.8661866515877863
152200.0	3000.0	1225.474633951436	0.0	0	462.48513128317427	1425.474633951555	1	0	tensor(3)	2.271651759695951
153200.0	3000.0	1225.4746339514288	0.0	0	215.66011060905294	1425.474633951555	1	0	tensor(3)	2.271651759695951
154200.0	3000.0	1225.4746339514395	0.0	0	268.4444562300341	1425.474633951526	1	0	tensor(3)	2.2716517596959522
155200.0	3000.0	1225.4746339514031	0.0	0	324.74674470658647	1425.474633951526	1	0	tensor(3)	2.2716517596959522
156200.0	3000.0	1225.4746339514263	0.0	0	453.3830222543911	1425.474633951584	1	0	tensor(3)	2.2716517596959505
157200.0	3000.0	1225.4746339514247	0.0	0	78.42227698056377	1425.474633951584	1	0	tensor(3)	2.27165175969595
158200.0	3000.0	1225.4746339514568	0.0	0	59.15028850923409	1425.474633951584	1	0	tensor(3)	2.27165175969595
159322.90861181502	3000.0	1102.5660221364108	0.0	0	0.0	1425.474633951584	1	0	tensor(3)	2.27165175969595
160317.08572465883	3000.0	1108.3889092926033	0.0	0	0.0	1425.474633951584	1	0	tensor(3)	2.27165175969595
161402.13653285123	3000.0	1023.3381011002061	0.0	0	0.0	1425.474633951584	1	0	tensor(3)	2.27165175969595
162880.81407088166	3000.0	544.6605630697785	0.0	0	0.0	1425.474633951584	1	0	tensor(3)	2.271651759695949
163607.20830558462	2000.0	818.2663283668589	0.0	0	0.0	1425.474633951555	1	0	tensor(3)	1.4607215434796217
164875.33596843242	3000.0	550.1386655190292	0.0	0	0.0	1425.474633951584	1	0	tensor(3)	1.8661866515877852
165527.74250795745	2000.0	897.7321259939747	0.0	0	0.0	1425.474633951584	1	0	tensor(3)	1.4607215434796204
166200.0	2000.0	1225.4746339514415	0.0	0	111.21276774458238	1425.474633951584	1	0	tensor(3)	1.866186651587785
167200.0	3000.0	1225.4746339514504	0.0	0	143.52014680739376	1425.474633951584	1	0	tensor(3)	1.8661866515877852
168635.00892596395	3000.0	790.4657079875278	0.0	0	0.0	1425.474633951584	1	0	tensor(3)	2.27165175969595
169411.96866837543	2000.0	1013.5059655760388	0.0	0	0.0	1425.474633951584	1	0	tensor(3)	1.4607215434796204
170281.78014880358	2000.0	1143.6944851478977	0.0	0	0.0	1425.474633951584	1	0	tensor(3)	1.866186651587785
171348.6856539555	2000.0	1076.7889799959844	0.0	0	0.0	1425.474633951584	1	0	tensor(3)	1.866186651587785
172280.82767397485	2000.0	1144.646959976591	0.0	0	0.0	1425.474633951584	1	0	tensor(3)	1.866186651587785
173338.4435422309	2000.0	1087.0310917205657	0.0	0	0.0	1425.474633951584	1	0	tensor(3)	1.866186651587785
175060.46348154414	2000.0	365.01115240733014	0.0	0	0.0	1425.4746339516132	1	0	tensor(3)	1.866186651587784
175726.63923879268	1000.0	698.8353951587808	0.0	0	0.0	1425.4746339516132	1	0	tensor(3)	0.47989229046789356
176936.57000123314	2000.0	488.904632718344	0.0	0	0.0	1425.4746339516132	1	0	tensor(3)	1.1730394710278387
177840.1036939081	2000.0	585.3709400433357	0.0	0	0.0	1425.4746339516423	1	0	tensor(3)	1.8661866515877832
178577.8296101017	2000.0	847.645023849747	0.0	0	0.0	1425.4746339516423	1	0	tensor(3)	1.8661866515877825
179463.04333590565	3000.0	962.4312980458099	0.0	0	0.0	1425.4746339516423	1	0	tensor(3)	1.8661866515877827
180270.90156209987	3000.0	1154.5730718515822	0.0	0	0.0	1425.4746339516423	1	0	tensor(3)	2.2716517596959473
181200.0	3000.0	1225.4746339514525	0.0	0	168.9553216859931	1425.4746339516423	1	0	tensor(3)	2.2716517596959473
183869.17426967312	3000.0	200.0	643.699635721699	0	0.0	2069.1742696731235	1	0	tensor(3)	-1.6010159019968833
184661.0993638723	1000.0	621.4617415255294	213.3868357246839	0	0.0	2282.561105397821	1	0	tensor(3)	-1.2599492614910512
185269.6297778875	1000.0	1012.9313275103009	0.0	0	0.0	2282.561105397821	1	0	tensor(3)	1.1189840415251613
186003.10164024407	1000.0	1279.459465153719	0.0	0	0.0	2282.561105397821	1	0	tensor(3)	1.1189840415251613
186940.04163506822	2000.0	1342.5194703295922	0.0	0	0.0	2282.56110539785	1	0	tensor(3)	1.1189840415251584
187588.51962145028	2000.0	1694.0414839475225	0.0	0	0.0	2282.561105397821	1	0	tensor(3)	1.8121312220851062
188268.28329784411	2000.0	2014.2778075536894	0.0	0	0.0	2282.561105397792	1	0	tensor(3)	1.8121312220851091
189705.4745972318	3000.0	1577.0865081660108	0.0	0	0.0	2282.561105397821	1	0	tensor(3)	1.8121312220851065
190764.97469934542	3000.0	1517.5864060524002	0.0	0	0.0	2282.561105397792	1	0	tensor(3)	2.217596330193274
191592.27201946185	3000.0	1690.2890859359666	0.0	0	0.0	2282.561105397792	1	0	tensor(3)	2.217596330193274
192396.40833498596	3000.0	1886.1527704118441	0.0	0	0.0	2282.561105397821	1	0	tensor(3)	2.2175963301932713
193243.04445296494	3000.0	2039.5166524328736	0.0	0	0.0	2282.561105397821	1	0	tensor(3)	2.2175963301932713
194200.0	3000.0	2082.5611053978146	0.0	0	107.52566453069448	2282.56110539785	1	0	tensor(3)	2.217596330193268
195212.00117082897	3000.0	2070.5599345688656	0.0	0	0.0	2282.56110539785	1	0	tensor(3)	2.217596330193268
196200.0	3000.0	2082.561105397825	0.0	0	4.550307320576394	2282.561105397821	1	0	tensor(3)	2.2175963301932704
198295.38477239077	3000.0	987.176333007085	0.0	0	0.0	2282.561105397821	1	0	tensor(3)	2.2175963301932713
199466.46174883805	2000.0	816.099356559837	0.0	0	0.0	2282.56110539785	1	0	tensor(3)	1.406666113976939
200163.06176843305	2000.0	1119.499336964867	0.0	0	0.0	2282.561105397821	1	0	tensor(3)	1.8121312220851062
201205.54632974503	3000.0	1077.0147756528686	0.0	0	0.0	2282.561105397792	1	0	tensor(3)	1.8121312220851093
202232.64910542456	3000.0	1049.9119999733366	0.0	0	0.0	2282.5611053977627	1	0	tensor(3)	2.2175963301932757
203245.31175144573	3000.0	1037.2493539521656	0.0	0	0.0	2282.561105397792	1	0	tensor(3)	2.217596330193274
204328.65251500695	3000.0	953.9085903909499	0.0	0	0.0	2282.561105397821	1	0	tensor(3)	2.2175963301932713
205538.3892455575	3000.0	744.1718598403999	0.0	0	0.0	2282.561105397821	1	0	tensor(3)	2.2175963301932713
206419.43253363605	3000.0	863.128571761885	0.0	0	0.0	2282.56110539785	1	0	tensor(3)	2.217596330193268
208442.49871482397	3000.0	200.0	359.93760942604496	0	0.0	2642.498714823916	1	0	tensor(3)	0.03649858204518027
208933.05368333505	1000.0	777.812897676702	68.36786618780451	0	0.0	2710.8665810117673	1	0	tensor(3)	-0.4387396452378125
210196.65573231893	2000.0	514.2108486928258	0.0	0	0.0	2710.8665810117964	1	0	tensor(3)	1.0700798405571212
211071.01606754804	2000.0	639.8505134637408	0.0	0	0.0	2710.8665810117964	1	0	tensor(3)	1.7632270211170655
211527.49265849756	1000.0	1183.3739225142076	0.0	0	0.0	2710.8665810117673	1	0	tensor(3)	0.3769326599971793
212556.7115503477	2000.0	1154.1550306640443	0.0	0	0.0	2710.8665810117673	1	0	tensor(3)	1.0700798405571244
213490.3826845038	2000.0	1220.4838965079407	0.0	0	0.0	2710.8665810117964	1	0	tensor(3)	1.7632270211170655
214217.52227432432	2000.0	1493.3443066874095	0.0	0	0.0	2710.8665810117964	1	0	tensor(3)	1.7632270211170655
215093.12556231258	2000.0	1617.7410186991594	0.0	0	0.0	2710.8665810118255	1	0	tensor(3)	1.7632270211170615
215736.39308200768	2000.0	1974.4734990040467	0.0	0	0.0	2710.8665810117964	1	0	tensor(3)	1.7632270211170622
216631.3578060344	3000.0	2079.5087749773684	0.0	0	0.0	2710.8665810117964	1	0	tensor(3)	1.7632270211170658
217685.5534973868	3000.0	2025.3130836249666	0.0	0	0.0	2710.8665810117964	1	0	tensor(3)	2.1686921292252306
218834.20519462918	3000.0	1876.6613863825887	0.0	0	0.0	2710.8665810117964	1	0	tensor(3)	2.1686921292252306
220857.88626378844	3000.0	852.9803172233189	0.0	0	0.0	2710.8665810117964	1	0	tensor(3)	2.1686921292252306
221698.57719500872	2000.0	1012.2893860030586	0.0	0	0.0	2710.8665810117964	1	0	tensor(3)	1.357761913008901
222476.37110837776	2000.0	1234.4954726340245	0.0	0	0.0	2710.8665810117964	1	0	tensor(3)	1.7632270211170655
223324.5078049939	2000.0	1386.3587760178991	0.0	0	0.0	2710.8665810117964	1	0	tensor(3)	1.7632270211170655
223892.36661735678	2000.0	1818.4999636550215	0.0	0	0.0	2710.8665810117964	1	0	tensor(3)	1.7632270211170655
224790.48226946563	3000.0	1920.3843115461552	0.0	0	0.0	2710.8665810118255	1	0	tensor(3)	1.7632270211170615
225485.71733309657	3000.0	2225.1492479151984	0.0	0	0.0	2710.8665810118255	1	0	tensor(3)	2.168692129225226
226200.0	3000.0	2510.866581011773	0.0	0	14.672789305535844	2710.8665810118255	1	0	tensor(3)	2.168692129225226
227878.8897641111	3000.0	1831.9768169006957	0.0	0	0.0	2710.8665810118255	1	0	tensor(3)	2.168692129225226
229523.5890602495	3000.0	1187.2775207623179	0.0	0	0.0	2710.8665810118546	1	0	tensor(3)	2.168692129225222
230154.31733321125	2000.0	1556.5492478006136	0.0	0	0.0	2710.8665810118546	1	0	tensor(3)	1.357761913008893
230880.77410388232	3000.0	1830.0924771295608	0.0	0	0.0	2710.8665810118546	1	0	tensor(3)	1.7632270211170578
231710.99671842903	3000.0	1999.8698625828033	0.0	0	0.0	2710.8665810118255	1	0	tensor(3)	2.168692129225226
232696.99896559262	3000.0	2013.867615419206	0.0	0	0.0	2710.8665810118255	1	0	tensor(3)	2.168692129225226
233765.72476559127	3000.0	1945.1418154205915	0.0	0	0.0	2710.8665810118255	1	0	tensor(3)	2.168692129225223
234943.01002501496	3000.0	1767.8565559969404	0.0	0	0.0	2710.8665810118546	1	0	tensor(3)	2.168692129225222
235872.7747103351	3000.0	1838.0918706767975	0.0	0	0.0	2710.8665810118837	1	0	tensor(3)	2.168692129225218
236535.81578918488	3000.0	2175.050791827009	0.0	0	0.0	2710.8665810118837	1	0	tensor(3)	2.168692129225218
237396.27089501207	3000.0	2314.5956859998464	0.0	0	0.0	2710.8665810118837	1	0	tensor(3)	2.168692129225218
238200.0	3000.0	2510.8665810119146	0.0	0	81.87348370777909	2710.8665810118837	1	0	tensor(3)	2.168692129225218
239200.0	3000.0	2510.8665810119164	0.0	0	559.0439121032832	2710.8665810118837	1	0	tensor(3)	2.168692129225218
240670.8500896187	6000.0	2040.0164913932258	0.0	0	0.0	2710.8665810118546	1	0	tensor(3)	2.1686921292252217
241676.2097900494	3000.0	2034.6567909624932	0.0	0	0.0	2710.8665810118546	1	0	tensor(3)	1.4755449486652774
242997.8903662437	3000.0	1712.97621476823	0.0	0	0.0	2710.8665810118837	1	0	tensor(3)	2.168692129225218
244046.72148177543	3000.0	1664.145099236469	0.0	0	0.0	2710.8665810118837	1	0	tensor(3)	2.168692129225218
245482.55339373593	3000.0	1228.3131872759475	0.0	0	0.0	2710.8665810118837	1	0	tensor(3)	2.168692129225218
247098.13405115285	3000.0	612.7325298590672	0.0	0	0.0	2710.866581011913	1	0	tensor(3)	2.1686921292252155
248440.50823502248	2000.0	270.3583459894328	0.0	0	0.0	2710.866581011913	1	0	tensor(3)	1.357761913008885
249111.07012869386	1000.0	676.465958956209	76.66950663815798	0	0.0	2787.536087650078	1	0	tensor(3)	-0.09409839707502646
249997.7240521739	2000.0	789.8120354761347	0.0	0	0.0	2787.536087650078	1	0	tensor(3)	1.0590658233138666
250645.80111533494	2000.0	1141.7349723151074	0.0	0	0.0	2787.536087650078	1	0	tensor(3)	1.7522130038738117
251180.10345076767	2000.0	1607.432636882358	0.0	0	0.0	2787.536087650078	1	0	tensor(3)	1.7522130038738117
252251.73992931182	3000.0	1535.7961583381552	0.0	0	0.0	2787.536087650078	1	0	tensor(3)	1.752213003873812
254245.06773656982	2000.0	542.4683510801485	0.0	0	0.0	2787.536087650078	1	0	tensor(3)	1.3467478957656471
254818.3397428669	1000.0	969.1963447830706	0.0	0	0.0	2787.536087650078	1	0	tensor(3)	0.3659186427539214
256394.17118396473	2000.0	393.3649036852527	0.0	0	0.0	2787.536087650107	1	0	tensor(3)	1.0590658233138621
256961.70629693134	1000.0	825.829790718633	0.0	0	0.0	2787.536087650078	1	0	tensor(3)	0.3659186427539214
257449.6175699206	1000.0	1337.918517729375	0.0	0	0.0	2787.536087650078	1	0	tensor(3)	1.0590658233138666
258778.84692713476	2000.0	1008.6891605152066	0.0	0	0.0	2787.536087650078	1	0	tensor(3)	1.0590658233138666
259436.66943827074	2000.0	1350.8666493792132	0.0	0	0.0	2787.536087650078	1	0	tensor(3)	1.7522130038738117
260315.8746314861	2000.0	1471.6614561638532	0.0	0	0.0	2787.536087650049	1	0	tensor(3)	1.752213003873816
260903.9927202519	2000.0	1883.5433673980433	0.0	0	0.0	2787.53608765002	1	0	tensor(3)	1.7522130038738204
262209.0453100464	3000.0	1578.4907776035163	0.0	0	0.0	2787.536087649991	1	0	tensor(3)	1.7522130038738215
262981.1985870259	3000.0	1806.337500623961	0.0	0	0.0	2787.5360876499617	1	0	tensor(3)	2.1576781119819937
264021.9410290507	3000.0	1765.5950585992207	0.0	0	0.0	2787.536087649991	1	0	tensor(3)	2.157678111981993
265132.9987806218	3000.0	1654.5373070281216	0.0	0	0.0	2787.536087650049	1	0	tensor(3)	2.1576781119819826
266120.58395177795	3000.0	1666.952135871917	0.0	0	0.0	2787.536087649991	1	0	tensor(3)	2.1576781119819897
267690.5768096806	3000.0	1096.9592779692762	0.0	0	0.0	2787.536087649991	1	0	tensor(3)	2.1576781119819897
268577.00591229746	3000.0	1210.5301753524427	0.0	0	0.0	2787.536087649991	1	0	tensor(3)	2.1576781119819897
270137.6250272471	3000.0	649.9110604027303	0.0	0	0.0	2787.536087649991	1	0	tensor(3)	2.1576781119819897
271577.89707085915	2000.0	222.11429623840974	12.475279447699108	0	0.0	2800.0113670976716	1	0	tensor(3)	1.2700290904660676
272012.4362122918	1000.0	790.4593509057684	2.884196100076906	0	0.0	2802.8955631977296	1	0	tensor(3)	0.34631160587077375
273140.8744631607	2000.0	662.0211000368803	0.0	0	0.0	2802.8955631977296	1	0	tensor(3)	1.0567639630311803
274309.3284770039	2000.0	493.5670861936584	0.0	0	0.0	2802.8955631977296	1	0	tensor(3)	1.7499111435911254
274949.82821685204	1000.0	853.0673463455702	0.0	0	0.0	2802.8955631977296	1	0	tensor(3)	0.3636167824712352
275998.3444318799	2000.0	804.5511313177619	0.0	0	0.0	2802.8955631977296	1	0	tensor(3)	1.0567639630311803
276702.3965617701	2000.0	1100.499001427535	0.0	0	0.0	2802.895563197788	1	0	tensor(3)	1.7499111435911168
277432.41181451164	2000.0	1370.483748686013	0.0	0	0.0	2802.895563197788	1	0	tensor(3)	1.7499111435911168
279368.79551796796	3000.0	434.10004522971633	0.0	0	0.0	2802.895563197788	1	0	tensor(3)	1.7499111435911168
280656.0212453832	2000.0	339.4613259731691	192.58700815865603	0	0.0	2995.4825713565224	1	0	tensor(3)	0.15713449014945025
281126.83599505574	1000.0	868.6465763006045	0.0	0	0.0	2995.4825713565224	1	0	tensor(3)	0.3318272860896609
282240.5977508879	2000.0	754.8848204684348	0.0	0	0.0	2995.4825713565224	1	0	tensor(3)	1.024974466649606
283112.5413600033	2000.0	882.9412113530688	0.0	0	0.0	2995.4825713565806	1	0	tensor(3)	1.7181216472095406
283647.73748344043	2000.0	1347.7450879159962	0.0	0	0.0	2995.482571356639	1	0	tensor(3)	1.7181216472095304
284760.88094878185	3000.0	1234.6016225745643	0.0	0	0.0	2995.4825713565224	1	0	tensor(3)	1.718121647209543
286228.99088056985	2000.0	766.4916907865396	0.0	0	0.0	2995.482571356464	1	0	tensor(3)	1.3126565391013951
287589.7710785227	2000.0	405.7114928336326	0.0	0	0.0	2995.4825713565224	1	0	tensor(3)	1.7181216472095513
287910.29047139303	1000.0	1085.1920999632864	0.0	0	0.0	2995.4825713565224	1	0	tensor(3)	0.3318272860896609
288895.08357850416	2000.0	1100.3989928521733	0.0	0	0.0	2995.4825713565224	1	0	tensor(3)	1.024974466649606
290124.96500534646	3000.0	870.5175660098923	0.0	0	0.0	2995.4825713565224	1	0	tensor(3)	1.7181216472095513
291241.58411886735	3000.0	753.8984524890011	0.0	0	0.0	2995.4825713565806	1	0	tensor(3)	2.1235867553177057
291998.88669052377	3000.0	996.5958808325449	0.0	0	0.0	2995.4825713565224	1	0	tensor(3)	2.123586755317716
292990.77605386724	3000.0	1004.7065174889951	0.0	0	0.0	2995.482571356464	1	0	tensor(3)	2.123586755317722
293955.89047029486	3000.0	1039.5921010613706	0.0	0	0.0	2995.482571356464	1	0	tensor(3)	2.1235867553177266
294950.11226189043	2000.0	1045.3703094657399	0.0	0	0.0	2995.4825713565224	1	0	tensor(3)	1.3126565391013867
296047.304517097	2000.0	948.1780542591099	0.0	0	0.0	2995.4825713565224	1	0	tensor(3)	1.7181216472095473
297106.1767580648	2000.0	889.305813291376	0.0	0	0.0	2995.482571356464	1	0	tensor(3)	1.7181216472095597
298003.61006152333	2000.0	991.8725098327486	0.0	0	0.0	2995.482571356406	1	0	tensor(3)	1.7181216472095677
298859.1437456597	2000.0	1136.3388256963954	0.0	0	0.0	2995.4825713563478	1	0	tensor(3)	1.7181216472095828
299694.7959440803	3000.0	1300.6866272757961	0.0	0	0.0	2995.4825713563478	1	0	tensor(3)	1.718121647209583
300283.9833748329	3000.0	1711.4991965232323	0.0	0	0.0	2995.4825713563478	1	0	tensor(3)	2.1235867553177474
300897.7921142351	3000.0	2097.6904571210443	0.0	0	0.0	2995.4825713563478	1	0	tensor(3)	2.1235867553177474
301475.78430652164	3000.0	2519.698264834524	0.0	0	0.0	2995.4825713563478	1	0	tensor(3)	2.1235867553177474
302252.759799439	3000.0	2742.7227719170996	0.0	0	0.0	2995.4825713563478	1	0	tensor(3)	2.1235867553177474
303945.2761170502	6000.0	2050.206454305831	0.0	0	0.0	2995.4825713562896	1	0	tensor(3)	2.1235867553177576
305345.89029607514	6000.0	1649.5922752808117	0.0	0	0.0	2995.4825713562313	1	0	tensor(3)	2.816733935877711
305932.4123310945	3000.0	2063.070240261425	0.0	0	0.0	2995.4825713562313	1	0	tensor(3)	1.4304395747578234
306660.6775115953	3000.0	2334.8050597606243	0.0	0	0.0	2995.482571356173	1	0	tensor(3)	2.123586755317779
4.47	4.3	3.74	3.01	2.68	3.15	2.97	2.5	3.05	2.99	2.81	3.68	3.54	1.8	2.26	2.21	2.37	2.34	1.98	1.38	1.11	1.81	2.55	3.64	4.39	5.18	3.35	1.03	1.02	1.1	1.32	2.26	2.95	2.94	2.56	3.01	3.98	4.14	4.05	4.73	3.48	2.14	2.02	1.67	2.44	3.24	4.05	2.99	3.07	2.97	3.44	3.1	1.49	1.59	1.91	2.49	1.83	2.22	2.61	2.34	2.54	2.64	3.36	3.24	1.93	1.95	2.33	2.75	2.51	3.07	3.92	4.14	2.05	1.3	2.03	2.88	3.9	3.46	2.76	3.08	3.24	3.79	4.55	5.43	6.17	4.32	2.66	2.65	3.23	2.41	2.47	2.41	2.35	1.76	2.15	2.7	2.93	2.04	0.78	1.46	1.89	1.37	1.54	1.83	2.58	2.85	3.06	2.99	3.29	3.79	3.66	2.1	2.27	2.81	2.57	1.87	1.49	2.22	1.9	1.75	2.24	3.04	2.64	1.51	1.87	1.81	1.98	2.42	3.09	2.39	1.56	1.68	1.83	2.73	2.87	3.26	3.45	4.29	3.9	2.21	1.89	1.97	2.54	2.61	3.34	4.1	5.0	5.48	3.22	4.15	4.47	4.3	3.74	3.01	2.68	3.15	2.97	2.5	3.05	2.99	2.81	3.68	3.54	1.8	2.26	2.21	2.37	2.34	1.98	1.38	1.11	1.81	2.55	3.64	4.39	5.18	3.35	1.03	1.02	1.1	1.32	2.26	2.95	2.94	2.56	3.01	3.98	4.14	4.05	4.73	3.48	2.14	2.02	1.67	2.44	3.24	4.05	2.99	3.07	2.97	3.44	3.1	1.49	1.59	1.91	2.49	1.83	2.22	2.61	2.34	2.54	2.64	3.36	3.24	1.93	1.95	2.33	2.75	2.51	3.07	3.92	4.14	2.05	1.3	2.03	2.88	3.9	3.46	2.76	3.08	3.24	3.79	4.55	5.43	6.17	4.32	2.66	2.65	3.23	2.41	2.47	2.41	2.35	1.76	2.15	2.7	2.93	2.04	0.78	1.46	1.89	1.37	1.54	1.83	2.58	2.85	3.06	2.99	3.29	3.79	3.66	2.1	2.27	2.81	2.57	1.87	1.49	2.22	1.9	1.75	2.24	3.04	2.64	1.51	1.87	1.81	1.98	2.42	3.09	2.39	1.56	1.68	1.83	2.73	2.87	3.26	3.45	4.29	3.9	2.21	1.89	1.97	2.54	2.61	3.34	4.1	5.0	5.48	3.22	4.15	4.47	4.3	3.74	3.01	2.68	3.15
1.0	2.0	3.0	4.0	5.0	6.0	7.0	8.0	9.0	10.0	11.0	12.0	13.0	14.0	15.0	16.0	17.0	18.0	19.0	20.0	21.0	22.0	23.0	24.0	25.0	26.0	27.0	28.0	29.0	30.0	31.0	32.0	33.0	34.0	35.0	36.0	37.0	38.0	39.0	40.0	41.0	42.0	43.0	44.0	45.0	46.0	47.0	48.0	49.0	50.0	51.0	52.0	53.0	54.0	55.0	56.0	57.0	58.0	59.0	60.0	61.0	62.0	63.0	64.0	65.0	66.0	67.0	68.0	69.0	70.0	71.0	72.0	73.0	74.0	75.0	76.0	77.0	78.0	79.0	80.0	81.0	82.0	83.0	84.0	85.0	86.0	87.0	88.0	89.0	90.0	91.0	92.0	93.0	94.0	95.0	96.0	97.0	98.0	99.0	100.0	101.0	102.0	103.0	104.0	105.0	106.0	107.0	108.0	109.0	110.0	111.0	112.0	113.0	114.0	115.0	116.0	117.0	118.0	119.0	120.0	121.0	122.0	123.0	124.0	125.0	126.0	127.0	128.0	129.0	130.0	131.0	132.0	133.0	134.0	135.0	136.0	137.0	138.0	139.0	140.0	141.0	142.0	143.0	144.0	145.0	146.0	147.0	148.0	149.0	149.0	150.0	151.0	152.0	153.0	154.0	155.0	156.0	157.0	158.0	159.0	160.0	161.0	162.0	163.0	164.0	165.0	166.0	167.0	168.0	169.0	170.0	171.0	172.0	173.0	174.0	175.0	176.0	177.0	178.0	179.0	180.0	181.0	182.0	183.0	184.0	185.0	186.0	187.0	188.0	189.0	190.0	191.0	192.0	193.0	194.0	195.0	196.0	197.0	198.0	199.0	200.0	201.0	202.0	203.0	204.0	205.0	206.0	207.0	208.0	209.0	210.0	211.0	212.0	213.0	214.0	215.0	216.0	217.0	218.0	219.0	220.0	221.0	222.0	223.0	224.0	225.0	226.0	227.0	228.0	229.0	230.0	231.0	232.0	233.0	234.0	235.0	236.0	237.0	238.0	239.0	240.0	241.0	242.0	243.0	244.0	245.0	246.0	247.0	248.0	249.0	250.0	251.0	252.0	253.0	254.0	255.0	256.0	257.0	258.0	259.0	260.0	261.0	262.0	263.0	264.0	265.0	266.0	267.0	268.0	269.0	270.0	271.0	272.0	273.0	274.0	275.0	276.0	277.0	278.0	279.0	280.0	281.0	282.0	283.0	284.0	285.0	286.0	287.0	288.0	289.0	290.0	291.0	292.0	293.0	294.0	295.0	296.0	297.0	298.0	298.0	299.0	300.0	301.0	302.0	303.0	304.0
5663.273431749998
