2582.648265067431	300.0	1000.0	108.07758637888315	0	0.0	2582.648265067431	0	0	3	-0.7631115962483994
3132.238074421692	2000.0	2000.0	549.5898093542611	0	0.0	3132.238074421692	1	0	tensor(3)	-2.5299676217952247
3976.2346411975277	3000.0	2156.0034332241644	0.0	0	0.0	3132.2380744216925	1	0	tensor(3)	2.843221385286355
4896.637368980995	3000.0	2235.6007054406964	0.0	0	0.0	3132.2380744216925	1	0	tensor(3)	3.2486864933945196
6383.975276711829	3000.0	1748.2627977098628	0.0	0	0.0	3132.2380744216935	1	0	tensor(3)	3.248686493394519
7469.85170671583	3000.0	1662.3863677058616	0.0	0	0.0	3132.2380744216935	1	0	tensor(3)	3.248686493394519
8872.076379837352	3000.0	1260.1616945843393	0.0	0	0.0	3132.2380744216916	1	0	tensor(3)	3.248686493394519
10134.945765534183	3000.0	997.2923088875096	0.0	0	0.0	3132.2380744216935	1	0	tensor(3)	3.248686493394519
11233.331691036607	2000.0	898.9063833850871	0.0	0	0.0	3132.2380744216944	1	0	tensor(3)	2.2350237231241077
11992.86181658828	2000.0	1139.376257833414	0.0	0	0.0	3132.2380744216935	1	0	tensor(3)	2.6404888312322723
13132.437775769387	3000.0	999.8002986523077	0.0	0	0.0	3132.2380744216935	1	0	tensor(3)	2.8432213852863546
14581.99298353669	2000.0	550.2450908850076	0.0	0	0.0	3132.2380744216935	1	0	tensor(3)	2.2350237231241077
15753.41214775179	2000.0	424.9722783321562	46.14635166225082	0	0.0	3178.3844260839433	1	0	tensor(3)	2.354023453687674
16941.98360742973	2000.0	365.7907170812141	129.38989842700198	0	0.0	3307.7743245109396	1	0	tensor(3)	1.8254964282886172
18547.94435198986	2000.0	200.0	440.1700274789148	0	0.0	3747.9443519898596	1	0	tensor(3)	-0.152482902635089
19273.70644733205	1000.0	638.6241942479471	164.38628959013792	0	0.0	1912.3306415799962	1	0	tensor(6)	-5.9296209248075185
20487.574691150196	2000.0	424.75595042980217	0.0	0	0.0	1912.3306415799998	1	0	tensor(3)	2.0964175835732277
21635.402618161683	2000.0	371.1306345126275	94.20261109431328	0	0.0	2006.5332526743114	1	0	tensor(3)	2.2179469273421217
22684.735231031853	2000.0	494.5594257961803	172.7614041537205	0	0.0	2179.2946568280313	1	0	tensor(3)	1.7332321061792952
23617.913330956293	2000.0	561.3813258717389	0.0	0	0.0	2179.2946568280313	1	0	tensor(3)	2.7698005311016183
24303.14187059653	2000.0	876.1527862315021	0.0	0	0.0	2179.2946568280313	1	0	tensor(3)	2.7698005311016183
25345.02570572703	3000.0	834.2689511010054	0.0	0	0.0	2179.2946568280313	1	0	tensor(3)	2.9725330851557006
26259.733981135425	2000.0	919.5606756926098	0.0	0	0.0	2179.294656828035	1	0	tensor(3)	2.3643354229934537
27333.555975152132	3000.0	845.7386816759039	0.0	0	0.0	2179.294656828035	1	0	tensor(3)	2.9725330851557006
28321.870170484417	3000.0	857.424486343619	0.0	0	0.0	2179.294656828035	1	0	tensor(3)	3.377998193263865
29935.643368191108	3000.0	243.65128863692854	0.0	0	0.0	2179.294656828035	1	0	tensor(3)	3.377998193263865
30869.847573886465	2000.0	622.6518291904204	313.2047462488464	0	0.0	2492.499403076883	1	0	tensor(3)	0.45447861284069446
31902.83513212068	2000.0	589.6642709562044	0.0	0	0.0	2492.4994030768794	1	0	tensor(3)	2.7391721984419375
32845.851088488474	2000.0	646.6483145884082	0.0	0	0.0	2492.4994030768758	1	0	tensor(3)	2.7391721984419375
33890.025897382475	2000.0	602.4735056944058	0.0	0	0.0	2492.499403076872	1	0	tensor(3)	2.7391721984419384
35222.32784616015	2000.0	276.3483315851969	6.176774668471733	0	0.0	2498.6761777453394	1	0	tensor(3)	2.7014114720788442
36383.148635089994	2000.0	403.6921126591657	288.16457000381445	0	0.0	2786.8407477491564	1	0	tensor(3)	0.9718890144922692
37873.93226748613	2000.0	300.1878457638186	387.27936550079284	0	0.0	3174.120113249948	1	0	tensor(3)	0.3088849811219003
38809.27765610332	2000.0	586.7641987599693	221.92174161334043	0	0.0	3396.0418548632806	1	0	tensor(3)	1.2485035607464137
39884.165288018194	2000.0	511.876566845095	0.0	0	0.0	3396.0418548632806	1	0	tensor(3)	2.5800340104264565
40893.70376062489	2000.0	502.3380942383938	0.0	0	0.0	1396.0418548632806	1	0	tensor(6)	-3.1840810450375727
41862.94338072695	2000.0	537.639242010701	4.540767874364974	0	0.0	1400.5826227376529	1	0	tensor(3)	2.7884956869082504
42887.25177660074	2000.0	513.3308461369106	0.0	0	0.0	1400.5826227376601	1	0	tensor(3)	2.8157402941544403
43708.362022197565	2000.0	692.2206005400815	0.0	0	0.0	1400.5826227376601	1	0	tensor(3)	2.8157402941544403
44767.41169130942	2000.0	633.1709314282305	0.0	0	0.0	1400.5826227376601	1	0	tensor(3)	2.8157402941544403
45642.01676382889	3000.0	758.5658589087537	0.0	0	0.0	1400.5826227376529	1	0	tensor(3)	3.0184728482085226
46574.60660207883	3000.0	825.9760206588207	0.0	0	0.0	1400.5826227376529	1	0	tensor(3)	3.423937956316687
47435.84162180355	3000.0	964.7410009341061	0.0	0	0.0	1400.5826227376601	1	0	tensor(3)	3.423937956316687
48788.62848684305	3000.0	611.9541358946032	0.0	0	0.0	1400.5826227376529	1	0	tensor(3)	3.423937956316687
50181.99018323511	3000.0	380.0555395421877	161.4631000396398	0	0.0	1562.0457227772931	1	0	tensor(3)	2.448261484059604
50950.273757350784	2000.0	624.148841043105	12.376875616585323	0	0.0	1574.422598393874	1	0	tensor(3)	2.3285410011199486
51789.40787692824	2000.0	785.014721465649	0.0	0	0.0	1574.422598393874	1	0	tensor(3)	2.808267362927625
52491.402729927766	2000.0	1083.0198684661236	0.0	0	0.0	1574.422598393874	1	0	tensor(3)	2.808267362927625
53662.7873475904	2000.0	911.6352508034969	0.0	0	0.0	1574.422598393874	1	0	tensor(3)	2.808267362927625
54339.53986293423	2000.0	1234.8827354596601	0.0	0	0.0	1574.422598393874	1	0	tensor(3)	2.808267362927625
55854.16564562808	3000.0	720.2569527658092	0.0	0	0.0	1574.422598393874	1	0	tensor(3)	3.0109999169817074
56767.90960857137	2000.0	806.5129898225241	0.0	0	0.0	1574.422598393874	1	0	tensor(3)	2.4028022548194605
57946.03365372877	3000.0	628.388944665114	0.0	0	0.0	1574.422598393874	1	0	tensor(3)	3.0109999169817074
59081.489570390375	3000.0	492.9330280035142	0.0	0	0.0	1574.422598393874	1	0	tensor(3)	3.416465025089872
60728.11502355324	3000.0	200.0	353.69242515934434	0	0.0	1928.1150235532405	1	0	tensor(3)	1.280638151292088
61709.75168022411	2000.0	548.3052552478139	329.9419119186821	0	0.0	2258.056935471919	1	0	tensor(3)	0.37781812947444016
62466.53450801075	2000.0	791.5224274611728	0.0	0	0.0	2258.056935471912	1	0	tensor(3)	2.762934709094698
63112.15467788398	2000.0	1145.902257587951	0.0	0	0.0	2258.056935471912	1	0	tensor(3)	2.762934709094698
64104.475757330074	3000.0	1153.5811781418558	0.0	0	0.0	2258.0569354719046	1	0	tensor(3)	2.9656672631487813
65223.31279902749	3000.0	1034.7441364444417	0.0	0	0.0	2258.0569354719046	1	0	tensor(3)	3.371132371256946
66382.47805081986	3000.0	875.5788846520767	0.0	0	0.0	2258.056935471919	1	0	tensor(3)	3.371132371256945
67741.315504895	3000.0	516.7414305769325	0.0	0	0.0	2258.0569354719046	1	0	tensor(3)	3.3711323712569454
68932.94930439116	3000.0	344.5918040607229	19.484172979965763	0	0.0	2277.541108451871	1	0	tensor(3)	3.252447724697523
69732.58360446055	2000.0	600.5619405902629	55.60443659891962	0	0.0	2333.145545050793	1	0	tensor(3)	2.0167992894611366
71245.44038105097	3000.0	200.0	112.29483600013843	0	0.0	2445.440381050954	1	0	tensor(3)	2.2775362076891756
72203.21255394188	2000.0	483.45279994552425	241.22497283642826	0	0.0	2686.6653538873943	1	0	tensor(3)	0.8622893056624634
72785.29012144096	2000.0	901.3752324464581	0.0	0	0.0	2686.6653538873943	1	0	tensor(3)	2.7151042507891976
73471.90067908553	3000.0	1214.7646748018915	0.0	0	0.0	2686.665353887409	1	0	tensor(3)	2.9178368048432777
74144.47487427905	3000.0	1542.1904796083722	0.0	0	0.0	2686.665353887409	1	0	tensor(3)	3.3233019129514423
74928.0723048363	3000.0	1758.593049051123	0.0	0	0.0	2686.665353887409	1	0	tensor(3)	3.3233019129514423
76103.42536048422	3000.0	1583.2399934032064	0.0	0	0.0	2686.665353887409	1	0	tensor(3)	3.3233019129514423
77309.94635800552	3000.0	1376.7189958819038	0.0	0	0.0	2686.665353887409	1	0	tensor(3)	3.3233019129514423
78382.79756589481	3000.0	1303.8677879926058	0.0	0	0.0	2686.665353887409	1	0	tensor(3)	3.3233019129514423
79228.04672026129	3000.0	1458.6186336261285	0.0	0	0.0	2686.6653538874234	1	0	tensor(3)	3.3233019129514405
80037.80832817755	3000.0	1648.857025709876	0.0	0	0.0	2686.6653538874234	1	0	tensor(3)	3.3233019129514405
80984.37431086045	3000.0	1702.2910430269656	0.0	0	0.0	2686.6653538874234	1	0	tensor(3)	3.3233019129514405
82600.33065747702	3000.0	1086.3346964103987	0.0	0	0.0	2686.6653538874234	1	0	tensor(3)	3.3233019129514405
83489.55258423746	2000.0	1197.1127696499566	0.0	0	0.0	2686.6653538874234	1	0	tensor(3)	2.3096391426810285
85428.63760490001	2000.0	258.0277489874106	0.0	0	0.0	2686.6653538874234	1	0	tensor(3)	2.715104250789193
86027.76401011384	1000.0	714.758473687212	55.85712991361942	0	0.0	2742.5224838010618	1	0	tensor(3)	0.6393232552293785
87655.34374469273	2000.0	200.0	112.82126089168142	0	0.0	2855.3437446927273	1	0	tensor(3)	1.328393876944998
88363.27151232545	1000.0	655.8536256769112	163.7813933096269	0	0.0	3019.1251380023605	1	0	tensor(3)	-0.05317544131115992
89423.97528466683	2000.0	595.1498533355324	0.0	0	0.0	3019.1251380023605	1	0	tensor(3)	1.9692336893865194
90090.78649103452	2000.0	928.3386469678453	0.0	0	0.0	3019.1251380023605	1	0	tensor(3)	2.662380869946465
91007.38836407056	3000.0	1011.7367739318237	0.0	0	0.0	3019.1251380023605	1	0	tensor(3)	2.865113424000547
92086.36549762577	3000.0	932.7596403766288	0.0	0	0.0	3019.1251380023605	1	0	tensor(3)	3.2705785321087117
93683.48713437232	3000.0	335.6380036301002	0.0	0	0.0	3019.1251380023605	1	0	tensor(3)	3.2705785321087117
94581.80023797948	2000.0	545.5146951613532	108.18979513840992	0	0.0	3127.3149331407767	1	0	tensor(3)	1.5868846950167192
95163.17465882254	2000.0	964.140274318295	0.0	0	0.0	3127.3149331407767	1	0	tensor(3)	2.6414885739553435
96374.21860160494	3000.0	753.0963315358887	0.0	0	0.0	3127.3149331407767	1	0	tensor(3)	2.844221128009426
97787.31612338626	3000.0	339.99880975456216	0.0	0	0.0	3127.314933140762	1	0	tensor(3)	3.2496862361175936
98708.44840366064	2000.0	566.6684476222355	147.80191814204932	0	0.0	3275.116851282801	1	0	tensor(3)	1.3172101414480615
99450.82078173802	2000.0	824.2960695448646	0.0	0	0.0	3275.116851282801	1	0	tensor(3)	2.6094867584085217
100044.71457462145	2000.0	1230.402276661429	0.0	0	0.0	3275.116851282801	1	0	tensor(3)	2.6094867584085217
101130.61305430571	3000.0	1144.5037969771888	0.0	0	0.0	3275.116851282801	1	0	tensor(3)	2.812219312462604
102644.50547200977	3000.0	630.6113792731387	0.0	0	0.0	3275.116851282801	1	0	tensor(3)	3.2176844205707686
103776.79786702822	2000.0	498.31898425468785	0.0	0	0.0	3275.1168512828153	1	0	tensor(3)	2.204021650300353
105043.17040234135	2000.0	561.5146940916953	329.56824515012795	0	0.0	3604.685096433037	1	0	tensor(3)	0.544038371392332
105958.08992320068	2000.0	646.5951732323626	0.0	0	0.0	1604.6850964330224	1	0	tensor(6)	-3.1931683188290796
107014.87385791798	2000.0	589.8112385150483	0.0	0	0.0	1604.6850964330079	1	0	tensor(3)	2.8068316811709226
108333.84069052151	2000.0	365.0081026587711	94.16369674726153	0	0.0	1698.8487931802665	1	0	tensor(3)	2.2371014033183254
109995.08246456465	2000.0	333.1823555241991	629.4160269085702	0	0.0	2328.264820088836	1	0	tensor(3)	-1.0195588099560777
110701.28520165564	2000.0	659.738985666895	32.75936723367761	0	0.0	2361.024187322517	1	0	tensor(3)	2.5565889464129516
111263.41095974506	2000.0	1097.6132275774842	0.0	0	0.0	2361.024187322517	1	0	tensor(3)	2.7531451498150172
112647.08713177285	3000.0	713.9370555497053	0.0	0	0.0	2361.0241873225023	1	0	tensor(3)	2.955877703869101
113440.22163035399	2000.0	920.8025569685659	0.0	0	0.0	2361.0241873224877	1	0	tensor(3)	2.3476800417068553
114677.22915911113	3000.0	683.7950282114367	0.0	0	0.0	2361.0241873224877	1	0	tensor(3)	2.9558777038691026
115396.33690920383	2000.0	964.6872781187499	0.0	0	0.0	2361.0241873224877	1	0	tensor(3)	2.3476800417068553
116168.39349477398	3000.0	1192.6306925486106	0.0	0	0.0	2361.0241873224877	1	0	tensor(3)	2.9558777038691026
117251.95837023866	3000.0	1109.0658170839279	0.0	0	0.0	2361.0241873224877	1	0	tensor(3)	3.3613428119772673
118498.1230686554	3000.0	862.9011186672008	0.0	0	0.0	2361.0241873224877	1	0	tensor(3)	3.3613428119772673
119710.3126929452	3000.0	650.7114943774004	0.0	0	0.0	2361.024187322473	1	0	tensor(3)	3.361342811977268
120548.6391937891	2000.0	812.3849935334865	0.0	0	0.0	2361.024187322473	1	0	tensor(3)	2.3476800417068566
121549.83667111232	2000.0	811.1875162102397	0.0	0	0.0	2361.0241873224586	1	0	tensor(3)	2.7531451498150226
122420.08747497748	2000.0	940.9367123450851	0.0	0	0.0	2361.0241873224586	1	0	tensor(3)	2.7531451498150226
123216.16478091506	2000.0	1144.8594064074982	0.0	0	0.0	2361.0241873224586	1	0	tensor(3)	2.7531451498150226
124566.89648898364	3000.0	794.127698338922	0.0	0	0.0	2361.024187322444	1	0	tensor(3)	2.955877703869107
125214.62873191117	2000.0	1146.3954554113843	0.0	0	0.0	2361.024187322444	1	0	tensor(3)	2.3476800417068597
126042.08001347547	3000.0	1318.9441738470875	0.0	0	0.0	2361.024187322444	1	0	tensor(3)	2.955877703869107
127392.90329361038	3000.0	968.1208937121844	0.0	0	0.0	2361.024187322444	1	0	tensor(3)	3.3613428119772717
128214.11143674958	2000.0	1146.912750572985	0.0	0	0.0	2361.0241873224295	1	0	tensor(3)	2.347680041706861
129883.7938684556	3000.0	477.2303188669539	0.0	0	0.0	2361.0241873224295	1	0	tensor(3)	2.955877703869108
130573.56957850954	2000.0	787.4546088130162	0.0	0	0.0	2361.0241873224295	1	0	tensor(3)	2.347680041706861
130998.73714310362	2000.0	1362.2870442189512	0.0	0	0.0	2361.024187322444	1	0	tensor(3)	2.7531451498150243
131682.93872687555	3000.0	1678.0854604470378	0.0	0	0.0	2361.024187322473	1	0	tensor(3)	2.9558777038691044
132200.0	3000.0	2161.0241873225864	0.0	0	13.471642743272241	2361.0241873224586	1	0	tensor(3)	3.361342811977269
133200.0	3000.0	2161.0241873225814	0.0	0	343.48857631653664	2361.0241873224586	1	0	tensor(3)	3.361342811977271
134200.0	3000.0	2161.0241873225796	0.0	0	84.84524549721391	2361.024187322444	1	0	tensor(3)	3.3613428119772717
135487.1130553212	3000.0	1873.9111320013594	0.0	0	0.0	2361.024187322444	1	0	tensor(3)	3.3613428119772717
136883.48115124967	3000.0	1477.5430360728844	0.0	0	0.0	2361.024187322444	1	0	tensor(3)	3.3613428119772717
137674.76300777425	3000.0	1686.2611795482887	0.0	0	0.0	2361.024187322444	1	0	tensor(3)	3.3613428119772717
138600.80807415262	3000.0	1760.2161131699484	0.0	0	0.0	2361.024187322444	1	0	tensor(3)	3.3613428119772717
139200.0	3000.0	2161.024187322573	0.0	0	1.2776408080244437	2361.024187322444	1	0	tensor(3)	3.3613428119772717
140200.0	3000.0	2161.0241873225823	0.0	0	22.346489397110417	2361.024187322444	1	0	tensor(3)	3.3613428119772717
141288.65973259433	3000.0	2072.3644547282674	0.0	0	0.0	2361.024187322473	1	0	tensor(3)	3.361342811977268
142200.0	3000.0	2161.0241873225964	0.0	0	147.6096695085871	2361.024187322473	1	0	tensor(3)	3.361342811977268
143662.6092273777	3000.0	1698.4149599449224	0.0	0	0.0	2361.024187322473	1	0	tensor(3)	3.361342811977268
145202.71292262856	3000.0	1158.3112646940237	0.0	0	0.0	2361.024187322473	1	0	tensor(3)	3.361342811977268
146597.83886346602	3000.0	763.1853238565621	0.0	0	0.0	2361.024187322473	1	0	tensor(3)	3.361342811977268
148076.75438697633	3000.0	290.09586312419674	5.826062777918423	0	0.0	2366.850250100397	1	0	tensor(3)	3.3258033693363016
148996.4149629287	2000.0	510.4258162361134	139.99052906429233	0	0.0	2506.840779164835	1	0	tensor(3)	1.4921321891283705
149847.22432353397	2000.0	659.6164556308794	0.0	0	0.0	2506.840779164835	1	0	tensor(3)	2.737540471622289
150457.9801204046	2000.0	1048.8606587602403	0.0	0	0.0	2506.840779164835	1	0	tensor(3)	2.737540471622289
151572.5156352657	3000.0	934.3251438991316	0.0	0	0.0	2506.840779164835	1	0	tensor(3)	2.9402730256763716
152694.03631364947	3000.0	812.8044655153506	0.0	0	0.0	2506.840779164806	1	0	tensor(3)	3.3457381337845393
153677.65744606647	3000.0	829.1833330983586	0.0	0	0.0	2506.840779164806	1	0	tensor(3)	3.3457381337845393
154712.69668889316	3000.0	794.144090271659	0.0	0	0.0	2506.840779164806	1	0	tensor(3)	3.3457381337845393
155532.60719679476	2000.0	974.2335823700442	0.0	0	0.0	2506.840779164777	1	0	tensor(3)	2.3320753635141283
156557.72681422756	3000.0	949.1139649372419	0.0	0	0.0	2506.840779164777	1	0	tensor(3)	2.940273025676378
157678.1617225314	2000.0	828.6790566334331	0.0	0	0.0	2506.840779164777	1	0	tensor(3)	2.332075363514131
158400.3652638272	2000.0	1106.4755153375888	0.0	0	0.0	2506.840779164777	1	0	tensor(3)	2.7375404716222955
159570.0703425256	3000.0	936.7704366391764	0.0	0	0.0	2506.840779164748	1	0	tensor(3)	2.9402730256763787
160740.23357509435	3000.0	766.6072040704547	0.0	0	0.0	2506.840779164777	1	0	tensor(3)	3.345738133784544
161713.9381929044	2000.0	792.9025862604069	0.0	0	0.0	2506.840779164777	1	0	tensor(3)	2.332075363514131
162630.19041572788	2000.0	876.6503634369121	0.0	0	0.0	2506.840779164777	1	0	tensor(3)	2.7375404716222955
163532.02525144813	2000.0	974.8155277166651	0.0	0	0.0	2506.840779164777	1	0	tensor(3)	2.7375404716222955
164781.1529456613	2000.0	725.6878335034601	0.0	0	0.0	2506.840779164748	1	0	tensor(3)	2.737540471622299
165929.4933854781	2000.0	577.3473936866717	0.0	0	0.0	2506.840779164748	1	0	tensor(3)	2.737540471622299
166769.66066890158	1000.0	737.1801102631833	0.0	0	0.0	2506.840779164748	1	0	tensor(3)	1.004672520222436
167582.56087730604	1000.0	924.2799018587468	0.0	0	0.0	2506.840779164748	1	0	tensor(3)	1.6978197007823812
168995.59363009926	2000.0	511.2471490655424	0.0	0	0.0	2506.840779164777	1	0	tensor(3)	2.044393291062352
169618.38437921452	1000.0	888.4563999502744	0.0	0	0.0	2506.840779164748	1	0	tensor(3)	1.0046725202224347
170623.528329487	2000.0	883.3124496777903	0.0	0	0.0	2506.840779164748	1	0	tensor(3)	2.0443932910623537
171743.13065717724	2000.0	763.7101219875597	0.0	0	0.0	2506.840779164777	1	0	tensor(3)	2.7375404716222973
172764.18252862783	2000.0	742.6582505369757	0.0	0	0.0	2506.840779164748	1	0	tensor(3)	2.7375404716222977
173396.24798844822	2000.0	1110.5927907166015	0.0	0	0.0	2506.840779164748	1	0	tensor(3)	2.737540471622299
174488.74791871334	3000.0	1018.0928604514979	0.0	0	0.0	2506.840779164777	1	0	tensor(3)	2.940273025676378
175469.58219166694	2000.0	1037.2585874979222	0.0	0	0.0	2506.840779164777	1	0	tensor(3)	2.332075363514131
176394.2335837117	3000.0	1112.6071954531826	0.0	0	0.0	2506.840779164777	1	0	tensor(3)	2.940273025676378
177993.440484946	3000.0	513.4002942188747	0.0	0	0.0	2506.840779164777	1	0	tensor(3)	3.3457381337845424
178956.5005551531	2000.0	550.340224011776	0.0	0	0.0	2506.840779164777	1	0	tensor(3)	2.332075363514131
180124.29824174359	2000.0	460.8682247278756	78.32568730660702	0	0.0	2585.16646647139	1	0	tensor(3)	2.258276015671647
181167.05502647563	2000.0	447.2226467660321	29.11120677022589	0	0.0	2614.277673241595	1	0	tensor(3)	2.5499245523074032
182108.2386607548	2000.0	506.0390124868454	0.0	0	0.0	2614.277673241595	1	0	tensor(3)	2.7245917929287584
183258.06086626323	2000.0	369.92863557478654	13.711828596339757	0	0.0	2627.989501837961	1	0	tensor(3)	2.6405724982222702
184688.01504838947	2000.0	233.45968610611365	293.4852326575576	0	0.0	2921.4747344955103	1	0	tensor(3)	0.9186518365669576
186713.32805256188	2000.0	200.0	991.8533180662835	0	0.0	3913.3280525618757	1	0	tensor(3)	-3.475616168397561
188206.7439663844	2000.0	395.77027685966686	689.1861906822032	0	0.0	2602.514243244077	1	0	tensor(6)	-7.4090432080222435
188946.30925545195	2000.0	656.2049877921402	0.0	0	0.0	2602.514243244077	1	0	tensor(3)	2.726073936070976
189805.11769121615	2000.0	797.3965520279401	0.0	0	0.0	2602.514243244077	1	0	tensor(3)	2.726073936070976
190867.43305448152	2000.0	735.0811887625534	0.0	0	0.0	2602.514243244077	1	0	tensor(3)	2.726073936070976
192228.34990991163	2000.0	374.1643333324296	0.0	0	0.0	2602.514243244106	1	0	tensor(3)	2.726073936070972
193139.90040094565	2000.0	544.9187369257647	82.30489462739067	0	0.0	2684.819137871469	1	0	tensor(3)	2.221524892549678
194032.06399614134	2000.0	652.7551417301077	0.0	0	0.0	2684.819137871469	1	0	tensor(3)	2.7153542603140224
194638.7474752301	2000.0	1046.0716626413414	0.0	0	0.0	2684.819137871469	1	0	tensor(3)	2.7153542603140224
195298.70886137465	3000.0	1386.1102764967864	0.0	0	0.0	2684.819137871469	1	0	tensor(3)	2.9180868143681047
196165.25117979487	3000.0	1519.5679580765557	0.0	0	0.0	2684.819137871469	1	0	tensor(3)	3.3235519224762693
197020.46421850825	3000.0	1664.3549193631545	0.0	0	0.0	2684.819137871469	1	0	tensor(3)	3.3235519224762693
198934.4023401004	3000.0	750.416797770994	0.0	0	0.0	2684.81913787144	1	0	tensor(3)	3.3235519224762733
199754.35855942775	2000.0	930.4605784436477	0.0	0	0.0	2684.81913787144	1	0	tensor(3)	2.3098891522058618
200779.25038514312	2000.0	905.568752728238	0.0	0	0.0	2684.81913787144	1	0	tensor(3)	2.7153542603140264
201498.28305267752	2000.0	1186.536085193869	0.0	0	0.0	2684.819137871469	1	0	tensor(3)	2.7153542603140255
202504.1301832713	2000.0	1180.6889546000732	0.0	0	0.0	2684.81913787144	1	0	tensor(3)	2.7153542603140233
203330.8246606907	2000.0	1353.9944771806945	0.0	0	0.0	2684.81913787144	1	0	tensor(3)	2.7153542603140264
204168.52958321126	2000.0	1516.2895546601421	0.0	0	0.0	2684.819137871411	1	0	tensor(3)	2.715354260314031
205594.33418991682	3000.0	1090.4849479546024	0.0	0	0.0	2684.819137871411	1	0	tensor(3)	2.918086814368113
206370.33936976557	3000.0	1314.4797681058712	0.0	0	0.0	2684.819137871411	1	0	tensor(3)	3.3235519224762777
207178.77056900406	3000.0	1506.0485688673743	0.0	0	0.0	2684.819137871411	1	0	tensor(3)	3.3235519224762777
208291.3206071709	3000.0	1393.4985307005427	0.0	0	0.0	2684.819137871382	1	0	tensor(3)	3.3235519224762817
210848.27126521704	3000.0	200.0	363.45212734562625	0	0.0	3048.2712652169575	1	0	tensor(3)	1.1146670960407281
211654.26933581117	2000.0	610.4627329094392	216.46080350358213	0	0.0	3264.7320687205356	1	0	tensor(3)	0.9076442442216988
212601.45676928238	2000.0	663.2752994382308	0.0	0	0.0	3264.7320687205356	1	0	tensor(3)	2.611874173351356
213388.84352214247	2000.0	875.8885465781292	0.0	0	0.0	3264.7320687205356	1	0	tensor(3)	2.611874173351356
214275.78504606336	3000.0	988.9470226572612	0.0	0	0.0	3264.7320687205356	1	0	tensor(3)	2.8146067274054385
215433.03993224105	3000.0	831.6921364795617	0.0	0	0.0	3264.7320687205065	1	0	tensor(3)	3.2200718355136098
216809.35235117743	3000.0	455.3797175431993	0.0	0	0.0	3264.7320687204774	1	0	tensor(3)	3.2200718355136138
217419.09581694604	2000.0	845.6362517745622	0.0	0	0.0	1264.7320687204774	1	0	tensor(6)	-3.584709345891612
218517.05219553228	3000.0	747.6798731883307	0.0	0	0.0	1264.7320687205065	1	0	tensor(3)	3.023488316270636
219498.05957282643	3000.0	766.6724958941927	0.0	0	0.0	1264.7320687205065	1	0	tensor(3)	3.4289534243787996
220837.23157794587	3000.0	427.50049077473057	0.0	0	0.0	1264.7320687205065	1	0	tensor(3)	3.4289534243787996
221832.61756548475	3000.0	522.8528293447712	90.73832610892043	0	0.0	1355.4703948294045	1	0	tensor(3)	2.881248170727828
222627.13390192404	3000.0	728.3364929054761	0.0	0	0.0	1355.4703948294045	1	0	tensor(3)	3.4256781273813512
223232.41380175535	3000.0	1123.056593074172	0.0	0	0.0	1355.4703948294336	1	0	tensor(3)	3.4256781273813504
224200.0	3000.0	1155.4703948295228	0.0	0	303.78431222296786	1355.4703948294336	1	0	tensor(3)	3.4256781273813504
225818.6350076275	3000.0	536.8353872020105	0.0	0	0.0	1355.4703948294045	1	0	tensor(3)	3.4256781273813504
226640.6263139086	3000.0	714.8440809209169	0.0	0	0.0	1355.4703948294045	1	0	tensor(3)	3.4256781273813512
227658.38471826885	3000.0	697.0856765607109	0.0	0	0.0	1355.4703948294336	1	0	tensor(3)	3.4256781273813512
228374.88211462376	3000.0	980.5882802058065	0.0	0	0.0	1355.4703948294336	1	0	tensor(3)	3.4256781273813504
229670.26843875903	3000.0	685.201956070561	0.0	0	0.0	1355.4703948294627	1	0	tensor(3)	3.425678127381349
231125.21977243197	3000.0	230.2506223975785	0.0	0	0.0	1355.4703948294336	1	0	tensor(3)	3.4256781273813504
232394.85999135856	2000.0	295.9840108924026	335.37360742144176	0	0.0	1690.8440022509894	1	0	tensor(3)	0.3847976160312744
234500.86916321842	2000.0	200.0	1010.0251609674385	0	0.0	2700.86916321842	1	0	tensor(3)	-3.3237107134907378
235239.6811342155	2000.0	613.2037769054368	152.01574790248478	0	0.0	2852.8849111208983	1	0	tensor(3)	1.778655573151051
236709.39111322776	2000.0	211.956020543901	68.46222265071601	0	0.0	2921.347133771633	1	0	tensor(3)	2.272650659714094
237806.82373301164	2000.0	549.9976596604408	435.47425890041654	0	0.0	3356.821392672049	1	0	tensor(3)	-0.02291783992025609
238707.26539283714	2000.0	649.5559998349296	0.0	0	0.0	3356.821392672049	1	0	tensor(3)	2.589927713482243
239395.50175801705	2000.0	961.31963465503	0.0	0	0.0	3356.821392672049	1	0	tensor(3)	2.589927713482243
240550.26575810192	3000.0	806.5556345701568	0.0	0	0.0	3356.82139267202	1	0	tensor(3)	2.7926602675363323
241908.57179451728	3000.0	448.24959815476734	0.0	0	0.0	3356.82139267202	1	0	tensor(3)	3.198125375644497
242644.81760432746	2000.0	712.0037883445921	0.0	0	0.0	1356.82139267202	1	0	tensor(6)	-3.588035646168751
243200.0	2000.0	1156.821392672044	0.0	0	9.116264063224662	1356.82139267202	1	0	tensor(3)	2.8174294619394136
244200.0	3000.0	1156.821392672026	0.0	0	81.4457099668798	1356.8213926720491	1	0	tensor(3)	3.020162015993495
245200.0	3000.0	1156.8213926720355	0.0	0	76.2011851639254	1356.8213926720491	1	0	tensor(3)	3.4256271241016596
246660.8476057235	3000.0	695.9737869485563	0.0	0	0.0	1356.8213926720491	1	0	tensor(3)	3.4256271241016596
247903.23583101222	2000.0	453.5855616598308	0.0	0	0.0	1356.8213926720491	1	0	tensor(3)	2.411964353831248
248608.1763617848	2000.0	748.6450308872271	0.0	0	0.0	1356.82139267202	1	0	tensor(3)	2.8174294619394127
249251.53504827488	2000.0	1105.2863443971582	0.0	0	0.0	1356.8213926720491	1	0	tensor(3)	2.8174294619394127
250200.0	3000.0	1156.8213926720216	0.0	0	99.8385313830513	1356.8213926720782	1	0	tensor(3)	3.0201620159934945
251275.84117826368	3000.0	1080.9802144083187	0.0	0	0.0	1356.8213926720491	1	0	tensor(3)	3.4256271241016596
252847.17979350948	3000.0	509.64159916250287	0.0	0	0.0	1356.8213926720782	1	0	tensor(3)	3.425627124101659
253983.10051239835	2000.0	555.5433111047103	181.82243083107107	0	0.0	1538.643823503051	1	0	tensor(3)	1.3135112205139525
254725.80265787683	2000.0	812.841165626217	0.0	0	0.0	1538.64382350308	1	0	tensor(3)	2.809910913608543
255692.46119579236	2000.0	846.1826277106591	0.0	0	0.0	1538.64382350308	1	0	tensor(3)	2.809910913608542
256741.78786113727	2000.0	796.8559623657297	0.0	0	0.0	1538.643823503051	1	0	tensor(3)	2.809910913608544
257969.47779349968	2000.0	569.1660300032993	0.0	0	0.0	1538.643823503051	1	0	tensor(3)	2.809910913608544
259243.15543140512	2000.0	454.7844110786674	159.2960189808112	0	0.0	1697.9398424838437	1	0	tensor(3)	1.84635541555656
259897.95032018077	2000.0	799.9895223030045	0.0	0	0.0	1697.9398424838146	1	0	tensor(3)	2.802131529441429
260921.23443325015	2000.0	776.7054092336273	0.0	0	0.0	1697.9398424838146	1	0	tensor(3)	2.802131529441429
261801.5143649492	2000.0	896.4254775346128	0.0	0	0.0	1697.9398424838437	1	0	tensor(3)	2.8021315294414273
263539.390796924	3000.0	200.89511762207513	42.34607206228236	0	0.0	1740.285914546199	1	0	tensor(3)	2.7498759202077503
264076.3548871528	2000.0	730.8652451995673	66.9342178062422	0	0.0	1807.220132352435	1	0	tensor(3)	1.9889820741017554
264623.6654626131	2000.0	1183.5546697392815	0.0	0	0.0	1807.2201323524932	1	0	tensor(3)	2.796052489047371
266097.79699313117	3000.0	709.4231392211714	0.0	0	0.0	1807.2201323524932	1	0	tensor(3)	2.998785043101452
266947.0480431398	2000.0	860.1720892124926	0.0	0	0.0	1807.2201323524932	1	0	tensor(3)	2.390587380939205
267798.231527274	2000.0	1008.9886050782741	0.0	0	0.0	1807.2201323524932	1	0	tensor(3)	2.7960524890473697
268875.90137579513	3000.0	931.3187565571428	0.0	0	0.0	1807.2201323524932	1	0	tensor(3)	2.998785043101452
270206.3969916136	3000.0	600.8231407386036	0.0	0	0.0	1807.2201323524932	1	0	tensor(3)	3.4042501512096166
271301.4628807652	2000.0	505.75725158696906	0.0	0	0.0	1807.2201323524932	1	0	tensor(3)	2.390587380939205
272197.6684602797	2000.0	609.5516720724685	0.0	0	0.0	1807.2201323524932	1	0	tensor(3)	2.7960524890473697
272793.69985268614	2000.0	1013.5202796659494	0.0	0	0.0	1807.220132352435	1	0	tensor(3)	2.7960524890473732
274115.6212906241	3000.0	691.5988417280433	0.0	0	0.0	1807.220132352435	1	0	tensor(3)	2.9987850431014555
274940.6182035237	3000.0	866.6019288284357	0.0	0	0.0	1807.2201323523768	1	0	tensor(3)	3.4042501512096237
276172.73734144506	3000.0	634.4827909070643	0.0	0	0.0	1807.2201323523186	1	0	tensor(3)	3.4042501512096273
277163.87341035786	2000.0	643.3467219942321	0.0	0	0.0	1807.2201323523186	1	0	tensor(3)	2.3905873809392157
278094.19222610415	2000.0	713.0279062479415	0.0	0	0.0	1807.2201323523186	1	0	tensor(3)	2.7960524890473804
279068.69379630696	2000.0	738.5263360451016	0.0	0	0.0	1807.2201323523186	1	0	tensor(3)	2.7960524890473804
279736.13100841106	2000.0	1071.089123941002	0.0	0	0.0	1807.2201323522604	1	0	tensor(3)	2.7960524890473826
280426.48518926353	3000.0	1380.7349430884583	0.0	0	0.0	1807.2201323522022	1	0	tensor(3)	2.9987850431014693
281200.0	3000.0	1607.2201323519996	0.0	0	73.28767443774268	1807.2201323522604	1	0	tensor(3)	3.404250151209631
282200.0	3000.0	1607.2201323519523	0.0	0	137.8980672134203	1807.2201323522022	1	0	tensor(3)	3.404250151209634
283200.0	3000.0	1607.2201323519184	0.0	0	145.29441024776315	1807.220132352144	1	0	tensor(3)	3.4042501512096375
284448.00292908767	3000.0	1359.2172032642918	0.0	0	0.0	1807.220132352144	1	0	tensor(3)	3.4042501512096375
285878.12169278425	3000.0	929.0984395677195	0.0	0	0.0	1807.220132352144	1	0	tensor(3)	3.4042501512096375
286960.1090244375	3000.0	847.1111079145298	0.0	0	0.0	1807.220132352144	1	0	tensor(3)	3.4042501512096375
287573.79680618085	3000.0	1233.4233261711238	0.0	0	0.0	1807.220132352144	1	0	tensor(3)	3.4042501512096375
288405.5643283236	3000.0	1401.6558040284062	0.0	0	0.0	1807.220132352144	1	0	tensor(3)	3.4042501512096375
289379.582284551	3000.0	1427.6378478009844	0.0	0	0.0	1807.2201323520858	1	0	tensor(3)	3.4042501512096406
290200.0	3000.0	1607.2201323519823	0.0	0	2.996003440755885	1807.2201323520858	1	0	tensor(3)	3.4042501512096406
291284.2934596807	3000.0	1522.9266726712913	0.0	0	0.0	1807.2201323520858	1	0	tensor(3)	3.4042501512096406
292787.16581998486	3000.0	1020.054312367099	0.0	0	0.0	1807.220132352144	1	0	tensor(3)	3.4042501512096375
294212.24216088705	3000.0	594.9779714648513	0.0	0	0.0	1807.220132352144	1	0	tensor(3)	3.4042501512096375
295405.7626541114	3000.0	435.1406713405939	33.683193100063875	0	0.0	1840.9033254521783	1	0	tensor(3)	3.2001434524958547
296389.2128248331	2000.0	515.2897900110815	63.59928939219844	0	0.0	1904.5026148444158	1	0	tensor(3)	2.003010169247875
297143.48584803997	2000.0	761.0167668042117	0.0	0	0.0	1904.5026148444158	1	0	tensor(3)	2.7900710137092304
298324.68043991143	2000.0	579.8221749327735	0.0	0	0.0	1904.5026148443576	1	0	tensor(3)	2.790071013709234
298960.3498246281	2000.0	944.1527902160453	0.0	0	0.0	1904.5026148443576	1	0	tensor(3)	2.790071013709234
299768.63810648496	3000.0	1135.864508359164	0.0	0	0.0	1904.5026148442994	1	0	tensor(3)	2.9928035677633202
300815.91946268507	3000.0	1088.5831521590737	0.0	0	0.0	1904.5026148442994	1	0	tensor(3)	3.398268675871485
301701.93427889806	3000.0	1202.5683359460481	0.0	0	0.0	1904.5026148442994	1	0	tensor(3)	3.398268675871485
302906.1480798612	3000.0	998.3545349829653	0.0	0	0.0	1904.5026148442994	1	0	tensor(3)	3.398268675871485
304263.5678218218	3000.0	640.9347930223695	0.0	0	0.0	1904.5026148442412	1	0	tensor(3)	3.3982686758714875
305136.0807033833	2000.0	768.421911460831	0.0	0	0.0	1904.5026148442412	1	0	tensor(3)	2.384605905601077
306569.3198039508	3000.0	335.1828108933649	0.0	0	0.0	1904.5026148442412	1	0	tensor(3)	2.992803567763324
307632.76800260204	2000.0	473.46133334530464	201.72672110319883	0	0.0	2106.229335947428	1	0	tensor(3)	1.1598978008539667
308606.25024578336	2000.0	551.1366213270586	51.157531163096905	0	0.0	2157.386867110501	1	0	tensor(3)	2.46467493324215
309377.2321014911	2000.0	780.1547656192494	0.0	0	0.0	2157.386867110501	1	0	tensor(3)	2.7716201202207316
310728.58980252635	3000.0	428.79706458404166	0.0	0	0.0	2157.386867110501	1	0	tensor(3)	2.974352674274814
311669.0708425629	2000.0	490.53924994869925	2.2232254011970554	0	0.0	2159.6100925116334	1	0	tensor(3)	2.352632741566481
312640.57306556863	2000.0	519.0370269429279	0.0	0	0.0	2159.610092511575	1	0	tensor(3)	2.7714372020818354
314072.5059516285	2000.0	260.4837997097866	173.37965882662473	0	0.0	2332.9897513382602	1	0	tensor(3)	1.7156282055230565
3.2	2.61	2.47	1.85	2.68	2.43	2.35	2.28	2.59	2.56	2.04	1.7	1.66	1.64	1.44	1.29	1.75	1.62	2.12	1.95	1.95	2.65	2.53	2.64	3.54	2.28	2.11	1.66	2.44	2.4	1.87	1.77	1.61	1.48	1.07	1.46	2.17	2.47	2.05	2.28	1.51	2.54	2.78	3.64	3.35	2.44	1.63	2.29	2.2	2.21	2.25	2.47	2.36	2.42	3.35	3.23	2.35	1.24	1.56	2.03	2.7	3.23	2.76	3.57	1.77	2.68	2.51	2.77	2.27	2.7	3.52	4.53	3.26	1.84	2.84	3.0	3.78	2.7	2.19	2.04	1.77	1.31	1.01	2.12	1.27	1.6	2.62	3.94	2.71	1.9	2.04	2.94	4.23	2.17	1.62	2.15	2.33	2.94	3.56	2.27	2.19	1.34	2.77	1.96	1.92	2.14	1.32	2.28	3.2	1.93	2.26	1.59	2.92	3.21	1.95	1.99	2.47	2.58	2.34	1.96	2.64	2.58	3.01	2.88	1.49	1.98	1.92	2.66	3.79	5.03	3.2	2.7	3.2	2.35	2.77	3.92	3.98	2.68	3.2	3.57	2.64	2.72	2.42	2.59	2.15	2.25	1.9	2.94	3.51	2.33	3.2	2.61	2.47	1.85	2.68	2.43	2.35	2.28	2.59	2.56	2.04	1.7	1.66	1.64	1.44	1.29	1.75	1.62	2.12	1.95	1.95	2.65	2.53	2.64	3.54	2.28	2.11	1.66	2.44	2.4	1.87	1.77	1.61	1.48	1.07	1.46	2.17	2.47	2.05	2.28	1.51	2.54	2.78	3.64	3.35	2.44	1.63	2.29	2.2	2.21	2.25	2.47	2.36	2.42	3.35	3.23	2.35	1.24	1.56	2.03	2.7	3.23	2.76	3.57	1.77	2.68	2.51	2.77	2.27	2.7	3.52	4.53	3.26	1.84	2.84	3.0	3.78	2.7	2.19	2.04	1.77	1.31	1.01	2.12	1.27	1.6	2.62	3.94	2.71	1.9	2.04	2.94	4.23	2.17	1.62	2.15	2.33	2.94	3.56	2.27	2.19	1.34	2.77	1.96	1.92	2.14	1.32	2.28	3.2	1.93	2.26	1.59	2.92	3.21	1.95	1.99	2.47	2.58	2.34	1.96	2.64	2.58	3.01	2.88	1.49	1.98	1.92	2.66	3.79	5.03	3.2	2.7	3.2	2.35	2.77	3.92	3.98	2.68	3.2	3.57	2.64	2.72	2.42	2.59	2.15	2.25	1.9	2.94	3.51	2.33	3.2	2.61	2.47	1.85	2.68	2.43	2.35	2.28	2.59	2.56	2.04	1.7	1.66	1.64
1.0	2.0	3.0	4.0	5.0	6.0	7.0	8.0	9.0	10.0	11.0	12.0	13.0	14.0	15.0	16.0	17.0	18.0	19.0	20.0	21.0	22.0	23.0	24.0	25.0	26.0	27.0	28.0	29.0	30.0	31.0	32.0	33.0	34.0	35.0	36.0	37.0	38.0	39.0	40.0	41.0	42.0	43.0	44.0	45.0	46.0	47.0	48.0	49.0	50.0	51.0	52.0	53.0	54.0	55.0	56.0	57.0	58.0	59.0	60.0	61.0	62.0	63.0	64.0	65.0	66.0	67.0	68.0	69.0	70.0	71.0	72.0	73.0	74.0	75.0	76.0	77.0	78.0	79.0	80.0	81.0	82.0	83.0	84.0	85.0	86.0	87.0	88.0	89.0	90.0	91.0	92.0	93.0	94.0	95.0	96.0	97.0	98.0	99.0	100.0	101.0	102.0	103.0	104.0	105.0	106.0	107.0	108.0	109.0	110.0	111.0	112.0	113.0	114.0	115.0	116.0	117.0	118.0	119.0	120.0	121.0	122.0	123.0	124.0	125.0	126.0	127.0	128.0	129.0	130.0	131.0	132.0	133.0	134.0	135.0	136.0	137.0	138.0	139.0	140.0	141.0	142.0	143.0	144.0	145.0	146.0	147.0	148.0	149.0	149.0	150.0	151.0	152.0	153.0	154.0	155.0	156.0	157.0	158.0	159.0	160.0	161.0	162.0	163.0	164.0	165.0	166.0	167.0	168.0	169.0	170.0	171.0	172.0	173.0	174.0	175.0	176.0	177.0	178.0	179.0	180.0	181.0	182.0	183.0	184.0	185.0	186.0	187.0	188.0	189.0	190.0	191.0	192.0	193.0	194.0	195.0	196.0	197.0	198.0	199.0	200.0	201.0	202.0	203.0	204.0	205.0	206.0	207.0	208.0	209.0	210.0	211.0	212.0	213.0	214.0	215.0	216.0	217.0	218.0	219.0	220.0	221.0	222.0	223.0	224.0	225.0	226.0	227.0	228.0	229.0	230.0	231.0	232.0	233.0	234.0	235.0	236.0	237.0	238.0	239.0	240.0	241.0	242.0	243.0	244.0	245.0	246.0	247.0	248.0	249.0	250.0	251.0	252.0	253.0	254.0	255.0	256.0	257.0	258.0	259.0	260.0	261.0	262.0	263.0	264.0	265.0	266.0	267.0	268.0	269.0	270.0	271.0	272.0	273.0	274.0	275.0	276.0	277.0	278.0	279.0	280.0	281.0	282.0	283.0	284.0	285.0	286.0	287.0	288.0	289.0	290.0	291.0	292.0	293.0	294.0	295.0	296.0	297.0	298.0	298.0	299.0	300.0	301.0	302.0	303.0	304.0	305.0	306.0	307.0	308.0	309.0	310.0	311.0	312.0
2474.570678688548
