3033.8181339149987	500.0	2000.0	212.23990088333838	0	0.0	3033.8181339149987	1	0	1.0	-1.4512346582433273
3945.36555092094	2000.0	2088.4525829940585	0.0	0	0.0	3033.818133914999	1	0	1.0	0.3248070765625095
4836.221224981691	2000.0	2197.5969089333075	0.0	0	0.0	3033.8181339149987	1	0	1.0	1.7111014376824003
5393.489112481298	2000.0	2640.3290214337003	0.0	0	0.0	3033.8181339149987	1	0	1.0	1.7111014376824003
7172.072543091432	3000.0	1861.7455908235663	0.0	0	0.0	3033.818133914998	1	0	1.0	1.7111014376824007
9314.069051902829	2000.0	719.7490820121693	0.0	0	0.0	3033.818133914998	1	0	1.0	1.305636329574236
10659.271269721481	2000.0	374.5468641935175	0.0	0	0.0	3033.818133914998	1	0	1.0	1.7111014376824007
11444.655391112958	1000.0	606.0714225846142	16.90867978257205	0	0.0	3050.726813697571	1	0	1.0	0.22018054151190217
12340.945896451936	1000.0	709.7809172456357	0.0	0	0.0	3050.7268136975727	1	0	1.0	1.0147798007672792
13092.707786006918	1000.0	958.0190276906527	0.0	0	0.0	3050.7268136975727	1	0	1.0	1.0147798007672792
13734.588221354661	1000.0	1316.1385923429098	0.0	0	0.0	3050.726813697571	1	0	1.0	1.0147798007672797
14671.861469632831	2000.0	1378.865344064739	0.0	0	0.0	3050.726813697569	1	0	1.0	1.01477980076728
15566.637025430246	2000.0	1484.089788267324	0.0	0	0.0	3050.726813697569	1	0	1.0	1.7079269813272253
16258.834667206771	2000.0	1791.8921464907987	0.0	0	0.0	3050.726813697569	1	0	1.0	1.7079269813272253
16891.762947931835	3000.0	2158.9638657657333	0.0	0	0.0	3050.726813697567	1	0	1.0	1.7079269813272258
17582.654607216435	3000.0	2468.072206481136	0.0	0	0.0	3050.726813697569	1	0	1.0	2.1133920894353904
18858.285886549787	3000.0	2192.440927147786	0.0	0	0.0	3050.726813697571	1	0	1.0	2.113392089435389
20473.72018248605	3000.0	1577.006631211524	0.0	0	0.0	3050.7268136975727	1	0	1.0	2.113392089435389
21517.46133507617	3000.0	1533.2654786214048	0.0	0	0.0	3050.7268136975727	1	0	1.0	2.113392089435389
22234.04933321643	3000.0	1816.6774804811416	0.0	0	0.0	3050.7268136975727	1	0	1.0	2.113392089435389
22815.2554326538	3000.0	2235.4713810437725	0.0	0	0.0	3050.7268136975727	1	0	1.0	2.113392089435389
23604.830648017858	3000.0	2445.8961656797155	0.0	0	0.0	3050.7268136975727	1	0	1.0	2.113392089435389
24231.99613031113	3000.0	2818.730683386443	0.0	0	0.0	3050.7268136975727	1	0	1.0	2.113392089435389
26533.56124076922	6000.0	1517.1655729283523	0.0	0	0.0	3050.7268136975727	1	0	1.0	2.113392089435389
29422.1127461972	3000.0	200.0	571.3859324996253	0	0.0	3622.112746197199	1	0	1.0	-2.0553672827479756
30975.952627399754	2000.0	249.72855651303524	603.5684377155917	0	0.0	4225.681183912791	1	0	1.0	-2.6978457204228485
32415.833712817337	2000.0	361.8939439942933	552.0464728988406	0	0.0	2777.7276568116285	1	0	1.0	-7.558612857079483
32999.204717366934	1000.0	778.5229394446952	0.0	0	0.0	2777.7276568116285	1	0	1.0	0.3673716191936697
34452.39603990911	2000.0	325.3316169025187	0.0	0	0.0	2777.7276568116285	1	0	1.0	1.0605187997536156
35106.54004412132	1000.0	706.0225185389693	34.8349058486659	0	0.0	2812.5625626602923	1	0	1.0	0.15314179818058282
36249.7868860038	2000.0	562.7756766564827	0.0	0	0.0	2812.5625626602923	1	0	1.0	1.0552984138325232
38144.49166395919	2000.0	200.0	531.9291012989061	0	0.0	3344.49166395919	1	0	1.0	-1.5238174702655956
38947.528238360486	1000.0	684.2193025575787	287.25587695887293	0	0.0	3631.7475409180624	1	0	1.0	-1.5453225953295124
39756.572855045444	2000.0	875.1746858726171	0.0	0	0.0	3631.7475409180624	1	0	1.0	0.8713598469836707
40406.35788540011	2000.0	1225.389655517946	0.0	0	0.0	3631.7475409180624	1	0	1.0	1.564507027543616
41110.9716841552	2000.0	1520.7758567628664	0.0	0	0.0	3631.7475409180697	1	0	1.0	1.5645070275436137
41718.366685568464	2000.0	1913.3808553496033	0.0	0	0.0	3631.747540918077	1	0	1.0	1.5645070275436115
42378.34874142117	2000.0	2253.3987994968884	0.0	0	0.0	3631.747540918077	1	0	1.0	1.5645070275436115
43464.39202204834	3000.0	2167.35551886971	0.0	0	0.0	3631.7475409180843	1	0	1.0	1.5645070275436095
44065.26580608695	3000.0	2566.481734831097	0.0	0	0.0	3631.747540918077	1	0	1.0	1.9699721356517763
44937.93014196166	3000.0	2693.817398956392	0.0	0	0.0	3631.747540918077	1	0	1.0	1.9699721356517763
45926.95584228762	3000.0	2704.791698630434	0.0	0	0.0	3631.747540918077	1	0	1.0	1.9699721356517763
47904.446181428175	3000.0	1727.3013594898748	0.0	0	0.0	3631.747540918077	1	0	1.0	1.9699721356517763
49705.46076418695	3000.0	926.2867767310993	0.0	0	0.0	3631.7475409180697	1	0	1.0	1.9699721356517785
50801.243232394605	2000.0	830.5043085234528	0.0	0	0.0	3631.7475409180697	1	0	1.0	1.159041919435449
51575.86423245441	2000.0	1055.8833084636476	0.0	0	0.0	3631.7475409180697	1	0	1.0	1.5645070275436137
52235.01905083497	2000.0	1396.728490083091	0.0	0	0.0	3631.7475409180697	1	0	1.0	1.5645070275436137
53154.91746715329	2000.0	1476.8300737647726	0.0	0	0.0	3631.7475409180697	1	0	1.0	1.5645070275436137
54018.99857043674	2000.0	1612.7489704813258	0.0	0	0.0	3631.7475409180697	1	0	1.0	1.5645070275436137
55050.292202484	2000.0	1581.4553384340757	0.0	0	0.0	3631.7475409180697	1	0	1.0	1.5645070275436137
55786.62782749261	2000.0	1845.11971342546	0.0	0	0.0	3631.7475409180697	1	0	1.0	1.5645070275436137
56585.49797890024	2000.0	2046.2495620178288	0.0	0	0.0	3631.7475409180697	1	0	1.0	1.5645070275436137
57747.46141785299	2000.0	1884.2861230650744	0.0	0	0.0	3631.7475409180697	1	0	1.0	1.5645070275436137
58782.4679246685	2000.0	1849.2796162495742	0.0	0	0.0	3631.7475409180697	1	0	1.0	1.5645070275436137
60002.65181256501	2000.0	1629.0957283530606	0.0	0	0.0	3631.7475409180697	1	0	1.0	1.5645070275436137
61225.97533033571	2000.0	1405.7722105823607	0.0	0	0.0	3631.7475409180697	1	0	1.0	1.5645070275436137
62355.89183602836	2000.0	1275.8557048897078	0.0	0	0.0	3631.747540918077	1	0	1.0	1.5645070275436115
63341.84380010001	2000.0	1289.9037408180632	0.0	0	0.0	3631.747540918077	1	0	1.0	1.5645070275436115
64253.79547601988	2000.0	1377.9520648981909	0.0	0	0.0	3631.747540918077	1	0	1.0	1.5645070275436115
64983.280789463555	2000.0	1648.4667514545185	0.0	0	0.0	3631.7475409180843	1	0	1.0	1.564507027543609
65998.88765176645	2000.0	1632.8598891516283	0.0	0	0.0	3631.7475409180843	1	0	1.0	1.5645070275436082
66873.18228696338	2000.0	1758.5652539546863	0.0	0	0.0	3631.7475409180697	1	0	1.0	1.5645070275436121
68068.73461327638	2000.0	1563.0129276416833	0.0	0	0.0	3631.7475409180624	1	0	1.0	1.5645070275436161
68891.74528834767	2000.0	1740.002252570405	0.0	0	0.0	3631.7475409180697	1	0	1.0	1.5645070275436146
69821.7983293764	2000.0	1809.949211541677	0.0	0	0.0	3631.747540918077	1	0	1.0	1.5645070275436115
70870.35736998827	2000.0	1761.3901709298111	0.0	0	0.0	3631.747540918077	1	0	1.0	1.5645070275436115
72021.40400938652	2000.0	1610.3435315315617	0.0	0	0.0	3631.747540918077	1	0	1.0	1.5645070275436115
73173.86196793335	2000.0	1457.8855729847305	0.0	0	0.0	3631.747540918077	1	0	1.0	1.5645070275436115
74318.63875813363	2000.0	1313.1087827844478	0.0	0	0.0	3631.7475409180915	1	0	1.0	1.5645070275436068
75427.37795928985	2000.0	1204.3695816282172	0.0	0	0.0	3631.7475409180915	1	0	1.0	1.5645070275436068
76523.5840112579	2000.0	1108.1635296601467	0.0	0	0.0	3631.7475409180915	1	0	1.0	1.5645070275436068
77326.70808427891	2000.0	1305.0394566391142	0.0	0	0.0	3631.7475409180915	1	0	1.0	1.5645070275436068
78035.81945253907	2000.0	1595.9280883789777	0.0	0	0.0	3631.7475409180915	1	0	1.0	1.5645070275436068
79268.48498629799	2000.0	1363.262554620056	0.0	0	0.0	3631.7475409180915	1	0	1.0	1.5645070275436068
80012.75788519147	2000.0	1618.9896557265827	0.0	0	0.0	3631.7475409180915	1	0	1.0	1.5645070275436068
81069.34692183732	2000.0	1562.4006190807345	0.0	0	0.0	3631.7475409180915	1	0	1.0	1.5645070275436068
81832.40980489479	2000.0	1799.3377360232823	0.0	0	0.0	3631.7475409180915	1	0	1.0	1.5645070275436068
82554.50966142683	2000.0	2077.2378794912306	0.0	0	0.0	3631.747540918077	1	0	1.0	1.5645070275436115
83295.60754977906	2000.0	2336.1399911389976	0.0	0	0.0	3631.747540918077	1	0	1.0	1.5645070275436115
84253.32657181211	2000.0	2378.4209691059546	0.0	0	0.0	3631.747540918077	1	0	1.0	1.5645070275436115
84992.71284449616	2000.0	2639.034696421914	0.0	0	0.0	3631.7475409180915	1	0	1.0	1.5645070275436068
85694.56218659793	2000.0	2937.185354320135	0.0	0	0.0	3631.7475409180915	1	0	1.0	1.5645070275436068
86922.33585019274	2000.0	2709.411690725329	0.0	0	0.0	3631.7475409180915	1	0	1.0	1.5645070275436068
88136.1470613329	2000.0	2495.600479585173	0.0	0	0.0	3631.7475409180915	1	0	1.0	1.5645070275436068
89178.28136007085	2000.0	2453.4661808472433	0.0	0	0.0	3631.7475409180915	1	0	1.0	1.5645070275436068
89889.79281557926	2000.0	2741.95472533882	0.0	0	0.0	3631.7475409180915	1	0	1.0	1.5645070275436068
91110.18525412578	2000.0	2521.562286792308	0.0	0	0.0	3631.7475409180915	1	0	1.0	1.5645070275436068
92061.6784918632	2000.0	2570.0690490549014	0.0	0	0.0	3631.7475409180915	1	0	1.0	1.5645070275436068
93205.82300562102	2000.0	2425.9245352971034	0.0	0	0.0	3631.7475409180915	1	0	1.0	1.5645070275436068
93887.30786099673	2000.0	2744.439679921381	0.0	0	0.0	3631.7475409180915	1	0	1.0	1.5645070275436068
94927.381594493	2000.0	2704.3659464251173	0.0	0	0.0	3631.7475409180915	1	0	1.0	1.5645070275436068
95632.0480132673	2000.0	2999.699527650818	0.0	0	0.0	3631.7475409180915	1	0	1.0	1.5645070275436068
96660.6366006518	3000.0	2971.1109402663214	0.0	0	0.0	3631.747540918106	1	0	1.0	1.5645070275436026
98262.97790643502	3000.0	2368.769634483103	0.0	0	0.0	3631.747540918106	1	0	1.0	1.9699721356517672
99607.9280241048	3000.0	2023.8195168133159	0.0	0	0.0	3631.747540918106	1	0	1.0	1.9699721356517672
100547.73105208046	3000.0	2084.016488837651	0.0	0	0.0	3631.747540918106	1	0	1.0	1.9699721356517672
101655.92001374274	3000.0	1975.827527175378	0.0	0	0.0	3631.747540918106	1	0	1.0	1.9699721356517672
102773.52518999467	2000.0	1858.2223509234573	0.0	0	0.0	3631.7475409181206	1	0	1.0	1.1590419194354333
103540.6065092571	2000.0	2091.1410316610227	0.0	0	0.0	3631.7475409181206	1	0	1.0	1.564507027543598
104447.54642260223	2000.0	2184.2011183158957	0.0	0	0.0	3631.7475409181206	1	0	1.0	1.564507027543598
105408.40633427392	2000.0	2223.341206644199	0.0	0	0.0	3631.7475409181206	1	0	1.0	1.564507027543598
106030.69603618898	2000.0	2601.0515047291565	0.0	0	0.0	3631.7475409181206	1	0	1.0	1.564507027543598
107064.66003874011	2000.0	2567.0875021780275	0.0	0	0.0	3631.747540918106	1	0	1.0	1.5645070275436024
108016.3167975971	2000.0	2615.4307433210433	0.0	0	0.0	3631.747540918106	1	0	1.0	1.5645070275436024
108936.68744086317	2000.0	2695.060100054964	0.0	0	0.0	3631.747540918106	1	0	1.0	1.5645070275436024
110262.91377661435	3000.0	2368.8337643037785	0.0	0	0.0	3631.747540918106	1	0	1.0	1.5645070275436026
111411.27391890888	2000.0	2220.473622009259	0.0	0	0.0	3631.7475409181206	1	0	1.0	1.1590419194354333
112160.59492088278	2000.0	2471.1526200353655	0.0	0	0.0	3631.747540918106	1	0	1.0	1.5645070275436024
113291.60737022442	3000.0	2340.140170693712	0.0	0	0.0	3631.747540918106	1	0	1.0	1.5645070275436026
114329.32447630176	2000.0	2302.4230646163664	0.0	0	0.0	3631.747540918106	1	0	1.0	1.1590419194354378
115185.6277435146	2000.0	2446.1197974035313	0.0	0	0.0	3631.747540918106	1	0	1.0	1.5645070275436024
116058.89191673795	2000.0	2572.855624180178	0.0	0	0.0	3631.747540918106	1	0	1.0	1.5645070275436024
117244.39358221152	2000.0	2387.3539587066102	0.0	0	0.0	3631.747540918106	1	0	1.0	1.5645070275436024
118411.04674147171	2000.0	2220.7007994464075	0.0	0	0.0	3631.747540918106	1	0	1.0	1.5645070275436024
119108.75401979324	2000.0	2522.9935211248703	0.0	0	0.0	3631.747540918106	1	0	1.0	1.5645070275436024
120074.94110739887	2000.0	2556.806433519247	0.0	0	0.0	3631.7475409181206	1	0	1.0	1.564507027543598
121215.88715682318	2000.0	2415.86038409493	0.0	0	0.0	3631.7475409181206	1	0	1.0	1.564507027543598
122413.98441570796	2000.0	2217.763125210146	0.0	0	0.0	3631.747540918135	1	0	1.0	1.5645070275435933
123476.00494424402	2000.0	2155.742596674084	0.0	0	0.0	3631.747540918135	1	0	1.0	1.5645070275435933
124425.19187740803	2000.0	2206.555663510082	0.0	0	0.0	3631.747540918135	1	0	1.0	1.5645070275435933
125665.38282801	2000.0	1966.3647129081148	0.0	0	0.0	3631.747540918135	1	0	1.0	1.5645070275435933
126575.04947596557	2000.0	2056.6980649525467	0.0	0	0.0	3631.747540918135	1	0	1.0	1.5645070275435933
127501.16133482693	2000.0	2130.5862060911813	0.0	0	0.0	3631.747540918135	1	0	1.0	1.5645070275435933
128318.15070924438	2000.0	2313.596831673729	0.0	0	0.0	3631.747540918135	1	0	1.0	1.5645070275435933
129309.97263300973	2000.0	2321.7749079083605	0.0	0	0.0	3631.747540918135	1	0	1.0	1.5645070275435933
129969.4308650593	2000.0	2662.3166758588127	0.0	0	0.0	3631.747540918135	1	0	1.0	1.5645070275435933
130606.08176030987	2000.0	3025.665780608255	0.0	0	0.0	3631.7475409181498	1	0	1.0	1.5645070275435888
131550.19658149697	3000.0	3081.550959421133	0.0	0	0.0	3631.747540918135	1	0	1.0	1.5645070275435917
132448.98957683268	3000.0	3182.7579640854087	0.0	0	0.0	3631.747540918135	1	0	1.0	1.9699721356517599
133335.50991701442	3000.0	3296.237623903654	0.0	0	0.0	3631.7475409181206	1	0	1.0	1.9699721356517634
134200.0	3000.0	3431.747540918077	0.0	0	82.59298666173709	3631.747540918135	1	0	1.0	1.9699721356517608
135288.52376546824	3000.0	3343.223775449812	0.0	0	0.0	3631.7475409181206	1	0	1.0	1.9699721356517625
136305.65648733193	3000.0	3326.0910535860967	0.0	0	0.0	3631.7475409180915	1	0	1.0	1.9699721356517719
137200.0	3000.0	3431.747540918042	0.0	0	138.26028103547287	3631.7475409180915	1	0	1.0	1.9699721356517719
138239.87055282062	3000.0	3391.87698809738	0.0	0	0.0	3631.7475409180915	1	0	1.0	1.9699721356517719
139200.0	3000.0	3431.747540917985	0.0	0	143.41282752496772	3631.7475409180915	1	0	1.0	1.9699721356517719
140200.0	3000.0	3431.7475409180047	0.0	0	77.84229974244954	3631.7475409181206	1	0	1.0	1.9699721356517625
141200.0	3000.0	3431.747540917985	0.0	0	248.67066987598082	3631.7475409181206	1	0	1.0	1.9699721356517625
142200.0	3000.0	3431.7475409179715	0.0	0	204.4030399977637	3631.7475409181498	1	0	1.0	1.9699721356517537
143200.0	3000.0	3431.7475409179788	0.0	0	245.31746816370287	3631.7475409181498	1	0	1.0	1.9699721356517537
144200.0	3000.0	3431.7475409179942	0.0	0	178.58650262403535	3631.7475409181498	1	0	1.0	1.9699721356517537
145415.66141949053	3000.0	3216.0861214274782	0.0	0	0.0	3631.7475409181498	1	0	1.0	1.9699721356517537
146455.43545622335	3000.0	3176.312084694675	0.0	0	0.0	3631.7475409181498	1	0	1.0	1.9699721356517537
147581.20178922734	3000.0	3050.545751690679	0.0	0	0.0	3631.7475409181498	1	0	1.0	1.9699721356517537
148585.64587617622	3000.0	3046.101664741807	0.0	0	0.0	3631.7475409181498	1	0	1.0	1.9699721356517537
149612.50322750717	3000.0	3019.2443134108817	0.0	0	0.0	3631.7475409181498	1	0	1.0	1.9699721356517537
150471.8504850267	3000.0	3159.897055891399	0.0	0	0.0	3631.7475409181498	1	0	1.0	1.9699721356517537
151561.8649949633	3000.0	3069.882545954765	0.0	0	0.0	3631.7475409181498	1	0	1.0	1.9699721356517537
152539.99910288426	3000.0	3091.748438033786	0.0	0	0.0	3631.7475409181498	1	0	1.0	1.9699721356517537
153958.92406245566	3000.0	2672.8234784623983	0.0	0	0.0	3631.7475409181498	1	0	1.0	1.9699721356517537
154964.06947576252	3000.0	2667.67806515552	0.0	0	0.0	3631.7475409181498	1	0	1.0	1.9699721356517537
157406.04523076062	3000.0	1225.7023101574168	0.0	0	0.0	3631.747540918179	1	0	1.0	1.9699721356517443
159033.77015108554	2000.0	597.9773898324817	0.0	0	0.0	3631.747540918179	1	0	1.0	1.1590419194354151
160780.13776375083	2000.0	200.0	348.39022283280474	0	0.0	3980.1377637508267	1	0	1.0	-0.6356807912489774
161718.8105573997	1000.0	506.06984970330853	244.74264335216165	0	0.0	4224.880407102988	1	0	1.0	-1.527366992691681
162296.72688211588	1000.0	928.1535249871202	0.0	0	0.0	4224.880407102959	1	0	1.0	0.6342360479812483
163148.1797078034	2000.0	1076.7006992995846	0.0	0	0.0	4224.880407102959	1	0	1.0	0.6342360479812483
164166.86143495352	2000.0	1058.0189721494573	0.0	0	0.0	4224.88040710293	1	0	1.0	1.327383228541208
164684.5526378558	2000.0	1540.3277692471843	0.0	0	0.0	4224.880407102959	1	0	1.0	1.327383228541205
165258.2079675159	2000.0	1966.6724395871229	0.0	0	0.0	4224.880407102988	1	0	1.0	1.3273832285411789
166200.44249707123	3000.0	2024.43791003178	0.0	0	0.0	4224.880407102988	1	0	1.0	1.327383228541179
166898.72766699907	3000.0	2326.1527401039534	0.0	0	0.0	4224.880407102988	1	0	1.0	1.7328483366493437
168228.5122840808	3000.0	1996.3681230222353	0.0	0	0.0	4224.880407102988	1	0	1.0	1.7328483366493437
169711.0525969522	3000.0	1513.8278101508167	0.0	0	0.0	4224.880407103017	1	0	1.0	1.7328483366493408
170489.3515361959	3000.0	1735.5288709071365	0.0	0	0.0	4224.880407103017	1	0	1.0	1.7328483366493297
171247.3319600415	3000.0	1977.5484470614986	0.0	0	0.0	4224.880407103017	1	0	1.0	1.7328483366493297
172129.36586550862	3000.0	2095.5145415943593	0.0	0	0.0	4224.880407103017	1	0	1.0	1.7328483366493297
172873.61667764655	3000.0	2351.263729456424	0.0	0	0.0	4224.880407103017	1	0	1.0	1.7328483366493297
173489.02068048887	3000.0	2735.8597266140964	0.0	0	0.0	4224.880407103017	1	0	1.0	1.7328483366493297
174957.7969808939	3000.0	2267.0834262090784	0.0	0	0.0	4224.880407103046	1	0	1.0	1.7328483366493268
176742.976148589	3000.0	1481.9042585140078	0.0	0	0.0	4224.880407103046	1	0	1.0	1.732848336649315
178612.33619541995	2000.0	612.544211683088	0.0	0	0.0	4224.880407103046	1	0	1.0	0.9219181204329856
180588.65482917396	2000.0	200.0	563.7744220709416	0	0.0	4788.65482917396	1	0	1.0	-2.346681783629828
180778.91677123914	300.0	1009.7380579348284	0.0	0	0.0	2788.65482917396	1	0	1.0	-8.042193528307807
181274.8448453449	1000.0	1513.8099838290568	0.0	0	0.0	2788.65482917396	1	0	1.0	-0.14507354342192536
182517.34447519272	2000.0	1271.3103539812237	0.0	0	0.0	2788.65482917396	1	0	1.0	1.0588992609040107
184128.79613846526	2000.0	659.8586907086474	0.0	0	0.0	2788.654829173931	1	0	1.0	1.7520464414639585
185231.7571210893	2000.0	556.8977080846214	0.0	0	0.0	2788.654829173931	1	0	1.0	1.7520464414639603
187324.77179847934	2000.0	200.0	736.1169693054169	0	0.0	3524.7717984793417	1	0	1.0	-2.7706169586613907
188131.47769277374	1000.0	643.4314158618045	250.13731015616497	0	0.0	3774.909108635504	1	0	1.0	-1.370187094243386
189035.7269602871	2000.0	739.1821483484584	0.0	0	0.0	3774.9091086354456	1	0	1.0	0.8237839472535667
189573.93490523868	2000.0	1200.9742033969019	0.0	0	0.0	3774.9091086354747	1	0	1.0	1.5169311278135036
190264.06835363928	2000.0	1510.840754996301	0.0	0	0.0	3774.9091086354747	1	0	1.0	1.5169311278135036
191033.59274747112	2000.0	1741.31636116448	0.0	0	0.0	3774.909108635533	1	0	1.0	1.5169311278134854
191755.37519493984	2000.0	2019.533913695768	0.0	0	0.0	3774.909108635562	1	0	1.0	1.5169311278134792
192612.60794671407	3000.0	2162.301161921553	0.0	0	0.0	3774.909108635562	1	0	1.0	1.5169311278134732
193169.55197894704	3000.0	2605.3571296885943	0.0	0	0.0	3774.909108635562	1	0	1.0	1.9223962359216378
194041.15882148183	3000.0	2733.750287153786	0.0	0	0.0	3774.909108635533	1	0	1.0	1.922396235921644
195772.54773445142	3000.0	2002.361374184212	0.0	0	0.0	3774.909108635533	1	0	1.0	1.922396235921648
197303.09964450466	3000.0	1471.8094641309863	0.0	0	0.0	3774.909108635562	1	0	1.0	1.9223962359216396
198222.63955779566	2000.0	1552.269550839987	0.0	0	0.0	3774.909108635591	1	0	1.0	1.1114660197052983
199173.85933564135	2000.0	1601.0497729942854	0.0	0	0.0	3774.909108635562	1	0	1.0	1.5169311278134732
200130.09142619223	2000.0	1644.8176824434013	0.0	0	0.0	3774.909108635562	1	0	1.0	1.5169311278134732
201124.7451402941	2000.0	1650.1639683415333	0.0	0	0.0	3774.909108635591	1	0	1.0	1.516931127813463
201892.3888396521	2000.0	1882.5202689835326	0.0	0	0.0	3774.909108635533	1	0	1.0	1.5169311278134792
202972.75545399953	2000.0	1802.1536546360742	0.0	0	0.0	3774.909108635533	1	0	1.0	1.5169311278134832
204068.33001010498	2000.0	1706.579098530639	0.0	0	0.0	3774.909108635533	1	0	1.0	1.5169311278134832
205012.74811604753	2000.0	1762.160992588104	0.0	0	0.0	3774.909108635533	1	0	1.0	1.5169311278134874
205735.2223836698	2000.0	2039.6867249658585	0.0	0	0.0	3774.909108635562	1	0	1.0	1.5169311278134812
206857.83533828365	2000.0	1917.0737703520062	0.0	0	0.0	3774.909108635562	1	0	1.0	1.5169311278134732
208080.67315625105	2000.0	1694.2359523845962	0.0	0	0.0	3774.909108635562	1	0	1.0	1.5169311278134772
208889.92492838725	2000.0	1884.9841802484286	0.0	0	0.0	3774.909108635562	1	0	1.0	1.5169311278134732
209870.41052175857	2000.0	1904.4985868771073	0.0	0	0.0	3774.909108635562	1	0	1.0	1.516931127813467
210757.92109131295	2000.0	2016.9880173227184	0.0	0	0.0	3774.909108635562	1	0	1.0	1.5169311278134732
211912.57447437913	2000.0	1862.334634256546	0.0	0	0.0	3774.90910863562	1	0	1.0	1.5169311278134587
212608.1739823539	2000.0	2166.7351262817565	0.0	0	0.0	3774.90910863562	1	0	1.0	1.5169311278134525
213692.458879866	2000.0	2082.450228769655	0.0	0	0.0	3774.909108635591	1	0	1.0	1.516931127813463
214469.46987524114	2000.0	2305.4392333945493	0.0	0	0.0	3774.909108635591	1	0	1.0	1.516931127813463
215629.53430221736	2000.0	2145.3748064183374	0.0	0	0.0	3774.90910863562	1	0	1.0	1.5169311278134525
216744.88231340516	2000.0	2030.026795230532	0.0	0	0.0	3774.909108635591	1	0	1.0	1.516931127813463
217803.33318151266	2000.0	1971.575927123033	0.0	0	0.0	3774.909108635562	1	0	1.0	1.516931127813467
218647.5543470956	2000.0	2127.3547615400694	0.0	0	0.0	3774.909108635533	1	0	1.0	1.5169311278134832
219719.7682184732	2000.0	2055.1408901624554	0.0	0	0.0	3774.909108635533	1	0	1.0	1.5169311278134752
220458.00373357636	2000.0	2316.905375059277	0.0	0	0.0	3774.909108635533	1	0	1.0	1.5169311278134832
221626.1678199341	2000.0	2148.7412887015093	0.0	0	0.0	3774.909108635533	1	0	1.0	1.5169311278134832
222700.6889661162	2000.0	2074.2201425194226	0.0	0	0.0	3774.909108635533	1	0	1.0	1.5169311278134832
223632.3130966989	2000.0	2142.596011936727	0.0	0	0.0	3774.909108635533	1	0	1.0	1.5169311278134832
224815.44878087498	2000.0	1959.4603277606368	0.0	0	0.0	3774.909108635562	1	0	1.0	1.5169311278134812
225835.59627165916	2000.0	1939.3128369764156	0.0	0	0.0	3774.909108635562	1	0	1.0	1.5169311278134732
226521.14500533527	2000.0	2253.76410330027	0.0	0	0.0	3774.909108635562	1	0	1.0	1.5169311278134732
227288.60798081473	2000.0	2486.301127820866	0.0	0	0.0	3774.909108635591	1	0	1.0	1.516931127813463
228575.01827260005	2000.0	2199.8908360355454	0.0	0	0.0	3774.909108635562	1	0	1.0	1.5169311278134732
229508.89646214072	2000.0	2266.0126464948794	0.0	0	0.0	3774.909108635562	1	0	1.0	1.5169311278134732
230291.3164530032	2000.0	2483.592655632415	0.0	0	0.0	3774.909108635562	1	0	1.0	1.5169311278134732
231256.44509223002	2000.0	2518.4640164056163	0.0	0	0.0	3774.909108635562	1	0	1.0	1.5169311278134732
232208.08426474512	2000.0	2566.8248438904834	0.0	0	0.0	3774.909108635562	1	0	1.0	1.5169311278134732
233189.65112224498	2000.0	2585.257986390623	0.0	0	0.0	3774.909108635533	1	0	1.0	1.5169311278134832
234198.93554416875	2000.0	2575.9735644668817	0.0	0	0.0	3774.909108635504	1	0	1.0	1.5169311278134914
235229.85987718706	2000.0	2545.049231448568	0.0	0	0.0	3774.909108635533	1	0	1.0	1.5169311278134832
236198.53659912146	2000.0	2576.3725095141817	0.0	0	0.0	3774.909108635533	1	0	1.0	1.5169311278134832
237065.17102667238	2000.0	2709.7380819632676	0.0	0	0.0	3774.909108635562	1	0	1.0	1.5169311278134752
238259.90828751453	2000.0	2515.000821121109	0.0	0	0.0	3774.909108635533	1	0	1.0	1.5169311278134832
239342.79076509576	2000.0	2432.118343539862	0.0	0	0.0	3774.909108635562	1	0	1.0	1.5169311278134732
240085.3986800494	2000.0	2689.510428586223	0.0	0	0.0	3774.909108635533	1	0	1.0	1.5169311278134832
241172.55983073259	2000.0	2602.34927790301	0.0	0	0.0	3774.909108635533	1	0	1.0	1.5169311278134832
241994.3054253352	2000.0	2780.6036833004123	0.0	0	0.0	3774.909108635591	1	0	1.0	1.5169311278134647
242868.11104747586	2000.0	2906.7980611597463	0.0	0	0.0	3774.909108635591	1	0	1.0	1.516931127813463
244211.3213686571	3000.0	2563.587739978484	0.0	0	0.0	3774.909108635591	1	0	1.0	1.516931127813463
245280.29599427502	3000.0	2494.613114360614	0.0	0	0.0	3774.90910863562	1	0	1.0	1.9223962359216173
246334.26654215244	3000.0	2440.6425664832077	0.0	0	0.0	3774.90910863562	1	0	1.0	1.9223962359216173
247422.73930233778	3000.0	2352.169806297833	0.0	0	0.0	3774.90910863562	1	0	1.0	1.9223962359216173
248482.0776751357	3000.0	2292.831433499907	0.0	0	0.0	3774.909108635591	1	0	1.0	1.9223962359216276
249509.40723942837	3000.0	2265.5018692072103	0.0	0	0.0	3774.909108635562	1	0	1.0	1.9223962359216378
251084.5871704115	3000.0	1690.3219382240673	0.0	0	0.0	3774.909108635562	1	0	1.0	1.9223962359216378
252054.8284055998	2000.0	1720.0807030357605	0.0	0	0.0	3774.909108635533	1	0	1.0	1.1114660197053186
252746.56101456523	2000.0	2028.3480940703378	0.0	0	0.0	3774.909108635562	1	0	1.0	1.5169311278134732
253425.0865421838	2000.0	2349.822566451763	0.0	0	0.0	3774.909108635562	1	0	1.0	1.5169311278134732
254490.174302829	2000.0	2284.7348058065795	0.0	0	0.0	3774.909108635562	1	0	1.0	1.5169311278134732
255364.42688675315	2000.0	2410.482221882442	0.0	0	0.0	3774.909108635562	1	0	1.0	1.5169311278134732
256031.29885314894	2000.0	2743.6102554866475	0.0	0	0.0	3774.909108635562	1	0	1.0	1.5169311278134732
256943.27677471662	2000.0	2831.632333918944	0.0	0	0.0	3774.909108635533	1	0	1.0	1.5169311278134792
257695.28362196335	2000.0	3079.6254866722356	0.0	0	0.0	3774.909108635533	1	0	1.0	1.5169311278134832
258680.1237480777	3000.0	3094.7853605579085	0.0	0	0.0	3774.909108635533	1	0	1.0	1.5169311278134834
260104.56423324643	3000.0	2670.3448753891566	0.0	0	0.0	3774.909108635504	1	0	1.0	1.9223962359216542
261615.84094803015	3000.0	2159.068160605446	0.0	0	0.0	3774.909108635533	1	0	1.0	1.922396235921648
262807.5766190022	3000.0	1967.3324896333602	0.0	0	0.0	3774.909108635504	1	0	1.0	1.9223962359216684
263473.1937680641	2000.0	2301.715340571494	0.0	0	0.0	3774.909108635504	1	0	1.0	1.1114660197053206
264320.53266630805	2000.0	2454.376442327492	0.0	0	0.0	3774.9091086354456	1	0	1.0	1.5169311278135038
265064.67012559576	2000.0	2710.23898303976	0.0	0	0.0	3774.9091086353874	1	0	1.0	1.5169311278135242
265735.714354341	2000.0	3039.194754294596	0.0	0	0.0	3774.9091086354165	1	0	1.0	1.5169311278135285
266448.92680916184	2000.0	3325.982299473812	0.0	0	0.0	3774.9091086354456	1	0	1.0	1.516931127813514
267209.523436976	2000.0	3565.385671659619	0.0	0	0.0	3774.9091086353874	1	0	1.0	1.5169311278135345
268720.67570724996	3000.0	3054.233401385654	0.0	0	0.0	3774.9091086354456	1	0	1.0	1.5169311278135305
270474.8446776342	3000.0	2300.064431001409	0.0	0	0.0	3774.9091086354456	1	0	1.0	1.9223962359216744
271574.4575780189	2000.0	2200.4515306166486	0.0	0	0.0	3774.9091086353874	1	0	1.0	1.1114660197053698
272639.20610639785	2000.0	2135.703002237643	0.0	0	0.0	3774.909108635329	1	0	1.0	1.5169311278135549
273780.7677213775	2000.0	1994.1413872579299	0.0	0	0.0	3774.909108635271	1	0	1.0	1.5169311278135755
274658.7833223548	2000.0	2116.125786280663	0.0	0	0.0	3774.909108635271	1	0	1.0	1.5169311278135755
275561.5738924654	2000.0	2213.3352161700577	0.0	0	0.0	3774.909108635271	1	0	1.0	1.5169311278135755
276573.449679184	2000.0	2201.4594294515064	0.0	0	0.0	3774.909108635271	1	0	1.0	1.5169311278135755
277405.6969406655	2000.0	2369.2121679699844	0.0	0	0.0	3774.909108635329	1	0	1.0	1.5169311278135549
278078.5765946902	2000.0	2696.33251394532	0.0	0	0.0	3774.909108635329	1	0	1.0	1.5169311278135549
278999.86706296983	2000.0	2775.042045665696	0.0	0	0.0	3774.909108635329	1	0	1.0	1.5169311278135549
280326.429633249	3000.0	2448.4794753865913	0.0	0	0.0	3774.909108635271	1	0	1.0	1.5169311278135758
281600.3942832182	3000.0	2174.5148254174173	0.0	0	0.0	3774.909108635271	1	0	1.0	1.9223962359217404
282291.6205149423	3000.0	2483.2885936932944	0.0	0	0.0	3774.909108635271	1	0	1.0	1.9223962359217404
283304.6755389487	3000.0	2470.233569686885	0.0	0	0.0	3774.909108635271	1	0	1.0	1.9223962359217404
284603.24153808935	3000.0	2171.6675705462294	0.0	0	0.0	3774.909108635271	1	0	1.0	1.9223962359217404
285295.9312220698	3000.0	2478.9778865657477	0.0	0	0.0	3774.909108635271	1	0	1.0	1.9223962359217404
286262.29162285273	3000.0	2512.6174857827996	0.0	0	0.0	3774.909108635271	1	0	1.0	1.9223962359217404
287138.85002479533	3000.0	2636.0590838401617	0.0	0	0.0	3774.909108635271	1	0	1.0	1.9223962359217404
288246.8758585929	3000.0	2528.033250042594	0.0	0	0.0	3774.909108635329	1	0	1.0	1.9223962359217197
288977.2981062377	3000.0	2797.6110023978445	0.0	0	0.0	3774.909108635329	1	0	1.0	1.9223962359217197
290073.2108926442	3000.0	2701.6982159914473	0.0	0	0.0	3774.909108635329	1	0	1.0	1.9223962359217197
291166.84910716116	3000.0	2608.0600014745014	0.0	0	0.0	3774.909108635329	1	0	1.0	1.9223962359217197
291850.3509656838	3000.0	2924.5581429519157	0.0	0	0.0	3774.909108635329	1	0	1.0	1.9223962359217197
292808.7562574163	3000.0	2966.152851219511	0.0	0	0.0	3774.909108635329	1	0	1.0	1.9223962359217197
293680.99415024923	3000.0	3093.9149583865164	0.0	0	0.0	3774.909108635271	1	0	1.0	1.9223962359217404
294663.61312599434	3000.0	3111.2959826414517	0.0	0	0.0	3774.909108635271	1	0	1.0	1.9223962359217404
295530.26307988696	3000.0	3244.646028748847	0.0	0	0.0	3774.909108635271	1	0	1.0	1.9223962359217404
296473.41551705793	3000.0	3301.4935915778738	0.0	0	0.0	3774.909108635271	1	0	1.0	1.9223962359217404
297506.0539261807	3000.0	3268.855182455137	0.0	0	0.0	3774.909108635271	1	0	1.0	1.9223962359217404
298461.0904111896	3000.0	3313.8186974462856	0.0	0	0.0	3774.909108635329	1	0	1.0	1.9223962359217197
299282.6877349124	3000.0	3492.2213737234874	0.0	0	0.0	3774.909108635329	1	0	1.0	1.9223962359217197
300200.0	3000.0	3574.9091086358917	0.0	0	202.5034749719198	3774.909108635329	1	0	1.0	1.9223962359217197
301514.18762423476	3000.0	3260.721484401178	0.0	0	0.0	3774.909108635329	1	0	1.0	1.9223962359217197
302896.5613071444	3000.0	2878.3478014914726	0.0	0	0.0	3774.9091086352128	1	0	1.0	1.9223962359217484
304392.44081561145	3000.0	2382.4682930244226	0.0	0	0.0	3774.9091086352128	1	0	1.0	1.9223962359217606
305969.43368996185	3000.0	1805.4754186740079	0.0	0	0.0	3774.9091086352128	1	0	1.0	1.9223962359217606
2.5031063829787237	2.5751063829787233	3.0191063829787232	2.2631063829787235	1.2671063829787235	1.0391063829787235	1.2911063829787235	1.3031063829787235	1.4111063829787236	0.9791063829787234	1.6511063829787234	2.371106382978723	3.1031063829787238	3.9191063829787236	4.651106382978723	3.0431063829787233	1.9631063829787234	2.5391063829787233	3.367106382978723	4.135106382978723	4.711106382978723	4.795106382978723	2.419106382978723	1.3991063829787236	1.3511063829787235	1.1471063829787236	1.0511063829787235	1.1471063829787236	1.3031063829787235	1.8311063829787233	2.155106382978724	1.3151063829787235	1.8191063829787233	2.1191063829787233	0.7991063829787235	1.3151063829787235	1.9871063829787234	2.7671063829787235	3.415106382978723	3.1871063829787234	3.5711063829787233	4.123106382978723	2.8151063829787235	1.8911063829787234	1.4951063829787232	1.8311063829787233	2.16753488372093	2.30153488372093	2.40953488372093	2.51153488372093	2.45953488372093	2.02153488372093	2.16953488372093	2.12753488372093	1.9695348837209299	1.98153488372093	2.04353488372093	2.14153488372093	2.14353488372093	2.18953488372093	2.3315348837209298	2.39353488372093	2.0575348837209297	2.06353488372093	2.04553488372093	2.09953488372093	2.20553488372093	2.28553488372093	2.21353488372093	2.0815348837209298	2.18753488372093	2.23153488372093	2.23353488372093	2.11953488372093	2.27553488372093	2.26953488372093	2.02353488372093	2.22953488372093	2.16153488372093	2.25353488372093	2.23953488372093	2.3275348837209298	2.17153488372093	2.05953488372093	2.14353488372093	2.19153488372093	2.21153488372093	2.06753488372093	2.11753488372093	2.2310909090909092	2.2750909090909093	2.413090909090909	2.4150909090909094	2.4750909090909095	2.449090909090909	2.5530909090909093	2.6490909090909094	2.5770909090909093	2.635090909090909	2.3910909090909094	2.4710909090909094	2.5890909090909093	2.4590909090909094	2.425090909090909	2.4030909090909094	2.297090909090909	2.445090909090909	2.313090909090909	2.3230909090909093	2.445090909090909	2.531090909090909	2.3390909090909093	2.2310909090909092	2.2950909090909093	2.1810909090909094	2.1410909090909094	2.241090909090909	2.2710909090909093	2.2990909090909093	2.333090909090909	2.4350909090909094	2.4110909090909094	2.1290909090909094	2.1810909090909094	2.2170909090909094	2.3310909090909093	2.4430909090909094	2.5650909090909093	2.703090909090909	3.1370909090909094	3.651090909090909	2.837090909090909	2.8310909090909093	3.467	3.599	3.511	3.205	3.565	3.407	3.5050000000000003	3.629	3.403	3.325	3.4370000000000003	3.555	3.6670000000000003	3.825	3.7150000000000003	3.565	2.155106382978724	2.5031063829787237	2.5751063829787233	3.0191063829787232	2.2631063829787235	1.2671063829787235	1.0391063829787235	1.2911063829787235	1.3031063829787235	1.4111063829787236	0.9791063829787234	1.6511063829787234	2.371106382978723	3.1031063829787238	3.9191063829787236	4.651106382978723	3.0431063829787233	1.9631063829787234	2.5391063829787233	3.367106382978723	4.135106382978723	4.711106382978723	4.795106382978723	2.419106382978723	1.3991063829787236	1.3511063829787235	1.1471063829787236	1.0511063829787235	1.1471063829787236	1.3031063829787235	1.8311063829787233	2.155106382978724	1.3151063829787235	1.8191063829787233	2.1191063829787233	0.7991063829787235	1.3151063829787235	1.9871063829787234	2.7671063829787235	3.415106382978723	3.1871063829787234	3.5711063829787233	4.123106382978723	2.8151063829787235	1.8911063829787234	1.4951063829787232	1.8311063829787233	2.16753488372093	2.30153488372093	2.40953488372093	2.51153488372093	2.45953488372093	2.02153488372093	2.16953488372093	2.12753488372093	1.9695348837209299	1.98153488372093	2.04353488372093	2.14153488372093	2.14353488372093	2.18953488372093	2.3315348837209298	2.39353488372093	2.0575348837209297	2.06353488372093	2.04553488372093	2.09953488372093	2.20553488372093	2.28553488372093	2.21353488372093	2.0815348837209298	2.18753488372093	2.23153488372093	2.23353488372093	2.11953488372093	2.27553488372093	2.26953488372093	2.02353488372093	2.22953488372093	2.16153488372093	2.25353488372093	2.23953488372093	2.3275348837209298	2.17153488372093	2.05953488372093	2.14353488372093	2.19153488372093	2.21153488372093	2.06753488372093	2.11753488372093	2.2310909090909092	2.2750909090909093	2.413090909090909	2.4150909090909094	2.4750909090909095	2.449090909090909	2.5530909090909093	2.6490909090909094	2.5770909090909093	2.635090909090909	2.3910909090909094	2.4710909090909094	2.5890909090909093	2.4590909090909094	2.425090909090909	2.4030909090909094	2.297090909090909	2.445090909090909	2.313090909090909	2.3230909090909093	2.445090909090909	2.531090909090909	2.3390909090909093	2.2310909090909092	2.2950909090909093	2.1810909090909094	2.1410909090909094	2.241090909090909	2.2710909090909093	2.2990909090909093	2.333090909090909	2.4350909090909094	2.4110909090909094	2.1290909090909094	2.1810909090909094	2.2170909090909094	2.3310909090909093	2.4430909090909094	2.5650909090909093	2.703090909090909	3.1370909090909094	3.651090909090909	2.837090909090909	2.8310909090909093	3.467	3.599	3.511	3.205	3.565	3.407	3.5050000000000003	3.629	3.403	3.325	3.4370000000000003	3.555	3.6670000000000003	3.825	3.7150000000000003	3.565	2.155106382978724	2.5031063829787237	2.5751063829787233	3.0191063829787232	2.2631063829787235	1.2671063829787235	1.0391063829787235	1.2911063829787235	1.3031063829787235
1.0	2.0	3.0	4.0	5.0	6.0	7.0	8.0	9.0	10.0	11.0	12.0	13.0	14.0	15.0	16.0	17.0	18.0	19.0	20.0	21.0	22.0	23.0	24.0	25.0	26.0	27.0	28.0	29.0	30.0	31.0	32.0	33.0	34.0	35.0	36.0	37.0	38.0	39.0	40.0	41.0	42.0	43.0	44.0	45.0	46.0	47.0	48.0	49.0	50.0	51.0	52.0	53.0	54.0	55.0	56.0	57.0	58.0	59.0	60.0	61.0	62.0	63.0	64.0	65.0	66.0	67.0	68.0	69.0	70.0	71.0	72.0	73.0	74.0	75.0	76.0	77.0	78.0	79.0	80.0	81.0	82.0	83.0	84.0	85.0	86.0	87.0	88.0	89.0	90.0	91.0	92.0	93.0	94.0	95.0	96.0	97.0	98.0	99.0	100.0	101.0	102.0	103.0	104.0	105.0	106.0	107.0	108.0	109.0	110.0	111.0	112.0	113.0	114.0	115.0	116.0	117.0	118.0	119.0	120.0	121.0	122.0	123.0	124.0	125.0	126.0	127.0	128.0	129.0	130.0	131.0	132.0	133.0	134.0	135.0	136.0	137.0	138.0	139.0	140.0	141.0	142.0	143.0	144.0	145.0	146.0	147.0	148.0	149.0	149.0	150.0	151.0	152.0	153.0	154.0	155.0	156.0	157.0	158.0	159.0	160.0	161.0	162.0	163.0	164.0	165.0	166.0	167.0	168.0	169.0	170.0	171.0	172.0	173.0	174.0	175.0	176.0	177.0	178.0	179.0	180.0	181.0	182.0	183.0	184.0	185.0	186.0	187.0	188.0	189.0	190.0	191.0	192.0	193.0	194.0	195.0	196.0	197.0	198.0	199.0	200.0	201.0	202.0	203.0	204.0	205.0	206.0	207.0	208.0	209.0	210.0	211.0	212.0	213.0	214.0	215.0	216.0	217.0	218.0	219.0	220.0	221.0	222.0	223.0	224.0	225.0	226.0	227.0	228.0	229.0	230.0	231.0	232.0	233.0	234.0	235.0	236.0	237.0	238.0	239.0	240.0	241.0	242.0	243.0	244.0	245.0	246.0	247.0	248.0	249.0	250.0	251.0	252.0	253.0	254.0	255.0	256.0	257.0	258.0	259.0	260.0	261.0	262.0	263.0	264.0	265.0	266.0	267.0	268.0	269.0	270.0	271.0	272.0	273.0	274.0	275.0	276.0	277.0	278.0	279.0	280.0	281.0	282.0	283.0	284.0	285.0	286.0	287.0	288.0	289.0	290.0	291.0	292.0	293.0	294.0	295.0	296.0	297.0	298.0	298.0	299.0	300.0	301.0	302.0	303.0	304.0	305.0	306.0
2660.864564949323
