2717.30456616572	500.0	2000.0	297.8835185773015	0	0.0	2717.30456616572	1	0	1.0	-1.9123401278322762
3769.6457042891548	2000.0	1947.6588618765654	0.0	0	0.0	2717.3045661657197	1	0	1.0	0.3760375874509157
4791.65876912045	2000.0	1925.6457970452695	0.0	0	0.0	2717.3045661657197	1	0	1.0	1.7623319485708064
5583.467759167045	2000.0	2133.836806998674	0.0	0	0.0	2717.304566165719	1	0	1.0	1.7623319485708067
6667.138252393821	2000.0	2050.1663137718997	0.0	0	0.0	2717.3045661657197	1	0	1.0	1.7623319485708064
7394.501165649924	2000.0	2322.8034005157965	0.0	0	0.0	2717.3045661657197	1	0	1.0	1.7623319485708064
8200.0	2000.0	2517.3045661657197	0.0	0	164.17442582600324	2717.3045661657197	1	0	1.0	1.7623319485708064
9414.384938343806	3000.0	2302.9196278219106	0.0	0	0.0	2717.304566165717	1	0	1.0	1.7623319485708069
10318.1282430836	2000.0	2399.176323082118	0.0	0	0.0	2717.304566165718	1	0	1.0	1.356866840462642
11691.921553563772	3000.0	2025.383012601946	0.0	0	0.0	2717.304566165718	1	0	1.0	1.7623319485708069
12819.958075238275	3000.0	1897.3464909274442	0.0	0	0.0	2717.304566165718	1	0	1.0	2.1677970566789715
13742.077333177582	3000.0	1975.2272329881396	0.0	0	0.0	2717.304566165718	1	0	1.0	2.1677970566789715
14739.97113813279	2000.0	1977.3334280329318	0.0	0	0.0	2717.3045661657197	1	0	1.0	1.3568668404626418
15726.900284714493	2000.0	1990.4042814512275	0.0	0	0.0	2717.3045661657197	1	0	1.0	1.7623319485708064
16423.515873022523	2000.0	2293.7886931431954	0.0	0	0.0	2717.3045661657197	1	0	1.0	1.7623319485708064
17200.0	2000.0	2517.304566165715	0.0	0	33.905616280400864	2717.304566165716	1	0	1.0	1.7623319485708064
18200.0	2000.0	2517.3045661657156	0.0	0	144.61090618467642	2717.304566165716	1	0	1.0	1.7623319485708067
19274.084735476437	2000.0	2443.219830689274	0.0	0	0.0	2717.3045661657125	1	0	1.0	1.7623319485708073
20200.0	2000.0	2517.304566165713	0.0	0	25.830188243304292	2717.304566165716	1	0	1.0	1.7623319485708069
21200.0	3000.0	2517.304566165709	0.0	0	136.55748965170642	2717.304566165716	1	0	1.0	1.762331948570807
22594.337221732694	3000.0	2122.9673444330147	0.0	0	0.0	2717.304566165716	1	0	1.0	2.167797056678972
23636.831873324492	2000.0	2080.4726928412165	0.0	0	0.0	2717.304566165716	1	0	1.0	1.3568668404626423
24299.524774685	2000.0	2417.7797914807065	0.0	0	0.0	2717.304566165716	1	0	1.0	1.7623319485708069
25805.84781823226	3000.0	1911.4567479334457	0.0	0	0.0	2717.304566165716	1	0	1.0	1.762331948570807
26567.291276233962	2000.0	2150.013289931744	0.0	0	0.0	2717.304566165716	1	0	1.0	1.3568668404626423
27435.864034582155	2000.0	2281.4405315835497	0.0	0	0.0	2717.304566165716	1	0	1.0	1.7623319485708069
28516.521923658536	2000.0	2200.7826425071676	0.0	0	0.0	2717.304566165716	1	0	1.0	1.7623319485708069
29369.85121066598	2000.0	2347.453355499724	0.0	0	0.0	2717.304566165716	1	0	1.0	1.7623319485708069
30346.126153578087	2000.0	2371.178412587616	0.0	0	0.0	2717.304566165716	1	0	1.0	1.7623319485708069
31200.0	2000.0	2517.304566165704	0.0	0	19.628207588644727	2717.304566165716	1	0	1.0	1.7623319485708069
32375.02272708603	2000.0	2342.2818390796733	0.0	0	0.0	2717.304566165716	1	0	1.0	1.7623319485708069
33358.183404992444	2000.0	2359.121161173261	0.0	0	0.0	2717.3045661657125	1	0	1.0	1.7623319485708073
34200.0	2000.0	2517.304566165716	0.0	0	157.15691277886071	2717.3045661657234	1	0	1.0	1.7623319485708067
35200.0	2000.0	2517.3045661657225	0.0	0	291.0733040198829	2717.3045661657306	1	0	1.0	1.7623319485708047
36256.36934186416	2000.0	2460.935224301556	0.0	0	0.0	2717.3045661657306	1	0	1.0	1.7623319485708047
37200.0	2000.0	2517.304566165724	0.0	0	284.2247904978649	2717.3045661657306	1	0	1.0	1.7623319485708047
38200.0	2000.0	2517.3045661657216	0.0	0	170.0181722260022	2717.3045661657306	1	0	1.0	1.7623319485708047
39200.0	2000.0	2517.3045661657184	0.0	0	43.5541895305214	2717.3045661657306	1	0	1.0	1.7623319485708047
40209.379831512946	3000.0	2507.9247346527814	0.0	0	0.0	2717.304566165738	1	0	1.0	1.762331948570804
41444.73765117354	3000.0	2272.5669149921923	0.0	0	0.0	2717.3045661657306	1	0	1.0	2.1677970566789693
42266.35851609237	3000.0	2450.9460500733735	0.0	0	0.0	2717.3045661657306	1	0	1.0	2.1677970566789693
43200.0	3000.0	2517.304566165745	0.0	0	138.84276449611934	2717.304566165738	1	0	1.0	2.167797056678969
44200.0	3000.0	2517.304566165745	0.0	0	156.7126708495416	2717.304566165738	1	0	1.0	2.167797056678969
45479.20419783746	3000.0	2238.1003683282793	0.0	0	0.0	2717.304566165738	1	0	1.0	2.167797056678969
46549.97638185014	3000.0	2167.328184315596	0.0	0	0.0	2717.304566165738	1	0	1.0	2.167797056678969
47638.51326320259	3000.0	2078.7913029631404	0.0	0	0.0	2717.304566165738	1	0	1.0	2.167797056678969
49099.653293407675	3000.0	1617.6512727580566	0.0	0	0.0	2717.304566165738	1	0	1.0	2.167797056678969
49835.171592090315	2000.0	1882.1329740754184	0.0	0	0.0	2717.304566165738	1	0	1.0	1.3568668404626392
50828.63602584797	2000.0	1888.6685403177673	0.0	0	0.0	2717.304566165738	1	0	1.0	1.7623319485708038
51596.261928617954	2000.0	2121.042637547788	0.0	0	0.0	2717.304566165738	1	0	1.0	1.7623319485708038
52424.36995156756	2000.0	2292.9346145981867	0.0	0	0.0	2717.304566165738	1	0	1.0	1.7623319485708038
53206.75362880021	3000.0	2510.550937365539	0.0	0	0.0	2717.304566165738	1	0	1.0	1.762331948570804
54390.23689347185	3000.0	2327.067672693906	0.0	0	0.0	2717.304566165738	1	0	1.0	2.167797056678969
55332.81365094594	2000.0	2384.490915219814	0.0	0	0.0	2717.3045661657306	1	0	1.0	1.35686684046264
56558.73147283311	2000.0	2158.5730933326413	0.0	0	0.0	2717.3045661657306	1	0	1.0	1.7623319485708047
57526.19435833278	2000.0	2191.11020783297	0.0	0	0.0	2717.3045661657306	1	0	1.0	1.7623319485708047
58200.0	2000.0	2517.304566165745	0.0	0	5.299967491278949	2717.3045661657306	1	0	1.0	1.7623319485708047
59341.28621147222	2000.0	2376.018354693518	0.0	0	0.0	2717.3045661657306	1	0	1.0	1.7623319485708047
60200.0	2000.0	2517.3045661657447	0.0	0	177.9192951545774	2717.3045661657306	1	0	1.0	1.7623319485708047
61200.0	2000.0	2517.304566165744	0.0	0	275.5814933524598	2717.3045661657306	1	0	1.0	1.7623319485708047
62478.23878419827	2000.0	2239.0657819674802	0.0	0	0.0	2717.3045661657306	1	0	1.0	1.7623319485708047
64018.019480908115	2000.0	1699.2850852576307	0.0	0	0.0	2717.3045661657306	1	0	1.0	1.7623319485708047
65630.87003750126	2000.0	1086.4345286644916	0.0	0	0.0	2717.304566165738	1	0	1.0	1.7623319485708047
66247.42673233846	1000.0	1469.8778338273034	0.0	0	0.0	2717.3045661657525	1	0	1.0	0.3760375874509121
66886.70202350564	1000.0	1830.602542660106	0.0	0	0.0	2717.304566165745	1	0	1.0	1.0691847680108582
67518.4061633989	1000.0	2198.8984027668566	0.0	0	0.0	2717.3045661657525	1	0	1.0	1.0691847680108568
69051.67610697981	2000.0	1665.628459185958	0.0	0	0.0	2717.3045661657525	1	0	1.0	1.0691847680108566
70098.42577024752	2000.0	1618.8787959182305	0.0	0	0.0	2717.3045661657525	1	0	1.0	1.7623319485708016
71046.98906655441	2000.0	1670.3154996113371	0.0	0	0.0	2717.3045661657525	1	0	1.0	1.7623319485708016
72577.53626879018	2000.0	1139.7682973755595	0.0	0	0.0	2717.3045661657525	1	0	1.0	1.7623319485708016
74395.0460880018	2000.0	322.2584781639469	0.0	0	0.0	2717.304566165767	1	0	1.0	1.7623319485707998
75480.5223462117	2000.0	493.9891104038329	257.2068904497901	0	0.0	2974.5114566155535	1	0	1.0	0.1786188216098622
76765.40680579336	2000.0	209.10465082217854	0.0	0	0.0	2974.5114566155535	1	0	1.0	1.7218601643086027
78048.3393424894	1000.0	378.83678263567475	452.66466850953145	0	0.0	3427.176125125072	1	0	1.0	-2.478904060181878
79671.40587555709	1000.0	289.0510350890245	533.2807855210289	0	0.0	3960.4569106460985	1	0	1.0	-2.440436789814598
80338.62978730976	500.0	679.5049662115327	57.677842875179664	0	0.0	4018.1347535212844	1	0	1.0	-1.0029786891914756
81169.43415712193	1000.0	848.7005963993618	0.0	0	0.0	4018.1347535212844	1	0	1.0	0.03623554861954814
81701.53077471892	1000.0	1316.6039788023622	0.0	0	0.0	4018.1347535212844	1	0	1.0	0.7293827291794935
82674.93160710024	2000.0	1343.2031464210422	0.0	0	0.0	4018.1347535212844	1	0	1.0	0.7293827291794934
83380.62334070784	2000.0	1637.511412813422	0.0	0	0.0	4018.13475352127	1	0	1.0	1.4225299097394448
84099.83119148332	2000.0	1918.3035620379537	0.0	0	0.0	4018.13475352127	1	0	1.0	1.4225299097394448
84590.53264072348	2000.0	2427.602112797788	0.0	0	0.0	4018.13475352127	1	0	1.0	1.4225299097394448
85224.56182180619	3000.0	2793.572931715094	0.0	0	0.0	4018.1347535212844	1	0	1.0	1.4225299097394388
86173.42893853506	3000.0	2844.7058149862196	0.0	0	0.0	4018.1347535212844	1	0	1.0	1.8279950178476034
87002.95659846258	3000.0	3015.178155058683	0.0	0	0.0	4018.13475352127	1	0	1.0	1.8279950178476096
88278.76462667894	3000.0	2739.370126842338	0.0	0	0.0	4018.13475352127	1	0	1.0	1.8279950178476096
89287.07011927068	3000.0	2731.064634250594	0.0	0	0.0	4018.13475352127	1	0	1.0	1.8279950178476096
90216.85160560359	3000.0	2801.283147917684	0.0	0	0.0	4018.13475352127	1	0	1.0	1.8279950178476096
91058.03420047699	3000.0	2960.100553044289	0.0	0	0.0	4018.13475352127	1	0	1.0	1.8279950178476096
91767.06203857753	3000.0	3251.072714943751	0.0	0	0.0	4018.13475352127	1	0	1.0	1.8279950178476096
93149.35314822811	6000.0	2868.7816052931603	0.0	0	0.0	4018.13475352127	1	0	1.0	1.8279950178476094
94280.74734479106	3000.0	2737.387408730214	0.0	0	0.0	4018.13475352127	1	0	1.0	1.1348478372876647
95852.33234399484	3000.0	2165.802409526422	0.0	0	0.0	4018.13475352127	1	0	1.0	1.8279950178476096
97403.66512696374	3000.0	1614.4696265575371	0.0	0	0.0	4018.13475352127	1	0	1.0	1.8279950178476096
98371.49414674709	3000.0	1646.6406067741766	0.0	0	0.0	4018.13475352127	1	0	1.0	1.8279950178476096
99114.07070062375	2000.0	1904.0640528975202	0.0	0	0.0	4018.13475352127	1	0	1.0	1.0170648016312802
99651.2606810021	2000.0	2366.874072519193	0.0	0	0.0	4018.1347535212844	1	0	1.0	1.4225299097394386
100372.98447717346	3000.0	2645.1502763478156	0.0	0	0.0	4018.1347535212844	1	0	1.0	1.4225299097394388
101558.54665915469	3000.0	2459.588094366577	0.0	0	0.0	4018.1347535212844	1	0	1.0	1.8279950178476034
102812.4561232529	3000.0	2205.6786302683768	0.0	0	0.0	4018.1347535212844	1	0	1.0	1.8279950178476034
104076.77632883335	3000.0	1941.3584246879095	0.0	0	0.0	4018.1347535212844	1	0	1.0	1.8279950178476034
105354.30387346203	3000.0	1663.8308800592251	0.0	0	0.0	4018.1347535212844	1	0	1.0	1.8279950178476034
106113.1685554427	2000.0	1904.966198078567	0.0	0	0.0	4018.1347535212844	1	0	1.0	1.017064801631274
107386.74182991691	2000.0	1631.392923604354	0.0	0	0.0	4018.13475352127	1	0	1.0	1.4225299097394448
108314.61613823667	2000.0	1703.5186152846186	0.0	0	0.0	4018.1347535212844	1	0	1.0	1.4225299097394386
109184.46466474792	2000.0	1833.6700887733555	0.0	0	0.0	4018.1347535212844	1	0	1.0	1.4225299097394386
110546.722741675	2000.0	1471.4120118462629	0.0	0	0.0	4018.1347535212844	1	0	1.0	1.4225299097394386
112117.90710169054	2000.0	900.2276518307426	0.0	0	0.0	4018.134753521299	1	0	1.0	1.4225299097394328
113227.33120482555	2000.0	790.803548695726	0.0	0	0.0	4018.134753521299	1	0	1.0	1.4225299097394328
114189.9471082051	2000.0	828.1876453161714	0.0	0	0.0	4018.134753521299	1	0	1.0	1.4225299097394328
115195.57287568488	2000.0	822.5618778363862	0.0	0	0.0	4018.134753521299	1	0	1.0	1.4225299097394328
115894.78344003046	2000.0	1123.3513134908112	0.0	0	0.0	4018.134753521299	1	0	1.0	1.4225299097394328
116535.39560329975	2000.0	1482.7391502215162	0.0	0	0.0	4018.134753521299	1	0	1.0	1.4225299097394328
117267.28198037815	2000.0	1750.85277314313	0.0	0	0.0	4018.134753521299	1	0	1.0	1.4225299097394328
118109.81701287508	2000.0	1908.317740646208	0.0	0	0.0	4018.134753521299	1	0	1.0	1.4225299097394328
118677.28086961791	2000.0	2340.85388390337	0.0	0	0.0	4018.134753521299	1	0	1.0	1.4225299097394328
119832.80269104631	3000.0	2185.332062474993	0.0	0	0.0	4018.134753521299	1	0	1.0	1.4225299097394326
120836.84016794807	3000.0	2181.294585573222	0.0	0	0.0	4018.1347535212844	1	0	1.0	1.8279950178476034
122167.74416671756	3000.0	1850.390586803737	0.0	0	0.0	4018.134753521299	1	0	1.0	1.8279950178475972
123598.25155825012	3000.0	1419.8831952711555	0.0	0	0.0	4018.134753521299	1	0	1.0	1.8279950178475972
124335.28284329662	2000.0	1682.8519102246796	0.0	0	0.0	4018.134753521299	1	0	1.0	1.0170648016312682
124932.00198251757	2000.0	2086.1327710037285	0.0	0	0.0	4018.134753521299	1	0	1.0	1.4225299097394328
125647.03041202248	2000.0	2371.1043414988185	0.0	0	0.0	4018.1347535212844	1	0	1.0	1.4225299097394386
126619.51984394359	3000.0	2398.6149095777046	0.0	0	0.0	4018.1347535212844	1	0	1.0	1.4225299097394388
127452.55810290521	3000.0	2565.576650616083	0.0	0	0.0	4018.1347535212844	1	0	1.0	1.8279950178476034
130113.48167014877	3000.0	904.6530833725209	0.0	0	0.0	4018.1347535212844	1	0	1.0	1.8279950178476034
131586.8208797518	2000.0	431.3138737694915	0.0	0	0.0	4018.1347535212553	1	0	1.0	1.017064801631284
132410.17669069464	2000.0	607.9580628266275	0.0	0	0.0	4018.1347535212553	1	0	1.0	1.4225299097394513
133548.56672686373	2000.0	469.5680266575795	0.0	0	0.0	4018.134753521299	1	0	1.0	1.4225299097394388
134796.16486241863	2000.0	452.1138513038337	230.14396020113958	0	0.0	4248.278713722451	1	0	1.0	-0.06517418379640227
135758.28226016992	2000.0	489.9964535525699	0.0	0	0.0	2248.2787137224514	1	0	1.0	-4.184744561527713
136793.51315543865	2000.0	454.76555828384176	0.0	0	0.0	2248.2787137224223	1	0	1.0	1.8152554384722879
138044.1161402184	2000.0	436.6733623543018	232.51078885021352	0	0.0	2480.789502572705	1	0	1.0	0.3968635498641293
138968.07102664947	2000.0	520.1857514942653	7.467275571036936	0	0.0	2488.2567781437247	1	0	1.0	1.7462870597144708
139878.2707621168	2000.0	609.9860160269563	0.0	0	0.0	2488.2567781437247	1	0	1.0	1.7910907131406923
140988.07093419283	2000.0	500.1858439508866	0.0	0	0.0	2488.2567781437247	1	0	1.0	1.7910907131406923
142430.78715961793	2000.0	212.05669167444438	154.58707314868886	0	0.0	2642.8438512923894	1	0	1.0	0.8460637784707696
143238.45658525854	1000.0	576.1276169140109	171.74035088015222	0	0.0	2814.5842021725257	1	0	1.0	-0.6685990122855121
143877.83692819244	1000.0	936.7472739800896	0.0	0	0.0	2814.5842021725257	1	0	1.0	1.0549902735553465
144500.3236600085	1000.0	1314.2605421640508	0.0	0	0.0	2814.5842021725257	1	0	1.0	1.0549902735553465
146002.45176138016	2000.0	812.1324407923776	0.0	0	0.0	2814.5842021725257	1	0	1.0	1.0549902735553462
146768.47303079604	1000.0	1046.1111713764813	0.0	0	0.0	2814.5842021725257	1	0	1.0	0.3618430929954012
147766.9105812127	2000.0	1047.6736209598237	0.0	0	0.0	2814.5842021725257	1	0	1.0	1.0549902735553462
148684.42174233854	2000.0	1130.1624598339727	0.0	0	0.0	2814.5842021725257	1	0	1.0	1.7481374541152914
149625.3652719251	2000.0	1189.2189302474003	0.0	0	0.0	2814.5842021725257	1	0	1.0	1.7481374541152914
151127.44219962144	2000.0	687.1420025510814	0.0	0	0.0	2814.5842021725257	1	0	1.0	1.7481374541152914
152215.5947933905	2000.0	598.9894087819911	0.0	0	0.0	2814.5842021725257	1	0	1.0	1.7481374541152914
153057.10891875727	2000.0	757.4752834152482	0.0	0	0.0	2814.5842021724966	1	0	1.0	1.748137454115296
153693.70639841107	2000.0	1120.8778037614381	0.0	0	0.0	2814.5842021724966	1	0	1.0	1.748137454115296
154667.35444136386	2000.0	1147.229760808632	0.0	0	0.0	2814.5842021724675	1	0	1.0	1.7481374541153003
155346.48417387056	2000.0	1468.1000283019487	0.0	0	0.0	2814.5842021724966	1	0	1.0	1.7481374541152985
156354.47885028349	2000.0	1460.1053518890174	0.0	0	0.0	2814.5842021724966	1	0	1.0	1.748137454115296
157157.21762389422	2000.0	1657.3665782782887	0.0	0	0.0	2814.5842021724966	1	0	1.0	1.748137454115296
157973.38995088844	2000.0	1841.194251284024	0.0	0	0.0	2814.5842021724966	1	0	1.0	1.748137454115296
158814.65471974868	2000.0	1999.9294824238177	0.0	0	0.0	2814.5842021724966	1	0	1.0	1.748137454115296
159481.1889598864	2000.0	2333.3952422860825	0.0	0	0.0	2814.5842021724966	1	0	1.0	1.748137454115296
160307.13496244902	2000.0	2507.4492397234894	0.0	0	0.0	2814.5842021724675	1	0	1.0	1.748137454115297
161288.92572640543	3000.0	2525.6584757670803	0.0	0	0.0	2814.5842021724675	1	0	1.0	1.7481374541153003
162686.27280208882	3000.0	2128.3114000837113	0.0	0	0.0	2814.5842021724675	1	0	1.0	2.153602562223465
163919.3158419888	3000.0	1895.2683601837314	0.0	0	0.0	2814.5842021724675	1	0	1.0	2.153602562223465
165601.49548359582	3000.0	1213.0887185767156	0.0	0	0.0	2814.5842021724966	1	0	1.0	2.153602562223461
166243.61187672647	2000.0	1570.9723254460393	0.0	0	0.0	2814.5842021724675	1	0	1.0	1.3426723460071357
167094.8523804689	2000.0	1719.7318217036202	0.0	0	0.0	2814.5842021724675	1	0	1.0	1.7481374541153003
168051.84970144008	2000.0	1762.734500732446	0.0	0	0.0	2814.5842021724675	1	0	1.0	1.7481374541153003
168796.6271018916	2000.0	2017.957100280917	0.0	0	0.0	2814.5842021724675	1	0	1.0	1.7481374541153003
169760.94198573765	2000.0	2053.6422164348537	0.0	0	0.0	2814.5842021724675	1	0	1.0	1.7481374541153003
170718.77597322516	2000.0	2095.808228947343	0.0	0	0.0	2814.5842021724384	1	0	1.0	1.748137454115305
171347.61695812206	2000.0	2466.9672440504187	0.0	0	0.0	2814.5842021724093	1	0	1.0	1.7481374541153092
172234.07941317218	2000.0	2580.5047890002925	0.0	0	0.0	2814.5842021724093	1	0	1.0	1.7481374541153092
173398.3617180008	2000.0	2416.22248417169	0.0	0	0.0	2814.5842021724093	1	0	1.0	1.7481374541153092
174477.612422929	2000.0	2336.9717792434594	0.0	0	0.0	2814.5842021724093	1	0	1.0	1.7481374541153092
175392.21638561843	2000.0	2422.367816553977	0.0	0	0.0	2814.58420217238	1	0	1.0	1.748137454115311
176202.2053896744	2000.0	2612.378812498005	0.0	0	0.0	2814.58420217238	1	0	1.0	1.7481374541153138
177200.0	2000.0	2614.5842021724025	0.0	0	278.0745523244841	2814.584202172351	1	0	1.0	1.748137454115318
178200.0	2000.0	2614.584202172406	0.0	0	232.64570798818022	2814.584202172351	1	0	1.0	1.748137454115318
179200.0	2000.0	2614.5842021724093	0.0	0	196.3423779689183	2814.584202172351	1	0	1.0	1.748137454115318
180332.29583661418	2000.0	2482.288365558238	0.0	0	0.0	2814.58420217238	1	0	1.0	1.7481374541153172
181200.0	2000.0	2614.5842021724106	0.0	0	208.83786597748986	2814.5842021724093	1	0	1.0	1.7481374541153092
182200.0	2000.0	2614.5842021724216	0.0	0	74.81042047674418	2814.5842021724384	1	0	1.0	1.748137454115305
183200.0	2000.0	2614.5842021724084	0.0	0	281.00259625943727	2814.5842021724384	1	0	1.0	1.748137454115305
184200.0	2000.0	2614.5842021724093	0.0	0	201.075253977353	2814.5842021724093	1	0	1.0	1.7481374541153092
185200.0	2000.0	2614.5842021724166	0.0	0	191.38088697599596	2814.5842021724093	1	0	1.0	1.7481374541153092
186297.93602400456	2000.0	2516.6481781678413	0.0	0	0.0	2814.58420217238	1	0	1.0	1.7481374541153138
187200.0	2000.0	2614.584202172381	0.0	0	261.37866896160995	2814.58420217238	1	0	1.0	1.7481374541153138
188473.42839970975	3000.0	2341.155802462634	0.0	0	0.0	2814.584202172351	1	0	1.0	1.748137454115318
189367.01150060107	3000.0	2447.572701571293	0.0	0	0.0	2814.58420217238	1	0	1.0	2.153602562223481
190200.0	3000.0	2614.5842021723397	0.0	0	116.21077152487123	2814.584202172351	1	0	1.0	2.1536025622234827
191280.0647132243	3000.0	2534.5194889480467	0.0	0	0.0	2814.58420217238	1	0	1.0	2.1536025622234782
192222.10273619287	3000.0	2592.4814659794724	0.0	0	0.0	2814.58420217238	1	0	1.0	2.1536025622234782
193243.55455281152	3000.0	2571.0296493608384	0.0	0	0.0	2814.58420217238	1	0	1.0	2.1536025622234782
194200.0	3000.0	2614.5842021723365	0.0	0	127.11441814675345	2814.58420217238	1	0	1.0	2.1536025622234782
195200.0	3000.0	2614.58420217237	0.0	0	104.19163207378006	2814.5842021724093	1	0	1.0	2.153602562223474
196752.5129488919	3000.0	2062.071253280493	0.0	0	0.0	2814.5842021724384	1	0	1.0	2.15360256222347
198233.45477301264	3000.0	1581.1294291597753	0.0	0	0.0	2814.5842021724384	1	0	1.0	2.15360256222347
199130.47925770053	2000.0	1684.1049444718797	0.0	0	0.0	2814.5842021724384	1	0	1.0	1.3426723460071404
199875.5274487605	2000.0	1939.056753411926	0.0	0	0.0	2814.5842021724093	1	0	1.0	1.7481374541153092
200884.0849310969	2000.0	1930.4992710754982	0.0	0	0.0	2814.58420217238	1	0	1.0	1.7481374541153138
201605.31135940363	2000.0	2209.272842768758	0.0	0	0.0	2814.58420217238	1	0	1.0	1.7481374541153138
202460.30467951734	2000.0	2354.279522655042	0.0	0	0.0	2814.58420217238	1	0	1.0	1.7481374541153138
203345.2365481574	2000.0	2469.3476540149686	0.0	0	0.0	2814.584202172351	1	0	1.0	1.7481374541153147
204956.489838345	2000.0	1858.0943638273673	0.0	0	0.0	2814.58420217238	1	0	1.0	1.7481374541153147
205905.68010800835	2000.0	1908.9040941640233	0.0	0	0.0	2814.584202172351	1	0	1.0	1.748137454115318
206966.7494841677	2000.0	1847.8347180047151	0.0	0	0.0	2814.584202172351	1	0	1.0	1.748137454115318
208160.9157104708	2000.0	1653.668491701634	0.0	0	0.0	2814.584202172351	1	0	1.0	1.748137454115318
208984.50013923648	2000.0	1830.0840629359602	0.0	0	0.0	2814.584202172322	1	0	1.0	1.7481374541153225
210157.21065842354	2000.0	1657.3735437488945	0.0	0	0.0	2814.584202172351	1	0	1.0	1.748137454115318
211821.73476031053	2000.0	992.8494418618752	0.0	0	0.0	2814.58420217238	1	0	1.0	1.7481374541153147
213444.46913388566	2000.0	370.1150682867683	0.0	0	0.0	2814.5842021724093	1	0	1.0	1.748137454115313
214645.07854210498	1000.0	536.7598622849553	367.2542022175042	0	0.0	3181.838404389913	1	0	1.0	-1.9082115426598645
215349.18843214583	1000.0	832.6499722441185	0.0	0	0.0	3181.838404389913	1	0	1.0	0.9884608512051056
216303.79782716808	1000.0	878.0405772218994	0.0	0	0.0	3181.838404389913	1	0	1.0	0.9884608512051056
216940.62009107362	1000.0	1241.2183133163355	0.0	0	0.0	3181.838404389913	1	0	1.0	0.9884608512051056
217457.19547220838	1000.0	1724.6429321815644	0.0	0	0.0	3181.838404389884	1	0	1.0	0.9884608512051117
218613.70147225005	2000.0	1568.1369321399216	0.0	0	0.0	3181.838404389884	1	0	1.0	0.9884608512051115
219188.8646365755	2000.0	1992.9737678144706	0.0	0	0.0	3181.838404389855	1	0	1.0	1.681608031765063
220068.4976639656	2000.0	2113.3407404243653	0.0	0	0.0	3181.838404389855	1	0	1.0	1.681608031765063
221685.4160389748	2000.0	1496.4223654151735	0.0	0	0.0	3181.838404389855	1	0	1.0	1.6816080317650666
223070.87009891725	2000.0	1110.9683054727534	0.0	0	0.0	3181.838404389884	1	0	1.0	1.6816080317650566
224471.7371681769	2000.0	710.1012362131237	0.0	0	0.0	3181.838404389913	1	0	1.0	1.6816080317650506
227037.74071552788	2000.0	200.0	1055.9023111378706	0	0.0	4237.740715527878	1	0	1.0	-4.796837416943873
227758.0940182928	300.0	610.3027936704102	130.65609643531963	0	0.0	2368.3968119632045	1	0	1.0	-8.774329777179119
229090.30484533147	1000.0	391.24595494218966	113.15398831042012	0	0.0	2481.5508002736606	1	0	1.0	-0.7842007534862269
229942.8881893279	1000.0	569.49098195387	30.828371008112356	0	0.0	2512.379171281791	1	0	1.0	0.9102270092950371
230564.43451052625	1000.0	947.9446607555103	0.0	0	0.0	2512.379171281791	1	0	1.0	1.0951972353437114
231112.63950308363	1000.0	1399.7396681981397	0.0	0	0.0	2512.379171281762	1	0	1.0	1.0951972353437147
231725.23700337528	2000.0	1787.1421679064997	0.0	0	0.0	2512.379171281791	1	0	1.0	1.0951972353437114
232327.23033466624	2000.0	2185.1488366155572	0.0	0	0.0	2512.379171281791	1	0	1.0	1.7883444159036566
233200.0	2000.0	2312.3791712817806	0.0	0	170.25211816758383	2512.379171281791	1	0	1.0	1.7883444159036566
234200.0	3000.0	2312.379171281793	0.0	0	95.60068011414842	2512.379171281791	1	0	1.0	1.7883444159036563
235283.59094678506	3000.0	2228.78822449674	0.0	0	0.0	2512.379171281791	1	0	1.0	2.193809524011821
236200.0	3000.0	2312.379171281796	0.0	0	107.29537757713115	2512.379171281791	1	0	1.0	2.193809524011821
237202.3390157281	3000.0	2310.0401555536923	0.0	0	0.0	2512.379171281791	1	0	1.0	2.193809524011821
238298.622852591	3000.0	2213.7563186907764	0.0	0	0.0	2512.379171281791	1	0	1.0	2.193809524011821
239200.0	3000.0	2312.3791712817706	0.0	0	224.58393807677203	2512.379171281762	1	0	1.0	2.1938095240118245
240200.0	3000.0	2312.379171281763	0.0	0	395.53065406228416	2512.379171281762	1	0	1.0	2.1938095240118245
241200.0	3000.0	2312.3791712817892	0.0	0	337.9113158477412	2512.379171281733	1	0	1.0	2.193809524011828
242214.26826155235	3000.0	2298.1109097294666	0.0	0	0.0	2512.3791712817037	1	0	1.0	2.193809524011831
243200.0	3000.0	2312.379171281817	0.0	0	9.24929899763083	2512.379171281733	1	0	1.0	2.193809524011828
245091.05629976586	3000.0	1421.322871515959	0.0	0	0.0	2512.379171281733	1	0	1.0	2.193809524011828
246592.95608829297	3000.0	919.4230829888487	0.0	0	0.0	2512.379171281762	1	0	1.0	2.1938095240118245
247361.41917602505	2000.0	1150.9599952567833	0.0	0	0.0	2512.379171281762	1	0	1.0	1.3828793077954953
248276.68844244504	2000.0	1235.6907288368322	0.0	0	0.0	2512.379171281762	1	0	1.0	1.78834441590366
248900.5448211851	2000.0	1611.834350096769	0.0	0	0.0	2512.379171281762	1	0	1.0	1.78834441590366
249753.03414081386	3000.0	1759.3450304679818	0.0	0	0.0	2512.379171281733	1	0	1.0	1.7883444159036634
250572.17670653117	3000.0	1940.2024647506887	0.0	0	0.0	2512.379171281733	1	0	1.0	2.193809524011828
251644.4889521018	3000.0	1867.8902191800485	0.0	0	0.0	2512.3791712817037	1	0	1.0	2.19380952401183
252770.43992843723	3000.0	1741.9392428445708	0.0	0	0.0	2512.3791712817037	1	0	1.0	2.193809524011831
254116.25738701978	3000.0	1396.1217842620008	0.0	0	0.0	2512.3791712816746	1	0	1.0	2.1938095240118347
254881.9802892236	2000.0	1630.3988820581926	0.0	0	0.0	2512.3791712816455	1	0	1.0	1.3828793077955086
255991.6056154489	2000.0	1520.773555832923	0.0	0	0.0	2512.3791712816455	1	0	1.0	1.7883444159036732
257383.52919568642	2000.0	1128.8499755954097	0.0	0	0.0	2512.3791712816455	1	0	1.0	1.7883444159036732
258314.2737543364	2000.0	1198.1054169454173	0.0	0	0.0	2512.3791712815873	1	0	1.0	1.7883444159036772
259178.0298232027	2000.0	1334.349348079131	0.0	0	0.0	2512.3791712815873	1	0	1.0	1.7883444159036799
260435.93098690675	2000.0	1076.4481843751228	0.0	0	0.0	2512.3791712816164	1	0	1.0	1.7883444159036765
261669.13856528088	2000.0	843.2406060010263	0.0	0	0.0	2512.3791712816164	1	0	1.0	1.7883444159036765
262648.34443262964	2000.0	864.0347386522138	0.0	0	0.0	2512.379171281529	1	0	1.0	1.7883444159036845
263297.45300500415	2000.0	1214.926166277654	0.0	0	0.0	2512.379171281471	1	0	1.0	1.7883444159036919
264209.52770412836	2000.0	1302.851467153445	0.0	0	0.0	2512.379171281442	1	0	1.0	1.7883444159036959
265160.512596985	2000.0	1351.8665742969085	0.0	0	0.0	2512.379171281471	1	0	1.0	1.7883444159036932
266050.0072639024	2000.0	1462.3719073793789	0.0	0	0.0	2512.379171281471	1	0	1.0	1.7883444159036932
266947.058256599	2000.0	1565.3209146827596	0.0	0	0.0	2512.379171281471	1	0	1.0	1.7883444159036932
267769.69205070817	2000.0	1742.6871205735677	0.0	0	0.0	2512.379171281529	1	0	1.0	1.7883444159036865
268554.13004686375	2000.0	1958.2491244179964	0.0	0	0.0	2512.379171281471	1	0	1.0	1.7883444159036932
269260.18785043934	3000.0	2252.1913208423566	0.0	0	0.0	2512.379171281471	1	0	1.0	1.7883444159036934
270788.4608832656	3000.0	1723.9182880160645	0.0	0	0.0	2512.3791712813545	1	0	1.0	2.1938095240118676
272700.7289689635	3000.0	811.6502023182022	0.0	0	0.0	2512.3791712814127	1	0	1.0	2.193809524011865
273353.4845151798	2000.0	1158.894656101911	0.0	0	0.0	2512.3791712814127	1	0	1.0	1.3828793077955353
273951.00822891877	2000.0	1561.3709423629532	0.0	0	0.0	2512.3791712814127	1	0	1.0	1.7883444159036999
274547.80399667035	2000.0	1964.5751746113913	0.0	0	0.0	2512.3791712814127	1	0	1.0	1.7883444159036999
275200.0	3000.0	2312.379171281683	0.0	0	93.59371615422424	2512.3791712814127	1	0	1.0	1.7883444159037003
276492.4489409493	3000.0	2019.9302303324193	0.0	0	0.0	2512.3791712814127	1	0	1.0	2.193809524011865
278377.207454877	3000.0	1135.1717164047182	0.0	0	0.0	2512.3791712814127	1	0	1.0	2.193809524011865
279993.44136009336	2000.0	518.9378111882615	0.0	0	0.0	2512.3791712814127	1	0	1.0	1.3828793077955353
281019.15034841094	2000.0	493.2288228706776	0.0	0	0.0	2512.3791712814127	1	0	1.0	1.7883444159036999
282170.7864201523	2000.0	394.54397676748846	52.95122563812566	0	0.0	2565.3303969195695	1	0	1.0	1.46438573146125
282713.7766673071	1000.0	851.5537296126577	0.0	0	0.0	2565.3303969195113	1	0	1.0	0.39579872417012074
283777.5096851943	2000.0	787.8207117254345	0.0	0	0.0	2565.3303969195113	1	0	1.0	1.0889459047300658
284597.75975457777	2000.0	967.5706423419826	0.0	0	0.0	2565.3303969195113	1	0	1.0	1.782093085290011
285323.4287462616	2000.0	1241.90165065818	0.0	0	0.0	2565.3303969195113	1	0	1.0	1.782093085290011
286570.7897996914	2000.0	994.5405972283208	0.0	0	0.0	2565.330396919453	1	0	1.0	1.7820930852900179
287507.01236895286	2000.0	1058.3180279668386	0.0	0	0.0	2565.330396919395	1	0	1.0	1.7820930852900223
288362.1845762488	2000.0	1203.145820670879	0.0	0	0.0	2565.330396919395	1	0	1.0	1.7820930852900252
289247.29374049674	2000.0	1318.0366564229657	0.0	0	0.0	2565.330396919453	1	0	1.0	1.7820930852900179
290235.5342629289	2000.0	1329.7961339908227	0.0	0	0.0	2565.330396919453	1	0	1.0	1.7820930852900179
291922.85646076663	2000.0	642.4739361531065	0.0	0	0.0	2565.330396919453	1	0	1.0	1.7820930852900179
293410.01832758647	2000.0	278.28469621962677	122.9726268863252	0	0.0	2688.303023805842	1	0	1.0	1.0284863687818446
293966.9362902469	1000.0	721.3667335591433	0.0	0	0.0	2688.303023805842	1	0	1.0	0.38002776897990553
294708.2554489205	1000.0	980.0475748855094	0.0	0	0.0	2688.3030238057836	1	0	1.0	1.0731749495398586
295518.86090926564	1000.0	1169.44211454041	0.0	0	0.0	2688.3030238057836	1	0	1.0	1.0731749495398586
296767.1954694926	2000.0	921.1075543135055	0.0	0	0.0	2688.3030238057836	1	0	1.0	1.0731749495398584
297900.8573689644	2000.0	787.4456548417055	0.0	0	0.0	2688.3030238057836	1	0	1.0	1.7663221300998035
299205.1641823857	2000.0	483.138841420413	0.0	0	0.0	2688.3030238057254	1	0	1.0	1.7663221300998115
299665.28312403604	1000.0	1023.0198997701141	0.0	0	0.0	2688.3030238057254	1	0	1.0	0.38002776897992135
300635.47733061865	2000.0	1052.8256931874453	0.0	0	0.0	2688.303023805667	1	0	1.0	1.0731749495398741
301639.5304952688	2000.0	1048.7725285373228	0.0	0	0.0	2688.303023805667	1	0	1.0	1.7663221300998195
302390.249496556	2000.0	1298.0535272501313	0.0	0	0.0	2688.303023805667	1	0	1.0	1.7663221300998195
303083.45097497886	2000.0	1604.8520488272234	0.0	0	0.0	2688.303023805667	1	0	1.0	1.7663221300998195
303951.6358515867	2000.0	1736.66717221939	0.0	0	0.0	2688.303023805667	1	0	1.0	1.7663221300998195
304868.55032762827	2000.0	1819.752696177789	0.0	0	0.0	2688.303023805667	1	0	1.0	1.7663221300998195
2.33624	2.38824	2.50024	2.45024	2.48424	2.59224	2.70024	2.75024	2.73424	2.86224	2.93024	2.54224	2.30424	2.4602399999999998	2.41224	2.47424	2.41024	2.57824	2.67224	2.76824	2.33624	2.26424	2.38424	2.35424	2.33624	2.40424	2.39024	2.31424	2.27424	2.27224	2.4202399999999997	2.36424	2.25624	2.37424	2.48424	2.61424	2.7142399999999998	2.83024	3.25224	3.03224	2.96224	2.82824	2.94824	2.96224	2.65424	2.41624	2.31824	2.42624	2.48624	2.4807391304347823	3.092739130434783	2.8647391304347822	1.7487391304347826	1.4967391304347828	2.264739130434782	2.216739130434783	2.000739130434783	2.6487391304347825	2.168739130434783	1.1607391304347827	1.5207391304347824	1.4247391304347827	0.8487391304347827	1.3887391304347827	1.3287391304347826	1.5807391304347824	2.000739130434783	2.6487391304347825	2.8767391304347827	1.7727391304347826	0.8847391304347827	1.5447391304347824	1.7847391304347826	1.9407391304347825	0.6087391304347824	0.7047391304347825	0.5127391304347826	0.8487391304347827	1.2567391304347826	1.9767391304347826	2.6247391304347825	3.5247391304347824	4.1127391304347825	3.4767391304347823	2.7927391304347826	2.8527391304347827	3.5007391304347824	4.172739130434783	4.904739130434782	4.832739130434783	3.4407391304347827	3.1767391304347825	1.9527391304347825	2.072739130434783	1.8327391304347824	2.9885714285714284	3.0125714285714285	3.5285714285714285	3.5285714285714285	3.120571428571428	2.4365714285714284	2.7725714285714287	2.880571428571429	2.376571428571429	1.3445714285714288	2.0165714285714285	2.3285714285714287	1.9085714285714288	1.8965714285714288	1.1765714285714286	2.5445714285714285	2.2805714285714287	2.6405714285714286	2.8685714285714283	3.1805714285714286	3.096571428571429	2.8445714285714283	3.888571428571429	3.3845714285714283	1.5485714285714285	2.1365714285714286	2.376571428571429	2.8445714285714283	4.056571428571429	3.2045714285714286	2.0405714285714285	0.8285714285714287	1.1405714285714288	1.5245714285714285	1.8965714285714288	1.8245714285714287	1.7765714285714287	2.5805714285714285	2.472571428571429	1.5485714285714285	2.4365714285714284	2.9165714285714284	2.63	1.67	1.42	1.49	1.65	1.89	1.34	1.89	2.06	1.92	1.56	1.78	2.61424	2.33624	2.38824	2.50024	2.45024	2.48424	2.59224	2.70024	2.75024	2.73424	2.86224	2.93024	2.54224	2.30424	2.4602399999999998	2.41224	2.47424	2.41024	2.57824	2.67224	2.76824	2.33624	2.26424	2.38424	2.35424	2.33624	2.40424	2.39024	2.31424	2.27424	2.27224	2.4202399999999997	2.36424	2.25624	2.37424	2.48424	2.61424	2.7142399999999998	2.83024	3.25224	3.03224	2.96224	2.82824	2.94824	2.96224	2.65424	2.41624	2.31824	2.42624	2.48624	2.4807391304347823	3.092739130434783	2.8647391304347822	1.7487391304347826	1.4967391304347828	2.264739130434782	2.216739130434783	2.000739130434783	2.6487391304347825	2.168739130434783	1.1607391304347827	1.5207391304347824	1.4247391304347827	0.8487391304347827	1.3887391304347827	1.3287391304347826	1.5807391304347824	2.000739130434783	2.6487391304347825	2.8767391304347827	1.7727391304347826	0.8847391304347827	1.5447391304347824	1.7847391304347826	1.9407391304347825	0.6087391304347824	0.7047391304347825	0.5127391304347826	0.8487391304347827	1.2567391304347826	1.9767391304347826	2.6247391304347825	3.5247391304347824	4.1127391304347825	3.4767391304347823	2.7927391304347826	2.8527391304347827	3.5007391304347824	4.172739130434783	4.904739130434782	4.832739130434783	3.4407391304347827	3.1767391304347825	1.9527391304347825	2.072739130434783	1.8327391304347824	2.9885714285714284	3.0125714285714285	3.5285714285714285	3.5285714285714285	3.120571428571428	2.4365714285714284	2.7725714285714287	2.880571428571429	2.376571428571429	1.3445714285714288	2.0165714285714285	2.3285714285714287	1.9085714285714288	1.8965714285714288	1.1765714285714286	2.5445714285714285	2.2805714285714287	2.6405714285714286	2.8685714285714283	3.1805714285714286	3.096571428571429	2.8445714285714283	3.888571428571429	3.3845714285714283	1.5485714285714285	2.1365714285714286	2.376571428571429	2.8445714285714283	4.056571428571429	3.2045714285714286	2.0405714285714285	0.8285714285714287	1.1405714285714288	1.5245714285714285	1.8965714285714288	1.8245714285714287	1.7765714285714287	2.5805714285714285	2.472571428571429	1.5485714285714285	2.4365714285714284	2.9165714285714284	2.63	1.67	1.42	1.49	1.65	1.89	1.34	1.89	2.06	1.92	1.56	1.78	2.61424	2.33624	2.38824	2.50024	2.45024	2.48424	2.59224	2.70024
1.0	2.0	3.0	4.0	5.0	6.0	7.0	8.0	9.0	10.0	11.0	12.0	13.0	14.0	15.0	16.0	17.0	18.0	19.0	20.0	21.0	22.0	23.0	24.0	25.0	26.0	27.0	28.0	29.0	30.0	31.0	32.0	33.0	34.0	35.0	36.0	37.0	38.0	39.0	40.0	41.0	42.0	43.0	44.0	45.0	46.0	47.0	48.0	49.0	50.0	51.0	52.0	53.0	54.0	55.0	56.0	57.0	58.0	59.0	60.0	61.0	62.0	63.0	64.0	65.0	66.0	67.0	68.0	69.0	70.0	71.0	72.0	73.0	74.0	75.0	76.0	77.0	78.0	79.0	80.0	81.0	82.0	83.0	84.0	85.0	86.0	87.0	88.0	89.0	90.0	91.0	92.0	93.0	94.0	95.0	96.0	97.0	98.0	99.0	100.0	101.0	102.0	103.0	104.0	105.0	106.0	107.0	108.0	109.0	110.0	111.0	112.0	113.0	114.0	115.0	116.0	117.0	118.0	119.0	120.0	121.0	122.0	123.0	124.0	125.0	126.0	127.0	128.0	129.0	130.0	131.0	132.0	133.0	134.0	135.0	136.0	137.0	138.0	139.0	140.0	141.0	142.0	143.0	144.0	145.0	146.0	147.0	148.0	149.0	149.0	150.0	151.0	152.0	153.0	154.0	155.0	156.0	157.0	158.0	159.0	160.0	161.0	162.0	163.0	164.0	165.0	166.0	167.0	168.0	169.0	170.0	171.0	172.0	173.0	174.0	175.0	176.0	177.0	178.0	179.0	180.0	181.0	182.0	183.0	184.0	185.0	186.0	187.0	188.0	189.0	190.0	191.0	192.0	193.0	194.0	195.0	196.0	197.0	198.0	199.0	200.0	201.0	202.0	203.0	204.0	205.0	206.0	207.0	208.0	209.0	210.0	211.0	212.0	213.0	214.0	215.0	216.0	217.0	218.0	219.0	220.0	221.0	222.0	223.0	224.0	225.0	226.0	227.0	228.0	229.0	230.0	231.0	232.0	233.0	234.0	235.0	236.0	237.0	238.0	239.0	240.0	241.0	242.0	243.0	244.0	245.0	246.0	247.0	248.0	249.0	250.0	251.0	252.0	253.0	254.0	255.0	256.0	257.0	258.0	259.0	260.0	261.0	262.0	263.0	264.0	265.0	266.0	267.0	268.0	269.0	270.0	271.0	272.0	273.0	274.0	275.0	276.0	277.0	278.0	279.0	280.0	281.0	282.0	283.0	284.0	285.0	286.0	287.0	288.0	289.0	290.0	291.0	292.0	293.0	294.0	295.0	296.0	297.0	298.0	298.0	299.0	300.0	301.0	302.0	303.0	304.0	305.0
2252.377690635416
