3307.8688671625714	500.0	2000.0	146.79102065817037	0	0.0	3307.8688671625714	1	0	1.0	-1.1182094583193487
4009.544844801979	3000.0	2298.3240223605926	0.0	0	0.0	3307.8688671625714	1	0	1.0	0.2669589973078126
4660.997220994294	3000.0	2646.8716461682766	0.0	0	0.0	3307.8688671625714	1	0	1.0	2.0587184665358675
5757.699022521956	3000.0	2550.169844640616	0.0	0	0.0	3307.8688671625723	1	0	1.0	2.0587184665358675
7665.666868700458	3000.0	1642.2019984621145	0.0	0	0.0	3307.8688671625723	1	0	1.0	2.0587184665358675
9137.847591761656	2000.0	1170.0212754009165	0.0	0	0.0	3307.8688671625723	1	0	1.0	1.2477882503195379
10116.50926063608	2000.0	1191.359606526493	0.0	0	0.0	3307.8688671625714	1	0	1.0	1.6532533584277027
10691.238760636748	2000.0	1616.6301065258242	0.0	0	0.0	3307.8688671625714	1	0	1.0	1.6532533584277032
11154.46968432448	2000.0	2153.399182838093	0.0	0	0.0	3307.8688671625714	1	0	1.0	1.6532533584277032
13342.121329746447	3000.0	965.747537416126	0.0	0	0.0	3307.8688671625714	1	0	1.0	1.653253358427703
15130.705845003355	2000.0	200.0	22.836977840781714	0	0.0	3330.705845003353	1	0	1.0	1.1096700180244412
17015.229431193944	2000.0	200.0	884.523586190588	0	0.0	4215.229431193944	1	0	1.0	-3.9732539290565505
18055.23042840731	2000.0	466.77148620754065	306.7724834209075	0	0.0	2522.0019146148516	1	0	1.0	-6.05340353063157
18727.054270328972	2000.0	794.9476442858784	0.0	0	0.0	2522.0019146148497	1	0	1.0	1.7872313698938735
19400.75288479219	2000.0	1121.2490298226585	0.0	0	0.0	2522.001914614848	1	0	1.0	1.7872313698938738
19919.553035776575	2000.0	1602.448878838275	0.0	0	0.0	2522.001914614848	1	0	1.0	1.7872313698938738
20696.544520839438	2000.0	1825.4573937754117	0.0	0	0.0	2522.001914614848	1	0	1.0	1.7872313698938738
21200.0	2000.0	2322.0019146148475	0.0	0	7.8431470572031685	2522.001914614848	1	0	1.0	1.7872313698938738
22298.974068335738	3000.0	2223.027846279111	0.0	0	0.0	2522.001914614848	1	0	1.0	1.787231369893874
23200.0	3000.0	2322.0019146148475	0.0	0	28.706126033630426	2522.001914614848	1	0	1.0	2.1926964780020386
25010.99249702781	3000.0	1511.0094175870383	0.0	0	0.0	2522.001914614848	1	0	1.0	2.1926964780020386
26447.460010829152	3000.0	1074.5419037856987	0.0	0	0.0	2522.001914614848	1	0	1.0	2.1926964780020386
27597.939230387557	2000.0	924.0626842272957	0.0	0	0.0	2522.001914614848	1	0	1.0	1.3817662617857092
28589.61680586647	2000.0	932.3851087483831	0.0	0	0.0	2522.001914614848	1	0	1.0	1.7872313698938738
29631.120621686307	2000.0	890.8812929285467	0.0	0	0.0	2522.001914614848	1	0	1.0	1.7872313698938738
30305.745322070972	2000.0	1216.2565925438792	0.0	0	0.0	2522.0019146148443	1	0	1.0	1.7872313698938744
31050.318419781022	2000.0	1471.6834948338264	0.0	0	0.0	2522.0019146148443	1	0	1.0	1.7872313698938744
31449.19475139995	2000.0	2072.807163214896	0.0	0	0.0	2522.0019146148443	1	0	1.0	1.7872313698938744
32210.03208904268	3000.0	2311.9698255721687	0.0	0	0.0	2522.0019146148443	1	0	1.0	1.7872313698938744
33987.67370812864	3000.0	1534.3282064862105	0.0	0	0.0	2522.001914614848	1	0	1.0	2.192696478002039
35086.06486297104	3000.0	1435.9370516438096	0.0	0	0.0	2522.001914614848	1	0	1.0	2.1926964780020386
36364.97392705674	3000.0	1157.027987558121	0.0	0	0.0	2522.001914614848	1	0	1.0	2.1926964780020386
36868.83432358803	2000.0	1653.1675910268268	0.0	0	0.0	2522.001914614848	1	0	1.0	1.3817662617857092
37427.81938511314	2000.0	2094.1825295017215	0.0	0	0.0	2522.001914614848	1	0	1.0	1.7872313698938738
38577.25053172156	3000.0	1944.7513828932965	0.0	0	0.0	2522.001914614848	1	0	1.0	1.787231369893874
40356.457914731785	3000.0	1165.5439998830727	0.0	0	0.0	2522.001914614855	1	0	1.0	2.1926964780020377
41289.8253292134	2000.0	1232.1765854014654	0.0	0	0.0	2522.001914614855	1	0	1.0	1.3817662617857085
42173.81006158686	2000.0	1348.191853028005	0.0	0	0.0	2522.001914614848	1	0	1.0	1.7872313698938738
42907.58611056334	2000.0	1614.4158040515294	0.0	0	0.0	2522.001914614848	1	0	1.0	1.7872313698938738
44190.88262549735	2000.0	1331.1192891175226	0.0	0	0.0	2522.001914614848	1	0	1.0	1.7872313698938738
45412.85668728086	2000.0	1109.1452273340158	0.0	0	0.0	2522.001914614848	1	0	1.0	1.7872313698938738
46295.73105544459	2000.0	1226.2708591702858	0.0	0	0.0	2522.0019146148406	1	0	1.0	1.7872313698938747
47030.29958051109	2000.0	1491.7023341037789	0.0	0	0.0	2522.0019146148406	1	0	1.0	1.7872313698938747
47723.440206854786	2000.0	1798.5617077600878	0.0	0	0.0	2522.001914614848	1	0	1.0	1.7872313698938738
48633.79244530531	3000.0	1888.2094693095669	0.0	0	0.0	2522.001914614848	1	0	1.0	1.787231369893874
49859.475546366026	3000.0	1662.5263682488517	0.0	0	0.0	2522.001914614848	1	0	1.0	2.1926964780020386
51255.342986546355	3000.0	1266.6589280685257	0.0	0	0.0	2522.001914614855	1	0	1.0	2.1926964780020377
52850.260539842566	3000.0	671.7413747723092	0.0	0	0.0	2522.001914614855	1	0	1.0	2.1926964780020377
53760.52690468044	2000.0	761.4750099344304	0.0	0	0.0	2522.001914614855	1	0	1.0	1.3817662617857085
54600.78686517946	2000.0	921.215049435405	0.0	0	0.0	2522.001914614855	1	0	1.0	1.787231369893873
55501.12226129904	2000.0	1020.8796533158335	0.0	0	0.0	2522.001914614855	1	0	1.0	1.787231369893873
56323.33302180918	2000.0	1198.6688928056947	0.0	0	0.0	2522.001914614855	1	0	1.0	1.787231369893873
57364.31099800276	2000.0	1157.690916612125	0.0	0	0.0	2522.001914614855	1	0	1.0	1.787231369893873
58422.7999697046	2000.0	1099.2019449102818	0.0	0	0.0	2522.001914614855	1	0	1.0	1.787231369893873
59129.794754181166	2000.0	1392.2071604337136	0.0	0	0.0	2522.001914614855	1	0	1.0	1.787231369893873
60103.93969186946	2000.0	1418.0622227454148	0.0	0	0.0	2522.001914614848	1	0	1.0	1.7872313698938738
60787.82569668145	2000.0	1734.176217933428	0.0	0	0.0	2522.0019146148406	1	0	1.0	1.7872313698938747
61929.54265313147	2000.0	1592.4592614834035	0.0	0	0.0	2522.0019146148406	1	0	1.0	1.7872313698938747
63039.36096674935	2000.0	1482.640947865525	0.0	0	0.0	2522.0019146148334	1	0	1.0	1.7872313698938755
63880.46672462465	2000.0	1641.5351899902118	0.0	0	0.0	2522.0019146148334	1	0	1.0	1.7872313698938755
64687.60845182941	2000.0	1834.3934627854549	0.0	0	0.0	2522.0019146148406	1	0	1.0	1.7872313698938747
65722.26069302793	2000.0	1799.7412215869308	0.0	0	0.0	2522.0019146148334	1	0	1.0	1.7872313698938749
66711.23741948232	2000.0	1810.7644951325365	0.0	0	0.0	2522.001914614826	1	0	1.0	1.7872313698938762
67468.91145069066	2000.0	2053.0904639241858	0.0	0	0.0	2522.001914614819	1	0	1.0	1.7872313698938767
68583.85269158811	2000.0	1938.1492230267356	0.0	0	0.0	2522.001914614826	1	0	1.0	1.7872313698938762
69551.9631250532	2000.0	1970.0387895616504	0.0	0	0.0	2522.001914614826	1	0	1.0	1.7872313698938762
70630.62028559596	2000.0	1891.3816290188927	0.0	0	0.0	2522.0019146148406	1	0	1.0	1.7872313698938747
71520.62432726553	2000.0	2001.3775873493325	0.0	0	0.0	2522.0019146148406	1	0	1.0	1.7872313698938747
72599.88429835858	2000.0	1922.117616256281	0.0	0	0.0	2522.001914614855	1	0	1.0	1.787231369893873
73247.81334857036	2000.0	2274.1885660444927	0.0	0	0.0	2522.001914614855	1	0	1.0	1.787231369893873
74200.0	2000.0	2322.0019146148547	0.0	0	82.50939467319404	2522.0019146148406	1	0	1.0	1.7872313698938747
75206.7948697078	2000.0	2315.2070449070698	0.0	0	0.0	2522.0019146148406	1	0	1.0	1.7872313698938747
76243.38507038276	2000.0	2278.616844232096	0.0	0	0.0	2522.0019146148406	1	0	1.0	1.7872313698938747
77200.0	2000.0	2322.001914614842	0.0	0	40.42352838662919	2522.0019146148406	1	0	1.0	1.7872313698938747
78200.0	2000.0	2322.0019146148397	0.0	0	106.57081631668552	2522.0019146148406	1	0	1.0	1.7872313698938747
79200.0	2000.0	2322.001914614832	0.0	0	47.74406941617781	2522.0019146148406	1	0	1.0	1.7872313698938747
80200.0	2000.0	2322.001914614838	0.0	0	198.30464367257082	2522.0019146148406	1	0	1.0	1.7872313698938747
81363.93404937696	2000.0	2158.0678652378683	0.0	0	0.0	2522.0019146148406	1	0	1.0	1.7872313698938747
82305.96949527354	2000.0	2216.0324193412903	0.0	0	0.0	2522.0019146148406	1	0	1.0	1.7872313698938747
83200.0	2000.0	2322.001914614845	0.0	0	108.59383283548232	2522.001914614826	1	0	1.0	1.7872313698938762
84230.41073977675	2000.0	2291.5911748380886	0.0	0	0.0	2522.001914614826	1	0	1.0	1.7872313698938762
85310.1509768904	2000.0	2211.8509377244272	0.0	0	0.0	2522.0019146148115	1	0	1.0	1.787231369893878
86200.0	2000.0	2322.001914614833	0.0	0	43.084845426972606	2522.0019146148115	1	0	1.0	1.787231369893878
87200.0	2000.0	2322.001914614835	0.0	0	5.940620438399492	2522.0019146148115	1	0	1.0	1.787231369893878
88200.0	2000.0	2322.0019146148243	0.0	0	25.883658994702273	2522.0019146148115	1	0	1.0	1.787231369893878
89200.0	2000.0	2322.0019146148375	0.0	0	287.1838146254013	2522.0019146148115	1	0	1.0	1.787231369893878
90200.0	2000.0	2322.00191461484	0.0	0	109.82573520578444	2522.0019146148115	1	0	1.0	1.787231369893878
91200.0	2000.0	2322.0019146148315	0.0	0	214.35528984155098	2522.0019146148115	1	0	1.0	1.787231369893878
92200.0	2000.0	2322.0019146148225	0.0	0	54.518829043372534	2522.0019146148115	1	0	1.0	1.787231369893878
93200.0	2000.0	2322.0019146148256	0.0	0	331.43765396933304	2522.0019146148115	1	0	1.0	1.787231369893878
94257.88801602527	2000.0	2264.113898589564	0.0	0	0.0	2522.0019146148115	1	0	1.0	1.787231369893878
95358.23053446187	2000.0	2163.771380152969	0.0	0	0.0	2522.0019146148115	1	0	1.0	1.787231369893878
96207.4377556049	2000.0	2314.564159009931	0.0	0	0.0	2522.0019146148115	1	0	1.0	1.787231369893878
97200.0	2000.0	2322.0019146148456	0.0	0	141.63923803399666	2522.001914614797	1	0	1.0	1.7872313698938798
98325.01580330804	2000.0	2196.9861113068023	0.0	0	0.0	2522.001914614797	1	0	1.0	1.7872313698938798
99224.55235961245	2000.0	2297.4495550023858	0.0	0	0.0	2522.001914614797	1	0	1.0	1.7872313698938798
100200.0	2000.0	2322.0019146148356	0.0	0	60.76117660908494	2522.0019146148115	1	0	1.0	1.787231369893878
101230.90670628421	2000.0	2291.095208330628	0.0	0	0.0	2522.0019146148115	1	0	1.0	1.787231369893878
102200.0	2000.0	2322.0019146148393	0.0	0	16.47951143127284	2522.0019146148115	1	0	1.0	1.787231369893878
103200.0	2000.0	2322.00191461483	0.0	0	7.2144032260112	2522.0019146148115	1	0	1.0	1.787231369893878
104320.58332195354	2000.0	2201.4185926612813	0.0	0	0.0	2522.001914614797	1	0	1.0	1.7872313698938798
105331.80708998053	2000.0	2190.194824634289	0.0	0	0.0	2522.001914614797	1	0	1.0	1.7872313698938798
106461.99487281767	2000.0	2060.007041797149	0.0	0	0.0	2522.001914614797	1	0	1.0	1.7872313698938798
107665.24391570548	2000.0	1856.7579989093483	0.0	0	0.0	2522.001914614797	1	0	1.0	1.7872313698938798
108670.94354675118	2000.0	1851.0583678636551	0.0	0	0.0	2522.001914614797	1	0	1.0	1.7872313698938798
109486.17065753012	2000.0	2035.8312570847183	0.0	0	0.0	2522.001914614797	1	0	1.0	1.7872313698938798
110221.28429751727	2000.0	2300.717617097569	0.0	0	0.0	2522.0019146147824	1	0	1.0	1.7872313698938813
111307.69667770536	2000.0	2214.305236909485	0.0	0	0.0	2522.0019146147824	1	0	1.0	1.7872313698938813
112200.0	2000.0	2322.001914614836	0.0	0	106.92378931946587	2522.0019146147824	1	0	1.0	1.7872313698938813
113200.0	2000.0	2322.001914614842	0.0	0	68.92382109496975	2522.0019146147824	1	0	1.0	1.7872313698938813
114369.0840488285	2000.0	2152.9178657863467	0.0	0	0.0	2522.0019146147824	1	0	1.0	1.7872313698938813
115206.65664103275	2000.0	2315.3452735821074	0.0	0	0.0	2522.001914614797	1	0	1.0	1.7872313698938798
116291.83430782559	2000.0	2230.167606789253	0.0	0	0.0	2522.001914614797	1	0	1.0	1.7872313698938798
117324.49778069851	2000.0	2197.504133916332	0.0	0	0.0	2522.001914614797	1	0	1.0	1.7872313698938798
118200.0	2000.0	2322.001914614837	0.0	0	120.49899937264854	2522.001914614797	1	0	1.0	1.7872313698938798
119200.0	2000.0	2322.0019146148425	0.0	0	226.40446798417543	2522.001914614797	1	0	1.0	1.7872313698938798
120200.0	2000.0	2322.0019146148584	0.0	0	146.9683812576841	2522.001914614797	1	0	1.0	1.7872313698938798
121200.0	2000.0	2322.001914614866	0.0	0	228.5468548311619	2522.001914614797	1	0	1.0	1.7872313698938798
122200.0	2000.0	2322.0019146148898	0.0	0	146.65197877917672	2522.001914614797	1	0	1.0	1.7872313698938798
123235.97638851644	2000.0	2286.025526098463	0.0	0	0.0	2522.001914614797	1	0	1.0	1.7872313698938798
124274.75723955655	2000.0	2247.2446750583536	0.0	0	0.0	2522.0019146147824	1	0	1.0	1.7872313698938813
125361.46550094649	2000.0	2160.536413668422	0.0	0	0.0	2522.0019146147824	1	0	1.0	1.7872313698938813
126311.72659670473	2000.0	2210.275317910182	0.0	0	0.0	2522.0019146147824	1	0	1.0	1.7872313698938813
127364.75881477587	2000.0	2157.243099839042	0.0	0	0.0	2522.0019146147824	1	0	1.0	1.7872313698938813
128200.0	2000.0	2322.001914614917	0.0	0	89.77144582341134	2522.0019146147824	1	0	1.0	1.7872313698938813
129300.02287817285	2000.0	2221.979036442066	0.0	0	0.0	2522.0019146147824	1	0	1.0	1.7872313698938813
130200.0	2000.0	2322.0019146149198	0.0	0	16.862235654800315	2522.0019146147824	1	0	1.0	1.7872313698938813
131402.4439156612	2000.0	2119.557998953718	0.0	0	0.0	2522.0019146147533	1	0	1.0	1.7872313698938824
132702.00559421693	2000.0	1819.9963203979764	0.0	0	0.0	2522.0019146147533	1	0	1.0	1.7872313698938842
133568.48279062306	2000.0	1953.519123991808	0.0	0	0.0	2522.0019146147097	1	0	1.0	1.7872313698938875
134478.28645288784	2000.0	2043.7154617270166	0.0	0	0.0	2522.0019146147533	1	0	1.0	1.7872313698938855
135244.75982364436	2000.0	2277.2420909705193	0.0	0	0.0	2522.0019146147242	1	0	1.0	1.7872313698938882
136200.0	2000.0	2322.0019146148893	0.0	0	70.56171120036743	2522.0019146147242	1	0	1.0	1.7872313698938882
137200.0	2000.0	2322.0019146149084	0.0	0	92.70294324285351	2522.0019146147242	1	0	1.0	1.7872313698938882
138272.5050542571	2000.0	2249.4968603578295	0.0	0	0.0	2522.0019146147242	1	0	1.0	1.7872313698938882
139432.56275413078	2000.0	2089.439160484165	0.0	0	0.0	2522.0019146147533	1	0	1.0	1.7872313698938849
140490.6600710304	2000.0	2031.341843584554	0.0	0	0.0	2522.0019146147533	1	0	1.0	1.7872313698938849
141441.39938326468	2000.0	2080.602531350297	0.0	0	0.0	2522.0019146147533	1	0	1.0	1.7872313698938849
142306.64857623167	2000.0	2215.353338383299	0.0	0	0.0	2522.0019146147533	1	0	1.0	1.7872313698938849
143610.7758595299	2000.0	1911.226055085065	0.0	0	0.0	2522.0019146147533	1	0	1.0	1.7872313698938849
144752.62797514588	2000.0	1769.3739394691065	0.0	0	0.0	2522.0019146147824	1	0	1.0	1.7872313698938813
145919.24720032545	2000.0	1602.7547142895469	0.0	0	0.0	2522.0019146147824	1	0	1.0	1.7872313698938813
147206.05703532012	2000.0	1315.9448792948733	0.0	0	0.0	2522.0019146147824	1	0	1.0	1.7872313698938813
148486.65094606596	2000.0	1035.3509685490637	0.0	0	0.0	2522.0019146147824	1	0	1.0	1.7872313698938813
149318.30718614627	2000.0	1203.6947284687456	0.0	0	0.0	2522.0019146147824	1	0	1.0	1.7872313698938813
150268.8932888424	2000.0	1253.108625772617	0.0	0	0.0	2522.0019146147824	1	0	1.0	1.7872313698938813
150888.8470104755	2000.0	1633.1549041395342	0.0	0	0.0	2522.0019146148115	1	0	1.0	1.787231369893878
151385.11311408415	2000.0	2136.888800530859	0.0	0	0.0	2522.0019146148115	1	0	1.0	1.787231369893878
152200.0	2000.0	2322.001914615019	0.0	0	78.97421771546942	2522.0019146148115	1	0	1.0	1.787231369893878
153200.0	3000.0	2322.0019146150116	0.0	0	43.030068803054746	2522.0019146148115	1	0	1.0	1.7872313698938782
154200.0	3000.0	2322.001914615003	0.0	0	229.52857801914797	2522.0019146147824	1	0	1.0	2.1926964780020435
156121.97959170016	3000.0	1400.0223229148312	0.0	0	0.0	2522.0019146148115	1	0	1.0	2.1926964780020435
157337.15386857657	2000.0	1184.8480460383912	0.0	0	0.0	2522.0019146147824	1	0	1.0	1.3817662617857154
158463.11460460746	2000.0	1058.8873100075123	0.0	0	0.0	2522.0019146147824	1	0	1.0	1.7872313698938813
159311.1694514017	2000.0	1210.8324632132703	0.0	0	0.0	2522.0019146147824	1	0	1.0	1.7872313698938813
160133.79925778927	2000.0	1388.2026568257286	0.0	0	0.0	2522.0019146147824	1	0	1.0	1.7872313698938813
160762.01370145622	2000.0	1759.988213158799	0.0	0	0.0	2522.0019146147824	1	0	1.0	1.7872313698938813
162326.4952130452	2000.0	1195.50670156985	0.0	0	0.0	2522.0019146147533	1	0	1.0	1.7872313698938826
164771.85267883615	2000.0	200.0	449.8507642211417	0	0.0	2971.8526788358286	1	0	1.0	-0.9326861666134993
165601.1693074237	1000.0	634.423205411025	263.7398339985915	0	0.0	3235.59251283473	1	0	1.0	-1.2988353194705615
166418.55264423054	2000.0	817.0398686041442	0.0	0	0.0	3235.59251283473	1	0	1.0	0.9767508650809333
167361.7117882867	2000.0	873.8807245480136	0.0	0	0.0	3235.59251283473	1	0	1.0	1.6698980456408785
168206.50288083847	2000.0	1029.0896319961935	0.0	0	0.0	3235.5925128347008	1	0	1.0	1.669898045640885
168988.7524627031	2000.0	1246.840050131582	0.0	0	0.0	3235.5925128347008	1	0	1.0	1.669898045640885
169454.1566539857	2000.0	1781.4358588489802	0.0	0	0.0	3235.5925128346717	1	0	1.0	1.6698980456408914
170346.41146885665	3000.0	1889.1810439780124	0.0	0	0.0	3235.5925128346717	1	0	1.0	1.6698980456408918
171013.1885155889	3000.0	2222.4039972457585	0.0	0	0.0	3235.5925128346717	1	0	1.0	2.0753631537490564
172077.83437101787	3000.0	2157.7581418167747	0.0	0	0.0	3235.5925128346425	1	0	1.0	2.0753631537490578
173740.6159259307	3000.0	1494.976586903946	0.0	0	0.0	3235.5925128346425	1	0	1.0	2.0753631537490627
175353.38257739466	2000.0	882.2099354399783	0.0	0	0.0	3235.5925128346425	1	0	1.0	1.2644329375327334
176540.68783368258	2000.0	694.9046791520416	0.0	0	0.0	3235.5925128346425	1	0	1.0	1.669898045640898
177393.03732375018	2000.0	842.5551890844524	0.0	0	0.0	3235.5925128346425	1	0	1.0	1.669898045640898
178247.47667513246	2000.0	988.115837702199	0.0	0	0.0	3235.5925128346717	1	0	1.0	1.669898045640894
179128.1179618098	2000.0	1107.4745510248756	0.0	0	0.0	3235.5925128346717	1	0	1.0	1.6698980456408914
179867.3096289024	2000.0	1368.2828839322617	0.0	0	0.0	3235.5925128346717	1	0	1.0	1.6698980456408914
180521.56171746537	2000.0	1714.030795369272	0.0	0	0.0	3235.5925128346425	1	0	1.0	1.669898045640898
181705.65418332096	3000.0	1529.9383295137268	0.0	0	0.0	3235.5925128346717	1	0	1.0	1.6698980456408918
183586.91752391597	3000.0	648.6749889187206	0.0	0	0.0	3235.5925128347008	1	0	1.0	2.07536315374905
184511.81194420214	2000.0	723.7805686325518	0.0	0	0.0	3235.5925128347008	1	0	1.0	1.2644329375327203
185362.38779229287	2000.0	873.2047205418125	0.0	0	0.0	3235.5925128347008	1	0	1.0	1.669898045640885
185915.71556417673	2000.0	1319.8769486579135	0.0	0	0.0	3235.5925128347008	1	0	1.0	1.669898045640885
186771.99714699556	2000.0	1463.5953658390722	0.0	0	0.0	3235.5925128347008	1	0	1.0	1.669898045640885
187375.01722205564	2000.0	1860.5752907790059	0.0	0	0.0	3235.5925128347008	1	0	1.0	1.669898045640885
188928.30578199876	3000.0	1307.2867308358457	0.0	0	0.0	3235.5925128347008	1	0	1.0	1.6698980456408878
189987.5493036462	2000.0	1248.0432091883977	0.0	0	0.0	3235.5925128347008	1	0	1.0	1.2644329375327203
190790.79090040523	2000.0	1444.8016124293458	0.0	0	0.0	3235.59251283473	1	0	1.0	1.6698980456408785
191717.98441317846	2000.0	1517.6080996561143	0.0	0	0.0	3235.592512834759	1	0	1.0	1.6698980456408719
193339.370560255	2000.0	896.2219525795881	0.0	0	0.0	3235.59251283473	1	0	1.0	1.6698980456408785
194295.32696877833	2000.0	940.2655440562464	0.0	0	0.0	3235.59251283473	1	0	1.0	1.6698980456408785
195253.68793016244	2000.0	981.9045826721433	0.0	0	0.0	3235.59251283473	1	0	1.0	1.6698980456408785
196123.42134406816	2000.0	1112.1711687664329	0.0	0	0.0	3235.59251283473	1	0	1.0	1.6698980456408785
196649.74296685972	2000.0	1585.8495459748788	0.0	0	0.0	3235.59251283473	1	0	1.0	1.6698980456408785
197449.40142002705	3000.0	1786.1910928075092	0.0	0	0.0	3235.59251283473	1	0	1.0	1.6698980456408787
198480.67161660493	3000.0	1754.9208962296384	0.0	0	0.0	3235.592512834759	1	0	1.0	2.075363153749039
199542.80818616963	3000.0	1692.7843266649422	0.0	0	0.0	3235.592512834759	1	0	1.0	2.0753631537490365
200842.1145587687	3000.0	1393.4779540658296	0.0	0	0.0	3235.592512834759	1	0	1.0	2.0753631537490365
201493.71463740684	2000.0	1741.8778754276705	0.0	0	0.0	3235.592512834759	1	0	1.0	1.2644329375327072
202634.9029949756	2000.0	1600.6895178589	0.0	0	0.0	3235.592512834759	1	0	1.0	1.6698980456408719
203505.25754936895	2000.0	1730.3349634655465	0.0	0	0.0	3235.592512834759	1	0	1.0	1.6698980456408719
204622.73466472173	2000.0	1612.8578481127743	0.0	0	0.0	3235.592512834759	1	0	1.0	1.6698980456408719
205471.01038288348	2000.0	1764.5821299510294	0.0	0	0.0	3235.592512834759	1	0	1.0	1.6698980456408719
206587.95992391367	2000.0	1647.6325889208536	0.0	0	0.0	3235.592512834759	1	0	1.0	1.6698980456408719
207215.75897499316	2000.0	2019.8335378413594	0.0	0	0.0	3235.592512834759	1	0	1.0	1.6698980456408719
208110.2423056975	2000.0	2125.3502071370444	0.0	0	0.0	3235.59251283473	1	0	1.0	1.6698980456408785
209011.45788762724	2000.0	2224.13462520731	0.0	0	0.0	3235.592512834759	1	0	1.0	1.6698980456408719
210025.08964993557	2000.0	2210.502862898953	0.0	0	0.0	3235.592512834759	1	0	1.0	1.6698980456408719
210798.4232903121	2000.0	2437.16922252241	0.0	0	0.0	3235.592512834759	1	0	1.0	1.6698980456408719
211484.59481595937	2000.0	2750.9976968751544	0.0	0	0.0	3235.592512834788	1	0	1.0	1.6698980456408654
212527.94656796363	2000.0	2707.645944870904	0.0	0	0.0	3235.592512834788	1	0	1.0	1.6698980456408654
213492.63148075656	2000.0	2742.9610320779766	0.0	0	0.0	3235.592512834788	1	0	1.0	1.6698980456408654
214256.86005714114	2000.0	2978.732455693406	0.0	0	0.0	3235.592512834788	1	0	1.0	1.6698980456408654
215963.03351385015	3000.0	2272.5589989843766	0.0	0	0.0	3235.592512834788	1	0	1.0	1.6698980456408656
216890.78638907618	2000.0	2344.806123758351	0.0	0	0.0	3235.592512834788	1	0	1.0	1.2644329375327008
217898.05696581688	2000.0	2337.5355470176246	0.0	0	0.0	3235.592512834759	1	0	1.0	1.6698980456408719
218866.51180410697	2000.0	2369.0807087275407	0.0	0	0.0	3235.592512834788	1	0	1.0	1.6698980456408654
219754.40673489159	2000.0	2481.185777942911	0.0	0	0.0	3235.592512834759	1	0	1.0	1.6698980456408719
220449.96617802448	2000.0	2785.6263348100238	0.0	0	0.0	3235.592512834759	1	0	1.0	1.6698980456408719
221394.0400744326	2000.0	2841.552438401908	0.0	0	0.0	3235.592512834759	1	0	1.0	1.6698980456408692
222274.73709506876	2000.0	2960.855417765719	0.0	0	0.0	3235.592512834759	1	0	1.0	1.6698980456408719
223811.37807486235	3000.0	2424.2144379721135	0.0	0	0.0	3235.592512834759	1	0	1.0	1.669898045640872
225029.72321812238	3000.0	2205.8692947120708	0.0	0	0.0	3235.592512834788	1	0	1.0	2.0753631537490302
226708.7725845414	3000.0	1526.8199282930561	0.0	0	0.0	3235.592512834788	1	0	1.0	2.0753631537490302
227541.6566669408	2000.0	1693.9358458936426	0.0	0	0.0	3235.592512834788	1	0	1.0	1.2644329375327008
228657.01045623687	2000.0	1578.5820565975746	0.0	0	0.0	3235.592512834817	1	0	1.0	1.6698980456408588
229879.20126759465	2000.0	1356.3912452397658	0.0	0	0.0	3235.592512834817	1	0	1.0	1.6698980456408588
231044.33552680683	2000.0	1191.256986027599	0.0	0	0.0	3235.592512834817	1	0	1.0	1.6698980456408588
231888.61200849296	2000.0	1346.9805043414665	0.0	0	0.0	3235.592512834817	1	0	1.0	1.6698980456408588
232738.9673349441	2000.0	1496.6251778903352	0.0	0	0.0	3235.592512834817	1	0	1.0	1.6698980456408588
233610.0893106497	2000.0	1625.5032021847207	0.0	0	0.0	3235.5925128348463	1	0	1.0	1.6698980456408523
234683.77238700277	2000.0	1551.820125831673	0.0	0	0.0	3235.5925128348463	1	0	1.0	1.6698980456408523
235588.3047323489	2000.0	1647.2877804855277	0.0	0	0.0	3235.5925128348754	1	0	1.0	1.6698980456408457
236248.27233981036	2000.0	1987.3201730240623	0.0	0	0.0	3235.5925128348754	1	0	1.0	1.6698980456408457
236924.99837385045	2000.0	2310.5941389839713	0.0	0	0.0	3235.5925128348463	1	0	1.0	1.6698980456408523
237747.33088398652	2000.0	2488.2616288478844	0.0	0	0.0	3235.592512834817	1	0	1.0	1.6698980456408588
238906.2371130487	2000.0	2329.355399785687	0.0	0	0.0	3235.592512834817	1	0	1.0	1.6698980456408588
239930.1844825596	2000.0	2305.4080302747825	0.0	0	0.0	3235.592512834788	1	0	1.0	1.6698980456408654
240855.48720302677	2000.0	2380.1053098076072	0.0	0	0.0	3235.592512834788	1	0	1.0	1.6698980456408654
241962.80715818246	2000.0	2272.785354651896	0.0	0	0.0	3235.592512834788	1	0	1.0	1.6698980456408654
243106.13614833637	2000.0	2129.4563644979853	0.0	0	0.0	3235.592512834759	1	0	1.0	1.6698980456408667
244121.11525123718	2000.0	2114.4772615971697	0.0	0	0.0	3235.592512834759	1	0	1.0	1.6698980456408719
244842.2329909925	2000.0	2393.359521841871	0.0	0	0.0	3235.592512834759	1	0	1.0	1.6698980456408719
245988.44948507485	2000.0	2247.1430277594977	0.0	0	0.0	3235.592512834788	1	0	1.0	1.6698980456408654
247068.5524453919	2000.0	2167.0400674424563	0.0	0	0.0	3235.592512834759	1	0	1.0	1.6698980456408667
248012.92835460228	2000.0	2222.6641582320754	0.0	0	0.0	3235.592512834759	1	0	1.0	1.6698980456408719
248890.3825878286	2000.0	2345.209925005766	0.0	0	0.0	3235.592512834759	1	0	1.0	1.6698980456408719
249860.79282488461	2000.0	2374.799687949715	0.0	0	0.0	3235.592512834788	1	0	1.0	1.6698980456408654
250972.7571839209	2000.0	2262.8353289134357	0.0	0	0.0	3235.592512834817	1	0	1.0	1.6698980456408588
252235.25243287254	2000.0	2000.3400799617905	0.0	0	0.0	3235.592512834817	1	0	1.0	1.6698980456408588
253315.36541409796	2000.0	1920.2270987363527	0.0	0	0.0	3235.592512834817	1	0	1.0	1.6698980456408588
254195.21888942723	2000.0	2040.373623407083	0.0	0	0.0	3235.592512834817	1	0	1.0	1.6698980456408588
255244.06007232287	2000.0	1991.5324405114281	0.0	0	0.0	3235.592512834817	1	0	1.0	1.6698980456408627
256218.96428269378	2000.0	2016.6282301405035	0.0	0	0.0	3235.592512834817	1	0	1.0	1.6698980456408588
257321.53905852343	2000.0	1914.0534543108515	0.0	0	0.0	3235.592512834817	1	0	1.0	1.6698980456408588
258344.11068422982	2000.0	1891.481828604472	0.0	0	0.0	3235.592512834788	1	0	1.0	1.6698980456408654
259431.34937247497	2000.0	1804.24314035932	0.0	0	0.0	3235.592512834788	1	0	1.0	1.6698980456408654
260475.09806288104	2000.0	1760.494449953305	0.0	0	0.0	3235.592512834788	1	0	1.0	1.6698980456408654
261480.70092349182	2000.0	1754.8915893425012	0.0	0	0.0	3235.592512834788	1	0	1.0	1.6698980456408654
262370.2401013812	2000.0	1865.3524114531378	0.0	0	0.0	3235.5925128348463	1	0	1.0	1.6698980456408603
263449.22438673436	2000.0	1786.3681260999392	0.0	0	0.0	3235.5925128348463	1	0	1.0	1.669898045640855
264421.19035885547	2000.0	1814.4021539788753	0.0	0	0.0	3235.5925128349045	1	0	1.0	1.6698980456408485
265598.29463735357	2000.0	1637.297875480815	0.0	0	0.0	3235.592512834992	1	0	1.0	1.6698980456408237
266429.5163074465	2000.0	1806.076205387888	0.0	0	0.0	3235.592512834992	1	0	1.0	1.66989804564082
267214.47651282937	2000.0	2021.1160000050759	0.0	0	0.0	3235.59251283505	1	0	1.0	1.669898045640815
268404.89584681345	2000.0	1830.6966660210385	0.0	0	0.0	3235.5925128351664	1	0	1.0	1.6698980456407861
269597.3197511961	2000.0	1638.2727616384766	0.0	0	0.0	3235.5925128351664	1	0	1.0	1.669898045640781
270729.0424946981	2000.0	1506.5500181364484	0.0	0	0.0	3235.5925128351664	1	0	1.0	1.669898045640781
271521.44310101867	2000.0	1714.149411815839	0.0	0	0.0	3235.5925128352246	1	0	1.0	1.669898045640768
272664.41090241517	2000.0	1571.18161041932	0.0	0	0.0	3235.5925128352246	1	0	1.0	1.669898045640768
273835.0542925312	2000.0	1400.5382203033669	0.0	0	0.0	3235.5925128352246	1	0	1.0	1.669898045640768
274804.4233552012	2000.0	1431.1691576334051	0.0	0	0.0	3235.5925128352246	1	0	1.0	1.669898045640768
275618.3594623386	2000.0	1617.2330504959511	0.0	0	0.0	3235.5925128352246	1	0	1.0	1.669898045640768
276749.65703207796	2000.0	1485.9354807566253	0.0	0	0.0	3235.592512835283	1	0	1.0	1.669898045640755
277838.09831110295	2000.0	1397.4942017315554	0.0	0	0.0	3235.5925128352246	1	0	1.0	1.669898045640768
278906.2830615214	2000.0	1329.3094513130313	0.0	0	0.0	3235.5925128352246	1	0	1.0	1.669898045640768
279966.5888362362	2000.0	1269.0036765982277	0.0	0	0.0	3235.5925128352246	1	0	1.0	1.669898045640768
280911.7718336327	2000.0	1323.8206792017038	0.0	0	0.0	3235.5925128352246	1	0	1.0	1.669898045640768
281891.70856400207	2000.0	1343.8839488323106	0.0	0	0.0	3235.5925128352246	1	0	1.0	1.669898045640768
282831.17449296254	2000.0	1404.4180198717968	0.0	0	0.0	3235.5925128352246	1	0	1.0	1.669898045640768
283748.85204329225	2000.0	1486.7404695421108	0.0	0	0.0	3235.5925128352246	1	0	1.0	1.669898045640768
284792.77010350383	2000.0	1442.8224093305494	0.0	0	0.0	3235.592512835283	1	0	1.0	1.669898045640755
285560.2812418022	2000.0	1675.3112710321818	0.0	0	0.0	3235.592512835341	1	0	1.0	1.669898045640742
286649.2348131573	2000.0	1586.3576996770798	0.0	0	0.0	3235.592512835341	1	0	1.0	1.669898045640742
287752.6657782933	2000.0	1482.9267345410942	0.0	0	0.0	3235.592512835341	1	0	1.0	1.669898045640742
288789.629070886	2000.0	1445.9634419483807	0.0	0	0.0	3235.592512835341	1	0	1.0	1.669898045640742
289567.67724797945	2000.0	1667.9152648549484	0.0	0	0.0	3235.592512835341	1	0	1.0	1.669898045640742
290568.07022134174	2000.0	1667.522291492588	0.0	0	0.0	3235.592512835341	1	0	1.0	1.669898045640742
291535.5957469489	2000.0	1699.996765885422	0.0	0	0.0	3235.592512835341	1	0	1.0	1.669898045640742
292875.02594639995	2000.0	1360.5665664343787	0.0	0	0.0	3235.592512835283	1	0	1.0	1.669898045640755
293998.37628397305	2000.0	1237.2162288612467	0.0	0	0.0	3235.592512835283	1	0	1.0	1.669898045640755
295282.28878536134	2000.0	953.3037274729993	0.0	0	0.0	3235.592512835283	1	0	1.0	1.669898045640755
296354.0648513719	2000.0	881.527661462378	0.0	0	0.0	3235.5925128352246	1	0	1.0	1.669898045640768
297649.7447569156	2000.0	585.847755918665	0.0	0	0.0	3235.5925128351664	1	0	1.0	1.6698980456407784
298785.58743328304	2000.0	463.64840356372446	13.643324012457754	0	0.0	3249.2358368476853	1	0	1.0	1.5849765029816272
299744.38805707404	2000.0	531.66325024657	26.815470473799962	0	0.0	3276.051307321526	1	0	1.0	1.4998180472758582
300274.84934174013	2000.0	1001.2019655804372	0.0	0	0.0	3276.051307321526	1	0	1.0	1.6607108701186581
300881.34772634145	2000.0	1394.703580979027	0.0	0	0.0	3276.051307321468	1	0	1.0	1.6607108701186717
301481.8322621735	2000.0	1794.2190451469558	0.0	0	0.0	3276.051307321468	1	0	1.0	1.6607108701186717
302643.1438283566	3000.0	1632.9074789638528	0.0	0	0.0	3276.051307321468	1	0	1.0	1.6607108701186717
304290.3243539159	3000.0	985.7269534045778	0.0	0	0.0	3276.051307321468	1	0	1.0	2.0661759782268363
3.5508510638297874	3.610851063829787	1.8948510638297873	1.0668510638297872	1.2828510638297872	1.8708510638297873	2.5788510638297875	3.4548510638297873	3.262851063829787	0.8148510638297874	1.2948510638297872	1.0908510638297872	0.8268510638297875	1.5948510638297873	2.3988510638297873	3.034851063829787	3.0228510638297874	3.4548510638297873	3.466851063829787	3.490851063829787	1.966851063829787	1.6788510638297873	1.4628510638297871	2.038851063829787	1.8588510638297873	1.8468510638297873	2.758851063829787	3.538851063829787	4.1628510638297875	2.686851063829787	1.5108510638297872	2.1708510638297875	2.8308510638297872	3.118851063829787	2.962851063829787	3.466851063829787	1.7028510638297873	2.038851063829787	2.6508510638297875	2.3508510638297873	1.162851063829787	1.6668510638297873	2.518851063829787	3.118851063829787	3.8268510638297872	4.654851063829787	2.6766938775510205	2.30469387755102	2.35669387755102	2.32069387755102	2.3686938775510202	2.4406938775510203	2.2626938775510204	2.2866938775510204	2.3846938775510202	2.55069387755102	2.6306938775510202	2.5126938775510204	2.3586938775510204	2.3786938775510205	2.29269387755102	2.3946938775510205	2.3826938775510205	2.5126938775510204	2.4886938775510203	2.2506938775510203	2.1046938775510204	2.2066938775510203	2.30469387755102	2.4486938775510203	2.55069387755102	2.6586938775510203	2.3306938775510204	2.20469387755102	2.2866938775510204	2.3586938775510204	2.3986938775510205	2.20469387755102	2.20469387755102	2.21269387755102	2.27669387755102	2.2906938775510204	2.4366938775510203	2.4726938775510203	2.4806938775510203	2.5446938775510204	2.2346938775510203	2.1486938775510205	2.21269387755102	2.26469387755102	2.3546938775510204	2.46669387755102	2.4126938775510203	2.1346938775510202	2.19669387755102	2.0923333333333334	2.2223333333333333	2.272333333333333	2.022333333333333	1.9343333333333332	2.062333333333333	2.1683333333333334	2.2943333333333333	2.2943333333333333	2.1823333333333332	2.1603333333333334	2.1843333333333335	2.3063333333333333	2.236333333333333	2.1443333333333334	2.2583333333333333	2.3703333333333334	2.5263333333333335	2.1883333333333335	2.062333333333333	2.1843333333333335	2.1483333333333334	2.158333333333333	2.0963333333333334	2.0523333333333333	2.0643333333333334	2.2103333333333333	2.2663333333333333	2.4303333333333335	2.396333333333333	2.0803333333333334	2.248333333333333	2.252333333333333	1.9903333333333333	2.0163333333333333	1.9943333333333333	2.1243333333333334	2.1683333333333334	2.046333333333333	2.138333333333333	2.2623333333333333	2.380333333333333	2.380333333333333	2.2863333333333333	2.0523333333333333	1.9863333333333333	2.034333333333333	1.9883333333333333	1.69	1.73	1.88	2.4	2.95	3.37	3.0708510638297875	3.5508510638297874	3.610851063829787	1.8948510638297873	1.0668510638297872	1.2828510638297872	1.8708510638297873	2.5788510638297875	3.4548510638297873	3.262851063829787	0.8148510638297874	1.2948510638297872	1.0908510638297872	0.8268510638297875	1.5948510638297873	2.3988510638297873	3.034851063829787	3.0228510638297874	3.4548510638297873	3.466851063829787	3.490851063829787	1.966851063829787	1.6788510638297873	1.4628510638297871	2.038851063829787	1.8588510638297873	1.8468510638297873	2.758851063829787	3.538851063829787	4.1628510638297875	2.686851063829787	1.5108510638297872	2.1708510638297875	2.8308510638297872	3.118851063829787	2.962851063829787	3.466851063829787	1.7028510638297873	2.038851063829787	2.6508510638297875	2.3508510638297873	1.162851063829787	1.6668510638297873	2.518851063829787	3.118851063829787	3.8268510638297872	4.654851063829787	2.6766938775510205	2.30469387755102	2.35669387755102	2.32069387755102	2.3686938775510202	2.4406938775510203	2.2626938775510204	2.2866938775510204	2.3846938775510202	2.55069387755102	2.6306938775510202	2.5126938775510204	2.3586938775510204	2.3786938775510205	2.29269387755102	2.3946938775510205	2.3826938775510205	2.5126938775510204	2.4886938775510203	2.2506938775510203	2.1046938775510204	2.2066938775510203	2.30469387755102	2.4486938775510203	2.55069387755102	2.6586938775510203	2.3306938775510204	2.20469387755102	2.2866938775510204	2.3586938775510204	2.3986938775510205	2.20469387755102	2.20469387755102	2.21269387755102	2.27669387755102	2.2906938775510204	2.4366938775510203	2.4726938775510203	2.4806938775510203	2.5446938775510204	2.2346938775510203	2.1486938775510205	2.21269387755102	2.26469387755102	2.3546938775510204	2.46669387755102	2.4126938775510203	2.1346938775510202	2.19669387755102	2.0923333333333334	2.2223333333333333	2.272333333333333	2.022333333333333	1.9343333333333332	2.062333333333333	2.1683333333333334	2.2943333333333333	2.2943333333333333	2.1823333333333332	2.1603333333333334	2.1843333333333335	2.3063333333333333	2.236333333333333	2.1443333333333334	2.2583333333333333	2.3703333333333334	2.5263333333333335	2.1883333333333335	2.062333333333333	2.1843333333333335	2.1483333333333334	2.158333333333333	2.0963333333333334	2.0523333333333333	2.0643333333333334	2.2103333333333333	2.2663333333333333	2.4303333333333335	2.396333333333333	2.0803333333333334	2.248333333333333	2.252333333333333	1.9903333333333333	2.0163333333333333	1.9943333333333333	2.1243333333333334	2.1683333333333334	2.046333333333333	2.138333333333333	2.2623333333333333	2.380333333333333	2.380333333333333	2.2863333333333333	2.0523333333333333	1.9863333333333333	2.034333333333333	1.9883333333333333	1.69	1.73	1.88	2.4	2.95	3.37	3.0708510638297875	3.5508510638297874	3.610851063829787	1.8948510638297873	1.0668510638297872	1.2828510638297872
1.0	2.0	3.0	4.0	5.0	6.0	7.0	8.0	9.0	10.0	11.0	12.0	13.0	14.0	15.0	16.0	17.0	18.0	19.0	20.0	21.0	22.0	23.0	24.0	25.0	26.0	27.0	28.0	29.0	30.0	31.0	32.0	33.0	34.0	35.0	36.0	37.0	38.0	39.0	40.0	41.0	42.0	43.0	44.0	45.0	46.0	47.0	48.0	49.0	50.0	51.0	52.0	53.0	54.0	55.0	56.0	57.0	58.0	59.0	60.0	61.0	62.0	63.0	64.0	65.0	66.0	67.0	68.0	69.0	70.0	71.0	72.0	73.0	74.0	75.0	76.0	77.0	78.0	79.0	80.0	81.0	82.0	83.0	84.0	85.0	86.0	87.0	88.0	89.0	90.0	91.0	92.0	93.0	94.0	95.0	96.0	97.0	98.0	99.0	100.0	101.0	102.0	103.0	104.0	105.0	106.0	107.0	108.0	109.0	110.0	111.0	112.0	113.0	114.0	115.0	116.0	117.0	118.0	119.0	120.0	121.0	122.0	123.0	124.0	125.0	126.0	127.0	128.0	129.0	130.0	131.0	132.0	133.0	134.0	135.0	136.0	137.0	138.0	139.0	140.0	141.0	142.0	143.0	144.0	145.0	146.0	147.0	148.0	149.0	149.0	150.0	151.0	152.0	153.0	154.0	155.0	156.0	157.0	158.0	159.0	160.0	161.0	162.0	163.0	164.0	165.0	166.0	167.0	168.0	169.0	170.0	171.0	172.0	173.0	174.0	175.0	176.0	177.0	178.0	179.0	180.0	181.0	182.0	183.0	184.0	185.0	186.0	187.0	188.0	189.0	190.0	191.0	192.0	193.0	194.0	195.0	196.0	197.0	198.0	199.0	200.0	201.0	202.0	203.0	204.0	205.0	206.0	207.0	208.0	209.0	210.0	211.0	212.0	213.0	214.0	215.0	216.0	217.0	218.0	219.0	220.0	221.0	222.0	223.0	224.0	225.0	226.0	227.0	228.0	229.0	230.0	231.0	232.0	233.0	234.0	235.0	236.0	237.0	238.0	239.0	240.0	241.0	242.0	243.0	244.0	245.0	246.0	247.0	248.0	249.0	250.0	251.0	252.0	253.0	254.0	255.0	256.0	257.0	258.0	259.0	260.0	261.0	262.0	263.0	264.0	265.0	266.0	267.0	268.0	269.0	270.0	271.0	272.0	273.0	274.0	275.0	276.0	277.0	278.0	279.0	280.0	281.0	282.0	283.0	284.0	285.0	286.0	287.0	288.0	289.0	290.0	291.0	292.0	293.0	294.0	295.0	296.0	297.0	298.0	298.0	299.0	300.0	301.0	302.0	303.0
3058.824327410866
