4674.1498444330455	300.0	2000.0	275.99677199311037	0	0.0	4674.1498444330455	1	0	1.0	-2.4432322155494948
5978.8663908400795	2000.0	1695.2834535929667	0.0	0	0.0	2674.149844433046	1	0	1.0	-6.128889289500881
8848.862898238	2000.0	200.0	374.71305380495323	0	0.0	3048.8628982379987	1	0	1.0	-0.49370768188270353
9902.486782081147	1000.0	529.666545112118	383.2904289552662	0	0.0	3432.153327193264	1	0	1.0	-2.063973021375711
11119.852338389292	1000.0	326.8531636457286	14.552174841755345	0	0.0	3446.70550203502	1	0	1.0	0.8377283695455859
12307.664598360185	1000.0	429.0853035749975	290.04439990016317	0	0.0	3736.7499019351817	1	0	1.0	-0.9032537045275527
12951.001149197504	1000.0	785.7487527376762	0.0	0	0.0	3736.74990193518	1	0	1.0	0.8370126948734269
13869.471088803068	1000.0	867.2788131321129	0.0	0	0.0	3736.74990193518	1	0	1.0	0.8370126948734269
14755.03691081423	1000.0	981.712991120951	0.0	0	0.0	3736.7499019351817	1	0	1.0	0.8370126948734263
15644.987119730775	1000.0	1091.7627822044037	0.0	0	0.0	3736.7499019351817	1	0	1.0	0.8370126948734263
16305.76104549447	1000.0	1430.98885644071	0.0	0	0.0	3736.74990193518	1	0	1.0	0.8370126948734269
17375.186948872943	2000.0	1361.5629530622343	0.0	0	0.0	3736.7499019351762	1	0	1.0	0.8370126948734278
18208.70972102851	2000.0	1528.0401809066675	0.0	0	0.0	3736.7499019351762	1	0	1.0	1.5301598754333732
19642.99669097399	2000.0	1093.7532109611907	0.0	0	0.0	3736.749901935178	1	0	1.0	1.530159875433373
20904.751331578253	2000.0	831.9985703569289	0.0	0	0.0	3736.749901935178	1	0	1.0	1.5301598754333725
22314.886006813806	2000.0	421.86389512137646	0.0	0	0.0	3736.749901935178	1	0	1.0	1.5301598754333725
23161.932655910838	1000.0	574.8172460243434	0.0	0	0.0	3736.749901935178	1	0	1.0	0.14386551431348227
23978.25951662968	2000.0	758.490385305503	0.0	0	0.0	3736.7499019351817	1	0	1.0	0.8370126948734262
25162.811254779634	2000.0	573.9386471555497	0.0	0	0.0	3736.7499019351817	1	0	1.0	1.5301598754333714
26260.858773587624	2000.0	475.8911283475575	0.0	0	0.0	3736.7499019351817	1	0	1.0	1.5301598754333714
27165.557163470592	1000.0	571.1927384645905	0.0	0	0.0	3736.7499019351853	1	0	1.0	0.14386551431347983
27912.32095483801	1000.0	824.4289470971702	0.0	0	0.0	3736.7499019351853	1	0	1.0	0.8370126948734249
28855.176704872432	1000.0	881.5731970627477	0.0	0	0.0	3736.7499019351853	1	0	1.0	0.8370126948734249
29441.929303801655	1000.0	1294.8205981335245	0.0	0	0.0	3736.7499019351853	1	0	1.0	0.8370126948734249
30902.81493609243	2000.0	833.9349658427518	0.0	0	0.0	3736.7499019351853	1	0	1.0	0.8370126948734249
32499.44698231171	2000.0	237.3029196234704	0.0	0	0.0	3736.7499019351853	1	0	1.0	1.53015987543337
33165.514250030246	1000.0	674.15635497937	102.92070307443151	0	0.0	3839.670605009622	1	0	1.0	-0.5102877725890316
34376.106075060794	2000.0	463.56452994882216	0.0	0	0.0	3839.670605009618	1	0	1.0	0.8003836264175022
35546.14245470955	1000.0	293.5281503000663	0.0	0	0.0	3839.6706050096254	1	0	1.0	0.1072364458575551
36781.17323133415	1000.0	484.054461926125	425.55708825065335	0	0.0	4265.227693260276	1	0	1.0	-1.9393918995968928
37465.07893783501	1000.0	800.1487554252608	0.0	0	0.0	2265.227693260269	1	0	1.0	-4.879423572307594
38055.74634211796	1000.0	1209.4813511423079	0.0	0	0.0	2265.227693260269	1	0	1.0	1.1205764276924075
38984.82990568196	1000.0	1280.397787578305	0.0	0	0.0	2265.227693260269	1	0	1.0	1.1205764276924075
40307.245076407475	1000.0	957.9826168527829	0.0	0	0.0	2265.227693260269	1	0	1.0	1.1205764276924075
41244.60495308239	1000.0	1020.622740177869	0.0	0	0.0	2265.227693260269	1	0	1.0	1.1205764276924075
41917.50849757191	1000.0	1347.7191956883557	0.0	0	0.0	2265.2276932602763	1	0	1.0	1.1205764276924068
42715.70304023844	1000.0	1549.524653021821	0.0	0	0.0	2265.227693260269	1	0	1.0	1.1205764276924075
43754.43915237591	2000.0	1510.7885408843463	0.0	0	0.0	2265.2276932602763	1	0	1.0	1.1205764276924068
45472.30649225295	2000.0	792.9212010073026	0.0	0	0.0	2265.2276932602763	1	0	1.0	1.813723608252352
46490.88915624577	1000.0	774.3385370144898	0.0	0	0.0	2265.2276932602763	1	0	1.0	0.42742924713246166
47311.551932496135	1000.0	953.6757607641233	0.0	0	0.0	2265.2276932602763	1	0	1.0	1.1205764276924068
47859.58479711232	1000.0	1405.6428961479387	0.0	0	0.0	2265.2276932602763	1	0	1.0	1.1205764276924068
48856.12089001691	1000.0	1409.1068032433493	0.0	0	0.0	2265.2276932602763	1	0	1.0	1.1205764276924068
49594.17529235489	1000.0	1671.052400905365	0.0	0	0.0	2265.2276932602763	1	0	1.0	1.1205764276924068
50472.31181356287	1000.0	1792.9158796973868	0.0	0	0.0	2265.2276932602763	1	0	1.0	1.1205764276924068
51200.0	1000.0	2065.227693260257	0.0	0	47.57334082604939	2265.2276932602763	1	0	1.0	1.1205764276924068
52200.0	1000.0	2065.227693260257	0.0	0	118.79757150831574	2265.227693260269	1	0	1.0	1.1205764276924073
53200.0	1000.0	2065.22769326025	0.0	0	230.11418480749853	2265.227693260269	1	0	1.0	1.1205764276924075
54713.259903214275	2000.0	1551.9677900459715	0.0	0	0.0	2265.227693260269	1	0	1.0	1.1205764276924073
55659.242004743326	2000.0	1605.9856885169204	0.0	0	0.0	2265.227693260269	1	0	1.0	1.8137236082523525
56555.215112673235	2000.0	1710.012580587014	0.0	0	0.0	2265.2276932602617	1	0	1.0	1.8137236082523533
58049.97497450799	2000.0	1215.2527187522587	0.0	0	0.0	2265.2276932602617	1	0	1.0	1.8137236082523533
58837.48275633745	2000.0	1427.7449369228084	0.0	0	0.0	2265.2276932602617	1	0	1.0	1.8137236082523533
59875.81553737412	2000.0	1389.4121558861475	0.0	0	0.0	2265.2276932602617	1	0	1.0	1.8137236082523533
61377.319479703845	2000.0	887.9082135564246	0.0	0	0.0	2265.2276932602617	1	0	1.0	1.8137236082523533
63577.945489066944	2000.0	200.0	512.7177958066756	0	0.0	2777.945489066944	1	0	1.0	-1.3079152023858884
64952.090962611175	2000.0	232.96229249081028	407.1077660350456	0	0.0	3185.053255101986	1	0	1.0	-0.7617233421067983
65573.14850346463	1000.0	694.2587285048105	82.35397686745134	0	0.0	3267.407231969446	1	0	1.0	-0.21771697030151982
66395.2986283874	1000.0	872.108603582024	0.0	0	0.0	3267.4072319694315	1	0	1.0	0.9695540714631348
67596.50750850276	1000.0	670.8997234666615	0.0	0	0.0	3267.4072319694315	1	0	1.0	0.9695540714631359
68228.58230338551	1000.0	1038.8249285839195	0.0	0	0.0	3267.4072319694315	1	0	1.0	0.969554071463137
68975.72538290524	1000.0	1291.6818490641856	0.0	0	0.0	3267.407231969424	1	0	1.0	0.9695540714631363
70199.89851764528	1000.0	1067.5087143241194	0.0	0	0.0	3267.407231969424	1	0	1.0	0.969554071463137
72040.75788367697	2000.0	226.6493482924417	0.0	0	0.0	3267.407231969424	1	0	1.0	0.969554071463137
72651.31909756664	1000.0	674.538944545908	58.45081014312214	0	0.0	3325.8580421125516	1	0	1.0	-0.08805487603913745
73924.6319113417	2000.0	401.22613077085987	0.0	0	0.0	3325.8580421125516	1	0	1.0	0.9557971653795402
75286.29529565085	2000.0	338.1605375474878	298.59779108578283	0	0.0	3624.4558331983426	1	0	1.0	-0.22480301807916858
76370.9240217673	2000.0	376.5772706137004	123.04545918266973	0	0.0	3747.5012923810136	1	0	1.0	0.7882011250785841
77260.94958170303	2000.0	534.5099998895735	47.95828921159722	0	0.0	3795.459581592615	1	0	1.0	1.221886748737676
78565.44567191359	2000.0	346.15813172739433	116.1442220483741	0	0.0	3911.603803640988	1	0	1.0	0.769226042048077
79677.01985853273	2000.0	472.63286240582386	238.04891729756918	0	0.0	4149.652720938553	1	0	1.0	-0.06461153677615128
80405.15705212671	2000.0	744.495668811853	0.0	0	0.0	4149.652720938553	1	0	1.0	1.3636819670092637
81075.94574284386	2000.0	1073.7069780947013	0.0	0	0.0	4149.652720938568	1	0	1.0	1.3636819670092564
82103.76248090503	2000.0	1045.8902400335287	0.0	0	0.0	4149.652720938582	1	0	1.0	1.3636819670092497
82889.67138168492	2000.0	1259.981339253632	0.0	0	0.0	4149.652720938582	1	0	1.0	1.3636819670092497
84169.7444208371	2000.0	979.9083001014565	0.0	0	0.0	4149.652720938582	1	0	1.0	1.3636819670092497
85425.6372179216	2000.0	724.0155030169605	0.0	0	0.0	4149.652720938582	1	0	1.0	1.3636819670092497
86468.81432500493	2000.0	680.8383959336202	0.0	0	0.0	4149.652720938582	1	0	1.0	1.3636819670092497
87256.91510570497	2000.0	892.7376152335772	0.0	0	0.0	4149.652720938568	1	0	1.0	1.3636819670092564
88489.8021404647	2000.0	659.8505804738668	0.0	0	0.0	4149.652720938568	1	0	1.0	1.3636819670092564
89624.74042792953	2000.0	524.9122930090523	0.0	0	0.0	4149.652720938568	1	0	1.0	1.3636819670092564
90671.27687503594	2000.0	478.37584590263486	0.0	0	0.0	4149.652720938553	1	0	1.0	1.3636819670092637
92409.46727343458	2000.0	200.0	459.81455249601595	0	0.0	4609.467273434566	1	0	1.0	-1.6042474786273853
93385.9366906421	1000.0	490.9702858031009	267.43970301062143	0	0.0	2876.906976445185	1	0	1.0	-7.2525808113456325
94257.24947655607	1000.0	619.6574998891281	0.0	0	0.0	2876.906976445185	1	0	1.0	1.0452045872780407
95087.5756435149	2000.0	789.3313329303035	0.0	0	0.0	2876.906976445185	1	0	1.0	1.0452045872780404
96209.43886762175	1000.0	667.4681088234448	0.0	0	0.0	2876.906976445185	1	0	1.0	0.3520574067180955
97368.74548000097	1000.0	508.1614964442192	0.0	0	0.0	2876.9069764451997	1	0	1.0	1.0452045872780382
98252.62393796632	500.0	624.2830384788709	0.0	0	0.0	2876.906976445185	1	0	1.0	-0.3410897738418502
99044.35507998921	1000.0	832.5518964559654	0.0	0	0.0	2876.9069764451997	1	0	1.0	0.3520574067180929
100010.24943586074	1000.0	866.6575405844541	0.0	0	0.0	2876.9069764451997	1	0	1.0	1.0452045872780382
100611.84589048222	1000.0	1265.061085962958	0.0	0	0.0	2876.9069764451997	1	0	1.0	1.0452045872780382
101113.85888053323	1000.0	1763.0480959119595	0.0	0	0.0	2876.9069764452142	1	0	1.0	1.0452045872780358
102466.81592860016	2000.0	1410.091047845014	0.0	0	0.0	2876.906976445229	1	0	1.0	1.0452045872780336
103904.46223905034	2000.0	972.4447373948473	0.0	0	0.0	2876.906976445229	1	0	1.0	1.7383517678379787
104833.05296418013	2000.0	1043.8540122650459	0.0	0	0.0	2876.9069764452142	1	0	1.0	1.738351767837981
105987.72235242954	2000.0	889.1846240156262	0.0	0	0.0	2876.9069764451997	1	0	1.0	1.7383517678379834
106918.56879667392	2000.0	958.3381797712412	0.0	0	0.0	2876.906976445185	1	0	1.0	1.7383517678379856
108127.04769987988	2000.0	749.8592765652803	0.0	0	0.0	2876.9069764451706	1	0	1.0	1.738351767837988
108950.01887850837	2000.0	926.8880979367997	0.0	0	0.0	2876.906976445185	1	0	1.0	1.7383517678379856
110713.6610812673	2000.0	200.0	36.75410482212021	0	0.0	2913.6610812673316	1	0	1.0	1.5166194475810686
111594.00673136271	1000.0	617.5719341969468	297.91758429235847	0	0.0	3211.5786655596603	1	0	1.0	-1.498601715950699
112562.20381279037	2000.0	649.3748527692858	0.0	0	0.0	3211.5786655596603	1	0	1.0	0.982050970363397
113590.38260494832	2000.0	621.1960606113389	0.0	0	0.0	3211.5786655596603	1	0	1.0	1.6751981509233422
114474.29273674457	1000.0	737.2859288151099	0.0	0	0.0	3211.578665559675	1	0	1.0	0.28890378980344866
115336.76335757949	1000.0	874.815307980202	0.0	0	0.0	3211.5786655596894	1	0	1.0	0.9820509703633906
116006.87308184094	1000.0	1204.7055837187522	0.0	0	0.0	3211.5786655596894	1	0	1.0	0.9820509703633906
116753.23538632764	1000.0	1458.343279232063	0.0	0	0.0	3211.5786655596894	1	0	1.0	0.9820509703633906
117655.30652013347	1000.0	1556.2721454262241	0.0	0	0.0	3211.578665559675	1	0	1.0	0.9820509703633938
118294.56330489366	1000.0	1917.0153606660158	0.0	0	0.0	3211.578665559675	1	0	1.0	0.9820509703633938
119279.10647667361	2000.0	1932.47218888606	0.0	0	0.0	3211.578665559675	1	0	1.0	0.9820509703633936
120111.39370288234	2000.0	2100.1849626773164	0.0	0	0.0	3211.5786655596603	1	0	1.0	1.6751981509233422
121934.84932977907	2000.0	1276.7293357805959	0.0	0	0.0	3211.5786655596603	1	0	1.0	1.6751981509233422
123409.49003573958	2000.0	802.0886298200809	0.0	0	0.0	3211.578665559675	1	0	1.0	1.6751981509233387
124719.78750606172	2000.0	491.79115949794465	0.0	0	0.0	3211.578665559675	1	0	1.0	1.6751981509233387
125532.09813278676	1000.0	679.4805327729014	0.0	0	0.0	3211.578665559675	1	0	1.0	0.28890378980344866
126103.29995373606	1000.0	1108.2787118236197	0.0	0	0.0	3211.578665559675	1	0	1.0	0.9820509703633938
126694.12789839249	1000.0	1517.4507671671727	0.0	0	0.0	3211.578665559675	1	0	1.0	0.9820509703633938
128231.72782545161	2000.0	979.850840108053	0.0	0	0.0	3211.578665559675	1	0	1.0	0.9820509703633936
129226.58316391014	2000.0	984.9955016495337	0.0	0	0.0	3211.578665559675	1	0	1.0	1.6751981509233387
129894.19482841287	2000.0	1317.3838371467864	0.0	0	0.0	3211.5786655596894	1	0	1.0	1.6751981509233358
131050.10567291404	2000.0	1161.472992645624	0.0	0	0.0	3211.5786655596894	1	0	1.0	1.6751981509233358
132530.7048090446	2000.0	680.8738565150735	0.0	0	0.0	3211.578665559704	1	0	1.0	1.6751981509233334
133500.88813432865	2000.0	710.6905312310271	0.0	0	0.0	3211.5786655596894	1	0	1.0	1.6751981509233347
134540.91218365944	2000.0	670.6664819002585	0.0	0	0.0	3211.578665559704	1	0	1.0	1.6751981509233334
135715.6933328053	2000.0	495.88533275440807	0.0	0	0.0	3211.578665559704	1	0	1.0	1.6751981509233327
137404.44903394944	2000.0	207.35258645413296	400.2229548438668	0	0.0	3611.8016204035666	1	0	1.0	-0.8214858912437737
138833.12285706957	2000.0	261.839048002048	483.16028466805284	0	0.0	4094.9619050716283	1	0	1.0	-1.510108523765223
139985.26623607622	1000.0	393.20829372867405	283.51262473328984	0	0.0	4378.474529804924	1	0	1.0	-1.8403380185653688
140786.9365837878	1000.0	595.0474126424382	3.509466625369214	0	0.0	2381.9839964302955	1	0	1.0	-4.911731596424553
141279.1947346526	1000.0	1102.7892617776783	0.0	0	0.0	2381.9839964302955	1	0	1.0	1.1093252033276628
142065.11764297457	2000.0	1316.866353455739	0.0	0	0.0	2381.9839964303246	1	0	1.0	1.1093252033276597
144156.96121114594	2000.0	225.02278528435357	0.0	0	0.0	2381.9839964303246	1	0	1.0	1.8024723838876051
144734.67106482357	1000.0	698.5585109519793	51.2455793452431	0	0.0	2433.2295757755637	1	0	1.0	0.10335879334350284
145914.08822646635	2000.0	519.141349309215	0.0	0	0.0	2433.2295757755637	1	0	1.0	1.1039794499749067
147966.9068266714	2000.0	200.0	733.6772508958175	0	0.0	3166.9068266713875	1	0	1.0	-2.658892493684209
149001.94496096758	1000.0	456.0278890243244	291.0660233205046	0	0.0	3457.9728499919	1	0	1.0	-1.517535774866211
149576.2820708786	1000.0	881.6907791133052	0.0	0	0.0	3457.9728499919	1	0	1.0	0.9220075456167618
150471.49134105403	2000.0	986.4815089378835	0.0	0	0.0	3457.9728499919	1	0	1.0	0.9220075456167617
151325.00532823819	2000.0	1132.9675217537028	0.0	0	0.0	3457.972849991871	1	0	1.0	1.6151547261767147
152226.0143653602	2000.0	1231.9584846316839	0.0	0	0.0	3457.972849991871	1	0	1.0	1.6151547261767147
152916.02487014746	2000.0	1541.947979844448	0.0	0	0.0	3457.972849991842	1	0	1.0	1.6151547261767223
154516.2041295406	2000.0	941.7687204513178	0.0	0	0.0	3457.972849991813	1	0	1.0	1.6151547261767305
156004.87284103798	2000.0	453.1000089539417	0.0	0	0.0	3457.972849991842	1	0	1.0	1.6151547261767223
158746.03236283094	2000.0	200.0	1488.0595128390007	0	0.0	4946.032362830942	1	0	1.0	-7.948669088827366
158977.5119734707	300.0	968.5203893602218	0.0	0	0.0	2946.0323628309416	1	0	1.0	-8.067415444328507
159834.49419165115	1000.0	1111.5381711797731	0.0	0	0.0	2946.0323628309416	1	0	1.0	-0.17029545944262636
160702.43537812235	1000.0	1243.5969847085537	0.0	0	0.0	2946.0323628309416	1	0	1.0	1.0336773448833099
161472.65455923404	1000.0	1473.3778035968649	0.0	0	0.0	2946.0323628309707	1	0	1.0	1.0336773448833048
162165.69135463916	1000.0	1780.3410081917323	0.0	0	0.0	2946.0323628309416	1	0	1.0	1.0336773448833099
162793.13660370704	1000.0	2152.895759123874	0.0	0	0.0	2946.0323628309416	1	0	1.0	1.0336773448833099
163951.3382731521	2000.0	1994.6940896788196	0.0	0	0.0	2946.0323628309416	1	0	1.0	1.0336773448833096
165564.222958835	2000.0	1381.8094039959203	0.0	0	0.0	2946.0323628309416	1	0	1.0	1.7268245254432548
166670.1818734125	2000.0	1275.8504894184346	0.0	0	0.0	2946.0323628309707	1	0	1.0	1.72682452544325
167786.58985716038	2000.0	1159.442505670569	0.0	0	0.0	2946.0323628309416	1	0	1.0	1.7268245254432548
169286.92918190698	2000.0	659.1031809239795	0.0	0	0.0	2946.0323628309416	1	0	1.0	1.7268245254432548
169933.74062847588	1000.0	1012.2917343550656	0.0	0	0.0	2946.0323628309707	1	0	1.0	0.3405301643233596
170729.12657369647	1000.0	1216.9057891344828	0.0	0	0.0	2946.0323628309707	1	0	1.0	1.0336773448833048
171493.89015088027	1000.0	1452.1422119506938	0.0	0	0.0	2946.0323628309416	1	0	1.0	1.0336773448833099
172363.8776224621	1000.0	1582.154740368856	0.0	0	0.0	2946.0323628309707	1	0	1.0	1.0336773448833059
173757.89626383933	2000.0	1188.1360989916393	0.0	0	0.0	2946.0323628309707	1	0	1.0	1.0336773448833048
174851.93998480012	2000.0	1094.0923780308353	0.0	0	0.0	2946.0323628309416	1	0	1.0	1.7268245254432548
176117.57790515063	2000.0	828.4544576803115	0.0	0	0.0	2946.0323628309416	1	0	1.0	1.7268245254432548
177263.02057740133	1000.0	683.0117854296145	0.0	0	0.0	2946.0323628309416	1	0	1.0	0.3405301643233646
178094.739506396	1000.0	851.292856434943	0.0	0	0.0	2946.0323628309416	1	0	1.0	1.0336773448833099
178664.83345833444	1000.0	1281.1989044965212	0.0	0	0.0	2946.0323628309707	1	0	1.0	1.0336773448833048
179153.50811626855	1000.0	1792.5242465624017	0.0	0	0.0	2946.0323628309707	1	0	1.0	1.0336773448833048
180620.70838152806	2000.0	1325.3239813029004	0.0	0	0.0	2946.0323628309707	1	0	1.0	1.0336773448833048
182015.83979617653	2000.0	930.1925666544224	0.0	0	0.0	2946.0323628309416	1	0	1.0	1.7268245254432548
182731.16336837286	1000.0	1214.8689944580813	0.0	0	0.0	2946.0323628309125	1	0	1.0	0.3405301643233696
184808.94732304366	2000.0	200.0	62.914960212731785	0	0.0	3008.947323043656	1	0	1.0	0.653959394771472
185547.91693962252	1000.0	682.4740388048663	221.44365538373145	0	0.0	3230.3909784274	1	0	1.0	-1.0439006661574437
186447.11032273257	1000.0	783.2806556948168	0.0	0	0.0	3230.3909784274	1	0	1.0	0.9779084467048902
187007.09475365042	1000.0	1223.2962247769535	0.0	0	0.0	3230.3909784274	1	0	1.0	0.9779084467048902
188361.77556615198	1000.0	868.6154122754167	0.0	0	0.0	3230.3909784274	1	0	1.0	0.9779084467048902
190016.14236131677	1000.0	225.22181848228394	10.973201371682933	0	0.0	3241.3641797991004	1	0	1.0	0.9099451757047651
190363.1862213998	500.0	878.1779583992501	0.0	0	0.0	3241.3641797991004	1	0	1.0	-0.41083418546693395
191214.01134406627	1000.0	1027.3528357327882	0.0	0	0.0	3241.3641797990713	1	0	1.0	0.2823129950930141
191870.6955000794	1000.0	1370.668679719671	0.0	0	0.0	3241.364179799042	1	0	1.0	0.9754601756529699
192873.43278680256	2000.0	1367.9313929965335	0.0	0	0.0	3241.364179799042	1	0	1.0	0.9754601756529698
194164.92175534356	2000.0	1076.4424244555016	0.0	0	0.0	3241.364179799013	1	0	1.0	1.6686073562129216
194987.24708821188	1000.0	1254.1170915871594	0.0	0	0.0	3241.364179798984	1	0	1.0	0.28231299509303776
195896.0702047727	1000.0	1345.2939750263452	0.0	0	0.0	3241.364179799013	1	0	1.0	0.9754601756529766
196491.98652195645	1000.0	1749.37765784259	0.0	0	0.0	3241.364179799013	1	0	1.0	0.9754601756529766
198197.11010886155	2000.0	1044.254070937493	0.0	0	0.0	3241.364179799013	1	0	1.0	0.9754601756529765
199413.19046408712	1000.0	828.1737157119435	0.0	0	0.0	3241.364179799013	1	0	1.0	0.28231299509303137
200221.58339755287	1000.0	1019.7807822462016	0.0	0	0.0	3241.364179798984	1	0	1.0	0.9754601756529829
201271.75316114814	1000.0	969.6110186509015	0.0	0	0.0	3241.364179798984	1	0	1.0	0.9754601756529829
201850.975612804	1000.0	1390.3885669950207	0.0	0	0.0	3241.364179798955	1	0	1.0	0.9754601756529896
202513.54802106376	1000.0	1727.8161587352643	0.0	0	0.0	3241.364179798955	1	0	1.0	0.9754601756529896
203911.19330721642	2000.0	1330.1708725826104	0.0	0	0.0	3241.364179798955	1	0	1.0	0.9754601756529895
204603.06402676515	2000.0	1638.3001530338681	0.0	0	0.0	3241.364179798955	1	0	1.0	1.6686073562129347
205416.9063919222	2000.0	1824.4577878768114	0.0	0	0.0	3241.3641797989258	1	0	1.0	1.6686073562129384
206600.2442856713	2000.0	1641.1198941277125	0.0	0	0.0	3241.364179798955	1	0	1.0	1.6686073562129347
207678.97938500083	2000.0	1562.384794798181	0.0	0	0.0	3241.364179798955	1	0	1.0	1.6686073562129347
208523.25165776993	2000.0	1718.1125220290976	0.0	0	0.0	3241.3641797989258	1	0	1.0	1.668607356212941
209506.20951496376	2000.0	1735.1546648352903	0.0	0	0.0	3241.364179798984	1	0	1.0	1.6686073562129307
210612.05685210356	2000.0	1629.3073276955076	0.0	0	0.0	3241.364179798955	1	0	1.0	1.6686073562129347
212188.5265691623	2000.0	1052.8376106367837	0.0	0	0.0	3241.3641797989258	1	0	1.0	1.668607356212936
213897.2041188492	2000.0	344.1600609498901	0.0	0	0.0	3241.3641797989258	1	0	1.0	1.6686073562129398
214549.85061327854	1000.0	691.5135665205627	0.0	0	0.0	3241.364179798955	1	0	1.0	0.2823129950930444
215201.6231930639	1000.0	1039.7409867352062	0.0	0	0.0	3241.364179798955	1	0	1.0	0.9754601756529896
216495.36609830498	1000.0	745.9980814941595	0.0	0	0.0	3241.364179798984	1	0	1.0	0.9754601756529829
217239.70259079227	1000.0	1001.661589006862	0.0	0	0.0	3241.364179798955	1	0	1.0	0.9754601756529869
218026.6595117557	1000.0	1214.7046680434273	0.0	0	0.0	3241.364179798955	1	0	1.0	0.9754601756529896
218895.49811758214	1000.0	1345.8660622169464	0.0	0	0.0	3241.364179798955	1	0	1.0	0.9754601756529896
219617.87161690838	1000.0	1623.4925628907106	0.0	0	0.0	3241.364179798984	1	0	1.0	0.9754601756529829
221356.02043387777	2000.0	885.3437459213167	0.0	0	0.0	3241.364179799013	1	0	1.0	0.9754601756529765
222753.434293449	2000.0	487.92988635007794	0.0	0	0.0	3241.364179799013	1	0	1.0	1.6686073562129229
223825.97835190722	2000.0	463.3690475251907	47.98321963333876	0	0.0	3289.3473994323576	1	0	1.0	1.3697204030893533
224746.62356015525	2000.0	586.2986466910127	43.57480741381747	0	0.0	3332.9222068461822	1	0	1.0	1.385784839386245
225511.58801246466	2000.0	821.3341943815946	0.0	0	0.0	3332.9222068461822	1	0	1.0	1.6472336838691497
227007.20270812628	2000.0	325.719498719993	0.0	0	0.0	3332.9222068461822	1	0	1.0	1.6472336838691497
228391.77475818686	2000.0	323.2120089510437	382.06456029160887	0	0.0	3714.9867671377724	1	0	1.0	-0.7548640350256424
229417.69789593449	2000.0	519.6950175142167	222.4061463108049	0	0.0	3937.392913448566	1	0	1.0	0.12143483845827313
230582.9504740848	2000.0	354.4424393639015	0.0	0	0.0	3937.392913448566	1	0	1.0	1.4558717163231025
231605.36942502038	2000.0	544.8020908792608	212.77860245094655	0	0.0	4150.171515899652	1	0	1.0	0.08676671801563113
232578.24182996628	2000.0	571.9296859333642	0.0	0	0.0	4150.171515899623	1	0	1.0	1.363438332721324
234332.4405800082	2000.0	298.8721234682466	481.1411875768182	0	0.0	4631.312703476433	1	0	1.0	-1.7684053017933437
235364.2046304314	2000.0	525.85063871415	258.7425656691149	0	0.0	2890.055269145494	1	0	1.0	-5.816240529808717
236407.30104205178	2000.0	482.7542270937775	0.0	0	0.0	2890.055269145494	1	0	1.0	1.7362148642059725
237393.62537156	2000.0	496.65398766896925	0.2240900834113404	0	0.0	2890.279359228909	1	0	1.0	1.7348336805882476
238370.1685635879	2000.0	554.6399315599593	34.5291359188916	0	0.0	2924.808495147823	1	0	1.0	1.5232666237961774
239433.66350296212	2000.0	491.44501148388576	0.30001929812908656	0	0.0	2925.1085144459503	1	0	1.0	1.7285906808733258
240273.48876896573	2000.0	651.619745480257	0.0	0	0.0	2925.1085144459503	1	0	1.0	1.7303907966621006
241118.0003282721	1000.0	807.1081861739135	0.0	0	0.0	2925.1085144459794	1	0	1.0	0.3440964355422054
241827.11792436746	1000.0	1097.9905900784886	0.0	0	0.0	2925.1085144459794	1	0	1.0	1.0372436161021505
242925.88735490319	1000.0	999.2211595427334	0.0	0	0.0	2925.1085144459794	1	0	1.0	1.0372436161021505
243446.3138238841	1000.0	1478.7946905618376	0.0	0	0.0	2925.1085144460085	1	0	1.0	1.0372436161021457
244424.87637337839	2000.0	1500.232141067497	0.0	0	0.0	2925.1085144460085	1	0	1.0	1.0372436161021454
245737.77788236266	1000.0	1187.3306320832294	0.0	0	0.0	2925.1085144460085	1	0	1.0	0.34409643554220043
247198.41966772894	1000.0	726.6888467169554	0.0	0	0.0	2925.1085144460376	1	0	1.0	1.0372436161021408
248360.29340925996	1000.0	564.8151051859527	0.0	0	0.0	2925.1085144460376	1	0	1.0	1.0372436161021408
249330.44241080075	1000.0	594.6661036451812	0.0	0	0.0	2925.1085144460376	1	0	1.0	1.0372436161021408
249877.68989533035	1000.0	1047.4186191155995	0.0	0	0.0	2925.1085144460376	1	0	1.0	1.0372436161021408
250422.76197736012	1000.0	1502.346537085817	0.0	0	0.0	2925.1085144460376	1	0	1.0	1.0372436161021408
251828.71610831842	2000.0	1096.392406127518	0.0	0	0.0	2925.1085144460376	1	0	1.0	1.0372436161021406
252921.16792549175	2000.0	1003.9405889541656	0.0	0	0.0	2925.1085144460667	1	0	1.0	1.730390796662081
254251.47628514544	2000.0	673.6322293004735	0.0	0	0.0	2925.1085144460667	1	0	1.0	1.730390796662081
255512.06097068466	2000.0	413.0475437612736	0.0	0	0.0	2925.1085144460667	1	0	1.0	1.730390796662081
256580.45592016232	2000.0	447.3467248603996	102.69413057678122	0	0.0	3027.8026450228645	1	0	1.0	1.0960543878111249
257763.71771828202	2000.0	372.4235298454813	108.33860310477945	0	0.0	3136.141248127504	1	0	1.0	1.0411014745271632
259217.8128921161	2000.0	232.13915821853251	313.8108022071301	0	0.0	3449.9520503346284	1	0	1.0	-0.26554739223590196
260219.46802291638	1000.0	557.6739744808898	327.1899470626038	0	0.0	3777.141997397237	1	0	1.0	-1.8332896860680403
261609.34424745626	2000.0	367.42666890624434	199.628918965229	0	0.0	3976.7709163624386	1	0	1.0	-0.4510522541659993
263064.4659808146	2000.0	200.0	287.6950644521537	0	0.0	4264.465980814595	1	0	1.0	-0.3868249148303614
263967.71238697605	1000.0	518.5469139026217	221.79332006416038	0	0.0	2486.259300878679	1	0	1.0	-6.9257389429053715
264601.5449271788	1000.0	884.7143736998855	0.0	0	0.0	2486.259300878708	1	0	1.0	1.0981681580395355
265138.2264377806	1000.0	1348.032863098087	0.0	0	0.0	2486.259300878679	1	0	1.0	1.0981681580395406
265858.08730533684	1000.0	1628.1719955418953	0.0	0	0.0	2486.259300878679	1	0	1.0	1.0981681580395406
266648.0396239449	1000.0	1838.219676933822	0.0	0	0.0	2486.259300878679	1	0	1.0	1.0981681580395406
267691.1462425856	2000.0	1795.1130582931396	0.0	0	0.0	2486.259300878679	1	0	1.0	1.0981681580395404
268964.60452216986	2000.0	1521.654778708912	0.0	0	0.0	2486.259300878679	1	0	1.0	1.7913153385994858
270057.452841316	2000.0	1428.8064595628339	0.0	0	0.0	2486.259300878679	1	0	1.0	1.7913153385994858
271826.68165021384	2000.0	659.5776506649489	0.0	0	0.0	2486.259300878679	1	0	1.0	1.7913153385994858
272445.9890132347	1000.0	1040.27028764406	0.0	0	0.0	2486.259300878679	1	0	1.0	0.4050209774795954
273994.4306730325	2000.0	491.82862784628253	0.0	0	0.0	2486.259300878679	1	0	1.0	1.0981681580395404
274953.0461375006	1000.0	537.7939401202281	4.580776742143314	0	0.0	2490.8400776207563	1	0	1.0	0.3770205602204405
275876.6690503258	1000.0	614.1710272949682	0.0	0	0.0	2490.840077620698	1	0	1.0	1.097652401233252
276766.6743514324	1000.0	724.1657261883362	0.0	0	0.0	2490.84007762064	1	0	1.0	1.0976524012332587
277416.63365797553	1000.0	1074.2064196452516	0.0	0	0.0	2490.84007762064	1	0	1.0	1.0976524012332587
278320.059539382	2000.0	1170.7805382387571	0.0	0	0.0	2490.84007762064	1	0	1.0	1.0976524012332587
279047.31741047156	2000.0	1443.5226671491805	0.0	0	0.0	2490.84007762064	1	0	1.0	1.7907995817932036
280559.59235430794	2000.0	931.247723312752	0.0	0	0.0	2490.84007762064	1	0	1.0	1.7907995817932036
281735.42132203816	2000.0	755.4187555825052	0.0	0	0.0	2490.84007762064	1	0	1.0	1.7907995817932036
282551.3944435005	2000.0	939.4456341201411	0.0	0	0.0	2490.84007762064	1	0	1.0	1.7907995817932036
283328.53462281224	2000.0	1162.3054548083892	0.0	0	0.0	2490.8400776205817	1	0	1.0	1.7907995817932103
284361.38968383626	2000.0	1129.4503937844224	0.0	0	0.0	2490.8400776205817	1	0	1.0	1.7907995817932103
286163.9016292709	2000.0	326.9384483497242	0.0	0	0.0	2490.8400776205817	1	0	1.0	1.7907995817932103
286810.82416097575	1000.0	681.699150487246	1.6832338423690203	0	0.0	2492.523311462952	1	0	1.0	0.39421573988069597
287785.4787887379	1000.0	707.0445227251271	0.0	0	0.0	2492.52331146301	1	0	1.0	1.0974623234948486
288461.82158443856	1000.0	1030.70172702445	0.0	0	0.0	2492.52331146301	1	0	1.0	1.0974623234948486
289301.41582688544	1000.0	1191.1074845775834	0.0	0	0.0	2492.5233114630682	1	0	1.0	1.0974623234948446
290032.0815637293	1000.0	1460.4417477336374	0.0	0	0.0	2492.5233114630682	1	0	1.0	1.097462323494842
290660.2860087263	1000.0	1832.2373027366589	0.0	0	0.0	2492.5233114631264	1	0	1.0	1.0974623234948355
292654.26359778846	2000.0	838.2597136744353	0.0	0	0.0	2492.5233114630682	1	0	1.0	1.0974623234948382
293480.07040720165	1000.0	1012.4529042613186	0.0	0	0.0	2492.5233114630682	1	0	1.0	0.4043151429348969
294391.6886864868	2000.0	1100.8346249762453	0.0	0	0.0	2492.5233114630682	1	0	1.0	1.0974623234948422
295096.8047804575	2000.0	1395.7185310054774	0.0	0	0.0	2492.5233114630682	1	0	1.0	1.7906095040547874
297453.6324619916	2000.0	200.0	161.1091505286817	0	0.0	2653.632461991685	1	0	1.0	0.8196147143564846
298476.7975728618	1000.0	629.3717971128921	452.53690798307986	0	0.0	3106.1693699746975	1	0	1.0	-2.4043428556583604
299196.5188540466	1000.0	909.6505159281064	0.0	0	0.0	3106.169369974814	1	0	1.0	1.0040257728000483
300076.98986348516	2000.0	1029.1795064895502	0.0	0	0.0	3106.169369974814	1	0	1.0	1.0040257728000412
300900.7840434173	2000.0	1205.3853265573905	0.0	0	0.0	3106.169369974814	1	0	1.0	1.6971729533599864
301400.8510412755	2000.0	1705.3183286992405	0.0	0	0.0	3106.169369974814	1	0	1.0	1.6971729533599864
302062.9928836481	2000.0	2043.1764863266148	0.0	0	0.0	3106.1693699747557	1	0	1.0	1.697172953359998
303882.1871163173	3000.0	1223.9822536573993	0.0	0	0.0	3106.1693699746393	1	0	1.0	1.697172953360019
305863.2320543309	2000.0	242.93731564380198	0.0	0	0.0	3106.1693699747557	1	0	1.0	1.2917078452518402
307408.85926712176	1000.0	323.8626450807336	626.5525422278101	0	0.0	3732.7219122025417	1	0	1.0	-3.6103225764314852
308586.9338096597	1000.0	347.8101891968132	202.02208665402526	0	0.0	3934.7439988565166	1	0	1.0	-0.4483488239819083
309177.3589783978	500.0	757.3850204586942	0.0	0	0.0	3934.7439988565166	1	0	1.0	-0.6225106651776384
310224.19660940353	1000.0	710.5473894529623	0.0	0	0.0	3934.7439988565748	1	0	1.0	0.07063651538229787
311061.26661669946	1000.0	873.4773821569888	0.0	0	0.0	3934.7439988565748	1	0	1.0	0.7637836959422293
311915.01092786866	1000.0	1019.7330709877626	0.0	0	0.0	3934.7439988565166	1	0	1.0	0.7637836959422526
312807.12817087414	1000.0	1127.6158279822312	0.0	0	0.0	3934.7439988565166	1	0	1.0	0.7637836959422526
313430.0148334114	1000.0	1504.7291654449616	0.0	0	0.0	3934.7439988565166	1	0	1.0	0.7637836959422526
314661.0521245773	2000.0	1273.6918742790774	0.0	0	0.0	3934.7439988565166	1	0	1.0	0.7637836959422525
315849.2816378906	2000.0	1085.4623609657074	0.0	0	0.0	3934.7439988565166	1	0	1.0	1.4569308765021978
316876.1490895544	2000.0	1058.5949093019976	0.0	0	0.0	3934.7439988565166	1	0	1.0	1.4569308765021978
1.31	1.73	1.36	0.6	0.7	1.17	1.02	1.09	1.23	1.25	1.47	1.47	1.81	2.57	1.55	1.56	1.38	1.01	1.4	1.8	1.98	1.55	1.41	1.05	1.32	1.59	1.88	1.15	1.26	1.82	1.42	0.65	1.26	1.41	0.95	0.7	0.87	1.59	1.68	1.83	1.2	1.19	1.55	1.47	1.27	1.0	1.27	1.2001702127659575	1.4281702127659572	1.4641702127659573	2.0641702127659576	2.7241702127659573	2.028170212765957	1.2721702127659575	1.8961702127659574	2.628170212765957	1.5481702127659573	1.2481702127659575	0.9241702127659575	1.6681702127659572	1.3321702127659574	1.4281702127659572	0.9001702127659574	1.1401702127659574	1.5961702127659574	0.9721702127659575	1.6081702127659574	1.0921702127659572	2.0161702127659575	1.8721702127659574	1.7521702127659573	2.460170212765957	1.7761702127659573	1.4641702127659573	1.8361702127659574	1.9561702127659573	2.388170212765957	1.9081702127659574	2.3041702127659573	1.2001702127659575	1.1041702127659572	2.160170212765957	2.5441702127659576	1.8481702127659574	1.4641702127659573	1.8481702127659574	1.9681702127659573	1.4161702127659572	1.3801702127659574	1.0921702127659572	1.8481702127659574	0.9721702127659575	0.7201702127659574	0.6361702127659574	1.14	1.23	1.69	1.89	2.06	1.54	1.69	1.9	2.21	1.97	1.97	1.75	0.85	1.53	1.99	1.42	1.34	1.52	1.41	1.42	1.81	2.15	1.63	1.38	1.47	1.81	1.44	1.41	1.42	1.61	2.07	2.73	1.55	1.42	1.89	1.93	2.58	1.6	1.24	1.53	1.34	1.17	1.66	1.99	0.96	0.7	2.15	2.34225	1.2142500000000003	0.7342500000000001	0.9262500000000002	1.64625	2.40225	2.8462500000000004	3.6382499999999998	1.03	1.31	1.73	1.36	0.6	0.7	1.17	1.02	1.09	1.23	1.25	1.47	1.47	1.81	2.57	1.55	1.56	1.38	1.01	1.4	1.8	1.98	1.55	1.41	1.05	1.32	1.59	1.88	1.15	1.26	1.82	1.42	0.65	1.26	1.41	0.95	0.7	0.87	1.59	1.68	1.83	1.2	1.19	1.55	1.47	1.27	1.0	1.27	1.2001702127659575	1.4281702127659572	1.4641702127659573	2.0641702127659576	2.7241702127659573	2.028170212765957	1.2721702127659575	1.8961702127659574	2.628170212765957	1.5481702127659573	1.2481702127659575	0.9241702127659575	1.6681702127659572	1.3321702127659574	1.4281702127659572	0.9001702127659574	1.1401702127659574	1.5961702127659574	0.9721702127659575	1.6081702127659574	1.0921702127659572	2.0161702127659575	1.8721702127659574	1.7521702127659573	2.460170212765957	1.7761702127659573	1.4641702127659573	1.8361702127659574	1.9561702127659573	2.388170212765957	1.9081702127659574	2.3041702127659573	1.2001702127659575	1.1041702127659572	2.160170212765957	2.5441702127659576	1.8481702127659574	1.4641702127659573	1.8481702127659574	1.9681702127659573	1.4161702127659572	1.3801702127659574	1.0921702127659572	1.8481702127659574	0.9721702127659575	0.7201702127659574	0.6361702127659574	1.14	1.23	1.69	1.89	2.06	1.54	1.69	1.9	2.21	1.97	1.97	1.75	0.85	1.53	1.99	1.42	1.34	1.52	1.41	1.42	1.81	2.15	1.63	1.38	1.47	1.81	1.44	1.41	1.42	1.61	2.07	2.73	1.55	1.42	1.89	1.93	2.58	1.6	1.24	1.53	1.34	1.17	1.66	1.99	0.96	0.7	2.15	2.34225	1.2142500000000003	0.7342500000000001	0.9262500000000002	1.64625	2.40225	2.8462500000000004	3.6382499999999998	1.03	1.31	1.73	1.36	0.6	0.7	1.17	1.02	1.09	1.23	1.25	1.47	1.47	1.81	2.57	1.55	1.56
1.0	2.0	3.0	4.0	5.0	6.0	7.0	8.0	9.0	10.0	11.0	12.0	13.0	14.0	15.0	16.0	17.0	18.0	19.0	20.0	21.0	22.0	23.0	24.0	25.0	26.0	27.0	28.0	29.0	30.0	31.0	32.0	33.0	34.0	35.0	36.0	37.0	38.0	39.0	40.0	41.0	42.0	43.0	44.0	45.0	46.0	47.0	48.0	49.0	50.0	51.0	52.0	53.0	54.0	55.0	56.0	57.0	58.0	59.0	60.0	61.0	62.0	63.0	64.0	65.0	66.0	67.0	68.0	69.0	70.0	71.0	72.0	73.0	74.0	75.0	76.0	77.0	78.0	79.0	80.0	81.0	82.0	83.0	84.0	85.0	86.0	87.0	88.0	89.0	90.0	91.0	92.0	93.0	94.0	95.0	96.0	97.0	98.0	99.0	100.0	101.0	102.0	103.0	104.0	105.0	106.0	107.0	108.0	109.0	110.0	111.0	112.0	113.0	114.0	115.0	116.0	117.0	118.0	119.0	120.0	121.0	122.0	123.0	124.0	125.0	126.0	127.0	128.0	129.0	130.0	131.0	132.0	133.0	134.0	135.0	136.0	137.0	138.0	139.0	140.0	141.0	142.0	143.0	144.0	145.0	146.0	147.0	148.0	149.0	149.0	150.0	151.0	152.0	153.0	154.0	155.0	156.0	157.0	158.0	159.0	160.0	161.0	162.0	163.0	164.0	165.0	166.0	167.0	168.0	169.0	170.0	171.0	172.0	173.0	174.0	175.0	176.0	177.0	178.0	179.0	180.0	181.0	182.0	183.0	184.0	185.0	186.0	187.0	188.0	189.0	190.0	191.0	192.0	193.0	194.0	195.0	196.0	197.0	198.0	199.0	200.0	201.0	202.0	203.0	204.0	205.0	206.0	207.0	208.0	209.0	210.0	211.0	212.0	213.0	214.0	215.0	216.0	217.0	218.0	219.0	220.0	221.0	222.0	223.0	224.0	225.0	226.0	227.0	228.0	229.0	230.0	231.0	232.0	233.0	234.0	235.0	236.0	237.0	238.0	239.0	240.0	241.0	242.0	243.0	244.0	245.0	246.0	247.0	248.0	249.0	250.0	251.0	252.0	253.0	254.0	255.0	256.0	257.0	258.0	259.0	260.0	261.0	262.0	263.0	264.0	265.0	266.0	267.0	268.0	269.0	270.0	271.0	272.0	273.0	274.0	275.0	276.0	277.0	278.0	279.0	280.0	281.0	282.0	283.0	284.0	285.0	286.0	287.0	288.0	289.0	290.0	291.0	292.0	293.0	294.0	295.0	296.0	297.0	298.0	298.0	299.0	300.0	301.0	302.0	303.0	304.0	305.0	306.0	307.0	308.0	309.0	310.0	311.0	312.0	313.0	314.0
4082.355362812287
