6137.35821732539	500.0	2000.0	251.1620060573743	0	0.0	4137.35821732539	1	0	1.0	-8.009880406210536
7006.062581221853	2000.0	2131.2956361035367	0.0	0	0.0	4137.35821732539	1	0	1.0	-0.016865594507315285
7836.555856980145	2000.0	2300.802360345246	0.0	0	0.0	4137.358217325391	1	0	1.0	1.369428766612575
8655.78865355886	2000.0	2481.569563766532	0.0	0	0.0	4137.358217325393	1	0	1.0	1.3694287666125744
10344.77824718543	2000.0	1792.5799701399615	0.0	0	0.0	4137.358217325391	1	0	1.0	1.3694287666125742
11837.760403169465	2000.0	1299.5978141559276	0.0	0	0.0	4137.358217325392	1	0	1.0	1.3694287666125746
13185.547761966887	2000.0	951.8104553585052	0.0	0	0.0	4137.358217325393	1	0	1.0	1.3694287666125744
13980.03654884365	2000.0	1157.3216684817426	0.0	0	0.0	4137.358217325394	1	0	1.0	1.369428766612574
15272.12270309888	2000.0	865.2355142265126	0.0	0	0.0	4137.358217325396	1	0	1.0	1.3694287666125722
16832.7103069314	2000.0	304.64791039399114	0.0	0	0.0	4137.358217325394	1	0	1.0	1.3694287666125735
18184.97763095635	2000.0	253.27162339976147	300.8910370307201	0	0.0	4438.249254356115	1	0	1.0	-0.5919180244246114
19208.713327940994	1000.0	544.3978055332437	314.861879118128	0	0.0	2753.111133474238	1	0	1.0	-7.518210528731145
19865.539142486552	1000.0	887.5719909876836	0.0	0	0.0	2753.111133474238	1	0	1.0	1.064107926537569
20816.822294531004	2000.0	936.2888389432346	0.0	0	0.0	2753.1111334742345	1	0	1.0	1.0641079265375688
21489.373927619687	1000.0	1263.7372058545495	0.0	0	0.0	2753.1111334742345	1	0	1.0	0.3709607459776243
22374.581489120857	1000.0	1378.5296443533796	0.0	0	0.0	2753.1111334742345	1	0	1.0	1.0641079265375695
23448.16280110138	1000.0	1304.9483323728514	0.0	0	0.0	2753.1111334742345	1	0	1.0	1.0641079265375695
24879.151964050157	1000.0	873.9591694240754	0.0	0	0.0	2753.1111334742345	1	0	1.0	1.0641079265375695
25666.207318821278	1000.0	1086.9038146529579	0.0	0	0.0	2753.1111334742345	1	0	1.0	1.0641079265375695
26140.994495065795	1000.0	1612.1166384084424	0.0	0	0.0	2753.1111334742345	1	0	1.0	1.0641079265375695
27246.75554201727	2000.0	1506.3555914569718	0.0	0	0.0	2753.1111334742345	1	0	1.0	1.0641079265375692
28339.73268020303	2000.0	1413.3784532712139	0.0	0	0.0	2753.111133474238	1	0	1.0	1.7572551070975144
29470.966760906227	2000.0	1282.144372568019	0.0	0	0.0	2753.111133474238	1	0	1.0	1.757255107097514
31059.025752009275	2000.0	694.0853814649722	0.0	0	0.0	2753.111133474238	1	0	1.0	1.757255107097514
32455.3414586948	2000.0	297.7696747794488	0.0	0	0.0	2753.1111334742345	1	0	1.0	1.7572551070975146
33162.0479121103	1000.0	615.2591092596172	24.195887895667028	0	0.0	2777.3070213699066	1	0	1.0	0.22225830914410327
33977.07360267591	1000.0	800.2334186940018	0.0	0	0.0	2777.3070213699066	1	0	1.0	1.0605808170780504
34886.500362616025	1000.0	890.806658753882	0.0	0	0.0	2777.3070213698993	1	0	1.0	1.060580817078051
35761.87844279794	1000.0	1015.4285785719619	0.0	0	0.0	2777.307021369903	1	0	1.0	1.060580817078051
36292.54569345008	1000.0	1484.7613279198322	0.0	0	0.0	2777.307021369903	1	0	1.0	1.0605808170780509
37241.428349659975	2000.0	1535.8786717099408	0.0	0	0.0	2777.3070213698957	1	0	1.0	1.060580817078052
38577.80728713591	2000.0	1199.4997342340043	0.0	0	0.0	2777.3070213698957	1	0	1.0	1.7537279976379971
39231.51485184651	1000.0	1545.7921695234027	0.0	0	0.0	2777.3070213698957	1	0	1.0	0.36743363651810684
40689.11341548883	2000.0	1088.193605881086	0.0	0	0.0	2777.3070213698884	1	0	1.0	1.060580817078053
42796.70453249902	2000.0	200.0	219.39751112910312	0	0.0	2996.704532498996	1	0	1.0	0.41399107506614136
43229.56225980667	1000.0	800.8894564290283	33.747183736673804	0	0.0	3030.4517162356715	1	0	1.0	0.1229502332638791
44380.28285901875	2000.0	650.1688572169501	0.0	0	0.0	3030.451716235664	1	0	1.0	1.0185805162438686
45241.16007156656	2000.0	789.2916446691387	0.0	0	0.0	3030.451716235664	1	0	1.0	1.7117276968038135
45872.566305742694	2000.0	1157.8854104930047	0.0	0	0.0	3030.451716235664	1	0	1.0	1.7117276968038135
47424.94525556159	2000.0	605.5064606741137	0.0	0	0.0	3030.451716235664	1	0	1.0	1.7117276968038135
49542.04523817329	2000.0	200.0	711.5935219375876	0	0.0	3742.0452381732466	1	0	1.0	-2.6654470230384644
50254.13555543512	1000.0	678.6063598896377	190.6966771514655	0	0.0	3932.74191532471	1	0	1.0	-1.0727444620804982
51608.53791553473	2000.0	324.2039997900254	0.0	0	0.0	3932.74191532471	1	0	1.0	0.7645827813882397
52437.65493879721	2000.0	590.7863835805347	95.69940705298472	0	0.0	4028.4413223776937	1	0	1.0	0.8439277631498303
53387.920231065036	2000.0	640.5210913127038	0.0	0	0.0	4028.4413223776864	1	0	1.0	1.4181242054677416
54336.527128499336	2000.0	691.9141938784039	0.0	0	0.0	4028.4413223776937	1	0	1.0	1.4181242054677388
55101.49208860515	2000.0	926.9492337725839	0.0	0	0.0	4028.4413223776937	1	0	1.0	1.4181242054677388
57161.12294705901	2000.0	200.0	332.68162468128776	0	0.0	4361.1229470590115	1	0	1.0	-0.6246301369551762
57585.74011881375	300.0	792.5292414730014	17.146413227740453	0	0.0	2378.269360286751	1	0	1.0	-8.094268557790404
58443.369266575195	1000.0	934.9000937115553	0.0	0	0.0	2378.269360286751	1	0	1.0	-0.09427009353808127
59298.088722063934	1000.0	1080.1806382228149	0.0	0	0.0	2378.269360286751	1	0	1.0	1.1097027107878548
59876.40153494666	1000.0	1501.8678253400903	0.0	0	0.0	2378.269360286751	1	0	1.0	1.1097027107878548
61199.28232528227	2000.0	1178.9870350044707	0.0	0	0.0	2378.269360286744	1	0	1.0	1.1097027107878554
62292.85460859105	2000.0	1085.4147516956946	0.0	0	0.0	2378.269360286744	1	0	1.0	1.8028498913478006
63268.05289970122	2000.0	1110.2164605855191	0.0	0	0.0	2378.269360286744	1	0	1.0	1.8028498913478006
64396.198266484746	2000.0	982.0710938020001	0.0	0	0.0	2378.2693602867366	1	0	1.0	1.8028498913478015
65333.09270534533	1000.0	1045.1766549414137	0.0	0	0.0	2378.2693602867366	1	0	1.0	0.4165555302279111
66138.8462157844	1000.0	1239.4231445023424	0.0	0	0.0	2378.2693602867366	1	0	1.0	1.1097027107878568
67164.568238496	2000.0	1213.701121790754	0.0	0	0.0	2378.2693602867366	1	0	1.0	1.1097027107878565
68409.0480153823	2000.0	969.2213449044436	0.0	0	0.0	2378.269360286722	1	0	1.0	1.8028498913478028
69728.6361259748	2000.0	649.6332343119568	0.0	0	0.0	2378.2693602867366	1	0	1.0	1.8028498913478015
71490.69909125096	2000.0	200.0	312.4297309642185	0	0.0	2690.6990912509355	1	0	1.0	-0.1061070171616138
72089.6808777842	1000.0	718.3059134447242	117.28769997796881	0	0.0	2807.9867912289337	1	0	1.0	-0.34087963780578234
73223.18289031793	2000.0	584.8039009109941	0.0	0	0.0	2807.9867912289337	1	0	1.0	1.0559937426219754
74124.74920872317	2000.0	683.2375825057596	0.0	0	0.0	2807.9867912289337	1	0	1.0	1.7491409231819204
75811.7149852605	2000.0	215.75339849922958	219.48159253081997	0	0.0	3027.4683837597404	1	0	1.0	0.39854606708918805
77517.0720745764	2000.0	200.0	689.6036908166706	0	0.0	3717.0720745763974	1	0	1.0	-2.588665494928085
78038.12162517449	1000.0	747.9460694670584	68.99562006513362	0	0.0	3786.0676946415333	1	0	1.0	-0.28728289045106437
79252.94311563484	2000.0	533.1245790066957	0.0	0	0.0	3786.0676946415333	1	0	1.0	0.8198380104996824
80134.70282904094	2000.0	651.3648656006077	0.0	0	0.0	3786.0676946415333	1	0	1.0	1.5129851910596277
81028.30072043248	2000.0	757.7669742090469	0.0	0	0.0	3786.0676946415333	1	0	1.0	1.5129851910596277
82046.35854255527	2000.0	739.7091520862442	0.0	0	0.0	3786.0676946415333	1	0	1.0	1.5129851910596277
82797.79545141324	2000.0	988.2722432282751	0.0	0	0.0	3786.0676946415333	1	0	1.0	1.5129851910596277
83614.0975433006	2000.0	1171.9701513409104	0.0	0	0.0	3786.0676946415333	1	0	1.0	1.5129851910596277
85161.86930858383	2000.0	624.1983860576945	0.0	0	0.0	3786.067694641548	1	0	1.0	1.5129851910596224
86586.69053870472	2000.0	200.0	0.6228440631953447	0	0.0	3786.6905387047445	1	0	1.0	1.5092038673635615
88000.47769529432	1000.0	260.0722446163131	473.8594012058983	0	0.0	4260.549939910648	1	0	1.0	-2.919971493206565
88382.2001732757	300.0	878.3497666349244	0.0	0	0.0	2260.5499399106484	1	0	1.0	-7.286943933945407
89167.49524511855	1000.0	1093.0546947920866	0.0	0	0.0	2260.5499399106484	1	0	1.0	-0.08297112961947173
89995.43195803517	1000.0	1265.1179818754767	0.0	0	0.0	2260.5499399106484	1	0	1.0	1.1210016747064644
91079.8409751289	2000.0	1180.7089647817497	0.0	0	0.0	2260.5499399106484	1	0	1.0	1.1210016747064644
92720.56968369633	2000.0	539.9802562143157	0.0	0	0.0	2260.5499399106484	1	0	1.0	1.8141488552664096
94197.7526053287	1000.0	200.0	137.20266541805296	0	0.0	2397.7526053287	1	0	1.0	-0.40631764534021714
95160.18022297585	500.0	548.9055732151935	311.3331908623272	0	0.0	2709.0857961910224	1	0	1.0	-2.1839670260684354
96171.62380423066	1000.0	546.2166502076116	8.754658247253213	0	0.0	2717.8404544382793	1	0	1.0	0.32343489215013665
97185.73338247529	1000.0	532.1070719629838	0.0	0	0.0	2717.8404544382793	1	0	1.0	1.0691100221936014
97962.5885539247	1000.0	755.2519005135558	0.0	0	0.0	2717.8404544382793	1	0	1.0	1.0691100221936014
98635.32640634164	1000.0	1082.5140480966147	0.0	0	0.0	2717.840454438294	1	0	1.0	1.0691100221935992
99329.59388786985	1000.0	1388.2465665684272	0.0	0	0.0	2717.840454438294	1	0	1.0	1.0691100221935992
100249.11559087508	1000.0	1468.7248635631954	0.0	0	0.0	2717.840454438294	1	0	1.0	1.0691100221935992
101034.78243229452	1000.0	1683.0580221437617	0.0	0	0.0	2717.840454438294	1	0	1.0	1.0691100221935992
102412.34563699669	2000.0	1305.4948174415954	0.0	0	0.0	2717.840454438294	1	0	1.0	1.0691100221935992
103873.27003323626	2000.0	844.5704212020172	0.0	0	0.0	2717.840454438294	1	0	1.0	1.7622572027535444
104581.35012446405	1000.0	1136.4903299742318	0.0	0	0.0	2717.840454438294	1	0	1.0	0.37596284163365407
105288.49416860114	1000.0	1429.3462858371533	0.0	0	0.0	2717.840454438294	1	0	1.0	1.0691100221935992
105897.2251839168	1000.0	1820.6152705214863	0.0	0	0.0	2717.840454438294	1	0	1.0	1.0691100221935992
108444.84682325547	2000.0	272.99363118282866	0.0	0	0.0	2717.840454438294	1	0	1.0	1.0691100221935992
109344.56584801484	1000.0	584.7656217691504	211.4910153456956	0	0.0	2929.3314697839814	1	0	1.0	-0.9255639542698244
110197.01509523946	1000.0	732.3163745445244	0.0	0	0.0	2929.331469783967	1	0	1.0	1.036529318364297
111279.06920602756	1000.0	650.2622637564224	0.0	0	0.0	2929.331469783967	1	0	1.0	1.036529318364297
111936.8487328956	1000.0	992.4827368883805	0.0	0	0.0	2929.331469783967	1	0	1.0	1.036529318364297
112822.24426731998	2000.0	1107.0872024639893	0.0	0	0.0	2929.3314697839814	1	0	1.0	1.0365293183642945
113440.25031685464	1000.0	1489.0811529293285	0.0	0	0.0	2929.3314697839814	1	0	1.0	0.34338213780434923
114416.25294402994	1000.0	1513.078525754002	0.0	0	0.0	2929.3314697839814	1	0	1.0	1.0365293183642945
114990.90909755146	1000.0	1938.4223722324755	0.0	0	0.0	2929.3314697839814	1	0	1.0	1.0365293183642945
116183.87726892659	2000.0	1745.454200857342	0.0	0	0.0	2929.331469783967	1	0	1.0	1.0365293183642967
117544.81112945244	2000.0	1384.5203403314965	0.0	0	0.0	2929.3314697839814	1	0	1.0	1.7296764989242397
118777.23926827109	2000.0	1152.092201512835	0.0	0	0.0	2929.331469783967	1	0	1.0	1.729676498924242
119803.79506037354	2000.0	1125.5364094103945	0.0	0	0.0	2929.331469783967	1	0	1.0	1.729676498924242
120971.61845803357	2000.0	957.7130117503733	0.0	0	0.0	2929.331469783967	1	0	1.0	1.729676498924242
122036.67616898782	2000.0	892.6553007961221	0.0	0	0.0	2929.3314697839814	1	0	1.0	1.7296764989242397
122686.91628793851	2000.0	1242.4151818454407	0.0	0	0.0	2929.3314697839814	1	0	1.0	1.7296764989242397
123171.96082641878	2000.0	1757.3706433651628	0.0	0	0.0	2929.331469783967	1	0	1.0	1.729676498924242
123671.62211701264	2000.0	2257.7093527713205	0.0	0	0.0	2929.331469783967	1	0	1.0	1.729676498924242
124828.67149945302	3000.0	2100.659970330952	0.0	0	0.0	2929.331469783967	1	0	1.0	1.7296764989242421
126522.34476408506	2000.0	1406.9867056988958	0.0	0	0.0	2929.331469783967	1	0	1.0	1.3242113908160773
127602.59095330763	2000.0	1326.740516476317	0.0	0	0.0	2929.3314697839523	1	0	1.0	1.7296764989242444
128525.28065110647	2000.0	1404.0508186774891	0.0	0	0.0	2929.3314697839523	1	0	1.0	1.7296764989242444
129355.59125141124	2000.0	1573.7402183727204	0.0	0	0.0	2929.3314697839523	1	0	1.0	1.7296764989242444
130569.92652874194	2000.0	1359.4049410420405	0.0	0	0.0	2929.3314697839523	1	0	1.0	1.7296764989242444
132443.52794014345	2000.0	485.8035296405696	0.0	0	0.0	2929.3314697839814	1	0	1.0	1.729676498924243
133256.5438038026	1000.0	672.7876659814251	0.0	0	0.0	2929.331469783996	1	0	1.0	0.3433821378043468
133806.12344078807	1000.0	1123.2080289959604	0.0	0	0.0	2929.331469783996	1	0	1.0	1.036529318364293
134669.94878425717	1000.0	1259.3826855268221	0.0	0	0.0	2929.331469783996	1	0	1.0	1.0365293183642919
137259.32282158438	1000.0	200.0	529.9913518004089	0	0.0	3459.3228215844138	1	0	1.0	-2.187374229738995
138379.94226549254	500.0	432.7466789844844	353.36612289266793	0	0.0	3812.688944477064	1	0	1.0	-2.6962108482765808
139332.49909541552	500.0	555.9015238652846	75.71167480378105	0	0.0	3888.4006192808447	1	0	1.0	-0.365452029039627
140069.11563520657	500.0	819.2849840742163	0.0	0	0.0	3888.4006192808447	1	0	1.0	0.08881801978305924
141150.8062942091	1000.0	737.5943250716965	0.0	0	0.0	3888.4006192808447	1	0	1.0	0.08881801978305925
141812.4622706729	1000.0	1075.9383486078975	0.0	0	0.0	3888.4006192808447	1	0	1.0	0.7819652003430047
142945.82538450713	1000.0	942.5752347736639	0.0	0	0.0	3888.4006192808156	1	0	1.0	0.7819652003430158
143592.42184033754	1000.0	1295.978778943273	0.0	0	0.0	3888.4006192808156	1	0	1.0	0.7819652003430158
144243.17335758978	1000.0	1645.2272616910432	0.0	0	0.0	3888.4006192808447	1	0	1.0	0.7819652003430047
145602.98815344024	2000.0	1285.4124658405733	0.0	0	0.0	3888.4006192808447	1	0	1.0	0.7819652003430047
147965.8681705119	2000.0	200.0	277.4675512311133	0	0.0	4165.868170511909	1	0	1.0	-0.2563624449520555
149523.91234705568	2000.0	234.32194857631444	592.366125120123	0	0.0	2758.234295632021	1	0	1.0	-7.797681893408796
150064.25213918087	1000.0	736.517348516015	42.53519206489523	0	0.0	2800.7694876969326	1	0	1.0	0.10872620300075403
150600.36678604528	1000.0	1200.4027016515906	0.0	0	0.0	2800.7694876969326	1	0	1.0	1.0570845359500705
151879.05209661362	2000.0	921.7173910832664	0.0	0	0.0	2800.7694876969617	1	0	1.0	1.057084535950066
153022.88847648917	2000.0	777.8810112077665	0.0	0	0.0	2800.7694876969617	1	0	1.0	1.7502317165100112
153910.04721922925	2000.0	890.7222684676851	0.0	0	0.0	2800.7694876969326	1	0	1.0	1.7502317165100156
154833.41663801516	2000.0	967.3528496817881	0.0	0	0.0	2800.7694876969326	1	0	1.0	1.7502317165100156
155862.10360993887	2000.0	938.6658777580826	0.0	0	0.0	2800.7694876969326	1	0	1.0	1.7502317165100156
156710.73990603583	2000.0	1090.0295816611615	0.0	0	0.0	2800.7694876969326	1	0	1.0	1.7502317165100156
157824.54225184215	2000.0	976.2272358548271	0.0	0	0.0	2800.7694876969326	1	0	1.0	1.7502317165100156
159134.45695996558	2000.0	666.3125277314062	0.0	0	0.0	2800.7694876969326	1	0	1.0	1.7502317165100156
160557.37027221883	2000.0	333.981399077324	90.58218359916145	0	0.0	2891.3516712960845	1	0	1.0	1.1925096714855583
162014.511191764	2000.0	284.05435551823007	407.2138759860713	0	0.0	3298.565547282138	1	0	1.0	-0.7878278397135255
162444.44930062542	1000.0	854.1162466568211	0.0	0	0.0	3298.565547282138	1	0	1.0	0.26916105508301136
163310.593259245	2000.0	987.9722880372282	0.0	0	0.0	3298.565547282138	1	0	1.0	0.9623082356429565
164161.66882295004	2000.0	1136.8967243321945	0.0	0	0.0	3298.565547282138	1	0	1.0	1.6554554162029018
165537.50507041873	2000.0	761.060476863536	0.0	0	0.0	3298.565547282138	1	0	1.0	1.6554554162029018
167293.0025537049	2000.0	200.0	194.43700642261592	0	0.0	3493.002553704777	1	0	1.0	0.4631470392243828
168293.55784613767	1000.0	549.3282092004688	349.88350163323986	0	0.0	3842.8860553381382	1	0	1.0	-1.9932581758036487
169622.57596615597	2000.0	381.81877092956074	161.50868174739554	0	0.0	4004.3947370855312	1	0	1.0	-0.23384924937734708
171015.53965026035	2000.0	238.59372246266736	249.73863563748677	0	0.0	4254.133372723038	1	0	1.0	-0.18569851995376552
171815.9039575345	1000.0	563.8113346297758	125.58191944124792	0	0.0	2379.71529216427	1	0	1.0	-6.337082774218261
173213.81041952813	1000.0	207.6152109357953	41.71033829966359	0	0.0	2421.4256304638984	1	0	1.0	0.8549718401791286
173781.89961915248	500.0	721.9332619302609	82.40725061884132	0	0.0	2503.8328810827225	1	0	1.0	-0.7845605069952729
174625.20160144774	1000.0	878.631279634994	0.0	0	0.0	2503.8328810826933	1	0	1.0	0.40303017727772383
175287.66382527957	1000.0	1216.169055803121	0.0	0	0.0	2503.8328810826642	1	0	1.0	1.0961773578376728
176215.40497240488	2000.0	1288.4279086778456	0.0	0	0.0	2503.8328810826642	1	0	1.0	1.0961773578376726
177118.5707962825	2000.0	1385.2620848002648	0.0	0	0.0	2503.8328810826642	1	0	1.0	1.7893245383976177
178282.30797790096	2000.0	1221.524903181819	0.0	0	0.0	2503.8328810826933	1	0	1.0	1.7893245383976144
179615.49170207122	2000.0	888.3411790115628	0.0	0	0.0	2503.8328810827225	1	0	1.0	1.789324538397611
181048.3584574909	2000.0	455.47442359189665	0.0	0	0.0	2503.8328810827225	1	0	1.0	1.789324538397611
181946.16340268758	1000.0	557.6694783951918	0.0	0	0.0	2503.8328810827225	1	0	1.0	0.40303017727772084
182625.45370561618	1000.0	878.3791754666048	0.0	0	0.0	2503.8328810827516	1	0	1.0	1.0961773578376626
183465.9799442151	1000.0	1037.852936867659	0.0	0	0.0	2503.8328810827516	1	0	1.0	1.0961773578376626
184136.72376080605	1000.0	1367.1091202767145	0.0	0	0.0	2503.8328810827516	1	0	1.0	1.0961773578376626
185096.81571939294	1000.0	1407.0171616898306	0.0	0	0.0	2503.8328810827807	1	0	1.0	1.0961773578376595
186469.80585957505	2000.0	1034.0270215077235	0.0	0	0.0	2503.8328810827807	1	0	1.0	1.0961773578376592
187114.09421480403	1000.0	1389.7386662787553	0.0	0	0.0	2503.8328810827807	1	0	1.0	0.4030301772777142
188161.94405024208	1000.0	1341.888830840729	0.0	0	0.0	2503.8328810827807	1	0	1.0	1.0961773578376595
189612.95562359062	2000.0	890.8772574921855	0.0	0	0.0	2503.8328810828098	1	0	1.0	1.096177357837656
190509.53842132946	1000.0	994.2944597533403	0.0	0	0.0	2503.8328810828098	1	0	1.0	0.40303017727771084
191523.86525300212	1000.0	979.9676280806718	0.0	0	0.0	2503.832881082839	1	0	1.0	1.0961773578376528
192002.9717309568	1000.0	1500.8611501260277	0.0	0	0.0	2503.832881082839	1	0	1.0	1.0961773578376528
192948.4448710081	2000.0	1555.3880100747213	0.0	0	0.0	2503.832881082839	1	0	1.0	1.0961773578376526
193947.20470599816	2000.0	1556.6281750846692	0.0	0	0.0	2503.832881082868	1	0	1.0	1.7893245383975958
194596.45425770388	2000.0	1907.3786233789597	0.0	0	0.0	2503.832881082897	1	0	1.0	1.789324538397591
195781.95900755163	2000.0	1721.8738735311972	0.0	0	0.0	2503.832881082868	1	0	1.0	1.7893245383975944
197301.0556638531	2000.0	1202.7772172297207	0.0	0	0.0	2503.832881082839	1	0	1.0	1.7893245383975978
199315.56636033088	2000.0	293.28205325862336	105.01553250667929	0	0.0	2608.848413589527	1	0	1.0	1.14885712403472
200433.14761007283	2000.0	408.18965865200323	232.48885513532713	0	0.0	2841.337268724834	1	0	1.0	0.34907216208542996
201104.06162158615	1000.0	737.275647138675	0.0	0	0.0	2841.3372687248047	1	0	1.0	0.3577109317775071
202488.32590665974	2000.0	353.01136206509636	0.0	0	0.0	2841.3372687248047	1	0	1.0	1.0508581123374525
203165.66509670584	1000.0	682.9685165330334	7.296344514064856	0	0.0	2848.633613238868	1	0	1.0	0.31278815929344606
204172.65082275568	2000.0	675.9827904831409	0.0	0	0.0	2848.6336132388096	1	0	1.0	1.0497134069377885
205390.64266934752	2000.0	457.99094389129414	0.0	0	0.0	2848.6336132387805	1	0	1.0	1.7428605874977392
206244.68821906563	1000.0	603.9453941731633	0.0	0	0.0	2848.6336132387805	1	0	1.0	0.35656622637784885
207002.9585745416	1000.0	845.6750386971842	0.0	0	0.0	2848.6336132387514	1	0	1.0	1.0497134069377978
207594.71742978148	1000.0	1253.9161834572935	0.0	0	0.0	2848.6336132387514	1	0	1.0	1.0497134069377987
208137.93253982748	1000.0	1710.7010734113132	0.0	0	0.0	2848.6336132387805	1	0	1.0	1.049713406937794
209098.419316307	2000.0	1750.214296931809	0.0	0	0.0	2848.6336132387805	1	0	1.0	1.0497134069377942
210238.23501905098	2000.0	1610.3985941878636	0.0	0	0.0	2848.6336132387805	1	0	1.0	1.7428605874977392
211819.96061937953	2000.0	1028.6729938593012	0.0	0	0.0	2848.6336132388096	1	0	1.0	1.7428605874977345
213373.59687301572	2000.0	475.03674022314385	0.0	0	0.0	2848.6336132388096	1	0	1.0	1.7428605874977345
213991.1834994177	1000.0	857.4501138211663	0.0	0	0.0	2848.6336132388387	1	0	1.0	0.35656622637784063
214839.75671008296	1000.0	1008.8769031559144	0.0	0	0.0	2848.6336132388387	1	0	1.0	1.049713406937785
215901.65052800337	2000.0	946.9830852355002	0.0	0	0.0	2848.6336132388387	1	0	1.0	1.0497134069377847
217223.0531045912	2000.0	625.5805086476831	0.0	0	0.0	2848.6336132388387	1	0	1.0	1.7428605874977299
218421.13589977342	2000.0	427.497713465454	0.0	0	0.0	2848.6336132388096	1	0	1.0	1.7428605874977345
219476.62225091452	2000.0	372.01136232437034	0.0	0	0.0	2848.6336132387805	1	0	1.0	1.7428605874977392
220301.08017750783	1000.0	613.3519157327984	65.79848000171833	0	0.0	2914.4320932404953	1	0	1.0	-0.048900786201673485
220880.1719871842	1000.0	1034.2601060563961	0.0	0	0.0	2914.432093240466	1	0	1.0	1.0390372743685847
222041.1197901678	2000.0	873.3123030727872	0.0	0	0.0	2914.432093240437	1	0	1.0	1.0390372743685914
223450.20001492286	2000.0	464.23207831777916	0.0	0	0.0	2914.4320932404953	1	0	1.0	1.732184454928528
225002.26421404548	2000.0	223.2031149949457	311.0352357997907	0	0.0	3225.4673290403152	1	0	1.0	-0.1902667205786217
225906.7130866548	2000.0	518.4187176410337	199.6644752553796	0	0.0	3425.131804295699	1	0	1.0	0.425929708293068
227204.40525858256	2000.0	327.2952160734751	106.56867036016484	0	0.0	3531.700474655867	1	0	1.0	0.9551560659127545
227681.5598903583	1000.0	850.1405842977306	0.0	0	0.0	3531.700474655867	1	0	1.0	0.20827372695385338
228971.7654373465	2000.0	559.9350373095534	0.0	0	0.0	3531.700474655867	1	0	1.0	0.9014209075137984
229961.8977690889	2000.0	569.8027055671914	0.0	0	0.0	3531.700474655867	1	0	1.0	1.5945680880737436
230964.20016623495	2000.0	567.5003084211169	0.0	0	0.0	3531.700474655867	1	0	1.0	1.5945680880737436
231576.9199163225	2000.0	954.7805583335468	0.0	0	0.0	3531.700474655867	1	0	1.0	1.5945680880737436
232339.91296220841	2000.0	1191.7875124476182	0.0	0	0.0	3531.7004746558378	1	0	1.0	1.594568088073752
233321.583775974	2000.0	1210.1166986820444	0.0	0	0.0	3531.7004746558378	1	0	1.0	1.594568088073752
234370.61735390066	2000.0	1161.083120755396	0.0	0	0.0	3531.700474655867	1	0	1.0	1.5945680880737436
236825.0224960445	2000.0	200.0	493.32202138841984	0	0.0	4025.0224960444903	1	0	1.0	-1.4154629595874542
237116.60015678286	300.0	908.4223392616186	0.0	0	0.0	2025.0224960444903	1	0	1.0	-7.960963680397486
237988.50472791548	1000.0	1036.5177681290033	0.0	0	0.0	2025.0224960444903	1	0	1.0	-0.06384369551160604
238628.05344335447	1000.0	1396.9690526899885	0.0	0	0.0	2025.0224960444903	1	0	1.0	1.1401291088143302
239270.86727586712	1000.0	1754.1552201773454	0.0	0	0.0	2025.0224960444903	1	0	1.0	1.1401291088143302
240512.3449790025	2000.0	1512.6775170419849	0.0	0	0.0	2025.0224960444903	1	0	1.0	1.1401291088143304
243519.67241908825	2000.0	200.0	694.6499230438092	0	0.0	2719.6724190882524	1	0	1.0	-2.35459756112697
244771.9154230839	1000.0	395.9449818156113	448.18798581125435	0	0.0	3167.8604048994894	1	0	1.0	-2.390859482990166
245815.0912543662	1000.0	470.4501655589428	117.68101502563013	0	0.0	3285.541419925081	1	0	1.0	0.2592749662776451
246730.35910600942	1000.0	555.1823139157149	0.0	0	0.0	3285.5414199250517	1	0	1.0	0.9653610564314383
247619.2702905275	1000.0	666.2711293976544	0.0	0	0.0	3285.5414199250517	1	0	1.0	0.9653610564314383
248423.1777249317	1000.0	862.363694993442	0.0	0	0.0	3285.541419925081	1	0	1.0	0.9653610564314314
249178.36449570305	1000.0	1107.1769242220944	0.0	0	0.0	3285.541419925081	1	0	1.0	0.9653610564314314
249826.0863081984	1000.0	1459.4551117267292	0.0	0	0.0	3285.541419925081	1	0	1.0	0.9653610564314314
250815.25421138064	2000.0	1470.287208544485	0.0	0	0.0	3285.5414199250517	1	0	1.0	0.9653610564314382
252054.5003039201	2000.0	1231.0411160050216	0.0	0	0.0	3285.5414199250517	1	0	1.0	1.6585082369913833
253145.95174991485	2000.0	1139.5896700102567	0.0	0	0.0	3285.5414199250226	1	0	1.0	1.65850823699139
254382.6839808733	2000.0	902.8574390518484	0.0	0	0.0	3285.5414199250226	1	0	1.0	1.65850823699139
255011.46450794706	1000.0	1274.076911978049	0.0	0	0.0	3285.5414199250226	1	0	1.0	0.2722138758714999
255732.6126326821	1000.0	1552.9287872430139	0.0	0	0.0	3285.5414199250226	1	0	1.0	0.9653610564314451
257195.81949857884	1000.0	1089.7219213462863	0.0	0	0.0	3285.5414199250226	1	0	1.0	0.9653610564314451
257973.2166409014	1000.0	1312.3247790237278	0.0	0	0.0	3285.5414199249935	1	0	1.0	0.9653610564314518
258686.95099012522	1000.0	1598.5904297999116	0.0	0	0.0	3285.5414199249935	1	0	1.0	0.9653610564314518
259321.87470579386	1000.0	1963.6667141312666	0.0	0	0.0	3285.5414199249935	1	0	1.0	0.9653610564314518
260354.00599723376	1000.0	1931.5354226913553	0.0	0	0.0	3285.5414199249935	1	0	1.0	0.9653610564314518
260982.19217607754	1000.0	2303.349243847518	0.0	0	0.0	3285.5414199249644	1	0	1.0	0.9653610564314585
262146.5797776266	2000.0	2138.9616422984914	0.0	0	0.0	3285.5414199249935	1	0	1.0	0.9653610564314571
263393.26638119447	2000.0	1892.2750387306312	0.0	0	0.0	3285.5414199250226	1	0	1.0	1.6585082369913926
264992.68083594565	2000.0	1292.8605839794136	0.0	0	0.0	3285.5414199249935	1	0	1.0	1.6585082369913966
266453.53966127674	2000.0	832.001758648368	0.0	0	0.0	3285.5414199249935	1	0	1.0	1.6585082369913966
268056.13492589246	2000.0	259.1153108890742	29.70881685642974	0	0.0	3315.250236781547	1	0	1.0	1.47565993852647
268750.3678495147	1000.0	623.0667868803866	58.18439961356219	0	0.0	3373.4346363951336	1	0	1.0	-0.09818294042163275
269706.9638943969	2000.0	666.4707419982078	0.0	0	0.0	3373.4346363951336	1	0	1.0	0.9440706378196855
270655.9489403404	2000.0	717.4856960547506	0.0	0	0.0	3373.4346363950754	1	0	1.0	1.6372178183796455
271241.70004641253	2000.0	1131.7345899825823	0.0	0	0.0	3373.4346363950754	1	0	1.0	1.6372178183796455
271981.03884143825	2000.0	1392.3957949568533	0.0	0	0.0	3373.4346363950754	1	0	1.0	1.6372178183796455
272494.76572419045	2000.0	1878.6689122046796	0.0	0	0.0	3373.4346363950754	1	0	1.0	1.6372178183796455
274154.68023644714	3000.0	1218.7543999479747	0.0	0	0.0	3373.4346363950754	1	0	1.0	1.6372178183796455
275846.9274928737	2000.0	526.5071435214289	0.0	0	0.0	3373.4346363950754	1	0	1.0	1.231752710271481
277288.96717157244	2000.0	378.232763295802	293.7652984731566	0	0.0	3667.1999348682	1	0	1.0	-0.2093519539323902
278278.58642500767	2000.0	467.8368393246076	79.22332946402045	0	0.0	3746.4232643322903	1	0	1.0	1.051504943738094
279482.0588896847	2000.0	438.72323405909435	174.3588594114635	0	0.0	3920.782123743731	1	0	1.0	0.4163245072642937
280573.66956228047	2000.0	405.573136235015	58.460574771777715	0	0.0	3979.2426985155325	1	0	1.0	1.0880842009228489
282702.5672913123	2000.0	200.0	923.3245927968456	0	0.0	4902.567291312327	1	0	1.0	-4.566977832062357
285044.3584874957	2000.0	200.0	1341.7911961833859	0	0.0	4244.358487495687	1	0	1.0	-12.497707593453965
285734.60361323407	300.0	659.4440912061243	149.68921694452195	0	0.0	2394.0477044401923	1	0	1.0	-8.891138092054604
288255.76040979836	1000.0	200.0	1061.7127053581896	0	0.0	3455.7604097983567	1	0	1.0	-6.633693459131215
288999.4878247064	500.0	681.8649765911224	225.59239149918946	0	0.0	3681.3528012975585	1	0	1.0	-1.8843467645706742
289754.3767806431	1000.0	926.9760206544034	0.0	0	0.0	3681.3528012975585	1	0	1.0	0.1623547649844087
290593.06540113577	1000.0	1088.287400161766	0.0	0	0.0	3681.3528012975585	1	0	1.0	0.8555019455443541
291564.33825722255	1000.0	1117.0145440750161	0.0	0	0.0	3681.3528012975585	1	0	1.0	0.8555019455443541
292260.1273020624	1000.0	1421.225499235066	0.0	0	0.0	3681.3528012975585	1	0	1.0	0.8555019455443541
292822.2589423973	1000.0	1859.093858900156	0.0	0	0.0	3681.3528012975003	1	0	1.0	0.855501945544373
293987.7906473897	2000.0	1693.5621539078022	0.0	0	0.0	3681.3528012975003	1	0	1.0	0.8555019455443729
295867.3803609725	2000.0	813.972440325039	0.0	0	0.0	3681.3528012975003	1	0	1.0	1.548649126104318
296893.48370224814	1000.0	787.8690990493928	0.0	0	0.0	3681.3528012975003	1	0	1.0	0.1623547649844278
297525.62017493614	1000.0	1155.7326263614336	0.0	0	0.0	3681.3528012975003	1	0	1.0	0.855501945544373
298191.32500382076	1000.0	1490.0277974768069	0.0	0	0.0	3681.3528012975003	1	0	1.0	0.855501945544373
299735.3487436284	2000.0	946.0040576690676	0.0	0	0.0	3681.3528012975003	1	0	1.0	0.8555019455443729
300912.657999358	2000.0	768.6948019394918	0.0	0	0.0	3681.3528012975003	1	0	1.0	1.5486491261043067
301604.2069073561	2000.0	1077.1458939414124	0.0	0	0.0	3681.3528012975003	1	0	1.0	1.548649126104318
303034.1007688564	2000.0	647.2520324411871	0.0	0	0.0	3681.3528012975003	1	0	1.0	1.548649126104318
303884.079551135	2000.0	797.2732501625311	0.0	0	0.0	3681.3528012975003	1	0	1.0	1.548649126104318
305006.0249092062	2000.0	675.3278920912765	0.0	0	0.0	3681.3528012975003	1	0	1.0	1.548649126104318
305961.0932905041	2000.0	720.2595107933489	0.0	0	0.0	3681.3528012975003	1	0	1.0	1.548649126104318
306797.1865934586	2000.0	884.1662078389185	0.0	0	0.0	3681.352801297442	1	0	1.0	1.5486491261043218
308275.0772580113	2000.0	406.27554328616975	0.0	0	0.0	3681.3528012975003	1	0	1.0	1.5486491261043256
309247.1394112502	2000.0	519.9542232138847	85.74083316659323	0	0.0	3767.0936344640795	1	0	1.0	1.0052288381941263
310489.3126013781	2000.0	424.63549457248473	146.85446148639636	0	0.0	3913.9480959504726	1	0	1.0	0.5840440597088029
311554.1885607419	2000.0	486.2957396060743	126.53620439736534	0	0.0	4040.4843003478018	1	0	1.0	0.6537153730121356
312482.8390255869	2000.0	557.6452747610601	0.0	0	0.0	4040.4843003478018	1	0	1.0	1.4129325993963278
313295.4072918939	2000.0	745.0770084540336	0.0	0	0.0	4040.48430034786	1	0	1.0	1.4129325993963027
314634.5386122006	2000.0	405.94568814734527	0.0	0	0.0	4040.48430034786	1	0	1.0	1.4129325993963027
316195.94759814546	2000.0	200.0	355.46329779759657	0	0.0	4395.94759814546	1	0	1.0	-0.8740574339428258
316459.8173778066	300.0	936.1302203389114	0.0	0	0.0	2395.94759814546	1	0	1.0	-7.993198610534467
317150.756857885	1000.0	1245.190740260503	0.0	0	0.0	2395.947598145518	1	0	1.0	-0.09607862564859115
317763.987814465	1000.0	1631.959783680531	0.0	0	0.0	2395.947598145576	1	0	1.0	1.107894178677339
319027.13422362343	2000.0	1368.8133745220875	0.0	0	0.0	2395.947598145576	1	0	1.0	1.1078941786773389
319995.717242134	1000.0	1400.2303560115183	0.0	0	0.0	2395.947598145518	1	0	1.0	0.4147469981173962
320874.76792388875	1000.0	1521.1796742567683	0.0	0	0.0	2395.947598145576	1	0	1.0	1.1078941786773426
2.17	2.49	2.41	1.69	1.44	1.7	1.86	1.9	1.9	2.28	1.38	1.33	1.09	1.48	1.95	1.34	1.16	1.07	0.79	1.39	1.88	2.49	2.18	1.59	1.48	1.93	1.56	1.2	1.59	1.15	1.84	1.73	1.17	1.41	1.66	1.16	1.33	1.93	2.54	2.99	2.24	1.08	1.17	0.71	2.0	1.74	2.09	1.49	1.87	2.15	1.0	1.03	1.53	1.48	1.75	2.02	1.56	1.73	1.3	1.3	1.78	2.06	2.0	2.07	1.33	1.52	2.07	2.33	1.45	1.34	1.67	1.62	1.69	2.06	2.44	2.32	2.97	2.24	1.63	1.73	1.2	0.76	0.88	1.33	2.09	2.15	1.22	0.65	0.5999999999999999	0.8	1.03	1.15	1.33	1.69	1.17	1.5801333333333334	1.4841333333333333	1.8801333333333334	1.3521333333333334	1.2201333333333333	1.3401333333333334	0.7401333333333333	0.7881333333333334	1.4481333333333333	1.2801333333333333	1.0281333333333333	1.8321333333333334	1.2681333333333333	1.3041333333333334	1.5801333333333334	1.8081333333333334	1.8921333333333334	1.3401333333333334	1.7001333333333333	1.8081333333333334	2.3241333333333336	3.0081333333333333	3.5121333333333333	1.9881333333333333	1.1121333333333332	1.1121333333333332	1.4001333333333332	1.8921333333333334	1.9641333333333333	2.3241333333333336	1.7601333333333333	0.8721333333333333	1.4361333333333333	1.4481333333333333	0.4881333333333334	0.3921333333333332	0.40413333333333323	0.4881333333333334	0.7641333333333333	1.0881333333333332	1.4121333333333332	1.1841333333333333	1.2801333333333333	1.8681333333333334	1.4721333333333333	0.9	0.94	1.36	1.41	1.67	1.76	2.37	1.68	1.78	1.67	2.17	2.49	2.41	1.69	1.44	1.7	1.86	1.9	1.9	2.28	1.38	1.33	1.09	1.48	1.95	1.34	1.16	1.07	0.79	1.39	1.88	2.49	2.18	1.59	1.48	1.93	1.56	1.2	1.59	1.15	1.84	1.73	1.17	1.41	1.66	1.16	1.33	1.93	2.54	2.99	2.24	1.08	1.17	0.71	2.0	1.74	2.09	1.49	1.87	2.15	1.0	1.03	1.53	1.48	1.75	2.02	1.56	1.73	1.3	1.3	1.78	2.06	2.0	2.07	1.33	1.52	2.07	2.33	1.45	1.34	1.67	1.62	1.69	2.06	2.44	2.32	2.97	2.24	1.63	1.73	1.2	0.76	0.88	1.33	2.09	2.15	1.22	0.65	0.5999999999999999	0.8	1.03	1.15	1.33	1.69	1.17	1.5801333333333334	1.4841333333333333	1.8801333333333334	1.3521333333333334	1.2201333333333333	1.3401333333333334	0.7401333333333333	0.7881333333333334	1.4481333333333333	1.2801333333333333	1.0281333333333333	1.8321333333333334	1.2681333333333333	1.3041333333333334	1.5801333333333334	1.8081333333333334	1.8921333333333334	1.3401333333333334	1.7001333333333333	1.8081333333333334	2.3241333333333336	3.0081333333333333	3.5121333333333333	1.9881333333333333	1.1121333333333332	1.1121333333333332	1.4001333333333332	1.8921333333333334	1.9641333333333333	2.3241333333333336	1.7601333333333333	0.8721333333333333	1.4361333333333333	1.4481333333333333	0.4881333333333334	0.3921333333333332	0.40413333333333323	0.4881333333333334	0.7641333333333333	1.0881333333333332	1.4121333333333332	1.1841333333333333	1.2801333333333333	1.8681333333333334	1.4721333333333333	0.9	0.94	1.36	1.41	1.67	1.76	2.37	1.68	1.78	1.67	2.17	2.49	2.41	1.69	1.44	1.7	1.86	1.9	1.9	2.28	1.38	1.33	1.09	1.48	1.95	1.34	1.16	1.07	0.79
1.0	2.0	3.0	4.0	5.0	6.0	7.0	8.0	9.0	10.0	11.0	12.0	13.0	14.0	15.0	16.0	17.0	18.0	19.0	20.0	21.0	22.0	23.0	24.0	25.0	26.0	27.0	28.0	29.0	30.0	31.0	32.0	33.0	34.0	35.0	36.0	37.0	38.0	39.0	40.0	41.0	42.0	43.0	44.0	45.0	46.0	47.0	48.0	49.0	50.0	51.0	52.0	53.0	54.0	55.0	56.0	57.0	58.0	59.0	60.0	61.0	62.0	63.0	64.0	65.0	66.0	67.0	68.0	69.0	70.0	71.0	72.0	73.0	74.0	75.0	76.0	77.0	78.0	79.0	80.0	81.0	82.0	83.0	84.0	85.0	86.0	87.0	88.0	89.0	90.0	91.0	92.0	93.0	94.0	95.0	96.0	97.0	98.0	99.0	100.0	101.0	102.0	103.0	104.0	105.0	106.0	107.0	108.0	109.0	110.0	111.0	112.0	113.0	114.0	115.0	116.0	117.0	118.0	119.0	120.0	121.0	122.0	123.0	124.0	125.0	126.0	127.0	128.0	129.0	130.0	131.0	132.0	133.0	134.0	135.0	136.0	137.0	138.0	139.0	140.0	141.0	142.0	143.0	144.0	145.0	146.0	147.0	148.0	149.0	149.0	150.0	151.0	152.0	153.0	154.0	155.0	156.0	157.0	158.0	159.0	160.0	161.0	162.0	163.0	164.0	165.0	166.0	167.0	168.0	169.0	170.0	171.0	172.0	173.0	174.0	175.0	176.0	177.0	178.0	179.0	180.0	181.0	182.0	183.0	184.0	185.0	186.0	187.0	188.0	189.0	190.0	191.0	192.0	193.0	194.0	195.0	196.0	197.0	198.0	199.0	200.0	201.0	202.0	203.0	204.0	205.0	206.0	207.0	208.0	209.0	210.0	211.0	212.0	213.0	214.0	215.0	216.0	217.0	218.0	219.0	220.0	221.0	222.0	223.0	224.0	225.0	226.0	227.0	228.0	229.0	230.0	231.0	232.0	233.0	234.0	235.0	236.0	237.0	238.0	239.0	240.0	241.0	242.0	243.0	244.0	245.0	246.0	247.0	248.0	249.0	250.0	251.0	252.0	253.0	254.0	255.0	256.0	257.0	258.0	259.0	260.0	261.0	262.0	263.0	264.0	265.0	266.0	267.0	268.0	269.0	270.0	271.0	272.0	273.0	274.0	275.0	276.0	277.0	278.0	279.0	280.0	281.0	282.0	283.0	284.0	285.0	286.0	287.0	288.0	289.0	290.0	291.0	292.0	293.0	294.0	295.0	296.0	297.0	298.0	298.0	299.0	300.0	301.0	302.0	303.0	304.0	305.0	306.0	307.0	308.0	309.0	310.0	311.0	312.0	313.0	314.0	315.0	316.0	317.0
5704.695789457163
