4127.183664192773	300.0	2000.0	360.57199489120035	0	0.0	4127.183664192773	1	0	1.0	-2.648035557763218
6307.539701957814	2000.0	819.6439622349598	0.0	0	0.0	4127.183664192774	1	0	1.0	-0.5229742482139002
7300.522132654845	1000.0	826.6615315379279	0.0	0	0.0	4127.183664192773	1	0	1.0	-0.012148624447908651
8483.788551733898	1000.0	643.3951124588737	0.0	0	0.0	4127.183664192771	1	0	1.0	0.6809985561120372
9443.37416636259	1000.0	683.8094978301824	0.0	0	0.0	4127.183664192772	1	0	1.0	0.6809985561120369
10355.89141423824	1000.0	771.2922499545325	0.0	0	0.0	4127.183664192772	1	0	1.0	0.680998556112037
11327.035705480566	1000.0	800.1479587122083	0.0	0	0.0	4127.183664192775	1	0	1.0	0.6809985561120362
12197.058427831005	1000.0	930.1252363617692	0.0	0	0.0	4127.183664192775	1	0	1.0	0.6809985561120357
13364.21058490079	1000.0	762.9730792919854	0.0	0	0.0	4127.183664192777	1	0	1.0	0.6809985561120355
14392.646329054412	1000.0	734.5373351383619	0.0	0	0.0	4127.183664192777	1	0	1.0	0.6809985561120349
15343.492197602582	1000.0	783.6914665901927	0.0	0	0.0	4127.183664192777	1	0	1.0	0.6809985561120349
16539.030518754735	1000.0	588.1531454380399	0.0	0	0.0	4127.183664192775	1	0	1.0	0.6809985561120357
17276.01256860911	1000.0	851.1710955836633	0.0	0	0.0	4127.183664192773	1	0	1.0	0.6809985561120364
18529.405955378115	1000.0	597.7777088146604	0.0	0	0.0	4127.183664192775	1	0	1.0	0.680998556112036
19641.489520052408	1000.0	485.69414414036885	0.0	0	0.0	4127.183664192777	1	0	1.0	0.6809985561120355
20271.097077106286	500.0	856.0865870864935	0.0	0	0.0	4127.183664192778	1	0	1.0	-0.7052958050078563
21159.632437314678	1000.0	967.5512268780972	0.0	0	0.0	4127.183664192777	1	0	1.0	-0.012148624447910539
22185.1049741737	1000.0	942.0786900190799	0.0	0	0.0	4127.18366419278	1	0	1.0	0.6809985561120333
23112.617627465577	1000.0	1014.5660367272078	0.0	0	0.0	4127.183664192784	1	0	1.0	0.6809985561120315
23938.36032472834	1000.0	1188.8233394644435	0.0	0	0.0	4127.183664192784	1	0	1.0	0.6809985561120315
24689.23276835231	1000.0	1437.9508958404697	0.0	0	0.0	4127.183664192788	1	0	1.0	0.68099855611203
25861.112523724354	1000.0	1266.0711404684253	0.0	0	0.0	4127.183664192788	1	0	1.0	0.68099855611203
27071.032871198466	1000.0	1056.1507929943145	0.0	0	0.0	4127.183664192784	1	0	1.0	0.6809985561120313
27904.383231624397	1000.0	1222.8004325683833	0.0	0	0.0	4127.183664192784	1	0	1.0	0.6809985561120315
29148.582761191745	1000.0	978.6009030010352	0.0	0	0.0	4127.183664192784	1	0	1.0	0.6809985561120315
29901.43973679381	1000.0	1225.7439273989696	0.0	0	0.0	4127.183664192788	1	0	1.0	0.68099855611203
31036.46932189448	1000.0	1090.7143422982972	0.0	0	0.0	4127.183664192784	1	0	1.0	0.6809985561120315
31958.695832628237	1000.0	1168.4878315645387	0.0	0	0.0	4127.183664192784	1	0	1.0	0.6809985561120315
33019.70632448963	1000.0	1107.477339703147	0.0	0	0.0	4127.183664192784	1	0	1.0	0.6809985561120315
34175.79896901565	1000.0	951.384695177127	0.0	0	0.0	4127.183664192788	1	0	1.0	0.6809985561120309
35078.847653849705	1000.0	1048.3360103430693	0.0	0	0.0	4127.183664192788	1	0	1.0	0.6809985561120286
36347.78569446258	1000.0	779.397969730194	0.0	0	0.0	4127.183664192791	1	0	1.0	0.68099855611203
37390.02121386225	1000.0	737.1624503305178	0.0	0	0.0	4127.183664192788	1	0	1.0	0.6809985561120295
38368.24955069316	1000.0	758.9341134996038	0.0	0	0.0	4127.18366419278	1	0	1.0	0.6809985561120333
39100.142232754464	1000.0	1027.0414314383033	0.0	0	0.0	4127.18366419278	1	0	1.0	0.6809985561120333
39936.341267476826	1000.0	1190.8423967159333	0.0	0	0.0	4127.18366419278	1	0	1.0	0.6809985561120333
41093.066772487895	1000.0	1034.1168917048656	0.0	0	0.0	4127.18366419278	1	0	1.0	0.6809985561120333
42096.3458644792	1000.0	1030.8377997135606	0.0	0	0.0	4127.183664192773	1	0	1.0	0.6809985561120366
43096.64328264964	1000.0	1030.5403815431166	0.0	0	0.0	4127.183664192773	1	0	1.0	0.6809985561120366
44140.667541170194	1000.0	986.5161230225526	0.0	0	0.0	4127.183664192773	1	0	1.0	0.6809985561120366
45258.99174680717	1000.0	868.1919173855795	0.0	0	0.0	4127.183664192773	1	0	1.0	0.6809985561120366
46371.322016519305	1000.0	755.861647673451	0.0	0	0.0	4127.183664192773	1	0	1.0	0.6809985561120366
47073.948409838405	1000.0	1053.2352543543466	0.0	0	0.0	4127.183664192773	1	0	1.0	0.6809985561120366
47912.1809859112	1000.0	1215.0026782815505	0.0	0	0.0	4127.18366419278	1	0	1.0	0.6809985561120333
48753.70032076614	1000.0	1373.4833434266156	0.0	0	0.0	4127.18366419278	1	0	1.0	0.6809985561120333
49731.59776174777	1000.0	1395.5859024449906	0.0	0	0.0	4127.18366419278	1	0	1.0	0.6809985561120333
50490.941480376474	1000.0	1636.242183816289	0.0	0	0.0	4127.18366419278	1	0	1.0	0.6809985561120333
51765.3358428993	1000.0	1361.84782129346	0.0	0	0.0	4127.18366419278	1	0	1.0	0.6809985561120333
52612.002112295086	1000.0	1515.181551897675	0.0	0	0.0	4127.18366419278	1	0	1.0	0.6809985561120333
53459.01339092316	1000.0	1668.1702732696021	0.0	0	0.0	4127.18366419278	1	0	1.0	0.6809985561120333
54967.732202242034	2000.0	1159.451461950733	0.0	0	0.0	4127.18366419278	1	0	1.0	0.6809985561120332
56015.71455651938	1000.0	1111.4691076733884	0.0	0	0.0	4127.183664192788	1	0	1.0	-0.012148624447915202
56946.84634797568	1000.0	1180.3373162170892	0.0	0	0.0	4127.183664192788	1	0	1.0	0.68099855611203
57650.80441145684	1000.0	1476.3792527359274	0.0	0	0.0	4127.183664192788	1	0	1.0	0.68099855611203
58548.588968754586	1000.0	1578.5946954381825	0.0	0	0.0	4127.183664192788	1	0	1.0	0.68099855611203
60527.313751871116	2000.0	599.8699123216525	0.0	0	0.0	4127.183664192788	1	0	1.0	0.6809985561120299
61519.03633792251	1000.0	608.1473262702582	0.0	0	0.0	4127.183664192788	1	0	1.0	-0.012148624447915202
62471.60317848988	1000.0	655.5804857028809	0.0	0	0.0	4127.183664192788	1	0	1.0	0.68099855611203
63331.04731248086	1000.0	796.1363517118957	0.0	0	0.0	4127.183664192788	1	0	1.0	0.68099855611203
64451.54189597492	1000.0	675.6417682178444	0.0	0	0.0	4127.183664192795	1	0	1.0	0.6809985561120268
65596.58270704905	1000.0	530.6009571437155	0.0	0	0.0	4127.183664192795	1	0	1.0	0.6809985561120268
66582.76361483557	1000.0	544.4200493571907	0.0	0	0.0	4127.183664192788	1	0	1.0	0.68099855611203
67794.57667918938	1000.0	390.13808751958663	57.53110251621729	0	0.0	4184.714766708996	1	0	1.0	0.30867440227125403
68220.87978212115	500.0	963.8349845878354	0.0	0	0.0	4184.71476670901	1	0	1.0	-0.7324333437513376
69332.4096449152	1000.0	852.3051217937933	0.0	0	0.0	4184.714766709018	1	0	1.0	-0.039286163191398216
70233.75394156578	1000.0	950.9608251431889	0.0	0	0.0	4184.714766709003	1	0	1.0	0.6538610173685542
70996.3690834528	1000.0	1188.3456832561817	0.0	0	0.0	4184.714766709003	1	0	1.0	0.6538610173685542
71955.82124671279	1000.0	1228.8935199961827	0.0	0	0.0	4184.714766709003	1	0	1.0	0.6538610173685542
73058.74268976317	1000.0	1125.9720769457995	0.0	0	0.0	4184.714766709003	1	0	1.0	0.6538610173685542
74108.39963896398	1000.0	1076.315127744986	0.0	0	0.0	4184.714766709003	1	0	1.0	0.6538610173685542
75011.82838353778	1000.0	1172.8863831711933	0.0	0	0.0	4184.714766709018	1	0	1.0	0.6538610173685472
75855.01024193018	1000.0	1329.7045247787755	0.0	0	0.0	4184.714766709018	1	0	1.0	0.6538610173685472
76850.53118692865	1000.0	1334.1835797803176	0.0	0	0.0	4184.714766709018	1	0	1.0	0.6538610173685472
77750.41760772164	1000.0	1434.2971589873268	0.0	0	0.0	4184.714766709018	1	0	1.0	0.6538610173685472
78951.59876058798	1000.0	1233.1160061209866	0.0	0	0.0	4184.714766709018	1	0	1.0	0.6538610173685472
79766.27304049641	1000.0	1418.4417262125482	0.0	0	0.0	4184.714766709018	1	0	1.0	0.6538610173685472
80697.23073081998	1000.0	1487.4840358889683	0.0	0	0.0	4184.714766709018	1	0	1.0	0.6538610173685472
82649.51238152788	2000.0	535.2023851810651	0.0	0	0.0	4184.714766709018	1	0	1.0	0.6538610173685471
83399.85599130076	1000.0	784.85877540818	0.0	0	0.0	4184.714766709032	1	0	1.0	-0.03928616319140499
84274.18398126052	1000.0	910.530785448414	0.0	0	0.0	4184.714766709032	1	0	1.0	0.6538610173685402
85151.68131888403	1000.0	1033.0334478249092	0.0	0	0.0	4184.714766709032	1	0	1.0	0.6538610173685402
85985.17805652272	1000.0	1199.5367101862103	0.0	0	0.0	4184.714766709032	1	0	1.0	0.6538610173685402
87057.71663593207	1000.0	1126.9981307768699	0.0	0	0.0	4184.714766709047	1	0	1.0	0.6538610173685331
87770.03068918819	1000.0	1414.6840775207502	0.0	0	0.0	4184.714766709047	1	0	1.0	0.6538610173685331
89386.03801903737	2000.0	798.676747671586	0.0	0	0.0	4184.714766709047	1	0	1.0	0.653861017368533
90339.07734528458	1000.0	845.6374214244022	0.0	0	0.0	4184.714766709047	1	0	1.0	-0.03928616319141209
91560.53609422347	1000.0	624.1786724855119	0.0	0	0.0	4184.714766709047	1	0	1.0	0.6538610173685331
92462.68292647864	1000.0	722.0318402303465	0.0	0	0.0	4184.714766709047	1	0	1.0	0.6538610173685331
93558.29280941874	1000.0	626.4219572902429	0.0	0	0.0	4184.714766709032	1	0	1.0	0.6538610173685402
94371.95076734379	1000.0	812.7639993651806	0.0	0	0.0	4184.714766709047	1	0	1.0	0.6538610173685331
95488.39633934105	1000.0	696.3184273679014	0.0	0	0.0	4184.714766709047	1	0	1.0	0.6538610173685331
96753.83976387537	1000.0	430.87500283358565	0.0	0	0.0	4184.714766709047	1	0	1.0	0.6538610173685331
97217.08406095176	500.0	967.6307057571929	0.0	0	0.0	4184.714766709047	1	0	1.0	-0.7324333437513579
98596.89256799586	1000.0	587.8221987130987	0.0	0	0.0	4184.714766709047	1	0	1.0	-0.039286163191412315
99713.75809533322	1000.0	470.9566713757423	0.0	0	0.0	4184.714766709061	1	0	1.0	0.6538610173685264
100304.93523977339	500.0	879.77952693558	0.0	0	0.0	4184.714766709061	1	0	1.0	-0.7324333437513647
101522.01866415163	1000.0	662.6961025573473	0.0	0	0.0	4184.714766709076	1	0	1.0	-0.03928616319142597
102117.1239034877	500.0	1067.5908632212722	0.0	0	0.0	4184.71476670909	1	0	1.0	-0.7324333437513786
103048.98560477445	1000.0	1135.729161934522	0.0	0	0.0	4184.71476670909	1	0	1.0	-0.03928616319143324
104129.23752951737	1000.0	1055.4772371915851	0.0	0	0.0	4184.71476670909	1	0	1.0	0.6538610173685121
105497.5231502255	1000.0	687.1916164834527	0.0	0	0.0	4184.71476670909	1	0	1.0	0.6538610173685121
106252.28073293011	500.0	932.4340337788453	0.0	0	0.0	4184.71476670909	1	0	1.0	-0.7324333437513786
107499.29534483538	1000.0	685.4194218735956	0.0	0	0.0	4184.71476670909	1	0	1.0	-0.03928616319143324
108208.00107642596	500.0	976.7136902830085	0.0	0	0.0	4184.71476670909	1	0	1.0	-0.7324333437513786
109328.30642173822	1000.0	856.4083449707698	0.0	0	0.0	4184.714766709105	1	0	1.0	-0.03928616319144007
110743.0296709316	1000.0	441.6850957773844	0.0	0	0.0	4184.714766709105	1	0	1.0	0.6538610173685053
111385.17180041132	500.0	799.5429662976658	0.0	0	0.0	4184.714766709119	1	0	1.0	-0.732433343751393
112543.84007261338	1000.0	640.8746940956125	0.0	0	0.0	4184.714766709134	1	0	1.0	-0.03928616319145428
113201.0551125101	500.0	983.6596541988984	0.0	0	0.0	4184.714766709134	1	0	1.0	-0.7324333437513997
114194.01594485469	1000.0	990.6988218543102	0.0	0	0.0	4184.714766709119	1	0	1.0	-0.0392861631914474
115371.4993018976	1000.0	813.2154648114084	0.0	0	0.0	4184.714766709119	1	0	1.0	0.653861017368498
116801.94902286786	1000.0	382.76574384113565	0.0	0	0.0	4184.714766709134	1	0	1.0	0.6538610173684911
117357.98999191848	500.0	826.7247747904999	0.0	0	0.0	2184.714766709134	1	0	1.0	-6.258657099199828
118420.98647515505	1000.0	763.7282915539308	0.0	0	0.0	2184.714766709134	1	0	1.0	0.4344900813601189
119621.95168129525	1000.0	562.7630854137324	0.0	0	0.0	2184.714766709134	1	0	1.0	1.1276372619200643
120425.47143047504	1000.0	759.2433362339524	0.0	0	0.0	2184.714766709134	1	0	1.0	1.1276372619200643
121373.85938940932	1000.0	810.855377299668	0.0	0	0.0	2184.714766709134	1	0	1.0	1.1276372619200643
122218.42338526873	1000.0	966.2913814402542	0.0	0	0.0	2184.7147667091485	1	0	1.0	1.127637261920063
123217.31066020094	1000.0	967.4041065080636	0.0	0	0.0	2184.714766709163	1	0	1.0	1.1276372619200619
124476.56962551517	1000.0	708.1451411938133	0.0	0	0.0	2184.7147667091485	1	0	1.0	1.127637261920063
125417.6372589319	1000.0	767.0775077770879	0.0	0	0.0	2184.714766709163	1	0	1.0	1.1276372619200619
126504.46395953828	1000.0	680.2508071707339	0.0	0	0.0	2184.714766709163	1	0	1.0	1.1276372619200619
127464.87033300917	1000.0	719.8444336998513	0.0	0	0.0	2184.714766709163	1	0	1.0	1.1276372619200619
128546.13285251062	1000.0	638.5819141983927	0.0	0	0.0	2184.714766709163	1	0	1.0	1.1276372619200619
129521.58012088666	1000.0	663.1346458223436	0.0	0	0.0	2184.714766709163	1	0	1.0	1.1276372619200619
130313.6924518792	1000.0	871.0223148298234	0.0	0	0.0	2184.7147667091776	1	0	1.0	1.1276372619200605
131063.31410530032	1000.0	1121.400661408702	0.0	0	0.0	2184.7147667091776	1	0	1.0	1.1276372619200605
132156.17954791014	1000.0	1028.5352187988765	0.0	0	0.0	2184.714766709163	1	0	1.0	1.1276372619200612
133828.16031303687	1000.0	356.55445367215606	0.0	0	0.0	2184.714766709163	1	0	1.0	1.1276372619200614
134559.0841064313	500.0	637.6407624469964	12.010102169298648	0	0.0	2196.7248688784894	1	0	1.0	-0.33173681581910586
135852.8215215697	1000.0	371.5979056620091	27.69455835342626	0	0.0	2224.4194272319146	1	0	1.0	0.2649085473119609
137686.50465988542	1000.0	200.0	662.0852326537273	0	0.0	2886.504659885424	1	0	1.0	-2.8992411346970375
138760.74433570294	500.0	577.9990218057308	452.2386976232654	0	0.0	3338.743357508676	1	0	1.0	-3.147057620844797
139416.09933426912	500.0	922.6440232395437	0.0	0	0.0	3338.743357508676	1	0	1.0	0.259521745454741
140394.16227374075	1000.0	944.5810837679439	0.0	0	0.0	3338.7433575087052	1	0	1.0	0.25952174545473383
142041.2096951684	1000.0	297.53366234033234	0.0	0	0.0	3338.7433575087052	1	0	1.0	0.9526689260146792
142713.14003662817	500.0	633.4127745704329	7.809453689872498	0	0.0	3346.552811198577	1	0	1.0	-0.48239523222274633
143445.74641600324	500.0	900.8063951953557	0.0	0	0.0	3346.552811198577	1	0	1.0	0.2576086704764339
144422.15467597585	1000.0	924.3981352227481	0.0	0	0.0	3346.552811198577	1	0	1.0	0.257608670476434
145535.19685421846	1000.0	811.3559569801291	0.0	0	0.0	3346.5528111985477	1	0	1.0	0.9507558510363865
146507.15616176883	1000.0	839.3966494297647	0.0	0	0.0	3346.5528111985186	1	0	1.0	0.9507558510363936
147350.97499246488	1000.0	995.5778187337239	0.0	0	0.0	3346.5528111985186	1	0	1.0	0.9507558510363936
148019.24395026392	1000.0	1327.308860934717	0.0	0	0.0	3346.5528111984895	1	0	1.0	0.9507558510364007
149430.2792356987	1000.0	916.273575499935	0.0	0	0.0	3346.5528111984895	1	0	1.0	0.9507558510364007
150949.21556438005	1000.0	397.33724681857905	0.0	0	0.0	3346.5528111984895	1	0	1.0	0.9507558510364007
152240.08093805658	1000.0	296.04916382796387	189.57729068590788	0	0.0	3536.1301018845406	1	0	1.0	-0.23732112137633052
152915.7971038421	500.0	698.6561807423734	78.32318269994096	0	0.0	3614.4532845844806	1	0	1.0	-0.9794961298116149
153997.94868470152	1000.0	616.5045998829532	0.0	0	0.0	3614.4532845844806	1	0	1.0	0.18359014694797648
155022.18090344436	1000.0	592.2723811401465	0.0	0	0.0	3614.4532845844806	1	0	1.0	0.8767373275079218
156193.0644448302	1000.0	421.38883975428837	0.0	0	0.0	3614.4532845844806	1	0	1.0	0.8767373275079218
157120.11445072724	1000.0	494.33883385724096	0.0	0	0.0	3614.4532845844806	1	0	1.0	0.8767373275079218
158099.86978551082	1000.0	514.5834990736429	0.0	0	0.0	3614.4532845844806	1	0	1.0	0.8767373275079218
158896.16003747174	1000.0	718.2932471127245	0.0	0	0.0	3614.4532845844806	1	0	1.0	0.8767373275079218
159781.74942999546	1000.0	832.70385458902	0.0	0	0.0	3614.4532845845097	1	0	1.0	0.8767373275079127
160780.65432520775	1000.0	833.7989593767182	0.0	0	0.0	3614.4532845845097	1	0	1.0	0.8767373275079127
161516.45392216975	1000.0	1097.9993624147542	0.0	0	0.0	3614.453284584539	1	0	1.0	0.8767373275079109
162453.6939613705	1000.0	1160.7593232139857	0.0	0	0.0	3614.453284584539	1	0	1.0	0.8767373275079038
163574.1350783483	1000.0	1040.3182062361843	0.0	0	0.0	3614.453284584539	1	0	1.0	0.8767373275079038
164783.08096736277	1000.0	831.3723172216766	0.0	0	0.0	3614.4532845845097	1	0	1.0	0.8767373275079091
166013.20553283516	1000.0	601.2477517492729	0.0	0	0.0	3614.4532845845097	1	0	1.0	0.8767373275079127
166714.05015117396	1000.0	900.4031334104689	0.0	0	0.0	3614.4532845845097	1	0	1.0	0.8767373275079127
168002.69399117355	1000.0	611.7592934108941	0.0	0	0.0	3614.4532845845097	1	0	1.0	0.8767373275079127
169082.3146206611	1000.0	532.1386639233208	0.0	0	0.0	3614.4532845845097	1	0	1.0	0.8767373275079127
169927.39181705003	1000.0	687.061467534429	0.0	0	0.0	3614.4532845844806	1	0	1.0	0.8767373275079218
170666.0941361942	1000.0	948.3591483902615	0.0	0	0.0	3614.4532845844806	1	0	1.0	0.8767373275079218
171571.95766275836	1000.0	1042.4956218260893	0.0	0	0.0	3614.4532845844515	1	0	1.0	0.8767373275079309
172334.3621959874	1000.0	1280.0910885970027	0.0	0	0.0	3614.4532845844224	1	0	1.0	0.8767373275079399
173381.18209866673	1000.0	1233.2711859176836	0.0	0	0.0	3614.4532845844515	1	0	1.0	0.8767373275079309
174343.62682673283	1000.0	1270.8264578516028	0.0	0	0.0	3614.4532845844515	1	0	1.0	0.8767373275079309
175522.9374371213	1000.0	1091.515847463099	0.0	0	0.0	3614.4532845844515	1	0	1.0	0.8767373275079309
176566.69753138642	1000.0	1047.755753197957	0.0	0	0.0	3614.4532845844806	1	0	1.0	0.8767373275079291
177578.52440542873	1000.0	1035.9288791556583	0.0	0	0.0	3614.4532845845097	1	0	1.0	0.87673732750792
178350.47193284004	1000.0	1263.9813517443195	0.0	0	0.0	3614.453284584539	1	0	1.0	0.8767373275079038
179084.58986699348	1000.0	1529.86341759087	0.0	0	0.0	3614.453284584539	1	0	1.0	0.8767373275079038
180261.2939588441	1000.0	1353.1593257402546	0.0	0	0.0	3614.453284584568	1	0	1.0	0.8767373275078949
181466.51825474203	1000.0	1147.9350298423014	0.0	0	0.0	3614.453284584568	1	0	1.0	0.8767373275078949
182625.91772416665	1000.0	988.5355604176689	0.0	0	0.0	3614.453284584539	1	0	1.0	0.8767373275078985
183882.08387763225	1000.0	732.3694069520601	0.0	0	0.0	3614.453284584539	1	0	1.0	0.8767373275079038
184634.83295257902	1000.0	979.6203320053089	0.0	0	0.0	3614.453284584539	1	0	1.0	0.8767373275079038
185571.59765626685	1000.0	1042.8556283174958	0.0	0	0.0	3614.453284584568	1	0	1.0	0.8767373275078949
186343.55481763533	1000.0	1270.8984669489807	0.0	0	0.0	3614.453284584568	1	0	1.0	0.8767373275078949
187179.17664098932	1000.0	1435.2766435949818	0.0	0	0.0	3614.453284584597	1	0	1.0	0.8767373275078859
188218.0587981261	1000.0	1396.3944864581974	0.0	0	0.0	3614.453284584568	1	0	1.0	0.8767373275078949
188998.39522282005	1000.0	1616.0580617642347	0.0	0	0.0	3614.453284584568	1	0	1.0	0.8767373275078949
190199.6476179778	1000.0	1414.8056666064454	0.0	0	0.0	3614.453284584539	1	0	1.0	0.8767373275079038
191533.9799290664	1000.0	1080.4733555178564	0.0	0	0.0	3614.453284584539	1	0	1.0	0.8767373275079038
192636.40572758458	1000.0	978.0475569996618	0.0	0	0.0	3614.453284584539	1	0	1.0	0.8767373275079038
193429.85072279163	1000.0	1184.6025617926134	0.0	0	0.0	3614.453284584539	1	0	1.0	0.8767373275079038
194699.07642234262	1000.0	915.3768622416223	0.0	0	0.0	3614.453284584539	1	0	1.0	0.8767373275079038
195616.08391487377	1000.0	998.3693697104649	0.0	0	0.0	3614.453284584539	1	0	1.0	0.8767373275079038
196340.64183536803	1000.0	1273.811449216167	0.0	0	0.0	3614.453284584568	1	0	1.0	0.8767373275078949
197402.96563090093	1000.0	1211.487653683254	0.0	0	0.0	3614.453284584539	1	0	1.0	0.8767373275079038
198763.96738883926	1000.0	850.4858957449444	0.0	0	0.0	3614.4532845845097	1	0	1.0	0.8767373275079073
199573.14772208186	1000.0	1041.3055625023221	0.0	0	0.0	3614.453284584539	1	0	1.0	0.8767373275079038
200407.8225470237	1000.0	1206.6307375604583	0.0	0	0.0	3614.4532845845097	1	0	1.0	0.8767373275079127
201283.19930302002	1000.0	1331.2539815641435	0.0	0	0.0	3614.453284584539	1	0	1.0	0.8767373275079038
202087.37655247914	1000.0	1527.0767321050312	0.0	0	0.0	3614.453284584539	1	0	1.0	0.8767373275079038
202835.9338323787	1000.0	1778.51945220544	0.0	0	0.0	3614.453284584539	1	0	1.0	0.8767373275079038
203647.08529905803	1000.0	1967.367985526151	0.0	0	0.0	3614.453284584539	1	0	1.0	0.8767373275079038
204358.936895322	1000.0	2255.516389262208	0.0	0	0.0	3614.453284584539	1	0	1.0	0.8767373275079038
205757.8195882297	2000.0	1856.6336963544672	0.0	0	0.0	3614.453284584539	1	0	1.0	0.8767373275079038
207997.7349178165	2000.0	616.7183667676929	0.0	0	0.0	3614.4532845845097	1	0	1.0	1.5698845080678578
209129.43833248786	1000.0	485.0149520963449	0.0	0	0.0	3614.4532845844806	1	0	1.0	0.1835901469479767
209843.93637605806	1000.0	770.5169085261382	0.0	0	0.0	3614.4532845844806	1	0	1.0	0.8767373275079218
210810.38705310624	1000.0	804.0662314779264	0.0	0	0.0	3614.4532845844806	1	0	1.0	0.876737327507918
211778.03404351493	1000.0	836.4192410692295	0.0	0	0.0	3614.4532845844515	1	0	1.0	0.8767373275079309
212588.45853242502	1000.0	1025.994752159114	0.0	0	0.0	3614.4532845844515	1	0	1.0	0.8767373275079309
213643.39093019388	1000.0	971.062354390262	0.0	0	0.0	3614.4532845844515	1	0	1.0	0.8767373275079309
214562.70825278584	1000.0	1051.7450317982984	0.0	0	0.0	3614.4532845844224	1	0	1.0	0.8767373275079399
215637.62859122225	1000.0	976.8246933619102	0.0	0	0.0	3614.4532845844224	1	0	1.0	0.8767373275079399
216664.85119561598	1000.0	949.602088968179	0.0	0	0.0	3614.4532845844224	1	0	1.0	0.8767373275079399
217754.12151717383	1000.0	860.3317674103376	0.0	0	0.0	3614.4532845844224	1	0	1.0	0.8767373275079399
218644.61977380584	1000.0	969.8335107782949	0.0	0	0.0	3614.4532845844224	1	0	1.0	0.8767373275079399
219489.71063039298	1000.0	1124.7426541911636	0.0	0	0.0	3614.4532845844224	1	0	1.0	0.8767373275079399
220653.01134942743	1000.0	961.4419351566872	0.0	0	0.0	3614.4532845844224	1	0	1.0	0.8767373275079399
221438.68414113807	1000.0	1175.7691434460376	0.0	0	0.0	3614.4532845843933	1	0	1.0	0.8767373275079487
222303.2566407136	1000.0	1311.1966438704796	0.0	0	0.0	3614.4532845843933	1	0	1.0	0.8767373275079487
223107.83778024942	1000.0	1506.6155043346612	0.0	0	0.0	3614.453284584364	1	0	1.0	0.8767373275079576
224097.56688765134	1000.0	1516.8863969327595	0.0	0	0.0	3614.453284584364	1	0	1.0	0.8767373275079576
225100.34640506026	1000.0	1514.1068795238307	0.0	0	0.0	3614.453284584364	1	0	1.0	0.8767373275079576
225840.10100594422	1000.0	1774.3522786399008	0.0	0	0.0	3614.453284584364	1	0	1.0	0.8767373275079576
226894.4230849799	1000.0	1720.0301996042347	0.0	0	0.0	3614.453284584364	1	0	1.0	0.8767373275079576
228140.95252801472	1000.0	1473.5007565694168	0.0	0	0.0	3614.453284584364	1	0	1.0	0.8767373275079576
228855.83662049173	1000.0	1758.6166640924255	0.0	0	0.0	3614.4532845843933	1	0	1.0	0.8767373275079487
229768.23363997156	1000.0	1846.2196446126484	0.0	0	0.0	3614.4532845843933	1	0	1.0	0.8767373275079487
230739.3997231912	1000.0	1875.0535613930133	0.0	0	0.0	3614.4532845843933	1	0	1.0	0.8767373275079487
231576.0268607366	1000.0	2038.426423847585	0.0	0	0.0	3614.4532845843933	1	0	1.0	0.8767373275079487
233069.4698930813	2000.0	1544.983391502913	0.0	0	0.0	3614.4532845844224	1	0	1.0	0.8767373275079398
234038.0789366805	1000.0	1576.3743479036689	0.0	0	0.0	3614.4532845844224	1	0	1.0	0.1835901469479947
235178.48391011474	1000.0	1435.9693744694207	0.0	0	0.0	3614.4532845844224	1	0	1.0	0.8767373275079399
235934.7027765032	1000.0	1679.7505080809408	0.0	0	0.0	3614.4532845844224	1	0	1.0	0.8767373275079399
236784.19948011887	1000.0	1830.253804465256	0.0	0	0.0	3614.4532845843933	1	0	1.0	0.876737327507947
238874.177634104	2000.0	740.2756504801185	0.0	0	0.0	3614.453284584364	1	0	1.0	0.8767373275079575
239972.78387790406	1000.0	641.669406680076	0.0	0	0.0	3614.453284584364	1	0	1.0	0.18359014694801246
241202.4212821033	1000.0	412.0320024807931	0.0	0	0.0	3614.453284584364	1	0	1.0	0.8767373275079576
242398.28769254152	1000.0	336.7139838764112	120.54839183387503	0	0.0	3735.0016764182074	1	0	1.0	0.11431867135435714
243061.4929680585	500.0	679.4927554451717	5.9840470857679975	0	0.0	3740.9857235039817	1	0	1.0	-0.5866343190173448
244261.04687648322	1000.0	479.9388470204593	0.0	0	0.0	3740.9857235039817	1	0	1.0	0.14241714405720862
245099.08830037477	1000.0	641.897423128876	0.0	0	0.0	3740.985723504011	1	0	1.0	0.835564324617144
246429.3098041067	1000.0	311.6759193969391	0.0	0	0.0	3740.985723504011	1	0	1.0	0.835564324617144
247006.25573642633	500.0	734.7299870773219	0.0	0	0.0	3740.98572350404	1	0	1.0	-0.5507300365027568
248301.3921546726	1000.0	439.59356883104067	0.0	0	0.0	3740.985723504011	1	0	1.0	0.14241714405719863
249207.82974172765	1000.0	570.7880846283581	37.63210285235965	0	0.0	3778.617826356349	1	0	1.0	0.596683767044021
250416.02054163488	1000.0	400.2445144190172	37.64722969789864	0	0.0	3816.2650560542243	1	0	1.0	0.5830973793171594
251032.0479073336	500.0	784.2171487203246	0.0	0	0.0	3816.2650560542243	1	0	1.0	-0.5773136036153398
252262.9821142175	1000.0	553.2829418363706	0.0	0	0.0	3816.265056054195	1	0	1.0	0.11583357694461649
253098.29153992434	1000.0	717.9735161295596	0.0	0	0.0	3816.265056054195	1	0	1.0	0.8089807575045618
254301.84458027635	1000.0	514.4204757775176	0.0	0	0.0	3816.265056054195	1	0	1.0	0.8089807575045618
255399.39678209962	1000.0	461.34753377595393	44.47925982171114	0	0.0	3860.744315875898	1	0	1.0	0.5256296757956824
256692.7713106662	1000.0	294.93945008435844	126.96644487498162	0	0.0	3987.710760750866	1	0	1.0	-0.019609999810583423
257167.63828169415	500.0	820.0724790564218	0.0	0	0.0	3987.710760750866	1	0	1.0	-0.6441056916805847
258142.35004579474	1000.0	845.3607149558417	0.0	0	0.0	3987.710760750866	1	0	1.0	0.049041488879360884
259181.9921285292	1000.0	805.7186322213636	0.0	0	0.0	3987.710760750895	1	0	1.0	0.7421886694392943
260570.63643023893	1000.0	417.0743305116696	0.0	0	0.0	3987.710760750895	1	0	1.0	0.7421886694392943
261152.14667178388	500.0	835.5640889667075	0.0	0	0.0	3987.7107607509242	1	0	1.0	-0.6441056916806087
262315.89772184833	1000.0	671.8130389022836	0.0	0	0.0	3987.7107607509533	1	0	1.0	0.049041488879334294
263581.65378268977	1000.0	406.05697806089825	0.0	0	0.0	3987.7107607510115	1	0	1.0	0.7421886694392507
264177.7647897765	500.0	809.9459709741456	0.0	0	0.0	3987.7107607510407	1	0	1.0	-0.6441056916806521
265233.51530781336	1000.0	754.1954529372896	0.0	0	0.0	3987.7107607510115	1	0	1.0	0.049041488879293244
266462.65780504147	1000.0	525.0529557091972	0.0	0	0.0	3987.7107607509824	1	0	1.0	0.7421886694392578
267033.90821358154	500.0	953.8025471692121	0.0	0	0.0	3987.7107607510407	1	0	1.0	-0.644105691680657
268201.6983248157	1000.0	786.0124359349653	0.0	0	0.0	3987.7107607509824	1	0	1.0	0.04904148887931234
269620.824236053	1000.0	366.88652469773655	0.0	0	0.0	3987.7107607510407	1	0	1.0	0.742188669439253
270124.62984961504	500.0	863.0809111357015	0.0	0	0.0	3987.7107607510407	1	0	1.0	-0.644105691680657
271418.492110237	1000.0	569.2186505137219	0.0	0	0.0	3987.7107607510407	1	0	1.0	0.049041488879288386
272391.4158329076	1000.0	596.2949278431635	0.0	0	0.0	3987.7107607510407	1	0	1.0	0.7421886694392338
273245.8570262245	1000.0	741.8537345262174	0.0	0	0.0	3987.710760751099	1	0	1.0	0.7421886694392094
274268.86933120457	1000.0	718.841429546083	0.0	0	0.0	3987.7107607510407	1	0	1.0	0.7421886694392338
275273.6784424634	1000.0	714.032318287237	0.0	0	0.0	3987.7107607509824	1	0	1.0	0.7421886694392578
276401.12073946313	1000.0	586.5900212874661	0.0	0	0.0	3987.7107607509824	1	0	1.0	0.7421886694392578
277047.08561586146	500.0	940.6251448891933	0.0	0	0.0	3987.7107607509824	1	0	1.0	-0.6441056916806331
278540.7013041381	1000.0	447.00945661252814	0.0	0	0.0	3987.7107607509824	1	0	1.0	0.04904148887931234
278989.3976185939	500.0	998.3131421567598	0.0	0	0.0	3987.7107607509824	1	0	1.0	-0.6441056916806331
280080.6944232894	1000.0	907.0163374612046	0.0	0	0.0	3987.7107607509824	1	0	1.0	0.04904148887931234
280834.5752491639	1000.0	1153.135511586674	0.0	0	0.0	3987.7107607510407	1	0	1.0	0.7421886694392338
281595.85523827904	1000.0	1391.8555224714748	0.0	0	0.0	3987.7107607509824	1	0	1.0	0.7421886694392578
282892.86536164535	1000.0	1094.845399105101	0.0	0	0.0	3987.7107607509824	1	0	1.0	0.7421886694392578
284772.7010617965	1000.0	215.00969895398364	0.0	0	0.0	3987.7107607509824	1	0	1.0	0.7421886694392578
285578.3176502476	500.0	576.9743351885645	167.58122468563118	0	0.0	2155.2919854365755	1	0	1.0	-7.261696759633615
286754.2495652533	500.0	401.0424201828028	0.0	0	0.0	2155.2919854365755	1	0	1.0	0.4369377690401177
287651.1129812047	500.0	611.513546596098	107.33454236465155	0	0.0	2262.6265278012725	1	0	1.0	-0.21634130521950393
289187.0267729541	1000.0	248.34238073241198	172.74262588563624	0	0.0	2435.3691536869737	1	0	1.0	-0.6258523636998345
289743.9307760724	500.0	691.4383776141631	0.0	0	0.0	2435.369153687032	1	0	1.0	-0.2825437889459692
291653.96447594045	1000.0	200.0	418.59532225385533	0	0.0	2853.9644759404473	1	0	1.0	-2.137788702080563
292748.4306685444	500.0	557.7591758969875	452.22536850097424	0	0.0	3306.1898444414255	1	0	1.0	-3.1391416518506996
294373.89101849747	1000.0	200.0	267.70117405606163	0	0.0	3573.8910184974666	1	0	1.0	-1.40315223483147
294818.9452569936	500.0	787.7908923882733	32.84513088438544	0	0.0	3606.736149381846	1	0	1.0	-0.7042530732370245
295401.7194702896	1000.0	1205.0166790922372	0.0	0	0.0	3606.736149381846	1	0	1.0	0.18596489262923377
296192.3399266096	1000.0	1414.3962227722193	0.0	0	0.0	3606.736149381846	1	0	1.0	0.879112073189179
297773.56381922384	2000.0	833.1723301580734	0.0	0	0.0	3606.736149381846	1	0	1.0	0.879112073189179
298841.99804344453	1000.0	764.7381059373521	0.0	0	0.0	3606.73614938173	1	0	1.0	0.18596489262926263
300260.82333733054	1000.0	345.91281205133737	0.0	0	0.0	3606.7361493816716	1	0	1.0	0.8791120731892327
300906.9333006714	500.0	699.8028487104605	0.0	0	0.0	3606.73614938173	1	0	1.0	-0.5071822879306759
302291.1809585721	1000.0	324.9024955100539	9.347304700281057	0	0.0	3616.0834540820215	1	0	1.0	0.1270027238916969
303241.0506165061	1000.0	473.4722040553295	98.43936647928385	0	0.0	3714.5228205613093	1	0	1.0	0.25389550558122087
303932.38012122875	1000.0	782.1426993326734	0.0	0	0.0	3714.5228205613676	1	0	1.0	0.8445317044569044
304870.9106472418	1000.0	843.6121733195814	0.0	0	0.0	3714.5228205613676	1	0	1.0	0.8445317044569044
305872.4501816969	1000.0	842.0726388644921	0.0	0	0.0	3714.5228205613676	1	0	1.0	0.8445317044569044
306681.6318195925	1000.0	1032.8910009688923	0.0	0	0.0	3714.5228205613676	1	0	1.0	0.8445317044569044
1.0690697674418603	1.0630697674418603	1.1310697674418604	1.0870697674418603	0.9750697674418604	1.0110697674418605	1.0490697674418603	1.1710697674418604	1.2010697674418604	1.0830697674418603	1.0690697674418603	1.0790697674418603	1.0990697674418604	1.1530697674418604	1.0650697674418603	1.0510697674418603	1.0330697674418605	0.9890697674418604	1.0890697674418603	1.0470697674418603	1.0190697674418603	1.0290697674418605	1.0270697674418603	1.0590697674418603	1.1030697674418604	1.0690697674418603	1.1090697674418604	1.1150697674418604	1.0790697674418603	1.0710697674418603	1.0030697674418605	1.0170697674418605	1.0410697674418605	1.0890697674418603	1.1530697674418604	1.1130697674418604	1.0710697674418603	1.0430697674418603	1.0030697674418605	1.0550697674418603	1.0110697674418605	1.0510697674418603	1.1409777777777779	1.2309777777777777	1.0149777777777778	0.9749777777777777	1.0389777777777778	1.0109777777777778	1.0329777777777778	1.0729777777777778	1.1149777777777778	1.1089777777777778	1.0769777777777778	1.2029777777777777	1.1989777777777777	1.2409777777777777	1.0569777777777778	1.1009777777777778	1.1509777777777779	1.2329777777777777	1.1709777777777777	1.1409777777777779	1.0889777777777778	1.1109777777777778	1.1589777777777779	1.1269777777777779	1.1529777777777779	1.1369777777777779	1.0929777777777778	1.0929777777777778	1.0649777777777778	1.0449777777777778	1.0249777777777778	1.0429777777777778	1.0729777777777778	1.0649777777777778	1.0489777777777778	1.1509777777777779	1.1369777777777779	1.1129777777777778	1.1229777777777779	1.1449777777777779	1.1569777777777779	1.2009777777777777	1.1769777777777777	1.2589777777777778	1.1249777777777779	1.0394	1.0374	0.9974000000000001	0.9794	0.9674	0.9494	0.8714000000000001	0.9054000000000001	1.0054	0.9954000000000001	0.9594	0.9634	0.9674	1.0314	0.9654	0.9074000000000001	0.9034000000000001	0.8754000000000001	0.9094000000000001	0.8934000000000001	0.9774	0.9814	0.9174000000000001	0.9434000000000001	0.9774	0.8734000000000001	0.9354000000000001	0.9014000000000001	0.8594	0.9594	0.9774	0.9574	0.9034000000000001	0.9094000000000001	0.9414000000000001	0.9614	0.9454	0.9974000000000001	0.8754000000000001	0.9514	1.1156363636363638	1.1516363636363638	0.6356363636363637	0.6956363636363636	0.5996363636363636	0.7916363636363637	0.5156363636363637	0.43163636363636365	0.7436363636363637	0.8876363636363637	0.6236363636363637	0.6716363636363636	0.5396363636363637	0.8996363636363637	0.8276363636363636	1.4036363636363638	1.5716363636363635	1.1516363636363638	0.7676363636363637	0.7316363636363636	0.9716363636363636	0.7916363636363637	1.1130697674418604	1.0690697674418603	1.0630697674418603	1.1310697674418604	1.0870697674418603	0.9750697674418604	1.0110697674418605	1.0490697674418603	1.1710697674418604	1.2010697674418604	1.0830697674418603	1.0690697674418603	1.0790697674418603	1.0990697674418604	1.1530697674418604	1.0650697674418603	1.0510697674418603	1.0330697674418605	0.9890697674418604	1.0890697674418603	1.0470697674418603	1.0190697674418603	1.0290697674418605	1.0270697674418603	1.0590697674418603	1.1030697674418604	1.0690697674418603	1.1090697674418604	1.1150697674418604	1.0790697674418603	1.0710697674418603	1.0030697674418605	1.0170697674418605	1.0410697674418605	1.0890697674418603	1.1530697674418604	1.1130697674418604	1.0710697674418603	1.0430697674418603	1.0030697674418605	1.0550697674418603	1.0110697674418605	1.0510697674418603	1.1409777777777779	1.2309777777777777	1.0149777777777778	0.9749777777777777	1.0389777777777778	1.0109777777777778	1.0329777777777778	1.0729777777777778	1.1149777777777778	1.1089777777777778	1.0769777777777778	1.2029777777777777	1.1989777777777777	1.2409777777777777	1.0569777777777778	1.1009777777777778	1.1509777777777779	1.2329777777777777	1.1709777777777777	1.1409777777777779	1.0889777777777778	1.1109777777777778	1.1589777777777779	1.1269777777777779	1.1529777777777779	1.1369777777777779	1.0929777777777778	1.0929777777777778	1.0649777777777778	1.0449777777777778	1.0249777777777778	1.0429777777777778	1.0729777777777778	1.0649777777777778	1.0489777777777778	1.1509777777777779	1.1369777777777779	1.1129777777777778	1.1229777777777779	1.1449777777777779	1.1569777777777779	1.2009777777777777	1.1769777777777777	1.2589777777777778	1.1249777777777779	1.0394	1.0374	0.9974000000000001	0.9794	0.9674	0.9494	0.8714000000000001	0.9054000000000001	1.0054	0.9954000000000001	0.9594	0.9634	0.9674	1.0314	0.9654	0.9074000000000001	0.9034000000000001	0.8754000000000001	0.9094000000000001	0.8934000000000001	0.9774	0.9814	0.9174000000000001	0.9434000000000001	0.9774	0.8734000000000001	0.9354000000000001	0.9014000000000001	0.8594	0.9594	0.9774	0.9574	0.9034000000000001	0.9094000000000001	0.9414000000000001	0.9614	0.9454	0.9974000000000001	0.8754000000000001	0.9514	1.1156363636363638	1.1516363636363638	0.6356363636363637	0.6956363636363636	0.5996363636363636	0.7916363636363637	0.5156363636363637	0.43163636363636365	0.7436363636363637	0.8876363636363637	0.6236363636363637	0.6716363636363636	0.5396363636363637	0.8996363636363637	0.8276363636363636	1.4036363636363638	1.5716363636363635	1.1516363636363638	0.7676363636363637	0.7316363636363636	0.9716363636363636	0.7916363636363637	1.1130697674418604	1.0690697674418603	1.0630697674418603	1.1310697674418604	1.0870697674418603	0.9750697674418604	1.0110697674418605	1.0490697674418603
1.0	2.0	3.0	4.0	5.0	6.0	7.0	8.0	9.0	10.0	11.0	12.0	13.0	14.0	15.0	16.0	17.0	18.0	19.0	20.0	21.0	22.0	23.0	24.0	25.0	26.0	27.0	28.0	29.0	30.0	31.0	32.0	33.0	34.0	35.0	36.0	37.0	38.0	39.0	40.0	41.0	42.0	43.0	44.0	45.0	46.0	47.0	48.0	49.0	50.0	51.0	52.0	53.0	54.0	55.0	56.0	57.0	58.0	59.0	60.0	61.0	62.0	63.0	64.0	65.0	66.0	67.0	68.0	69.0	70.0	71.0	72.0	73.0	74.0	75.0	76.0	77.0	78.0	79.0	80.0	81.0	82.0	83.0	84.0	85.0	86.0	87.0	88.0	89.0	90.0	91.0	92.0	93.0	94.0	95.0	96.0	97.0	98.0	99.0	100.0	101.0	102.0	103.0	104.0	105.0	106.0	107.0	108.0	109.0	110.0	111.0	112.0	113.0	114.0	115.0	116.0	117.0	118.0	119.0	120.0	121.0	122.0	123.0	124.0	125.0	126.0	127.0	128.0	129.0	130.0	131.0	132.0	133.0	134.0	135.0	136.0	137.0	138.0	139.0	140.0	141.0	142.0	143.0	144.0	145.0	146.0	147.0	148.0	149.0	149.0	150.0	151.0	152.0	153.0	154.0	155.0	156.0	157.0	158.0	159.0	160.0	161.0	162.0	163.0	164.0	165.0	166.0	167.0	168.0	169.0	170.0	171.0	172.0	173.0	174.0	175.0	176.0	177.0	178.0	179.0	180.0	181.0	182.0	183.0	184.0	185.0	186.0	187.0	188.0	189.0	190.0	191.0	192.0	193.0	194.0	195.0	196.0	197.0	198.0	199.0	200.0	201.0	202.0	203.0	204.0	205.0	206.0	207.0	208.0	209.0	210.0	211.0	212.0	213.0	214.0	215.0	216.0	217.0	218.0	219.0	220.0	221.0	222.0	223.0	224.0	225.0	226.0	227.0	228.0	229.0	230.0	231.0	232.0	233.0	234.0	235.0	236.0	237.0	238.0	239.0	240.0	241.0	242.0	243.0	244.0	245.0	246.0	247.0	248.0	249.0	250.0	251.0	252.0	253.0	254.0	255.0	256.0	257.0	258.0	259.0	260.0	261.0	262.0	263.0	264.0	265.0	266.0	267.0	268.0	269.0	270.0	271.0	272.0	273.0	274.0	275.0	276.0	277.0	278.0	279.0	280.0	281.0	282.0	283.0	284.0	285.0	286.0	287.0	288.0	289.0	290.0	291.0	292.0	293.0	294.0	295.0	296.0	297.0	298.0	298.0	299.0	300.0	301.0	302.0	303.0	304.0	305.0
3460.171553936839
