5225.848987731381	300.0	2000.0	299.3079622978556	0	0.0	3225.8489877313814	1	0	1.0	-8.005112234560883
6434.9500354250085	1000.0	1790.8989523063715	0.0	0	0.0	3225.8489877313805	1	0	1.0	-0.22505788912534408
7854.271403662803	1000.0	1371.5775840685767	0.0	0	0.0	3225.8489877313796	1	0	1.0	0.9789149152005925
8821.941498571163	1000.0	1403.9074891602172	0.0	0	0.0	3225.8489877313805	1	0	1.0	0.9789149152005923
9763.823206910305	1000.0	1462.0257808210722	0.0	0	0.0	3225.8489877313777	1	0	1.0	0.9789149152005926
10969.501549028024	1000.0	1256.3474387033534	0.0	0	0.0	3225.8489877313787	1	0	1.0	0.9789149152005927
12273.564613566265	1000.0	952.2843741651127	0.0	0	0.0	3225.8489877313787	1	0	1.0	0.9789149152005926
13389.419682737853	1000.0	836.4293049935251	0.0	0	0.0	3225.8489877313787	1	0	1.0	0.9789149152005926
14569.994826701875	1000.0	655.8541610295033	0.0	0	0.0	3225.8489877313787	1	0	1.0	0.9789149152005926
15762.951189657171	1000.0	462.89779807420683	0.0	0	0.0	3225.848987731377	1	0	1.0	0.9789149152005929
17200.947397757223	1000.0	233.3937403864305	208.49215041227677	0	0.0	3434.3411381436526	1	0	1.0	-0.32261571260361777
17875.418776532933	500.0	647.5543328824023	88.63197127168544	0	0.0	3522.973109415336	1	0	1.0	-1.0141607119523268
19248.992755198033	1000.0	333.51408092066936	59.53372670337319	0	0.0	3582.5068361187004	1	0	1.0	-0.16388002389871267
19727.965914122495	500.0	854.5409219962065	0.0	0	0.0	3582.5068361187004	1	0	1.0	-0.4998248442384179
20692.009445460564	1000.0	890.4973906581383	0.0	0	0.0	3582.5068361187004	1	0	1.0	0.1933223363215276
21924.85408308937	1000.0	657.6527530293312	0.0	0	0.0	3582.5068361187004	1	0	1.0	0.886469516881473
23097.594635430418	1000.0	484.9122006882818	0.0	0	0.0	3582.5068361187004	1	0	1.0	0.886469516881473
24044.195371615635	1000.0	538.311464503067	0.0	0	0.0	3582.5068361187004	1	0	1.0	0.886469516881473
25462.620138254417	1000.0	289.2587099421099	169.37201207782334	0	0.0	3751.878848196524	1	0	1.0	-0.18441539048720826
26171.903263886878	500.0	666.2649770882291	86.28939277858083	0	0.0	3838.1682409751047	1	0	1.0	-1.103090439273235
27162.809794987126	1000.0	675.3584459879767	0.0	0	0.0	3838.1682409751047	1	0	1.0	0.10779309795819514
28325.789727155712	1000.0	512.3785138193944	0.0	0	0.0	3838.1682409751047	1	0	1.0	0.8009402785181405
29388.093299970686	1000.0	480.74046545004194	30.665524445624158	0	0.0	3868.8337654207317	1	0	1.0	0.6054528385427773
30407.01978729196	1000.0	461.81397812876855	0.0	0	0.0	3868.8337654207317	1	0	1.0	0.7894459852165223
30925.185565090476	500.0	943.6482003302485	0.0	0	0.0	3868.833765420728	1	0	1.0	-0.5968483759033671
32401.080255110235	1000.0	467.75351031049047	0.0	0	0.0	3868.833765420728	1	0	1.0	0.09629880465657825
32851.394008430965	500.0	1017.4397569897612	0.0	0	0.0	3868.8337654207244	1	0	1.0	-0.5968483759033669
34156.524588179374	1000.0	712.30917724135	0.0	0	0.0	3868.8337654207244	1	0	1.0	0.09629880465657903
35078.9026576501	1000.0	789.9311077706211	0.0	0	0.0	3868.8337654207135	1	0	1.0	0.7894459852165276
36499.67669512006	1000.0	369.1570703006582	0.0	0	0.0	3868.833765420717	1	0	1.0	0.7894459852165276
37105.834920239504	500.0	762.9988451812193	0.0	0	0.0	3868.8337654207135	1	0	1.0	-0.5968483759033616
38166.23895804414	1000.0	702.5948073765826	0.0	0	0.0	3868.8337654207135	1	0	1.0	0.0962988046565838
39436.206443269875	1000.0	432.62732215084566	0.0	0	0.0	3868.8337654207135	1	0	1.0	0.7894459852165292
39985.44944873459	500.0	883.3843166861365	0.0	0	0.0	3868.8337654207135	1	0	1.0	-0.5968483759033616
41077.196245882704	1000.0	791.6375195380156	0.0	0	0.0	3868.8337654207135	1	0	1.0	0.0962988046565838
42065.14562089558	1000.0	803.6881445251321	0.0	0	0.0	3868.833765420706	1	0	1.0	0.789445985216532
43139.49166548718	1000.0	729.3420999335243	0.0	0	0.0	3868.833765420706	1	0	1.0	0.789445985216532
44408.03834935645	1000.0	460.79541606424664	0.0	0	0.0	3868.833765420706	1	0	1.0	0.789445985216532
44927.411616791964	500.0	941.4221486287303	0.0	0	0.0	3868.833765420706	1	0	1.0	-0.5968483759033588
46164.745841859214	1000.0	704.0879235614785	0.0	0	0.0	3868.833765420706	1	0	1.0	0.09629880465658658
47282.43323368841	1000.0	586.4005317322742	0.0	0	0.0	3868.833765420706	1	0	1.0	0.789445985216532
48240.45535275592	1000.0	628.3784126647679	0.0	0	0.0	3868.833765420706	1	0	1.0	0.789445985216532
49258.64578558702	1000.0	610.1879798336716	0.0	0	0.0	3868.833765420706	1	0	1.0	0.789445985216532
50223.54838808795	1000.0	645.2853773327445	0.0	0	0.0	3868.833765420706	1	0	1.0	0.789445985216532
51823.25524649848	1000.0	258.74351892835284	213.16500000614565	0	0.0	4081.998765426848	1	0	1.0	-0.573860256783136
52461.30775963054	500.0	677.9882629510935	57.29725715480214	0	0.0	4139.29602258165	1	0	1.0	-1.0546986821075588
53028.176893428514	500.0	1111.119129153107	0.0	0	0.0	4139.29602258165	1	0	1.0	-0.017767958618800442
54078.89774053155	1000.0	1060.3982820500723	0.0	0	0.0	4139.29602258165	1	0	1.0	-0.017767958618800428
55034.252185298865	1000.0	1105.0438372827607	0.0	0	0.0	4139.29602258165	1	0	1.0	0.675379221941145
56051.217364854805	1000.0	1088.0786577268177	0.0	0	0.0	4139.29602258165	1	0	1.0	0.675379221941145
57172.0211622031	1000.0	967.2748603785211	0.0	0	0.0	4139.29602258165	1	0	1.0	0.675379221941145
57993.7995829618	1000.0	1145.4964396198184	0.0	0	0.0	4139.29602258165	1	0	1.0	0.675379221941145
58698.33904778428	1000.0	1440.9569747973444	0.0	0	0.0	4139.29602258165	1	0	1.0	0.675379221941145
60465.77799334725	2000.0	673.5180292343691	0.0	0	0.0	4139.29602258165	1	0	1.0	0.675379221941145
61839.58912582996	1000.0	394.83514437453755	95.1282476228788	0	0.0	4234.42427020453	1	0	1.0	-0.634426942963713
62767.8300707835	1000.0	559.4011564154225	92.80695699442657	0	0.0	2327.2312271989504	1	0	1.0	-5.442084665320366
63715.36301351057	1000.0	611.8682136883425	0.0	0	0.0	2327.2312271989504	1	0	1.0	1.1147570766461925
65197.89466014416	1000.0	315.04013481198183	185.70356775723212	0	0.0	2512.9347949561416	1	0	1.0	-0.019088165572424376
66702.62770501856	1000.0	200.0	389.6929100624236	0	0.0	2902.62770501856	1	0	1.0	-1.2898770728459827
67368.7436460869	500.0	648.4325042551488	114.54844532350035	0	0.0	3017.1761503420566	1	0	1.0	-1.0525533124121935
67915.74326569172	500.0	1101.4328846503156	0.0	0	0.0	3017.176150342035	1	0	1.0	0.3278845400887571
69619.7640735366	1000.0	397.4120768054276	0.0	0	0.0	3017.176150342042	1	0	1.0	0.32788454008875745
70153.02426930532	500.0	864.151881036727	0.0	0	0.0	3017.1761503420566	1	0	1.0	-0.3652626404711906
70883.22618475519	1000.0	1133.9499655868517	0.0	0	0.0	3017.1761503420566	1	0	1.0	0.3278845400887548
71856.6349375576	1000.0	1160.5412127844218	0.0	0	0.0	3017.176150342042	1	0	1.0	1.0210317206487027
73518.12535309447	1000.0	499.0507972475367	0.0	0	0.0	3017.1761503420275	1	0	1.0	1.0210317206487054
74164.6709353979	1000.0	852.5052149441223	0.0	0	0.0	3017.1761503420275	1	0	1.0	1.0210317206487054
74827.35025551317	1000.0	1189.8258948288299	0.0	0	0.0	3017.1761503420275	1	0	1.0	1.0210317206487054
75265.10363032501	1000.0	1752.0725200169918	0.0	0	0.0	3017.1761503420275	1	0	1.0	1.0210317206487054
76492.33529873975	2000.0	1524.8408516022453	0.0	0	0.0	3017.1761503420275	1	0	1.0	1.0210317206487054
78042.81023597428	2000.0	974.3659143677128	0.0	0	0.0	3017.1761503420275	1	0	1.0	1.7141789012086506
80662.12975079821	1000.0	200.0	844.953600456214	0	0.0	3862.129750798209	1	0	1.0	-4.866893882421032
81312.18171852572	300.0	661.198085630436	111.25005335794958	0	0.0	1973.379804156153	1	0	1.0	-7.9316706677608
81894.31378443749	500.0	1079.066019718694	0.0	0	0.0	1973.3798041561677	1	0	1.0	-0.060197543287167615
83075.93921762572	1000.0	897.4405865304512	0.0	0	0.0	1973.3798041561677	1	0	1.0	0.4506280804788232
84327.28963308604	1000.0	646.0901710701489	0.0	0	0.0	1973.3798041561677	1	0	1.0	1.1437752610387686
85278.30739093594	1000.0	695.0724132202585	0.0	0	0.0	1973.3798041561822	1	0	1.0	1.1437752610387677
86287.45907806126	1000.0	685.9207260949485	0.0	0	0.0	1973.3798041561822	1	0	1.0	1.1437752610387677
87355.11288200742	1000.0	618.2669221488028	0.0	0	0.0	1973.3798041561822	1	0	1.0	1.1437752610387677
90541.55604478387	1000.0	200.0	1768.176240627636	0	0.0	3741.556044783865	1	0	1.0	-9.643646903782964
91510.26098934145	500.0	482.8557070298873	251.5606515874652	0	0.0	1993.116696371333	1	0	1.0	-7.753255112539143
92717.17239801625	500.0	335.1149973103017	59.17069895520905	0	0.0	2052.287395326537	1	0	1.0	0.08995830896663615
93935.1925560332	500.0	432.189015641203	315.0941763478602	0	0.0	2367.3815716743993	1	0	1.0	-1.4729106623970445
94736.30070276368	500.0	634.8135276761061	3.732658765378517	0	0.0	2371.11423043978	1	0	1.0	0.39488299651210157
96316.40857286772	1000.0	227.2383608626089	172.53270329054055	0	0.0	2543.646933730328	1	0	1.0	-0.6367999477444699
97409.7569636959	500.0	405.02810234055823	271.1381323061198	0	0.0	2814.7850660364493	1	0	1.0	-1.9581635286009718
98271.71452126	500.0	543.0705447764412	0.0	0	0.0	2814.7850660364493	1	0	1.0	0.3618124457956931
98944.55196801932	500.0	870.2330980171324	0.0	0	0.0	2814.7850660364493	1	0	1.0	0.3618124457956931
99881.4791590742	1000.0	933.3059069622728	0.0	0	0.0	2814.7850660364493	1	0	1.0	0.36181244579569316
100568.44742244972	1000.0	1246.3376435867517	0.0	0	0.0	2814.7850660364347	1	0	1.0	1.054959626355641
101472.86863159492	1000.0	1341.916434441565	0.0	0	0.0	2814.7850660364347	1	0	1.0	1.054959626355641
102665.16698184749	1000.0	1149.6180841889966	0.0	0	0.0	2814.7850660364347	1	0	1.0	1.054959626355641
103762.87020716845	1000.0	1051.914858868042	0.0	0	0.0	2814.7850660364493	1	0	1.0	1.0549596263556387
105317.10982016406	1000.0	497.67524587242235	0.0	0	0.0	2814.7850660364493	1	0	1.0	1.0549596263556387
105848.88631064707	500.0	965.8987553893993	0.0	0	0.0	2814.785066036464	1	0	1.0	-0.3313347347642544
106991.97625377435	1000.0	822.8088122621049	0.0	0	0.0	2814.785066036464	1	0	1.0	0.3618124457956909
107985.62337406001	1000.0	829.1616919764308	0.0	0	0.0	2814.785066036464	1	0	1.0	1.0549596263556362
109260.79874754291	1000.0	553.9863184935382	0.0	0	0.0	2814.785066036464	1	0	1.0	1.0549596263556362
110158.24047672708	1000.0	656.5445893093687	0.0	0	0.0	2814.785066036464	1	0	1.0	1.0549596263556362
110877.66234192408	1000.0	937.122724112364	0.0	0	0.0	2814.785066036464	1	0	1.0	1.0549596263556362
112408.60657610529	1000.0	406.17848993114995	0.0	0	0.0	2814.7850660364784	1	0	1.0	1.054959626355634
113085.33384972518	1000.0	729.4512163112419	0.0	0	0.0	2814.7850660364784	1	0	1.0	1.054959626355634
114088.41816588472	1000.0	726.3669001516848	0.0	0	0.0	2814.7850660364784	1	0	1.0	1.054959626355634
115224.12073134698	1000.0	590.6643346894283	0.0	0	0.0	2814.785066036493	1	0	1.0	1.054959626355632
116619.78175253535	1000.0	301.7308960336884	106.72758253261651	0	0.0	2921.5126485691144	1	0	1.0	0.3974841846828018
118015.7419627367	1000.0	228.45668812196052	322.68600228962305	0	0.0	3244.1986508587433	1	0	1.0	-0.9612921036227027
118632.27082010475	500.0	743.6332897603207	131.7054590064155	0	0.0	3375.9041098651505	1	0	1.0	-1.233078450155281
119662.74395509796	1000.0	713.1601547671106	0.0	0	0.0	3375.904109865165	1	0	1.0	0.2503014844431536
120585.83653739131	1000.0	790.0675724737647	0.0	0	0.0	3375.904109865165	1	0	1.0	0.9434486650030991
121380.66188363524	1000.0	995.2422262298128	0.0	0	0.0	3375.904109865165	1	0	1.0	0.9434486650030991
122402.98671855938	1000.0	972.9173913056894	0.0	0	0.0	3375.904109865165	1	0	1.0	0.9434486650030991
124258.71936941383	1000.0	200.0	82.81525954875838	0	0.0	3458.719369413928	1	0	1.0	0.4413801191104354
125363.45035779622	500.0	450.0926067274546	354.82359510985873	0	0.0	3813.542964523789	1	0	1.0	-2.7052656796923777
126309.7495372601	500.0	503.7934272635557	0.0	0	0.0	3813.5429645237746	1	0	1.0	0.11682307152672516
127068.54668679582	500.0	744.9962777278147	0.0	0	0.0	3813.5429645237746	1	0	1.0	0.11682307152672516
128455.60281600602	1000.0	357.94014851761665	0.0	0	0.0	3813.542964523789	1	0	1.0	0.11682307152671989
129120.76377899855	500.0	692.7791855251021	0.0	0	0.0	3813.542964523789	1	0	1.0	-0.5763241090332255
130671.0547763497	1000.0	287.18979475993814	144.70160658599147	0	0.0	3958.2445711097826	1	0	1.0	-0.8007163426512003
131323.57478374767	500.0	672.6429272126578	37.97313985068166	0	0.0	3996.2177109604672	1	0	1.0	-0.8754954134493914
132547.8911440916	1000.0	448.3265668687192	0.0	0	0.0	3996.2177109604672	1	0	1.0	0.04549060621464396
133393.23110039296	500.0	602.9866105673952	0.0	0	0.0	3996.2177109604963	1	0	1.0	-0.6476565743453112
134054.41656558588	500.0	941.8011453744568	0.0	0	0.0	3996.217710960482	1	0	1.0	0.045490606214630455
135444.7734171082	1000.0	551.4442938521363	0.0	0	0.0	3996.217710960482	1	0	1.0	0.04549060621463541
136293.98644249307	500.0	702.2312684672622	0.0	0	0.0	3996.217710960482	1	0	1.0	-0.64765657434531
136767.739822015	500.0	1228.4778889453721	0.0	0	0.0	3996.217710960482	1	0	1.0	0.04549060621463534
138185.24131714366	1000.0	810.9763938167011	0.0	0	0.0	3996.217710960482	1	0	1.0	0.04549060621463541
139242.67325659283	1000.0	753.5444543675684	0.0	0	0.0	3996.217710960482	1	0	1.0	0.7386377867745808
140240.0639735989	1000.0	756.1537373614929	0.0	0	0.0	3996.217710960511	1	0	1.0	0.7386377867745686
141911.30332817807	1000.0	200.0	115.0856172177007	0	0.0	4111.303328178183	1	0	1.0	0.0218061333169033
142528.46683249436	500.0	717.8977299832632	135.06123429958768	0	0.0	2246.364562477771	1	0	1.0	-7.0743820613993
143713.40391269955	1000.0	532.9606497780768	0.0	0	0.0	2246.364562477771	1	0	1.0	0.42913252495817056
144506.96246752187	1000.0	739.4020949557355	0.0	0	0.0	2246.364562477771	1	0	1.0	1.122279705518116
145314.17768993034	1000.0	932.1868725472589	0.0	0	0.0	2246.364562477771	1	0	1.0	1.122279705518116
146477.766006366	1000.0	768.5985561116028	0.0	0	0.0	2246.364562477771	1	0	1.0	1.122279705518116
148194.94132971487	1000.0	200.0	148.57676723726598	0	0.0	2394.9413297150168	1	0	1.0	0.2269085742533355
148763.26065500252	500.0	729.7741170859192	98.09344237357803	0	0.0	2493.03477208846	1	0	1.0	-0.8774505078358563
149932.8679416735	1000.0	560.1668304149291	0.0	0	0.0	2493.03477208846	1	0	1.0	0.4042573269655575
150718.8788778565	1000.0	774.1558942319199	0.0	0	0.0	2493.034772088431	1	0	1.0	1.0974045075255061
151398.825152889	1000.0	1094.2096191994335	0.0	0	0.0	2493.03477208846	1	0	1.0	1.097404507525503
151984.0261888478	1000.0	1509.0085832406485	0.0	0	0.0	2493.03477208846	1	0	1.0	1.097404507525503
154259.97691223273	2000.0	233.05785985576279	0.0	0	0.0	2493.03477208846	1	0	1.0	1.0974045075255028
155446.70634285212	1000.0	319.45304077007427	273.12461153369736	0	0.0	2766.1593836221145	1	0	1.0	-1.2696792057943522
156109.786918917	500.0	656.3724647051856	0.0	0	0.0	2766.1593836221437	1	0	1.0	-0.3240787171521181
157181.5834827984	1000.0	584.575900823771	0.0	0	0.0	2766.1593836221437	1	0	1.0	0.3690684634078275
158599.21010630616	1000.0	282.2257138343974	115.27643651840378	0	0.0	2881.4358201405557	1	0	1.0	0.3528128269449474
159092.13673918866	500.0	789.2990809519238	0.0	0	0.0	2881.4358201405557	1	0	1.0	-0.3418229150645208
160496.6524930349	1000.0	384.7833271056695	0.0	0	0.0	2881.4358201405266	1	0	1.0	0.3513242654954256
161178.86269941603	500.0	702.5731207245695	0.0	0	0.0	2881.4358201405266	1	0	1.0	-0.34182291506451595
162086.90043070802	1000.0	794.5353894325866	0.0	0	0.0	2881.4358201405266	1	0	1.0	0.35132426549542933
163178.8022073695	1000.0	702.6336127710954	0.0	0	0.0	2881.4358201405557	1	0	1.0	1.0444714460553701
163995.58160937502	1000.0	885.8542107655749	0.0	0	0.0	2881.4358201405557	1	0	1.0	1.0444714460553701
165132.17836168702	1000.0	749.257458453557	0.0	0	0.0	2881.4358201405266	1	0	1.0	1.0444714460553748
166458.68877046742	1000.0	422.7470496731291	0.0	0	0.0	2881.4358201404975	1	0	1.0	1.0444714460553797
166931.9039622333	500.0	949.531857907247	0.0	0	0.0	2881.4358201404975	1	0	1.0	-0.34182291506451135
167934.7429656091	1000.0	946.6928545314744	0.0	0	0.0	2881.4358201404975	1	0	1.0	0.35132426549543416
169148.7942504806	1000.0	732.6415696599748	0.0	0	0.0	2881.4358201404975	1	0	1.0	1.0444714460553797
170554.42178160226	1000.0	327.014038538307	0.0	0	0.0	2881.4358201404684	1	0	1.0	1.0444714460553841
171121.42353347002	500.0	760.0122866705362	0.0	0	0.0	2881.4358201404975	1	0	1.0	-0.34182291506451135
172576.11639575064	1000.0	305.31942438992087	0.0	0	0.0	2881.4358201404975	1	0	1.0	0.35132426549543416
173872.6612407182	1000.0	286.95727420430757	278.1826947819807	0	0.0	3159.6185149224475	1	0	1.0	-0.67595545333983
174546.47291130348	500.0	674.7878817282663	61.64227810921895	0	0.0	3221.260793031659	1	0	1.0	-0.7762204955179122
175780.89117775444	1000.0	440.3696152772958	0.0	0	0.0	3221.260793031659	1	0	1.0	0.2867803536973445
176813.07816034972	1000.0	440.34536540110145	32.162732719087614	0	0.0	3253.4235257507826	1	0	1.0	0.7797657426614251
178089.37569994573	1000.0	359.4909543716417	195.44312856654935	0	0.0	3448.8666543173604	1	0	1.0	-0.24819700675402878
178492.7577938529	500.0	956.1088604644724	0.0	0	0.0	3448.8666543173604	1	0	1.0	-0.4618325964746234
179743.27357719475	1000.0	705.5930771226314	0.0	0	0.0	3448.8666543173604	1	0	1.0	0.23131458408532202
180683.25186732656	1000.0	765.6147869908276	0.0	0	0.0	3448.8666543173604	1	0	1.0	0.9244617646452674
181689.95944037318	1000.0	758.9072139441719	0.0	0	0.0	3448.8666543173313	1	0	1.0	0.9244617646452752
182833.46187392523	1000.0	615.4047803921029	0.0	0	0.0	3448.8666543173313	1	0	1.0	0.9244617646452752
184250.43881322458	1000.0	240.68835837279542	42.2605172800431	0	0.0	3491.1271715973853	1	0	1.0	0.6593462016226144
184715.57449952717	500.0	775.5526720702137	0.0	0	0.0	3491.1271715974144	1	0	1.0	-0.47338505581702606
185949.54235798286	1000.0	541.5848136145138	0.0	0	0.0	3491.1271715974144	1	0	1.0	0.21976212474291934
187299.38292918872	1000.0	305.39590765620426	113.65166524755179	0	0.0	3604.7788368449837	1	0	1.0	0.19780197213789122
187783.66945424452	500.0	821.1093826003876	0.0	0	0.0	3604.778836845013	1	0	1.0	-0.5065823974966976
188588.03260609542	1000.0	1016.7462307494952	0.0	0	0.0	3604.778836845013	1	0	1.0	0.18656478306324753
189840.64112430977	1000.0	764.1377125351825	0.0	0	0.0	3604.778836845013	1	0	1.0	0.8797119636231929
191266.0762027453	1000.0	338.7026340996629	0.0	0	0.0	3604.778836845013	1	0	1.0	0.8797119636231929
191909.06365761676	500.0	695.7151792282011	0.0	0	0.0	3604.778836845013	1	0	1.0	-0.5065823974966976
192950.23856661425	1000.0	654.5402702307151	0.0	0	0.0	3604.778836845013	1	0	1.0	0.18656478306324753
194207.9145466615	1000.0	396.8642901834947	0.0	0	0.0	3604.778836845013	1	0	1.0	0.8797119636231929
194893.0258546556	500.0	711.7529821893806	0.0	0	0.0	3604.778836845013	1	0	1.0	-0.5065823974966976
196239.3197055794	1000.0	365.45913126558276	0.0	0	0.0	3604.778836845042	1	0	1.0	0.18656478306323865
196595.85093360714	500.0	1008.9279032378577	0.0	0	0.0	3604.778836845042	1	0	1.0	-0.5065823974967065
197479.31347416798	1000.0	1125.4653626770044	0.0	0	0.0	3604.778836845042	1	0	1.0	0.18656478306323865
198725.4134058568	1000.0	879.3654309882188	0.0	0	0.0	3604.778836845042	1	0	1.0	0.879711963623184
199785.77627924056	1000.0	819.0025576044711	0.0	0	0.0	3604.778836845013	1	0	1.0	0.8797119636231876
200985.15360659955	1000.0	619.6252302454712	0.0	0	0.0	3604.7788368449837	1	0	1.0	0.8797119636232019
202183.00009503475	1000.0	427.18771682367367	5.408975013401715	0	0.0	3610.187811858399	1	0	1.0	0.8455979492704909
203178.58270869812	1000.0	528.7650249265146	97.1599217662058	0	0.0	3707.3477336245705	1	0	1.0	0.26397045386021867
204365.7695111814	1000.0	345.1774244655012	3.5992020222382735	0	0.0	3710.946935646818	1	0	1.0	0.8241334904861114
205013.2057374154	500.0	697.7411982314815	0.0	0	0.0	3710.946935646818	1	0	1.0	-0.5405656585003499
206177.4437521468	1000.0	533.503183500084	0.0	0	0.0	3710.946935646818	1	0	1.0	0.1525815220595956
207231.60292819494	1000.0	479.3440074519415	0.0	0	0.0	3710.946935646847	1	0	1.0	0.8457287026195315
208088.7287770869	1000.0	622.2181585599614	0.0	0	0.0	3710.946935646847	1	0	1.0	0.8457287026195315
209143.27668154502	1000.0	567.6702541018077	0.0	0	0.0	3710.946935646847	1	0	1.0	0.8457287026195315
210321.75943405897	1000.0	389.1875015878734	0.0	0	0.0	3710.946935646847	1	0	1.0	0.8457287026195315
210960.34076307243	500.0	750.6061725744336	0.0	0	0.0	3710.946935646847	1	0	1.0	-0.5405656585003593
211807.3903571724	1000.0	903.556578474459	0.0	0	0.0	3710.946935646847	1	0	1.0	0.15258152205958608
212403.17827236615	1000.0	1307.768663280701	0.0	0	0.0	3710.946935646847	1	0	1.0	0.8457287026195315
213657.1200618779	1000.0	1053.8268737689266	0.0	0	0.0	3710.946935646847	1	0	1.0	0.8457287026195315
214484.56793805148	1000.0	1226.3789975953352	0.0	0	0.0	3710.946935646847	1	0	1.0	0.8457287026195315
216325.01745533102	1000.0	385.9294803158211	0.0	0	0.0	3710.946935646847	1	0	1.0	0.8457287026195315
216998.99784105617	500.0	711.9490945906618	0.0	0	0.0	3710.946935646847	1	0	1.0	-0.5405656585003593
218747.57626864038	1000.0	200.0	236.62933299352056	0	0.0	3947.576268640405	1	0	1.0	-1.337773624427701
219223.76516331855	500.0	751.8800081762449	28.0689028544179	0	0.0	3975.6451714948344	1	0	1.0	-0.807522251689573
220205.73010266185	1000.0	769.9150688329412	0.0	0	0.0	3975.6451714948635	1	0	1.0	0.054038345996867965
221694.28706873194	1000.0	281.35810276286537	0.0	0	0.0	3975.6451714948344	1	0	1.0	0.7471855265568252
222223.00646764075	500.0	752.6387038540403	0.0	0	0.0	3975.6451714948344	1	0	1.0	-0.6391088345630658
223201.85105365652	1000.0	773.7941178382805	0.0	0	0.0	3975.6451714948344	1	0	1.0	0.054038345996879844
223707.64439112326	1000.0	1268.0007803715584	0.0	0	0.0	3975.6451714948344	1	0	1.0	0.7471855265568252
224981.98577837163	2000.0	993.6593931232153	0.0	0	0.0	3975.6451714948053	1	0	1.0	0.747185526556835
227219.6965678608	2000.0	200.0	444.05139636592844	0	0.0	4419.696567860723	1	0	1.0	-1.2827276962535907
227715.34282631284	300.0	704.9775204977544	0.6237789497793926	0	0.0	2420.3203468105057	1	0	1.0	-7.999484848313193
229665.33988350173	1000.0	200.0	445.01953669113556	0	0.0	2865.3398835017288	1	0	1.0	-2.808718250632681
230491.656652157	500.0	633.4121592509232	259.72892790615543	0	0.0	3125.068811407895	1	0	1.0	-1.944431865287164
231889.83015524535	1000.0	240.5953632358173	5.356707073250277	0	0.0	3130.4255184811773	1	0	1.0	0.2738628222519819
232599.27153200784	500.0	650.1490989929391	118.99511251961883	0	0.0	3249.420631000772	1	0	1.0	-1.1266174909932232
233974.40904361187	1000.0	369.01391314590694	94.00232575700397	0	0.0	3343.4229567577713	1	0	1.0	-0.3056370072719674
234792.2044911328	1000.0	573.7006027562007	22.482137131231696	0	0.0	3365.905093889014	1	0	1.0	0.8110660563265581
235966.64072469997	1000.0	399.26436918902107	0.0	0	0.0	3365.905093888985	1	0	1.0	0.9459588791139542
238203.5526682033	1000.0	200.0	1037.6475743143178	0	0.0	4403.552668203309	1	0	1.0	-5.453518889388047
239343.11625388407	300.0	445.724499469983	385.2880851507266	0	0.0	2788.840753354045	1	0	1.0	-9.660802556399867
240206.0427733701	500.0	582.7979799839748	0.0	0	0.0	2788.840753354045	1	0	1.0	-0.14510124116956952
241371.49520251065	500.0	452.0911703992962	34.74561955587154	0	0.0	2823.586372909922	1	0	1.0	0.15199027366644763
242400.42753227556	500.0	443.147001326071	19.988160691699306	0	0.0	2843.5745336016407	1	0	1.0	0.23743178361667472
243272.4250475454	500.0	571.1494860562188	0.0	0	0.0	2843.5745336016407	1	0	1.0	0.35736074776687055
243889.23182745415	500.0	954.3427061474754	0.0	0	0.0	2843.5745336016407	1	0	1.0	0.35736074776687055
245659.53657395454	1000.0	200.0	15.962040352925186	0	0.0	2859.536573954596	1	0	1.0	0.2610846236580317
246580.7896823696	500.0	555.9171576498804	277.17026606492897	0	0.0	3136.7068400195276	1	0	1.0	-2.0514455829795835
247251.16220076053	500.0	885.5446392589078	0.0	0	0.0	3136.7068400194985	1	0	1.0	0.3047231939699412
248228.76673396354	1000.0	907.9401060558783	0.0	0	0.0	3136.7068400194985	1	0	1.0	0.3047231939699413
248876.23001687683	1000.0	1260.4768231425921	0.0	0	0.0	3136.7068400194985	1	0	1.0	0.9978703745298867
249822.2776042618	1000.0	1314.4292357576442	0.0	0	0.0	3136.7068400194694	1	0	1.0	0.99787037452989
250749.50246817252	1000.0	1387.2043718468983	0.0	0	0.0	3136.7068400194694	1	0	1.0	0.9978703745298925
251731.19839131064	1000.0	1405.5084487088004	0.0	0	0.0	3136.7068400194694	1	0	1.0	0.9978703745298925
252844.85758787507	1000.0	1291.8492521443586	0.0	0	0.0	3136.7068400194694	1	0	1.0	0.9978703745298925
254343.25708113197	1000.0	793.4497588874527	0.0	0	0.0	3136.7068400194694	1	0	1.0	0.9978703745298925
255604.65450513203	1000.0	532.0523348874134	0.0	0	0.0	3136.7068400194985	1	0	1.0	0.9978703745298867
256558.25188763964	1000.0	578.4549523798271	0.0	0	0.0	3136.7068400194985	1	0	1.0	0.9978703745298867
258169.19857512118	1000.0	279.2987195259619	311.79045462766277	0	0.0	3448.4972946471244	1	0	1.0	-0.9461818192956255
258655.73457689682	500.0	803.4597260631535	10.697008312832196	0	0.0	3459.194302959979	1	0	1.0	-0.5287995151074578
259532.27363572168	1000.0	926.920667238316	0.0	0	0.0	3459.194302959979	1	0	1.0	0.22852971532948083
260281.048616647	1000.0	1178.1456863130002	0.0	0	0.0	3459.194302959979	1	0	1.0	0.9216768958894263
261770.36644650588	1000.0	688.8278564540884	0.0	0	0.0	3459.194302959979	1	0	1.0	0.9216768958894263
262568.3160935999	1000.0	890.8782093600586	0.0	0	0.0	3459.1943029599206	1	0	1.0	0.9216768958894404
263421.76699393627	1000.0	1037.427309023661	0.0	0	0.0	3459.1943029599206	1	0	1.0	0.9216768958894419
264714.8172116325	1000.0	744.3770913273978	0.0	0	0.0	3459.1943029598624	1	0	1.0	0.9216768958894499
265642.292289824	1000.0	816.9020131357996	0.0	0	0.0	3459.194302959717	1	0	1.0	0.9216768958894814
266721.63454312953	1000.0	737.5597598302854	0.0	0	0.0	3459.1943029596587	1	0	1.0	0.921676895889513
267828.43670740817	1000.0	630.757595551714	0.0	0	0.0	3459.194302959775	1	0	1.0	0.9216768958894845
268962.31952185184	1000.0	496.8747811080484	0.0	0	0.0	3459.1943029598333	1	0	1.0	0.9216768958894657
269892.06371657475	1000.0	567.1305863851605	0.0	0	0.0	3459.194302959775	1	0	1.0	0.9216768958894814
270465.1542984098	1000.0	994.0400045500909	0.0	0	0.0	3459.1943029598333	1	0	1.0	0.9216768958894782
271415.6767937759	1000.0	1043.5175091840201	0.0	0	0.0	3459.1943029598333	1	0	1.0	0.9216768958894657
272768.63430908544	1000.0	690.5599938745713	0.0	0	0.0	3459.1943029598333	1	0	1.0	0.9216768958894657
274432.0370231698	1000.0	200.0	172.84272020981228	0	0.0	3632.0370231698034	1	0	1.0	-0.14783109218235374
275438.0532238686	500.0	451.07003513521516	257.08623583398656	0	0.0	3889.123259003798	1	0	1.0	-2.147125061808086
275906.533061477	500.0	982.590197526809	0.0	0	0.0	3889.123259003798	1	0	1.0	0.08853953375577914
277034.8799373284	1000.0	854.2433216754247	0.0	0	0.0	3889.123259003856	1	0	1.0	0.08853953375575685
277990.19895022764	1000.0	898.924308776248	0.0	0	0.0	3889.123259003856	1	0	1.0	0.7816867143157022
279010.64854343556	1000.0	878.4747155683006	0.0	0	0.0	3889.123259003856	1	0	1.0	0.7816867143157022
280283.8004586809	1000.0	605.322800322974	0.0	0	0.0	3889.1232590039144	1	0	1.0	0.7816867143156797
281837.8113748053	1000.0	200.0	148.68811580135787	0	0.0	4037.811374805344	1	0	1.0	-0.15569944970566457
282765.9151581813	500.0	554.7929894959984	282.89677287201005	0	0.0	2320.7081476774183	1	0	1.0	-7.968289411999979
284365.01954481594	1000.0	200.0	244.31139713861822	0	0.0	2565.0195448159357	1	0	1.0	-1.0670214846177448
285232.60873433336	500.0	541.0243796114726	208.61356912892532	0	0.0	2773.633113944845	1	0	1.0	-1.576854310901977
285753.2177656198	500.0	1020.4153483250933	0.0	0	0.0	2773.633113944903	1	0	1.0	0.3679742844315121
287168.3201459132	1000.0	605.3129680316632	0.0	0	0.0	2773.633113944903	1	0	1.0	0.36797428443151214
288144.07758080354	1000.0	629.5555331414131	0.0	0	0.0	2773.633113944961	1	0	1.0	1.0611214649914489
289217.1885999051	1000.0	556.444514039818	0.0	0	0.0	2773.633113944903	1	0	1.0	1.0611214649914575
290611.7511673465	1000.0	245.45637135881793	83.5744247604041	0	0.0	2857.207538705261	1	0	1.0	0.5469118822779275
291352.9194287028	500.0	609.9221045975646	105.63399459502108	0	0.0	2962.841533300292	1	0	1.0	-0.9893355446135904
292000.970029866	500.0	961.8715034343536	0.0	0	0.0	2962.841533300292	1	0	1.0	0.3376156035164817
293037.39041326457	1000.0	925.4511200357879	0.0	0	0.0	2962.841533300292	1	0	1.0	0.3376156035164818
293661.6043517665	1000.0	1301.2371815338333	0.0	0	0.0	2962.8415333003504	1	0	1.0	1.0307627840764169
294292.5915948858	1000.0	1670.2499384145094	0.0	0	0.0	2962.8415333003504	1	0	1.0	1.0307627840764169
295139.17015836743	1000.0	1823.6713749328765	0.0	0	0.0	2962.8415333004086	1	0	1.0	1.0307627840764069
296519.20921790187	1000.0	1443.6323153984256	0.0	0	0.0	2962.8415333003504	1	0	1.0	1.0307627840764089
298319.38535674225	1000.0	643.4561765580322	0.0	0	0.0	2962.8415333003504	1	0	1.0	1.0307627840764169
299525.56641057174	1000.0	449.5398863635906	12.264763635051509	0	0.0	2975.106296935468	1	0	1.0	0.9550193365906848
300139.9974057344	1000.0	835.1088912009329	0.0	0	0.0	2975.106296935468	1	0	1.0	1.028607918400994
300881.4514114733	1000.0	1093.6548854620598	0.0	0	0.0	2975.106296935468	1	0	1.0	1.028607918400994
301617.7579351384	1000.0	1357.3483617968816	0.0	0	0.0	2975.106296935468	1	0	1.0	1.028607918400994
302894.70150843024	1000.0	1080.4047885050672	0.0	0	0.0	2975.106296935526	1	0	1.0	1.0286079184009878
304559.630332901	1000.0	415.4759640342336	0.0	0	0.0	2975.106296935526	1	0	1.0	1.0286079184009838
305036.04726817564	500.0	939.0590287595902	0.0	0	0.0	2975.106296935526	1	0	1.0	-0.3576864427189069
305956.72703707713	1000.0	1018.3792598580732	0.0	0	0.0	2975.106296935468	1	0	1.0	0.3354607378410487
307194.92965274316	1000.0	780.1766441919877	0.0	0	0.0	2975.106296935468	1	0	1.0	1.028607918400994
308355.7020749585	1000.0	619.4042219767174	0.0	0	0.0	2975.10629693541	1	0	1.0	1.0286079184010044
309574.334767902	1000.0	418.1916130362878	17.420084003083844	0	0.0	2992.526380938478	1	0	1.0	0.9209852739633198
310746.01653920417	1000.0	390.0135037226893	143.5036619884969	0	0.0	3136.0300429270137	1	0	1.0	0.136986650601022
311191.0432055284	500.0	944.9868373985224	0.0	0	0.0	3136.0300429270137	1	0	1.0	-0.3882857385878874
312049.242767447	1000.0	1086.7872754799002	0.0	0	0.0	3136.0300429270137	1	0	1.0	0.304861441972058
313224.7127082345	1000.0	911.3173346924557	0.0	0	0.0	3136.0300429270137	1	0	1.0	0.9980086225320034
314286.0324983057	1000.0	849.9975446211977	0.0	0	0.0	3136.030042927072	1	0	1.0	0.9980086225319916
315664.0547630485	1000.0	471.9752798784235	0.0	0	0.0	3136.030042927072	1	0	1.0	0.9980086225319845
316407.90040416876	500.0	728.1296387581882	0.0	0	0.0	3136.030042927072	1	0	1.0	-0.38828573858789917
317960.6170014522	1000.0	200.0	24.586958525141355	0	0.0	3160.6170014523086	1	0	1.0	0.1553017412968204
318693.7516486815	500.0	648.5844406704509	181.71908789971934	0	0.0	3342.3360893520294	1	0	1.0	-1.5248184586108189
0.8545454545454545	0.7985454545454544	0.8645454545454545	0.8765454545454545	0.8925454545454545	0.8745454545454545	0.8725454545454545	0.8985454545454545	0.9605454545454545	0.9465454545454545	0.9745454545454545	0.8925454545454545	0.8545454545454545	0.8825454545454545	0.8905454545454545	0.8705454545454545	0.9205454545454544	0.9245454545454544	0.9165454545454544	0.9445454545454545	0.9505454545454545	0.9525454545454545	0.9465454545454545	1.0225454545454544	1.0185454545454544	1.0785454545454545	0.9885454545454545	0.8505454545454545	1.0745454545454545	0.9585454545454545	0.9485454545454545	0.8885454545454545	0.9065454545454544	0.9445454545454545	0.9505454545454545	1.0445454545454544	1.0365454545454544	0.8865454545454545	0.8625454545454545	0.9145454545454544	0.8785454545454545	0.9325454545454545	0.9305454545454545	1.4649387755102041	0.8889387755102041	1.0449387755102042	0.6129387755102041	0.816938775510204	1.1529387755102043	1.344938775510204	0.864938775510204	0.864938775510204	1.1169387755102043	1.308938775510204	1.692938775510204	0.972938775510204	0.6969387755102041	1.0689387755102042	1.284938775510204	0.7329387755102041	0.972938775510204	0.6369387755102042	0.6249387755102042	0.9009387755102041	0.6969387755102041	0.816938775510204	1.332938775510204	0.804938775510204	0.7209387755102041	1.284938775510204	1.896938775510204	1.788938775510204	1.368938775510204	0.7089387755102041	0.49293877551020415	0.3369387755102041	0.5169387755102041	1.0329387755102042	0.7329387755102041	0.7929387755102042	1.0689387755102042	0.996938775510204	1.0209387755102042	0.4569387755102041	0.22893877551020425	0.36093877551020415	0.49293877551020415	0.5289387755102041	0.4329387755102041	0.49293877551020415	0.6609387755102041	0.7329387755102041	0.5	0.64	1.11	1.63	1.16	1.02	1.22	0.83	0.73	1.03	1.24	0.76	0.98	1.61	1.42	0.64	1.29	1.1	0.86	0.82	1.03	0.75	1.0	1.31	1.63	1.29	0.67	0.57	0.54	0.63	0.94	0.98	1.01	0.63	1.01	0.75	0.7	0.76	0.81	0.69	0.94	0.83	1.09	1.14	0.74	0.75	1.03	1.26	1.4164444444444446	1.1524444444444444	0.7684444444444445	0.5524444444444445	0.7924444444444445	1.0324444444444445	1.9444444444444446	1.5484444444444443	1.0324444444444445	0.9625454545454545	0.8545454545454545	0.7985454545454544	0.8645454545454545	0.8765454545454545	0.8925454545454545	0.8745454545454545	0.8725454545454545	0.8985454545454545	0.9605454545454545	0.9465454545454545	0.9745454545454545	0.8925454545454545	0.8545454545454545	0.8825454545454545	0.8905454545454545	0.8705454545454545	0.9205454545454544	0.9245454545454544	0.9165454545454544	0.9445454545454545	0.9505454545454545	0.9525454545454545	0.9465454545454545	1.0225454545454544	1.0185454545454544	1.0785454545454545	0.9885454545454545	0.8505454545454545	1.0745454545454545	0.9585454545454545	0.9485454545454545	0.8885454545454545	0.9065454545454544	0.9445454545454545	0.9505454545454545	1.0445454545454544	1.0365454545454544	0.8865454545454545	0.8625454545454545	0.9145454545454544	0.8785454545454545	0.9325454545454545	0.9305454545454545	1.4649387755102041	0.8889387755102041	1.0449387755102042	0.6129387755102041	0.816938775510204	1.1529387755102043	1.344938775510204	0.864938775510204	0.864938775510204	1.1169387755102043	1.308938775510204	1.692938775510204	0.972938775510204	0.6969387755102041	1.0689387755102042	1.284938775510204	0.7329387755102041	0.972938775510204	0.6369387755102042	0.6249387755102042	0.9009387755102041	0.6969387755102041	0.816938775510204	1.332938775510204	0.804938775510204	0.7209387755102041	1.284938775510204	1.896938775510204	1.788938775510204	1.368938775510204	0.7089387755102041	0.49293877551020415	0.3369387755102041	0.5169387755102041	1.0329387755102042	0.7329387755102041	0.7929387755102042	1.0689387755102042	0.996938775510204	1.0209387755102042	0.4569387755102041	0.22893877551020425	0.36093877551020415	0.49293877551020415	0.5289387755102041	0.4329387755102041	0.49293877551020415	0.6609387755102041	0.7329387755102041	0.5	0.64	1.11	1.63	1.16	1.02	1.22	0.83	0.73	1.03	1.24	0.76	0.98	1.61	1.42	0.64	1.29	1.1	0.86	0.82	1.03	0.75	1.0	1.31	1.63	1.29	0.67	0.57	0.54	0.63	0.94	0.98	1.01	0.63	1.01	0.75	0.7	0.76	0.81	0.69	0.94	0.83	1.09	1.14	0.74	0.75	1.03	1.26	1.4164444444444446	1.1524444444444444	0.7684444444444445	0.5524444444444445	0.7924444444444445	1.0324444444444445	1.9444444444444446	1.5484444444444443	1.0324444444444445	0.9625454545454545	0.8545454545454545	0.7985454545454544	0.8645454545454545	0.8765454545454545	0.8925454545454545	0.8745454545454545	0.8725454545454545	0.8985454545454545	0.9605454545454545	0.9465454545454545	0.9745454545454545	0.8925454545454545	0.8545454545454545	0.8825454545454545	0.8905454545454545	0.8705454545454545	0.9205454545454544
1.0	2.0	3.0	4.0	5.0	6.0	7.0	8.0	9.0	10.0	11.0	12.0	13.0	14.0	15.0	16.0	17.0	18.0	19.0	20.0	21.0	22.0	23.0	24.0	25.0	26.0	27.0	28.0	29.0	30.0	31.0	32.0	33.0	34.0	35.0	36.0	37.0	38.0	39.0	40.0	41.0	42.0	43.0	44.0	45.0	46.0	47.0	48.0	49.0	50.0	51.0	52.0	53.0	54.0	55.0	56.0	57.0	58.0	59.0	60.0	61.0	62.0	63.0	64.0	65.0	66.0	67.0	68.0	69.0	70.0	71.0	72.0	73.0	74.0	75.0	76.0	77.0	78.0	79.0	80.0	81.0	82.0	83.0	84.0	85.0	86.0	87.0	88.0	89.0	90.0	91.0	92.0	93.0	94.0	95.0	96.0	97.0	98.0	99.0	100.0	101.0	102.0	103.0	104.0	105.0	106.0	107.0	108.0	109.0	110.0	111.0	112.0	113.0	114.0	115.0	116.0	117.0	118.0	119.0	120.0	121.0	122.0	123.0	124.0	125.0	126.0	127.0	128.0	129.0	130.0	131.0	132.0	133.0	134.0	135.0	136.0	137.0	138.0	139.0	140.0	141.0	142.0	143.0	144.0	145.0	146.0	147.0	148.0	149.0	149.0	150.0	151.0	152.0	153.0	154.0	155.0	156.0	157.0	158.0	159.0	160.0	161.0	162.0	163.0	164.0	165.0	166.0	167.0	168.0	169.0	170.0	171.0	172.0	173.0	174.0	175.0	176.0	177.0	178.0	179.0	180.0	181.0	182.0	183.0	184.0	185.0	186.0	187.0	188.0	189.0	190.0	191.0	192.0	193.0	194.0	195.0	196.0	197.0	198.0	199.0	200.0	201.0	202.0	203.0	204.0	205.0	206.0	207.0	208.0	209.0	210.0	211.0	212.0	213.0	214.0	215.0	216.0	217.0	218.0	219.0	220.0	221.0	222.0	223.0	224.0	225.0	226.0	227.0	228.0	229.0	230.0	231.0	232.0	233.0	234.0	235.0	236.0	237.0	238.0	239.0	240.0	241.0	242.0	243.0	244.0	245.0	246.0	247.0	248.0	249.0	250.0	251.0	252.0	253.0	254.0	255.0	256.0	257.0	258.0	259.0	260.0	261.0	262.0	263.0	264.0	265.0	266.0	267.0	268.0	269.0	270.0	271.0	272.0	273.0	274.0	275.0	276.0	277.0	278.0	279.0	280.0	281.0	282.0	283.0	284.0	285.0	286.0	287.0	288.0	289.0	290.0	291.0	292.0	293.0	294.0	295.0	296.0	297.0	298.0	298.0	299.0	300.0	301.0	302.0	303.0	304.0	305.0	306.0	307.0	308.0	309.0	310.0	311.0	312.0	313.0	314.0	315.0
4420.322851377565
