3341.1224398394234	500.0	2000.0	194.64196156214578	0	0.0	3341.1224398394234	1	0	1.0	-1.4097264382484018
4229.972404079419	2000.0	2111.1500357600044	0.0	0	0.0	3341.1224398394234	1	0	1.0	0.25894031824545993
5091.165128536575	2000.0	2249.9573113028487	0.0	0	0.0	3341.1224398394234	1	0	1.0	1.6452346793653505
6249.1179499402315	3000.0	2092.004489899193	0.0	0	0.0	3341.1224398394243	1	0	1.0	1.6452346793653505
7834.906671690902	2000.0	1506.2157681485228	0.0	0	0.0	3341.1224398394243	1	0	1.0	1.239769571257186
8591.8643993928	2000.0	1749.2580404466241	0.0	0	0.0	3341.1224398394234	1	0	1.0	1.6452346793653505
9432.016269133508	2000.0	1909.1061707059166	0.0	0	0.0	3341.1224398394234	1	0	1.0	1.6452346793653507
10184.062627012567	2000.0	2157.0598128268593	0.0	0	0.0	3341.122439839425	1	0	1.0	1.6452346793653505
11836.857336686435	2000.0	1504.2651031529904	0.0	0	0.0	3341.1224398394243	1	0	1.0	1.6452346793653503
13381.340987018997	2000.0	959.781452820429	0.0	0	0.0	3341.1224398394243	1	0	1.0	1.6452346793653505
14920.860996709094	2000.0	420.2614431303329	0.0	0	0.0	3341.1224398394224	1	0	1.0	1.6452346793653507
15728.65106747675	1000.0	612.4713723626757	0.0	0	0.0	3341.1224398394224	1	0	1.0	0.2589403182454605
16380.166223755961	1000.0	960.9562160834669	0.0	0	0.0	3341.1224398394224	1	0	1.0	0.9520874988054057
17425.39185865899	2000.0	915.7305811804416	0.0	0	0.0	3341.122439839426	1	0	1.0	0.9520874988054052
17980.714857543084	2000.0	1360.4075822963457	0.0	0	0.0	3341.1224398394224	1	0	1.0	1.6452346793653505
18858.19761298313	2000.0	1482.9248268562947	0.0	0	0.0	3341.122439839417	1	0	1.0	1.6452346793653514
19394.261344944756	2000.0	1946.861094894672	0.0	0	0.0	3341.122439839419	1	0	1.0	1.6452346793653516
20153.850163747164	2000.0	2187.272276092264	0.0	0	0.0	3341.122439839419	1	0	1.0	1.6452346793653516
20872.632468242326	3000.0	2468.489971597103	0.0	0	0.0	3341.122439839419	1	0	1.0	1.645234679365352
21566.21986352591	3000.0	2774.9025763135173	0.0	0	0.0	3341.122439839419	1	0	1.0	2.0506997874735164
22200.0	3000.0	3141.12243983943	0.0	0	52.02024179531145	3341.122439839419	1	0	1.0	2.0506997874735164
23200.0	3000.0	3141.122439839433	0.0	0	230.5851469742047	3341.122439839419	1	0	1.0	2.0506997874735164
24299.62426524105	3000.0	3041.498174598386	0.0	0	0.0	3341.122439839419	1	0	1.0	2.0506997874735164
26404.898675335808	3000.0	1936.2237645036264	0.0	0	0.0	3341.122439839419	1	0	1.0	2.0506997874735164
27768.965761769105	3000.0	1572.15667807033	0.0	0	0.0	3341.1224398394224	1	0	1.0	2.0506997874735156
28866.080195268125	3000.0	1475.0422445713118	0.0	0	0.0	3341.1224398394224	1	0	1.0	2.0506997874735156
29386.50381700692	2000.0	1954.6186228325148	0.0	0	0.0	3341.1224398394224	1	0	1.0	1.2397695712571861
29976.569202307728	3000.0	2364.5532375317075	0.0	0	0.0	3341.1224398394224	1	0	1.0	1.645234679365351
31340.247073108814	3000.0	2000.8753667306225	0.0	0	0.0	3341.1224398394224	1	0	1.0	2.0506997874735156
32109.78795806902	3000.0	2231.334481770412	0.0	0	0.0	3341.1224398394224	1	0	1.0	2.0506997874735156
32838.407056362084	3000.0	2502.715383477349	0.0	0	0.0	3341.1224398394224	1	0	1.0	2.0506997874735156
33697.17669421952	3000.0	2643.9457456199116	0.0	0	0.0	3341.122439839419	1	0	1.0	2.0506997874735173
34453.97610562575	3000.0	2887.1463342136867	0.0	0	0.0	3341.1224398394297	1	0	1.0	2.050699787473515
35200.0	3000.0	3141.122439839435	0.0	0	27.03322647717141	3341.1224398394334	1	0	1.0	2.0506997874735133
36200.0	3000.0	3141.122439839434	0.0	0	132.66000367863307	3341.1224398394334	1	0	1.0	2.0506997874735133
37806.74157237957	6000.0	2534.3808674598663	0.0	0	0.0	3341.122439839426	1	0	1.0	2.0506997874735147
41740.76909731339	6000.0	200.0	599.6466574739476	0	0.0	3940.7690973133867	1	0	1.0	-0.8967797319812669
42999.32789688945	3000.0	382.7065560653738	441.26535564142677	0	0.0	4382.0344529548165	1	0	1.0	-1.6902062778153497
43845.54632637063	2000.0	545.8311494103333	9.343022826133847	0	0.0	2391.3774757809515	1	0	1.0	-4.660011442836943
45305.37354157977	2000.0	261.29807262250824	175.29413842131055	0	0.0	2566.6716142022633	1	0	1.0	0.7323760080595348
46233.825505920344	2000.0	546.589248844444	213.7431405624989	0	0.0	2780.4147547647663	1	0	1.0	0.47081038977818407
47228.61746086028	2000.0	551.7972939045153	0.0	0	0.0	2780.4147547647663	1	0	1.0	1.7532692331531776
48381.47860921044	2000.0	414.4088975059193	15.472751951567943	0	0.0	2795.8875067163317	1	0	1.0	1.6581289443603868
49210.44400131321	2000.0	585.4435054031455	0.0	0	0.0	2795.8875067163317	1	0	1.0	1.7509654560697947
50462.946816181015	2000.0	360.76450991552105	27.823819380187274	0	0.0	2823.7113260965125	1	0	1.0	1.5797962129446819
51303.96794523646	2000.0	569.5160812275903	49.77270036751821	0	0.0	2873.4840264640297	1	0	1.0	1.4402676680912658
52745.30663978932	2000.0	215.22810624669245	87.05071957196355	0	0.0	2960.5347460359917	1	0	1.0	1.2020082648735337
53237.68488278836	1000.0	770.2791105564088	47.42924730875495	0	0.0	3007.963993344769	1	0	1.0	0.04499279514627602
54185.82195003075	2000.0	822.1420433140112	0.0	0	0.0	3007.963993344769	1	0	1.0	1.0227154595587509
55161.9493205611	2000.0	846.0146727836698	0.0	0	0.0	3007.963993344769	1	0	1.0	1.715862640118696
55686.395697690576	2000.0	1321.568295654187	0.0	0	0.0	3007.963993344769	1	0	1.0	1.715862640118696
56385.963983607515	2000.0	1622.0000097372597	0.0	0	0.0	3007.963993344769	1	0	1.0	1.715862640118696
57184.96573812299	3000.0	1822.9982552217864	0.0	0	0.0	3007.963993344776	1	0	1.0	1.715862640118695
58496.13900796208	3000.0	1511.8249853826874	0.0	0	0.0	3007.963993344776	1	0	1.0	2.1213277482268595
60022.43937046706	3000.0	985.5246228777144	0.0	0	0.0	3007.963993344776	1	0	1.0	2.1213277482268595
60828.00837316229	2000.0	1179.955620182488	0.0	0	0.0	3007.963993344776	1	0	1.0	1.3103975320105303
61554.923859498376	2000.0	1453.0401338463987	0.0	0	0.0	3007.963993344769	1	0	1.0	1.715862640118696
62557.116595966996	2000.0	1450.847397377778	0.0	0	0.0	3007.963993344776	1	0	1.0	1.715862640118695
63215.21604377596	2000.0	1792.7479495688137	0.0	0	0.0	3007.963993344776	1	0	1.0	1.715862640118695
63966.029713699776	2000.0	2041.9342796449862	0.0	0	0.0	3007.963993344776	1	0	1.0	1.715862640118695
64722.5445264835	2000.0	2285.4194668612663	0.0	0	0.0	3007.963993344776	1	0	1.0	1.715862640118695
66219.68087222014	2000.0	1788.2831211246262	0.0	0	0.0	3007.9639933447834	1	0	1.0	1.7158626401186943
67208.71294599096	2000.0	1799.2510473538093	0.0	0	0.0	3007.963993344798	1	0	1.0	1.7158626401186927
69375.13459186789	2000.0	632.8294014768833	0.0	0	0.0	3007.9639933447907	1	0	1.0	1.7158626401186923
70460.44739848783	1000.0	552.788412078896	5.271817221972256	0	0.0	3013.2358105667663	1	0	1.0	0.2969755431895694
71199.75576376996	1000.0	813.4800467967493	0.0	0	0.0	3013.2358105667663	1	0	1.0	1.021753627081348
72433.05060927976	2000.0	580.1852012869617	0.0	0	0.0	3013.2358105667663	1	0	1.0	1.021753627081348
73313.40607627656	2000.0	699.82973429016	0.0	0	0.0	3013.2358105667663	1	0	1.0	1.7149008076412933
73960.15265957698	2000.0	1053.08315098974	0.0	0	0.0	3013.2358105667518	1	0	1.0	1.7149008076412957
74492.31368716346	2000.0	1520.922123403258	0.0	0	0.0	3013.2358105667518	1	0	1.0	1.7149008076412957
75487.18924398802	2000.0	1526.0465665786942	0.0	0	0.0	3013.235810566737	1	0	1.0	1.7149008076412986
77106.81906736719	2000.0	906.4167431995342	0.0	0	0.0	3013.2358105667518	1	0	1.0	1.7149008076412957
79227.3727504555	2000.0	200.0	414.136939888784	0	0.0	3427.372750455499	1	0	1.0	-0.815598546694924
80301.20956085417	1000.0	597.5071332558186	471.3439436544991	0	0.0	3898.7166941100004	1	0	1.0	-2.743236158394711
81375.01497738854	2000.0	523.7017167214296	0.0	0	0.0	3898.7166941100004	1	0	1.0	0.7779746840922277
82026.6416176761	2000.0	872.0750764338721	0.0	0	0.0	3898.7166941100004	1	0	1.0	1.4711218646521729
83093.8883003606	2000.0	804.8283937493712	0.0	0	0.0	3898.7166941100004	1	0	1.0	1.4711218646521729
84547.56529990764	2000.0	351.15139420232634	0.0	0	0.0	3898.7166941100004	1	0	1.0	1.4711218646521729
85469.76166999072	2000.0	484.61442771669573	55.6594035974548	0	0.0	3954.3760977074708	1	0	1.0	1.1150728200227469
86571.27795922212	2000.0	476.43394322537176	93.33580474009433	0	0.0	4047.7119024475105	1	0	1.0	0.8497793342777658
87806.18969435937	2000.0	389.82777961387467	148.30557152574102	0	0.0	4196.017473973261	1	0	1.0	0.4517091853053874
89302.11112577254	2000.0	208.484808305987	314.57846010528897	0	0.0	2510.5959340785485	1	0	1.0	-6.098556836625846
89809.38225943845	1000.0	725.5360790940114	24.322404453946547	0	0.0	2534.9183385325014	1	0	1.0	0.2534926459321819
90869.86799448325	2000.0	665.050344049216	0.0	0	0.0	2534.9183385325014	1	0	1.0	1.0925742532158065
91425.81018023021	2000.0	1109.108158302248	0.0	0	0.0	2534.9183385325014	1	0	1.0	1.7857214337757514
92289.17637811064	2000.0	1245.7419604218276	0.0	0	0.0	2534.918338532516	1	0	1.0	1.7857214337757499
93002.53913943005	2000.0	1532.379199102396	0.0	0	0.0	2534.918338532516	1	0	1.0	1.7857214337757499
93702.93453535797	2000.0	1831.9838031744944	0.0	0	0.0	2534.9183385325305	1	0	1.0	1.7857214337757479
94631.10381625115	2000.0	1903.8145222813055	0.0	0	0.0	2534.9183385325305	1	0	1.0	1.7857214337757479
95379.04218105054	2000.0	2155.8761574819196	0.0	0	0.0	2534.918338532516	1	0	1.0	1.7857214337757499
96240.17260690212	2000.0	2294.7457316303453	0.0	0	0.0	2534.9183385325014	1	0	1.0	1.7857214337757514
97200.0	2000.0	2334.9183385324804	0.0	0	64.93991831317544	2534.9183385325014	1	0	1.0	1.7857214337757514
98200.0	2000.0	2334.9183385324764	0.0	0	61.99735310811957	2534.918338532516	1	0	1.0	1.7857214337757499
99451.36666303637	2000.0	2083.551675496115	0.0	0	0.0	2534.918338532516	1	0	1.0	1.7857214337757499
100474.34907866384	2000.0	2060.569259868647	0.0	0	0.0	2534.9183385325305	1	0	1.0	1.7857214337757479
101200.0	2000.0	2334.918338532492	0.0	0	12.430816571039031	2534.918338532516	1	0	1.0	1.7857214337757499
102433.62142824642	2000.0	2101.2969102860598	0.0	0	0.0	2534.9183385325014	1	0	1.0	1.7857214337757514
103275.1903365577	2000.0	2259.7280019747823	0.0	0	0.0	2534.9183385325014	1	0	1.0	1.7857214337757514
104282.28342057056	2000.0	2252.6349179619056	0.0	0	0.0	2534.918338532487	1	0	1.0	1.7857214337757532
105200.0	2000.0	2334.9183385324773	0.0	0	70.55278236573213	2534.918338532487	1	0	1.0	1.7857214337757532
106337.81624110189	2000.0	2197.1020974306102	0.0	0	0.0	2534.9183385325014	1	0	1.0	1.7857214337757514
107200.0	2000.0	2334.9183385324923	0.0	0	88.5207409451832	2534.9183385325014	1	0	1.0	1.7857214337757514
108200.0	2000.0	2334.9183385324873	0.0	0	383.96106692036847	2534.9183385325014	1	0	1.0	1.7857214337757514
109200.0	2000.0	2334.918338532501	0.0	0	120.66781581488613	2534.9183385325014	1	0	1.0	1.7857214337757514
110200.0	3000.0	2334.918338532488	0.0	0	213.84422742880997	2534.9183385325014	1	0	1.0	1.7857214337757517
111200.0	3000.0	2334.9183385325136	0.0	0	123.08574795817549	2534.9183385325014	1	0	1.0	2.1911865418839165
112200.0	3000.0	2334.9183385325227	0.0	0	159.83226625468524	2534.9183385325014	1	0	1.0	2.1911865418839165
113200.0	3000.0	2334.9183385325214	0.0	0	195.8839374917443	2534.9183385325014	1	0	1.0	2.1911865418839165
115157.21175259812	3000.0	1377.7065859344048	0.0	0	0.0	2534.918338532487	1	0	1.0	2.191186541883918
116834.69889154067	3000.0	700.2194469918303	0.0	0	0.0	2534.918338532487	1	0	1.0	2.191186541883918
117429.05148434886	2000.0	1105.8668541836532	0.0	0	0.0	2534.918338532487	1	0	1.0	1.3802563256675886
118058.79966041101	2000.0	1476.1186781215008	0.0	0	0.0	2534.918338532487	1	0	1.0	1.7857214337757532
118979.83809249998	2000.0	1555.0802460325126	0.0	0	0.0	2534.9183385324723	1	0	1.0	1.785721433775755
119803.72187106442	2000.0	1731.196467468077	0.0	0	0.0	2534.9183385324723	1	0	1.0	1.785721433775755
120441.37661022981	2000.0	2093.5417283026763	0.0	0	0.0	2534.9183385324577	1	0	1.0	1.7857214337757565
121420.62826331767	3000.0	2114.2900752148225	0.0	0	0.0	2534.9183385324577	1	0	1.0	1.7857214337757568
122655.66063024262	2000.0	1879.2577082898806	0.0	0	0.0	2534.9183385324577	1	0	1.0	1.380256325667592
123782.48703211112	2000.0	1752.4313064213864	0.0	0	0.0	2534.9183385324577	1	0	1.0	1.7857214337757565
124941.15479317827	2000.0	1593.7635453542434	0.0	0	0.0	2534.9183385324577	1	0	1.0	1.7857214337757565
125978.80510575457	2000.0	1556.1132327779342	0.0	0	0.0	2534.9183385324577	1	0	1.0	1.7857214337757565
126607.3685412894	2000.0	1927.549797243102	0.0	0	0.0	2534.9183385324577	1	0	1.0	1.7857214337757565
127244.53700081476	2000.0	2290.3813377177307	0.0	0	0.0	2534.9183385324577	1	0	1.0	1.7857214337757565
128285.82730265724	3000.0	2249.0910358752512	0.0	0	0.0	2534.9183385324723	1	0	1.0	1.785721433775755
129440.59421614629	3000.0	2094.324122386214	0.0	0	0.0	2534.9183385324723	1	0	1.0	2.1911865418839196
130877.52727452361	3000.0	1657.3910640088798	0.0	0	0.0	2534.9183385324723	1	0	1.0	2.1911865418839196
132198.2935860657	3000.0	1336.624752466787	0.0	0	0.0	2534.9183385324723	1	0	1.0	2.1911865418839187
133333.26438572357	2000.0	1201.653952808928	0.0	0	0.0	2534.9183385324723	1	0	1.0	1.38025632566759
134264.46752756194	2000.0	1270.4508109705664	0.0	0	0.0	2534.9183385324723	1	0	1.0	1.785721433775755
134944.857518307	2000.0	1590.0608202255153	0.0	0	0.0	2534.9183385324723	1	0	1.0	1.785721433775755
135530.83236516526	2000.0	2004.085973367267	0.0	0	0.0	2534.9183385324723	1	0	1.0	1.785721433775755
136432.76823728267	2000.0	2102.1501012498834	0.0	0	0.0	2534.918338532443	1	0	1.0	1.785721433775758
137793.57789891554	2000.0	1741.340439617024	0.0	0	0.0	2534.918338532443	1	0	1.0	1.785721433775758
139507.53611549718	2000.0	1027.3822230353585	0.0	0	0.0	2534.918338532443	1	0	1.0	1.785721433775758
140245.71861657075	1000.0	1289.1997219617454	0.0	0	0.0	2534.918338532443	1	0	1.0	0.3994270726558681
141300.1231386098	2000.0	1234.7951999226843	0.0	0	0.0	2534.918338532443	1	0	1.0	1.0925742532158131
142183.67295200488	2000.0	1351.2453865276016	0.0	0	0.0	2534.918338532443	1	0	1.0	1.785721433775758
142706.67112122796	2000.0	1828.2472173045167	0.0	0	0.0	2534.918338532443	1	0	1.0	1.785721433775758
143664.53821151002	2000.0	1870.3801270224617	0.0	0	0.0	2534.9183385324723	1	0	1.0	1.785721433775755
144929.87200348746	2000.0	1605.0463350450127	0.0	0	0.0	2534.918338532443	1	0	1.0	1.785721433775758
146526.2964644499	2000.0	1008.6218740825898	0.0	0	0.0	2534.9183385324723	1	0	1.0	1.785721433775755
147402.99618806312	1000.0	1131.9221504693433	0.0	0	0.0	2534.9183385324723	1	0	1.0	0.3994270726558646
148100.5363447591	1000.0	1434.3819937733545	0.0	0	0.0	2534.9183385324723	1	0	1.0	1.0925742532158098
148762.1668916628	1000.0	1772.7514468697038	0.0	0	0.0	2534.9183385325014	1	0	1.0	1.0925742532158065
149394.7662750823	1000.0	2140.1520634502112	0.0	0	0.0	2534.9183385325014	1	0	1.0	1.0925742532158065
150580.03562500124	2000.0	1954.8827135312763	0.0	0	0.0	2534.9183385325305	1	0	1.0	1.0925742532158027
151802.01972437312	2000.0	1732.8986141593987	0.0	0	0.0	2534.9183385325596	1	0	1.0	1.7857214337757445
152440.28275207203	2000.0	2094.6355864605057	0.0	0	0.0	2534.9183385325887	1	0	1.0	1.7857214337757412
153200.0	2000.0	2334.9183385325264	0.0	0	129.3588162100059	2534.9183385325887	1	0	1.0	1.7857214337757412
154223.5839767343	2000.0	2311.3343617981955	0.0	0	0.0	2534.9183385325887	1	0	1.0	1.7857214337757412
155663.7087360249	3000.0	1871.209602507588	0.0	0	0.0	2534.9183385325887	1	0	1.0	1.7857214337757414
156802.62873138848	2000.0	1732.2896071440578	0.0	0	0.0	2534.9183385325887	1	0	1.0	1.3802563256675766
157886.6218444057	2000.0	1648.2964941268779	0.0	0	0.0	2534.9183385325887	1	0	1.0	1.7857214337757412
158661.08982561916	2000.0	1873.8285129133915	0.0	0	0.0	2534.918338532618	1	0	1.0	1.7857214337757379
159877.96979018374	2000.0	1656.948548348804	0.0	0	0.0	2534.918338532618	1	0	1.0	1.7857214337757379
161362.5915425777	2000.0	1172.3267959548484	0.0	0	0.0	2534.918338532618	1	0	1.0	1.7857214337757379
162890.66573914196	2000.0	644.2525993906254	0.0	0	0.0	2534.918338532676	1	0	1.0	1.7857214337757317
164146.42792345426	1000.0	442.7783498268617	54.287934748536486	0	0.0	2589.206273281219	1	0	1.0	0.06714918098402017
164768.59494637797	1000.0	820.611326903125	0.0	0	0.0	2589.206273281219	1	0	1.0	1.0860239700351844
165233.32591818672	1000.0	1355.8803550943817	0.0	0	0.0	2589.206273281219	1	0	1.0	1.0860239700351844
166267.95978328752	2000.0	1321.246489993601	0.0	0	0.0	2589.206273281219	1	0	1.0	1.0860239700351846
167188.2522096519	2000.0	1400.9540636292268	0.0	0	0.0	2589.206273281219	1	0	1.0	1.7791711505951295
167804.50037586744	2000.0	1784.7058974136653	0.0	0	0.0	2589.206273281219	1	0	1.0	1.7791711505951295
168575.32388281968	2000.0	2013.8823904614087	0.0	0	0.0	2589.206273281219	1	0	1.0	1.7791711505951295
169670.96260141654	3000.0	1918.2436718645524	0.0	0	0.0	2589.206273281219	1	0	1.0	1.7791711505951298
170398.5405524482	3000.0	2190.6657208328916	0.0	0	0.0	2589.2062732812483	1	0	1.0	2.184636258703291
171285.00059709873	3000.0	2304.2056761823414	0.0	0	0.0	2589.206273281219	1	0	1.0	2.1846362587032937
172200.0	3000.0	2389.2062732810496	0.0	0	51.21077424415853	2589.20627328119	1	0	1.0	2.184636258703298
174005.32870469903	3000.0	1583.8775685820037	0.0	0	0.0	2589.206273281161	1	0	1.0	2.1846362587032986
175709.62977414543	3000.0	879.5764991356315	0.0	0	0.0	2589.206273281161	1	0	1.0	2.1846362587033012
176555.9501507989	3000.0	1033.2561224821418	0.0	0	0.0	2589.206273281132	1	0	1.0	2.1846362587033052
177111.05717894828	2000.0	1478.1490943327638	0.0	0	0.0	2589.2062732811028	1	0	1.0	1.3737060424869783
177838.8955046291	2000.0	1750.3107686519033	0.0	0	0.0	2589.2062732810737	1	0	1.0	1.7791711505951473
178700.62872600614	3000.0	1888.5775472748537	0.0	0	0.0	2589.2062732810737	1	0	1.0	1.7791711505951477
179607.6546869426	3000.0	1981.5515863383573	0.0	0	0.0	2589.2062732810737	1	0	1.0	2.1846362587033124
180506.57033313203	3000.0	2082.635940148924	0.0	0	0.0	2589.2062732810737	1	0	1.0	2.1846362587033124
181458.81507278373	3000.0	2130.391200497249	0.0	0	0.0	2589.2062732810737	1	0	1.0	2.1846362587033124
182275.065914997	3000.0	2314.140358284012	0.0	0	0.0	2589.2062732810737	1	0	1.0	2.1846362587033124
183318.0688038033	3000.0	2271.1374694776873	0.0	0	0.0	2589.2062732810446	1	0	1.0	2.184636258703316
184355.2706743687	3000.0	2233.9355989123087	0.0	0	0.0	2589.2062732810737	1	0	1.0	2.1846362587033124
185200.0	3000.0	2389.206273280964	0.0	0	207.39415843383176	2589.2062732810737	1	0	1.0	2.1846362587033124
186200.0	3000.0	2389.2062732809673	0.0	0	301.28431928678765	2589.2062732810446	1	0	1.0	2.184636258703316
188569.42774651144	6000.0	1019.7785267695438	0.0	0	0.0	2589.2062732810155	1	0	1.0	2.1846362587033172
190840.85133631912	3000.0	200.0	451.64506303811595	0	0.0	3040.851336319116	1	0	1.0	-1.2550681599545435
191591.6941102215	2000.0	596.1352680414191	146.9780419438152	0	0.0	3187.829378262919	1	0	1.0	0.39299699447126296
192445.5712663661	2000.0	742.2581118968046	0.0	0	0.0	3187.829378262919	1	0	1.0	1.680330354242319
193281.99589175533	2000.0	905.8334865075773	0.0	0	0.0	3187.829378262919	1	0	1.0	1.680330354242319
194511.71042409813	2000.0	676.1189541647766	0.0	0	0.0	3187.829378262919	1	0	1.0	1.680330354242319
195349.11514462545	2000.0	838.7142336374427	0.0	0	0.0	3187.829378262919	1	0	1.0	1.680330354242319
196379.7374682607	2000.0	808.0919100021794	0.0	0	0.0	3187.829378262919	1	0	1.0	1.680330354242319
197257.9028206962	2000.0	929.9265575666341	0.0	0	0.0	3187.829378262919	1	0	1.0	1.680330354242319
198210.11209586306	2000.0	977.7172823997961	0.0	0	0.0	3187.829378262919	1	0	1.0	1.680330354242319
199416.2276821476	2000.0	771.6016961152819	0.0	0	0.0	3187.829378262948	1	0	1.0	1.680330354242313
200728.75197909982	2000.0	459.07739916310163	0.0	0	0.0	3187.829378262948	1	0	1.0	1.680330354242313
201963.6713972671	2000.0	356.0354390411095	131.8774580452898	0	0.0	3319.7068363082362	1	0	1.0	0.8591606288760127
202864.2287408404	2000.0	559.8889435072645	104.41084803945023	0	0.0	3424.1176843476715	1	0	1.0	0.9977181282402984
203641.1118584788	2000.0	783.005825868865	0.0	0	0.0	3424.1176843476424	1	0	1.0	1.6241832164770076
204217.87210446876	2000.0	1206.2455798789147	0.0	0	0.0	3424.1176843476715	1	0	1.0	1.6241832164769998
204842.61122035983	2000.0	1581.506463987805	0.0	0	0.0	3424.1176843476715	1	0	1.0	1.6241832164769998
205527.51740292902	2000.0	1896.6002814186018	0.0	0	0.0	3424.1176843476715	1	0	1.0	1.6241832164769998
206544.72614927575	3000.0	1879.3915350718466	0.0	0	0.0	3424.1176843476715	1	0	1.0	1.6241832164770003
207537.50698073526	3000.0	1886.610703612342	0.0	0	0.0	3424.1176843477006	1	0	1.0	2.0296483245851586
208834.71492189824	3000.0	1589.4027624493856	0.0	0	0.0	3424.1176843477006	1	0	1.0	2.029648324585157
210434.50841568265	3000.0	989.6092686649306	0.0	0	0.0	3424.1176843477006	1	0	1.0	2.029648324585157
211416.36805610266	2000.0	1007.7496282449081	0.0	0	0.0	3424.1176843477006	1	0	1.0	1.2187181083688277
212184.33999297008	2000.0	1239.7776913775158	0.0	0	0.0	3424.1176843476715	1	0	1.0	1.6241832164769998
212848.35152424077	2000.0	1575.7661601068316	0.0	0	0.0	3424.1176843476715	1	0	1.0	1.6241832164769998
213735.0878089927	2000.0	1689.0298753548766	0.0	0	0.0	3424.1176843476424	1	0	1.0	1.6241832164770076
215014.9289624014	2000.0	1409.1887219461637	0.0	0	0.0	3424.1176843476424	1	0	1.0	1.6241832164770076
216395.76901039528	2000.0	1028.3486739522923	0.0	0	0.0	3424.1176843476715	1	0	1.0	1.6241832164769998
218379.77798359288	2000.0	200.0	155.6602992452936	0	0.0	3579.7779835929396	1	0	1.0	0.6780311336259388
219333.5521366866	1000.0	562.5224223281023	316.29657542183395	0	0.0	3896.0745590147853	1	0	1.0	-1.8119268327697062
220540.28559750455	2000.0	431.46829404333073	75.67933253317011	0	0.0	3971.75389154788	1	0	1.0	0.2947112453384497
221388.20563368045	2000.0	624.489888434731	40.94163056727775	0	0.0	4012.6955221151293	1	0	1.0	1.1791913834529804
222259.636229827	2000.0	753.0592922882216	0.0	0	0.0	4012.6955221151293	1	0	1.0	1.424841166856647
222898.15533967438	2000.0	1114.540182440854	0.0	0	0.0	4012.6955221151584	1	0	1.0	1.424841166856635
223761.27630639015	2000.0	1251.4192157250848	0.0	0	0.0	4012.6955221151584	1	0	1.0	1.424841166856635
224905.48693130867	2000.0	1107.2085908065815	0.0	0	0.0	4012.6955221151584	1	0	1.0	1.424841166856635
226135.0225022582	2000.0	877.6730198570374	0.0	0	0.0	4012.6955221151875	1	0	1.0	1.4248411668566225
228445.00172960002	2000.0	200.0	632.3062074847735	0	0.0	4645.001729599986	1	0	1.0	-2.5721778415017207
228899.0269805182	300.0	775.9268280246271	29.952078942787324	0	0.0	2674.9538085427776	1	0	1.0	-8.205829491254573
229459.64254899826	1000.0	1215.3112595445261	0.0	0	0.0	2674.9538085427484	1	0	1.0	-0.12899703271196217
230533.51764157743	2000.0	1141.4361669653358	0.0	0	0.0	2674.9538085427484	1	0	1.0	1.0749757716139738
231293.61824443628	2000.0	1381.335564106479	0.0	0	0.0	2674.9538085427484	1	0	1.0	1.7681229521739188
232600.24404237402	2000.0	1074.7097661687365	0.0	0	0.0	2674.9538085427484	1	0	1.0	1.7681229521739188
234051.1926977978	2000.0	623.7611107449934	0.0	0	0.0	2674.9538085427484	1	0	1.0	1.7681229521739188
235521.8669872954	2000.0	328.0879485873517	175.00112733999856	0	0.0	2849.9549358827644	1	0	1.0	0.6926457031305882
236903.2679557995	2000.0	247.33251303777448	300.6455329544977	0	0.0	3150.6004688372486	1	0	1.0	-0.1157121782717917
237398.89597615614	1000.0	751.7044926811268	0.0	0	0.0	3150.6004688372486	1	0	1.0	0.30186665833530435
238038.82816691068	1000.0	1111.7723019265813	0.0	0	0.0	3150.6004688372486	1	0	1.0	0.9950138388952495
239185.6980218293	2000.0	964.90244700794	0.0	0	0.0	3150.6004688371904	1	0	1.0	0.9950138388952579
240187.40859628902	2000.0	963.1918725482224	0.0	0	0.0	3150.6004688372195	1	0	1.0	1.6881610194552032
241060.53384206764	2000.0	1090.0666267695854	0.0	0	0.0	3150.6004688371904	1	0	1.0	1.688161019455202
241700.5134732289	2000.0	1450.0869956083288	0.0	0	0.0	3150.6004688371904	1	0	1.0	1.6881610194552066
242344.80741554342	2000.0	1805.7930532937885	0.0	0	0.0	3150.6004688371613	1	0	1.0	1.6881610194552126
243150.83907013672	2000.0	1999.7613987004438	0.0	0	0.0	3150.600468837132	1	0	1.0	1.6881610194552188
244380.46740321122	2000.0	1770.133065625935	0.0	0	0.0	3150.600468837132	1	0	1.0	1.6881610194552188
245342.50983990295	2000.0	1808.0906289342222	0.0	0	0.0	3150.600468837103	1	0	1.0	1.6881610194552232
246391.13198902368	2000.0	1759.4684798135033	0.0	0	0.0	3150.600468837103	1	0	1.0	1.6881610194552246
247448.01654512013	2000.0	1702.58392371705	0.0	0	0.0	3150.600468837103	1	0	1.0	1.6881610194552246
248675.1882591547	2000.0	1475.4122096824892	0.0	0	0.0	3150.600468837103	1	0	1.0	1.6881610194552246
249768.06449675528	2000.0	1382.5359720819401	0.0	0	0.0	3150.600468837103	1	0	1.0	1.6881610194552246
250553.15261886618	2000.0	1597.4478499710433	0.0	0	0.0	3150.600468837132	1	0	1.0	1.6881610194552188
251582.9557790177	2000.0	1567.6446898195147	0.0	0	0.0	3150.600468837103	1	0	1.0	1.6881610194552246
252724.459325982	2000.0	1426.1411428552265	0.0	0	0.0	3150.600468837103	1	0	1.0	1.6881610194552246
253588.9294694257	2000.0	1561.6709994115195	0.0	0	0.0	3150.600468837132	1	0	1.0	1.6881610194552188
254531.82723290098	2000.0	1618.773235936253	0.0	0	0.0	3150.600468837132	1	0	1.0	1.6881610194552188
255444.31395088256	2000.0	1706.2865179546484	0.0	0	0.0	3150.600468837132	1	0	1.0	1.6881610194552188
256546.6285545111	2000.0	1603.9719143260932	0.0	0	0.0	3150.600468837074	1	0	1.0	1.6881610194552297
257399.76829422417	2000.0	1750.8321746130086	0.0	0	0.0	3150.600468837074	1	0	1.0	1.6881610194552308
258235.04692564163	2000.0	1915.5535431955302	0.0	0	0.0	3150.600468837074	1	0	1.0	1.6881610194552308
258923.99364329528	2000.0	2226.606825541861	0.0	0	0.0	3150.600468837074	1	0	1.0	1.6881610194552308
259581.3215569144	2000.0	2569.2789119227255	0.0	0	0.0	3150.600468837074	1	0	1.0	1.6881610194552308
260370.21888895854	3000.0	2780.381579878566	0.0	0	0.0	3150.600468837074	1	0	1.0	1.6881610194552308
261200.0	3000.0	2950.6004688370963	0.0	0	60.385705076070735	3150.600468837045	1	0	1.0	2.093626127563398
262782.3860433841	3000.0	2368.214425453006	0.0	0	0.0	3150.600468837045	1	0	1.0	2.093626127563403
264293.9567863526	3000.0	1856.6436824845612	0.0	0	0.0	3150.600468837132	1	0	1.0	2.093626127563389
265811.46065706195	3000.0	1339.1398117752394	0.0	0	0.0	3150.600468837074	1	0	1.0	2.093626127563392
266687.5747613879	2000.0	1463.025707449322	0.0	0	0.0	3150.600468837132	1	0	1.0	1.2826959113470542
267214.1491438222	2000.0	1936.4513250150553	0.0	0	0.0	3150.600468837132	1	0	1.0	1.6881610194552188
268040.6741805041	2000.0	2109.9262883331453	0.0	0	0.0	3150.600468837132	1	0	1.0	1.6881610194552188
269052.2331089661	3000.0	2098.3673598712003	0.0	0	0.0	3150.600468837132	1	0	1.0	1.688161019455219
270455.89438652515	3000.0	1694.7060823121938	0.0	0	0.0	3150.6004688371904	1	0	1.0	2.093626127563372
271340.89752097026	2000.0	1809.702947867112	0.0	0	0.0	3150.6004688371904	1	0	1.0	1.282695911347042
272558.3255166415	2000.0	1592.274952195845	0.0	0	0.0	3150.600468837132	1	0	1.0	1.6881610194552188
273875.1682805085	2000.0	1275.4321883288444	0.0	0	0.0	3150.600468837132	1	0	1.0	1.6881610194552188
274790.6513557171	2000.0	1359.9491131202722	0.0	0	0.0	3150.600468837132	1	0	1.0	1.6881610194552188
275622.9362723294	2000.0	1527.6641965079475	0.0	0	0.0	3150.600468837132	1	0	1.0	1.6881610194552188
276137.4118121118	2000.0	2013.1886567254758	0.0	0	0.0	3150.600468837132	1	0	1.0	1.6881610194552188
276660.02866453293	2000.0	2490.5718043043685	0.0	0	0.0	3150.600468837132	1	0	1.0	1.6881610194552188
277530.95938026323	3000.0	2619.641088574063	0.0	0	0.0	3150.6004688371904	1	0	1.0	1.688161019455207
278681.54681070236	3000.0	2469.053658134951	0.0	0	0.0	3150.600468837132	1	0	1.0	2.0936261275633834
279713.13306711055	3000.0	2437.4674017268144	0.0	0	0.0	3150.600468837132	1	0	1.0	2.0936261275633834
280837.07979918	3000.0	2313.5206696573537	0.0	0	0.0	3150.600468837074	1	0	1.0	2.0936261275633954
282561.63582146296	3000.0	1588.9646473744144	0.0	0	0.0	3150.600468837074	1	0	1.0	2.0936261275633954
283376.9408621013	2000.0	1773.6596067359806	0.0	0	0.0	3150.600468837074	1	0	1.0	1.2826959113470662
284131.9709858816	2000.0	2018.6294829557123	0.0	0	0.0	3150.600468837074	1	0	1.0	1.6881610194552308
285050.0739337185	2000.0	2100.526535118795	0.0	0	0.0	3150.600468837132	1	0	1.0	1.6881610194552188
286083.07351385703	2000.0	2067.5269549802542	0.0	0	0.0	3150.600468837132	1	0	1.0	1.6881610194552188
288145.724061511	2000.0	1004.8764073262954	0.0	0	0.0	3150.600468837132	1	0	1.0	1.6881610194552188
289376.51191958145	2000.0	774.0885492558622	0.0	0	0.0	3150.600468837132	1	0	1.0	1.6881610194552188
290253.94796394295	2000.0	896.6525048943705	0.0	0	0.0	3150.600468837132	1	0	1.0	1.6881610194552188
290911.21034730755	2000.0	1239.3901215297897	0.0	0	0.0	3150.600468837132	1	0	1.0	1.6881610194552188
291841.60265759134	2000.0	1308.997811246064	0.0	0	0.0	3150.600468837074	1	0	1.0	1.6881610194552308
293180.6849483144	2000.0	969.915520523016	0.0	0	0.0	3150.6004688369576	1	0	1.0	1.688161019455245
294550.45114954887	2000.0	600.1493192885807	0.0	0	0.0	3150.6004688369576	1	0	1.0	1.6881610194552548
296644.7988549307	2000.0	200.0	694.1983860932462	0	0.0	3844.7988549306756	1	0	1.0	-2.652065142816179
297947.52569599374	2000.0	284.6421067010858	387.36894776418495	0	0.0	4232.167802694836	1	0	1.0	-1.0004517033189693
298151.54316945927	300.0	1080.6246332355481	0.0	0	0.0	2232.1678026948357	1	0	1.0	-7.977551230613014
298755.0942155691	1000.0	1477.0735871257514	0.0	0	0.0	2232.1678026948357	1	0	1.0	-0.08043124572713312
299936.1988109785	2000.0	1295.968991716346	0.0	0	0.0	2232.167802694894	1	0	1.0	1.1235415585987978
300816.03882211103	2000.0	1416.128980583894	0.0	0	0.0	2232.167802694894	1	0	1.0	1.816688739158743
301772.39242110396	2000.0	1459.7753815909432	0.0	0	0.0	2232.167802694894	1	0	1.0	1.816688739158743
302494.0982772809	2000.0	1738.0695254139805	0.0	0	0.0	2232.167802694894	1	0	1.0	1.816688739158743
303419.6616559205	2000.0	1812.506146774409	0.0	0	0.0	2232.167802694894	1	0	1.0	1.816688739158743
304200.0	2000.0	2032.167802694898	0.0	0	127.14083062770078	2232.167802694894	1	0	1.0	1.816688739158743
305439.4744146188	2000.0	1792.6933880760878	0.0	0	0.0	2232.167802694952	1	0	1.0	1.81668873915874
306267.18861757196	2000.0	1964.9791851229454	0.0	0	0.0	2232.1678026950103	1	0	1.0	1.8166887391587339
307200.0	2000.0	2032.1678026948657	0.0	0	202.43895939394133	2232.1678026950103	1	0	1.0	1.8166887391587327
308212.3412309159	2000.0	2019.8265717789045	0.0	0	115.30545916914707	2232.1678026950103	1	0	1.0	1.8166887391587327
2.793772727272727	2.1097727272727274	3.129772727272727	1.6297727272727274	1.7137727272727274	2.1937727272727274	3.105772727272727	1.6057727272727274	1.1497727272727272	1.749772727272727	1.4137727272727274	0.7897727272727275	1.4737727272727272	2.1097727272727274	2.829772727272727	2.9617727272727272	3.249772727272727	3.5737727272727273	4.185772727272727	4.929772727272727	2.553772727272727	1.2457727272727273	1.5937727272727273	2.481772727272727	3.1177727272727274	3.7657727272727275	4.185772727272727	2.745772727272727	2.925772727272727	3.7417727272727275	3.921772727272727	3.801772727272727	4.221772727272727	5.061772727272727	4.929772727272727	2.4697727272727272	2.1697727272727274	0.9457727272727272	1.3297727272727273	2.0377727272727273	2.505772727272727	1.4497727272727272	1.9297727272727272	2.6468181818181815	2.1428181818181815	2.202818181818182	2.154818181818182	1.8428181818181817	1.8788181818181817	1.6028181818181817	2.1668181818181815	2.562818181818182	3.3908181818181817	4.1708181818181815	3.558818181818182	1.6028181818181817	2.154818181818182	2.3228181818181817	2.1908181818181816	2.958818181818182	3.0668181818181814	2.778818181818182	1.2788181818181816	1.830818181818182	1.6748181818181818	0.894818181818182	0.9668181818181818	1.4468181818181818	1.818818181818182	2.706818181818182	2.6948181818181816	3.1148181818181815	2.1428181818181815	1.2548181818181816	1.0148181818181818	0.7148181818181818	0.930818181818182	2.010818181818182	2.502818181818182	2.3588181818181817	1.7228181818181818	1.7108181818181818	1.5548181818181819	1.7948181818181819	1.7948181818181819	1.7228181818181818	1.8428181818181817	2.37	3.16	3.15	2.4	1.87	2.47	2.99	2.14	2.07	2.29	2.51	2.05	2.12	2.53	2.43	2.17	2.2	2.57	2.72	3.2	3.72	3.56	3.28	1.67	1.91	2.29	2.46	3.06	3.06	3.38	3.24	1.83	2.2	1.61	2.28	2.24	2.92	3.45	3.74	2.22	2.68	2.49	2.09	2.48	2.91	2.64	1.8	0.8999999999999999	1.11	1.29	1.82	2.44	2.93	2.22	1.38	1.45	1.0	1.45	1.31	1.63	1.6	1.81	2.817772727272727	2.793772727272727	2.1097727272727274	3.129772727272727	1.6297727272727274	1.7137727272727274	2.1937727272727274	3.105772727272727	1.6057727272727274	1.1497727272727272	1.749772727272727	1.4137727272727274	0.7897727272727275	1.4737727272727272	2.1097727272727274	2.829772727272727	2.9617727272727272	3.249772727272727	3.5737727272727273	4.185772727272727	4.929772727272727	2.553772727272727	1.2457727272727273	1.5937727272727273	2.481772727272727	3.1177727272727274	3.7657727272727275	4.185772727272727	2.745772727272727	2.925772727272727	3.7417727272727275	3.921772727272727	3.801772727272727	4.221772727272727	5.061772727272727	4.929772727272727	2.4697727272727272	2.1697727272727274	0.9457727272727272	1.3297727272727273	2.0377727272727273	2.505772727272727	1.4497727272727272	1.9297727272727272	2.6468181818181815	2.1428181818181815	2.202818181818182	2.154818181818182	1.8428181818181817	1.8788181818181817	1.6028181818181817	2.1668181818181815	2.562818181818182	3.3908181818181817	4.1708181818181815	3.558818181818182	1.6028181818181817	2.154818181818182	2.3228181818181817	2.1908181818181816	2.958818181818182	3.0668181818181814	2.778818181818182	1.2788181818181816	1.830818181818182	1.6748181818181818	0.894818181818182	0.9668181818181818	1.4468181818181818	1.818818181818182	2.706818181818182	2.6948181818181816	3.1148181818181815	2.1428181818181815	1.2548181818181816	1.0148181818181818	0.7148181818181818	0.930818181818182	2.010818181818182	2.502818181818182	2.3588181818181817	1.7228181818181818	1.7108181818181818	1.5548181818181819	1.7948181818181819	1.7948181818181819	1.7228181818181818	1.8428181818181817	2.37	3.16	3.15	2.4	1.87	2.47	2.99	2.14	2.07	2.29	2.51	2.05	2.12	2.53	2.43	2.17	2.2	2.57	2.72	3.2	3.72	3.56	3.28	1.67	1.91	2.29	2.46	3.06	3.06	3.38	3.24	1.83	2.2	1.61	2.28	2.24	2.92	3.45	3.74	2.22	2.68	2.49	2.09	2.48	2.91	2.64	1.8	0.8999999999999999	1.11	1.29	1.82	2.44	2.93	2.22	1.38	1.45	1.0	1.45	1.31	1.63	1.6	1.81	2.817772727272727	2.793772727272727	2.1097727272727274	3.129772727272727	1.6297727272727274	1.7137727272727274	2.1937727272727274	3.105772727272727	1.6057727272727274	1.1497727272727272	1.749772727272727
1.0	2.0	3.0	4.0	5.0	6.0	7.0	8.0	9.0	10.0	11.0	12.0	13.0	14.0	15.0	16.0	17.0	18.0	19.0	20.0	21.0	22.0	23.0	24.0	25.0	26.0	27.0	28.0	29.0	30.0	31.0	32.0	33.0	34.0	35.0	36.0	37.0	38.0	39.0	40.0	41.0	42.0	43.0	44.0	45.0	46.0	47.0	48.0	49.0	50.0	51.0	52.0	53.0	54.0	55.0	56.0	57.0	58.0	59.0	60.0	61.0	62.0	63.0	64.0	65.0	66.0	67.0	68.0	69.0	70.0	71.0	72.0	73.0	74.0	75.0	76.0	77.0	78.0	79.0	80.0	81.0	82.0	83.0	84.0	85.0	86.0	87.0	88.0	89.0	90.0	91.0	92.0	93.0	94.0	95.0	96.0	97.0	98.0	99.0	100.0	101.0	102.0	103.0	104.0	105.0	106.0	107.0	108.0	109.0	110.0	111.0	112.0	113.0	114.0	115.0	116.0	117.0	118.0	119.0	120.0	121.0	122.0	123.0	124.0	125.0	126.0	127.0	128.0	129.0	130.0	131.0	132.0	133.0	134.0	135.0	136.0	137.0	138.0	139.0	140.0	141.0	142.0	143.0	144.0	145.0	146.0	147.0	148.0	149.0	149.0	150.0	151.0	152.0	153.0	154.0	155.0	156.0	157.0	158.0	159.0	160.0	161.0	162.0	163.0	164.0	165.0	166.0	167.0	168.0	169.0	170.0	171.0	172.0	173.0	174.0	175.0	176.0	177.0	178.0	179.0	180.0	181.0	182.0	183.0	184.0	185.0	186.0	187.0	188.0	189.0	190.0	191.0	192.0	193.0	194.0	195.0	196.0	197.0	198.0	199.0	200.0	201.0	202.0	203.0	204.0	205.0	206.0	207.0	208.0	209.0	210.0	211.0	212.0	213.0	214.0	215.0	216.0	217.0	218.0	219.0	220.0	221.0	222.0	223.0	224.0	225.0	226.0	227.0	228.0	229.0	230.0	231.0	232.0	233.0	234.0	235.0	236.0	237.0	238.0	239.0	240.0	241.0	242.0	243.0	244.0	245.0	246.0	247.0	248.0	249.0	250.0	251.0	252.0	253.0	254.0	255.0	256.0	257.0	258.0	259.0	260.0	261.0	262.0	263.0	264.0	265.0	266.0	267.0	268.0	269.0	270.0	271.0	272.0	273.0	274.0	275.0	276.0	277.0	278.0	279.0	280.0	281.0	282.0	283.0	284.0	285.0	286.0	287.0	288.0	289.0	290.0	291.0	292.0	293.0	294.0	295.0	296.0	297.0	298.0	298.0	299.0	300.0	301.0	302.0	303.0	304.0	305.0	306.0	307.0	308.0
2967.4588828672945
