3258.2314103910408	500.0	2000.0	368.5187177784212	0	0.0	3258.2314103910408	1	0	1.0	-2.4233971937099743
4598.78488139961	2000.0	1659.4465289914308	0.0	0	0.0	3258.2314103910403	1	0	1.0	0.27850325170378404
6160.660815097655	2000.0	1097.570595293385	0.0	0	0.0	3258.2314103910408	1	0	1.0	1.6647976128236746
7546.165838230436	2000.0	712.0655721606057	0.0	0	0.0	3258.231410391041	1	0	1.0	1.6647976128236746
9120.270034152702	2000.0	278.4452304639939	140.4838542256558	0	0.0	3398.715264616695	1	0	1.0	0.7899064159888507
9599.358609331648	1000.0	799.3566552850474	0.0	0	0.0	3398.715264616695	1	0	1.0	0.24449298553635548
10474.752925937555	1000.0	923.9623386791426	0.0	0	0.0	3398.7152646166987	1	0	1.0	0.9376401660963001
11380.71555345905	1000.0	1017.999711157648	0.0	0	0.0	3398.715264616698	1	0	1.0	0.9376401660962999
12071.341661939561	1000.0	1327.3736026771358	0.0	0	0.0	3398.715264616698	1	0	1.0	0.9376401660962997
13294.000815934569	2000.0	1104.714448682128	0.0	0	0.0	3398.715264616698	1	0	1.0	0.9376401660962999
13976.00586743776	2000.0	1422.709397178936	0.0	0	0.0	3398.715264616698	1	0	1.0	1.630787346656245
15312.801126753353	2000.0	1085.9141378633435	0.0	0	0.0	3398.715264616698	1	0	1.0	1.630787346656245
16902.833213182388	2000.0	495.8820514343056	0.0	0	0.0	3398.715264616694	1	0	1.0	1.630787346656246
18091.69407830945	2000.0	346.1485843836882	39.12739807644607	0	0.0	3437.8426626931378	1	0	1.0	1.3857901763641383
18731.047100558888	1000.0	706.7955621342463	0.0	0	0.0	3437.8426626931323	1	0	1.0	0.2342602037029257
19482.676182330088	1000.0	955.1664803630479	0.0	0	0.0	3437.842662693134	1	0	1.0	0.927407384262871
21170.73020184937	2000.0	267.1124608437643	0.0	0	0.0	3437.8426626931323	1	0	1.0	0.9274073842628713
22126.3799269743	1000.0	482.238128668783	170.7753929499512	0	0.0	3608.6180556430845	1	0	1.0	-0.8392651670880704
23279.48172529829	1000.0	399.8958882146717	70.75955786988102	0	0.0	3679.377613512963	1	0	1.0	0.431588492300581
24628.68182126743	1000.0	312.1874127195502	261.4916204740143	0	0.0	3940.8692339869776	1	0	1.0	-0.8076184835522977
25098.011097157458	500.0	842.8581368295238	0.0	0	0.0	3940.8692339869776	1	0	1.0	-0.6249631218281027
25746.625888510054	1000.0	1194.2433454769262	0.0	0	0.0	3940.8692339869776	1	0	1.0	0.06818405873184252
26667.754991580732	1000.0	1273.11424240625	0.0	0	0.0	3940.8692339869776	1	0	1.0	0.7613312392917879
27640.892779697526	1000.0	1299.9764542894554	0.0	0	0.0	3940.8692339869776	1	0	1.0	0.7613312392917879
28674.232765249188	1000.0	1266.6364687377961	0.0	0	0.0	3940.8692339869776	1	0	1.0	0.7613312392917879
29648.65408163771	1000.0	1292.215152349275	0.0	0	0.0	3940.8692339869776	1	0	1.0	0.7613312392917879
30380.639315047654	1000.0	1560.22991893933	0.0	0	0.0	3940.8692339869776	1	0	1.0	0.7613312392917879
31556.24658021265	2000.0	1384.6226537743348	0.0	0	0.0	3940.8692339869776	1	0	1.0	0.7613312392917878
33186.9998995871	2000.0	753.8693343998812	0.0	0	0.0	3940.869233986974	1	0	1.0	1.4544784198517342
33866.18619739414	1000.0	1074.6830365928386	0.0	0	0.0	3940.869233986974	1	0	1.0	0.06818405873184355
34923.31682396389	2000.0	1017.5524100230904	0.0	0	0.0	3940.869233986974	1	0	1.0	0.7613312392917895
36548.8958624785	2000.0	391.9733715084858	0.0	0	0.0	3940.8692339869813	1	0	1.0	1.4544784198517324
37346.225206488954	1000.0	594.6440274980357	0.0	0	0.0	3940.8692339869813	1	0	1.0	0.0681840587318413
38040.04053305882	1000.0	900.828700928179	0.0	0	0.0	3940.8692339869813	1	0	1.0	0.7613312392917865
39375.74441911584	2000.0	565.1248148711584	0.0	0	0.0	3940.8692339869885	1	0	1.0	0.7613312392917834
40824.87703650133	2000.0	238.21514151531647	122.22294402963746	0	0.0	4063.092178016632	1	0	1.0	0.673830726623504
41684.24895386399	2000.0	540.5616819796484	161.71845782699427	0	0.0	4224.81063584362	1	0	1.0	0.3571070618223713
42744.91186212957	2000.0	479.89877371406624	0.0	0	0.0	2224.81063584362	1	0	1.0	-4.182664030002775
43464.383876562155	2000.0	760.4267592814805	0.0	0	0.0	2224.81063584362	1	0	1.0	1.8173359699972265
44562.868626996154	2000.0	661.9420088474823	0.0	0	0.0	2224.81063584362	1	0	1.0	1.8173359699972265
45530.78100936722	2000.0	694.0296264764168	0.0	0	0.0	2224.81063584362	1	0	1.0	1.8173359699972265
46453.0323808148	2000.0	771.7782550288391	0.0	0	0.0	2224.81063584362	1	0	1.0	1.8173359699972265
47468.453273952844	2000.0	756.3573618907899	0.0	0	0.0	2224.8106358436125	1	0	1.0	1.817335969997227
48357.83088514266	2000.0	866.9797507009646	0.0	0	0.0	2224.8106358436053	1	0	1.0	1.8173359699972278
49632.179056574496	2000.0	592.6315792691369	0.0	0	0.0	2224.8106358436053	1	0	1.0	1.8173359699972278
51016.635789355736	2000.0	304.30450247513807	96.12965598724702	0	0.0	2320.940291830848	1	0	1.0	1.2317325303280893
52035.67311375161	2000.0	474.74920464437685	189.48202656511756	0	0.0	2510.422318395962	1	0	1.0	0.6516773723539645
53390.52376917964	2000.0	291.39273616229127	171.49418694594536	0	0.0	2681.9165053419347	1	0	1.0	0.7382213458877472
54467.47849433814	2000.0	426.4435705180915	212.00555951429374	0	0.0	2893.922064856226	1	0	1.0	0.4635481559271293
55474.40014255624	2000.0	513.4873059498292	93.96538364983616	0	0.0	2987.887448506066	1	0	1.0	1.1556915415941869
56262.65468095931	2000.0	725.2327675467466	0.0	0	0.0	2987.887448506066	1	0	1.0	1.7194838434932038
57287.330508647035	2000.0	700.556939859026	0.0	0	0.0	2987.887448506066	1	0	1.0	1.7194838434932038
58245.77549291123	2000.0	742.1119555948359	0.0	0	0.0	2987.8874485060733	1	0	1.0	1.7194838434932025
59125.86786072033	2000.0	862.0195877857311	0.0	0	0.0	2987.8874485060733	1	0	1.0	1.7194838434932025
60009.76279953845	2000.0	978.1246489676143	0.0	0	0.0	2987.8874485060733	1	0	1.0	1.7194838434932025
60826.47970603828	2000.0	1161.407742467782	0.0	0	0.0	2987.8874485060733	1	0	1.0	1.7194838434932025
62108.36476758748	2000.0	879.5226809185783	0.0	0	0.0	2987.8874485060805	1	0	1.0	1.7194838434932014
62890.24128550202	2000.0	1097.646163004036	0.0	0	0.0	2987.8874485060805	1	0	1.0	1.7194838434932014
63738.00398181156	2000.0	1249.8834666944972	0.0	0	0.0	2987.8874485060805	1	0	1.0	1.7194838434932014
64954.48110151617	2000.0	1033.4063469898938	0.0	0	0.0	2987.887448506088	1	0	1.0	1.7194838434932
65899.50695813363	2000.0	1088.380490372432	0.0	0	0.0	2987.887448506088	1	0	1.0	1.7194838434932005
67096.98282210245	2000.0	890.9046264036094	0.0	0	0.0	2987.887448506088	1	0	1.0	1.7194838434931994
68140.56880977192	2000.0	847.318638734158	0.0	0	0.0	2987.8874485061096	1	0	1.0	1.7194838434931974
69588.46991637784	2000.0	399.41753212822493	0.0	0	0.0	2987.8874485061096	1	0	1.0	1.719483843493196
71006.43390404302	2000.0	234.25923176098382	252.80568729794282	0	0.0	3240.69313580406	1	0	1.0	0.1519236320831312
72023.88538213744	2000.0	503.3519399321263	286.5441862655445	0	0.0	3527.237322069588	1	0	1.0	-0.12341389319540652
73107.66941604867	2000.0	438.03596270649916	18.468056685588806	0	0.0	3545.705378755185	1	0	1.0	1.4797019032732512
73965.1589517018	2000.0	580.546427053366	0.0	0	0.0	3545.705378755185	1	0	1.0	1.5905102433867842
75155.55967759303	2000.0	390.1457011621252	0.0	0	0.0	3545.705378755185	1	0	1.0	1.5905102433867842
76162.7439382251	2000.0	490.66809314827515	107.70665261822177	0	0.0	3653.4120313733874	1	0	1.0	0.9114211168087878
76991.55411400499	2000.0	661.8579173683836	0.0	0	0.0	3653.412031373402	1	0	1.0	1.5576610325181137
77879.39954016866	2000.0	774.0124912047116	0.0	0	0.0	3653.4120313734165	1	0	1.0	1.557661032518109
78980.77879936575	2000.0	672.6332320076114	0.0	0	0.0	3653.412031373402	1	0	1.0	1.5576610325181137
80015.17489856656	2000.0	638.2371328068016	0.0	0	0.0	3653.412031373402	1	0	1.0	1.5576610325181137
81348.39003666095	2000.0	305.02199471242795	0.0	0	0.0	3653.4120313734165	1	0	1.0	1.557661032518109
82331.53854054525	2000.0	462.22208647882456	140.34859565068777	0	0.0	3793.760627024065	1	0	1.0	0.6681525478827751
83423.98440371187	2000.0	442.50656159121064	72.73033827900673	0	0.0	3866.4909653030772	1	0	1.0	1.0470991389801374
84726.72801148954	2000.0	325.74581071259024	185.98285689906186	0	0.0	4052.4738222021406	1	0	1.0	0.2918199203414848
85725.52861312589	2000.0	505.6820519232916	178.73684284704103	0	0.0	4231.210665049177	1	0	1.0	0.2518176141523973
86644.2238722723	2000.0	586.9867927768851	0.0	0	0.0	2231.210665049177	1	0	1.0	-4.1832268011922205
87293.41195141405	2000.0	937.7987136351458	0.0	0	0.0	2231.210665049177	1	0	1.0	1.8167731988077793
88748.42526031112	2000.0	482.78540473808107	0.0	0	0.0	2231.210665049177	1	0	1.0	1.8167731988077793
90326.01318013221	2000.0	379.15187536438043	473.9543904473814	0	0.0	2705.165055496589	1	0	1.0	-1.0797110920496815
91364.99619172196	2000.0	450.068624302913	109.89976052828442	0	0.0	2815.064816024882	1	0	1.0	1.0886655508970773
92749.42602537147	2000.0	246.68546732732273	181.04667667391274	0	0.0	2996.111492698794	1	0	1.0	0.6353591722736188
93790.45702105694	2000.0	478.91605427482256	273.26158263297356	0	0.0	3269.373075331765	1	0	1.0	0.0226804270925286
94971.12272494686	2000.0	379.5859434175866	81.33559303270687	0	0.0	3350.7086683644593	1	0	1.0	1.1548661140372767
95963.71046754047	2000.0	575.1759772344795	188.17777641048775	0	0.0	3538.886444774951	1	0	1.0	0.46342531679490273
96950.85712162343	2000.0	588.0293231515112	0.0	0	0.0	3538.886444774951	1	0	1.0	1.5924919752578293
97766.32572824565	2000.0	772.5607165292984	0.0	0	0.0	3538.886444774951	1	0	1.0	1.5924919752578293
99516.72046480095	2000.0	200.0	177.83402002601872	0	0.0	3716.7204648009647	1	0	1.0	0.4986795602007014
100647.01636384826	1000.0	391.8163802390281	322.11227928632917	0	0.0	4038.8327440872963	1	0	1.0	-1.905320676182171
101013.11076781854	500.0	1025.7219762687346	0.0	0	0.0	4038.8327440872963	1	0	1.0	-0.6657941810241413
102418.34109724076	2000.0	620.491646846509	0.0	0	0.0	4038.8327440872963	1	0	1.0	0.027352999535804168
103907.72849199749	2000.0	263.331289973243	132.22703788346905	0	0.0	4171.059781970762	1	0	1.0	0.5609705116944126
104993.98421066259	2000.0	413.2925127242946	236.2169414161627	0	0.0	2407.2767233868944	1	0	1.0	-5.6174353124595084
105703.08903783788	2000.0	704.1876855490034	0.0	0	0.0	2407.2767233868944	1	0	1.0	1.799866336037469
106851.67548644888	2000.0	555.6012369380179	0.0	0	0.0	2407.27672338688	1	0	1.0	1.7998663360374705
108035.76768154687	2000.0	439.85324794365624	68.34420610363759	0	0.0	2475.620929490513	1	0	1.0	1.3824393391530432
108989.67248359876	2000.0	499.9803883685613	14.031942476779534	0	0.0	2489.6528719672933	1	0	1.0	1.7067418099987877
110121.8532425998	2000.0	420.294820063096	52.49519069559284	0	0.0	2542.1480626628763	1	0	1.0	1.4698970990397968
110956.93117102765	2000.0	585.2168916352397	0.0	0	0.0	2542.1480626628763	1	0	1.0	1.7848682432133538
111848.71100483046	1000.0	693.4370578324343	0.0	0	0.0	2542.148062662862	1	0	1.0	0.39857388209346534
112788.40789732452	1000.0	753.7401653383689	0.0	0	0.0	2542.148062662862	1	0	1.0	1.0917210626534106
113604.46143988361	1000.0	937.6866227792707	0.0	0	0.0	2542.1480626628763	1	0	1.0	1.0917210626534088
114222.73082442244	1000.0	1319.4172382404429	0.0	0	0.0	2542.1480626628763	1	0	1.0	1.0917210626534088
114784.5516995586	1000.0	1757.5963631043048	0.0	0	0.0	2542.1480626628763	1	0	1.0	1.0917210626534088
115808.51222326564	2000.0	1733.6358393972441	0.0	0	0.0	2542.1480626628763	1	0	1.0	1.0917210626534088
116618.02807224251	2000.0	1924.119990420377	0.0	0	0.0	2542.1480626628763	1	0	1.0	1.7848682432133538
117348.27656055952	2000.0	2193.871502103367	0.0	0	0.0	2542.1480626628763	1	0	1.0	1.7848682432133538
118200.0	2000.0	2342.148062662887	0.0	0	60.318775503124925	2542.148062662891	1	0	1.0	1.7848682432133522
119200.0	2000.0	2342.148062662897	0.0	0	102.53786706265237	2542.1480626629054	1	0	1.0	1.7848682432133507
120200.0	2000.0	2342.1480626629086	0.0	0	321.8614678539743	2542.1480626629054	1	0	1.0	1.7848682432133507
121632.61539195635	3000.0	1909.5326707065442	0.0	0	0.0	2542.1480626629054	1	0	1.0	1.7848682432133507
124636.69526650514	2000.0	200.0	294.5472038422399	0	0.0	2836.6952665051504	1	0	1.0	-0.3997843957211331
125897.67576339387	1000.0	386.81346198712185	447.7939588758421	0	0.0	3284.489225380996	1	0	1.0	-2.4143047617744546
126775.72664580656	1000.0	559.2000462352806	50.43746666085059	0	0.0	3334.926692041845	1	0	1.0	0.6509743774523752
127477.45425374428	1000.0	857.4724382975782	0.0	0	0.0	3334.926692041845	1	0	1.0	0.9535991774174788
128535.12112415537	1000.0	799.8055678864864	0.0	0	0.0	3334.926692041845	1	0	1.0	0.9535991774174788
129272.42025378409	1000.0	1062.5064382577768	0.0	0	0.0	3334.926692041845	1	0	1.0	0.9535991774174788
129944.14600491941	1000.0	1390.780687122446	0.0	0	0.0	3334.926692041845	1	0	1.0	0.9535991774174788
130860.86210730494	1000.0	1474.0645847369224	0.0	0	0.0	3334.926692041845	1	0	1.0	0.9535991774174788
132348.22074630932	2000.0	986.7059457325216	0.0	0	0.0	3334.9266920418304	1	0	1.0	0.9535991774174788
133299.21221324033	1000.0	1035.714478801537	0.0	0	0.0	3334.926692041845	1	0	1.0	0.2604519968575343
133979.50499443634	1000.0	1355.4216976055195	0.0	0	0.0	3334.926692041845	1	0	1.0	0.9535991774174817
135090.5659271521	2000.0	1244.3607648897569	0.0	0	0.0	3334.9266920418595	1	0	1.0	0.953599177417475
136056.66438020472	1000.0	1278.2623118371469	0.0	0	0.0	3334.9266920418595	1	0	1.0	0.26045199685752995
137170.5089657498	1000.0	1164.4177262920803	0.0	0	0.0	3334.9266920418595	1	0	1.0	0.9535991774174751
137761.99823497847	1000.0	1572.9284570634163	0.0	0	0.0	3334.9266920418595	1	0	1.0	0.9535991774174751
139198.32934068088	2000.0	1136.5973513610086	0.0	0	0.0	3334.9266920418304	1	0	1.0	0.9535991774174823
139922.84092379297	1000.0	1412.0857682489238	0.0	0	0.0	3334.9266920418304	1	0	1.0	0.26045199685753717
141247.2672448202	2000.0	1087.659447221687	0.0	0	0.0	3334.9266920418304	1	0	1.0	0.9535991774174823
142625.36608672247	2000.0	709.5606053194327	0.0	0	0.0	3334.9266920418304	1	0	1.0	1.6467463579774275
144085.27442344587	1000.0	308.06664843804606	58.41437984198251	0	0.0	3393.3410718837986	1	0	1.0	-0.10461452536296112
145293.16218435622	1000.0	463.5300751011953	363.3511875734809	0	0.0	3756.692259457399	1	0	1.0	-1.3499569915243468
146114.23667499534	1000.0	642.4555844621113	0.0	0	0.0	3756.692259457428	1	0	1.0	0.830150133916528
146679.4545663965	1000.0	1077.2376930609084	0.0	0	0.0	3756.692259457428	1	0	1.0	0.830150133916528
147841.6148192209	2000.0	915.0774402365149	0.0	0	0.0	3756.692259457428	1	0	1.0	0.8301501339165281
148671.66157438586	2000.0	1085.0306850715963	0.0	0	0.0	3756.692259457428	1	0	1.0	1.5232973144764732
149595.66206422247	2000.0	1161.0301952349873	0.0	0	0.0	3756.692259457428	1	0	1.0	1.5232973144764732
150964.83351417154	2000.0	791.8587452859347	0.0	0	0.0	3756.692259457428	1	0	1.0	1.5232973144764732
151950.60460669728	2000.0	806.0876527601994	0.0	0	0.0	3756.692259457428	1	0	1.0	1.5232973144764732
153549.3787834014	2000.0	207.3134760560681	0.0	0	0.0	3756.692259457428	1	0	1.0	1.5232973144764732
154884.15780576892	2000.0	338.8448040566929	466.31035036815206	0	0.0	4223.002609825577	1	0	1.0	-1.4695487914738221
155848.06003765756	2000.0	490.5876772927455	115.64510512468064	0	0.0	2338.6477149502607	1	0	1.0	-4.887075792154749
156791.2164724299	1000.0	547.4312425204243	0.0	0	0.0	2338.6477149502607	1	0	1.0	0.42050047747344355
157473.3839794779	1000.0	865.2637354724362	0.0	0	0.0	2338.6477149502607	1	0	1.0	1.1136476580333887
158326.54211808208	1000.0	1012.1055968682386	0.0	0	0.0	2338.6477149502607	1	0	1.0	1.1136476580333887
159004.57047985564	1000.0	1334.0772350946825	0.0	0	0.0	2338.6477149502607	1	0	1.0	1.1136476580333887
159506.60971423503	1000.0	1832.038000715271	0.0	0	0.0	2338.6477149502316	1	0	1.0	1.1136476580333916
160767.25099638573	2000.0	1571.3967185645427	0.0	0	0.0	2338.6477149502316	1	0	1.0	1.1136476580333916
161811.6869149567	2000.0	1526.9607999936024	0.0	0	0.0	2338.6477149502316	1	0	1.0	1.806794838593337
162474.45272185115	2000.0	1864.1949930991213	0.0	0	0.0	2338.6477149502316	1	0	1.0	1.806794838593337
163514.12176210558	2000.0	1824.5259528446934	0.0	0	0.0	2338.6477149502607	1	0	1.0	1.806794838593334
164650.67847882622	2000.0	1687.9692361240616	0.0	0	0.0	2338.6477149502607	1	0	1.0	1.806794838593334
166412.33169860172	2000.0	926.3160163485566	0.0	0	0.0	2338.6477149502607	1	0	1.0	1.806794838593334
167712.69306836612	2000.0	625.954646584144	0.0	0	0.0	2338.6477149502316	1	0	1.0	1.8067948385933343
168297.90633551351	1000.0	1040.7413794367449	0.0	0	0.0	2338.6477149502025	1	0	1.0	0.42050047747344926
169185.85787309828	1000.0	1152.789841851963	0.0	0	0.0	2338.6477149501734	1	0	1.0	1.1136476580333974
170249.5429473321	1000.0	1089.1047676181342	0.0	0	0.0	2338.6477149501443	1	0	1.0	1.1136476580334
171167.7149086135	1000.0	1170.93280633675	0.0	0	0.0	2338.6477149501443	1	0	1.0	1.1136476580334
172330.60779067836	1000.0	1008.0399242719099	0.0	0	0.0	2338.647714950115	1	0	1.0	1.113647658033403
173648.36892904746	1000.0	690.2787859028408	0.0	0	0.0	2338.647714950115	1	0	1.0	1.113647658033403
174541.8593443059	1000.0	796.7883706443826	0.0	0	0.0	2338.647714950086	1	0	1.0	1.1136476580334058
175629.94784793977	1000.0	708.6998670105496	0.0	0	0.0	2338.647714950086	1	0	1.0	1.1136476580334058
176529.58972592346	1000.0	809.0579890268787	0.0	0	0.0	2338.647714950086	1	0	1.0	1.1136476580334058
177759.47231072688	1000.0	579.1754042234519	0.0	0	0.0	2338.647714950086	1	0	1.0	1.1136476580334058
178487.44560200078	1000.0	851.2021129495255	0.0	0	0.0	2338.647714950057	1	0	1.0	1.1136476580334087
179116.34436667446	1000.0	1222.3033482758385	0.0	0	0.0	2338.647714950057	1	0	1.0	1.1136476580334087
179712.64956631395	1000.0	1625.9981486363229	0.0	0	0.0	2338.647714950057	1	0	1.0	1.1136476580334087
180591.39309373318	1000.0	1747.2546212170857	0.0	0	0.0	2338.647714950057	1	0	1.0	1.1136476580334087
182412.22945331509	2000.0	926.4182616351457	0.0	0	0.0	2338.647714950086	1	0	1.0	1.1136476580334058
183074.97235567172	1000.0	1263.6753592785274	0.0	0	0.0	2338.647714950057	1	0	1.0	0.42050047747346353
183727.09873540656	1000.0	1611.548979543666	0.0	0	0.0	2338.647714950057	1	0	1.0	1.1136476580334087
184641.93476525013	2000.0	1696.712949700094	0.0	0	0.0	2338.647714950086	1	0	1.0	1.1136476580334058
186745.999366225	2000.0	592.6483487252212	0.0	0	0.0	2338.647714950028	1	0	1.0	1.8067948385933543
187258.93517672666	1000.0	1079.7125382235654	0.0	0	0.0	2338.647714950028	1	0	1.0	0.4205004774734663
188388.51748881632	2000.0	950.130226133918	0.0	0	0.0	2338.647714950028	1	0	1.0	1.1136476580334114
189325.47390065703	2000.0	1013.1738142932081	0.0	0	0.0	2338.647714950028	1	0	1.0	1.8067948385933565
190361.50718432252	2000.0	977.1405306277089	0.0	0	0.0	2338.647714950028	1	0	1.0	1.8067948385933565
191521.35939951462	2000.0	817.2883154356125	0.0	0	0.0	2338.647714950028	1	0	1.0	1.8067948385933565
192287.13873406066	2000.0	1051.5089808895796	0.0	0	0.0	2338.647714950028	1	0	1.0	1.8067948385933565
193315.66720010908	2000.0	1022.9805148411664	0.0	0	0.0	2338.647714950028	1	0	1.0	1.8067948385933565
194069.63072085474	2000.0	1269.0169940955006	0.0	0	0.0	2338.647714950057	1	0	1.0	1.8067948385933539
194671.60246562783	2000.0	1667.0452493224075	0.0	0	0.0	2338.647714950057	1	0	1.0	1.806794838593356
195733.89294495853	2000.0	1604.7547699917068	0.0	0	0.0	2338.647714950028	1	0	1.0	1.8067948385933565
196744.76381906794	2000.0	1593.8838958822769	0.0	0	0.0	2338.647714950057	1	0	1.0	1.8067948385933539
197642.17291840274	2000.0	1696.4747965475017	0.0	0	0.0	2338.647714950057	1	0	1.0	1.8067948385933539
198381.24606516928	2000.0	1957.4016497809394	0.0	0	0.0	2338.647714950057	1	0	1.0	1.8067948385933539
199752.0759431303	2000.0	1586.5717718199287	0.0	0	0.0	2338.647714950086	1	0	1.0	1.806794838593351
200747.39548240328	2000.0	1591.252232546939	0.0	0	0.0	2338.647714950086	1	0	1.0	1.806794838593351
201630.57649045862	2000.0	1708.071224491588	0.0	0	0.0	2338.647714950086	1	0	1.0	1.806794838593351
202891.2498857265	2000.0	1447.3978292237346	0.0	0	0.0	2338.647714950086	1	0	1.0	1.806794838593351
203931.52472384606	2000.0	1407.122991104179	0.0	0	0.0	2338.647714950057	1	0	1.0	1.8067948385933528
204896.3415237575	2000.0	1442.3061911927307	0.0	0	0.0	2338.647714950028	1	0	1.0	1.8067948385933548
206035.78583423517	2000.0	1302.8618807150813	0.0	0	0.0	2338.647714950057	1	0	1.0	1.806794838593355
207164.61071780213	2000.0	1174.0369971480993	0.0	0	0.0	2338.647714950057	1	0	1.0	1.8067948385933539
208102.9451087872	2000.0	1235.7026061630465	0.0	0	0.0	2338.647714950057	1	0	1.0	1.8067948385933545
209051.6785291405	2000.0	1286.9691858097312	0.0	0	0.0	2338.647714950057	1	0	1.0	1.8067948385933539
210184.139107008	2000.0	1154.5086079422254	0.0	0	0.0	2338.647714950057	1	0	1.0	1.8067948385933539
211105.54576311167	2000.0	1233.1019518385458	0.0	0	0.0	2338.647714950057	1	0	1.0	1.8067948385933539
212462.15458201867	2000.0	876.4931329315464	0.0	0	0.0	2338.647714950057	1	0	1.0	1.8067948385933539
213596.2849746405	2000.0	742.3627403096901	0.0	0	0.0	2338.647714950057	1	0	1.0	1.8067948385933539
214874.4126790699	2000.0	464.2350358802686	0.0	0	0.0	2338.647714950028	1	0	1.0	1.8067948385933565
215648.65336500242	2000.0	689.9943499477963	0.0	0	0.0	2338.647714950028	1	0	1.0	1.8067948385933565
216779.01692376338	2000.0	559.6307911868377	0.0	0	0.0	2338.647714950028	1	0	1.0	1.8067948385933565
218140.62748524366	2000.0	308.4502966123898	110.43006690584753	0	0.0	2449.0777818558563	1	0	1.0	1.1328398640748705
219584.76764113145	2000.0	257.10777591970407	392.7976351951236	0	0.0	2841.8754170511675	1	0	1.0	-0.6128646852968531
220910.9567437441	2000.0	329.7966413032018	398.8779679961292	0	0.0	3240.753385047283	1	0	1.0	-0.7245235520079669
221956.08010361376	2000.0	463.4487297710268	178.7754483375175	0	0.0	3419.5288333848002	1	0	1.0	0.5527342382296179
223181.5328634548	2000.0	349.7612574252024	111.76528749519463	0	0.0	3531.2941208799894	1	0	1.0	0.9240933880943566
224241.3252804455	2000.0	421.7359099299724	131.7670694954948	0	0.0	3663.061190375476	1	0	1.0	0.7639698200425507
225110.7916682243	2000.0	584.6663431089203	32.39682095774187	0	0.0	3695.4580113332195	1	0	1.0	1.3496395781173773
226491.0705341674	2000.0	217.95079786274303	13.56332069693925	0	0.0	3709.0213320301846	1	0	1.0	1.4581390939374543
227593.64753402845	2000.0	453.3779075149462	338.0041095132626	0	0.0	4047.025441543432	1	0	1.0	-0.6179316792901455
228576.87108638606	2000.0	522.776249900457	52.62189474310446	0	0.0	4099.647336286522	1	0	1.0	1.0710048490579647
229637.18711098985	2000.0	462.4602252966615	0.0	0	0.0	4099.647336286551	1	0	1.0	1.386736217516578
230706.4329843699	2000.0	414.8275085274872	21.613156610866668	0	0.0	4121.260492897418	1	0	1.0	1.2471966440367976
231563.99128237812	2000.0	577.0586580733319	19.789447554097535	0	0.0	4141.049940451514	1	0	1.0	1.248971880180046
232389.44199173353	2000.0	751.6079487179362	0.0	0	0.0	4141.049940451514	1	0	1.0	1.367708565504631
233397.45141158835	2000.0	743.5985288631139	0.0	0	0.0	4141.049940451514	1	0	1.0	1.367708565504631
234492.9979255169	2000.0	648.0520149345783	0.0	0	0.0	4141.049940451514	1	0	1.0	1.367708565504631
235634.47239814064	2000.0	506.5775423108163	0.0	0	0.0	4141.049940451514	1	0	1.0	1.367708565504631
236469.9399460307	2000.0	671.1099944207831	0.0	0	0.0	4141.049940451514	1	0	1.0	1.367708565504631
238338.6972049011	2000.0	200.0	397.64726444960667	0	0.0	4538.697204901109	1	0	1.0	-1.1208502731678847
239682.45975471195	2000.0	379.45935289687384	523.2219027077094	0	0.0	3061.919107608788	1	0	1.0	-7.433532437406032
240415.94878121073	2000.0	645.9703263980966	0.0	0	0.0	3061.919107608788	1	0	1.0	1.705798978840229
241643.234742096	2000.0	418.684365512799	0.0	0	0.0	3061.919107608788	1	0	1.0	1.705798978840229
242227.04101683016	1000.0	834.8780907786487	0.0	0	0.0	3061.919107608788	1	0	1.0	0.31950461772033845
243242.564398239	2000.0	819.3547093698003	0.0	0	0.0	3061.919107608788	1	0	1.0	1.0126517982802836
244362.72541126946	2000.0	699.1936963393446	0.0	0	0.0	3061.919107608788	1	0	1.0	1.705798978840229
245416.72443591602	2000.0	645.194671692788	0.0	0	0.0	3061.919107608788	1	0	1.0	1.705798978840229
246182.37979519324	2000.0	879.539312415559	0.0	0	0.0	3061.919107608759	1	0	1.0	1.7057989788402341
247703.9559272001	2000.0	357.96318040870415	0.0	0	0.0	3061.919107608759	1	0	1.0	1.7057989788402341
248908.48868218533	1000.0	362.9382848845706	209.50785946108044	0	0.0	3271.426967069827	1	0	1.0	-0.9815639712510077
249808.62691193997	1000.0	671.0419860671391	208.24193093720305	0	0.0	3479.6688980070758	1	0	1.0	-0.3333688007258261
250915.63128728414	2000.0	564.0376107229868	0.0	0	0.0	3479.6688980070758	1	0	1.0	0.9160827848973889
251466.24517748246	1000.0	1013.4237205246451	0.0	0	0.0	3479.6688980070467	1	0	1.0	0.22293560433745196
252020.76635586703	1000.0	1458.902542140059	0.0	0	0.0	3479.6688980070467	1	0	1.0	0.9160827848973971
253107.8150019215	2000.0	1371.853896085621	0.0	0	0.0	3479.6688980070758	1	0	1.0	0.9160827848973905
253800.45526134534	2000.0	1679.213636661806	0.0	0	0.0	3479.6688980070758	1	0	1.0	1.609229965457334
254485.2713797752	2000.0	1994.3975182319668	0.0	0	0.0	3479.6688980070758	1	0	1.0	1.609229965457334
255308.7708499406	2000.0	2170.8980480665477	0.0	0	0.0	3479.6688980070758	1	0	1.0	1.609229965457334
256427.2912161593	2000.0	2052.3776818478755	0.0	0	0.0	3479.6688980070758	1	0	1.0	1.609229965457334
257328.6534602224	2000.0	2151.0154377847484	0.0	0	0.0	3479.6688980070758	1	0	1.0	1.609229965457334
258047.17055278365	2000.0	2432.498345223505	0.0	0	0.0	3479.668898007105	1	0	1.0	1.609229965457326
258893.89317042506	2000.0	2585.7757275821036	0.0	0	0.0	3479.668898007105	1	0	1.0	1.609229965457326
260321.99224015858	2000.0	2157.676657848584	0.0	0	0.0	3479.668898007105	1	0	1.0	1.609229965457326
261684.17005642343	2000.0	1795.4988415837392	0.0	0	0.0	3479.668898007105	1	0	1.0	1.609229965457326
263291.3368623506	2000.0	1188.3320356566285	0.0	0	0.0	3479.668898007134	1	0	1.0	1.6092299654573246
264658.74730837205	2000.0	820.9215896351059	0.0	0	0.0	3479.668898007105	1	0	1.0	1.6092299654573246
265443.3053963582	2000.0	1036.363501648997	0.0	0	0.0	3479.668898007134	1	0	1.0	1.6092299654573214
266465.0826120371	2000.0	1014.5862859700856	0.0	0	0.0	3479.668898007134	1	0	1.0	1.6092299654573181
267275.22059806914	2000.0	1204.4482999380286	0.0	0	0.0	3479.668898007134	1	0	1.0	1.6092299654573181
268326.4210663767	2000.0	1153.2478316304582	0.0	0	0.0	3479.6688980070758	1	0	1.0	1.609229965457334
269281.1172129308	2000.0	1198.551685076293	0.0	0	0.0	3479.6688980070176	1	0	1.0	1.6092299654573503
271094.91326337605	2000.0	384.75563463107255	0.0	0	0.0	3479.6688980070176	1	0	1.0	1.6092299654573503
273437.62084243837	2000.0	200.0	1157.9519444312225	0	0.0	4637.620842438366	1	0	1.0	-5.753470834482758
273702.4283079659	300.0	935.1925344724851	0.0	0	0.0	2637.620842438424	1	0	1.0	-8.021197986101242
274675.51660451194	1000.0	962.104237926471	0.0	0	0.0	2637.620842438424	1	0	1.0	-0.12407800121536408
275687.60108555685	1000.0	950.0197568815556	0.0	0	0.0	2637.620842438424	1	0	1.0	1.079894803110572
276369.31574254466	1000.0	1268.3050998937938	0.0	0	0.0	2637.620842438424	1	0	1.0	1.079894803110572
277569.31569628057	1000.0	1068.3051461579173	0.0	0	0.0	2637.620842438482	1	0	1.0	1.0798948031105644
278402.10422761133	1000.0	1235.5166148271287	0.0	0	0.0	2637.620842438482	1	0	1.0	1.0798948031105644
278999.51083551557	1000.0	1638.1100069229003	0.0	0	0.0	2637.620842438482	1	0	1.0	1.0798948031105644
279883.65278960863	1000.0	1753.9680528298425	0.0	0	0.0	2637.620842438482	1	0	1.0	1.0798948031105644
281605.07293240825	2000.0	1032.547910030238	0.0	0	0.0	2637.620842438482	1	0	1.0	1.0798948031105646
282567.1497653422	1000.0	1070.4710770963409	0.0	0	0.0	2637.620842438424	1	0	1.0	0.3867476225506268
283148.96710418514	1000.0	1488.6537382534002	0.0	0	0.0	2637.620842438424	1	0	1.0	1.079894803110572
284070.9603202944	1000.0	1566.6605221440773	0.0	0	0.0	2637.620842438424	1	0	1.0	1.079894803110572
284787.6804720762	1000.0	1849.9403703622902	0.0	0	0.0	2637.620842438366	1	0	1.0	1.0798948031105735
285733.1993037827	1000.0	1904.4215386557375	0.0	0	0.0	2637.6208424383076	1	0	1.0	1.079894803110587
286598.2377531669	1000.0	2039.3830892715332	0.0	0	0.0	2637.6208424383076	1	0	1.0	1.079894803110587
287645.3291832353	2000.0	1992.2916592030806	0.0	0	0.0	2637.6208424383076	1	0	1.0	1.079894803110587
288762.7916006741	2000.0	1874.8292417642772	0.0	0	0.0	2637.6208424383076	1	0	1.0	1.7730419836705322
289647.4865336496	2000.0	1990.1343087887672	0.0	0	0.0	2637.6208424383076	1	0	1.0	1.7730419836705322
290803.5493871231	2000.0	1834.0714553152002	0.0	0	0.0	2637.6208424383076	1	0	1.0	1.7730419836705322
292395.45926035027	2000.0	1242.1615820880008	0.0	0	0.0	2637.620842438366	1	0	1.0	1.7730419836705278
293977.2299222824	1000.0	660.3909201558981	0.0	0	0.0	2637.620842438366	1	0	1.0	0.3867476225506344
294729.77337472694	1000.0	907.8474677113592	0.0	0	0.0	2637.620842438366	1	0	1.0	1.0798948031105795
295229.82328254153	1000.0	1407.7975598967648	0.0	0	0.0	2637.620842438366	1	0	1.0	1.0798948031105795
296128.6398417778	2000.0	1508.9810006605396	0.0	0	0.0	2637.620842438424	1	0	1.0	1.079894803110572
297103.1313428236	2000.0	1534.4894996147498	0.0	0	0.0	2637.620842438424	1	0	1.0	1.7730419836705171
297891.93175541854	2000.0	1745.6890870197833	0.0	0	0.0	2637.620842438424	1	0	1.0	1.7730419836705171
298842.62117017474	2000.0	1794.999672263581	0.0	0	0.0	2637.620842438424	1	0	1.0	1.7730419836705171
300079.09288090304	2000.0	1558.5279615352904	0.0	0	0.0	2637.620842438424	1	0	1.0	1.7730419836705171
301034.05089265434	2000.0	1603.5699497840474	0.0	0	0.0	2637.620842438482	1	0	1.0	1.7730419836705096
302150.39578783314	2000.0	1487.2250546052624	0.0	0	0.0	2637.620842438482	1	0	1.0	1.7730419836705096
303863.08480654104	2000.0	774.5360358973642	0.0	0	0.0	2637.6208424385404	1	0	1.0	1.773041983670502
305402.9044740956	2000.0	234.7163683426794	0.0	0	0.0	2637.6208424385404	1	0	1.0	1.773041983670502
306366.0499369626	1000.0	501.78443211485944	230.21352663914936	0	0.0	2867.8343690774636	1	0	1.0	-1.0277641709345429
307073.2640296882	1000.0	794.5703393892379	0.0	0	0.0	2867.8343690774636	1	0	1.0	1.046664169460299
308260.0785778152	2000.0	607.7557912622349	0.0	0	0.0	2867.8343690774636	1	0	1.0	1.0466641694602987
308821.0219520627	1000.0	1046.812417014657	0.0	0	0.0	2867.8343690774054	1	0	1.0	0.3535169889003594
309782.68750160997	1000.0	1085.146867467407	0.0	0	0.0	2867.8343690774636	1	0	1.0	1.046664169460299
310643.35545949737	1000.0	1224.478909579992	0.0	0	0.0	2867.8343690774636	1	0	1.0	1.046664169460299
311017.75116768683	1000.0	1850.0832013905388	0.0	0	0.0	2867.8343690774636	1	0	1.0	1.046664169460299
312138.86886204005	2000.0	1728.9655070373526	0.0	0	0.0	2867.8343690774636	1	0	1.0	1.0466641694602987
313382.77883499867	2000.0	1485.055534078767	0.0	0	0.0	2867.8343690774636	1	0	1.0	1.739811350020244
1.9472272727272726	1.4432272727272726	1.5512272727272727	1.9832272727272726	1.5512272727272727	1.1912272727272726	1.6952272727272726	1.5512272727272727	1.2632272727272726	1.5272272727272727	2.319227272727273	2.3312272727272725	1.4672272727272726	1.1192272727272725	1.6712272727272726	1.5032272727272726	1.6232272727272727	1.0712272727272727	1.3712272727272725	1.0832272727272727	0.9752272727272727	1.0112272727272726	1.3352272727272725	1.0832272727272727	1.1072272727272725	0.9872272727272727	1.1912272727272726	1.6112272727272727	1.3832272727272725	1.2392272727272726	1.2872272727272727	1.5392272727272727	2.0312272727272727	0.9992272727272727	1.0712272727272727	1.6952272727272726	1.9592272727272726	1.4672272727272726	1.9712272727272726	2.367227272727273	2.343227272727273	2.3912272727272725	2.5952272727272727	2.097658536585366	1.995658536585366	2.045658536585366	2.177658536585366	1.921658536585366	1.837658536585366	1.995658536585366	2.005658536585366	2.019658536585366	2.049658536585366	1.971658536585366	1.979658536585366	2.085658536585366	2.239658536585366	2.161658536585366	1.965658536585366	1.877658536585366	2.053658536585366	1.967658536585366	2.099658536585366	2.141658536585366	1.983658536585366	1.873658536585366	1.8016585365853661	1.859658536585366	1.931658536585366	2.027658536585366	2.077658536585366	2.053658536585366	1.873658536585366	2.019658536585366	1.957658536585366	1.879658536585366	1.981658536585366	2.035658536585366	2.029658536585366	1.779658536585366	1.995658536585366	2.033658536585366	2.141658536585366	2.261658536585366	3.008292682926829	1.1602926829268294	1.1602926829268294	1.8082926829268293	2.1202926829268294	1.1602926829268294	2.1202926829268294	2.0722926829268293	1.8562926829268294	2.7442926829268295	2.0962926829268294	1.0642926829268293	1.0762926829268293	0.6202926829268294	1.9402926829268292	1.4602926829268292	1.7002926829268292	2.180292682926829	2.420292682926829	1.8562926829268294	2.204292682926829	2.5642926829268293	2.0962926829268294	2.180292682926829	1.2082926829268295	1.2322926829268295	1.2442926829268295	1.316292682926829	2.0242926829268293	2.0962926829268294	2.6122926829268294	3.1882926829268294	2.300292682926829	2.7922926829268295	1.4242926829268292	0.5242926829268293	1.0762926829268293	0.9562926829268293	0.9442926829268293	1.0282926829268293	1.4602926829268292	0.98	1.41	1.3	1.7	1.14	1.03	1.45	1.39	0.97	1.4	1.61	1.48	1.75	1.7	1.27	0.66	0.79	1.3	1.9	1.97	2.42	2.41	1.81	2.13	3.6632272727272723	1.9472272727272726	1.4432272727272726	1.5512272727272727	1.9832272727272726	1.5512272727272727	1.1912272727272726	1.6952272727272726	1.5512272727272727	1.2632272727272726	1.5272272727272727	2.319227272727273	2.3312272727272725	1.4672272727272726	1.1192272727272725	1.6712272727272726	1.5032272727272726	1.6232272727272727	1.0712272727272727	1.3712272727272725	1.0832272727272727	0.9752272727272727	1.0112272727272726	1.3352272727272725	1.0832272727272727	1.1072272727272725	0.9872272727272727	1.1912272727272726	1.6112272727272727	1.3832272727272725	1.2392272727272726	1.2872272727272727	1.5392272727272727	2.0312272727272727	0.9992272727272727	1.0712272727272727	1.6952272727272726	1.9592272727272726	1.4672272727272726	1.9712272727272726	2.367227272727273	2.343227272727273	2.3912272727272725	2.5952272727272727	2.097658536585366	1.995658536585366	2.045658536585366	2.177658536585366	1.921658536585366	1.837658536585366	1.995658536585366	2.005658536585366	2.019658536585366	2.049658536585366	1.971658536585366	1.979658536585366	2.085658536585366	2.239658536585366	2.161658536585366	1.965658536585366	1.877658536585366	2.053658536585366	1.967658536585366	2.099658536585366	2.141658536585366	1.983658536585366	1.873658536585366	1.8016585365853661	1.859658536585366	1.931658536585366	2.027658536585366	2.077658536585366	2.053658536585366	1.873658536585366	2.019658536585366	1.957658536585366	1.879658536585366	1.981658536585366	2.035658536585366	2.029658536585366	1.779658536585366	1.995658536585366	2.033658536585366	2.141658536585366	2.261658536585366	3.008292682926829	1.1602926829268294	1.1602926829268294	1.8082926829268293	2.1202926829268294	1.1602926829268294	2.1202926829268294	2.0722926829268293	1.8562926829268294	2.7442926829268295	2.0962926829268294	1.0642926829268293	1.0762926829268293	0.6202926829268294	1.9402926829268292	1.4602926829268292	1.7002926829268292	2.180292682926829	2.420292682926829	1.8562926829268294	2.204292682926829	2.5642926829268293	2.0962926829268294	2.180292682926829	1.2082926829268295	1.2322926829268295	1.2442926829268295	1.316292682926829	2.0242926829268293	2.0962926829268294	2.6122926829268294	3.1882926829268294	2.300292682926829	2.7922926829268295	1.4242926829268292	0.5242926829268293	1.0762926829268293	0.9562926829268293	0.9442926829268293	1.0282926829268293	1.4602926829268292	0.98	1.41	1.3	1.7	1.14	1.03	1.45	1.39	0.97	1.4	1.61	1.48	1.75	1.7	1.27	0.66	0.79	1.3	1.9	1.97	2.42	2.41	1.81	2.13	3.6632272727272723	1.9472272727272726	1.4432272727272726	1.5512272727272727	1.9832272727272726	1.5512272727272727	1.1912272727272726	1.6952272727272726	1.5512272727272727	1.2632272727272726	1.5272272727272727	2.319227272727273	2.3312272727272725	1.4672272727272726	1.1192272727272725	1.6712272727272726
1.0	2.0	3.0	4.0	5.0	6.0	7.0	8.0	9.0	10.0	11.0	12.0	13.0	14.0	15.0	16.0	17.0	18.0	19.0	20.0	21.0	22.0	23.0	24.0	25.0	26.0	27.0	28.0	29.0	30.0	31.0	32.0	33.0	34.0	35.0	36.0	37.0	38.0	39.0	40.0	41.0	42.0	43.0	44.0	45.0	46.0	47.0	48.0	49.0	50.0	51.0	52.0	53.0	54.0	55.0	56.0	57.0	58.0	59.0	60.0	61.0	62.0	63.0	64.0	65.0	66.0	67.0	68.0	69.0	70.0	71.0	72.0	73.0	74.0	75.0	76.0	77.0	78.0	79.0	80.0	81.0	82.0	83.0	84.0	85.0	86.0	87.0	88.0	89.0	90.0	91.0	92.0	93.0	94.0	95.0	96.0	97.0	98.0	99.0	100.0	101.0	102.0	103.0	104.0	105.0	106.0	107.0	108.0	109.0	110.0	111.0	112.0	113.0	114.0	115.0	116.0	117.0	118.0	119.0	120.0	121.0	122.0	123.0	124.0	125.0	126.0	127.0	128.0	129.0	130.0	131.0	132.0	133.0	134.0	135.0	136.0	137.0	138.0	139.0	140.0	141.0	142.0	143.0	144.0	145.0	146.0	147.0	148.0	149.0	149.0	150.0	151.0	152.0	153.0	154.0	155.0	156.0	157.0	158.0	159.0	160.0	161.0	162.0	163.0	164.0	165.0	166.0	167.0	168.0	169.0	170.0	171.0	172.0	173.0	174.0	175.0	176.0	177.0	178.0	179.0	180.0	181.0	182.0	183.0	184.0	185.0	186.0	187.0	188.0	189.0	190.0	191.0	192.0	193.0	194.0	195.0	196.0	197.0	198.0	199.0	200.0	201.0	202.0	203.0	204.0	205.0	206.0	207.0	208.0	209.0	210.0	211.0	212.0	213.0	214.0	215.0	216.0	217.0	218.0	219.0	220.0	221.0	222.0	223.0	224.0	225.0	226.0	227.0	228.0	229.0	230.0	231.0	232.0	233.0	234.0	235.0	236.0	237.0	238.0	239.0	240.0	241.0	242.0	243.0	244.0	245.0	246.0	247.0	248.0	249.0	250.0	251.0	252.0	253.0	254.0	255.0	256.0	257.0	258.0	259.0	260.0	261.0	262.0	263.0	264.0	265.0	266.0	267.0	268.0	269.0	270.0	271.0	272.0	273.0	274.0	275.0	276.0	277.0	278.0	279.0	280.0	281.0	282.0	283.0	284.0	285.0	286.0	287.0	288.0	289.0	290.0	291.0	292.0	293.0	294.0	295.0	296.0	297.0	298.0	298.0	299.0	300.0	301.0	302.0	303.0	304.0	305.0	306.0	307.0	308.0	309.0	310.0	311.0	312.0	313.0
2667.3966019914237
