5296.927352509465	300.0	2000.0	557.5725470521876	0	0.0	3296.927352509465	1	0	1.0	-9.564687684789588
7228.5226563906535	1000.0	1068.4046961188108	0.0	0	0.0	3296.927352509464	1	0	1.0	-0.24127866513840968
8982.628707976444	1000.0	314.2986445330188	0.0	0	0.0	3296.927352509463	1	0	1.0	0.9626941391875266
9588.666082817876	500.0	708.2612696915876	0.0	0	0.0	3296.927352509464	1	0	1.0	-0.4236002219323644
10476.358420704217	1000.0	820.5689318052458	0.0	0	0.0	3296.927352509463	1	0	1.0	0.2695469586275811
11685.64626811557	1000.0	611.2810843938921	0.0	0	0.0	3296.9273525094613	1	0	1.0	0.9626941391875269
12657.118008603795	1000.0	639.809343905667	0.0	0	0.0	3296.9273525094595	1	0	1.0	0.9626941391875274
13572.326606534321	1000.0	724.60074597514	0.0	0	0.0	3296.9273525094595	1	0	1.0	0.9626941391875274
14634.671221341276	1000.0	662.2561311681837	0.0	0	0.0	3296.9273525094595	1	0	1.0	0.9626941391875274
15799.426968053463	1000.0	497.500384455995	0.0	0	0.0	3296.9273525094613	1	0	1.0	0.962694139187527
16484.882853985866	500.0	812.0444985235912	0.0	0	0.0	3296.9273525094595	1	0	1.0	-0.4236002219323634
17800.761312966853	1000.0	496.1660395426003	0.0	0	0.0	3296.927352509456	1	0	1.0	0.26954695862758243
19264.240481793924	1000.0	246.46385813516122	213.77698741963314	0	0.0	3510.704339929085	1	0	1.0	-0.37501981050449174
19933.85854498309	500.0	644.1699022313609	67.32410728536786	0	0.0	3578.0284472144504	1	0	1.0	-0.9024258156636195
20969.30999585378	1000.0	608.7184513606702	0.0	0	0.0	3578.0284472144485	1	0	1.0	0.19466600860853445
21808.244412531112	1000.0	769.7840346833359	0.0	0	0.0	3578.0284472144485	1	0	1.0	0.8878131891684798
22820.05977387607	1000.0	757.9686733383766	0.0	0	0.0	3578.028447214452	1	0	1.0	0.8878131891684787
23984.410339055037	1000.0	593.6181081594073	0.0	0	0.0	3578.028447214452	1	0	1.0	0.8878131891684787
24992.248881221738	1000.0	585.7795659927033	0.0	0	0.0	3578.028447214452	1	0	1.0	0.8878131891684787
25891.25201790799	1000.0	686.7764293064507	0.0	0	0.0	3578.028447214452	1	0	1.0	0.8878131891684787
27192.083218448923	1000.0	385.94522876551827	0.0	0	0.0	3578.028447214452	1	0	1.0	0.8878131891684787
27789.224284954125	500.0	788.8041622603166	0.0	0	0.0	3578.028447214452	1	0	1.0	-0.49848117195141206
28879.10876862368	1000.0	698.9196785907615	0.0	0	0.0	3578.0284472144485	1	0	1.0	0.19466600860853445
29634.95444409517	1000.0	943.0740031192738	0.0	0	0.0	3578.028447214452	1	0	1.0	0.8878131891684787
30884.737626487964	2000.0	693.2908207264846	0.0	0	0.0	3578.028447214456	1	0	1.0	0.8878131891684775
31864.03152581017	2000.0	713.9969214042803	0.0	0	0.0	3578.028447214456	1	0	1.0	1.5809603697284227
32708.560760074157	2000.0	869.4676871402955	0.0	0	0.0	3578.028447214456	1	0	1.0	1.5809603697284227
34516.807052025295	2000.0	200.0	138.77860481084332	0	0.0	3716.8070520253023	1	0	1.0	0.7282485471901808
36374.19766481363	2000.0	200.0	857.3906127883421	0	0.0	4574.197664813633	1	0	1.0	-3.917664980000887
36687.864155855474	300.0	886.3335089581565	0.0	0	0.0	2574.1976648136333	1	0	1.0	-8.013224440497128
38087.73216617439	1000.0	486.46549863924133	0.0	0	0.0	2574.1976648136333	1	0	1.0	-0.11610445561124716
39605.0454703476	1000.0	261.76572622723006	292.6135317611997	0	0.0	2866.811196574832	1	0	1.0	-0.7077394282170293
40809.57910437112	1000.0	366.8027492433815	309.5706570396773	0	0.0	3176.3818536145045	1	0	1.0	-0.8678052835683716
41466.69185114351	500.0	712.2004425242112	2.5104400532175646	0	0.0	3178.892293667719	1	0	1.0	-0.412270328317649
42411.339759378265	1000.0	767.5525342894524	0.0	0	0.0	3178.892293667719	1	0	1.0	0.29593949256160185
44196.8501500463	1000.0	264.9312456614883	282.88910204007095	0	0.0	3461.7813957077888	1	0	1.0	-0.7763591872031741
44771.238467436786	500.0	703.4944476292989	12.951519358296338	0	0.0	3474.732915066088	1	0	1.0	-0.5465631295962039
46354.919753019865	1000.0	233.31159135905745	113.4984293128461	0	0.0	3588.2313443789244	1	0	1.0	-0.4773704618965542
46840.952885432656	500.0	759.2813669251814	12.002907978912276	0	0.0	3600.2342523578336	1	0	1.0	-0.5772107566469692
47882.17217660853	1000.0	718.062075749306	0.0	0	0.0	3600.2342523578336	1	0	1.0	0.18795387178644984
49134.32065993881	1000.0	465.9135924190361	0.0	0	0.0	3600.2342523578336	1	0	1.0	0.8811010523463952
50142.548309068756	500.0	499.6560490913921	41.97010580230824	0	0.0	3642.2043581601465	1	0	1.0	-0.7700441978414738
50873.52088648416	500.0	768.6834716759839	0.0	0	0.0	3642.2043581601465	1	0	1.0	0.17492361753232114
51955.76790871861	1000.0	686.4364494415257	0.0	0	0.0	3642.2043581601465	1	0	1.0	0.17492361753232122
53217.00299701543	1000.0	425.2013611447051	0.0	0	0.0	3642.2043581601465	1	0	1.0	0.8680707980922666
53800.08498726009	500.0	842.1193709000369	0.0	0	0.0	3642.2043581601465	1	0	1.0	-0.5182235630276244
54977.1335363145	1000.0	665.0708218456274	0.0	0	0.0	3642.2043581601465	1	0	1.0	0.17492361753232122
55992.74741922041	1000.0	649.4569389397092	0.0	0	0.0	3642.2043581601465	1	0	1.0	0.8680707980922666
56800.144592643104	1000.0	842.059765517016	0.0	0	0.0	3642.2043581601465	1	0	1.0	0.8680707980922666
57932.461121876855	1000.0	709.7432362832719	0.0	0	0.0	3642.2043581601465	1	0	1.0	0.8680707980922666
58991.20618882264	1000.0	650.998169337495	0.0	0	0.0	3642.204358160154	1	0	1.0	0.8680707980922642
59774.91485317925	1000.0	867.2895049808817	0.0	0	0.0	3642.204358160161	1	0	1.0	0.868070798092262
60774.24336601198	1000.0	867.9609921481514	0.0	0	0.0	3642.204358160161	1	0	1.0	0.868070798092262
61749.478474593125	1000.0	892.7258835670098	0.0	0	0.0	3642.204358160161	1	0	1.0	0.868070798092262
62994.55267072114	1000.0	647.6516874390011	0.0	0	0.0	3642.204358160161	1	0	1.0	0.868070798092262
64058.05707790864	1000.0	584.1472802514952	0.0	0	0.0	3642.204358160154	1	0	1.0	0.8680707980922642
65079.4862915472	1000.0	562.7180666129365	0.0	0	0.0	3642.204358160154	1	0	1.0	0.8680707980922642
66128.737962359	1000.0	513.4663958011315	0.0	0	0.0	3642.2043581601465	1	0	1.0	0.8680707980922655
66829.48556432329	1000.0	812.7187938368413	0.0	0	0.0	3642.2043581601465	1	0	1.0	0.8680707980922655
68084.93524232428	1000.0	557.2691158358517	0.0	0	0.0	3642.2043581601465	1	0	1.0	0.8680707980922684
69217.60452896655	1000.0	424.5998291935827	0.0	0	0.0	3642.2043581601465	1	0	1.0	0.8680707980922657
70093.66818034135	1000.0	581.6625268502346	33.12634903147517	0	0.0	3675.3307071916206	1	0	1.0	0.6587037436562166
70924.98562006853	1000.0	750.3450871230539	0.0	0	0.0	3675.3307071916206	1	0	1.0	0.8574618378450677
72331.230119106	1000.0	344.1005880856025	0.0	0	0.0	3675.3307071916206	1	0	1.0	0.8574618378450677
72958.51657565832	500.0	716.8141315332891	0.0	0	0.0	3675.3307071916206	1	0	1.0	-0.5288325232748231
73812.01314431385	1000.0	863.3175628777628	0.0	0	0.0	3675.3307071916206	1	0	1.0	0.1643146572851223
74709.47057181173	1000.0	965.8601353798759	0.0	0	0.0	3675.3307071916206	1	0	1.0	0.8574618378450677
75692.65051511241	1000.0	982.6801920791943	0.0	0	0.0	3675.3307071916206	1	0	1.0	0.8574618378450677
76746.88896305427	1000.0	928.4417441373378	0.0	0	0.0	3675.330707191635	1	0	1.0	0.8574618378450629
77562.77222880261	1000.0	1112.5584783889794	0.0	0	0.0	3675.330707191635	1	0	1.0	0.8574618378450629
78798.36176718348	1000.0	876.968940008117	0.0	0	0.0	3675.330707191635	1	0	1.0	0.8574618378450629
79999.3512200774	1000.0	675.979487114184	0.0	0	0.0	3675.330707191635	1	0	1.0	0.8574618378450629
80971.64218934703	1000.0	703.6885178445635	0.0	0	0.0	3675.330707191635	1	0	1.0	0.8574618378450629
81714.438199984	1000.0	960.8925072075991	0.0	0	0.0	3675.330707191635	1	0	1.0	0.8574618378450629
82972.80839254224	1000.0	702.5223146493644	0.0	0	0.0	3675.330707191635	1	0	1.0	0.8574618378450629
83779.66957267604	1000.0	895.661134515563	0.0	0	0.0	3675.3307071916497	1	0	1.0	0.8574618378450583
85067.83224983957	1000.0	607.498457352029	0.0	0	0.0	3675.3307071916643	1	0	1.0	0.8574618378450536
86333.5816653137	1000.0	341.749041877902	0.0	0	0.0	3675.3307071916643	1	0	1.0	0.8574618378450536
86794.42025902215	500.0	880.9104481694369	0.0	0	0.0	3675.3307071916643	1	0	1.0	-0.528832523274837
87871.15706608343	1000.0	804.1736411081605	0.0	0	0.0	3675.3307071916643	1	0	1.0	0.1643146572851082
89229.59454611684	1000.0	445.7361610747302	0.0	0	0.0	3675.3307071916643	1	0	1.0	0.8574618378450536
89646.73302047647	500.0	1028.5976867151103	0.0	0	0.0	3675.330707191679	1	0	1.0	-0.528832523274842
91097.14860027992	1000.0	578.182106911675	0.0	0	0.0	3675.330707191679	1	0	1.0	0.16431465728510342
91960.67664989337	1000.0	714.6540572982237	0.0	0	0.0	3675.330707191679	1	0	1.0	0.8574618378450488
93138.47211315254	1000.0	536.8585940390576	0.0	0	0.0	3675.330707191679	1	0	1.0	0.8574618378450488
93987.81512521525	1000.0	687.5155819763452	0.0	0	0.0	3675.330707191679	1	0	1.0	0.8574618378450488
95122.1792531999	1000.0	553.1514539917068	0.0	0	0.0	3675.330707191679	1	0	1.0	0.8574618378450488
96033.4979395843	1000.0	641.8327676072827	0.0	0	0.0	3675.3307071916643	1	0	1.0	0.8574618378450536
97161.5520077301	1000.0	513.7786994614532	0.0	0	0.0	3675.3307071916643	1	0	1.0	0.8574618378450536
98283.57086263444	1000.0	391.7598445571108	0.0	0	0.0	3675.3307071916643	1	0	1.0	0.8574618378450536
98882.34097746505	500.0	792.9897297265036	0.0	0	0.0	3675.330707191679	1	0	1.0	-0.528832523274842
100130.00335553646	1000.0	545.327351655076	0.0	0	0.0	3675.330707191679	1	0	1.0	0.16431465728510342
101187.5800012625	1000.0	489.321739442496	1.5710335134379534	0	0.0	3676.9017407051288	1	0	1.0	0.84752527773196
102007.44357947135	500.0	669.4581612336565	0.0	0	0.0	3676.9017407051288	1	0	1.0	-0.5293428823073032
102887.98171684908	1000.0	788.9200238559133	0.0	0	0.0	3676.901740705114	1	0	1.0	0.16380429825264697
104110.6784550252	1000.0	566.2232856798	0.0	0	0.0	3676.901740705114	1	0	1.0	0.8569514788125923
105115.44735772327	1000.0	561.4543829817227	0.0	0	0.0	3676.901740705114	1	0	1.0	0.8569514788125923
106654.21614817102	1000.0	200.0	177.31440746602118	0	0.0	3854.216148171152	1	0	1.0	-0.2648533481452948
107608.02560738735	500.0	499.3829215514571	253.19238076778947	0	0.0	4107.408528938948	1	0	1.0	-2.2153824440938505
108630.69840703353	500.0	500.9291121088589	24.218990203587623	0	0.0	2131.6275191425375	1	0	1.0	-5.70645697314804
109482.41771609857	500.0	649.2098030438308	0.0	0	0.0	2131.6275191425375	1	0	1.0	0.43885696807348573
110616.18602117276	1000.0	515.4414979696456	0.0	0	0.0	2131.6275191425375	1	0	1.0	0.4388569680734858
111710.7271264947	1000.0	420.9003926476965	0.0	0	0.0	2131.6275191425375	1	0	1.0	1.1320041486334311
113123.17606359629	1000.0	245.08555202460346	236.63409647847644	0	0.0	2368.2616156208824	1	0	1.0	-0.3090914014568049
113919.30650981679	500.0	595.5114100848102	146.55630428070845	0	0.0	2514.8179199016013	1	0	1.0	-1.1707160850909222
115731.13266861881	1000.0	200.0	416.3147487172003	0	0.0	2931.1326686188113	1	0	1.0	-2.115428930695794
116970.9782713608	500.0	477.2450240590597	517.0906268010604	0	0.0	3448.22329541987	1	0	1.0	-3.564203686592595
117377.01672383613	500.0	1071.2065715837382	0.0	0	0.0	3448.22329541987	1	0	1.0	0.2314872547737123
118065.2300351914	1000.0	1382.9932602284684	0.0	0	0.0	3448.22329541987	1	0	1.0	0.23148725477371235
119113.3827549787	1000.0	1334.8405404411758	0.0	0	0.0	3448.2232954198844	1	0	1.0	0.9246344353336539
119993.16676089952	1000.0	1455.0565345203463	0.0	0	0.0	3448.2232954198844	1	0	1.0	0.9246344353336539
120891.05426503852	1000.0	1557.1690303813407	0.0	0	0.0	3448.2232954198844	1	0	1.0	0.9246344353336539
122740.32221520712	1000.0	707.9010802127259	0.0	0	0.0	3448.2232954198844	1	0	1.0	0.9246344353336539
123627.19564724375	500.0	821.0276481760939	0.0	0	0.0	3448.2232954198844	1	0	1.0	-0.46165992578623694
125144.13218145161	1000.0	304.09111396823914	0.0	0	0.0	3448.2232954198844	1	0	1.0	0.23148725477370846
125464.4621081297	500.0	983.7611872901551	0.0	0	0.0	3448.2232954198844	1	0	1.0	-0.46165992578623694
126353.69548320863	1000.0	1094.5278122112209	0.0	0	0.0	3448.2232954198844	1	0	1.0	0.23148725477370846
127224.89461616745	1000.0	1223.3286792524204	0.0	0	0.0	3448.2232954198844	1	0	1.0	0.9246344353336539
128308.85335706748	2000.0	1139.3699383523917	0.0	0	0.0	3448.2232954198844	1	0	1.0	0.9246344353336537
129507.86162303775	2000.0	940.3616723821218	0.0	0	0.0	3448.223295419899	1	0	1.0	1.6177816158935951
131586.8640248476	2000.0	200.0	338.64072942772736	0	0.0	3786.8640248476004	1	0	1.0	-0.45653803594247877
132691.60460167346	1000.0	452.400244537166	357.14082136304575	0	0.0	4144.004846210621	1	0	1.0	-2.1628109424104447
133505.25854145124	1000.0	638.7463047594025	0.0	0	0.0	4144.00484621065	1	0	1.0	0.6731811663277708
134439.9736081587	1000.0	704.0312380519595	0.0	0	0.0	4144.004846210679	1	0	1.0	0.6731811663277587
135120.2777620977	1000.0	1023.7270841129581	0.0	0	0.0	4144.004846210708	1	0	1.0	0.6731811663277452
135960.2668435644	1000.0	1183.7380026462556	0.0	0	0.0	4144.004846210679	1	0	1.0	0.6731811663277545
137139.9229151424	1000.0	1004.0819310682745	0.0	0	0.0	4144.004846210708	1	0	1.0	0.6731811663277412
138045.76441125703	1000.0	1098.2404349536437	0.0	0	0.0	4144.004846210708	1	0	1.0	0.6731811663277412
138752.51694309732	1000.0	1391.487903113383	0.0	0	0.0	4144.004846210708	1	0	1.0	0.6731811663277412
139457.3183154204	1000.0	1686.6865307903379	0.0	0	0.0	4144.004846210708	1	0	1.0	0.6731811663277412
141347.40462448425	2000.0	796.6002217264997	0.0	0	0.0	4144.004846210679	1	0	1.0	0.6731811663277545
142811.13087960388	1000.0	332.87396660687125	0.0	0	0.0	4144.00484621065	1	0	1.0	-0.019966014232177032
143474.20136797123	500.0	710.4547641224358	40.65128588291101	0	0.0	2184.65613209366	1	0	1.0	-6.502559867791711
144649.8728997547	1000.0	534.7832323389565	0.0	0	0.0	2184.65613209366	1	0	1.0	0.43449502806570134
146133.30026156778	1000.0	200.0	148.64412947413237	0	0.0	2333.3002615677833	1	0	1.0	0.22978650032311457
147027.35692194564	500.0	501.71501017929404	195.771670557145	0	0.0	2529.0719321249344	1	0	1.0	-1.467664412758665
147909.30752278192	500.0	619.7644093430063	0.0	0	0.0	2529.0719321249344	1	0	1.0	0.4001127911441503
148556.10782948465	500.0	972.9641026403124	0.0	0	0.0	2529.0719321249344	1	0	1.0	0.4001127911441503
150285.49300302123	1000.0	243.57892910371294	0.0	0	0.0	2529.0719321249053	1	0	1.0	0.40011279114415377
151037.2791609078	500.0	621.7148676717833	129.92209645464754	0	0.0	2658.99402857956	1	0	1.0	-1.0887273350163553
152784.25655440177	1000.0	200.0	325.2625258221704	0	0.0	2984.2565544017416	1	0	1.0	-1.6142145639868382
153505.496602434	500.0	556.9185281358017	78.15857616802873	0	0.0	3062.415130569774	1	0	1.0	-0.8426888260119316
154408.91670223043	500.0	653.4984283393634	0.0	0	0.0	3062.4151305698033	1	0	1.0	0.31940981155618303
155568.33608174272	1000.0	494.07904882706634	0.0	0	0.0	3062.4151305698033	1	0	1.0	0.3194098115561808
156300.21429419197	500.0	762.2008363778008	0.0	0	0.0	3062.4151305698033	1	0	1.0	-0.37373736900376453
158082.80171889198	1000.0	200.0	220.38658832221125	0	0.0	3282.8017188919766	1	0	1.0	-1.0416860739382665
158899.23123527027	500.0	602.5052412995303	218.93475767782928	0	0.0	3501.736476569815	1	0	1.0	-1.7899596229388928
159470.65975404333	500.0	1031.0767225264515	0.0	0	0.0	3501.736476569815	1	0	1.0	0.21679610368802812
160406.66075490156	1000.0	1095.075721668229	0.0	0	0.0	3501.7364765697857	1	0	1.0	0.21679610368803157
161358.2463050546	1000.0	1143.490171515177	0.0	0	0.0	3501.7364765697857	1	0	1.0	0.9099432842479818
162255.7740439109	1000.0	1245.9624326588623	0.0	0	0.0	3501.7364765697857	1	0	1.0	0.9099432842479818
163214.2960915665	1000.0	1287.4403850032515	0.0	0	0.0	3501.736476569815	1	0	1.0	0.9099432842479802
164160.414215996	1000.0	1341.322260573789	0.0	0	0.0	3501.736476569815	1	0	1.0	0.9099432842479737
165349.49926529222	1000.0	1152.2372112775492	0.0	0	0.0	3501.736476569815	1	0	1.0	0.9099432842479737
166223.28930760498	1000.0	1278.4471689647962	0.0	0	0.0	3501.736476569815	1	0	1.0	0.9099432842479671
167483.90538311473	1000.0	1017.8310934550822	0.0	0	0.0	3501.736476569815	1	0	1.0	0.9099432842479737
168792.130189463	1000.0	709.6062871067904	0.0	0	0.0	3501.736476569815	1	0	1.0	0.9099432842479737
169894.60358097404	1000.0	607.1328955957316	0.0	0	0.0	3501.736476569815	1	0	1.0	0.9099432842479737
170766.8036944747	1000.0	734.9327820950954	0.0	0	0.0	3501.736476569815	1	0	1.0	0.9099432842479737
171572.55081825136	1000.0	929.1856583184087	0.0	0	0.0	3501.736476569815	1	0	1.0	0.9099432842479737
172251.3629048458	1000.0	1250.3735717239658	0.0	0	0.0	3501.736476569815	1	0	1.0	0.9099432842479737
173595.989912976	1000.0	905.7465635937625	0.0	0	0.0	3501.7364765697857	1	0	1.0	0.90994328424798
174444.38729166487	1000.0	1057.3491849048637	0.0	0	0.0	3501.736476569815	1	0	1.0	0.909943284247977
175388.40283308964	1000.0	1113.3336434801138	0.0	0	0.0	3501.736476569815	1	0	1.0	0.9099432842479737
176568.03105414193	1000.0	933.7054224278014	0.0	0	0.0	3501.7364765697857	1	0	1.0	0.90994328424798
177687.56279152678	1000.0	814.1736850429605	0.0	0	0.0	3501.736476569815	1	0	1.0	0.9099432842479737
178372.58395075568	1000.0	1129.152525814101	0.0	0	0.0	3501.736476569844	1	0	1.0	0.9099432842479654
179245.5787052119	2000.0	1256.1577713578613	0.0	0	0.0	3501.736476569873	1	0	1.0	0.9099432842479573
180321.81156508473	2000.0	1179.9249114850495	0.0	0	0.0	3501.736476569902	1	0	1.0	1.6030904648078992
181128.4162048138	2000.0	1373.3202717559452	0.0	0	0.0	3501.736476569902	1	0	1.0	1.6030904648078943
182995.11804162146	2000.0	506.61843494829026	0.0	0	0.0	3501.736476569873	1	0	1.0	1.6030904648079025
184226.5101005318	2000.0	357.85198102225337	82.62560498432151	0	0.0	3584.3620815541944	1	0	1.0	1.0833049533121712
185472.1886940641	1000.0	274.56808162720483	162.39469413726727	0	0.0	3746.756775691465	1	0	1.0	-0.8339323601971933
186195.28650971854	500.0	612.6971425447097	61.22687657189721	0	0.0	3807.983652263385	1	0	1.0	-0.941671196247578
187482.0751551207	1000.0	325.9084971425506	0.0	0	0.0	3807.983652263385	1	0	1.0	0.11883724374375071
188229.28981753637	500.0	650.363739015066	71.66990428819037	0	0.0	3879.6535565515806	1	0	1.0	-1.0309901947888966
189026.72863172638	1000.0	852.9249248250458	0.0	0	0.0	3879.6535565516097	1	0	1.0	0.09217641150017997
190368.2939018043	1000.0	511.3596547471155	0.0	0	0.0	3879.6535565516097	1	0	1.0	0.7853235920601187
192151.67911852905	1000.0	200.0	472.02556197763954	0	0.0	4351.679118529253	1	0	1.0	-2.145315352062696
192552.66255798057	300.0	801.2167502451655	2.200189696653382	0	0.0	2353.879308225907	1	0	1.0	-7.308998104440254
193687.42372771053	1000.0	666.4555805151908	0.0	0	0.0	2353.879308225878	1	0	1.0	-0.09182416193439369
195220.19114833057	1000.0	200.0	66.31184010483396	0	0.0	2420.1911483307485	1	0	1.0	0.7120129212839017
195789.46203360357	500.0	693.8031469151751	63.07403218815128	0	0.0	2483.265180518909	1	0	1.0	-0.6662344844276106
196687.3914779633	1000.0	795.873702555422	0.0	0	0.0	2483.26518051888	1	0	1.0	0.405356889261246
198088.93459581607	1000.0	394.3305847026408	0.0	0	0.0	2483.2651805188507	1	0	1.0	1.098504069821194
198891.68639971293	500.0	610.9623903827637	19.38360957701508	0	0.0	2502.6487900958455	1	0	1.0	-0.4062834851304248
200314.92676047207	1000.0	240.50035688496547	52.77832726135546	0	0.0	2555.427117357205	1	0	1.0	0.08032167120901462
200788.40564184403	500.0	773.0878767786213	6.066401265626837	0	0.0	2561.493518622825	1	0	1.0	-0.3332833733653576
201946.92064866988	1000.0	614.5728699527815	0.0	0	0.0	2561.493518622825	1	0	1.0	0.3962622147883488
202900.95343027302	1000.0	660.54008834963	0.0	0	0.0	2561.493518622825	1	0	1.0	1.0894093953482942
203959.19505950215	1000.0	602.2984591205218	0.0	0	0.0	2561.493518622825	1	0	1.0	1.0894093953482942
205083.3952596253	1000.0	478.09825899733573	0.0	0	0.0	2561.493518622825	1	0	1.0	1.0894093953482942
205914.13834624994	1000.0	647.3551723727134	0.0	0	0.0	2561.493518622854	1	0	1.0	1.0894093953482906
206775.84450350818	1000.0	785.6490151144617	0.0	0	0.0	2561.493518622825	1	0	1.0	1.0894093953482942
207610.84082308074	1000.0	950.6526955419185	0.0	0	0.0	2561.493518622825	1	0	1.0	1.0894093953482942
208806.22950482613	1000.0	755.2640137965418	0.0	0	0.0	2561.493518622854	1	0	1.0	1.0894093953482906
210022.67783530074	1000.0	538.8156833219216	0.0	0	0.0	2561.493518622854	1	0	1.0	1.0894093953482906
211219.05264114728	1000.0	366.16979059561527	23.728913120213406	0	0.0	2585.222431743052	1	0	1.0	0.9441425878472038
212307.80457571402	1000.0	465.9983257096401	188.58046968076127	0	0.0	2773.802901423798	1	0	1.0	-0.07038629841126698
213084.94318836392	1000.0	688.8597130597285	0.0	0	0.0	2773.802901423798	1	0	1.0	1.0610965196733009
214138.82678501363	1000.0	634.9761164100075	0.0	0	0.0	2773.802901423798	1	0	1.0	1.0610965196733009
215071.42457162534	1000.0	702.3783297983159	0.0	0	0.0	2773.802901423798	1	0	1.0	1.0610965196733009
216203.5246838392	1000.0	570.2782175844329	0.0	0	0.0	2773.8029014238273	1	0	1.0	1.0610965196732967
217325.70532940872	1000.0	471.90213504769747	23.804563032806755	0	0.0	2797.6074644566106	1	0	1.0	0.9147327721352816
218350.74012269307	1000.0	446.86734176336984	0.0	0	0.0	2797.6074644566397	1	0	1.0	1.057560150332118
219116.04796518828	1000.0	681.5594992681797	0.0	0	0.0	2797.6074644566397	1	0	1.0	1.057560150332118
219886.03238661485	1000.0	911.5750778416026	0.0	0	0.0	2797.6074644566397	1	0	1.0	1.057560150332118
220853.1645439002	1000.0	944.4429205562403	0.0	0	0.0	2797.6074644566397	1	0	1.0	1.057560150332118
221859.05794794756	1000.0	938.5495165088764	0.0	0	0.0	2797.6074644566106	1	0	1.0	1.0575601503321221
222845.57992109543	1000.0	952.0275433610145	0.0	0	0.0	2797.6074644566106	1	0	1.0	1.0575601503321221
224059.62022245242	1000.0	737.9872420040149	0.0	0	0.0	2797.6074644566397	1	0	1.0	1.057560150332118
224878.6573077838	1000.0	918.9501566726365	0.0	0	0.0	2797.6074644566106	1	0	1.0	1.0575601503321221
225691.07797317056	1000.0	1106.529491285897	0.0	0	0.0	2797.6074644566106	1	0	1.0	1.0575601503321221
226531.58034367062	1000.0	1266.0271207858475	0.0	0	0.0	2797.6074644566106	1	0	1.0	1.0575601503321221
227662.80969380055	1000.0	1134.7977706559245	0.0	0	0.0	2797.6074644565815	1	0	1.0	1.0575601503321266
228472.24283797678	1000.0	1325.3646264796812	0.0	0	0.0	2797.6074644565815	1	0	1.0	1.0575601503321266
229259.32265294812	1000.0	1538.2848115083193	0.0	0	0.0	2797.6074644565815	1	0	1.0	1.0575601503321266
230295.02168836308	1000.0	1502.5857760933782	0.0	0	0.0	2797.6074644565815	1	0	1.0	1.0575601503321266
231302.5715614713	1000.0	1495.0359029851516	0.0	0	0.0	2797.6074644565815	1	0	1.0	1.0575601503321266
232282.65797430693	1000.0	1514.949490149534	0.0	0	0.0	2797.6074644566106	1	0	1.0	1.0575601503321221
233165.45971209972	1000.0	1632.1477523567437	0.0	0	0.0	2797.6074644566106	1	0	1.0	1.0575601503321221
234523.1641611439	1000.0	1274.4433033125463	0.0	0	0.0	2797.6074644566106	1	0	1.0	1.0575601503321221
235653.0990949952	1000.0	1144.5083694612708	0.0	0	0.0	2797.6074644566106	1	0	1.0	1.0575601503321221
236891.85053155158	1000.0	905.7569329048808	0.0	0	0.0	2797.6074644565815	1	0	1.0	1.0575601503321266
237744.82167738563	1000.0	1052.7857870708642	0.0	0	0.0	2797.6074644565815	1	0	1.0	1.0575601503321266
239069.4187974272	1000.0	728.188667029279	0.0	0	0.0	2797.6074644566106	1	0	1.0	1.0575601503321221
240094.19821522926	1000.0	703.4092492272354	0.0	0	0.0	2797.6074644566106	1	0	1.0	1.0575601503321221
241318.11896526237	1000.0	479.4884991941373	0.0	0	0.0	2797.6074644566397	1	0	1.0	1.057560150332118
242318.80178311723	1000.0	490.55177293895144	11.746091599670137	0	0.0	2809.353556056303	1	0	1.0	0.9853098078659059
243354.11902702396	1000.0	459.70229081116304	4.467761778952308	0	0.0	2813.8213178352453	1	0	1.0	1.028300049841118
244568.0342743762	1000.0	351.0583590011547	105.27131554226804	0	0.0	2919.0926333774987	1	0	1.0	0.4066285496853209
245919.09982343207	1000.0	229.90851052834222	229.91570058305223	0	0.0	3149.008333960577	1	0	1.0	-0.3841512240234442
246596.89423948986	500.0	656.1311250621172	104.01703059158919	0	0.0	3253.0253645520133	1	0	1.0	-1.0375642036124575
247532.10514130926	1000.0	720.9202232427066	0.0	0	0.0	3253.0253645519842	1	0	1.0	0.27968516049702996
249011.04540823604	1000.0	241.9799563159241	0.0	0	0.0	3253.0253645519842	1	0	1.0	0.9728323410569755
249570.3383975054	500.0	698.8109868980466	16.124019851452957	0	0.0	3269.1493844034267	1	0	1.0	-0.5138843424314633
250874.34120837666	1000.0	394.80817602676734	0.0	0	0.0	3269.1493844034267	1	0	1.0	0.2760069572371998
251606.96708260852	500.0	682.2843496698199	20.102047874927834	0	0.0	3289.251432278339	1	0	1.0	-0.5424116678486436
252644.3925780837	1000.0	644.8588541946281	0.0	0	0.0	3289.251432278368	1	0	1.0	0.2713477999608632
253581.7952031909	1000.0	707.4562290874264	0.0	0	0.0	3289.251432278339	1	0	1.0	0.9644949805208127
254494.78576272374	1000.0	794.4656695546423	0.0	0	0.0	3289.25143227831	1	0	1.0	0.9644949805208182
256087.50918982277	1000.0	201.74224245559523	0.0	0	0.0	3289.25143227831	1	0	1.0	0.9644949805208209
256822.7588836813	500.0	634.4559470425621	167.96339844548942	0	0.0	3457.214830723795	1	0	1.0	-1.4718621822479738
258487.31049035702	1000.0	279.1609919453087	309.25665157844116	0	0.0	3766.471482302266	1	0	1.0	-1.7180097006729191
258978.06037025526	500.0	788.4111120470794	0.0	0	0.0	3766.471482302266	1	0	1.0	-0.559550112065198
260360.30443905966	1000.0	406.16704324266345	0.0	0	0.0	3766.471482302237	1	0	1.0	0.1335970684947573
261113.01200016565	500.0	653.4594821366666	0.0	0	0.0	3766.471482302237	1	0	1.0	-0.559550112065188
262313.1520898181	1000.0	453.3193924841922	0.0	0	0.0	3766.471482302237	1	0	1.0	0.1335970684947573
263083.2550929033	500.0	683.2163893989888	0.0	0	0.0	3766.4714823021786	1	0	1.0	-0.559550112065176
265844.59700926614	1000.0	200.0	1278.125526963902	0	0.0	5044.597009266145	1	0	1.0	-8.07274295228994
266205.6729628702	300.0	838.9240463959287	0.0	0	0.0	3044.5970092661446	1	0	1.0	-7.392009397621154
267006.99545193324	1000.0	1037.6015573329626	0.0	0	0.0	3044.5970092661446	1	0	1.0	-0.18803659329521885
267758.76244108827	1000.0	1285.834568177923	0.0	0	0.0	3044.597009266203	1	0	1.0	1.0159362110307062
268646.4625903357	1000.0	1398.1344189304689	0.0	0	0.0	3044.5970092661446	1	0	1.0	1.0159362110307173
269235.8551665043	1000.0	1808.741842761852	0.0	0	0.0	3044.5970092660864	1	0	1.0	1.0159362110307195
269968.4486778558	1000.0	2076.1483314103616	0.0	0	0.0	3044.5970092660864	1	0	1.0	1.0159362110307282
272461.32227631623	2000.0	583.2747329499248	0.0	0	0.0	3044.5970092661446	1	0	1.0	1.0159362110307237
273530.9665709535	1000.0	513.6304383127099	0.0	0	0.0	3044.597009266203	1	0	1.0	0.32278903047076113
274357.3120894012	500.0	687.284919865021	0.0	0	0.0	3044.5970092661446	1	0	1.0	-0.3703581500891734
275056.05426990555	1000.0	988.5427393606517	0.0	0	0.0	3044.597009266203	1	0	1.0	0.3227890304707609
275934.01799815946	1000.0	1110.5790111067672	0.0	0	0.0	3044.597009266203	1	0	1.0	1.0159362110307062
276508.18404265324	1000.0	1536.4129666129468	0.0	0	0.0	3044.597009266261	1	0	1.0	1.0159362110306955
277876.45787324663	2000.0	1168.139136019565	0.0	0	0.0	3044.597009266261	1	0	1.0	1.0159362110306955
278851.1958860572	2000.0	1193.4011232090052	0.0	0	0.0	3044.597009266261	1	0	1.0	1.7090833915906405
280505.515285071	2000.0	539.0817241952192	0.0	0	0.0	3044.597009266203	1	0	1.0	1.7090833915906514
281429.9776792323	1000.0	614.6193300339241	0.0	0	0.0	3044.597009266261	1	0	1.0	0.32278903047075463
282176.74830647744	1000.0	867.8487027888244	0.0	0	0.0	3044.597009266261	1	0	1.0	1.0159362110306955
283314.5827002972	1000.0	730.0143089691372	0.0	0	0.0	3044.5970092663774	1	0	1.0	1.01593621103068
284029.3448704849	1000.0	1015.2521387814542	0.0	0	0.0	3044.5970092663774	1	0	1.0	1.0159362110306736
285045.65893438226	1000.0	998.9380748840795	0.0	0	0.0	3044.5970092663774	1	0	1.0	1.0159362110306736
286251.63889655645	1000.0	792.9581127098913	0.0	0	0.0	3044.597009266319	1	0	1.0	1.0159362110306844
287235.89611221856	1000.0	808.7008970477551	0.0	0	0.0	3044.597009266319	1	0	1.0	1.0159362110306844
288257.6877703821	1000.0	786.9092388842485	0.0	0	0.0	3044.597009266319	1	0	1.0	1.0159362110306844
289003.4777889047	1000.0	1041.119220361746	0.0	0	0.0	3044.5970092663774	1	0	1.0	1.0159362110306736
289813.07581574697	1000.0	1231.5211935194593	0.0	0	0.0	3044.597009266319	1	0	1.0	1.0159362110306844
291059.8779827383	1000.0	984.719026528153	0.0	0	0.0	3044.597009266319	1	0	1.0	1.0159362110306844
292314.3696526098	1000.0	730.2273566566831	0.0	0	0.0	3044.5970092663774	1	0	1.0	1.0159362110306736
293584.89606620785	1000.0	459.700943058698	0.0	0	0.0	3044.5970092663774	1	0	1.0	1.0159362110306778
294785.8207208764	1000.0	258.77628839016165	0.0	0	0.0	3044.5970092663774	1	0	1.0	1.0159362110306736
295844.49801138253	500.0	500.4020400415645	300.30304215752767	0	0.0	3344.900051424105	1	0	1.0	-2.236950804353121
296764.11462369864	500.0	580.7854277254594	0.0	0	0.0	3344.9000514241634	1	0	1.0	0.2580146291519756
297803.0595225768	500.0	541.8405288472861	0.0	0	0.0	3344.9000514241634	1	0	1.0	0.2580146291519756
298849.2943765674	500.0	495.6056748566722	0.0	0	0.0	3344.900051424105	1	0	1.0	0.2580146291519899
299761.2977816995	500.0	583.6022697245648	0.0	0	0.0	3344.900051424105	1	0	1.0	0.2580146291519899
300739.08959096984	500.0	605.810460454273	0.0	0	0.0	3344.900051424105	1	0	1.0	0.2580146291519899
301480.66163511365	500.0	864.2384163104643	0.0	0	0.0	3344.900051424105	1	0	1.0	0.2580146291519899
303529.49958171736	1000.0	200.0	384.59953029324777	0	0.0	3729.499581717304	1	0	1.0	-2.1127379911416098
304092.8070816066	500.0	717.7043763982593	81.01187628741624	0	0.0	3810.5114580047084	1	0	1.0	-1.0612959252481557
306169.8169746484	1000.0	200.0	559.3055166435194	0	0.0	4369.8169746482745	1	0	1.0	-3.415866932635732
306541.83539325045	300.0	827.9815813979681	0.0	0	0.0	2369.8169746482745	1	0	1.0	-7.297388844807478
308149.6562819367	1000.0	220.1606927117552	0.0	0	0.0	2369.8169746482745	1	0	1.0	-0.0934160404815414
308633.69423662365	500.0	747.3254993751731	11.202761350372413	0	0.0	2381.0197359986487	1	0	1.0	-0.34408760320080944
309820.7786102923	1000.0	560.2411257065626	0.0	0	0.0	2381.019735998707	1	0	1.0	0.41627614546136565
310634.360524398	1000.0	746.6592116009137	0.0	0	0.0	2381.0197359986487	1	0	1.0	1.1094233260213158
311720.5092619419	1000.0	660.5104740570002	0.0	0	0.0	2381.0197359986487	1	0	1.0	1.1094233260213158
312497.63738018303	1000.0	883.3823558158608	0.0	0	0.0	2381.0197359985905	1	0	1.0	1.1094233260213218
313938.6860978922	1000.0	442.3336381066973	0.0	0	0.0	2381.0197359986487	1	0	1.0	1.1094233260213158
315059.1722430815	1000.0	420.7123304962852	98.86483757889386	0	0.0	2479.884573577554	1	0	1.0	0.5056931788271927
316471.0098967354	1000.0	225.44565722443707	216.5709803821061	0	0.0	2696.455553959706	1	0	1.0	-0.22733133701584474
0.4915102040816326	0.8395102040816327	0.5515102040816326	0.5995102040816327	0.7075102040816327	0.7675102040816327	1.0315102040816326	0.8515102040816327	1.3795102040816327	1.1035102040816327	1.1275102040816327	0.7675102040816327	1.1635102040816325	0.8275102040816327	0.8755102040816327	1.0795102040816327	1.1275102040816327	1.2835102040816326	1.2835102040816326	0.8155102040816327	1.2835102040816326	1.2115102040816326	0.7555102040816327	1.0075102040816326	1.3075102040816327	1.8835102040816327	2.4235102040816328	2.447510204081633	1.4875102040816326	1.1155102040816327	1.3555102040816327	1.0915102040816327	0.8515102040816327	0.8395102040816327	0.7795102040816326	1.0795102040816327	0.9355102040816325	1.1035102040816327	0.4795102040816326	0.8755102040816327	0.8995102040816327	0.6475102040816326	0.8755102040816327	1.2355102040816326	0.4915102040816326	0.6835102040816327	0.7315102040816327	0.8515102040816327	1.009304347826087	1.025304347826087	1.019304347826087	0.945304347826087	1.007304347826087	1.011304347826087	1.043304347826087	1.029304347826087	1.035304347826087	1.077304347826087	1.025304347826087	1.025304347826087	1.019304347826087	1.051304347826087	1.071304347826087	0.997304347826087	1.1413043478260871	1.047304347826087	1.059304347826087	0.981304347826087	0.991304347826087	0.993304347826087	1.061304347826087	1.1233043478260871	1.229304347826087	1.087304347826087	1.043304347826087	0.981304347826087	1.011304347826087	1.063304347826087	1.003304347826087	1.041304347826087	0.979304347826087	0.9233043478260871	0.975304347826087	0.989304347826087	0.9553043478260871	0.9493043478260871	0.919304347826087	0.981304347826087	0.971304347826087	1.159304347826087	1.083304347826087	1.055304347826087	0.9513043478260871	0.965304347826087	0.8235111111111111	0.9195111111111112	0.8355111111111111	0.7395111111111111	1.015511111111111	1.003511111111111	1.039511111111111	0.9195111111111112	0.7635111111111111	0.6315111111111111	0.6435111111111111	0.8715111111111111	0.8355111111111111	0.8475111111111111	0.9435111111111111	0.8835111111111111	0.535511111111111	0.24751111111111113	0.6675111111111112	1.291511111111111	1.231511111111111	1.3995111111111112	1.1475111111111111	0.5955111111111111	0.511511111111111	0.8835111111111111	0.6915111111111112	1.327511111111111	1.351511111111111	1.6155111111111111	1.975511111111111	1.6155111111111111	0.9795111111111111	1.051511111111111	1.039511111111111	0.8835111111111111	1.243511111111111	0.9675111111111111	0.7635111111111111	1.1475111111111111	1.243511111111111	1.063511111111111	1.291511111111111	0.9675111111111111	0.7635111111111111	0.92	1.0	0.57	0.66	0.56	0.72	0.6	0.64	0.64	0.75	0.6955102040816327	0.4915102040816326	0.8395102040816327	0.5515102040816326	0.5995102040816327	0.7075102040816327	0.7675102040816327	1.0315102040816326	0.8515102040816327	1.3795102040816327	1.1035102040816327	1.1275102040816327	0.7675102040816327	1.1635102040816325	0.8275102040816327	0.8755102040816327	1.0795102040816327	1.1275102040816327	1.2835102040816326	1.2835102040816326	0.8155102040816327	1.2835102040816326	1.2115102040816326	0.7555102040816327	1.0075102040816326	1.3075102040816327	1.8835102040816327	2.4235102040816328	2.447510204081633	1.4875102040816326	1.1155102040816327	1.3555102040816327	1.0915102040816327	0.8515102040816327	0.8395102040816327	0.7795102040816326	1.0795102040816327	0.9355102040816325	1.1035102040816327	0.4795102040816326	0.8755102040816327	0.8995102040816327	0.6475102040816326	0.8755102040816327	1.2355102040816326	0.4915102040816326	0.6835102040816327	0.7315102040816327	0.8515102040816327	1.009304347826087	1.025304347826087	1.019304347826087	0.945304347826087	1.007304347826087	1.011304347826087	1.043304347826087	1.029304347826087	1.035304347826087	1.077304347826087	1.025304347826087	1.025304347826087	1.019304347826087	1.051304347826087	1.071304347826087	0.997304347826087	1.1413043478260871	1.047304347826087	1.059304347826087	0.981304347826087	0.991304347826087	0.993304347826087	1.061304347826087	1.1233043478260871	1.229304347826087	1.087304347826087	1.043304347826087	0.981304347826087	1.011304347826087	1.063304347826087	1.003304347826087	1.041304347826087	0.979304347826087	0.9233043478260871	0.975304347826087	0.989304347826087	0.9553043478260871	0.9493043478260871	0.919304347826087	0.981304347826087	0.971304347826087	1.159304347826087	1.083304347826087	1.055304347826087	0.9513043478260871	0.965304347826087	0.8235111111111111	0.9195111111111112	0.8355111111111111	0.7395111111111111	1.015511111111111	1.003511111111111	1.039511111111111	0.9195111111111112	0.7635111111111111	0.6315111111111111	0.6435111111111111	0.8715111111111111	0.8355111111111111	0.8475111111111111	0.9435111111111111	0.8835111111111111	0.535511111111111	0.24751111111111113	0.6675111111111112	1.291511111111111	1.231511111111111	1.3995111111111112	1.1475111111111111	0.5955111111111111	0.511511111111111	0.8835111111111111	0.6915111111111112	1.327511111111111	1.351511111111111	1.6155111111111111	1.975511111111111	1.6155111111111111	0.9795111111111111	1.051511111111111	1.039511111111111	0.8835111111111111	1.243511111111111	0.9675111111111111	0.7635111111111111	1.1475111111111111	1.243511111111111	1.063511111111111	1.291511111111111	0.9675111111111111	0.7635111111111111	0.92	1.0	0.57	0.66	0.56	0.72	0.6	0.64	0.64	0.75	0.6955102040816327	0.4915102040816326	0.8395102040816327	0.5515102040816326	0.5995102040816327	0.7075102040816327	0.7675102040816327	1.0315102040816326	0.8515102040816327	1.3795102040816327	1.1035102040816327	1.1275102040816327	0.7675102040816327	1.1635102040816325	0.8275102040816327	0.8755102040816327
1.0	2.0	3.0	4.0	5.0	6.0	7.0	8.0	9.0	10.0	11.0	12.0	13.0	14.0	15.0	16.0	17.0	18.0	19.0	20.0	21.0	22.0	23.0	24.0	25.0	26.0	27.0	28.0	29.0	30.0	31.0	32.0	33.0	34.0	35.0	36.0	37.0	38.0	39.0	40.0	41.0	42.0	43.0	44.0	45.0	46.0	47.0	48.0	49.0	50.0	51.0	52.0	53.0	54.0	55.0	56.0	57.0	58.0	59.0	60.0	61.0	62.0	63.0	64.0	65.0	66.0	67.0	68.0	69.0	70.0	71.0	72.0	73.0	74.0	75.0	76.0	77.0	78.0	79.0	80.0	81.0	82.0	83.0	84.0	85.0	86.0	87.0	88.0	89.0	90.0	91.0	92.0	93.0	94.0	95.0	96.0	97.0	98.0	99.0	100.0	101.0	102.0	103.0	104.0	105.0	106.0	107.0	108.0	109.0	110.0	111.0	112.0	113.0	114.0	115.0	116.0	117.0	118.0	119.0	120.0	121.0	122.0	123.0	124.0	125.0	126.0	127.0	128.0	129.0	130.0	131.0	132.0	133.0	134.0	135.0	136.0	137.0	138.0	139.0	140.0	141.0	142.0	143.0	144.0	145.0	146.0	147.0	148.0	149.0	149.0	150.0	151.0	152.0	153.0	154.0	155.0	156.0	157.0	158.0	159.0	160.0	161.0	162.0	163.0	164.0	165.0	166.0	167.0	168.0	169.0	170.0	171.0	172.0	173.0	174.0	175.0	176.0	177.0	178.0	179.0	180.0	181.0	182.0	183.0	184.0	185.0	186.0	187.0	188.0	189.0	190.0	191.0	192.0	193.0	194.0	195.0	196.0	197.0	198.0	199.0	200.0	201.0	202.0	203.0	204.0	205.0	206.0	207.0	208.0	209.0	210.0	211.0	212.0	213.0	214.0	215.0	216.0	217.0	218.0	219.0	220.0	221.0	222.0	223.0	224.0	225.0	226.0	227.0	228.0	229.0	230.0	231.0	232.0	233.0	234.0	235.0	236.0	237.0	238.0	239.0	240.0	241.0	242.0	243.0	244.0	245.0	246.0	247.0	248.0	249.0	250.0	251.0	252.0	253.0	254.0	255.0	256.0	257.0	258.0	259.0	260.0	261.0	262.0	263.0	264.0	265.0	266.0	267.0	268.0	269.0	270.0	271.0	272.0	273.0	274.0	275.0	276.0	277.0	278.0	279.0	280.0	281.0	282.0	283.0	284.0	285.0	286.0	287.0	288.0	289.0	290.0	291.0	292.0	293.0	294.0	295.0	296.0	297.0	298.0	298.0	299.0	300.0	301.0	302.0	303.0	304.0	305.0	306.0	307.0	308.0	309.0	310.0	311.0	312.0	313.0
4181.901314774395
