5125.920549180106	2000.0	2000.0	616.4579066841894	0	0.0	5125.920549180106	1	0	1.0	-4.740885561448979
6032.5889663423395	2000.0	2093.331582837767	0.0	0	0.0	3125.9205491801067	1	0	1.0	-4.30678905848155
6810.909475020902	2000.0	2315.0110741592052	0.0	0	0.0	3125.920549180107	1	0	1.0	1.69321094151845
7962.517094956448	2000.0	2163.403454223661	0.0	0	0.0	3125.9205491801076	1	0	1.0	1.69321094151845
8896.686127002306	2000.0	2229.234422177803	0.0	0	0.0	3125.9205491801085	1	0	1.0	1.6932109415184495
9862.407700032247	2000.0	2263.5128491478627	0.0	0	0.0	3125.9205491801076	1	0	1.0	1.69321094151845
10600.726621334112	2000.0	2525.1939278459968	0.0	0	0.0	3125.920549180106	1	0	1.0	1.6932109415184502
11438.286244557454	3000.0	2687.6343046226552	0.0	0	0.0	3125.920549180106	1	0	1.0	1.6932109415184504
13219.556207861113	3000.0	1906.3643413189966	0.0	0	0.0	3125.920549180106	1	0	1.0	2.098676049626615
14235.72433906097	2000.0	1890.1962101191405	0.0	0	0.0	3125.920549180106	1	0	1.0	1.2877458334102856
16004.402994018026	3000.0	1121.5175551620828	0.0	0	0.0	3125.920549180106	1	0	1.0	1.6932109415184504
17844.702014799408	2000.0	281.2185343806987	0.0	0	0.0	3125.920549180102	1	0	1.0	1.2877458334102858
19176.19697760779	2000.0	220.83933787293577	271.1157663006167	0	0.0	3397.0363154807255	1	0	1.0	0.004524175559902588
20183.10556970311	1000.0	455.6806370961025	241.7498913184898	0	0.0	3638.7862067992137	1	0	1.0	-1.2744974637322997
20998.08213544487	1000.0	640.7040713543438	0.0	0	0.0	3638.7862067992137	1	0	1.0	0.8691490647385844
21576.40249945463	1000.0	1062.3837073445857	0.0	0	0.0	3638.7862067992137	1	0	1.0	0.8691490647385844
22897.52912364629	2000.0	741.257083152924	0.0	0	0.0	3638.7862067992137	1	0	1.0	0.8691490647385843
24146.047986911188	2000.0	492.7382198880264	0.0	0	0.0	3638.7862067992173	1	0	1.0	1.5622962452985285
24952.802793288713	1000.0	685.9834135105016	0.0	0	0.0	3638.7862067992173	1	0	1.0	0.17600188417863816
25715.236147972282	1000.0	923.5500588269309	0.0	0	0.0	3638.7862067992137	1	0	1.0	0.8691490647385844
26743.75741013043	1000.0	895.028796668781	0.0	0	0.0	3638.78620679921	1	0	1.0	0.8691490647385858
27305.22362123775	1000.0	1333.5625855614612	0.0	0	0.0	3638.78620679921	1	0	1.0	0.8691490647385858
28795.991327257463	2000.0	842.7948795417476	0.0	0	0.0	3638.78620679921	1	0	1.0	0.8691490647385858
29551.44551625913	2000.0	1087.3406905400816	0.0	0	0.0	3638.78620679921	1	0	1.0	1.562296245298531
30385.609804438835	2000.0	1253.1764023603755	0.0	0	0.0	3638.78620679921	1	0	1.0	1.562296245298531
32222.878687539065	2000.0	415.9075192601455	0.0	0	0.0	3638.78620679921	1	0	1.0	1.562296245298531
34253.24388179189	2000.0	200.0	814.4576749926749	0	0.0	4453.243881791888	1	0	1.0	-3.6537537889075145
35582.15160391502	2000.0	333.4970575032788	462.40477962641205	0	0.0	2915.6486614183013	1	0	1.0	-7.042447727709133
36414.55276860629	1000.0	558.0558069950396	56.959914183035835	0	0.0	2972.6085756013345	1	0	1.0	-0.005857960837460097
36957.20164012841	1000.0	1015.406935472914	0.0	0	0.0	2972.6085756013345	1	0	1.0	1.0290487048207
38443.25347249376	2000.0	529.3551031075725	0.0	0	0.0	2972.6085756013417	1	0	1.0	1.0290487048206987
39168.64366778871	1000.0	803.9649078126228	0.0	0	0.0	2972.6085756013417	1	0	1.0	0.3359015242607535
40126.85120039038	1000.0	845.7573752109517	0.0	0	0.0	2972.6085756013417	1	0	1.0	1.0290487048206987
40813.693989174055	1000.0	1158.9145864272805	0.0	0	0.0	2972.6085756013417	1	0	1.0	1.0290487048206987
41334.95388877832	1000.0	1637.654686823017	0.0	0	0.0	2972.6085756013345	1	0	1.0	1.0290487048207
42694.76781669582	2000.0	1277.8407589055182	0.0	0	0.0	2972.6085756013345	1	0	1.0	1.0290487048207
43551.26321992689	2000.0	1421.345355674446	0.0	0	0.0	2972.6085756013345	1	0	1.0	1.7221958853806452
44794.347370393996	2000.0	1178.261205207344	0.0	0	0.0	2972.6085756013345	1	0	1.0	1.7221958853806452
45823.95530765667	2000.0	1148.6532679446605	0.0	0	0.0	2972.6085756013345	1	0	1.0	1.7221958853806452
47310.35755751521	2000.0	662.2510180861154	0.0	0	0.0	2972.6085756013345	1	0	1.0	1.7221958853806452
47830.23565384921	1000.0	1142.3729217521127	0.0	0	0.0	2972.6085756013345	1	0	1.0	0.33590152426075487
49360.33596425189	2000.0	612.2726113494317	0.0	0	0.0	2972.6085756013417	1	0	1.0	1.0290487048206987
50048.74256333851	1000.0	923.8660122628143	0.0	0	0.0	2972.6085756013417	1	0	1.0	0.3359015242607535
50535.48175542756	1000.0	1437.1268201737582	0.0	0	0.0	2972.6085756013417	1	0	1.0	1.0290487048206987
51439.70318481975	2000.0	1532.9053907815667	0.0	0	0.0	2972.6085756013417	1	0	1.0	1.0290487048206987
52620.232396229985	2000.0	1352.3761793713434	0.0	0	0.0	2972.6085756013417	1	0	1.0	1.7221958853806438
54269.15423968447	2000.0	703.4543359168568	0.0	0	0.0	2972.6085756013417	1	0	1.0	1.7221958853806438
55003.5613631601	1000.0	969.047212441224	0.0	0	0.0	2972.608575601349	1	0	1.0	0.33590152426075226
56150.886113694585	2000.0	821.7224619067451	0.0	0	0.0	2972.608575601349	1	0	1.0	1.0290487048206973
57264.70519955768	2000.0	707.9033760436554	0.0	0	0.0	2972.608575601349	1	0	1.0	1.7221958853806423
58445.04046975796	2000.0	527.5681058433765	0.0	0	0.0	2972.6085756013417	1	0	1.0	1.7221958853806438
58970.698903392404	1000.0	1001.9096722089307	0.0	0	0.0	2972.6085756013417	1	0	1.0	0.3359015242607535
60622.17708644823	2000.0	350.43148915309564	0.0	0	0.0	2972.6085756013417	1	0	1.0	1.0290487048206987
61543.35218295654	1000.0	549.7380679665068	120.48167532172215	0	0.0	3093.0902509230655	1	0	1.0	-0.40942611398789075
62347.45997380496	1000.0	745.630277118087	0.0	0	0.0	3093.090250923058	1	0	1.0	1.0066111185023887
62873.811131263414	1000.0	1219.2791196596263	0.0	0	0.0	3093.090250923058	1	0	1.0	1.0066111185023887
63481.116886557946	1000.0	1611.9733643650975	0.0	0	0.0	3093.090250923051	1	0	1.0	1.00661111850239
64601.79697562976	2000.0	1491.2932752932861	0.0	0	0.0	3093.090250923058	1	0	1.0	1.0066111185023887
65807.82486318126	2000.0	1285.2653877417779	0.0	0	0.0	3093.0902509230436	1	0	1.0	1.6997582990623359
67281.11359836902	2000.0	811.9766525540257	0.0	0	0.0	3093.090250923051	1	0	1.0	1.6997582990623363
68835.90280747553	2000.0	257.1874434475143	0.0	0	0.0	3093.090250923051	1	0	1.0	1.6997582990623357
69485.25680084802	1000.0	664.4063645090528	56.57291443402838	0	0.0	3149.663165357095	1	0	1.0	-0.03737700387833903
69993.62906340665	1000.0	1156.0341019504176	0.0	0	0.0	3149.6631653570803	1	0	1.0	0.9952076632857794
71474.53584444357	2000.0	675.1273209135024	0.0	0	0.0	3149.6631653570803	1	0	1.0	0.9952076632857795
72045.95413005521	1000.0	1103.7090353018398	0.0	0	0.0	3149.6631653570803	1	0	1.0	0.3020604827258343
73241.2802605075	2000.0	908.3829048495401	0.0	0	0.0	3149.6631653570803	1	0	1.0	0.9952076632857795
74434.73669052693	2000.0	714.9264748300975	0.0	0	0.0	3149.6631653570803	1	0	1.0	1.6883548438457248
75444.90057169783	2000.0	704.7625936592171	0.0	0	0.0	3149.663165357095	1	0	1.0	1.6883548438457217
77050.17029331459	2000.0	200.0	100.50712795753304	0	0.0	3250.17029331463	1	0	1.0	1.0686519496814182
77709.98589522672	1000.0	652.9743082635662	112.78991017571377	0	0.0	3362.9602034903364	1	0	1.0	-0.42319259211935667
78571.06286056167	1000.0	791.8973429286175	0.0	0	0.0	3362.9602034903364	1	0	1.0	0.9466940494948712
79135.8816395521	1000.0	1227.0785639381818	0.0	0	0.0	3362.960203490351	1	0	1.0	0.9466940494948675
80614.92873229549	2000.0	748.0314711948033	0.0	0	0.0	3362.9602034903364	1	0	1.0	0.946694049494871
81233.0749229737	1000.0	1129.8852805165786	0.0	0	0.0	3362.9602034903364	1	0	1.0	0.25354686893492606
82376.10695596124	2000.0	986.853247529058	0.0	0	0.0	3362.9602034903364	1	0	1.0	0.946694049494871
83812.31883986697	2000.0	550.6413636233326	0.0	0	0.0	3362.9602034903364	1	0	1.0	1.6398412300548162
84421.44549424533	1000.0	941.5147092449666	0.0	0	0.0	3362.9602034903364	1	0	1.0	0.25354686893492606
85326.41329884276	2000.0	1036.5469046475469	0.0	0	0.0	3362.9602034903364	1	0	1.0	0.946694049494871
86229.29722685154	2000.0	1133.6629766387623	0.0	0	0.0	3362.9602034903364	1	0	1.0	1.6398412300548162
87775.02835916837	2000.0	587.9318443219462	0.0	0	0.0	3362.9602034903364	1	0	1.0	1.6398412300548162
88346.24199934205	1000.0	1016.7182041482689	0.0	0	0.0	3362.9602034903364	1	0	1.0	0.25354686893492606
89881.57904132511	2000.0	481.38116216521723	0.0	0	0.0	3362.960203490322	1	0	1.0	0.9466940494948747
91153.37790250924	2000.0	303.6963658458994	94.11406486481086	0	0.0	3457.074268355136	1	0	1.0	1.0507133646875502
91594.10948188932	1000.0	862.9647864658142	0.0	0	0.0	3457.074268355136	1	0	1.0	0.22910339275652503
93087.48407980078	2000.0	369.59018855435875	0.0	0	0.0	3457.0742683551216	1	0	1.0	0.922250573316474
93994.24283534828	2000.0	581.8028892756239	118.97145626875826	0	0.0	3576.0457246238802	1	0	1.0	0.8677249114138279
94654.1820343498	2000.0	921.8636902741162	0.0	0	0.0	3576.0457246238802	1	0	1.0	1.5815536490263773
95537.76990399513	2000.0	1038.2758206287879	0.0	0	0.0	3576.0457246238802	1	0	1.0	1.5815536490263773
96395.27791936976	2000.0	1180.7678052541467	0.0	0	0.0	3576.0457246238802	1	0	1.0	1.5815536490263773
97871.02308342014	2000.0	705.0226412037797	0.0	0	0.0	3576.0457246238802	1	0	1.0	1.5815536490263773
99000.07572821385	2000.0	575.9699964100641	0.0	0	0.0	3576.0457246238802	1	0	1.0	1.5815536490263773
99754.92060584648	1000.0	821.1251187774425	0.0	0	0.0	3576.0457246238802	1	0	1.0	0.19525928790648706
100717.26963734938	1000.0	858.7760872745358	0.0	0	0.0	3576.0457246238802	1	0	1.0	0.8884064684664322
101552.39209373787	1000.0	1023.6536308860514	0.0	0	0.0	3576.045724623895	1	0	1.0	0.8884064684664278
102680.55998977783	1000.0	895.4857348460852	0.0	0	0.0	3576.0457246238802	1	0	1.0	0.8884064684664322
104257.33063499595	2000.0	318.71508962797344	0.0	0	0.0	3576.045724623895	1	0	1.0	0.8884064684664277
105165.68728709967	1000.0	508.51458502108636	98.15614749682169	0	0.0	3674.2018721207132	1	0	1.0	-0.4242559258951162
106128.65792556616	1000.0	545.5439465546006	0.0	0	0.0	3674.2018721207132	1	0	1.0	0.8578281396457593
107306.38601762503	1000.0	367.8158544957481	0.0	0	0.0	3674.2018721207132	1	0	1.0	0.8578281396457593
108438.85719229929	1000.0	420.3645547799565	185.0198749584544	0	0.0	3859.22174707918	1	0	1.0	-0.31704039339777135
109486.27291963808	1000.0	475.5898879960538	102.6410605548948	0	0.0	3961.862807634083	1	0	1.0	0.13699072939027934
110065.32577672605	1000.0	896.53703090809	0.0	0	0.0	3961.8628076340974	1	0	1.0	0.7528370927196422
110776.0109230912	1000.0	1185.8518845429362	0.0	0	0.0	3961.8628076340974	1	0	1.0	0.7528370927196422
111906.70116459753	2000.0	1055.1616430366025	0.0	0	0.0	3961.8628076340974	1	0	1.0	0.7528370927196423
113081.71635157878	2000.0	880.1464560553311	0.0	0	0.0	3961.8628076340974	1	0	1.0	1.4459842732795876
116066.21459368954	2000.0	200.0	1304.3517860554248	0	0.0	5266.2145936895395	1	0	1.0	-6.851846520266424
116370.45968194048	300.0	895.7549117490496	0.0	0	0.0	3266.2145936895395	1	0	1.0	-8.131265284631873
117242.10801381839	1000.0	1024.106579871142	0.0	0	0.0	3266.2145936895395	1	0	1.0	-0.23414529974599296
117741.40176325208	1000.0	1524.8128304374404	0.0	0	0.0	3266.2145936895395	1	0	1.0	0.9698275045799432
118584.75712161268	2000.0	1681.4574720768305	0.0	0	0.0	3266.2145936895395	1	0	1.0	0.9698275045799432
119932.67722066671	2000.0	1333.5373730228043	0.0	0	0.0	3266.2145936895395	1	0	1.0	1.6629746851398883
121144.84881131919	2000.0	1121.365782370323	0.0	0	0.0	3266.2145936895395	1	0	1.0	1.6629746851398883
122059.68537068299	2000.0	1206.5292230065197	0.0	0	0.0	3266.2145936895395	1	0	1.0	1.6629746851398883
123293.2838198146	2000.0	972.9307738748917	0.0	0	0.0	3266.2145936895395	1	0	1.0	1.6629746851398883
124938.0504021559	2000.0	328.16419153360596	0.0	0	0.0	3266.2145936895395	1	0	1.0	1.6629746851398883
126738.94957878918	2000.0	200.0	672.7349850996598	0	0.0	3938.949578789179	1	0	1.0	-2.548451328478879
127755.78371048022	2000.0	488.7408902857825	305.5750219768404	0	0.0	4244.524600766017	1	0	1.0	-0.515871335091681
129204.97855873268	2000.0	288.05385816172634	248.50781612840197	0	0.0	2493.032416894406	1	0	1.0	-5.700494942387881
130022.13212867257	1000.0	542.8752364329443	71.97494821110362	0	0.0	2565.007365105528	1	0	1.0	-0.03601187889953694
130671.71821450614	1000.0	893.2891505993775	0.0	0	0.0	2565.007365105528	1	0	1.0	1.08898499092703
131167.53529096747	1000.0	1397.4720741380272	0.0	0	0.0	2565.007365105499	1	0	1.0	1.088984990927031
131990.75877906996	2000.0	1574.2485860355057	0.0	0	0.0	2565.00736510547	1	0	1.0	1.0889849909270366
133069.12714557195	2000.0	1495.88021953352	0.0	0	0.0	2565.0073651054845	1	0	1.0	1.78213217148698
134048.31771069113	2000.0	1516.6896544143538	0.0	0	0.0	2565.00736510547	1	0	1.0	1.7821321714869818
135607.04975672302	2000.0	957.9576083824711	0.0	0	0.0	2565.00736510547	1	0	1.0	1.782132171486982
136874.8832840606	2000.0	690.1240810448808	0.0	0	0.0	2565.00736510547	1	0	1.0	1.782132171486982
137938.1739623306	1000.0	626.8334027749196	0.0	0	0.0	2565.00736510547	1	0	1.0	0.3958378103670917
138870.2874921312	1000.0	694.7198729743061	0.0	0	0.0	2565.00736510547	1	0	1.0	1.0889849909270368
139797.78335595422	1000.0	767.2240091512539	0.0	0	0.0	2565.00736510547	1	0	1.0	1.0889849909270368
140756.28565686845	1000.0	808.7217082370199	0.0	0	0.0	2565.00736510547	1	0	1.0	1.0889849909270368
141321.85029099096	1000.0	1243.1570741144824	0.0	0	0.0	2565.007365105441	1	0	1.0	1.0889849909270404
141808.01453274192	1000.0	1756.9928323635454	0.0	0	0.0	2565.007365105441	1	0	1.0	1.0889849909270404
143137.4914750847	2000.0	1427.5158900207477	0.0	0	0.0	2565.0073651054117	1	0	1.0	1.088984990927044
143906.2707751344	2000.0	1658.7365899710378	0.0	0	0.0	2565.0073651054117	1	0	1.0	1.7821321714869893
144929.67386757382	2000.0	1635.3334975316443	0.0	0	0.0	2565.0073651054117	1	0	1.0	1.7821321714869893
145786.11183673673	2000.0	1778.8955283687476	0.0	0	0.0	2565.007365105441	1	0	1.0	1.7821321714869856
146710.58659265275	2000.0	1854.4207724527491	0.0	0	0.0	2565.00736510547	1	0	1.0	1.782132171486982
148149.69412218683	2000.0	1415.313242918708	0.0	0	0.0	2565.007365105499	1	0	1.0	1.7821321714869784
150149.6842084183	2000.0	415.32315668725124	0.0	0	0.0	2565.007365105528	1	0	1.0	1.7821321714869751
150863.39010577064	1000.0	701.6172593349213	0.0	0	0.0	2565.0073651055573	1	0	1.0	0.39583781036708116
151461.68605010118	1000.0	1103.3213150043666	0.0	0	0.0	2565.0073651055573	1	0	1.0	1.0889849909270264
152343.14949791587	1000.0	1221.8578671896764	0.0	0	0.0	2565.0073651055864	1	0	1.0	1.0889849909270228
152928.2721584382	1000.0	1636.7352066673325	0.0	0	0.0	2565.0073651055573	1	0	1.0	1.0889849909270264
153926.30238618632	2000.0	1638.704978919191	0.0	0	0.0	2565.007365105528	1	0	1.0	1.08898499092703
154716.37824938682	2000.0	1848.6291157186624	0.0	0	0.0	2565.007365105528	1	0	1.0	1.7821321714869751
155871.9189661261	2000.0	1693.0883989793638	0.0	0	0.0	2565.007365105528	1	0	1.0	1.7821321714869751
157149.13128651193	2000.0	1415.8760785935146	0.0	0	0.0	2565.0073651055573	1	0	1.0	1.7821321714869716
157784.15938080306	2000.0	1780.8479843023767	0.0	0	0.0	2565.0073651055573	1	0	1.0	1.7821321714869716
158617.3663332488	2000.0	1947.6410318566532	0.0	0	0.0	2565.0073651055573	1	0	1.0	1.7821321714869716
159427.67401491647	2000.0	2137.33335018898	0.0	0	0.0	2565.0073651055573	1	0	1.0	1.7821321714869716
160200.0	2000.0	2365.007365105431	0.0	0	214.75585027958732	2565.0073651055573	1	0	1.0	1.7821321714869716
161697.8276132522	3000.0	1867.1797518532517	0.0	0	0.0	2565.0073651055864	1	0	1.0	1.782132171486968
162775.3915777862	2000.0	1789.615787319249	0.0	0	0.0	2565.0073651055864	1	0	1.0	1.3766670633788032
164010.63777330035	2000.0	1554.3695918051098	0.0	0	0.0	2565.0073651055864	1	0	1.0	1.7821321714869678
165611.63162829107	2000.0	953.3757368143995	0.0	0	0.0	2565.0073651056446	1	0	1.0	1.7821321714869631
167587.65094006984	2000.0	200.0	222.64357496435832	0	0.0	2787.650940070045	1	0	1.0	0.4276855615237887
168325.0781056281	1000.0	653.7744302190717	191.20159577735672	0	0.0	2978.8525358474	1	0	1.0	-0.8124118314789253
169541.69351732294	1000.0	437.1590185242202	0.0	0	0.0	2978.8525358473707	1	0	1.0	1.0279449237451623
170392.35188758024	1000.0	586.5006482669289	0.0	0	0.0	2978.8525358473707	1	0	1.0	1.0279449237451652
170955.95817979285	1000.0	1022.8943560543534	0.0	0	0.0	2978.8525358473707	1	0	1.0	1.0279449237451652
171796.54019731004	2000.0	1182.3123385371596	0.0	0	0.0	2978.8525358473707	1	0	1.0	1.0279449237451654
173098.98788903118	2000.0	879.8646468160018	0.0	0	0.0	2978.8525358473707	1	0	1.0	1.7210921043051106
174099.07796765424	1000.0	879.7745681929904	0.0	0	0.0	2978.8525358474	1	0	1.0	0.334797743185215
175142.5657635791	1000.0	836.2867722681431	0.0	0	0.0	2978.8525358473707	1	0	1.0	1.0279449237451652
175782.87173402478	1000.0	1195.980801822474	0.0	0	0.0	2978.8525358473707	1	0	1.0	1.0279449237451652
176476.73417445744	1000.0	1502.1183613897856	0.0	0	0.0	2978.8525358474	1	0	1.0	1.0279449237451632
177758.29152147024	2000.0	1220.5610143770195	0.0	0	0.0	2978.8525358474	1	0	1.0	1.02794492374516
178918.89032909783	2000.0	1059.962206749383	0.0	0	0.0	2978.8525358473707	1	0	1.0	1.7210921043051106
180207.77101425093	2000.0	771.0815215963185	0.0	0	0.0	2978.8525358473707	1	0	1.0	1.7210921043051106
182161.90118739844	2000.0	200.0	383.04865155115465	0	0.0	3361.901187398442	1	0	1.0	-0.6356911878736591
182728.31508508223	1000.0	723.4882798728754	89.90217755667005	0	0.0	3451.8033649551217	1	0	1.0	-0.3088878708642352
184059.21215033275	2000.0	392.59121462233986	0.0	0	0.0	3451.8033649551217	1	0	1.0	0.9236723750357303
184545.93165525657	1000.0	905.8717096985296	0.0	0	0.0	3451.8033649550925	1	0	1.0	0.230525194475793
185073.35303161776	1000.0	1378.4503333373334	0.0	0	0.0	3451.8033649550925	1	0	1.0	0.9236723750357381
186291.11921348772	2000.0	1160.6841514673674	0.0	0	0.0	3451.8033649550925	1	0	1.0	0.9236723750357381
187882.90037616322	2000.0	568.9029887918534	0.0	0	0.0	3451.8033649550925	1	0	1.0	1.6168195555956832
188636.42643361763	1000.0	815.3769313374451	0.0	0	0.0	3451.8033649550925	1	0	1.0	0.230525194475793
189352.92677546784	1000.0	1098.8765894872085	0.0	0	0.0	3451.8033649550925	1	0	1.0	0.9236723750357381
190075.42506147292	1000.0	1376.3783034821258	0.0	0	0.0	3451.8033649550925	1	0	1.0	0.9236723750357381
191510.0218158973	2000.0	941.7815490577523	0.0	0	0.0	3451.8033649550634	1	0	1.0	0.9236723750357396
192516.1501911701	2000.0	935.6531737849114	0.0	0	0.0	3451.8033649550634	1	0	1.0	1.616819555595691
193473.4109020586	2000.0	978.392462896424	0.0	0	0.0	3451.8033649550925	1	0	1.0	1.6168195555956895
194825.030149454	2000.0	626.7732155010426	0.0	0	0.0	3451.8033649551217	1	0	1.0	1.6168195555956755
196620.89187560274	2000.0	200.0	369.0885106476814	0	0.0	3820.891875602858	1	0	1.0	-0.6944623793593148
198067.21747920205	2000.0	244.1664202326052	490.4920238319373	0	0.0	4311.383899434761	1	0	1.0	-1.6597733577661882
199345.70892664386	2000.0	355.2749966465293	389.60002385573927	0	0.0	2700.9839232903905	1	0	1.0	-6.573009501844135
200095.105428189	1000.0	605.9771476252464	0.09865252389857915	0	0.0	2701.0825758142746	1	0	1.0	0.377690814582331
200865.2665810489	1000.0	835.8159947653654	0.0	0	0.0	2701.0825758142746	1	0	1.0	1.0714299102856677
201368.8884367911	1000.0	1332.19413902312	0.0	0	0.0	2701.0825758142746	1	0	1.0	1.0714299102856677
202538.2287063767	2000.0	1162.8538694375195	0.0	0	0.0	2701.0825758142746	1	0	1.0	1.0714299102856675
204077.18139328316	2000.0	623.9011825310989	0.0	0	0.0	2701.0825758142746	1	0	1.0	1.7645770908456127
204600.18043108692	1000.0	1100.9021447273376	0.0	0	0.0	2701.0825758143037	1	0	1.0	0.37828272972571847
205680.7059559174	2000.0	1020.3766198968653	0.0	0	0.0	2701.082575814333	1	0	1.0	1.0714299102856613
206740.036863391	2000.0	961.0457124232598	0.0	0	0.0	2701.082575814333	1	0	1.0	1.7645770908456049
207867.64923640233	2000.0	833.4333394119529	0.0	0	0.0	2701.082575814333	1	0	1.0	1.7645770908456049
209066.01662762163	2000.0	635.0659481926441	0.0	0	0.0	2701.0825758143037	1	0	1.0	1.7645770908456089
209805.5937414574	1000.0	895.4888343568697	0.0	0	0.0	2701.0825758142746	1	0	1.0	0.3782827297257224
210729.8796541806	1000.0	971.202921633649	0.0	0	0.0	2701.0825758143037	1	0	1.0	1.0714299102856653
211653.03079621246	1000.0	1048.0517796017593	0.0	0	0.0	2701.0825758142746	1	0	1.0	1.0714299102856677
212209.18670849138	1000.0	1491.895867322851	0.0	0	0.0	2701.0825758142746	1	0	1.0	1.0714299102856677
212744.7297752446	1000.0	1956.3528005696357	0.0	0	0.0	2701.0825758142746	1	0	1.0	1.0714299102856677
213741.04923893666	2000.0	1960.0333368776032	0.0	0	0.0	2701.0825758143037	1	0	1.0	1.0714299102856635
215102.32523375878	2000.0	1598.7573420554672	0.0	0	0.0	2701.0825758143037	1	0	1.0	1.7645770908456089
216414.89557787537	2000.0	1286.1869979388784	0.0	0	0.0	2701.0825758143037	1	0	1.0	1.7645770908456089
217815.26029102813	2000.0	885.8222847861146	0.0	0	0.0	2701.0825758143037	1	0	1.0	1.7645770908456089
218606.67463267603	1000.0	1094.4079431381874	0.0	0	0.0	2701.0825758143037	1	0	1.0	0.37828272972571847
219361.50246908536	1000.0	1339.5801067288521	0.0	0	0.0	2701.0825758143037	1	0	1.0	1.0714299102856637
220689.23234598542	2000.0	1011.8502298287821	0.0	0	0.0	2701.0825758142455	1	0	1.0	1.07142991028567
222125.9083864412	2000.0	575.1741893729974	0.0	0	0.0	2701.0825758142455	1	0	1.0	1.7645770908456169
222578.49964048507	1000.0	1122.5829353291313	0.0	0	0.0	2701.0825758142746	1	0	1.0	0.3782827297257233
223716.63118234932	2000.0	984.451393464868	0.0	0	0.0	2701.0825758142746	1	0	1.0	1.0714299102856675
225166.83374817573	2000.0	534.2488276384665	0.0	0	0.0	2701.0825758143037	1	0	1.0	1.7645770908456089
225963.38001311608	1000.0	737.7025626981252	0.0	0	0.0	2701.0825758143037	1	0	1.0	0.37828272972571847
226793.05818965347	1000.0	908.0243861607551	0.0	0	0.0	2701.0825758143037	1	0	1.0	1.0714299102856637
227565.92574351752	1000.0	1135.156832296683	0.0	0	0.0	2701.0825758142746	1	0	1.0	1.0714299102856677
228232.05792428926	1000.0	1469.0246515249644	0.0	0	0.0	2701.0825758142746	1	0	1.0	1.0714299102856677
229340.44834088965	2000.0	1360.634234924594	0.0	0	0.0	2701.0825758142455	1	0	1.0	1.0714299102856717
230888.57376766086	2000.0	812.5088081534016	0.0	0	0.0	2701.0825758142164	1	0	1.0	1.7645770908456206
231489.1339767657	1000.0	1211.9485990485314	0.0	0	0.0	2701.0825758141873	1	0	1.0	0.3782827297257344
232193.47749749906	1000.0	1507.6050783152043	0.0	0	0.0	2701.0825758141873	1	0	1.0	1.0714299102856797
233773.4860207534	2000.0	927.5965550608418	0.0	0	0.0	2701.0825758141873	1	0	1.0	1.0714299102856797
234717.1077371655	2000.0	983.9748386487154	0.0	0	0.0	2701.0825758142164	1	0	1.0	1.7645770908456206
235999.55758095495	2000.0	701.5249948592443	0.0	0	0.0	2701.0825758142164	1	0	1.0	1.7645770908456206
236596.12130941843	1000.0	1104.9612663957403	0.0	0	0.0	2701.0825758141873	1	0	1.0	0.3782827297257344
237221.4396014643	1000.0	1479.642974349836	0.0	0	0.0	2701.082575814158	1	0	1.0	1.0714299102856837
238348.73284414562	2000.0	1352.349731668517	0.0	0	0.0	2701.082575814158	1	0	1.0	1.0714299102856835
239346.82951680527	2000.0	1354.253059008877	0.0	0	0.0	2701.082575814158	1	0	1.0	1.7645770908456289
240564.6387028944	2000.0	1136.4438729197589	0.0	0	0.0	2701.082575814158	1	0	1.0	1.7645770908456289
241738.60365257168	2000.0	962.4789232425132	0.0	0	0.0	2701.0825758141873	1	0	1.0	1.7645770908456264
242927.79989249777	2000.0	773.2826833163801	0.0	0	0.0	2701.0825758141873	1	0	1.0	1.7645770908456249
243873.85896275472	2000.0	827.2236130594467	0.0	0	0.0	2701.0825758141873	1	0	1.0	1.7645770908456249
244829.13444428222	2000.0	871.9481315319258	0.0	0	0.0	2701.082575814158	1	0	1.0	1.764577090845628
246752.7984067041	2000.0	200.0	251.7158308899807	0	0.0	2952.7984067041543	1	0	1.0	0.23767767561875427
247676.51860060578	1000.0	541.6210041058239	265.341198007516	0	0.0	3218.1396047116723	1	0	1.0	-1.304580325873209
248332.3727543256	1000.0	885.7668503860037	0.0	0	0.0	3218.139604711643	1	0	1.0	0.9806140427318388
249227.60618348978	1000.0	990.533421221818	0.0	0	0.0	3218.139604711643	1	0	1.0	0.9806140427318388
249958.559832283	1000.0	1259.579772428616	0.0	0	0.0	3218.1396047116723	1	0	1.0	0.9806140427318326
251127.4954795752	1000.0	1090.644125136419	0.0	0	0.0	3218.1396047116723	1	0	1.0	0.9806140427318326
251688.5430606458	1000.0	1529.596544065841	0.0	0	0.0	3218.1396047116723	1	0	1.0	0.9806140427318326
252694.0900484061	2000.0	1524.0495563055374	0.0	0	0.0	3218.1396047116723	1	0	1.0	0.9806140427318324
254214.1924111486	2000.0	1003.9471935630335	0.0	0	0.0	3218.1396047117014	1	0	1.0	1.6737612232917711
255328.46586424112	1000.0	889.6737404705034	0.0	0	0.0	3218.1396047117014	1	0	1.0	0.2874668621718809
256270.62257863273	1000.0	947.5170260789049	0.0	0	0.0	3218.1396047117014	1	0	1.0	0.9806140427318261
257142.82914178344	1000.0	1075.3104629282034	0.0	0	0.0	3218.1396047117014	1	0	1.0	0.9806140427318261
258127.55346706975	1000.0	1090.5861376418693	0.0	0	0.0	3218.1396047117014	1	0	1.0	0.9806140427318261
258843.69279446718	1000.0	1374.446810244429	0.0	0	0.0	3218.1396047116723	1	0	1.0	0.9806140427318326
259584.4720017841	1000.0	1633.6676029275256	0.0	0	0.0	3218.1396047116723	1	0	1.0	0.9806140427318326
260376.5047813132	2000.0	1841.6348233983972	0.0	0	0.0	3218.1396047116723	1	0	1.0	0.9806140427318324
261401.44614726782	2000.0	1816.6934574437398	0.0	0	0.0	3218.1396047116723	1	0	1.0	1.6737612232917776
262829.8414210318	2000.0	1388.2981836797258	0.0	0	0.0	3218.139604711614	1	0	1.0	1.6737612232917862
265746.3878825122	2000.0	200.0	728.2482778006198	0	0.0	3946.387882512179	1	0	1.0	-2.8673500468104876
267088.5590312774	2000.0	390.61840531591395	532.7895540810374	0	0.0	4479.1774365932215	1	0	1.0	-2.0070885457741334
268622.83512385626	2000.0	219.28348989329834	362.94117715629164	0	0.0	2842.1186137495097	1	0	1.0	-6.433230848427684
269393.07242635975	1000.0	623.5428611370814	174.4966737472594	0	0.0	3016.6152874967665	1	0	1.0	-0.7189925901915937
270718.94731443265	2000.0	297.6679730641463	0.0	0	0.0	3016.6152874968247	1	0	1.0	1.0211346328519015
271927.4261900224	2000.0	333.7682836247623	244.57918615039438	0	0.0	3261.1944736471632	1	0	1.0	0.19664738386771968
273241.82771902834	2000.0	259.46873083582136	240.1019762170291	0	0.0	3501.296449864167	1	0	1.0	0.16260215634612768
274392.11220478633	2000.0	402.95830532394575	293.77406024614925	0	0.0	3795.070510110294	1	0	1.0	-0.2528686514750068
275413.2649349113	2000.0	450.82181341079115	69.0162382117714	0	0.0	3864.0867483220645	1	0	1.0	1.0702933180828178
276133.96168667794	1000.0	730.1250616441584	0.0	0	0.0	3864.0867483220645	1	0	1.0	0.09809638623355574
277187.12800104334	2000.0	676.9587472787622	0.0	0	0.0	3864.0867483220645	1	0	1.0	0.791243566793501
278197.5389910405	2000.0	666.5477572815489	0.0	0	0.0	3864.0867483220645	1	0	1.0	1.4843907473534461
279860.33053645596	2000.0	201.3247461898295	197.56853432374746	0	0.0	4061.6552826457773	1	0	1.0	0.22734351170775896
281112.2939333995	2000.0	356.87090442765964	407.5095551813459	0	0.0	2469.1648378271493	1	0	1.0	-6.651836838328149
282188.3597175653	2000.0	485.724686468673	204.91956620683646	0	0.0	2674.084404033958	1	0	1.0	0.5387220645886617
282857.4028524956	2000.0	816.6815515383901	0.0	0	0.0	2674.084404033958	1	0	1.0	1.7682394618296804
284172.92202349537	2000.0	501.1623805387012	0.0	0	0.0	2674.084404034016	1	0	1.0	1.7682394618296726
285873.20611266844	2000.0	200.0	399.12170863441247	0	0.0	3073.206112668384	1	0	1.0	-0.6730645736411257
286700.1503702239	1000.0	561.9841179834517	188.92837553898426	0	0.0	3262.1344882073463	1	0	1.0	-0.8559566564547239
287827.30412355403	1000.0	434.8303646533299	0.0	0	0.0	3262.1344882073463	1	0	1.0	0.9707607773391271
288638.04383059597	1000.0	694.0586853174423	69.96802770601954	0	0.0	3332.1025159133133	1	0	1.0	0.534477373763385
289669.6498840768	1000.0	662.452631836599	0.0	0	0.0	3332.1025159133133	1	0	1.0	0.9542855399995022
290239.7281494771	1000.0	1092.3743664362573	0.0	0	0.0	3332.1025159133715	1	0	1.0	0.9542855399994881
290827.34037748957	1000.0	1504.7621384237405	0.0	0	0.0	3332.1025159133715	1	0	1.0	0.9542855399994881
291700.87862598465	2000.0	1631.2238899286147	0.0	0	0.0	3332.1025159133715	1	0	1.0	0.9542855399994881
292741.0536181331	2000.0	1591.048897780144	0.0	0	0.0	3332.1025159134297	1	0	1.0	1.6474327205594248
293510.67695155577	2000.0	1821.4255643575152	0.0	0	0.0	3332.1025159133715	1	0	1.0	1.6474327205594332
294567.8319144237	2000.0	1764.2706014896287	0.0	0	0.0	3332.1025159134297	1	0	1.0	1.6474327205594275
295264.5722669047	2000.0	2067.530249008556	0.0	0	0.0	3332.1025159134297	1	0	1.0	1.647432720559419
296179.3994551579	2000.0	2152.703060755347	0.0	0	0.0	3332.1025159134297	1	0	1.0	1.647432720559419
297497.60322929284	2000.0	1834.4992866203838	0.0	0	0.0	3332.1025159133715	1	0	1.0	1.647432720559422
299227.49104357435	2000.0	1104.6114723388728	0.0	0	0.0	3332.1025159133715	1	0	1.0	1.6474327205594332
301078.86784111196	2000.0	253.23467480134622	0.0	0	0.0	3332.102515913488	1	0	1.0	1.647432720559408
301753.77796630975	1000.0	714.4807775903066	136.15622798675926	0	0.0	3468.258743900049	1	0	1.0	-0.5908722157965676
302695.47165154864	2000.0	772.7870923514256	0.0	0	0.0	3468.258743900107	1	0	1.0	0.9192123326839202
303290.6812040101	2000.0	1177.5775398900014	0.0	0	0.0	3468.258743900107	1	0	1.0	1.6123595132438622
304289.36927136214	2000.0	1178.8894725379573	0.0	0	0.0	3468.258743900107	1	0	1.0	1.6123595132438622
305473.1850008589	2000.0	995.0737430411358	0.0	0	0.0	3468.258743900107	1	0	1.0	1.6123595132438622
306221.2793378124	2000.0	1246.979406087672	0.0	0	0.0	3468.258743900107	1	0	1.0	1.6123595132438622
307178.68901434576	2000.0	1289.5697295543187	0.0	0	0.0	3468.258743900107	1	0	1.0	1.6123595132438622
307940.5894488854	2000.0	1527.6692950147078	0.0	0	0.0	3468.2587439001654	1	0	1.0	1.6123595132438464
308628.6887166286	2000.0	1839.5700272715326	0.0	0	0.0	3468.2587439001654	1	0	1.0	1.6123595132438464
309454.4025109807	2000.0	2013.8562329194272	0.0	0	0.0	3468.2587439001654	1	0	1.0	1.6123595132438464
310209.9999133885	2000.0	2258.258830511667	0.0	0	0.0	3468.2587439001654	1	0	1.0	1.6123595132438464
311259.09041169344	2000.0	2209.1683322067656	0.0	0	0.0	3468.2587439002236	1	0	1.0	1.6123595132438306
312211.70455619134	2000.0	2256.5541877088176	0.0	0	0.0	3468.2587439001654	1	0	1.0	1.6123595132438464
313657.88967858994	2000.0	1810.3690653101853	0.0	0	0.0	3468.2587439001654	1	0	1.0	1.6123595132438464
315559.6565076571	2000.0	908.60223624302	0.0	0	0.0	3468.2587439001654	1	0	1.0	1.6123595132438464
316818.8420188149	2000.0	649.416725085266	0.0	0	0.0	3468.2587439001654	1	0	1.0	1.6123595132438464
3.31	1.93	1.92	2.17	2.84	2.59	2.95	2.56	1.97	2.43	1.7	1.22	1.18	1.56	1.11	1.0	1.54	2.2	1.59	1.17	0.92	1.15	1.54	1.75	1.91	2.47	1.71	1.03	1.11	1.52	1.96	1.64	1.76	1.6	1.53	1.46	1.71	1.63	1.95	2.31	1.89	1.68	1.26	1.604086956521739	1.646086956521739	1.622086956521739	1.664086956521739	1.5780869565217392	1.626086956521739	1.642086956521739	1.7340869565217392	1.860086956521739	1.9680869565217392	1.664086956521739	1.5420869565217392	1.5000869565217392	1.4460869565217391	1.4620869565217391	1.4700869565217392	1.5620869565217392	1.664086956521739	1.670086956521739	1.5520869565217392	1.5600869565217392	1.5040869565217392	1.592086956521739	1.6840869565217391	1.7680869565217392	1.650086956521739	1.7180869565217392	1.7860869565217392	1.7680869565217392	1.624086956521739	1.5360869565217392	1.590086956521739	1.5640869565217392	1.5440869565217392	1.606086956521739	1.5480869565217392	1.602086956521739	1.7320869565217392	1.6960869565217391	1.626086956521739	1.598086956521739	1.654086956521739	1.7700869565217392	1.7580869565217392	1.832086956521739	1.7700869565217392	2.75	2.41	1.98	1.23	1.19	1.41	1.47	1.26	0.89	1.85	1.55	1.42	1.19	0.95	1.0	1.02	1.48	1.97	1.97	1.74	1.0	0.49	0.95	1.54	2.24	1.58	1.76	2.0	2.11	2.04	1.49	1.45	1.46	1.58	1.61	1.66	1.49	1.8	2.17	2.29	2.22	1.47	1.52	1.27	1.2	0.82	1.26	1.42	1.9	2.14	2.51	2.36	2.15	1.98	1.55	1.14	1.2	1.24	1.39	1.95	3.01	3.31	1.93	1.92	2.17	2.84	2.59	2.95	2.56	1.97	2.43	1.7	1.22	1.18	1.56	1.11	1.0	1.54	2.2	1.59	1.17	0.92	1.15	1.54	1.75	1.91	2.47	1.71	1.03	1.11	1.52	1.96	1.64	1.76	1.6	1.53	1.46	1.71	1.63	1.95	2.31	1.89	1.68	1.26	1.604086956521739	1.646086956521739	1.622086956521739	1.664086956521739	1.5780869565217392	1.626086956521739	1.642086956521739	1.7340869565217392	1.860086956521739	1.9680869565217392	1.664086956521739	1.5420869565217392	1.5000869565217392	1.4460869565217391	1.4620869565217391	1.4700869565217392	1.5620869565217392	1.664086956521739	1.670086956521739	1.5520869565217392	1.5600869565217392	1.5040869565217392	1.592086956521739	1.6840869565217391	1.7680869565217392	1.650086956521739	1.7180869565217392	1.7860869565217392	1.7680869565217392	1.624086956521739	1.5360869565217392	1.590086956521739	1.5640869565217392	1.5440869565217392	1.606086956521739	1.5480869565217392	1.602086956521739	1.7320869565217392	1.6960869565217391	1.626086956521739	1.598086956521739	1.654086956521739	1.7700869565217392	1.7580869565217392	1.832086956521739	1.7700869565217392	2.75	2.41	1.98	1.23	1.19	1.41	1.47	1.26	0.89	1.85	1.55	1.42	1.19	0.95	1.0	1.02	1.48	1.97	1.97	1.74	1.0	0.49	0.95	1.54	2.24	1.58	1.76	2.0	2.11	2.04	1.49	1.45	1.46	1.58	1.61	1.66	1.49	1.8	2.17	2.29	2.22	1.47	1.52	1.27	1.2	0.82	1.26	1.42	1.9	2.14	2.51	2.36	2.15	1.98	1.55	1.14	1.2	1.24	1.39	1.95	3.01	3.31	1.93	1.92	2.17	2.84	2.59	2.95	2.56	1.97	2.43	1.7	1.22	1.18	1.56	1.11	1.0
1.0	2.0	3.0	4.0	5.0	6.0	7.0	8.0	9.0	10.0	11.0	12.0	13.0	14.0	15.0	16.0	17.0	18.0	19.0	20.0	21.0	22.0	23.0	24.0	25.0	26.0	27.0	28.0	29.0	30.0	31.0	32.0	33.0	34.0	35.0	36.0	37.0	38.0	39.0	40.0	41.0	42.0	43.0	44.0	45.0	46.0	47.0	48.0	49.0	50.0	51.0	52.0	53.0	54.0	55.0	56.0	57.0	58.0	59.0	60.0	61.0	62.0	63.0	64.0	65.0	66.0	67.0	68.0	69.0	70.0	71.0	72.0	73.0	74.0	75.0	76.0	77.0	78.0	79.0	80.0	81.0	82.0	83.0	84.0	85.0	86.0	87.0	88.0	89.0	90.0	91.0	92.0	93.0	94.0	95.0	96.0	97.0	98.0	99.0	100.0	101.0	102.0	103.0	104.0	105.0	106.0	107.0	108.0	109.0	110.0	111.0	112.0	113.0	114.0	115.0	116.0	117.0	118.0	119.0	120.0	121.0	122.0	123.0	124.0	125.0	126.0	127.0	128.0	129.0	130.0	131.0	132.0	133.0	134.0	135.0	136.0	137.0	138.0	139.0	140.0	141.0	142.0	143.0	144.0	145.0	146.0	147.0	148.0	149.0	149.0	150.0	151.0	152.0	153.0	154.0	155.0	156.0	157.0	158.0	159.0	160.0	161.0	162.0	163.0	164.0	165.0	166.0	167.0	168.0	169.0	170.0	171.0	172.0	173.0	174.0	175.0	176.0	177.0	178.0	179.0	180.0	181.0	182.0	183.0	184.0	185.0	186.0	187.0	188.0	189.0	190.0	191.0	192.0	193.0	194.0	195.0	196.0	197.0	198.0	199.0	200.0	201.0	202.0	203.0	204.0	205.0	206.0	207.0	208.0	209.0	210.0	211.0	212.0	213.0	214.0	215.0	216.0	217.0	218.0	219.0	220.0	221.0	222.0	223.0	224.0	225.0	226.0	227.0	228.0	229.0	230.0	231.0	232.0	233.0	234.0	235.0	236.0	237.0	238.0	239.0	240.0	241.0	242.0	243.0	244.0	245.0	246.0	247.0	248.0	249.0	250.0	251.0	252.0	253.0	254.0	255.0	256.0	257.0	258.0	259.0	260.0	261.0	262.0	263.0	264.0	265.0	266.0	267.0	268.0	269.0	270.0	271.0	272.0	273.0	274.0	275.0	276.0	277.0	278.0	279.0	280.0	281.0	282.0	283.0	284.0	285.0	286.0	287.0	288.0	289.0	290.0	291.0	292.0	293.0	294.0	295.0	296.0	297.0	298.0	298.0	299.0	300.0	301.0	302.0	303.0	304.0	305.0	306.0	307.0	308.0	309.0	310.0	311.0	312.0	313.0	314.0
4366.484532353974
