4025.452660901519	300.0	2000.0	438.6849914103473	0	0.0	4025.452660901519	1	0	1.0	-3.0641696630713158
6568.4129256761635	2000.0	457.03973522535586	0.0	0	0.0	4025.4526609015193	1	0	1.0	-0.4777146910551047
8172.992234821746	2000.0	239.2414365360618	386.7810104562881	0	0.0	4412.233671357808	1	0	1.0	-1.0924691490676706
9373.128070393883	1000.0	360.6856264616707	321.580025497745	0	0.0	2733.8136968555536	1	0	1.0	-7.555762401814603
9996.050756798357	500.0	737.7629400571989	0.0	0	0.0	2733.8136968555555	1	0	1.0	-0.3194294293880773
11355.191216646303	1000.0	378.67704141025763	0.054561201005356	0	0.0	2733.868258056562	1	0	1.0	0.37338265810990295
12480.691706102327	1000.0	426.8924310628341	173.71587910860006	0	0.0	2907.5841371651622	1	0	1.0	-0.002116695498265264
13257.191066113934	500.0	650.3930710512268	0.0	0	0.0	2907.5841371651604	1	0	1.0	-0.34611578196655557
14734.120877287656	1000.0	328.46948777194956	155.00622789444452	0	0.0	3062.5903650596047	1	0	1.0	-0.6092478488819957
16066.894893682285	1000.0	224.56712084681175	228.87164946948934	0	0.0	3291.4620145290955	1	0	1.0	-0.4092522997975956
16683.691639483903	500.0	718.0879490252875	110.31757398009222	0	0.0	3401.779588509189	1	0	1.0	-1.1113486659989074
17411.04039761257	1000.0	990.7391908966202	0.0	0	0.0	3401.779588509191	1	0	1.0	0.24370395844159093
18406.24947678126	1000.0	995.5301117279323	0.0	0	0.0	3401.7795885091946	1	0	1.0	0.9368511390015358
19235.758481425277	1000.0	1166.0211070839136	0.0	0	0.0	3401.779588509191	1	0	1.0	0.9368511390015362
20645.07699122896	1000.0	756.7025972802281	0.0	0	0.0	3401.7795885091873	1	0	1.0	0.9368511390015373
21824.689501251793	1000.0	577.0900872573964	0.0	0	0.0	3401.7795885091873	1	0	1.0	0.9368511390015373
22541.162736790473	1000.0	860.6168517187126	0.0	0	0.0	3401.7795885091873	1	0	1.0	0.9368511390015373
23597.06767682211	1000.0	804.7119116870807	0.0	0	0.0	3401.7795885091873	1	0	1.0	0.9368511390015373
24546.477249975655	1000.0	855.3023385335365	0.0	0	0.0	3401.7795885091873	1	0	1.0	0.9368511390015373
25546.269104969408	1000.0	855.5104835397821	0.0	0	0.0	3401.7795885091873	1	0	1.0	0.9368511390015373
26156.092244526768	1000.0	1245.6873439824215	0.0	0	0.0	3401.7795885091873	1	0	1.0	0.9368511390015373
26790.827057329338	1000.0	1610.9525311798513	0.0	0	0.0	3401.779588509191	1	0	1.0	0.9368511390015364
28494.47355458022	2000.0	907.3060339289704	0.0	0	0.0	3401.779588509191	1	0	1.0	0.9368511390015363
29371.612989207348	1000.0	1030.166599301845	0.0	0	0.0	3401.779588509191	1	0	1.0	0.2437039584415912
30621.08411471658	1000.0	780.6954737926117	0.0	0	0.0	3401.7795885091873	1	0	1.0	0.9368511390015373
31594.637210018984	1000.0	807.1423784902095	0.0	0	0.0	3401.7795885091873	1	0	1.0	0.9368511390015373
32493.684881581692	1000.0	908.0947069275028	0.0	0	0.0	3401.7795885091873	1	0	1.0	0.9368511390015373
33912.1289992734	1000.0	489.6505892357934	0.0	0	0.0	3401.7795885091837	1	0	1.0	0.9368511390015375
35409.25994557703	1000.0	200.0	207.48035706783608	0	0.0	3609.2599455770214	1	0	1.0	-0.35680409583705586
36095.11849417771	500.0	663.8734444836073	149.73199308428582	0	0.0	3758.9919386613037	1	0	1.0	-1.4553346957702586
37318.65627420462	500.0	440.33566445668794	0.0	0	0.0	3758.991938661311	1	0	1.0	0.13620444329540038
37850.25763142649	500.0	908.7343072348156	0.0	0	0.0	3758.991938661311	1	0	1.0	0.13620444329540038
39218.491660602456	1000.0	540.5002780588516	0.0	0	0.0	3758.991938661311	1	0	1.0	0.13620444329540038
39951.855506483895	500.0	807.1364321774167	0.0	0	0.0	3758.9919386613183	1	0	1.0	-0.5569427372645475
41682.7971604305	1000.0	200.0	123.8052217691833	0	0.0	3882.797160430513	1	0	1.0	-0.6281712247448255
42579.95380599933	500.0	544.4866627116343	241.64330828046684	0	0.0	4124.440468710978	1	0	1.0	-2.1538899059253964
43436.81529352943	500.0	687.6251751815382	0.0	0	0.0	4124.440468710978	1	0	1.0	-0.010882875682649215
44107.186341130444	500.0	1017.2541275805157	0.0	0	0.0	4124.440468710978	1	0	1.0	-0.010882875682649215
45294.18201433126	1000.0	830.2584543796982	0.0	0	0.0	4124.440468710978	1	0	1.0	-0.010882875682649062
46455.64067843173	1000.0	668.7997902792283	0.0	0	0.0	4124.440468710978	1	0	1.0	0.6822643048772963
47579.55650289004	1000.0	544.883965820916	0.0	0	0.0	4124.440468710971	1	0	1.0	0.6822643048772996
48390.02156389531	1000.0	734.4189048156442	0.0	0	0.0	4124.440468710971	1	0	1.0	0.6822643048772996
49611.07324180357	1000.0	513.367226907384	0.0	0	0.0	4124.440468710971	1	0	1.0	0.6822643048772996
50909.353483050494	1000.0	233.7190320236258	18.632046363167206	0	0.0	4143.072515074135	1	0	1.0	0.5618246959054256
51851.129404185725	500.0	461.7772607392286	169.83414985083854	0	0.0	2312.906664924958	1	0	1.0	-7.289167088760001
52566.221762442445	500.0	746.684902482508	0.0	0	0.0	2312.906664924958	1	0	1.0	0.42298499090497566
53605.08789947993	1000.0	707.8187654450207	0.0	0	0.0	2312.906664924958	1	0	1.0	0.4229849909049757
54233.05927371386	1000.0	1079.8473912110862	0.0	0	0.0	2312.906664924958	1	0	1.0	1.116132171464921
55847.39760849518	1000.0	465.5090564297655	0.0	0	0.0	2312.906664924958	1	0	1.0	1.116132171464921
57115.77080872615	1000.0	433.7907857737084	236.65492957491688	0	0.0	2549.5615944998717	1	0	1.0	-0.32908943192745865
58210.93573635561	1000.0	373.6638877155915	35.038029571350876	0	0.0	2584.5996240712193	1	0	1.0	0.8763646545196795
58790.666254383534	500.0	793.9333696876697	0.0	0	0.0	2584.5996240712193	1	0	1.0	-0.29970152917210613
59529.238548142064	1000.0	1055.361075929146	0.0	0	0.0	2584.5996240712193	1	0	1.0	0.39344565138783927
60251.1721541209	1000.0	1333.4274699503096	0.0	0	0.0	2584.5996240712193	1	0	1.0	1.0865928319477847
60680.045596299424	1000.0	1904.5540277717832	0.0	0	0.0	2584.5996240712193	1	0	1.0	1.0865928319477847
62160.822997499454	2000.0	1423.7766265717564	0.0	0	0.0	2584.599624071212	1	0	1.0	1.0865928319477849
63546.718912482276	2000.0	1037.8807115889417	0.0	0	0.0	2584.599624071212	1	0	1.0	1.7797400125077307
65534.06701556831	2000.0	200.0	149.46739149708247	0	0.0	2734.0670155683038	1	0	1.0	0.8789829088449203
66851.83667806785	1000.0	266.5821162192628	384.3517787187811	0	0.0	3118.4187942870994	1	0	1.0	-1.9976810226967852
67386.54932245091	500.0	752.1711375434521	20.30166570726098	0	0.0	3138.720459994358	1	0	1.0	-0.5106457928725596
68177.18536215527	1000.0	961.5350978390718	0.0	0	0.0	3138.720459994329	1	0	1.0	0.3043113819309562
68994.67207638016	1000.0	1144.0483836141993	0.0	0	0.0	3138.7204599943216	1	0	1.0	0.9974585624909043
70219.7628679444	1000.0	918.9575920499598	0.0	0	0.0	3138.7204599943216	1	0	1.0	0.9974585624909049
71248.89176318735	1000.0	889.8286968070279	0.0	0	0.0	3138.720459994336	1	0	1.0	0.997458562490902
72689.7096331079	1000.0	449.01082688647955	0.0	0	0.0	3138.7204599943216	1	0	1.0	0.9974585624909049
74634.16170430445	1000.0	200.0	695.4412443100829	0	0.0	3834.1617043044535	1	0	1.0	-3.30777349277363
75256.99395083255	500.0	673.9204572131999	96.75270374129121	0	0.0	1930.9144080457481	1	0	1.0	-6.820170288483891
76240.73005482054	1000.0	690.1843532251962	0.0	0	0.0	1930.9144080457627	1	0	1.0	0.45349311452379915
77215.0770169623	1000.0	715.8373910834396	0.0	0	0.0	1930.9144080457481	1	0	1.0	1.1466402950837455
77985.10929600986	1000.0	945.8051120358865	0.0	0	0.0	1930.9144080457481	1	0	1.0	1.1466402950837455
78797.29471807794	1000.0	1133.6196899678	0.0	0	0.0	1930.9144080457336	1	0	1.0	1.1466402950837464
79588.30947420362	1000.0	1342.6049338421344	0.0	0	0.0	1930.9144080457336	1	0	1.0	1.1466402950837464
80541.73097538626	1000.0	1389.183432659482	0.0	0	0.0	1930.9144080457481	1	0	1.0	1.1466402950837455
81835.66736661167	1000.0	1095.247041434069	0.0	0	0.0	1930.9144080457481	1	0	1.0	1.1466402950837455
83236.26873457723	1000.0	694.6456734685178	0.0	0	0.0	1930.9144080457627	1	0	1.0	1.1466402950837447
84513.92562189177	1000.0	416.9887861539605	0.0	0	0.0	1930.9144080457481	1	0	1.0	1.1466402950837455
85506.19092375948	1000.0	512.7804216767404	88.05693739048559	0	0.0	2018.9713454362354	1	0	1.0	0.6122241627036195
86539.02615213081	1000.0	479.9451933053962	0.0	0	0.0	2018.9713454362354	1	0	1.0	1.1405657870465329
87751.12733845327	1000.0	267.8440069829344	0.0	0	0.0	2018.9713454362354	1	0	1.0	1.1405657870465329
89369.75340014965	500.0	247.07387972225592	597.8559344357097	0	0.0	2616.8272798719117	1	0	1.0	-3.8908687421124792
90464.52758484174	500.0	454.06914821115015	301.76945318098575	0	0.0	2918.5967330528947	1	0	1.0	-1.4654242151549322
91400.9842490763	500.0	562.090298971327	44.47781499473723	0	0.0	2963.0745480476326	1	0	1.0	0.07070799712035253
92424.11496543705	1000.0	538.9595826105659	0.0	0	0.0	2963.074548047647	1	0	1.0	0.33757488708877337
93077.11580963654	1000.0	885.958738411092	0.0	0	0.0	2963.074548047647	1	0	1.0	1.0307220676487188
94063.24626030959	1000.0	899.8282877380308	0.0	0	0.0	2963.074548047647	1	0	1.0	1.0307220676487188
95034.631302381	1000.0	928.443245666615	0.0	0	0.0	2963.0745480476326	1	0	1.0	1.0307220676487214
96059.62568472876	1000.0	903.4488633188599	0.0	0	0.0	2963.0745480476326	1	0	1.0	1.0307220676487214
97288.46269981796	1000.0	674.6118482296486	0.0	0	0.0	2963.0745480476326	1	0	1.0	1.0307220676487214
98524.63811803337	1000.0	438.43643001424084	0.0	0	0.0	2963.0745480476326	1	0	1.0	1.0307220676487214
99280.69476738284	500.0	682.379780664748	0.0	0	0.0	2963.074548047618	1	0	1.0	-0.3555722934711669
100011.90195821543	1000.0	951.1725898321492	0.0	0	0.0	2963.0745480476035	1	0	1.0	0.337574887088781
101010.13726040412	1000.0	952.9372876434495	0.0	0	0.0	2963.074548047589	1	0	1.0	1.0307220676487288
101575.07546541447	1000.0	1387.9990826331045	0.0	0	0.0	2963.074548047589	1	0	1.0	1.0307220676487288
102556.89111905226	2000.0	1406.1834289953088	0.0	0	0.0	2963.074548047589	1	0	1.0	1.0307220676487288
103414.74112990567	1000.0	1548.3334181419125	0.0	0	0.0	2963.074548047589	1	0	1.0	0.3375748870887837
104853.17498038577	1000.0	1109.8995676618156	0.0	0	0.0	2963.0745480476035	1	0	1.0	1.0307220676487263
105425.53591762461	1000.0	1537.5386304229708	0.0	0	0.0	2963.0745480476035	1	0	1.0	1.0307220676487263
107024.41617480609	2000.0	938.6583732415047	0.0	0	0.0	2963.0745480476035	1	0	1.0	1.0307220676487263
107794.29291368669	1000.0	1168.7816343608943	0.0	0	0.0	2963.0745480476035	1	0	1.0	0.3375748870887812
108666.75188810591	1000.0	1296.322659941677	0.0	0	0.0	2963.0745480476035	1	0	1.0	1.0307220676487263
109689.70620182184	1000.0	1273.3683462257284	0.0	0	0.0	2963.0745480476035	1	0	1.0	1.0307220676487263
110548.75993551152	1000.0	1414.3146125360618	0.0	0	0.0	2963.0745480476035	1	0	1.0	1.0307220676487263
112214.47955761636	1000.0	748.5949904312256	0.0	0	0.0	2963.0745480476035	1	0	1.0	1.0307220676487263
113009.81039297172	1000.0	953.264155075868	0.0	0	0.0	2963.0745480476035	1	0	1.0	1.0307220676487263
113888.57633256553	1000.0	1074.498215482051	0.0	0	0.0	2963.0745480476035	1	0	1.0	1.0307220676487263
114765.21774814377	1000.0	1197.856799903795	0.0	0	0.0	2963.074548047589	1	0	1.0	1.0307220676487288
115708.18749046458	1000.0	1254.887057582984	0.0	0	0.0	2963.074548047589	1	0	1.0	1.0307220676487288
116975.6862118959	1000.0	987.3883361516714	0.0	0	0.0	2963.074548047589	1	0	1.0	1.0307220676487288
117785.48599660507	1000.0	1177.5885514425054	0.0	0	0.0	2963.0745480476035	1	0	1.0	1.0307220676487263
118467.74269850885	1000.0	1495.3318495387243	0.0	0	0.0	2963.0745480476035	1	0	1.0	1.0307220676487263
120150.54915226503	1000.0	812.5253957825576	0.0	0	0.0	2963.0745480476035	1	0	1.0	1.0307220676487263
122050.34491913111	1000.0	200.0	287.27037108351476	0	0.0	3250.3449191311374	1	0	1.0	-0.7077354516825318
122882.54259030543	500.0	632.8156375913561	265.0133087656705	0	0.0	3515.3582278967806	1	0	1.0	-2.0702784644167425
123865.17192719353	500.0	650.1863007032629	0.0	0	0.0	3515.358227896795	1	0	1.0	0.212948568737222
124626.06735952846	500.0	889.2908683683372	0.0	0	0.0	3515.358227896795	1	0	1.0	0.212948568737222
125852.94536407756	1000.0	662.4128638192464	0.0	0	0.0	3515.3582278968097	1	0	1.0	0.2129485687372179
126794.07694535253	1000.0	721.2812825442793	0.0	0	0.0	3515.3582278968097	1	0	1.0	0.9060957492971633
128223.0941355591	1000.0	292.2640923377187	0.0	0	0.0	3515.3582278968242	1	0	1.0	0.9060957492971593
129096.22326065486	500.0	558.2605555466376	139.12558830467106	0	0.0	3654.483816201493	1	0	1.0	-1.3568759160950352
129576.65472943884	500.0	1077.8290867626586	0.0	0	0.0	3654.483816201493	1	0	1.0	0.17102479429293632
130531.68183192248	1000.0	1122.8019842790181	0.0	0	0.0	3654.483816201493	1	0	1.0	0.17102479429293638
132009.15434749398	1000.0	645.3294687074965	0.0	0	0.0	3654.4838162014494	1	0	1.0	0.8641719748528882
132628.73362361145	500.0	1025.7501925900456	0.0	0	0.0	3654.483816201464	1	0	1.0	-0.5221223862669979
133608.50094933875	1000.0	1045.9828668627306	0.0	0	0.0	3654.483816201435	1	0	1.0	0.17102479429294654
134350.27703015413	1000.0	1304.2067860473542	0.0	0	0.0	3654.483816201435	1	0	1.0	0.8641719748529031
135377.53443032992	1000.0	1276.949385871536	0.0	0	0.0	3654.4838162014203	1	0	1.0	0.8641719748529051
136880.2217755368	1000.0	774.2620406646762	0.0	0	0.0	3654.4838162014203	1	0	1.0	0.8641719748529051
137599.3421171048	500.0	1055.141699096686	0.0	0	0.0	3654.483816201391	1	0	1.0	-0.5221223862669766
138843.48044028875	1000.0	811.0033759127466	0.0	0	0.0	3654.483816201391	1	0	1.0	0.1710247942929688
139394.0740134621	1000.0	1260.4098027394039	0.0	0	0.0	3654.483816201391	1	0	1.0	0.8641719748529142
140520.84776300174	2000.0	1133.636053199757	0.0	0	0.0	3654.4838162014203	1	0	1.0	0.864171974852905
141140.75983538906	1000.0	1513.723980812419	0.0	0	0.0	3654.4838162014203	1	0	1.0	0.17102479429295991
143122.91525223415	2000.0	531.5685639673355	0.0	0	0.0	3654.4838162014203	1	0	1.0	0.864171974852905
144189.04430360565	2000.0	465.43951259584065	0.0	0	0.0	3654.4838162014203	1	0	1.0	1.5573191554128503
145227.62429307378	1000.0	466.6581530583833	39.7986299306782	0	0.0	3694.2824461320997	1	0	1.0	-0.08067782870257845
146092.15255758085	1000.0	602.1298885513395	0.0	0	0.0	3694.2824461320997	1	0	1.0	0.8512611314414359
146665.66990574016	1000.0	1028.6125403920264	0.0	0	0.0	3694.2824461320997	1	0	1.0	0.8512611314414359
147656.08837168958	1000.0	1038.194074442597	0.0	0	0.0	3694.2824461320997	1	0	1.0	0.8512611314414359
149362.79848053967	1000.0	331.48396559252546	0.0	0	0.0	3694.2824461320997	1	0	1.0	0.8512611314414359
150193.6890515164	500.0	596.8180105166358	96.22461590082389	0	0.0	3790.507062032935	1	0	1.0	-1.1453837725843536
151228.0452146617	500.0	562.4618473713859	0.0	0	0.0	3790.507062032935	1	0	1.0	0.12511110338054288
151755.53710847825	500.0	1034.9699535548434	0.0	0	0.0	3790.507062032935	1	0	1.0	0.12511110338053466
153095.11607852305	1000.0	695.390983510044	0.0	0	0.0	3790.507062032906	1	0	1.0	0.12511110338054499
154070.4714425042	1000.0	720.0356195288714	0.0	0	0.0	3790.507062032935	1	0	1.0	0.8182582839404801
155282.63732878884	1000.0	507.86973324422047	0.0	0	0.0	3790.5070620329643	1	0	1.0	0.818258283940478
156094.11005700217	1000.0	696.3970050309022	0.0	0	0.0	3790.5070620329643	1	0	1.0	0.8182582839404697
156952.58184954096	1000.0	837.9252124921238	0.0	0	0.0	3790.5070620329643	1	0	1.0	0.8182582839404697
157692.28689401783	1000.0	1098.2201680152616	0.0	0	0.0	3790.5070620329643	1	0	1.0	0.8182582839404697
158576.94417047856	1000.0	1213.5628915545453	0.0	0	0.0	3790.5070620329643	1	0	1.0	0.818258283940476
159955.51694455137	1000.0	834.9901174817303	0.0	0	0.0	3790.5070620329643	1	0	1.0	0.8182582839404697
160743.11877381342	1000.0	1047.3882882197056	0.0	0	0.0	3790.5070620329643	1	0	1.0	0.8182582839404697
161780.69222456106	1000.0	1009.8148374720533	0.0	0	0.0	3790.5070620329643	1	0	1.0	0.8182582839404697
163445.51838994675	1000.0	344.9886720863541	0.0	0	0.0	3790.507062032935	1	0	1.0	0.8182582839404801
164508.19134157422	1000.0	459.85829902945835	177.54257857057968	0	0.0	3968.049640603509	1	0	1.0	-0.3149479386243338
165161.36782226068	500.0	806.6818183429918	0.0	0	0.0	3968.049640603509	1	0	1.0	-0.6359868283207465
166078.63351983504	1000.0	889.4161207686641	0.0	0	0.0	3968.049640603509	1	0	1.0	0.05716035223919891
166839.19694931552	1000.0	1128.852691288152	0.0	0	0.0	3968.049640603509	1	0	1.0	0.7503075327991443
167907.68905178597	1000.0	1060.360588817679	0.0	0	0.0	3968.04964060348	1	0	1.0	0.7503075327991562
169397.5244662079	1000.0	570.5251743957459	0.0	0	0.0	3968.049640603451	1	0	1.0	0.7503075327991586
170016.14058657974	500.0	951.9090540239036	0.0	0	0.0	3968.049640603451	1	0	1.0	-0.6359868283207226
170961.91506534244	1000.0	1006.1345752611863	0.0	0	0.0	3968.04964060348	1	0	1.0	0.05716035223921079
171899.36740184235	1000.0	1068.6822387612935	0.0	0	0.0	3968.04964060348	1	0	1.0	0.7503075327991562
173062.64512427954	1000.0	905.40451632411	0.0	0	0.0	3968.04964060348	1	0	1.0	0.7503075327991562
174020.82644539585	1000.0	947.2231952078141	0.0	0	0.0	3968.04964060348	1	0	1.0	0.7503075327991562
174698.83030619408	1000.0	1269.219334409596	0.0	0	0.0	3968.049640603509	1	0	1.0	0.7503075327991443
175827.44448646097	2000.0	1140.6051541427048	0.0	0	0.0	3968.049640603509	1	0	1.0	0.7503075327991442
177038.19897640243	2000.0	929.850664201235	0.0	0	0.0	3968.04964060348	1	0	1.0	1.4434547133591014
179231.92733587004	2000.0	200.0	463.87769526641875	0	0.0	4431.92733586987	1	0	1.0	-1.416558534831362
179560.0040759507	300.0	871.9232599193372	0.0	0	0.0	2431.9273358698993	1	0	1.0	-7.996974260668364
180542.99281760506	1000.0	888.9345182649512	0.0	0	0.0	2431.9273358698993	1	0	1.0	-0.09985427578248263
181114.0642952757	1000.0	1317.8630405943254	0.0	0	0.0	2431.92733586987	1	0	1.0	1.1041185285434565
182259.19020970943	1000.0	1172.7371261605927	0.0	0	0.0	2431.92733586987	1	0	1.0	1.1041185285434565
183607.81994818282	1000.0	824.1073876871691	0.0	0	0.0	2431.927335869841	1	0	1.0	1.1041185285434596
185029.86324161384	1000.0	402.0640942561243	0.0	0	0.0	2431.927335869841	1	0	1.0	1.1041185285434596
185914.81839514116	500.0	517.1089407287935	0.0	0	0.0	2431.927335869841	1	0	1.0	-0.2821758325764312
186744.30780830735	500.0	687.6195275626086	0.0	0	0.0	2431.927335869841	1	0	1.0	0.4109713479835142
188015.05323520297	1000.0	416.8741006669616	0.0	0	0.0	2431.927335869812	1	0	1.0	0.4109713479835173
188603.882944334	500.0	828.0443915359236	0.0	0	0.0	2431.927335869783	1	0	1.0	-0.2821758325764251
189811.2604513519	1000.0	620.6668845180138	0.0	0	0.0	2431.927335869783	1	0	1.0	0.4109713479835204
191605.611403397	1000.0	200.0	373.6840675270653	0	0.0	2805.611403396877	1	0	1.0	-1.1733186567905884
192263.6391322383	500.0	666.392238284976	124.41996712631777	0	0.0	2930.031370523182	1	0	1.0	-1.0964034970277357
193619.8134610216	1000.0	310.2179095016889	0.0	0	0.0	2930.031370523182	1	0	1.0	0.3432634862901166
194411.02367243863	500.0	607.9470188358567	88.939320751195	0	0.0	3018.970691274386	1	0	1.0	-0.8992281942365983
195454.83474700086	1000.0	564.1359442736206	0.0	0	0.0	3018.970691274357	1	0	1.0	0.32755491083052257
196681.16698379966	1000.0	413.4169920381677	75.61328456335752	0	0.0	3094.5839758376824	1	0	1.0	0.5526376769540517
197447.15536846325	1000.0	647.4286073745711	0.0	0	0.0	3094.5839758376824	1	0	1.0	1.0063173843341968
198741.8206831543	1000.0	393.71000459232835	40.946711908811835	0	0.0	3135.5306877465046	1	0	1.0	0.7524302998758099
199696.96243089205	1000.0	440.005697210598	1.437440356028219	0	0.0	3136.9681281025405	1	0	1.0	0.9891923372594524
200776.3486071577	500.0	407.6158197522319	46.99629880728759	0	0.0	3183.9644269098644	1	0	1.0	-0.680263936377064
201558.49146652414	500.0	712.8839233135574	87.41096292775687	0	0.0	3271.375389837689	1	0	1.0	-0.24897071933714543
202320.1663877571	1000.0	951.2090020805874	0.0	0	0.0	3271.375389837689	1	0	1.0	0.2754950582293959
203021.96651676268	1000.0	1249.4088730750432	0.0	0	0.0	3271.375389837689	1	0	1.0	0.9686422387893413
204718.5708814858	1000.0	552.804508351921	0.0	0	0.0	3271.375389837689	1	0	1.0	0.9686422387893413
205682.41724751328	1000.0	588.9581423244481	0.0	0	0.0	3271.375389837689	1	0	1.0	0.9686422387893413
206424.91715341085	1000.0	846.4582364268936	0.0	0	0.0	3271.375389837689	1	0	1.0	0.9686422387893413
207590.05871151484	1000.0	681.316678322911	0.0	0	0.0	3271.375389837718	1	0	1.0	0.9686422387893373
208551.2093720751	1000.0	720.1660177626707	0.0	0	0.0	3271.375389837747	1	0	1.0	0.968642238789328
209352.937097106	1000.0	918.4382927317598	0.0	0	0.0	3271.375389837747	1	0	1.0	0.968642238789328
209771.94704616643	1000.0	1499.4283436713506	0.0	0	0.0	3271.375389837747	1	0	1.0	0.968642238789328
211118.76547466594	2000.0	1152.6099151718538	0.0	0	0.0	3271.375389837747	1	0	1.0	0.9686422387893279
212245.34285265143	2000.0	1026.032537186355	0.0	0	0.0	3271.375389837747	1	0	1.0	1.661789419349273
213865.4999780223	2000.0	405.8754118155092	0.0	0	0.0	3271.375389837747	1	0	1.0	1.661789419349273
215348.92069845574	1000.0	200.0	277.54530861793097	0	0.0	3548.9206984556804	1	0	1.0	-1.456466609697231
216138.04778312377	500.0	599.64022645624	188.76731112428604	0	0.0	3737.688009579957	1	0	1.0	-1.6822058746825477
216897.0482472881	500.0	840.639762291879	0.0	0	0.0	3737.688009579928	1	0	1.0	0.14354517262312405
217805.81850906715	1000.0	931.8695005128186	0.0	0	0.0	3737.688009579957	1	0	1.0	0.14354517262311406
219285.5104710258	1000.0	452.1775385541495	0.0	0	0.0	3737.688009579957	1	0	1.0	0.8366923531830555
219709.09391020559	500.0	1028.5940993743866	0.0	0	0.0	3737.688009579957	1	0	1.0	-0.5496020079368313
220617.43935746173	1000.0	1120.248652118236	0.0	0	0.0	3737.688009579986	1	0	1.0	0.14354517262310415
222216.2785239191	1000.0	521.4094856608594	0.0	0	0.0	3737.688009580015	1	0	1.0	0.8366923531830395
223852.44079522393	1000.0	301.760086885088	416.51287252903325	0	0.0	4154.200882109057	1	0	1.0	-1.8306814725554346
224381.7824903407	300.0	772.4183917683272	0.0	0	0.0	2154.2008821090567	1	0	1.0	-7.27777120954442
225363.34858390683	1000.0	790.8522982021916	0.0	0	0.0	2154.2008821090567	1	0	1.0	-0.0737984052184825
226323.60606238915	1000.0	830.5948197198734	0.0	0	0.0	2154.200882109086	1	0	1.0	1.130174399107451
227196.06780183813	1000.0	958.1330802709076	0.0	0	0.0	2154.2008821090567	1	0	1.0	1.1301743991074535
228102.70210142268	1000.0	1051.4987806863874	0.0	0	0.0	2154.2008821090567	1	0	1.0	1.1301743991074535
229076.5677812408	1000.0	1077.633100868266	0.0	0	0.0	2154.2008821090567	1	0	1.0	1.1301743991074535
229813.77203749501	1000.0	1340.4288446140176	0.0	0	0.0	2154.2008821090567	1	0	1.0	1.1301743991074535
231133.6040964121	1000.0	1020.5967856969164	0.0	0	0.0	2154.2008821090276	1	0	1.0	1.1301743991074558
232230.01389181227	1000.0	924.1869902967816	0.0	0	0.0	2154.2008821090276	1	0	1.0	1.1301743991074558
233145.15274574346	1000.0	1009.0481363656052	0.0	0	0.0	2154.2008821090276	1	0	1.0	1.1301743991074558
234010.43673467115	1000.0	1143.7641474379236	0.0	0	0.0	2154.2008821090276	1	0	1.0	1.1301743991074558
234931.03044946652	1000.0	1223.170432642559	0.0	0	0.0	2154.2008821090276	1	0	1.0	1.1301743991074558
236206.69508577939	1000.0	947.5057963296741	0.0	0	0.0	2154.2008821089985	1	0	1.0	1.1301743991074582
238273.30862963852	1000.0	200.0	319.1077475294315	0	0.0	2473.3086296385154	1	0	1.0	-0.8030121584546953
239376.8438814712	500.0	439.34550477384124	342.8807566065143	0	0.0	2816.189386245038	1	0	1.0	-2.3888336996989774
240264.7961709762	500.0	551.3932152688536	0.0	0	0.0	2816.189386245038	1	0	1.0	0.36159802050005385
240783.62160011657	500.0	1032.5677861284455	0.0	0	0.0	2816.189386245038	1	0	1.0	0.36159802050005385
241612.9071810601	1000.0	1203.282205184938	0.0	0	0.0	2816.189386245038	1	0	1.0	0.36159802050005396
242672.91374634055	1000.0	1143.27563990446	0.0	0	0.0	2816.189386245038	1	0	1.0	1.0547452010599994
243701.17075792054	1000.0	1115.018628324467	0.0	0	0.0	2816.189386245067	1	0	1.0	1.0547452010599958
244809.86059443915	1000.0	1006.3287918058661	0.0	0	0.0	2816.189386245067	1	0	1.0	1.054745201059995
246115.00155209034	1000.0	701.1878341546585	0.0	0	0.0	2816.189386245067	1	0	1.0	1.054745201059995
247296.65733349157	1000.0	519.5320527534203	0.0	0	0.0	2816.189386245038	1	0	1.0	1.0547452010599958
248543.3418563244	1000.0	484.92603505465104	212.0785051340383	0	0.0	3028.2678913791024	1	0	1.0	-0.25339227657860264
249391.7907392684	1000.0	636.4771521106436	0.0	0	0.0	3028.2678913791024	1	0	1.0	1.0189857599489527
250205.53111989482	1000.0	822.7367714842358	0.0	0	0.0	3028.2678913791024	1	0	1.0	1.0189857599489527
250781.44421323194	1000.0	1246.8236781470819	0.0	0	0.0	3028.2678913791024	1	0	1.0	1.0189857599489527
253038.15621235775	2000.0	200.0	209.88832097869692	0	0.0	3238.1562123578333	1	0	1.0	-0.24890564435543328
253648.0014674577	500.0	761.5357982422677	171.38105334225605	0	0.0	3409.537265699997	1	0	1.0	-2.1728835668620854
254327.08890693015	1000.0	1082.448358769829	0.0	0	0.0	3409.537265699997	1	0	1.0	0.2416971143113419
255645.87778329808	2000.0	763.6594824018891	0.0	0	0.0	3409.537265700026	1	0	1.0	0.9348442948712795
256232.907106493	1000.0	1176.630159207009	0.0	0	0.0	3409.537265700026	1	0	1.0	0.2416971143113346
257147.1744354191	1000.0	1262.3628302809132	0.0	0	0.0	3409.537265700026	1	0	1.0	0.9348442948712797
258041.73748312538	1000.0	1367.799782574604	0.0	0	0.0	3409.537265700026	1	0	1.0	0.9348442948712797
259060.37454447369	1000.0	1349.1627212263127	0.0	0	0.0	3409.5372657000553	1	0	1.0	0.9348442948712722
260139.0084526013	1000.0	1270.5288130987185	0.0	0	0.0	3409.5372657000553	1	0	1.0	0.9348442948712722
261565.11654990763	1000.0	844.420715792401	0.0	0	0.0	3409.537265700026	1	0	1.0	0.9348442948712797
262495.03176424146	1000.0	914.5055014585593	0.0	0	0.0	3409.537265699968	1	0	1.0	0.9348442948712903
263468.3751478044	1000.0	941.1621178956309	0.0	0	0.0	3409.537265699939	1	0	1.0	0.9348442948712992
264687.9656597709	1000.0	721.5716059291462	0.0	0	0.0	3409.537265699968	1	0	1.0	0.9348442948712933
266095.4688166342	1000.0	358.458495743618	44.39004667776996	0	0.0	3453.927312377724	1	0	1.0	0.6567599402848114
266824.96999060485	1000.0	649.2751763691754	20.31785459622202	0	0.0	3474.2451669739094	1	0	1.0	0.7956670578321299
268066.0434979641	1000.0	408.2016690099917	0.0	0	0.0	3474.245166973851	1	0	1.0	0.9175741854094779
270468.1005654167	1000.0	200.0	1193.8553984425216	0	0.0	4668.100565416506	1	0	1.0	-6.637843453337171
271430.0748113484	300.0	632.6432497509059	394.61749568268175	0	0.0	3062.718061099178	1	0	1.0	-9.763151511340341
272123.8302030138	500.0	938.8878580855583	0.0	0	0.0	3062.7180610992364	1	0	1.0	-0.1914737329183285
273756.8277116211	1000.0	353.68616365773806	47.79581417954721	0	0.0	3110.5138752787607	1	0	1.0	0.02494794225824204
274815.70381213905	1000.0	512.4147526140089	217.60468947424297	0	0.0	3328.1185647530947	1	0	1.0	-0.35037723667681764
275634.9782497875	1000.0	693.1403149655703	0.0	0	0.0	3328.118564753153	1	0	1.0	0.9552509001686262
276510.7540206153	1000.0	817.3645441378328	0.0	0	0.0	3328.118564753153	1	0	1.0	0.9552509001686262
278150.889612839	1000.0	200.0	22.77104808584619	0	0.0	3350.8896128390334	1	0	1.0	0.8175120018318345
278804.8136905955	500.0	693.3135639301421	147.2376416867156	0	0.0	3498.1272545257234	1	0	1.0	-1.3587649056515831
280042.1752087654	1000.0	455.952045760278	0.0	0	0.0	3498.1272545257234	1	0	1.0	0.21780812502865612
281485.43132175173	1000.0	324.5017643331849	311.8058315592576	0	0.0	3809.933086085017	1	0	1.0	-1.056309862511231
282548.67344408843	1000.0	503.34202975210235	242.08238775561313	0	0.0	4052.0154738407	1	0	1.0	-0.7377241953419467
283284.12975964084	1000.0	767.8857141996519	0.0	0	0.0	4052.0154738407	1	0	1.0	0.7147701311917221
284200.774888249	1000.0	851.2405855915081	0.0	0	0.0	4052.0154738407	1	0	1.0	0.7147701311917221
285270.47004778276	1000.0	781.5454260576851	0.0	0	0.0	4052.0154738405836	1	0	1.0	0.7147701311917525
286676.6217189695	1000.0	375.3937548709946	0.0	0	0.0	4052.0154738405836	1	0	1.0	0.714770131191773
287344.8418384184	500.0	745.4613739281242	38.28773850601647	0	0.0	4090.3032123466255	1	0	1.0	-0.91821717642972
287887.6934357696	1000.0	1202.6097765769273	0.0	0	0.0	4090.3032123466255	1	0	1.0	0.0046564351663241355
289371.26661136263	2000.0	719.0366009838554	0.0	0	0.0	4090.3032123466255	1	0	1.0	0.6978036157262693
289933.32075996784	1000.0	1156.9824523786015	0.0	0	0.0	4090.3032123466255	1	0	1.0	0.0046564351663243575
291425.298301528	2000.0	665.0049108184614	0.0	0	0.0	4090.3032123466255	1	0	1.0	0.6978036157262693
292561.04026132147	2000.0	529.2629510249532	0.0	0	0.0	4090.3032123466255	1	0	1.0	1.3909507962862144
293499.364527666	1000.0	590.9386846803802	0.0	0	0.0	4090.3032123466837	1	0	1.0	0.00465643516629799
294693.3235332638	1000.0	437.4357406201442	40.45606153757433	0	0.0	4130.759273884178	1	0	1.0	0.43660852254947796
295345.63033955067	1000.0	785.1289343332527	0.0	0	0.0	4130.759273884178	1	0	1.0	0.6793448917749292
297522.2915340012	2000.0	200.0	591.5322601173017	0	0.0	4722.291534001415	1	0	1.0	-3.0016451023033035
298037.01111986564	300.0	731.0534025202779	45.77298838478771	0	0.0	2768.0645223861793	1	0	1.0	-8.313793277079155
300044.8072749051	1000.0	200.0	476.74275251923456	0	0.0	3244.8072749053827	1	0	1.0	-3.054662807166845
300818.4523824925	500.0	661.6427089901393	235.2878165775644	0	0.0	3480.0950914826826	1	0	1.0	-1.8820559611173115
301871.3082988348	1000.0	608.7867926478399	0.0	0	0.0	3480.095091482741	1	0	1.0	0.22281811890800418
302752.252231356	1000.0	727.8428601266438	0.0	0	0.0	3480.095091482741	1	0	1.0	0.9159652994679496
303788.5340885524	1000.0	691.5610029301688	0.0	0	0.0	3480.0950914826826	1	0	1.0	0.9159652994679625
304827.1238145295	1000.0	652.9712769530797	0.0	0	0.0	3480.0950914826826	1	0	1.0	0.9159652994679657
305509.9777384611	1000.0	970.1173530215164	0.0	0	0.0	3480.0950914826826	1	0	1.0	0.9159652994679625
306189.08755629644	1000.0	1291.0075351862151	0.0	0	0.0	3480.095091482741	1	0	1.0	0.9159652994679496
307017.99398837605	1000.0	1462.1011031065589	0.0	0	0.0	3480.095091482741	1	0	1.0	0.9159652994679496
308839.32938332745	1000.0	640.7657081552021	0.0	0	0.0	3480.095091482741	1	0	1.0	0.9159652994679496
309786.3481452951	1000.0	693.7469461875728	0.0	0	0.0	3480.095091482741	1	0	1.0	0.9159652994679496
311190.08525291	1000.0	290.00983857269614	0.0	0	0.0	3480.095091482741	1	0	1.0	0.9159652994679496
312189.02684977563	500.0	452.1585591917178	161.09031748469164	0	0.0	3641.185408967489	1	0	1.0	-1.4844437181211207
312764.2295737806	500.0	876.9558351867182	0.0	0	0.0	3641.185408967547	1	0	1.0	0.17524536734695617
314153.8896831277	1000.0	487.2957258396184	0.0	0	0.0	3641.185408967547	1	0	1.0	0.17524536734695617
315224.27815560356	1000.0	467.5442590169276	50.63700565320744	0	0.0	3691.8224146207795	1	0	1.0	0.5482494324103465
315989.4075899627	1000.0	702.414824657764	0.0	0	0.0	3691.8224146207795	1	0	1.0	0.8520714663295912
316880.67325713485	1000.0	811.1491574856265	0.0	0	0.0	3691.8224146207795	1	0	1.0	0.8520714663295912
0.82	0.97	0.98	1.31	1.48	1.01	0.63	0.85	1.05	0.83	0.68	1.04	0.87	1.12	1.22	1.04	0.89	0.83	1.25	1.02	1.07	1.01	1.59	1.73	1.44	1.23	0.85	1.11	1.41	0.85	0.94	0.86	0.82	0.42999999999999994	0.87	0.79	0.75	0.73	0.74	0.73	0.85	0.86	0.73	1.0257916666666667	1.1937916666666666	0.9057916666666667	1.0137916666666666	0.6417916666666665	0.5217916666666667	1.0257916666666667	1.3857916666666668	0.6057916666666667	0.7377916666666666	1.1937916666666666	0.8817916666666666	0.9417916666666666	1.4697916666666666	1.9137916666666666	1.7697916666666664	1.6257916666666667	1.8537916666666665	1.0137916666666666	0.7617916666666668	0.6657916666666666	0.9657916666666666	0.9417916666666666	0.6897916666666666	1.1097916666666667	0.5217916666666667	0.9297916666666666	0.38979166666666665	0.6537916666666665	1.0137916666666666	1.3737916666666667	1.3617916666666667	1.1337916666666668	0.9057916666666667	1.0377916666666667	0.9657916666666666	0.9417916666666666	0.8457916666666667	1.3257916666666667	1.2057916666666666	1.0137916666666666	0.3537916666666667	0.40179166666666666	0.4377916666666667	0.5817916666666667	1.1097916666666667	1.1817916666666666	1.0257916666666667	1.2704186046511627	1.1144186046511628	0.9704186046511628	0.9704186046511628	0.5624186046511628	1.1144186046511628	1.3304186046511628	1.8584186046511628	1.1024186046511628	0.4544186046511629	1.2824186046511628	1.5344186046511628	1.3784186046511628	0.8504186046511628	1.3664186046511628	1.2464186046511627	0.6224186046511628	0.6584186046511628	1.0184186046511627	1.0664186046511628	1.1384186046511628	0.6224186046511628	0.9344186046511628	1.450418604651163	0.7784186046511629	0.47841860465116287	0.5624186046511628	0.25041860465116283	0.6704186046511628	0.4304186046511629	0.9224186046511629	1.1744186046511627	1.0304186046511628	0.8744186046511628	0.7544186046511628	1.0304186046511628	0.9104186046511629	0.7544186046511628	1.2224186046511627	1.3664186046511628	1.1504186046511629	0.7424186046511628	0.5984186046511628	0.6121333333333333	1.5001333333333333	1.728133333333333	1.4401333333333333	1.1521333333333332	1.4521333333333333	1.6441333333333334	0.9361333333333334	1.3201333333333334	1.5841333333333334	1.0921333333333334	0.4681333333333334	0.6721333333333335	0.5401333333333335	0.9481333333333334	0.54	0.82	0.97	0.98	1.31	1.48	1.01	0.63	0.85	1.05	0.83	0.68	1.04	0.87	1.12	1.22	1.04	0.89	0.83	1.25	1.02	1.07	1.01	1.59	1.73	1.44	1.23	0.85	1.11	1.41	0.85	0.94	0.86	0.82	0.42999999999999994	0.87	0.79	0.75	0.73	0.74	0.73	0.85	0.86	0.73	1.0257916666666667	1.1937916666666666	0.9057916666666667	1.0137916666666666	0.6417916666666665	0.5217916666666667	1.0257916666666667	1.3857916666666668	0.6057916666666667	0.7377916666666666	1.1937916666666666	0.8817916666666666	0.9417916666666666	1.4697916666666666	1.9137916666666666	1.7697916666666664	1.6257916666666667	1.8537916666666665	1.0137916666666666	0.7617916666666668	0.6657916666666666	0.9657916666666666	0.9417916666666666	0.6897916666666666	1.1097916666666667	0.5217916666666667	0.9297916666666666	0.38979166666666665	0.6537916666666665	1.0137916666666666	1.3737916666666667	1.3617916666666667	1.1337916666666668	0.9057916666666667	1.0377916666666667	0.9657916666666666	0.9417916666666666	0.8457916666666667	1.3257916666666667	1.2057916666666666	1.0137916666666666	0.3537916666666667	0.40179166666666666	0.4377916666666667	0.5817916666666667	1.1097916666666667	1.1817916666666666	1.0257916666666667	1.2704186046511627	1.1144186046511628	0.9704186046511628	0.9704186046511628	0.5624186046511628	1.1144186046511628	1.3304186046511628	1.8584186046511628	1.1024186046511628	0.4544186046511629	1.2824186046511628	1.5344186046511628	1.3784186046511628	0.8504186046511628	1.3664186046511628	1.2464186046511627	0.6224186046511628	0.6584186046511628	1.0184186046511627	1.0664186046511628	1.1384186046511628	0.6224186046511628	0.9344186046511628	1.450418604651163	0.7784186046511629	0.47841860465116287	0.5624186046511628	0.25041860465116283	0.6704186046511628	0.4304186046511629	0.9224186046511629	1.1744186046511627	1.0304186046511628	0.8744186046511628	0.7544186046511628	1.0304186046511628	0.9104186046511629	0.7544186046511628	1.2224186046511627	1.3664186046511628	1.1504186046511629	0.7424186046511628	0.5984186046511628	0.6121333333333333	1.5001333333333333	1.728133333333333	1.4401333333333333	1.1521333333333332	1.4521333333333333	1.6441333333333334	0.9361333333333334	1.3201333333333334	1.5841333333333334	1.0921333333333334	0.4681333333333334	0.6721333333333335	0.5401333333333335	0.9481333333333334	0.54	0.82	0.97	0.98	1.31	1.48	1.01	0.63	0.85	1.05	0.83	0.68	1.04	0.87	1.12	1.22	1.04	0.89
1.0	2.0	3.0	4.0	5.0	6.0	7.0	8.0	9.0	10.0	11.0	12.0	13.0	14.0	15.0	16.0	17.0	18.0	19.0	20.0	21.0	22.0	23.0	24.0	25.0	26.0	27.0	28.0	29.0	30.0	31.0	32.0	33.0	34.0	35.0	36.0	37.0	38.0	39.0	40.0	41.0	42.0	43.0	44.0	45.0	46.0	47.0	48.0	49.0	50.0	51.0	52.0	53.0	54.0	55.0	56.0	57.0	58.0	59.0	60.0	61.0	62.0	63.0	64.0	65.0	66.0	67.0	68.0	69.0	70.0	71.0	72.0	73.0	74.0	75.0	76.0	77.0	78.0	79.0	80.0	81.0	82.0	83.0	84.0	85.0	86.0	87.0	88.0	89.0	90.0	91.0	92.0	93.0	94.0	95.0	96.0	97.0	98.0	99.0	100.0	101.0	102.0	103.0	104.0	105.0	106.0	107.0	108.0	109.0	110.0	111.0	112.0	113.0	114.0	115.0	116.0	117.0	118.0	119.0	120.0	121.0	122.0	123.0	124.0	125.0	126.0	127.0	128.0	129.0	130.0	131.0	132.0	133.0	134.0	135.0	136.0	137.0	138.0	139.0	140.0	141.0	142.0	143.0	144.0	145.0	146.0	147.0	148.0	149.0	149.0	150.0	151.0	152.0	153.0	154.0	155.0	156.0	157.0	158.0	159.0	160.0	161.0	162.0	163.0	164.0	165.0	166.0	167.0	168.0	169.0	170.0	171.0	172.0	173.0	174.0	175.0	176.0	177.0	178.0	179.0	180.0	181.0	182.0	183.0	184.0	185.0	186.0	187.0	188.0	189.0	190.0	191.0	192.0	193.0	194.0	195.0	196.0	197.0	198.0	199.0	200.0	201.0	202.0	203.0	204.0	205.0	206.0	207.0	208.0	209.0	210.0	211.0	212.0	213.0	214.0	215.0	216.0	217.0	218.0	219.0	220.0	221.0	222.0	223.0	224.0	225.0	226.0	227.0	228.0	229.0	230.0	231.0	232.0	233.0	234.0	235.0	236.0	237.0	238.0	239.0	240.0	241.0	242.0	243.0	244.0	245.0	246.0	247.0	248.0	249.0	250.0	251.0	252.0	253.0	254.0	255.0	256.0	257.0	258.0	259.0	260.0	261.0	262.0	263.0	264.0	265.0	266.0	267.0	268.0	269.0	270.0	271.0	272.0	273.0	274.0	275.0	276.0	277.0	278.0	279.0	280.0	281.0	282.0	283.0	284.0	285.0	286.0	287.0	288.0	289.0	290.0	291.0	292.0	293.0	294.0	295.0	296.0	297.0	298.0	298.0	299.0	300.0	301.0	302.0	303.0	304.0	305.0	306.0	307.0	308.0	309.0	310.0	311.0	312.0	313.0	314.0	315.0
3251.850191463582
