4907.371719166733	300.0	2000.0	345.69779789319495	0	0.0	4907.371719166733	1	0	1.0	-3.009403223287263
7396.248347894992	2000.0	511.1233712717408	0.0	0	0.0	2907.371719166733	1	0	1.0	-6.163758936805664
8302.298820427293	1000.0	605.0728987394383	0.0	0	0.0	2907.371719166733	1	0	1.0	0.34706668696032944
9589.519562213398	1000.0	386.3479036750675	68.49574672173276	0	0.0	2975.8674658884665	1	0	1.0	0.617498911723326
11181.675044755451	1000.0	200.0	405.80757886698495	0	0.0	3381.675044755453	1	0	1.0	-1.4542616221976519
11811.769136154637	500.0	698.4538700856485	128.54796148483138	0	0.0	3510.223006240287	1	0	1.0	-1.2500306949851867
12716.020367333944	1000.0	794.2026389063418	0.0	0	0.0	3510.223006240287	1	0	1.0	0.21440425448374711
13339.632900213895	1000.0	1170.59010602639	0.0	0	0.0	3510.223006240287	1	0	1.0	0.9075514350436925
13960.29067682904	1000.0	1549.932329411246	0.0	0	0.0	3510.2230062402887	1	0	1.0	0.907551435043692
15064.274728404145	1000.0	1445.948277836141	0.0	0	0.0	3510.2230062402887	1	0	1.0	0.907551435043692
16423.255286474952	1000.0	1086.9677197653307	0.0	0	0.0	3510.223006240287	1	0	1.0	0.9075514350436921
17507.47269657952	1000.0	1002.7503096607616	0.0	0	0.0	3510.2230062402887	1	0	1.0	0.9075514350436921
18654.063661932025	1000.0	856.159344308259	0.0	0	0.0	3510.223006240294	1	0	1.0	0.9075514350436913
19516.430047061538	1000.0	993.792959178743	0.0	0	0.0	3510.2230062402905	1	0	1.0	0.9075514350436913
20545.05094045514	1000.0	965.1720657851446	0.0	0	0.0	3510.2230062402923	1	0	1.0	0.907551435043691
21031.889457726225	1000.0	1478.3335485140606	0.0	0	0.0	3510.2230062402887	1	0	1.0	0.907551435043692
23127.530208479347	2000.0	382.69279776093856	0.0	0	0.0	3510.2230062402887	1	0	1.0	0.907551435043692
24180.205751091842	1000.0	482.27456763935936	152.25731249091217	0	0.0	3662.4803187312027	1	0	1.0	-0.7450793602399477
25137.348670667536	1000.0	525.1316480636649	0.0	0	0.0	3662.480318731199	1	0	1.0	0.8616116952654715
26125.725865658922	1000.0	536.7544530722815	0.0	0	0.0	3662.480318731199	1	0	1.0	0.8616116952654715
27141.034546594277	1000.0	521.4457721369264	0.0	0	0.0	3662.480318731199	1	0	1.0	0.8616116952654715
28927.260250338317	1000.0	200.0	464.7799316071141	0	0.0	4127.260250338313	1	0	1.0	-2.05541134269007
29282.01334489504	300.0	845.2469054432751	0.0	0	0.0	2127.260250338313	1	0	1.0	-7.275592007692711
31820.686148237462	1000.0	200.0	893.4258978991467	0	0.0	3020.6861482374625	1	0	1.0	-5.516395415591819
32679.029428102946	500.0	618.7544787480831	277.09775861356695	0	0.0	3297.7839068510293	1	0	1.0	-2.0863884800362653
34186.74129309057	1000.0	200.84951471336248	89.80690095290758	0	0.0	3387.5908078039356	1	0	1.0	-0.29150146246334263
34670.424847268914	500.0	779.1507129144226	61.984752379395474	0	0.0	3449.5755601833407	1	0	1.0	-0.8339314836089611
35407.191921235775	1000.0	1042.3836389475582	0.0	0	0.0	3449.575560183337	1	0	1.0	0.23112421122735646
36051.64829284815	1000.0	1397.9272673351861	0.0	0	0.0	3449.5755601833407	1	0	1.0	0.9242713917873014
37182.66687854359	1000.0	1266.9086816397414	0.0	0	0.0	3449.575560183337	1	0	1.0	0.9242713917873026
37893.21563976041	1000.0	1556.3599204229142	0.0	0	0.0	3449.575560183337	1	0	1.0	0.9242713917873026
38615.598255909346	1000.0	1833.9773042739798	0.0	0	0.0	3449.575560183337	1	0	1.0	0.9242713917873026
39674.04749805938	2000.0	1775.5280621239442	0.0	0	0.0	3449.575560183337	1	0	1.0	0.9242713917873027
41285.929443302484	2000.0	1163.646116880836	0.0	0	0.0	3449.575560183337	1	0	1.0	1.6174185723472478
43094.34374479257	2000.0	355.23181539075824	0.0	0	0.0	3449.575560183337	1	0	1.0	1.6174185723472478
43994.96572222377	1000.0	527.6230318647195	73.01319390516238	0	0.0	3522.588754088494	1	0	1.0	-0.22719098921891356
44888.84844629851	1000.0	633.7403077899937	0.0	0	0.0	3522.588754088494	1	0	1.0	0.9040353547720059
46022.732865747224	1000.0	499.8558883412819	0.0	0	0.0	3522.588754088494	1	0	1.0	0.9040353547720059
46964.82841641897	1000.0	559.3427042938257	1.58236662429249	0	0.0	3524.1711207127883	1	0	1.0	0.8940885652858609
48206.4162024859	1000.0	371.1365698447426	53.38165161785059	0	0.0	3577.552772330637	1	0	1.0	0.5676657028630647
49505.16968146066	1000.0	281.5452116977897	209.1621208278092	0	0.0	3786.714893158445	1	0	1.0	-0.43536466644097005
49989.40654403723	500.0	797.3083491212253	0.0	0	0.0	3786.714893158445	1	0	1.0	-0.5666863025940055
51213.33162891119	1000.0	573.3832642472697	0.0	0	0.0	3786.714893158445	1	0	1.0	0.12646087796593994
52504.78611428741	1000.0	338.5738020169501	56.645023145900836	0	0.0	3843.3599163043473	1	0	1.0	0.4591437156814326
53186.392669757515	500.0	656.9672465468454	0.0	0	0.0	3843.35991630434	1	0	1.0	-0.5872805065630504
54547.68432249129	1000.0	295.67559381307933	0.0	0	0.0	3843.35991630434	1	0	1.0	0.10586667399689498
55142.560312580965	500.0	700.7996037234057	0.0	0	0.0	3843.35991630434	1	0	1.0	-0.5872805065630504
56085.74515284173	1000.0	757.6147634626429	0.0	0	0.0	3843.3599163043473	1	0	1.0	0.1058666739968922
57031.3569135216	1000.0	812.0030027827728	0.0	0	0.0	3843.3599163043473	1	0	1.0	0.7990138545568376
58026.92578780624	1000.0	816.4341284981402	0.0	0	0.0	3843.3599163043546	1	0	1.0	0.7990138545568348
59624.22336032842	1000.0	219.1365559759696	0.0	0	0.0	3843.3599163043546	1	0	1.0	0.7990138545568348
60274.21023209217	500.0	681.7466107685009	112.59692655628322	0	0.0	3955.9568428606362	1	0	1.0	-1.3066353127229149
61000.34722306999	500.0	955.6096197906854	0.0	0	0.0	3955.9568428606362	1	0	1.0	0.06209342717473025
62398.84234446369	1000.0	557.1144983969958	0.0	0	0.0	3955.9568428606362	1	0	1.0	0.06209342717473032
63040.031593951426	500.0	915.9252489092548	0.0	0	0.0	3955.9568428606362	1	0	1.0	-0.6310537533852151
64579.57234013283	1000.0	376.3845027278494	0.0	0	0.0	3955.9568428606362	1	0	1.0	0.06209342717473032
65111.431016970695	500.0	844.5258258899853	0.0	0	0.0	3955.9568428606362	1	0	1.0	-0.6310537533852151
66169.21014473688	1000.0	786.7466981237925	0.0	0	0.0	3955.9568428606217	1	0	1.0	0.06209342717473443
67458.55542708823	1000.0	497.40141577246175	0.0	0	0.0	3955.9568428606435	1	0	1.0	0.7552406077346758
67965.43874729646	500.0	990.518095564237	0.0	0	0.0	3955.9568428606435	1	0	1.0	-0.6310537533852167
69186.19890089183	1000.0	769.757941968876	0.0	0	0.0	3955.956842860651	1	0	1.0	0.062093427174726296
70178.67337681564	1000.0	777.2834660450524	0.0	0	0.0	3955.956842860658	1	0	1.0	0.7552406077346668
71559.20815695336	1000.0	396.74868590733126	0.0	0	0.0	3955.956842860658	1	0	1.0	0.7552406077346668
72270.86804994562	500.0	685.0887929150674	0.0	0	0.0	3955.9568428606435	1	0	1.0	-0.6310537533852179
73588.5772336908	1000.0	367.37960916989664	0.0	0	0.0	3955.9568428606435	1	0	1.0	0.06209342717472746
74351.13576861136	500.0	626.276395828319	21.455321578999474	0	0.0	3977.412164439651	1	0	1.0	-0.7685696663643253
75719.35896742318	1000.0	258.0531970165051	0.0	0	0.0	3977.4121644396655	1	0	1.0	0.05330944366961077
76394.43092966953	500.0	668.7804030239454	85.79916825380252	0	0.0	4063.211332693463	1	0	1.0	-1.1912303911824598
76899.38751827547	500.0	1163.823814418001	0.0	0	0.0	4063.211332693463	1	0	1.0	0.01671179890030093
78067.79626055478	1000.0	995.4150721386825	0.0	0	0.0	4063.211332693463	1	0	1.0	0.016711798900300945
79580.22463710804	1000.0	482.98669558541485	0.0	0	0.0	4063.211332693463	1	0	1.0	0.7098589794602463
80086.69136424386	500.0	976.5199684496087	0.0	0	0.0	4063.2113326934486	1	0	1.0	-0.676435381659638
81138.00431741736	1000.0	925.2070152761147	0.0	0	0.0	4063.2113326934486	1	0	1.0	0.016711798900307384
82508.85769104908	1000.0	554.3536416444099	0.0	0	0.0	4063.211332693463	1	0	1.0	0.7098589794602463
83036.83951487207	500.0	1026.37181782143	0.0	0	0.0	4063.211332693463	1	0	1.0	-0.6764353816596447
84518.76919296685	1000.0	544.4421397266581	0.0	0	0.0	4063.2113326934486	1	0	1.0	0.016711798900307384
85728.09152999493	1000.0	468.33929098183967	133.2194882832435	0	0.0	4196.43082097669	1	0	1.0	-0.15112221766890221
86460.94777555404	1000.0	735.4830454227363	0.0	0	0.0	4196.43082097669	1	0	1.0	0.6481947120305587
87167.91778724593	1000.0	1028.5130337308656	0.0	0	0.0	4196.43082097669	1	0	1.0	0.6481947120305587
88590.6502720202	2000.0	605.780548956589	0.0	0	0.0	4196.43082097669	1	0	1.0	0.6481947120305587
89570.63414141706	1000.0	625.7966795597181	0.0	0	0.0	4196.43082097669	1	0	1.0	-0.0449524685293865
90305.91059767321	1000.0	890.5202233035895	0.0	0	0.0	4196.43082097669	1	0	1.0	0.6481947120305587
91236.1000279181	1000.0	960.3307930587077	0.0	0	0.0	4196.43082097669	1	0	1.0	0.6481947120305587
91992.90245947168	1000.0	1203.528361505132	0.0	0	0.0	4196.43082097669	1	0	1.0	0.6481947120305587
93250.44642864804	1000.0	945.9843923287686	0.0	0	0.0	4196.43082097669	1	0	1.0	0.6481947120305587
94343.7170291926	1000.0	852.7137917841803	0.0	0	0.0	4196.430820976675	1	0	1.0	0.6481947120305656
95102.4795162917	1000.0	1093.9513046850866	0.0	0	0.0	4196.430820976675	1	0	1.0	0.6481947120305656
96803.28738466161	1000.0	393.1434363151688	0.0	0	0.0	4196.43082097669	1	0	1.0	0.6481947120305587
97554.44740769651	300.0	716.9873329494881	75.00391966919689	0	0.0	2271.4347406459856	1	0	1.0	-7.737959907293136
99034.1759506465	1000.0	339.82907588244905	102.57028588294696	0	0.0	2374.005026528932	1	0	1.0	-0.7092600729726835
99872.63044957646	1000.0	584.7391752406264	83.36459828814321	0	0.0	2457.36962481706	1	0	1.0	0.601182490263767
100972.69793477071	1000.0	484.6716900463788	0.0	0	0.0	2457.3696248170454	1	0	1.0	1.1013700799926278
102110.91320673535	1000.0	400.2659218276073	53.80950374586271	0	0.0	2511.1791285629006	1	0	1.0	0.7724783146071121
103583.1995943036	1000.0	267.2321180259088	339.2525837665596	0	0.0	2850.4317123294604	1	0	1.0	-0.9859417992501671
104184.70636455125	500.0	710.9865315757902	45.26118379751438	0	0.0	2895.6928961269878	1	0	1.0	-0.6157179283051505
105110.6476323806	1000.0	785.0452637464338	0.0	0	0.0	2895.6928961269878	1	0	1.0	0.34899635503988113
106177.64172194996	1000.0	718.0511741770842	0.0	0	0.0	2895.6928961269878	1	0	1.0	1.0421435355998265
107596.61587453094	1000.0	299.0770215960998	0.0	0	0.0	2895.6928961269878	1	0	1.0	1.0421435355998265
108452.03167128934	500.0	597.700421059036	154.03919622133924	0	0.0	3049.732092348335	1	0	1.0	-1.295561645585527
109343.81933299663	500.0	705.912759351736	0.0	0	0.0	3049.732092348335	1	0	1.0	0.3218207123024538
110667.99909446503	1000.0	436.51387957856423	54.78088169522471	0	0.0	3104.512974043566	1	0	1.0	-0.01747760146396443
112072.39527422389	1000.0	301.9251117596991	269.8074119399921	0	0.0	3374.320385983592	1	0	1.0	-0.6749967699538526
112599.26438162118	500.0	775.0560043624077	0.0	0	0.0	3374.320385983592	1	0	1.0	-0.44244665943379113
113523.50406394564	1000.0	850.8163220379515	0.0	0	0.0	3374.320385983592	1	0	1.0	0.2507005211261544
114653.24054724592	1000.0	721.0798387376753	0.0	0	0.0	3374.320385983592	1	0	1.0	0.9438477016860998
115735.6152461866	1000.0	638.7051397970006	0.0	0	0.0	3374.320385983592	1	0	1.0	0.9438477016860998
116903.50318644436	1000.0	470.8171995392588	0.0	0	0.0	3374.320385983592	1	0	1.0	0.9438477016860998
118011.77808965127	1000.0	376.1849786651526	13.642682332807397	0	0.0	3387.9630683163996	1	0	1.0	0.8585362026051506
118648.9281779492	500.0	739.0348903672402	0.0	0	0.0	3387.9630683163996	1	0	1.0	-0.4459020645178957
119456.24891205969	1000.0	931.7141562567455	0.0	0	0.0	3387.9630683163996	1	0	1.0	0.24724511604204968
120850.29708236095	1000.0	537.6659859554693	0.0	0	0.0	3387.963068316385	1	0	1.0	0.9403922966019986
121767.8715512293	500.0	620.091517087131	0.0	0	0.0	3387.9630683163996	1	0	1.0	-0.4459020645178957
122349.91855566345	500.0	1038.0445126529835	0.0	0	0.0	3387.9630683163996	1	0	1.0	0.24724511604204955
123555.18894531782	1000.0	832.7741229985979	0.0	0	0.0	3387.9630683163996	1	0	1.0	0.24724511604204968
124768.0902060365	1000.0	619.872862279914	0.0	0	0.0	3387.9630683163996	1	0	1.0	0.9403922966019951
126182.3988899376	1000.0	266.15954390715615	60.595365528352545	0	0.0	3448.5584338447516	1	0	1.0	0.5609723064298981
126686.54052843658	500.0	762.0179054081785	0.0	0	0.0	3448.5584338447516	1	0	1.0	-0.4617498615198773
127746.58604217044	1000.0	701.9723916743155	0.0	0	0.0	3448.5584338447516	1	0	1.0	0.2313973190400681
128812.70007378457	1000.0	635.8583600601876	0.0	0	0.0	3448.5584338447516	1	0	1.0	0.9245444996000135
129758.70862583384	1000.0	689.8498080109066	0.0	0	0.0	3448.5584338447516	1	0	1.0	0.9245444996000135
130873.75769131018	1000.0	574.8007425345518	0.0	0	0.0	3448.558433844766	1	0	1.0	0.9245444996000095
131946.0560944571	1000.0	502.50233938762153	0.0	0	0.0	3448.558433844766	1	0	1.0	0.9245444996000095
133021.63291988097	1000.0	442.195560053907	15.270046090161628	0	0.0	3463.8284799349058	1	0	1.0	0.8287989980793669
133809.81701451266	1000.0	654.0114654222403	0.0	0	0.0	3463.828479934935	1	0	1.0	0.9204192746203375
134869.64811919318	1000.0	594.1803607417537	0.0	0	0.0	3463.8284799349785	1	0	1.0	0.9204192746203217
135915.31822244136	1000.0	548.5102574935679	0.0	0	0.0	3463.8284799349494	1	0	1.0	0.9204192746203272
136965.1612455039	1000.0	498.6672344310481	0.0	0	0.0	3463.8284799349785	1	0	1.0	0.9204192746203194
138009.90486747163	1000.0	473.2579999150604	19.33438745172549	0	0.0	3483.162867386709	1	0	1.0	0.7991120466046051
139226.9267495036	1000.0	401.42241527427717	145.1862973911795	0	0.0	3628.349164777901	1	0	1.0	0.0013048558434522461
140204.09307057993	1000.0	461.65885832520456	37.402764127278544	0	0.0	3665.7519289051997	1	0	1.0	0.636142749573896
141179.6139187277	1000.0	509.9375194321667	23.79950925472849	0	0.0	3689.5514381599496	1	0	1.0	0.7100210228830752
142269.7059171228	1000.0	433.79317755229795	13.947656515228175	0	0.0	3703.4990946751495	1	0	1.0	0.7645246801585864
143643.30206863818	1000.0	222.52872601385303	162.33169997691334	0	0.0	3865.83079465208	1	0	1.0	-0.18340628005541249
144136.93925250517	500.0	735.3533282280015	6.461786081154685	0	0.0	3872.2925807332504	1	0	1.0	-0.6369331032540063
145254.5609754576	1000.0	617.7316052755775	0.0	0	0.0	3872.2925807332504	1	0	1.0	0.0949847937928674
146383.49623846676	1000.0	488.7963422664063	0.0	0	0.0	3872.2925807332504	1	0	1.0	0.7881319743528128
147171.18980535312	1000.0	701.1027753800829	0.0	0	0.0	3872.2925807332504	1	0	1.0	0.7881319743528128
147895.74369026162	1000.0	976.5488904715783	0.0	0	0.0	3872.2925807332504	1	0	1.0	0.7881319743528128
148652.6951001061	1000.0	1219.597480627067	0.0	0	0.0	3872.2925807332504	1	0	1.0	0.7881319743528128
149383.4140160593	1000.0	1488.878564673841	0.0	0	0.0	3872.2925807332795	1	0	1.0	0.7881319743528016
150541.8226603022	1000.0	1330.4699204309452	0.0	0	0.0	3872.2925807332795	1	0	1.0	0.7881319743528016
151339.9976937155	1000.0	1532.294887017646	0.0	0	0.0	3872.2925807332795	1	0	1.0	0.7881319743528016
152460.96014220617	1000.0	1411.3324385269746	0.0	0	0.0	3872.2925807332795	1	0	1.0	0.7881319743528016
153667.89628256753	1000.0	1204.396298165591	0.0	0	0.0	3872.2925807332504	1	0	1.0	0.7881319743528128
154828.64737828082	1000.0	1043.6452024522732	0.0	0	0.0	3872.2925807332504	1	0	1.0	0.7881319743528128
155793.5968650151	1000.0	1078.695715717986	0.0	0	0.0	3872.2925807332213	1	0	1.0	0.7881319743528237
156956.47790345876	1000.0	915.8146772743364	0.0	0	0.0	3872.2925807332213	1	0	1.0	0.7881319743528237
158422.83884704314	1000.0	449.4537336899542	0.0	0	0.0	3872.2925807332504	1	0	1.0	0.7881319743528128
160064.71090489594	1000.0	200.0	392.41832416285115	0	0.0	4264.710904896085	1	0	1.0	-1.6611519590439716
160487.76793934978	300.0	831.2626847608393	54.319719214686906	0	0.0	2319.0306241107755	1	0	1.0	-7.618317334436332
161675.4470949893	1000.0	643.5835291213264	0.0	0	0.0	2319.0306241107755	1	0	1.0	-0.08842621482227264
162709.08634360632	1000.0	609.9442805042495	0.0	0	0.0	2319.0306241107464	1	0	1.0	1.1155465895036658
163361.15527526027	1000.0	957.8753488502673	0.0	0	0.0	2319.0306241107464	1	0	1.0	1.1155465895036663
164538.32278458605	1000.0	780.7078395244903	0.0	0	0.0	2319.0306241107464	1	0	1.0	1.1155465895036663
165613.30259060804	1000.0	705.7280335025395	0.0	0	0.0	2319.0306241107755	1	0	1.0	1.1155465895036638
166456.7990002033	1000.0	862.2316239073	0.0	0	0.0	2319.0306241107755	1	0	1.0	1.1155465895036634
167292.199442905	1000.0	1026.83118120559	0.0	0	0.0	2319.0306241107755	1	0	1.0	1.1155465895036634
168049.09051317835	1000.0	1269.9401109322537	0.0	0	0.0	2319.0306241107755	1	0	1.0	1.1155465895036634
168982.73565364786	1000.0	1336.2949704627363	0.0	0	0.0	2319.0306241107464	1	0	1.0	1.1155465895036663
169640.36740536755	1000.0	1678.6632187430616	0.0	0	0.0	2319.0306241107755	1	0	1.0	1.1155465895036634
170511.93502322247	1000.0	1807.095600888136	0.0	0	0.0	2319.0306241107464	1	0	1.0	1.1155465895036663
172348.75325404346	2000.0	970.2773700671477	0.0	0	0.0	2319.0306241107464	1	0	1.0	1.1155465895036683
173597.6223033325	1000.0	721.4083207781151	0.0	0	0.0	2319.0306241107464	1	0	1.0	0.422399408943721
174411.55108821575	1000.0	907.4795358948506	0.0	0	0.0	2319.0306241107464	1	0	1.0	1.1155465895036663
175120.05689354026	1000.0	1198.9737305703259	0.0	0	0.0	2319.0306241107464	1	0	1.0	1.1155465895036663
175956.27502817233	1000.0	1362.7555959382587	0.0	0	0.0	2319.0306241107173	1	0	1.0	1.115546589503669
177518.05943638514	1000.0	800.9711877254755	0.0	0	0.0	2319.0306241107173	1	0	1.0	1.115546589503669
180005.84442782422	1000.0	200.0	886.8138037135918	0	0.0	3205.844427824224	1	0	1.0	-4.259354634988366
181161.928345403	500.0	456.04719715166675	412.13111473044023	0	0.0	3617.975542554661	1	0	1.0	-2.983432680422652
181709.19339426284	500.0	908.7821482918281	0.0	0	0.0	3617.975542554661	1	0	1.0	0.1825011885199343
183208.87561428343	1000.0	409.0999282712554	0.0	0	0.0	3617.975542554661	1	0	1.0	0.18250118851993435
183830.08061957857	500.0	787.8949229761535	0.0	0	0.0	3617.97554255469	1	0	1.0	-0.5106459920400197
184550.0414269005	1000.0	1067.9341156542428	0.0	0	0.0	3617.97554255469	1	0	1.0	0.18250118851992547
185733.3204717752	1000.0	884.6550707795492	0.0	0	0.0	3617.97554255469	1	0	1.0	0.8756483690798709
186372.80060512954	1000.0	1245.174937425194	0.0	0	0.0	3617.975542554661	1	0	1.0	0.8756483690798744
187153.56280572127	1000.0	1464.4127368334712	0.0	0	0.0	3617.975542554661	1	0	1.0	0.8756483690798798
188018.01596849112	1000.0	1599.9595740636216	0.0	0	0.0	3617.975542554632	1	0	1.0	0.8756483690798889
189470.73709709817	2000.0	1147.238445456545	0.0	0	0.0	3617.975542554632	1	0	1.0	0.8756483690798889
191436.37245192696	2000.0	200.0	18.39690937222977	0	0.0	3636.3724519268726	1	0	1.0	1.4572661507790028
192049.01574255092	1000.0	675.1715089943207	87.81479961828708	0	0.0	3724.1872515451687	1	0	1.0	-0.37875687182652307
193205.56555939038	1000.0	518.6216921548945	0.0	0	0.0	3724.1872515451687	1	0	1.0	0.8412791064431445
194024.3793755983	1000.0	699.8078759469496	0.0	0	0.0	3724.187251545198	1	0	1.0	0.8412791064431347
194886.91558177365	1000.0	837.2716697716147	0.0	0	0.0	3724.1872515451687	1	0	1.0	0.8412791064431445
196059.54270747156	1000.0	664.6445440736859	0.0	0	0.0	3724.187251545198	1	0	1.0	0.8412791064431347
196972.50331337916	1000.0	751.6839381660732	0.0	0	0.0	3724.187251545198	1	0	1.0	0.8412791064431347
198452.1068726442	1000.0	272.0803789010421	0.0	0	0.0	3724.187251545227	1	0	1.0	0.8412791064431249
199072.56752922334	500.0	703.4979205848653	51.87819826296851	0	0.0	3776.0654498082004	1	0	1.0	-0.8741868699878832
200249.3561919492	1000.0	526.7092578590074	0.0	0	0.0	3776.0654498082004	1	0	1.0	0.13022950014987345
201493.48081393985	1000.0	382.92760523990216	100.34296937153874	0	0.0	3876.40841917973	1	0	1.0	0.18450587460043666
202070.37946685194	500.0	806.028952327818	0.0	0	0.0	3876.40841917973	1	0	1.0	-0.5997306702902216
203150.5390224616	1000.0	725.8693967181683	0.0	0	0.0	3876.40841917973	1	0	1.0	0.09341651026972375
204528.9569957864	1000.0	347.45142339333677	0.0	0	0.0	3876.408419179759	1	0	1.0	0.786563690829658
204988.59172641992	500.0	887.8166927598285	0.0	0	0.0	3876.408419179759	1	0	1.0	-0.5997306702902327
206153.54829047652	1000.0	722.8601287032045	0.0	0	0.0	3876.408419179759	1	0	1.0	0.09341651026971265
207781.84875033086	1000.0	200.0	105.44033115113807	0	0.0	3981.848750330857	1	0	1.0	0.11835958162450833
208518.66927579892	500.0	616.9660792704163	153.78660473851494	0	0.0	4135.63535506936	1	0	1.0	-1.631931203377292
209147.42902430586	500.0	988.2063307634855	0.0	0	0.0	4135.63535506936	1	0	1.0	-0.016064394386256717
210255.7142217294	1000.0	879.921133339929	0.0	0	0.0	4135.63535506936	1	0	1.0	-0.016064394386256564
211358.7971309665	1000.0	776.8382241028191	0.0	0	0.0	4135.635355069331	1	0	1.0	0.6770827861737022
212272.9843984028	1000.0	862.650956666505	0.0	0	0.0	4135.635355069302	1	0	1.0	0.677082786173705
213790.0016266084	1000.0	345.6337284608527	0.0	0	0.0	4135.635355069302	1	0	1.0	0.677082786173716
214505.45551173363	500.0	658.6995120387338	28.5196687030911	0	0.0	4164.155023772415	1	0	1.0	-0.8937228419411006
215257.95579102245	500.0	906.1992327499453	0.0	0	0.0	4164.155023772444	1	0	1.0	-0.0294576491626225
215766.66544677052	500.0	1397.489577001861	0.0	0	0.0	4164.155023772444	1	0	1.0	-0.0294576491626225
216690.58684574006	1000.0	1473.5681780322839	0.0	0	0.0	4164.155023772386	1	0	1.0	-0.0294576491625973
218154.79913357925	1000.0	1009.355890193111	0.0	0	0.0	4164.155023772386	1	0	1.0	0.663689531397351
219558.05433078465	1000.0	606.1006929876753	0.0	0	0.0	4164.155023772357	1	0	1.0	0.6636895313973565
220022.41471725926	500.0	1141.7403065130131	0.0	0	0.0	4164.155023772357	1	0	1.0	-0.7226048297225263
221012.92475135654	1000.0	1151.2302724157175	0.0	0	0.0	4164.155023772357	1	0	1.0	-0.029457649162580646
221896.49651971267	1000.0	1267.6585040595944	0.0	0	0.0	4164.155023772328	1	0	1.0	0.6636895313973787
222830.41813211178	1000.0	1333.7368916605055	0.0	0	0.0	4164.155023772299	1	0	1.0	0.6636895313973922
223811.67949446995	1000.0	1352.4755293023327	0.0	0	0.0	4164.155023772299	1	0	1.0	0.6636895313973922
224781.08603327879	1000.0	1383.068990493488	0.0	0	0.0	4164.155023772299	1	0	1.0	0.6636895313973922
226110.1274818019	1000.0	1054.0275419703808	0.0	0	0.0	4164.155023772328	1	0	1.0	0.6636895313973787
227414.81183435878	1000.0	749.3431894135035	0.0	0	0.0	4164.155023772328	1	0	1.0	0.6636895313973787
228105.07526679419	500.0	1059.0797569780739	0.0	0	0.0	4164.155023772299	1	0	1.0	-0.7226048297224985
229454.2549948301	1000.0	709.9000289421667	0.0	0	0.0	4164.155023772299	1	0	1.0	-0.029457649162553168
230047.89466486516	500.0	1116.260358907111	0.0	0	0.0	4164.155023772299	1	0	1.0	-0.7226048297224985
231674.3833095452	1000.0	489.7717142270677	0.0	0	0.0	4164.155023772299	1	0	1.0	-0.029457649162553168
232212.72080261746	500.0	951.4342211547876	0.0	0	0.0	4164.155023772299	1	0	1.0	-0.7226048297224985
233606.58415924667	1000.0	557.5708645255849	0.0	0	0.0	4164.155023772328	1	0	1.0	-0.029457649162561272
234072.83424053882	500.0	1091.3207832334233	0.0	0	0.0	4164.155023772328	1	0	1.0	-0.7226048297225123
234804.65136164043	1000.0	1359.503662131804	0.0	0	0.0	4164.155023772328	1	0	1.0	-0.029457649162566657
235697.9205818334	1000.0	1466.234441938798	0.0	0	0.0	4164.155023772299	1	0	1.0	0.6636895313973922
237917.48824772515	2000.0	246.66677604706166	0.0	0	0.0	4164.155023772299	1	0	1.0	0.663689531397392
238339.67082602443	300.0	824.4841977478055	0.0	0	0.0	2164.1550237722986	1	0	1.0	-7.971737913348298
239244.5119453394	1000.0	919.643078432843	0.0	0	0.0	2164.1550237722986	1	0	1.0	-0.07461792846241644
240267.42205867113	1000.0	896.7329651011313	0.0	0	0.0	2164.1550237722986	1	0	1.0	1.1293548758635197
241190.82295526433	1000.0	973.3320685079267	0.0	0	0.0	2164.1550237722986	1	0	1.0	1.1293548758635197
242280.32162981675	1000.0	883.8333939555291	0.0	0	0.0	2164.1550237723277	1	0	1.0	1.1293548758635192
243093.98244018832	1000.0	1070.1725835839657	0.0	0	0.0	2164.1550237723277	1	0	1.0	1.1293548758635172
243685.27707112706	1000.0	1478.8779526452279	0.0	0	0.0	2164.1550237723277	1	0	1.0	1.1293548758635172
244694.47426496132	1000.0	1469.680758810991	0.0	0	0.0	2164.1550237723277	1	0	1.0	1.1293548758635172
246326.75720944328	1000.0	837.3978143290627	0.0	0	0.0	2164.155023772357	1	0	1.0	1.1293548758635148
247461.15654889052	1000.0	702.9984748818147	0.0	0	0.0	2164.1550237723277	1	0	1.0	1.1293548758635172
248591.77955957493	1000.0	572.3754641973895	0.0	0	0.0	2164.1550237723277	1	0	1.0	1.1293548758635172
249435.13277706123	1000.0	729.02224671109	0.0	0	0.0	2164.1550237722986	1	0	1.0	1.1293548758635183
250493.50831262782	1000.0	670.6467111444947	0.0	0	0.0	2164.1550237722695	1	0	1.0	1.1293548758635206
251406.75429042167	1000.0	757.4007333506412	0.0	0	0.0	2164.1550237722404	1	0	1.0	1.1293548758635226
252714.716502265	1000.0	449.43852150733886	0.0	0	0.0	2164.1550237722695	1	0	1.0	1.1293548758635221
253636.58788774523	1000.0	642.6180108952376	115.05087486815158	0	0.0	2279.2058986404736	1	0	1.0	0.4289890847369418
254504.9869620508	1000.0	774.2189365896317	0.0	0	0.0	2279.2058986404736	1	0	1.0	1.1192943339458512
255225.68842519462	1000.0	1053.517473445817	0.0	0	0.0	2279.2058986404736	1	0	1.0	1.1192943339458512
256360.3552043097	1000.0	918.8506943307216	0.0	0	0.0	2279.2058986404445	1	0	1.0	1.1192943339458519
257825.57926977277	1000.0	453.62662886761757	0.0	0	0.0	2279.2058986404445	1	0	1.0	1.1192943339458534
258705.09591868712	500.0	579.6147286401824	5.504748686907998	0	0.0	2284.7106473273307	1	0	1.0	-0.30053812504765964
259835.93089987876	1000.0	498.19126282414004	49.411515375614	0	0.0	2334.12216270293	1	0	1.0	0.12447260449538744
261059.08449115552	1000.0	380.64650878684995	105.60883723946984	0	0.0	2439.7309999424324	1	0	1.0	0.4696295117908682
261786.4644208238	1000.0	653.266579118576	0.0	0	0.0	2439.7309999424324	1	0	1.0	1.1032825352276872
262676.6991395407	1000.0	763.031860401675	0.0	0	0.0	2439.7309999424615	1	0	1.0	1.1032825352276865
263972.61167882354	1000.0	467.11932111888297	0.0	0	0.0	2439.7309999424906	1	0	1.0	1.103282535227681
265660.06893591234	1000.0	200.0	420.337935969903	0	0.0	2860.0689359123935	1	0	1.0	-1.4694927690484487
266092.0278445057	500.0	781.8225970416306	13.781505634955408	0	0.0	2873.8504415473435	1	0	1.0	-0.4232857231856152
267524.47055636754	1000.0	349.3798851797877	0.0	0	0.0	2873.8504415473435	1	0	1.0	0.3525504911840628
268634.182706307	1000.0	399.26294481621994	159.5952095758392	0	0.0	3033.445651123184	1	0	1.0	0.06045238675065423
269276.5707412736	500.0	756.8749098495805	0.0	0	0.0	3033.445651123184	1	0	1.0	-0.3682707169142013
270448.63608765736	1000.0	584.8095634657321	0.0	0	0.0	3033.4456511231256	1	0	1.0	0.3248764636457549
272175.7320666899	1000.0	200.0	342.2864155667804	0	0.0	3375.732066689874	1	0	1.0	-1.106482599741751
272881.30137064226	500.0	666.4397657902699	172.0090697426566	0	0.0	3547.741136432509	1	0	1.0	-1.521579561449003
273827.19104077446	500.0	720.5500956580496	0.0	0	0.0	3547.7411364324507	1	0	1.0	0.20362203756689878
275099.31961723324	1000.0	448.42151919928745	0.0	0	0.0	3547.7411364324507	1	0	1.0	0.20362203756689892
275572.23658817133	500.0	975.504548261196	0.0	0	0.0	3547.7411364324507	1	0	1.0	-0.48952514299304645
276338.6196421264	1000.0	1209.1214943061789	0.0	0	0.0	3547.7411364324507	1	0	1.0	0.20362203756689892
277315.6177864386	1000.0	1232.1233499939603	0.0	0	0.0	3547.741136432509	1	0	1.0	0.8967692181268409
278073.2644135612	1000.0	1474.4767228713845	0.0	0	0.0	3547.741136432509	1	0	1.0	0.8967692181268273
278832.5801763842	1000.0	1715.160960048397	0.0	0	0.0	3547.741136432509	1	0	1.0	0.8967692181268273
279949.65389239695	1000.0	1598.087244035676	0.0	0	0.0	3547.741136432509	1	0	1.0	0.8967692181268273
281118.9685246165	1000.0	1428.772611816123	0.0	0	0.0	3547.7411364324507	1	0	1.0	0.8967692181268443
281958.80153128295	1000.0	1588.9396051497017	0.0	0	0.0	3547.7411364324507	1	0	1.0	0.8967692181268443
283010.33629693993	1000.0	1537.4048394927383	0.0	0	0.0	3547.7411364324507	1	0	1.0	0.8967692181268443
283915.68903226487	1000.0	1632.0521041677985	0.0	0	0.0	3547.741136432509	1	0	1.0	0.8967692181268273
284700.1257865078	1000.0	1847.6153499248555	0.0	0	0.0	3547.741136432567	1	0	1.0	0.8967692181268103
285506.4880301784	1000.0	2041.2531062542703	0.0	0	0.0	3547.741136432567	1	0	1.0	0.8967692181268103
287382.447485979	2000.0	1165.2936504538025	0.0	0	0.0	3547.741136432567	1	0	1.0	0.8967692181268102
288257.7862452014	1000.0	1289.9548912313653	0.0	0	0.0	3547.741136432567	1	0	1.0	0.20362203756686514
288969.7528377656	1000.0	1577.9882986671928	0.0	0	0.0	3547.741136432567	1	0	1.0	0.8967692181268103
290007.60881693836	1000.0	1540.1323194944298	0.0	0	0.0	3547.741136432567	1	0	1.0	0.8967692181268103
290740.2471953022	1000.0	1807.493941130628	0.0	0	0.0	3547.741136432567	1	0	1.0	0.8967692181268103
291845.43185272487	1000.0	1702.3092837079505	0.0	0	0.0	3547.741136432567	1	0	1.0	0.8967692181268103
292825.359274487	1000.0	1722.3818619458104	0.0	0	0.0	3547.741136432567	1	0	1.0	0.8967692181268103
293956.4540909503	1000.0	1591.2870454824986	0.0	0	0.0	3547.7411364326254	1	0	1.0	0.8967692181267933
295317.1949127573	1000.0	1230.546223675489	0.0	0	0.0	3547.741136432567	1	0	1.0	0.8967692181267968
296444.3304156114	1000.0	1103.4107208213984	0.0	0	0.0	3547.741136432509	1	0	1.0	0.896769218126817
297391.85624292237	1000.0	1155.884893510421	0.0	0	0.0	3547.741136432567	1	0	1.0	0.8967692181268205
298435.79904788063	1000.0	1111.9420885522181	0.0	0	0.0	3547.741136432567	1	0	1.0	0.8967692181268103
299530.8435459605	1000.0	1016.8975904722988	0.0	0	0.0	3547.741136432509	1	0	1.0	0.896769218126817
300445.3925760929	1000.0	1102.3485603398422	0.0	0	0.0	3547.741136432509	1	0	1.0	0.8967692181268273
301171.8975838678	1000.0	1375.843552564916	0.0	0	0.0	3547.741136432509	1	0	1.0	0.8967692181268273
301901.58267308277	1000.0	1646.1584633499342	0.0	0	0.0	3547.7411364324507	1	0	1.0	0.8967692181268443
302844.84146525344	1000.0	1702.8996711792213	0.0	0	0.0	3547.7411364324507	1	0	1.0	0.8967692181268443
303974.5257544015	1000.0	1573.2153820311285	0.0	0	0.0	3547.7411364324507	1	0	1.0	0.8967692181268443
304868.2666741645	1000.0	1679.4744622681326	0.0	0	0.0	3547.741136432509	1	0	1.0	0.8967692181268273
305811.4930369201	1000.0	1736.2480995125532	0.0	0	0.0	3547.741136432509	1	0	1.0	0.8967692181268273
306940.49895548186	1000.0	1607.2421809508025	0.0	0	0.0	3547.741136432509	1	0	1.0	0.8967692181268239
308200.2483061074	1000.0	1347.4928303252586	0.0	0	0.0	3547.741136432567	1	0	1.0	0.8967692181268103
309704.8310431469	1000.0	842.9100932858191	0.0	0	0.0	3547.7411364326254	1	0	1.0	0.8967692181267968
310815.68565659417	1000.0	732.055479838624	0.0	0	0.0	3547.7411364326254	1	0	1.0	0.8967692181267933
311639.19307712297	1000.0	908.548059309837	0.0	0	0.0	3547.7411364326254	1	0	1.0	0.8967692181267933
312434.5639461126	1000.0	1113.1771903202714	0.0	0	0.0	3547.7411364326254	1	0	1.0	0.8967692181267933
1.11	0.87	0.94	0.96	0.7	1.0	0.47	0.81	1.3	1.32	0.98	0.72	1.1	1.27	1.01	1.22	1.69	1.37	0.76	1.0	1.32	1.25	0.93	0.79	0.67	0.45999999999999996	0.27	0.58	0.88	0.88	1.17	1.15	1.17	1.23	1.66	1.47	1.49	1.33	1.53	1.08	1.34	0.9638	0.9858	0.9858	0.8678	0.8818	0.9418	0.9038	0.9938	0.9338	0.8718	0.8678	0.8278	0.8518	0.8278	0.8078000000000001	0.8878	0.8838	0.8718	0.7978000000000001	0.8478	0.8598	0.8418	0.8098	0.8518	0.8318	0.8558	0.8438	0.8838	0.8438	0.9098	0.8398	0.8678	0.8138	0.8038000000000001	0.7678	0.8458	0.8438	0.8318	0.8798	0.9618	1.19	1.54	1.15	0.85	1.11	1.19	1.25	0.97	1.17	1.4	0.72	0.44	0.71	0.97	1.15	0.75	0.92	0.72	0.87	1.32	1.14	0.75	0.59	0.71	0.71	0.98	1.0	1.12	1.02	0.85	0.74	0.92	0.73	0.98	0.88	0.72	0.75	0.76	0.67	0.74	0.74	1.1126666666666667	1.0646666666666667	1.0726666666666667	1.0526666666666666	1.1326666666666667	1.0646666666666667	0.9866666666666666	1.0206666666666666	1.0086666666666666	1.0026666666666666	1.0986666666666667	1.1166666666666667	1.1266666666666667	1.0886666666666667	1.0786666666666667	1.0906666666666667	0.9846666666666666	0.9906666666666666	0.9766666666666666	0.9906666666666666	1.0426666666666666	1.1266666666666667	1.1866666666666665	1.1326666666666667	1.1306666666666667	1.1606666666666665	1.1386666666666665	1.04	1.11	0.87	0.94	0.96	0.7	1.0	0.47	0.81	1.3	1.32	0.98	0.72	1.1	1.27	1.01	1.22	1.69	1.37	0.76	1.0	1.32	1.25	0.93	0.79	0.67	0.45999999999999996	0.27	0.58	0.88	0.88	1.17	1.15	1.17	1.23	1.66	1.47	1.49	1.33	1.53	1.08	1.34	0.9638	0.9858	0.9858	0.8678	0.8818	0.9418	0.9038	0.9938	0.9338	0.8718	0.8678	0.8278	0.8518	0.8278	0.8078000000000001	0.8878	0.8838	0.8718	0.7978000000000001	0.8478	0.8598	0.8418	0.8098	0.8518	0.8318	0.8558	0.8438	0.8838	0.8438	0.9098	0.8398	0.8678	0.8138	0.8038000000000001	0.7678	0.8458	0.8438	0.8318	0.8798	0.9618	1.19	1.54	1.15	0.85	1.11	1.19	1.25	0.97	1.17	1.4	0.72	0.44	0.71	0.97	1.15	0.75	0.92	0.72	0.87	1.32	1.14	0.75	0.59	0.71	0.71	0.98	1.0	1.12	1.02	0.85	0.74	0.92	0.73	0.98	0.88	0.72	0.75	0.76	0.67	0.74	0.74	1.1126666666666667	1.0646666666666667	1.0726666666666667	1.0526666666666666	1.1326666666666667	1.0646666666666667	0.9866666666666666	1.0206666666666666	1.0086666666666666	1.0026666666666666	1.0986666666666667	1.1166666666666667	1.1266666666666667	1.0886666666666667	1.0786666666666667	1.0906666666666667	0.9846666666666666	0.9906666666666666	0.9766666666666666	0.9906666666666666	1.0426666666666666	1.1266666666666667	1.1866666666666665	1.1326666666666667	1.1306666666666667	1.1606666666666665	1.1386666666666665	1.04	1.11	0.87	0.94	0.96	0.7	1.0	0.47	0.81	1.3	1.32	0.98	0.72
1.0	2.0	3.0	4.0	5.0	6.0	7.0	8.0	9.0	10.0	11.0	12.0	13.0	14.0	15.0	16.0	17.0	18.0	19.0	20.0	21.0	22.0	23.0	24.0	25.0	26.0	27.0	28.0	29.0	30.0	31.0	32.0	33.0	34.0	35.0	36.0	37.0	38.0	39.0	40.0	41.0	42.0	43.0	44.0	45.0	46.0	47.0	48.0	49.0	50.0	51.0	52.0	53.0	54.0	55.0	56.0	57.0	58.0	59.0	60.0	61.0	62.0	63.0	64.0	65.0	66.0	67.0	68.0	69.0	70.0	71.0	72.0	73.0	74.0	75.0	76.0	77.0	78.0	79.0	80.0	81.0	82.0	83.0	84.0	85.0	86.0	87.0	88.0	89.0	90.0	91.0	92.0	93.0	94.0	95.0	96.0	97.0	98.0	99.0	100.0	101.0	102.0	103.0	104.0	105.0	106.0	107.0	108.0	109.0	110.0	111.0	112.0	113.0	114.0	115.0	116.0	117.0	118.0	119.0	120.0	121.0	122.0	123.0	124.0	125.0	126.0	127.0	128.0	129.0	130.0	131.0	132.0	133.0	134.0	135.0	136.0	137.0	138.0	139.0	140.0	141.0	142.0	143.0	144.0	145.0	146.0	147.0	148.0	149.0	149.0	150.0	151.0	152.0	153.0	154.0	155.0	156.0	157.0	158.0	159.0	160.0	161.0	162.0	163.0	164.0	165.0	166.0	167.0	168.0	169.0	170.0	171.0	172.0	173.0	174.0	175.0	176.0	177.0	178.0	179.0	180.0	181.0	182.0	183.0	184.0	185.0	186.0	187.0	188.0	189.0	190.0	191.0	192.0	193.0	194.0	195.0	196.0	197.0	198.0	199.0	200.0	201.0	202.0	203.0	204.0	205.0	206.0	207.0	208.0	209.0	210.0	211.0	212.0	213.0	214.0	215.0	216.0	217.0	218.0	219.0	220.0	221.0	222.0	223.0	224.0	225.0	226.0	227.0	228.0	229.0	230.0	231.0	232.0	233.0	234.0	235.0	236.0	237.0	238.0	239.0	240.0	241.0	242.0	243.0	244.0	245.0	246.0	247.0	248.0	249.0	250.0	251.0	252.0	253.0	254.0	255.0	256.0	257.0	258.0	259.0	260.0	261.0	262.0	263.0	264.0	265.0	266.0	267.0	268.0	269.0	270.0	271.0	272.0	273.0	274.0	275.0	276.0	277.0	278.0	279.0	280.0	281.0	282.0	283.0	284.0	285.0	286.0	287.0	288.0	289.0	290.0	291.0	292.0	293.0	294.0	295.0	296.0	297.0	298.0	298.0	299.0	300.0	301.0	302.0	303.0	304.0	305.0	306.0	307.0	308.0	309.0	310.0
4262.678076956652
