5617.604351205835	300.0	2000.0	377.66385234987814	0	0.0	3617.604351205835	1	0	1.0	-8.568884791536776
7390.049004623922	2000.0	1227.555346581913	0.0	0	0.0	3617.604351205836	1	0	1.0	-0.32820952559544364
8718.792572605478	1000.0	898.8117786003562	0.0	0	0.0	3617.604351205836	1	0	1.0	0.18261609817054736
9740.076965704971	1000.0	877.5273855008624	0.0	0	0.0	3617.604351205835	1	0	1.0	0.8757632787304925
10635.187825505773	1000.0	982.4165257000597	0.0	0	0.0	3617.604351205834	1	0	1.0	0.8757632787304929
11646.280979619945	1000.0	971.3233715858893	0.0	0	0.0	3617.604351205837	1	0	1.0	0.8757632787304925
12562.339363799876	1000.0	1055.26498740596	0.0	0	0.0	3617.6043512058386	1	0	1.0	0.8757632787304916
13699.646991659423	1000.0	917.9573595464128	0.0	0	0.0	3617.604351205837	1	0	1.0	0.8757632787304923
14703.67984369674	1000.0	913.9245075090976	0.0	0	0.0	3617.6043512058386	1	0	1.0	0.8757632787304916
15831.66783542681	1000.0	785.9365157790264	0.0	0	0.0	3617.6043512058386	1	0	1.0	0.8757632787304916
16806.321532654616	1000.0	811.2828185512197	0.0	0	0.0	3617.6043512058404	1	0	1.0	0.8757632787304916
17672.183397029654	1000.0	945.4209541761859	0.0	0	0.0	3617.604351205844	1	0	1.0	0.8757632787304905
18643.408736361747	1000.0	974.1956148440867	0.0	0	0.0	3617.6043512058386	1	0	1.0	0.875763278730491
19566.70168383306	1000.0	1050.9026673727712	0.0	0	0.0	3617.604351205835	1	0	1.0	0.8757632787304925
20614.96319791298	1000.0	1002.6411532928531	0.0	0	0.0	3617.604351205835	1	0	1.0	0.8757632787304928
21799.283030998493	1000.0	818.3213202073433	0.0	0	0.0	3617.604351205835	1	0	1.0	0.8757632787304928
22949.341026103626	1000.0	668.2633251022055	0.0	0	0.0	3617.604351205835	1	0	1.0	0.8757632787304928
24176.79035150256	1000.0	440.8139997032673	0.0	0	0.0	3617.6043512058313	1	0	1.0	0.8757632787304939
25022.64960615378	1000.0	594.9547450520508	0.0	0	0.0	3617.6043512058277	1	0	1.0	0.875763278730495
26298.240959954965	1000.0	348.2590308134178	28.89563956254858	0	0.0	3646.4999907683778	1	0	1.0	0.6933375601747025
27638.68892176473	1000.0	301.71054968195074	293.89948067829897	0	0.0	3940.3994714466826	1	0	1.0	-1.00187714654071
28264.19718062133	500.0	676.2022908253484	0.0	0	0.0	3940.3994714466826	1	0	1.0	-0.6247746235908069
29469.673023989053	1000.0	470.72644745762506	0.0	0	0.0	3940.399471446679	1	0	1.0	0.06837255696914046
30406.449518955284	1000.0	533.9499524913989	0.0	0	0.0	3940.399471446679	1	0	1.0	0.7615197375290859
31656.59415867945	1000.0	333.97758145414343	50.17226868691065	0	0.0	3990.5717401335896	1	0	1.0	0.4399634296405821
32336.189331408586	500.0	654.3824087250083	0.0	0	0.0	3990.571740133586	1	0	1.0	-0.6452973193578432
33456.70018111134	1000.0	533.8715590222598	0.0	0	0.0	3990.5717401335896	1	0	1.0	0.047849861202101746
34094.96526723089	500.0	895.6064729027087	0.0	0	0.0	3990.5717401335933	1	0	1.0	-0.6452973193578465
34889.15213547908	1000.0	1101.4196046545178	0.0	0	0.0	3990.571740133597	1	0	1.0	0.04784986120209722
35769.63211010277	1000.0	1220.9396300308244	0.0	0	0.0	3990.5717401335933	1	0	1.0	0.7409970417620446
36854.45905937006	1000.0	1136.1126807635358	0.0	0	0.0	3990.5717401335933	1	0	1.0	0.7409970417620442
37680.347986602515	1000.0	1310.2237535310862	0.0	0	0.0	3990.571740133586	1	0	1.0	0.7409970417620475
38708.284514476916	1000.0	1282.2872256566875	0.0	0	0.0	3990.571740133586	1	0	1.0	0.7409970417620475
39562.39847367348	1000.0	1428.1732664601277	0.0	0	0.0	3990.5717401335933	1	0	1.0	0.7409970417620446
40868.50451672473	1000.0	1122.0672234088875	0.0	0	0.0	3990.5717401335933	1	0	1.0	0.7409970417620446
42174.810828213915	1000.0	815.7609119197047	0.0	0	0.0	3990.5717401336005	1	0	1.0	0.7409970417620413
43619.49722644505	1000.0	371.0745136885746	0.0	0	0.0	3990.5717401336005	1	0	1.0	0.7409970417620413
44248.79670445243	500.0	741.7750356812035	0.0	0	0.0	3990.5717401335933	1	0	1.0	-0.6452973193578465
45183.94506480608	1000.0	806.626675327555	0.0	0	0.0	3990.5717401335933	1	0	1.0	0.04784986120209911
46058.82017352992	1000.0	931.7515666037193	0.0	0	0.0	3990.5717401336005	1	0	1.0	0.7409970417620413
47408.1310916635	1000.0	582.4406484701386	0.0	0	0.0	3990.5717401336005	1	0	1.0	0.7409970417620413
48047.33191254162	500.0	943.2398275920312	0.0	0	0.0	3990.5717401336005	1	0	1.0	-0.6452973193578493
48916.63711588923	1000.0	1073.9346242444212	0.0	0	0.0	3990.5717401336005	1	0	1.0	0.04784986120209589
50177.72473452287	1000.0	812.8470056107807	0.0	0	0.0	3990.5717401336005	1	0	1.0	0.7409970417620413
51237.10189438685	1000.0	753.4698457468079	0.0	0	0.0	3990.5717401336005	1	0	1.0	0.7409970417620413
52127.4609521901	1000.0	863.1107879435526	0.0	0	0.0	3990.5717401336005	1	0	1.0	0.7409970417620413
53163.122108929514	1000.0	827.4496312041322	0.0	0	0.0	3990.5717401336005	1	0	1.0	0.7409970417620413
54086.22997255486	1000.0	904.3417675787837	0.0	0	0.0	3990.5717401336005	1	0	1.0	0.7409970417620413
54901.66730562648	1000.0	1088.9044345071648	0.0	0	0.0	3990.5717401335933	1	0	1.0	0.7409970417620446
56154.20429545014	1000.0	836.367444683501	0.0	0	0.0	3990.571740133586	1	0	1.0	0.7409970417620475
57472.25558810177	1000.0	518.3161520318696	0.0	0	0.0	3990.5717401335787	1	0	1.0	0.7409970417620506
58365.35618697012	1000.0	625.2155531635115	0.0	0	0.0	3990.5717401335787	1	0	1.0	0.7409970417620506
59446.179351439634	1000.0	544.3923886940033	0.0	0	0.0	3990.571740133586	1	0	1.0	0.7409970417620475
60171.33907548119	1000.0	819.2326646524536	0.0	0	0.0	3990.571740133586	1	0	1.0	0.7409970417620475
61035.92308840809	1000.0	954.648651725555	0.0	0	0.0	3990.571740133586	1	0	1.0	0.7409970417620475
62005.32476443557	1000.0	985.2469756980762	0.0	0	0.0	3990.571740133586	1	0	1.0	0.7409970417620475
63134.4566261327	1000.0	856.1151140009507	0.0	0	0.0	3990.571740133586	1	0	1.0	0.7409970417620475
63912.20827040044	1000.0	1078.3634697332136	0.0	0	0.0	3990.571740133586	1	0	1.0	0.7409970417620475
64766.80554883321	1000.0	1223.7661913004408	0.0	0	0.0	3990.571740133586	1	0	1.0	0.7409970417620475
65677.54629686403	1000.0	1313.0254432696129	0.0	0	0.0	3990.5717401335787	1	0	1.0	0.7409970417620482
66583.90478152184	1000.0	1406.66695861181	0.0	0	0.0	3990.5717401335787	1	0	1.0	0.7409970417620506
67810.98782136186	1000.0	1179.5839187717872	0.0	0	0.0	3990.5717401335787	1	0	1.0	0.7409970417620513
68837.10456448587	1000.0	1153.4671756477849	0.0	0	0.0	3990.571740133586	1	0	1.0	0.7409970417620482
70057.33691807748	1000.0	933.2348220561929	0.0	0	0.0	3990.571740133586	1	0	1.0	0.7409970417620482
70954.54966068277	1000.0	1036.022079450886	0.0	0	0.0	3990.5717401335714	1	0	1.0	0.7409970417620537
72102.44880560027	1000.0	888.1229345333821	0.0	0	0.0	3990.5717401335714	1	0	1.0	0.7409970417620537
73389.9673766369	1000.0	600.604363496762	0.0	0	0.0	3990.571740133557	1	0	1.0	0.7409970417620597
74560.83072407109	1000.0	429.7410160625649	0.0	0	0.0	3990.5717401335714	1	0	1.0	0.7409970417620537
75715.37446656184	1000.0	382.45196108597685	107.2546875141824	0	0.0	4097.826427647757	1	0	1.0	0.0508845054537127
76152.48695063469	500.0	945.3394770131409	0.0	0	0.0	4097.826427647771	1	0	1.0	-0.6918817305810903
77085.58112379859	1000.0	1012.2453038492347	0.0	0	0.0	4097.826427647771	1	0	1.0	0.0012654499788553597
77993.12583951057	1000.0	1104.7005881372634	0.0	0	0.0	4097.826427647757	1	0	1.0	0.6944126305388071
79153.1632168698	1000.0	944.6632107780271	0.0	0	0.0	4097.826427647757	1	0	1.0	0.6944126305388071
80325.95538458158	1000.0	771.8710430662353	0.0	0	0.0	4097.826427647757	1	0	1.0	0.6944126305388071
81406.13226139198	1000.0	691.6941662558511	0.0	0	0.0	4097.826427647757	1	0	1.0	0.6944126305388071
82426.99650947131	1000.0	670.8299181765252	0.0	0	0.0	4097.826427647757	1	0	1.0	0.6944126305388071
83143.80528489404	1000.0	954.0211427538	0.0	0	0.0	4097.826427647757	1	0	1.0	0.6944126305388071
83883.66465577309	1000.0	1214.1617718747634	0.0	0	0.0	4097.826427647771	1	0	1.0	0.6944126305388008
85092.62270883133	1000.0	1005.2037188165177	0.0	0	0.0	4097.826427647786	1	0	1.0	0.6944126305387941
85999.02680863037	1000.0	1098.7996190174854	0.0	0	0.0	4097.8264276478	1	0	1.0	0.6944126305387875
87136.00322589024	1000.0	961.8232017575955	0.0	0	0.0	4097.8264276478	1	0	1.0	0.6944126305387875
88008.3640043578	1000.0	1089.4624232900248	0.0	0	0.0	4097.8264276478	1	0	1.0	0.6944126305387875
88785.23743275608	1000.0	1312.5889948917588	0.0	0	0.0	4097.826427647815	1	0	1.0	0.694412630538781
89583.43407844224	1000.0	1514.3923492056117	0.0	0	0.0	4097.8264276478	1	0	1.0	0.6944126305387875
91409.2479828555	2000.0	688.5784447923609	0.0	0	0.0	4097.8264276478	1	0	1.0	0.6944126305387873
92664.14579103015	1000.0	433.6806366177027	0.0	0	0.0	4097.8264276478	1	0	1.0	0.0012654499788424256
93230.93973102595	500.0	866.886696621912	0.0	0	0.0	4097.8264276478	1	0	1.0	-0.6918817305811031
94273.23494943585	1000.0	824.5914782120192	0.0	0	0.0	4097.8264276478	1	0	1.0	0.0012654499788422036
95411.79733293991	1000.0	686.0290947079687	0.0	0	0.0	4097.8264276478	1	0	1.0	0.6944126305387875
96377.78277747065	1000.0	720.0436501772449	0.0	0	0.0	4097.826427647815	1	0	1.0	0.694412630538781
97669.11639940541	1000.0	428.7100282424954	0.0	0	0.0	4097.8264276478	1	0	1.0	0.6944126305387875
98108.63719122806	500.0	989.18923641983	0.0	0	0.0	4097.8264276478	1	0	1.0	-0.6918817305811031
99146.26201062919	1000.0	951.5644170186918	0.0	0	0.0	4097.8264276478	1	0	1.0	0.0012654499788422036
100365.01601565549	1000.0	732.8104119923876	0.0	0	0.0	4097.8264276478	1	0	1.0	0.6944126305387875
101566.70062368877	1000.0	531.1258039590982	0.0	0	0.0	4097.8264276478	1	0	1.0	0.6944126305387875
102131.93934429686	500.0	965.887083351005	0.0	0	0.0	4097.8264276478	1	0	1.0	-0.6918817305811031
103279.4837282502	1000.0	818.3426993976569	0.0	0	0.0	4097.826427647786	1	0	1.0	0.0012654499788485873
104580.06303901656	1000.0	517.763388631288	0.0	0	0.0	4097.826427647786	1	0	1.0	0.6944126305387941
105075.21363845828	500.0	1022.612789189575	0.0	0	0.0	4097.826427647786	1	0	1.0	-0.691881730581097
105855.05102489886	1000.0	1242.7754027490257	0.0	0	0.0	4097.8264276478	1	0	1.0	0.0012654499788422036
107053.01104657039	1000.0	1044.8153810775061	0.0	0	0.0	4097.8264276478	1	0	1.0	0.6944126305387875
107964.20834163895	1000.0	1133.6180860089457	0.0	0	0.0	4097.8264276478	1	0	1.0	0.6944126305387875
109235.18825002221	1000.0	862.6381776256816	0.0	0	0.0	4097.8264276478	1	0	1.0	0.6944126305387875
110249.82872155041	1000.0	847.9977060974799	0.0	0	0.0	4097.8264276478	1	0	1.0	0.6944126305387875
111574.09254889505	1000.0	523.733878752819	0.0	0	0.0	4097.826427647786	1	0	1.0	0.6944126305387941
112176.05848024272	500.0	921.7679474051462	0.0	0	0.0	4097.826427647786	1	0	1.0	-0.691881730581097
113191.5391641986	1000.0	906.2872634492427	0.0	0	0.0	4097.826427647786	1	0	1.0	0.0012654499788485873
114437.37891451469	1000.0	660.4475131331535	0.0	0	0.0	4097.8264276478	1	0	1.0	0.6944126305387875
114895.76593311524	500.0	1202.0604945326004	0.0	0	0.0	4097.8264276478	1	0	1.0	-0.6918817305811031
116123.29155214928	1000.0	974.5348754985367	0.0	0	0.0	4097.826427647786	1	0	1.0	0.0012654499788485873
117077.74596842147	1000.0	1020.0804592263434	0.0	0	0.0	4097.826427647771	1	0	1.0	0.6944126305388008
118206.6043843994	1000.0	891.2220432484148	0.0	0	0.0	4097.826427647771	1	0	1.0	0.6944126305388008
119323.72219694988	1000.0	774.1042306979333	0.0	0	0.0	4097.826427647771	1	0	1.0	0.6944126305388008
120076.82162671568	1000.0	1021.0048009321247	0.0	0	0.0	4097.826427647771	1	0	1.0	0.6944126305388008
121275.02964832407	1000.0	822.796779323745	0.0	0	0.0	4097.826427647771	1	0	1.0	0.6944126305388008
122773.79078641818	1000.0	324.03564122964883	0.0	0	0.0	4097.826427647786	1	0	1.0	0.6944126305387941
123363.80199711873	500.0	734.0244305290848	0.0	0	0.0	4097.826427647771	1	0	1.0	-0.6918817305810903
124373.81334827564	1000.0	724.0130793721879	0.0	0	0.0	4097.826427647771	1	0	1.0	0.0012654499788553597
125375.25030851911	1000.0	722.5761191287136	0.0	0	0.0	4097.826427647771	1	0	1.0	0.6944126305388008
126341.81136326974	1000.0	756.0150643781096	0.0	0	0.0	4097.826427647771	1	0	1.0	0.6944126305388008
127498.8791376576	1000.0	598.9472899902283	0.0	0	0.0	4097.826427647771	1	0	1.0	0.6944126305388008
127966.50095965658	500.0	1131.3254679912407	0.0	0	0.0	4097.826427647786	1	0	1.0	-0.691881730581097
128948.57520181434	1000.0	1149.2512258334805	0.0	0	0.0	4097.826427647786	1	0	1.0	0.0012654499788485873
130224.28754835806	1000.0	873.5388792897768	0.0	0	0.0	4097.826427647771	1	0	1.0	0.6944126305388008
131631.00614626982	1000.0	466.82028137802337	0.0	0	0.0	4097.826427647786	1	0	1.0	0.6944126305387941
132077.14802304353	500.0	1020.6784046043327	0.0	0	0.0	4097.8264276478	1	0	1.0	-0.6918817305811045
133314.95543945776	1000.0	782.8709881901224	0.0	0	0.0	4097.826427647815	1	0	1.0	0.001265449978840899
134468.55269871265	1000.0	629.2737289352385	0.0	0	0.0	4097.826427647844	1	0	1.0	0.6944126305387716
135719.74989839894	1000.0	398.3440764023769	20.26754715345683	0	0.0	4118.093974801275	1	0	1.0	0.563577626353057
136203.3683345611	500.0	914.7256402402138	0.0	0	0.0	4118.093974801304	1	0	1.0	-0.7011114518461048
137515.7488259323	1000.0	602.3451488690254	0.0	0	0.0	4118.093974801304	1	0	1.0	-0.007964271286159397
137949.13822360148	500.0	1168.955751199803	0.0	0	0.0	4118.093974801304	1	0	1.0	-0.7011114518461048
138875.111141954	1000.0	1242.982832847291	0.0	0	0.0	4118.093974801304	1	0	1.0	-0.007964271286159397
139783.8484965922	1000.0	1334.2454782090988	0.0	0	0.0	4118.093974801304	1	0	1.0	0.685182909273786
140750.0634674569	1000.0	1368.0305073443817	0.0	0	0.0	4118.093974801304	1	0	1.0	0.685182909273786
141634.5753757818	1000.0	1483.5185990194973	0.0	0	0.0	4118.093974801333	1	0	1.0	0.6851829092737729
142482.40071674946	1000.0	1635.6932580518483	0.0	0	0.0	4118.093974801333	1	0	1.0	0.6851829092737729
143370.53080751243	1000.0	1747.5631672888844	0.0	0	0.0	4118.093974801333	1	0	1.0	0.6851829092737729
145239.74908343406	2000.0	878.344891367238	0.0	0	0.0	4118.093974801333	1	0	1.0	0.6851829092737729
146414.76003456677	1000.0	703.3339402345246	0.0	0	0.0	4118.0939748013625	1	0	1.0	-0.007964271286185598
147742.8417827531	1000.0	375.25219204819	0.0	0	0.0	4118.093974801333	1	0	1.0	0.6851829092737729
148199.1171964203	500.0	918.9767783810018	0.0	0	0.0	4118.093974801333	1	0	1.0	-0.7011114518461181
149279.14819154082	1000.0	838.9457832604886	0.0	0	0.0	4118.093974801333	1	0	1.0	-0.007964271286172497
150422.2913601884	1000.0	695.8026146129239	0.0	0	0.0	4118.0939748013625	1	0	1.0	0.6851829092737596
151398.25904600168	1000.0	719.8349287996305	0.0	0	0.0	4118.0939748013625	1	0	1.0	0.6851829092737596
152398.30409072523	1000.0	719.789884076065	0.0	0	0.0	4118.0939748013625	1	0	1.0	0.6851829092737596
153587.11340817332	1000.0	530.9805666279859	0.0	0	0.0	4118.0939748013625	1	0	1.0	0.6851829092737596
154039.75797422463	500.0	1078.3360005766492	0.0	0	0.0	4118.0939748013625	1	0	1.0	-0.7011114518461314
154889.29642874087	1000.0	1228.7975460604177	0.0	0	0.0	4118.093974801333	1	0	1.0	-0.007964271286172497
155994.5639965708	1000.0	1123.5299782304949	0.0	0	0.0	4118.0939748013625	1	0	1.0	0.6851829092737596
156975.77152680195	1000.0	1142.3224479993617	0.0	0	0.0	4118.0939748013625	1	0	1.0	0.6851829092737702
158178.8284097626	1000.0	939.2655650387393	0.0	0	0.0	4118.0939748013625	1	0	1.0	0.6851829092737596
159399.5820097687	1000.0	718.5119650326087	0.0	0	0.0	4118.0939748013625	1	0	1.0	0.6851829092737596
160284.9034125517	1000.0	833.1905622495893	0.0	0	0.0	4118.0939748013625	1	0	1.0	0.6851829092737596
161317.933091392	1000.0	800.1608834092979	0.0	0	0.0	4118.093974801392	1	0	1.0	0.6851829092737515
162190.0716375944	1000.0	928.0223372068771	0.0	0	0.0	4118.0939748013625	1	0	1.0	0.6851829092737596
163051.34622853668	1000.0	1066.7477462646016	0.0	0	0.0	4118.0939748013625	1	0	1.0	0.6851829092737596
163930.4841513586	1000.0	1187.6098234426947	0.0	0	0.0	4118.093974801333	1	0	1.0	0.6851829092737729
165161.44674347216	1000.0	956.6472313291397	0.0	0	0.0	4118.093974801304	1	0	1.0	0.685182909273786
165956.9653432059	1000.0	1161.1286315954308	0.0	0	0.0	4118.093974801304	1	0	1.0	0.685182909273786
166846.26187166953	1000.0	1271.8321031317976	0.0	0	0.0	4118.093974801275	1	0	1.0	0.6851829092737993
167968.89634746863	1000.0	1149.1976273326875	0.0	0	0.0	4118.093974801275	1	0	1.0	0.6851829092737993
169268.7062852061	1000.0	849.3876895952349	0.0	0	0.0	4118.093974801275	1	0	1.0	0.6851829092737993
170167.0177255873	1000.0	951.0762492140207	0.0	0	0.0	4118.093974801275	1	0	1.0	0.6851829092737993
170984.03991888475	1000.0	1134.054055916555	0.0	0	0.0	4118.093974801304	1	0	1.0	0.6851829092737967
171815.6405890348	1000.0	1302.4533857665253	0.0	0	0.0	4118.093974801304	1	0	1.0	0.685182909273786
172858.46996688703	1000.0	1259.6240079142963	0.0	0	0.0	4118.093974801304	1	0	1.0	0.685182909273786
173975.99832991074	1000.0	1142.095644890564	0.0	0	0.0	4118.093974801246	1	0	1.0	0.685182909273802
174787.63984106842	1000.0	1330.4541337329015	0.0	0	0.0	4118.093974801246	1	0	1.0	0.6851829092738129
176159.49572584694	1000.0	958.5982489543935	0.0	0	0.0	4118.093974801275	1	0	1.0	0.6851829092738075
177613.0794180812	1000.0	505.0145567201354	0.0	0	0.0	4118.093974801275	1	0	1.0	0.6851829092737993
178090.82218135757	500.0	1027.2717934437742	0.0	0	0.0	4118.093974801333	1	0	1.0	-0.7011114518461128
179421.7508995945	1000.0	696.343075206825	0.0	0	0.0	4118.093974801333	1	0	1.0	-0.007964271286172497
180508.91022764117	1000.0	609.1837471601398	0.0	0	0.0	4118.093974801304	1	0	1.0	0.685182909273786
181838.6652156973	1000.0	309.82896701417724	30.400207910176732	0	0.0	4148.494182711496	1	0	1.0	0.48867727455196275
182231.48682694742	500.0	917.0073557640962	0.0	0	0.0	4148.494182711496	1	0	1.0	-0.7152158391068675
183074.61898381522	1000.0	1073.8751988963334	0.0	0	0.0	4148.494182711496	1	0	1.0	-0.022068658546922137
183845.56541049806	1000.0	1302.9287722135184	0.0	0	0.0	4148.494182711525	1	0	1.0	0.6710785220130094
184947.2780166896	1000.0	1201.2161660219551	0.0	0	0.0	4148.494182711525	1	0	1.0	0.6710785220130094
186010.53784818487	1000.0	1137.956334526657	0.0	0	0.0	4148.494182711496	1	0	1.0	0.6710785220130122
186865.63650197437	1000.0	1282.8576807371692	0.0	0	0.0	4148.494182711496	1	0	1.0	0.6710785220130232
188267.63289810775	1000.0	880.8612846037975	0.0	0	0.0	4148.494182711496	1	0	1.0	0.6710785220130232
189226.22756054575	1000.0	922.2666221658067	0.0	0	0.0	4148.494182711496	1	0	1.0	0.6710785220130232
190625.10053939786	1000.0	523.3936433137044	0.0	0	0.0	4148.494182711496	1	0	1.0	0.6710785220130232
191084.17522787576	500.0	1064.3189548357827	0.0	0	0.0	4148.494182711496	1	0	1.0	-0.7152158391068675
192545.71977003536	1000.0	602.7744126762107	0.0	0	0.0	4148.494182711496	1	0	1.0	-0.022068658546922137
193878.94468331643	1000.0	313.0382819404974	43.48878254533702	0	0.0	4191.982965256815	1	0	1.0	0.3894187783089638
194491.60665943523	500.0	700.3763058216559	0.0	0	0.0	2191.982965256815	1	0	1.0	-6.259272434579287
195320.0286930139	1000.0	871.9542722429478	0.0	0	0.0	2191.982965256815	1	0	1.0	0.433874745980657
196308.68937616237	1000.0	883.293589094493	0.0	0	0.0	2191.982965256815	1	0	1.0	1.1270219265406025
197306.87213769506	1000.0	885.1108275618132	0.0	0	0.0	2191.982965256815	1	0	1.0	1.1270219265406014
198354.63602949437	1000.0	837.3469357625041	0.0	0	0.0	2191.982965256786	1	0	1.0	1.127021926540605
199624.32362894827	1000.0	567.6593363085946	0.0	0	0.0	2191.982965256786	1	0	1.0	1.127021926540605
200479.75722017256	1000.0	712.2257450842891	0.0	0	0.0	2191.982965256757	1	0	1.0	1.1270219265406074
201513.7524449337	1000.0	678.2305203231602	0.0	0	0.0	2191.9829652567278	1	0	1.0	1.1270219265406098
202427.75359845094	1000.0	764.2293668059249	0.0	0	0.0	2191.9829652567278	1	0	1.0	1.1270219265406098
203192.13655449107	1000.0	999.8464107657845	0.0	0	0.0	2191.982965256757	1	0	1.0	1.1270219265406083
204387.36799763725	1000.0	804.6149676195771	0.0	0	0.0	2191.9829652567278	1	0	1.0	1.1270219265406094
205204.8549418019	1000.0	987.1280234549303	0.0	0	0.0	2191.9829652567278	1	0	1.0	1.1270219265406098
206185.20452757567	1000.0	1006.7784376811846	0.0	0	0.0	2191.982965256757	1	0	1.0	1.1270219265406074
206949.7905453444	1000.0	1242.192419912454	0.0	0	0.0	2191.982965256786	1	0	1.0	1.127021926540605
207710.88112796543	1000.0	1481.1018372914186	0.0	0	0.0	2191.982965256815	1	0	1.0	1.1270219265406025
208928.9575142934	1000.0	1263.0254509634772	0.0	0	0.0	2191.982965256844	1	0	1.0	1.1270219265405998
209832.45282037236	1000.0	1359.5301448845448	0.0	0	0.0	2191.982965256844	1	0	1.0	1.1270219265405998
210812.88905663355	1000.0	1379.093908623339	0.0	0	0.0	2191.982965256844	1	0	1.0	1.1270219265405998
211814.06523409116	1000.0	1377.9177311657418	0.0	0	0.0	2191.982965256844	1	0	1.0	1.1270219265405998
212751.37799949473	1000.0	1440.6049657621513	0.0	0	0.0	2191.982965256844	1	0	1.0	1.1270219265405998
213650.71049535176	1000.0	1541.2724699051068	0.0	0	0.0	2191.982965256844	1	0	1.0	1.1270219265405998
214660.00532878275	1000.0	1531.977636474133	0.0	0	0.0	2191.982965256844	1	0	1.0	1.1270219265405998
215411.00325747184	1000.0	1780.9797077850776	0.0	0	0.0	2191.9829652568733	1	0	1.0	1.1270219265405974
216385.63721621156	1000.0	1806.345749045326	0.0	0	0.0	2191.9829652568733	1	0	1.0	1.1270219265405974
217200.0	1000.0	1991.9829652569274	0.0	0	99.65243566568824	2191.9829652569024	1	0	1.0	1.1270219265405965
218200.0	1000.0	1991.9829652569101	0.0	0	128.2953430468333	2191.9829652568733	1	0	1.0	1.127021926540596
219392.6049674961	1000.0	1799.377997760802	0.0	0	0.0	2191.9829652568733	1	0	1.0	1.1270219265405974
220441.70711869776	1000.0	1750.275846559125	0.0	0	0.0	2191.982965256844	1	0	1.0	1.1270219265405994
221592.58877887065	1000.0	1599.3941863862344	0.0	0	0.0	2191.982965256815	1	0	1.0	1.1270219265406025
222805.6641607522	1000.0	1386.318804504664	0.0	0	0.0	2191.982965256815	1	0	1.0	1.1270219265406025
224002.84452418995	1000.0	1189.1384410669202	0.0	0	0.0	2191.982965256815	1	0	1.0	1.1270219265406025
225010.710363769	1000.0	1181.2726014878535	0.0	0	0.0	2191.982965256844	1	0	1.0	1.1270219265406018
226118.55510952062	1000.0	1073.4278557362165	0.0	0	0.0	2191.9829652568733	1	0	1.0	1.1270219265405974
227428.33569197045	1000.0	763.64727328635	0.0	0	0.0	2191.982965256844	1	0	1.0	1.127021926540599
228604.48570662635	1000.0	587.4972586304611	0.0	0	0.0	2191.982965256815	1	0	1.0	1.1270219265406025
229556.09152022246	1000.0	635.8914450343607	0.0	0	0.0	2191.982965256786	1	0	1.0	1.127021926540605
230457.6836555451	1000.0	734.2993097117276	0.0	0	0.0	2191.982965256786	1	0	1.0	1.127021926540605
231654.15755630017	1000.0	537.8254089566633	0.0	0	0.0	2191.982965256786	1	0	1.0	1.127021926540605
232609.38994757156	1000.0	582.5930176852937	0.0	0	0.0	2191.982965256757	1	0	1.0	1.1270219265406074
233776.93009237145	1000.0	415.05287288540944	0.0	0	0.0	2191.982965256757	1	0	1.0	1.1270219265406074
234606.5723220202	1000.0	595.6577451792738	10.247101942613426	0	0.0	2202.230067199358	1	0	1.0	1.0646644819700057
235801.60631615142	1000.0	400.62375104803994	0.0	0	0.0	2202.230067199358	1	0	1.0	1.1261470936256863
236729.28704469663	1000.0	527.276266909101	54.33324440625978	0	0.0	2256.563311605598	1	0	1.0	0.7953631320780616
237714.89008269637	1000.0	541.6732289093607	0.0	0	0.0	2256.563311605598	1	0	1.0	1.1213625985156204
238547.52981712087	1000.0	709.0334944848798	0.0	0	0.0	2256.563311605598	1	0	1.0	1.1213625985156204
239282.66715834133	1000.0	973.8961532643684	0.0	0	0.0	2256.563311605598	1	0	1.0	1.1213625985156204
240328.6649629928	1000.0	927.8983486129048	0.0	0	0.0	2256.563311605598	1	0	1.0	1.1213625985156204
241339.48070497642	1000.0	917.0826066293113	0.0	0	0.0	2256.563311605598	1	0	1.0	1.1213625985156204
242487.5393838917	1000.0	769.0239277140529	0.0	0	0.0	2256.563311605627	1	0	1.0	1.1213625985156177
243505.42429543746	1000.0	751.1390161683051	0.0	0	0.0	2256.563311605598	1	0	1.0	1.1213625985156204
244252.65056217965	1000.0	1003.9127494260938	0.0	0	0.0	2256.563311605598	1	0	1.0	1.1213625985156204
245302.959111899	1000.0	953.6041997067525	0.0	0	0.0	2256.563311605598	1	0	1.0	1.1213625985156204
246582.52584466874	1000.0	674.0374669370138	0.0	0	0.0	2256.563311605627	1	0	1.0	1.1213625985156181
247880.81419750355	1000.0	375.74911410221216	0.0	0	0.0	2256.563311605627	1	0	1.0	1.1213625985156177
248713.24682309653	1000.0	561.7465906811483	18.430102171904252	0	0.0	2274.993413777527	1	0	1.0	1.0091018933722447
250020.46645499064	1000.0	325.85958430589017	71.332625518827	0	0.0	2346.326039296371	1	0	1.0	0.6848989532703025
251234.31650293988	1000.0	328.161906013101	216.15236965647586	0	0.0	2562.4784089528257	1	0	1.0	-0.2076236372081407
251761.03141647633	500.0	801.4469924766425	0.0	0	0.0	2562.4784089528257	1	0	1.0	-0.29700378038917635
253281.8864668782	1000.0	280.5919420747805	0.0	0	0.0	2562.478408952855	1	0	1.0	0.3961434001707656
254186.16892846496	1000.0	571.8969350306168	195.58745454259812	0	0.0	2758.06586349546	1	0	1.0	-0.11013265780646195
255488.08920263598	1000.0	323.1108385428094	53.134177683217445	0	0.0	2811.200041178672	1	0	1.0	0.7367007012895423
255950.43625831822	500.0	860.7637828605932	0.0	0	0.0	2811.200041178672	1	0	1.0	-0.3307885937310436
256824.0265969776	1000.0	987.1734442012541	0.0	0	0.0	2811.200041178672	1	0	1.0	0.3623585868289017
257834.59545410794	1000.0	976.6045870709756	0.0	0	0.0	2811.200041178701	1	0	1.0	1.0555057673888426
258995.34489161364	1000.0	815.8551495652772	0.0	0	0.0	2811.200041178701	1	0	1.0	1.0555057673888426
259908.0952166765	1000.0	903.1048245024167	0.0	0	0.0	2811.200041178701	1	0	1.0	1.0555057673888426
260672.10794425258	1000.0	1139.0920969263648	0.0	0	0.0	2811.200041178701	1	0	1.0	1.0555057673888426
261676.58395488065	1000.0	1134.6160862982738	0.0	0	0.0	2811.200041178701	1	0	1.0	1.0555057673888426
263060.616986278	1000.0	750.583054900984	0.0	0	0.0	2811.2000411787303	1	0	1.0	1.0555057673888444
263976.19618603104	1000.0	835.003855147955	0.0	0	0.0	2811.2000411787594	1	0	1.0	1.0555057673888364
265150.3922736713	1000.0	660.8077675077145	0.0	0	0.0	2811.2000411787885	1	0	1.0	1.055505767388832
266227.32508927723	1000.0	583.87495190175	0.0	0	0.0	2811.2000411787885	1	0	1.0	1.0555057673888293
267177.3350793644	1000.0	633.8649618145253	0.0	0	0.0	2811.2000411787303	1	0	1.0	1.0555057673888382
268134.36299668683	1000.0	676.83704449209	0.0	0	0.0	2811.200041178672	1	0	1.0	1.0555057673888417
269047.42365789064	1000.0	763.7763832882681	0.0	0	0.0	2811.200041178672	1	0	1.0	1.055505767388847
270163.05121655244	1000.0	648.1488246264006	0.0	0	0.0	2811.200041178672	1	0	1.0	1.055505767388847
271420.6516184138	1000.0	390.5484227650711	0.0	0	0.0	2811.200041178672	1	0	1.0	1.055505767388847
272341.54938877496	1000.0	570.261020375872	100.61036797198125	0	0.0	2911.8104091506684	1	0	1.0	0.4358128488088702
273334.3001206973	1000.0	577.5102884535547	0.0	0	0.0	2911.8104091506684	1	0	1.0	1.0394750566407578
274692.24335851596	1000.0	287.5151077532171	67.94805711830756	0	0.0	2979.7584662691806	1	0	1.0	0.6200959144414468
275237.7797930366	500.0	741.9786732326178	0.0	0	0.0	2979.758466269239	1	0	1.0	-0.35851010396860894
276078.9770803735	1000.0	900.781385895702	0.0	0	0.0	2979.758466269297	1	0	1.0	0.33463707659133235
277234.35176682076	1000.0	745.4066994484574	0.0	0	0.0	2979.7584662693553	1	0	1.0	1.0277842571512612
278591.0935204751	1000.0	388.66494579414547	0.0	0	0.0	2979.7584662693553	1	0	1.0	1.0277842571512612
279039.9879001848	500.0	939.7705660844548	0.0	0	0.0	2979.7584662693553	1	0	1.0	-0.3585101039686295
280046.7974822295	1000.0	932.96098403978	0.0	0	0.0	2979.7584662693553	1	0	1.0	0.33463707659132413
281554.86523459706	1000.0	424.89323167218606	0.0	0	0.0	2979.758466269297	1	0	1.0	1.0277842571512696
282284.83338139876	500.0	694.9250848705219	0.0	0	0.0	2979.758466269239	1	0	1.0	-0.35851010396860894
283298.1554605131	1000.0	681.6030057562505	0.0	0	0.0	2979.758466269297	1	0	1.0	0.33463707659132824
284190.3477852812	1000.0	789.410680988165	0.0	0	0.0	2979.758466269297	1	0	1.0	1.0277842571512716
285167.734511706	1000.0	812.0239545633416	0.0	0	0.0	2979.758466269239	1	0	1.0	1.0277842571512756
286022.98363911407	1000.0	956.774827155271	0.0	0	0.0	2979.758466269239	1	0	1.0	1.027784257151282
287131.79992544925	1000.0	847.9585408201078	0.0	0	0.0	2979.758466269297	1	0	1.0	1.0277842571512779
288541.9445322436	1000.0	437.813934025806	0.0	0	0.0	2979.758466269297	1	0	1.0	1.0277842571512716
289022.3379973516	500.0	957.4204689177664	0.0	0	0.0	2979.758466269297	1	0	1.0	-0.3585101039686191
290078.44563630066	1000.0	901.3128299687053	0.0	0	0.0	2979.7584662691806	1	0	1.0	0.3346370765913407
290928.6320569803	1000.0	1051.1264092890856	0.0	0	0.0	2979.7584662691806	1	0	1.0	1.0277842571512923
291981.5686428781	1000.0	998.1898233912596	0.0	0	0.0	2979.7584662691806	1	0	1.0	1.0277842571512923
292823.5822929004	1000.0	1156.1761733689796	0.0	0	0.0	2979.7584662691806	1	0	1.0	1.0277842571512923
294169.6915524299	1000.0	810.0669138395274	0.0	0	0.0	2979.758466269239	1	0	1.0	1.027784257151288
294971.79188807047	1000.0	1007.966578198987	0.0	0	0.0	2979.7584662691806	1	0	1.0	1.0277842571512923
295993.9686372022	1000.0	985.7898290672257	0.0	0	0.0	2979.758466269239	1	0	1.0	1.0277842571512903
296845.73535349657	1000.0	1134.023112772932	0.0	0	0.0	2979.758466269297	1	0	1.0	1.0277842571512716
297987.2057966335	1000.0	992.5526696360321	0.0	0	0.0	2979.758466269297	1	0	1.0	1.0277842571512716
299392.3689489264	1000.0	587.3895173430856	0.0	0	0.0	2979.758466269239	1	0	1.0	1.0277842571512779
300544.8776494984	1000.0	434.88081677103816	0.0	0	0.0	2979.758466269239	1	0	1.0	1.027784257151282
301874.39625828224	1000.0	348.30318752916344	242.94097954196036	0	0.0	3222.6994458111585	1	0	1.0	-0.4780354137678483
302419.3595711894	500.0	803.3398746220191	0.0	0	0.0	3222.6994458111003	1	0	1.0	-0.40668389763596435
303460.44890462136	1000.0	762.2505411900768	0.0	0	0.0	3222.6994458111003	1	0	1.0	0.28646328292398104
304349.15942632605	1000.0	873.5400194854024	0.0	0	0.0	3222.6994458111003	1	0	1.0	0.9796104634839264
305628.3536479669	1000.0	594.345797844539	0.0	0	0.0	3222.6994458111585	1	0	1.0	0.9796104634839137
306676.3929982773	1000.0	546.3064475341025	0.0	0	0.0	3222.6994458111585	1	0	1.0	0.9796104634839137
1.0717142857142856	1.0917142857142856	0.9937142857142857	0.9857142857142857	1.0637142857142856	0.9957142857142857	0.9477142857142857	0.9677142857142856	0.9817142857142857	0.9857142857142857	0.9937142857142857	1.0377142857142856	1.0337142857142856	1.0577142857142856	0.9837142857142857	1.0177142857142856	1.0737142857142856	1.0477142857142856	0.9217142857142857	0.9977142857142857	0.9897142857142857	0.9857142857142857	0.9117142857142857	0.9117142857142857	0.9457142857142857	0.9217142857142857	0.9537142857142856	0.9837142857142857	1.0217142857142856	1.0497142857142856	0.9997142857142857	0.9757142857142856	0.9037142857142857	0.9117142857142857	0.8797142857142857	0.9497142857142857	0.9517142857142857	0.9277142857142857	0.9057142857142857	0.8957142857142857	0.9037142857142857	0.9737142857142856	1.0057142857142858	1.0177142857142856	1.0277142857142856	1.0417142857142856	1.1377142857142857	1.0137142857142858	1.088095238095238	1.102095238095238	1.094095238095238	1.058095238095238	1.052095238095238	1.058095238095238	1.074095238095238	1.0240952380952382	1.098095238095238	1.090095238095238	1.064095238095238	1.110095238095238	1.070095238095238	1.0360952380952382	1.056095238095238	1.154095238095238	1.134095238095238	1.044095238095238	1.0160952380952382	1.0100952380952382	1.044095238095238	1.088095238095238	1.052095238095238	1.098095238095238	1.074095238095238	1.040095238095238	1.054095238095238	0.992095238095238	1.078095238095238	1.074095238095238	1.0240952380952382	1.0360952380952382	1.014095238095238	1.0020952380952381	1.090095238095238	1.104095238095238	1.2160952380952381	1.088095238095238	0.994095238095238	1.0200952380952382	0.996095238095238	1.0160952380952382	1.028695652173913	1.040695652173913	1.056695652173913	1.072695652173913	0.948695652173913	0.9646956521739131	0.924695652173913	0.928695652173913	0.914695652173913	0.928695652173913	0.9806956521739131	0.9646956521739131	1.000695652173913	0.916695652173913	0.916695652173913	0.936695652173913	1.022695652173913	1.008695652173913	0.8686956521739131	0.892695652173913	0.994695652173913	0.934695652173913	1.010695652173913	1.072695652173913	1.012695652173913	0.930695652173913	0.886695652173913	0.930695652173913	1.032695652173913	0.992695652173913	0.950695652173913	1.000695652173913	0.898695652173913	0.8686956521739131	0.892695652173913	0.8486956521739131	0.892695652173913	0.8646956521739131	0.8686956521739131	0.9686956521739131	1.072695652173913	0.9806956521739131	0.936695652173913	0.938695652173913	0.882695652173913	0.9866956521739131	1.0	1.02	0.9860000000000001	0.9720000000000001	1.014	0.9660000000000001	0.9980000000000001	1.102	0.9920000000000001	0.9700000000000001	0.9760000000000001	0.936	0.9380000000000001	1.0217142857142856	1.0717142857142856	1.0917142857142856	0.9937142857142857	0.9857142857142857	1.0637142857142856	0.9957142857142857	0.9477142857142857	0.9677142857142856	0.9817142857142857	0.9857142857142857	0.9937142857142857	1.0377142857142856	1.0337142857142856	1.0577142857142856	0.9837142857142857	1.0177142857142856	1.0737142857142856	1.0477142857142856	0.9217142857142857	0.9977142857142857	0.9897142857142857	0.9857142857142857	0.9117142857142857	0.9117142857142857	0.9457142857142857	0.9217142857142857	0.9537142857142856	0.9837142857142857	1.0217142857142856	1.0497142857142856	0.9997142857142857	0.9757142857142856	0.9037142857142857	0.9117142857142857	0.8797142857142857	0.9497142857142857	0.9517142857142857	0.9277142857142857	0.9057142857142857	0.8957142857142857	0.9037142857142857	0.9737142857142856	1.0057142857142858	1.0177142857142856	1.0277142857142856	1.0417142857142856	1.1377142857142857	1.0137142857142858	1.088095238095238	1.102095238095238	1.094095238095238	1.058095238095238	1.052095238095238	1.058095238095238	1.074095238095238	1.0240952380952382	1.098095238095238	1.090095238095238	1.064095238095238	1.110095238095238	1.070095238095238	1.0360952380952382	1.056095238095238	1.154095238095238	1.134095238095238	1.044095238095238	1.0160952380952382	1.0100952380952382	1.044095238095238	1.088095238095238	1.052095238095238	1.098095238095238	1.074095238095238	1.040095238095238	1.054095238095238	0.992095238095238	1.078095238095238	1.074095238095238	1.0240952380952382	1.0360952380952382	1.014095238095238	1.0020952380952381	1.090095238095238	1.104095238095238	1.2160952380952381	1.088095238095238	0.994095238095238	1.0200952380952382	0.996095238095238	1.0160952380952382	1.028695652173913	1.040695652173913	1.056695652173913	1.072695652173913	0.948695652173913	0.9646956521739131	0.924695652173913	0.928695652173913	0.914695652173913	0.928695652173913	0.9806956521739131	0.9646956521739131	1.000695652173913	0.916695652173913	0.916695652173913	0.936695652173913	1.022695652173913	1.008695652173913	0.8686956521739131	0.892695652173913	0.994695652173913	0.934695652173913	1.010695652173913	1.072695652173913	1.012695652173913	0.930695652173913	0.886695652173913	0.930695652173913	1.032695652173913	0.992695652173913	0.950695652173913	1.000695652173913	0.898695652173913	0.8686956521739131	0.892695652173913	0.8486956521739131	0.892695652173913	0.8646956521739131	0.8686956521739131	0.9686956521739131	1.072695652173913	0.9806956521739131	0.936695652173913	0.938695652173913	0.882695652173913	0.9866956521739131	1.0	1.02	0.9860000000000001	0.9720000000000001	1.014	0.9660000000000001	0.9980000000000001	1.102	0.9920000000000001	0.9700000000000001	0.9760000000000001	0.936	0.9380000000000001	1.0217142857142856	1.0717142857142856	1.0917142857142856	0.9937142857142857	0.9857142857142857	1.0637142857142856
1.0	2.0	3.0	4.0	5.0	6.0	7.0	8.0	9.0	10.0	11.0	12.0	13.0	14.0	15.0	16.0	17.0	18.0	19.0	20.0	21.0	22.0	23.0	24.0	25.0	26.0	27.0	28.0	29.0	30.0	31.0	32.0	33.0	34.0	35.0	36.0	37.0	38.0	39.0	40.0	41.0	42.0	43.0	44.0	45.0	46.0	47.0	48.0	49.0	50.0	51.0	52.0	53.0	54.0	55.0	56.0	57.0	58.0	59.0	60.0	61.0	62.0	63.0	64.0	65.0	66.0	67.0	68.0	69.0	70.0	71.0	72.0	73.0	74.0	75.0	76.0	77.0	78.0	79.0	80.0	81.0	82.0	83.0	84.0	85.0	86.0	87.0	88.0	89.0	90.0	91.0	92.0	93.0	94.0	95.0	96.0	97.0	98.0	99.0	100.0	101.0	102.0	103.0	104.0	105.0	106.0	107.0	108.0	109.0	110.0	111.0	112.0	113.0	114.0	115.0	116.0	117.0	118.0	119.0	120.0	121.0	122.0	123.0	124.0	125.0	126.0	127.0	128.0	129.0	130.0	131.0	132.0	133.0	134.0	135.0	136.0	137.0	138.0	139.0	140.0	141.0	142.0	143.0	144.0	145.0	146.0	147.0	148.0	149.0	149.0	150.0	151.0	152.0	153.0	154.0	155.0	156.0	157.0	158.0	159.0	160.0	161.0	162.0	163.0	164.0	165.0	166.0	167.0	168.0	169.0	170.0	171.0	172.0	173.0	174.0	175.0	176.0	177.0	178.0	179.0	180.0	181.0	182.0	183.0	184.0	185.0	186.0	187.0	188.0	189.0	190.0	191.0	192.0	193.0	194.0	195.0	196.0	197.0	198.0	199.0	200.0	201.0	202.0	203.0	204.0	205.0	206.0	207.0	208.0	209.0	210.0	211.0	212.0	213.0	214.0	215.0	216.0	217.0	218.0	219.0	220.0	221.0	222.0	223.0	224.0	225.0	226.0	227.0	228.0	229.0	230.0	231.0	232.0	233.0	234.0	235.0	236.0	237.0	238.0	239.0	240.0	241.0	242.0	243.0	244.0	245.0	246.0	247.0	248.0	249.0	250.0	251.0	252.0	253.0	254.0	255.0	256.0	257.0	258.0	259.0	260.0	261.0	262.0	263.0	264.0	265.0	266.0	267.0	268.0	269.0	270.0	271.0	272.0	273.0	274.0	275.0	276.0	277.0	278.0	279.0	280.0	281.0	282.0	283.0	284.0	285.0	286.0	287.0	288.0	289.0	290.0	291.0	292.0	293.0	294.0	295.0	296.0	297.0	298.0	298.0	299.0	300.0	301.0	302.0	303.0
4934.023423440568
