3529.537441612482	2000.0	2000.0	345.2870487603906	0	0.0	3529.537441612482	1	0	1.0	-2.3518507459140947
4303.998711123158	6000.0	2225.5387304893247	0.0	0	0.0	3529.537441612482	1	0	1.0	1.595190554050721
5122.780291156939	6000.0	2406.7571504555444	0.0	0	0.0	3529.5374416124823	1	0	1.0	2.6938028427188305
6279.606903681588	6000.0	2249.9305379308953	0.0	0	0.0	3529.5374416124832	1	0	1.0	2.6938028427188296
7093.330270626162	6000.0	2436.207170986321	0.0	0	0.0	3529.537441612483	1	0	1.0	2.6938028427188305
8442.178827552167	6000.0	2087.3586140603174	0.0	0	0.0	3529.537441612484	1	0	1.0	2.6938028427188296
9338.40575162552	6000.0	2191.1316899869626	0.0	0	0.0	3529.5374416124823	1	0	1.0	2.6938028427188305
10192.308019390946	6000.0	2337.229422221537	0.0	0	0.0	3529.5374416124832	1	0	1.0	2.6938028427188296
11059.630243471274	6000.0	2469.9071981412085	0.0	0	0.0	3529.5374416124823	1	0	1.0	2.69380284271883
11580.779620331823	6000.0	2948.7578212806598	0.0	0	0.0	3529.5374416124823	1	0	1.0	2.6938028427188305
12426.397844780464	6000.0	3103.139596832019	0.0	0	0.0	3529.5374416124814	1	0	1.0	2.6938028427188305
13200.0	6000.0	3329.537441612483	0.0	0	274.4508017844146	3529.5374416124814	1	0	1.0	2.6938028427188305
14713.335305700952	6000.0	2816.20213591153	0.0	0	0.0	3529.5374416124814	1	0	1.0	2.6938028427188305
15893.28815730857	6000.0	2636.249284303909	0.0	0	0.0	3529.5374416124796	1	0	1.0	2.693802842718831
16641.64270273287	6000.0	2887.8947388796164	0.0	0	0.0	3529.5374416124832	1	0	1.0	2.6938028427188305
17705.593195057685	6000.0	2823.9442465547977	0.0	0	0.0	3529.5374416124814	1	0	1.0	2.69380284271883
18608.611551860093	6000.0	2920.925889752393	0.0	0	0.0	3529.537441612487	1	0	1.0	2.693802842718829
19344.9007017282	6000.0	3184.6367398842845	0.0	0	0.0	3529.5374416124832	1	0	1.0	2.6938028427188296
20333.79053697095	6000.0	3195.7469046415335	0.0	0	0.0	3529.5374416124832	1	0	1.0	2.6938028427188296
21288.560792726865	6000.0	3240.9766488856167	0.0	0	0.0	3529.5374416124832	1	0	1.0	2.6938028427188296
22200.0	6000.0	3329.5374416124764	0.0	0	25.56533484821557	3529.5374416124832	1	0	1.0	2.6938028427188296
23200.0	6000.0	3329.537441612477	0.0	0	364.69056819183606	3529.5374416124832	1	0	1.0	2.6938028427188296
24200.0	6000.0	3329.537441612476	0.0	0	350.2221357183698	3529.537441612487	1	0	1.0	2.6938028427188287
25200.0	6000.0	3329.5374416124814	0.0	0	252.80607831321322	3529.537441612487	1	0	1.0	2.6938028427188287
26200.0	6000.0	3329.5374416124837	0.0	0	68.72873447159509	3529.537441612487	1	0	1.0	2.6938028427188287
27200.0	6000.0	3329.5374416124796	0.0	0	139.24866140672748	3529.537441612487	1	0	1.0	2.6938028427188287
28312.90313375798	6000.0	3216.634307854501	0.0	0	0.0	3529.5374416124905	1	0	1.0	2.6938028427188283
29419.323996587795	6000.0	3110.213445024687	0.0	0	0.0	3529.5374416124905	1	0	1.0	2.6938028427188283
30461.4834607567	6000.0	3068.053980855785	0.0	0	0.0	3529.5374416124905	1	0	1.0	2.6938028427188283
31200.0	6000.0	3329.5374416124814	0.0	0	130.03756679798607	3529.5374416124905	1	0	1.0	2.6938028427188283
32200.0	6000.0	3329.5374416124823	0.0	0	71.326552370032	3529.5374416124905	1	0	1.0	2.6938028427188283
33595.692945150775	6000.0	2933.8444964617133	0.0	0	0.0	3529.537441612498	1	0	1.0	2.693802842718827
34461.64698796803	6000.0	3067.8904536444643	0.0	0	0.0	3529.5374416125014	1	0	1.0	2.6938028427188248
35200.0	6000.0	3329.537441612487	0.0	0	109.13716693348397	3529.537441612498	1	0	1.0	2.6938028427188243
36394.26456124832	6000.0	3135.2728803641794	0.0	0	0.0	3529.537441612505	1	0	1.0	2.693802842718825
37536.1055459428	6000.0	2993.4318956696998	0.0	0	0.0	3529.537441612505	1	0	1.0	2.693802842718824
38377.16804646851	6000.0	3152.3693951439886	0.0	0	0.0	3529.537441612505	1	0	1.0	2.693802842718824
39503.83278038483	6000.0	3025.704661227671	0.0	0	0.0	3529.537441612505	1	0	1.0	2.693802842718824
40374.52152414769	6000.0	3155.015917464813	0.0	0	0.0	3529.5374416125123	1	0	1.0	2.6938028427188216
41706.39470175219	6000.0	2823.1427398603073	0.0	0	0.0	3529.5374416125123	1	0	1.0	2.6938028427188216
42893.641438399005	6000.0	2635.8960032134896	0.0	0	0.0	3529.5374416125123	1	0	1.0	2.6938028427188216
44203.234650393984	6000.0	2326.3027912185153	0.0	0	0.0	3529.5374416125123	1	0	1.0	2.6938028427188216
45032.05155272391	6000.0	2497.485888888584	0.0	0	0.0	3529.5374416125123	1	0	1.0	2.6938028427188216
46202.49241386989	6000.0	2327.0450277425994	0.0	0	0.0	3529.5374416125123	1	0	1.0	2.6938028427188216
47116.316074055045	6000.0	2413.2213675574476	0.0	0	0.0	3529.5374416125123	1	0	1.0	2.6938028427188216
47744.85152625774	6000.0	2784.685915354749	0.0	0	0.0	3529.537441612505	1	0	1.0	2.693802842718824
48674.21038947563	6000.0	2855.327052136865	0.0	0	0.0	3529.537441612505	1	0	1.0	2.693802842718824
50099.89587002193	6000.0	2429.641571590577	0.0	0	0.0	3529.537441612505	1	0	1.0	2.693802842718824
51202.26679753555	6000.0	2327.2706440769553	0.0	0	0.0	3529.537441612498	1	0	1.0	2.693802842718826
52330.117460991	6000.0	2199.4199806215174	0.0	0	0.0	3529.537441612505	1	0	1.0	2.693802842718824
53916.380669809565	6000.0	1613.1567718029587	0.0	0	0.0	3529.537441612505	1	0	1.0	2.693802842718824
55054.27200603567	6000.0	1475.2654355768523	0.0	0	0.0	3529.537441612505	1	0	1.0	2.693802842718824
55690.87548117634	6000.0	1838.661960436182	0.0	0	0.0	3529.537441612505	1	0	1.0	2.693802842718824
56304.77447738364	6000.0	2224.7629642288857	0.0	0	0.0	3529.537441612505	1	0	1.0	2.693802842718824
57159.181434583035	6000.0	2370.3560070294793	0.0	0	0.0	3529.537441612505	1	0	1.0	2.693802842718824
57877.15919144681	6000.0	2652.3782501656983	0.0	0	0.0	3529.537441612505	1	0	1.0	2.693802842718824
58647.43704638232	6000.0	2882.1003952301853	0.0	0	0.0	3529.537441612505	1	0	1.0	2.693802842718824
59575.26208516522	6000.0	2954.2753564472914	0.0	0	0.0	3529.537441612498	1	0	1.0	2.693802842718826
60394.734717190106	6000.0	3134.802724422403	0.0	0	0.0	3529.537441612498	1	0	1.0	2.693802842718826
61200.0	6000.0	3329.5374416125055	0.0	0	42.79585316417797	3529.537441612498	1	0	1.0	2.693802842718826
62200.0	6000.0	3329.5374416125105	0.0	0	49.913043615328206	3529.537441612498	1	0	1.0	2.693802842718826
63377.11994802509	6000.0	3152.4174935874203	0.0	0	0.0	3529.537441612498	1	0	1.0	2.693802842718826
64492.47485718292	6000.0	3037.0625844295946	0.0	0	0.0	3529.537441612498	1	0	1.0	2.693802842718826
65501.97582284426	6000.0	3027.561618768255	0.0	0	0.0	3529.537441612498	1	0	1.0	2.693802842718826
66639.89150532524	6000.0	2889.645936287272	0.0	0	0.0	3529.537441612498	1	0	1.0	2.693802842718826
67514.46200522844	6000.0	3015.075436384082	0.0	0	0.0	3529.5374416125123	1	0	1.0	2.6938028427188243
68501.58998308284	6000.0	3027.9474585296866	0.0	0	0.0	3529.5374416125123	1	0	1.0	2.693802842718822
69200.0	6000.0	3329.53744161254	0.0	0	36.08879708459426	3529.537441612527	1	0	1.0	2.693802842718819
70411.33456860985	6000.0	3118.202873002678	0.0	0	0.0	3529.5374416125123	1	0	1.0	2.6938028427188216
71484.29096311957	6000.0	3045.2464784929593	0.0	0	0.0	3529.5374416125123	1	0	1.0	2.6938028427188216
72628.88017223912	6000.0	2900.6572693734247	0.0	0	0.0	3529.5374416125123	1	0	1.0	2.6938028427188216
73567.32874363079	6000.0	2962.208697981755	0.0	0	0.0	3529.5374416125123	1	0	1.0	2.6938028427188216
74571.2683886859	6000.0	2958.269052926642	0.0	0	0.0	3529.537441612498	1	0	1.0	2.693802842718826
75473.88706428444	6000.0	3055.6503773280883	0.0	0	0.0	3529.5374416124832	1	0	1.0	2.6938028427188296
76335.17575058232	6000.0	3194.361691030192	0.0	0	0.0	3529.5374416124832	1	0	1.0	2.6938028427188296
77200.0	6000.0	3329.5374416125014	0.0	0	184.90283627576719	3529.5374416124832	1	0	1.0	2.6938028427188296
78339.29037203273	6000.0	3190.2470695797883	0.0	0	0.0	3529.5374416124832	1	0	1.0	2.6938028427188296
79200.0	6000.0	3329.5374416125283	0.0	0	135.54458239390806	3529.5374416124832	1	0	1.0	2.6938028427188296
80200.0	6000.0	3329.5374416125355	0.0	0	270.395898010378	3529.5374416124832	1	0	1.0	2.6938028427188296
81211.07965898897	6000.0	3318.4577826235627	0.0	0	0.0	3529.5374416124832	1	0	1.0	2.6938028427188296
82200.0	6000.0	3329.537441612541	0.0	0	49.84127843294118	3529.5374416124832	1	0	1.0	2.6938028427188296
83446.90886893852	6000.0	3082.6285726740102	0.0	0	0.0	3529.5374416124832	1	0	1.0	2.6938028427188296
84288.29806025195	6000.0	3241.239381360597	0.0	0	0.0	3529.5374416124832	1	0	1.0	2.6938028427188296
85200.0	6000.0	3329.5374416125505	0.0	0	38.74363645234553	3529.5374416124832	1	0	1.0	2.6938028427188296
86200.0	6000.0	3329.5374416125587	0.0	0	255.68619051607675	3529.5374416124832	1	0	1.0	2.6938028427188296
87200.0	6000.0	3329.537441612576	0.0	0	219.18639884061122	3529.5374416124832	1	0	1.0	2.6938028427188296
88470.94447401872	6000.0	3058.592967593853	0.0	0	0.0	3529.537441612498	1	0	1.0	2.693802842718826
89805.21413291756	6000.0	2724.323308695	0.0	0	0.0	3529.537441612498	1	0	1.0	2.693802842718826
91050.85257751192	6000.0	2478.684864100632	0.0	0	0.0	3529.5374416124832	1	0	1.0	2.6938028427188296
92326.1927338602	6000.0	2203.344707752346	0.0	0	0.0	3529.5374416124687	1	0	1.0	2.693802842718834
93327.0969703113	6000.0	2202.440471301253	0.0	0	0.0	3529.5374416124687	1	0	1.0	2.693802842718834
94923.33119583319	6000.0	1606.2062457793504	0.0	0	0.0	3529.5374416124687	1	0	1.0	2.693802842718834
96076.57639784024	6000.0	1452.961043772299	0.0	0	0.0	3529.5374416124687	1	0	1.0	2.693802842718834
97228.2026815154	6000.0	1301.334760097147	0.0	0	0.0	3529.5374416124687	1	0	1.0	2.693802842718834
98375.80553709873	6000.0	1153.7319045138224	0.0	0	0.0	3529.5374416124687	1	0	1.0	2.693802842718834
99206.15409911692	6000.0	1323.3833424956351	0.0	0	0.0	3529.5374416124687	1	0	1.0	2.693802842718834
100639.1648099542	6000.0	890.3726316583405	0.0	0	0.0	3529.537441612454	1	0	1.0	2.6938028427188385
101601.90572487617	6000.0	927.631716736375	0.0	0	0.0	3529.537441612454	1	0	1.0	2.6938028427188385
102676.47608149043	6000.0	853.0613601221254	0.0	0	0.0	3529.5374416124687	1	0	1.0	2.693802842718834
103666.78135146179	6000.0	862.7560901507777	0.0	0	0.0	3529.5374416124832	1	0	1.0	2.6938028427188296
104292.52364094372	6000.0	1237.0138006688435	0.0	0	0.0	3529.5374416124687	1	0	1.0	2.693802842718834
105157.61438575837	6000.0	1371.923055854183	0.0	0	0.0	3529.5374416124687	1	0	1.0	2.693802842718834
105772.62283322582	6000.0	1756.9146083867447	0.0	0	0.0	3529.5374416124832	1	0	1.0	2.6938028427188314
107079.87498916138	6000.0	1449.6624524511662	0.0	0	0.0	3529.5374416124687	1	0	1.0	2.693802842718834
108030.70900689722	6000.0	1498.8284347153337	0.0	0	0.0	3529.5374416124687	1	0	1.0	2.693802842718834
109449.32237388306	6000.0	1080.215067729504	0.0	0	0.0	3529.5374416124687	1	0	1.0	2.693802842718834
110793.14581890956	6000.0	736.3916227030107	0.0	0	0.0	3529.5374416124687	1	0	1.0	2.693802842718834
111439.88702312934	3000.0	1089.650418483221	0.0	0	0.0	3529.5374416124687	1	0	1.0	1.3075084815989446
112177.14913140185	3000.0	1352.3883102107186	0.0	0	0.0	3529.5374416124687	1	0	1.0	2.0006556621588896
113079.13118862285	3000.0	1450.4062529897142	0.0	0	0.0	3529.5374416124687	1	0	1.0	2.0006556621588896
113718.15083889925	3000.0	1811.3866027133151	0.0	0	0.0	3529.5374416124687	1	0	1.0	2.0006556621588896
114289.06331145663	3000.0	2240.4741301559343	0.0	0	0.0	3529.5374416124687	1	0	1.0	2.0006556621588896
115337.25752602667	6000.0	2192.2799155858775	0.0	0	0.0	3529.537441612454	1	0	1.0	2.000655662158894
116414.29655087604	6000.0	2115.240890736505	0.0	0	0.0	3529.537441612454	1	0	1.0	2.6938028427188385
117616.0260169083	6000.0	1913.5114247042338	0.0	0	0.0	3529.537441612454	1	0	1.0	2.6938028427188385
119085.19075445656	6000.0	1444.346687155971	0.0	0	0.0	3529.537441612454	1	0	1.0	2.6938028427188385
119876.81081660636	6000.0	1652.7266250061507	0.0	0	0.0	3529.537441612454	1	0	1.0	2.6938028427188385
120465.89156846867	6000.0	2063.645873143835	0.0	0	0.0	3529.537441612454	1	0	1.0	2.6938028427188385
121099.16735727887	6000.0	2430.3700843336114	0.0	0	0.0	3529.537441612454	1	0	1.0	2.6938028427188385
121626.88694504267	6000.0	2902.650496569822	0.0	0	0.0	3529.537441612454	1	0	1.0	2.6938028427188385
122532.55435245103	6000.0	2996.983089161471	0.0	0	0.0	3529.5374416124396	1	0	1.0	2.6938028427188425
123684.41418999979	6000.0	2845.1232516127207	0.0	0	0.0	3529.537441612454	1	0	1.0	2.6938028427188385
124755.95171891607	6000.0	2773.5857226964285	0.0	0	0.0	3529.537441612454	1	0	1.0	2.6938028427188385
125828.8098173651	6000.0	2700.7276242473854	0.0	0	0.0	3529.537441612454	1	0	1.0	2.6938028427188385
126816.59803073163	6000.0	2712.9394108808347	0.0	0	0.0	3529.537441612454	1	0	1.0	2.6938028427188385
127750.76932409253	6000.0	2778.768117519931	0.0	0	0.0	3529.537441612454	1	0	1.0	2.6938028427188385
128557.66778637255	6000.0	2971.8696552398915	0.0	0	0.0	3529.537441612454	1	0	1.0	2.6938028427188385
129594.28099129681	6000.0	2935.256450315639	0.0	0	0.0	3529.537441612454	1	0	1.0	2.6938028427188385
130200.0	6000.0	3329.5374416124473	0.0	0	91.25491343124304	3529.537441612454	1	0	1.0	2.6938028427188385
131215.12232678465	6000.0	3314.4151148277724	0.0	0	0.0	3529.5374416124396	1	0	1.0	2.6938028427188403
132200.0	6000.0	3329.537441612434	0.0	0	82.80676636335556	3529.537441612454	1	0	1.0	2.693802842718842
133200.0	6000.0	3329.5374416124378	0.0	0	302.6052638044639	3529.537441612454	1	0	1.0	2.693802842718834
134571.280457737	6000.0	2958.256983875421	0.0	0	0.0	3529.5374416124396	1	0	1.0	2.6938028427188416
135672.69291169223	6000.0	2856.8445299202363	0.0	0	0.0	3529.537441612454	1	0	1.0	2.6938028427188385
136656.67008316383	6000.0	2872.867358448626	0.0	0	0.0	3529.537441612425	1	0	1.0	2.6938028427188465
137536.64822338606	6000.0	2992.889218226398	0.0	0	0.0	3529.537441612425	1	0	1.0	2.6938028427188465
138735.40838584126	6000.0	2794.129055771199	0.0	0	0.0	3529.537441612425	1	0	1.0	2.6938028427188465
139493.20315956164	6000.0	3036.334282050801	0.0	0	0.0	3529.537441612425	1	0	1.0	2.6938028427188465
140200.0	6000.0	3329.537441612443	0.0	0	61.396588177012745	3529.537441612396	1	0	1.0	2.6938028427188554
141200.0	6000.0	3329.5374416124428	0.0	0	23.370527281746035	3529.537441612396	1	0	1.0	2.6938028427188554
142200.0	6000.0	3329.5374416124323	0.0	0	110.8605296992464	3529.537441612367	1	0	1.0	2.693802842718864
143397.74030972252	6000.0	3131.797131889901	0.0	0	0.0	3529.5374416123377	1	0	1.0	2.6938028427188723
144990.25971527488	6000.0	2539.2777263375383	0.0	0	0.0	3529.5374416123377	1	0	1.0	2.6938028427188723
145962.99408988154	6000.0	2566.543351730867	0.0	0	0.0	3529.5374416123377	1	0	1.0	2.6938028427188723
146906.87536018935	6000.0	2622.662081423084	0.0	0	0.0	3529.5374416123377	1	0	1.0	2.6938028427188723
148200.2649302427	6000.0	2329.272511369725	0.0	0	0.0	3529.5374416123086	1	0	1.0	2.6938028427188803
149748.2160254564	6000.0	1781.3214161559965	0.0	0	0.0	3529.5374416123086	1	0	1.0	2.6938028427188803
150850.8769647416	6000.0	1678.6604768708573	0.0	0	0.0	3529.5374416123086	1	0	1.0	2.6938028427188803
151475.5362394843	6000.0	2054.001202128168	0.0	0	0.0	3529.5374416123086	1	0	1.0	2.6938028427188803
152069.40553843416	6000.0	2460.1319031783146	0.0	0	0.0	3529.5374416123086	1	0	1.0	2.6938028427188803
153163.57159876134	6000.0	2365.9658428511702	0.0	0	0.0	3529.5374416123377	1	0	1.0	2.6938028427188723
153970.14268985463	6000.0	2559.3947517578576	0.0	0	0.0	3529.5374416123377	1	0	1.0	2.6938028427188723
155051.41309333884	6000.0	2478.1243482736636	0.0	0	0.0	3529.5374416123377	1	0	1.0	2.6938028427188723
156366.97947930632	6000.0	2162.557962306173	0.0	0	0.0	3529.5374416123377	1	0	1.0	2.6938028427188723
157502.23082476162	6000.0	2027.3066168508615	0.0	0	0.0	3529.5374416123377	1	0	1.0	2.6938028427188723
158339.38226230405	6000.0	2190.1551793084786	0.0	0	0.0	3529.537441612367	1	0	1.0	2.6938028427188674
159550.6255903086	6000.0	1978.9118513039346	0.0	0	0.0	3529.537441612367	1	0	1.0	2.693802842718864
160447.1626734091	6000.0	2082.374768203449	0.0	0	0.0	3529.537441612367	1	0	1.0	2.693802842718864
161285.8435138941	6000.0	2243.693927718452	0.0	0	0.0	3529.537441612367	1	0	1.0	2.693802842718864
161859.4115128339	6000.0	2670.1259287786615	0.0	0	0.0	3529.537441612367	1	0	1.0	2.693802842718864
162928.7658820192	6000.0	2600.7715595934114	0.0	0	0.0	3529.537441612367	1	0	1.0	2.693802842718864
163912.04935239535	6000.0	2617.4880892172614	0.0	0	0.0	3529.5374416123377	1	0	1.0	2.6938028427188723
165110.88275914072	6000.0	2418.6546824718935	0.0	0	0.0	3529.537441612367	1	0	1.0	2.693802842718864
165730.1655166608	6000.0	2799.371924951785	0.0	0	0.0	3529.537441612367	1	0	1.0	2.693802842718864
166553.57429795954	6000.0	2975.963143653059	0.0	0	0.0	3529.537441612367	1	0	1.0	2.693802842718864
167705.49680926366	6000.0	2824.0406323489524	0.0	0	0.0	3529.537441612367	1	0	1.0	2.693802842718864
168748.99461611532	6000.0	2780.5428254972826	0.0	0	0.0	3529.537441612367	1	0	1.0	2.693802842718864
169791.03115519678	6000.0	2738.506286415809	0.0	0	0.0	3529.5374416123377	1	0	1.0	2.6938028427188723
170522.85734311718	6000.0	3006.680098495423	0.0	0	0.0	3529.537441612367	1	0	1.0	2.693802842718864
171250.0974777089	6000.0	3279.4399639036765	0.0	0	0.0	3529.537441612367	1	0	1.0	2.693802842718864
172200.0	6000.0	3329.5374416125965	0.0	0	254.87648879736662	3529.537441612396	1	0	1.0	2.6938028427188554
173200.0	6000.0	3329.537441612598	0.0	0	264.405168104975	3529.537441612367	1	0	1.0	2.693802842718864
174200.0	6000.0	3329.5374416126133	0.0	0	400.8346755792736	3529.537441612367	1	0	1.0	2.693802842718864
175747.79892582056	6000.0	2781.7385157920353	0.0	0	0.0	3529.5374416123377	1	0	1.0	2.6938028427188705
176750.76375896277	6000.0	2778.773682649806	0.0	0	0.0	3529.5374416123377	1	0	1.0	2.6938028427188723
178006.56546779038	6000.0	2522.971973822183	0.0	0	0.0	3529.5374416123377	1	0	1.0	2.6938028427188723
178957.80396086682	6000.0	2571.7334807457737	0.0	0	0.0	3529.5374416123377	1	0	1.0	2.6938028427188723
179522.9087157127	6000.0	3006.628725899855	0.0	0	0.0	3529.5374416123086	1	0	1.0	2.6938028427188803
180391.1179725395	6000.0	3138.419469073038	0.0	0	0.0	3529.5374416123377	1	0	1.0	2.693802842718876
181200.0	6000.0	3329.537441612534	0.0	0	156.95912124909228	3529.5374416123086	1	0	1.0	2.6938028427188803
182352.5642527628	6000.0	3176.973188849752	0.0	0	0.0	3529.5374416122795	1	0	1.0	2.6938028427188887
183200.0	6000.0	3329.5374416125687	0.0	0	23.308687630458735	3529.5374416123086	1	0	1.0	2.693802842718887
184200.0	6000.0	3329.5374416125187	0.0	0	245.79333316750126	3529.5374416122795	1	0	1.0	2.6938028427188887
185200.0	6000.0	3329.5374416125724	0.0	0	156.8597808307677	3529.5374416122795	1	0	1.0	2.6938028427188887
186200.0	6000.0	3329.5374416125665	0.0	0	35.7597947549948	3529.5374416122795	1	0	1.0	2.6938028427188887
187480.21012295957	6000.0	3049.3273186529773	0.0	0	0.0	3529.5374416122795	1	0	1.0	2.6938028427188887
188228.94902868939	6000.0	3300.58841292314	0.0	0	0.0	3529.5374416122795	1	0	1.0	2.6938028427188887
189200.0	6000.0	3329.537441612525	0.0	0	2.3955861192080192	3529.5374416122795	1	0	1.0	2.6938028427188887
190546.9274787186	6000.0	2982.6099628939337	0.0	0	0.0	3529.5374416122795	1	0	1.0	2.6938028427188887
191624.6970241658	6000.0	2904.840417446744	0.0	0	0.0	3529.5374416123086	1	0	1.0	2.6938028427188803
192579.89863575556	6000.0	2949.6388058569946	0.0	0	0.0	3529.5374416123086	1	0	1.0	2.6938028427188803
193342.84169263605	6000.0	3186.695748976481	0.0	0	0.0	3529.5374416123086	1	0	1.0	2.6938028427188803
194271.56310985406	6000.0	3257.974331758428	0.0	0	0.0	3529.5374416123086	1	0	1.0	2.6938028427188803
195278.70001080062	6000.0	3250.8374308118705	0.0	0	0.0	3529.5374416122795	1	0	1.0	2.693802842718885
196205.16779491297	6000.0	3324.369646699504	0.0	0	0.0	3529.5374416122795	1	0	1.0	2.6938028427188887
197200.0	6000.0	3329.5374416125132	0.0	0	61.62471079750685	3529.5374416123086	1	0	1.0	2.6938028427188803
198670.10204396126	6000.0	2859.4353976512148	0.0	0	0.0	3529.5374416122795	1	0	1.0	2.6938028427188887
199537.87750114567	6000.0	2991.659940466821	0.0	0	0.0	3529.5374416123086	1	0	1.0	2.6938028427188803
200636.61893756743	6000.0	2892.9185040450425	0.0	0	0.0	3529.5374416122795	1	0	1.0	2.6938028427188887
202200.7959969103	6000.0	2328.7414447022065	0.0	0	0.0	3529.5374416122795	1	0	1.0	2.6938028427188887
203055.91189447208	6000.0	2473.625547140435	0.0	0	0.0	3529.5374416122795	1	0	1.0	2.6938028427188887
203904.25876978989	6000.0	2625.27867182263	0.0	0	0.0	3529.5374416122795	1	0	1.0	2.6938028427188887
204964.80951431423	6000.0	2564.7279272982855	0.0	0	0.0	3529.5374416122504	1	0	1.0	2.693802842718897
205690.7644668557	6000.0	2838.772974756835	0.0	0	0.0	3529.5374416122504	1	0	1.0	2.693802842718897
206596.22204334993	6000.0	2933.315398262617	0.0	0	0.0	3529.5374416122213	1	0	1.0	2.693802842718905
207200.0	6000.0	3329.537441612544	0.0	0	2.877120801102137	3529.5374416122213	1	0	1.0	2.693802842718905
208200.0	6000.0	3329.537441612557	0.0	0	284.90292562230024	3529.5374416122504	1	0	1.0	2.693802842718897
209200.0	6000.0	3329.5374416125674	0.0	0	262.98971333183	3529.5374416122504	1	0	1.0	2.693802842718897
210200.0	6000.0	3329.53744161256	0.0	0	450.20873968995875	3529.5374416122504	1	0	1.0	2.693802842718897
211200.0	6000.0	3329.5374416125396	0.0	0	248.2039762371569	3529.5374416122504	1	0	1.0	2.693802842718904
212200.0	6000.0	3329.537441612578	0.0	0	45.68521693343064	3529.5374416122504	1	0	1.0	2.693802842718897
213352.25337607914	6000.0	3177.2840655334567	0.0	0	0.0	3529.5374416122504	1	0	1.0	2.693802842718897
214200.0	6000.0	3329.5374416125896	0.0	0	189.82579145292402	3529.5374416122504	1	0	1.0	2.693802842718897
215974.56960485803	6000.0	2554.9678367545553	0.0	0	0.0	3529.5374416122504	1	0	1.0	2.693802842718897
216992.05484585985	6000.0	2537.4825957527496	0.0	0	0.0	3529.5374416122213	1	0	1.0	2.693802842718905
217959.3596120774	6000.0	2570.1778295352383	0.0	0	0.0	3529.5374416122213	1	0	1.0	2.693802842718905
218800.97616216048	6000.0	2728.561279452124	0.0	0	0.0	3529.537441612192	1	0	1.0	2.6938028427189136
220024.78344619722	6000.0	2504.7539954153835	0.0	0	0.0	3529.537441612192	1	0	1.0	2.6938028427189136
221393.94872694084	6000.0	2135.5887146717123	0.0	0	0.0	3529.537441612163	1	0	1.0	2.693802842718917
222650.3689627559	6000.0	1879.1684788566474	0.0	0	0.0	3529.537441612163	1	0	1.0	2.693802842718922
223817.14269011718	6000.0	1712.3947514953377	0.0	0	0.0	3529.537441612163	1	0	1.0	2.693802842718922
225326.08268019473	6000.0	1203.4547614178123	0.0	0	0.0	3529.537441612163	1	0	1.0	2.693802842718922
226121.80574508745	6000.0	1407.7316965250989	0.0	0	0.0	3529.537441612134	1	0	1.0	2.693802842718924
226884.98122144738	6000.0	1644.5562201651728	0.0	0	0.0	3529.537441612134	1	0	1.0	2.6938028427189304
227830.78361368255	6000.0	1698.7538279299927	0.0	0	0.0	3529.537441612134	1	0	1.0	2.6938028427189304
228519.7351364935	6000.0	2009.8023051190523	0.0	0	0.0	3529.537441612134	1	0	1.0	2.6938028427189304
229503.91809773294	6000.0	2025.619343879562	0.0	0	0.0	3529.537441612105	1	0	1.0	2.6938028427189353
230180.45477157814	6000.0	2349.0826700344087	0.0	0	0.0	3529.537441612105	1	0	1.0	2.693802842718939
230894.83301553386	6000.0	2634.704426078692	0.0	0	0.0	3529.537441612105	1	0	1.0	2.693802842718939
232211.86310394504	6000.0	2317.6743376675217	0.0	0	0.0	3529.537441612105	1	0	1.0	2.693802842718939
232941.3054776218	6000.0	2588.2319639907546	0.0	0	0.0	3529.537441612105	1	0	1.0	2.693802842718939
233870.59821386705	6000.0	2658.939227745512	0.0	0	0.0	3529.537441612134	1	0	1.0	2.6938028427189304
234685.0649143435	6000.0	2844.472527269052	0.0	0	0.0	3529.537441612105	1	0	1.0	2.693802842718939
235317.24886096996	6000.0	3212.2885806425998	0.0	0	0.0	3529.537441612076	1	0	1.0	2.6938028427189478
236200.0	6000.0	3329.537441612575	0.0	0	283.37402565032244	3529.537441612076	1	0	1.0	2.6938028427189478
237200.0	6000.0	3329.5374416125733	0.0	0	239.4559289831668	3529.537441612076	1	0	1.0	2.6938028427189478
238288.4148222024	6000.0	3241.1226194101764	0.0	0	0.0	3529.537441612076	1	0	1.0	2.6938028427189478
239200.0	6000.0	3329.537441612594	0.0	0	302.06491345446557	3529.537441612076	1	0	1.0	2.6938028427189478
240537.43427168898	6000.0	2992.1031699236264	0.0	0	0.0	3529.537441612076	1	0	1.0	2.6938028427189478
241864.55525666315	6000.0	2664.9821849494815	0.0	0	0.0	3529.537441612076	1	0	1.0	2.6938028427189478
242957.21925366044	6000.0	2572.318187952213	0.0	0	0.0	3529.537441612105	1	0	1.0	2.693802842718939
244576.20421240703	6000.0	1953.333229205639	0.0	0	0.0	3529.537441612134	1	0	1.0	2.693802842718934
245893.87278716807	6000.0	1635.664654444565	0.0	0	0.0	3529.537441612134	1	0	1.0	2.6938028427189304
246710.43191811774	6000.0	1819.1055234949054	0.0	0	0.0	3529.537441612105	1	0	1.0	2.693802842718939
247389.9514262114	6000.0	2139.586015401247	0.0	0	0.0	3529.537441612134	1	0	1.0	2.6938028427189322
248248.27361114076	6000.0	2281.2638304718953	0.0	0	0.0	3529.537441612134	1	0	1.0	2.6938028427189304
249528.61182802048	6000.0	2000.9256135921573	0.0	0	0.0	3529.537441612163	1	0	1.0	2.693802842718922
250355.81774397552	6000.0	2173.719697637146	0.0	0	0.0	3529.537441612192	1	0	1.0	2.6938028427189167
251385.49341834287	6000.0	2144.0440232698156	0.0	0	0.0	3529.537441612192	1	0	1.0	2.6938028427189136
252374.44972985133	6000.0	2155.0877117613886	0.0	0	0.0	3529.5374416122213	1	0	1.0	2.6938028427189087
253252.7210244017	6000.0	2276.816417211032	0.0	0	0.0	3529.5374416122213	1	0	1.0	2.693802842718905
253931.28717046283	6000.0	2598.250271149882	0.0	0	0.0	3529.5374416122213	1	0	1.0	2.693802842718905
254575.5285374728	6000.0	2954.0089041399133	0.0	0	0.0	3529.537441612192	1	0	1.0	2.6938028427189136
255709.71987569286	6000.0	2819.8175659198673	0.0	0	0.0	3529.5374416122213	1	0	1.0	2.693802842718907
257056.39127946307	6000.0	2473.146162149675	0.0	0	0.0	3529.5374416122213	1	0	1.0	2.693802842718905
258539.97842742168	6000.0	1989.5590141910702	0.0	0	0.0	3529.5374416122213	1	0	1.0	2.693802842718905
259685.35372087744	6000.0	1844.1837207353283	0.0	0	0.0	3529.5374416122213	1	0	1.0	2.693802842718905
261177.1766163221	6000.0	1352.3608252906777	0.0	0	0.0	3529.537441612192	1	0	1.0	2.6938028427189136
262044.75825517857	3000.0	1484.7791864341991	0.0	0	0.0	3529.537441612192	1	0	1.0	1.3075084815990239
262528.93653434643	3000.0	2000.6009072663462	0.0	0	0.0	3529.537441612163	1	0	1.0	2.0006556621589735
262971.1500880402	3000.0	2558.387353572598	0.0	0	0.0	3529.537441612192	1	0	1.0	2.000655662158964
263345.19234585506	3000.0	3184.345095757697	0.0	0	0.0	3529.537441612163	1	0	1.0	2.000655662158972
264200.0	6000.0	3329.5374416127675	0.0	0	249.45574250945356	3529.537441612192	1	0	1.0	2.000655662158972
265420.5003073418	6000.0	3109.0371342709623	0.0	0	0.0	3529.537441612163	1	0	1.0	2.6938028427189202
266341.8117383125	6000.0	3187.7257033002934	0.0	0	0.0	3529.537441612105	1	0	1.0	2.693802842718939
267291.2593507864	6000.0	3238.2780908263067	0.0	0	0.0	3529.537441612105	1	0	1.0	2.693802842718939
268274.7982675625	6000.0	3254.739174050152	0.0	0	0.0	3529.537441612105	1	0	1.0	2.693802842718939
269200.0	6000.0	3329.537441612682	0.0	0	108.80002464435529	3529.537441612163	1	0	1.0	2.6938028427189353
270200.0	6000.0	3329.5374416126224	0.0	0	12.354782733600587	3529.537441612163	1	0	1.0	2.693802842718922
271200.0	6000.0	3329.5374416127015	0.0	0	119.10533329972532	3529.5374416122213	1	0	1.0	2.693802842718905
272200.0	6000.0	3329.5374416126724	0.0	0	228.53922214801423	3529.5374416122213	1	0	1.0	2.693802842718905
273340.43259059155	6000.0	3189.10485102108	0.0	0	0.0	3529.5374416122213	1	0	1.0	2.693802842718905
274200.0	6000.0	3329.5374416126588	0.0	0	95.65884723199997	3529.5374416122795	1	0	1.0	2.693802842718902
275433.43321148725	6000.0	3096.1042301253474	0.0	0	0.0	3529.5374416122795	1	0	1.0	2.6938028427188887
276200.0	6000.0	3329.5374416126024	0.0	0	91.35360251530074	3529.5374416123377	1	0	1.0	2.6938028427188856
277200.0	6000.0	3329.537441612531	0.0	0	138.34890023700427	3529.5374416123377	1	0	1.0	2.6938028427188723
278200.0	6000.0	3329.537441612546	0.0	0	236.95716552512022	3529.5374416123377	1	0	1.0	2.6938028427188723
279200.0	6000.0	3329.537441612583	0.0	0	378.8559549099882	3529.5374416123377	1	0	1.0	2.6938028427188723
280200.0	6000.0	3329.5374416125924	0.0	0	425.41714967240114	3529.5374416123377	1	0	1.0	2.6938028427188723
281200.0	6000.0	3329.5374416126106	0.0	0	53.054837893520016	3529.537441612396	1	0	1.0	2.6938028427188554
282200.0	6000.0	3329.5374416125387	0.0	0	337.8214106640662	3529.537441612454	1	0	1.0	2.6938028427188385
283200.0	6000.0	3329.5374416124446	0.0	0	103.89464996586321	3529.537441612454	1	0	1.0	2.6938028427188385
284200.0	6000.0	3329.5374416124937	0.0	0	16.904854114050977	3529.5374416125123	1	0	1.0	2.693802842718832
285200.0	6000.0	3329.5374416125255	0.0	0	280.82419808302075	3529.5374416125705	1	0	1.0	2.693802842718818
286200.0	6000.0	3329.537441612553	0.0	0	372.13989324553404	3529.5374416125705	1	0	1.0	2.6938028427188048
287470.03271056374	6000.0	3059.504731048727	0.0	0	0.0	3529.5374416125705	1	0	1.0	2.6938028427188048
288348.97877548105	6000.0	3180.5586661313673	0.0	0	0.0	3529.5374416125123	1	0	1.0	2.693802842718815
289358.40006968024	6000.0	3171.137371932148	0.0	0	0.0	3529.537441612454	1	0	1.0	2.6938028427188385
290327.0952756275	6000.0	3202.4421659849395	0.0	0	0.0	3529.537441612454	1	0	1.0	2.6938028427188385
291275.03705387464	6000.0	3254.5003877378053	0.0	0	0.0	3529.537441612396	1	0	1.0	2.6938028427188456
292669.5771930267	6000.0	2859.9602485857267	0.0	0	0.0	3529.537441612396	1	0	1.0	2.6938028427188554
293842.8267951999	6000.0	2686.7106464125213	0.0	0	0.0	3529.537441612396	1	0	1.0	2.6938028427188554
294765.62547238445	6000.0	2763.9119692279633	0.0	0	0.0	3529.5374416123377	1	0	1.0	2.6938028427188723
295896.98169098306	6000.0	2632.555750629327	0.0	0	0.0	3529.5374416122795	1	0	1.0	2.6938028427188887
297293.8296768141	6000.0	2235.707764798275	0.0	0	0.0	3529.5374416122213	1	0	1.0	2.693802842718892
298810.953409757	6000.0	1718.5840318553378	0.0	0	0.0	3529.5374416122213	1	0	1.0	2.693802842718905
300065.1918838323	6000.0	1464.3455577800419	0.0	0	0.0	3529.5374416122213	1	0	1.0	2.693802842718905
301119.9901325453	6000.0	1409.5473090669905	0.0	0	0.0	3529.537441612163	1	0	1.0	2.693802842718922
302189.7667180853	6000.0	1339.7707235270996	0.0	0	0.0	3529.537441612163	1	0	1.0	2.693802842718922
6.402585365853659	7.074585365853658	6.246585365853658	5.862585365853659	5.202585365853659	7.746585365853658	6.594585365853658	6.054585365853659	9.04258536585366	10.338585365853659	3.5825853658536584	5.118585365853659	6.306585365853659	8.046585365853659	6.954585365853659	6.978585365853658	6.858585365853659	7.722585365853659	6.138585365853658	7.326585365853658	8.658585365853659	8.562585365853659	4.890585365853658	5.682585365853658	4.638585365853658	6.918585365853659	6.042585365853658	9.366585365853659	7.2185853658536585	4.254585365853659	7.590585365853658	9.006585365853658	6.6785853658536585	6.774585365853659	4.914585365853659	6.342585365853658	5.430585365853658	4.878585365853659	6.222585365853659	6.570585365853659	5.606	8.522	4.670000000000001	8.725999999999999	7.886000000000001	4.61	5.882000000000001	6.782000000000001	7.574000000000001	3.8900000000000006	5.918	6.962	7.586	6.914	9.578000000000001	6.770000000000001	6.23	9.698	7.418	5.522000000000001	6.122000000000001	7.082000000000001	3.0500000000000003	5.654	5.714	6.8420000000000005	6.23	4.766	5.246	5.3420000000000005	6.086	6.674000000000001	4.298	7.214	7.106	6.542000000000001	8.870000000000001	7.274000000000001	6.470000000000001	5.438000000000001	6.674000000000001	7.502000000000001	7.8500000000000005	9.01	7.46	4.39	7.89	6.16	3.08	6.36	5.6	4.44	4.68	5.07	6.37	7.38	5.66	5.72	6.27	7.16	6.72	9.1	7.88	5.44	4.97	4.93	5.61	5.15	4.03	4.37	5.42	7.63	5.46	5.03	4.75	5.38	6.59	8.21	9.05	7.6	6.46	7.1	5.48	7.85	5.81984	6.81584	9.20384	8.09984	7.41584	9.61184	5.87984	4.52384	8.27984	7.88384	5.97584	7.1158399999999995	8.30384	5.51984	7.66784	7.27184	4.15184	5.65184	6.2518400000000005	6.6958400000000005	6.04784	4.10384	5.44784	6.46784	7.81184	5.466585365853659	6.402585365853659	7.074585365853658	6.246585365853658	5.862585365853659	5.202585365853659	7.746585365853658	6.594585365853658	6.054585365853659	9.04258536585366	10.338585365853659	3.5825853658536584	5.118585365853659	6.306585365853659	8.046585365853659	6.954585365853659	6.978585365853658	6.858585365853659	7.722585365853659	6.138585365853658	7.326585365853658	8.658585365853659	8.562585365853659	4.890585365853658	5.682585365853658	4.638585365853658	6.918585365853659	6.042585365853658	9.366585365853659	7.2185853658536585	4.254585365853659	7.590585365853658	9.006585365853658	6.6785853658536585	6.774585365853659	4.914585365853659	6.342585365853658	5.430585365853658	4.878585365853659	6.222585365853659	6.570585365853659	5.606	8.522	4.670000000000001	8.725999999999999	7.886000000000001	4.61	5.882000000000001	6.782000000000001	7.574000000000001	3.8900000000000006	5.918	6.962	7.586	6.914	9.578000000000001	6.770000000000001	6.23	9.698	7.418	5.522000000000001	6.122000000000001	7.082000000000001	3.0500000000000003	5.654	5.714	6.8420000000000005	6.23	4.766	5.246	5.3420000000000005	6.086	6.674000000000001	4.298	7.214	7.106	6.542000000000001	8.870000000000001	7.274000000000001	6.470000000000001	5.438000000000001	6.674000000000001	7.502000000000001	7.8500000000000005	9.01	7.46	4.39	7.89	6.16	3.08	6.36	5.6	4.44	4.68	5.07	6.37	7.38	5.66	5.72	6.27	7.16	6.72	9.1	7.88	5.44	4.97	4.93	5.61	5.15	4.03	4.37	5.42	7.63	5.46	5.03	4.75	5.38	6.59	8.21	9.05	7.6	6.46	7.1	5.48	7.85	5.81984	6.81584	9.20384	8.09984	7.41584	9.61184	5.87984	4.52384	8.27984	7.88384	5.97584	7.1158399999999995	8.30384	5.51984	7.66784	7.27184	4.15184	5.65184	6.2518400000000005	6.6958400000000005	6.04784	4.10384	5.44784	6.46784	7.81184	5.466585365853659	6.402585365853659	7.074585365853658	6.246585365853658
1.0	2.0	3.0	4.0	5.0	6.0	7.0	8.0	9.0	10.0	11.0	12.0	13.0	14.0	15.0	16.0	17.0	18.0	19.0	20.0	21.0	22.0	23.0	24.0	25.0	26.0	27.0	28.0	29.0	30.0	31.0	32.0	33.0	34.0	35.0	36.0	37.0	38.0	39.0	40.0	41.0	42.0	43.0	44.0	45.0	46.0	47.0	48.0	49.0	50.0	51.0	52.0	53.0	54.0	55.0	56.0	57.0	58.0	59.0	60.0	61.0	62.0	63.0	64.0	65.0	66.0	67.0	68.0	69.0	70.0	71.0	72.0	73.0	74.0	75.0	76.0	77.0	78.0	79.0	80.0	81.0	82.0	83.0	84.0	85.0	86.0	87.0	88.0	89.0	90.0	91.0	92.0	93.0	94.0	95.0	96.0	97.0	98.0	99.0	100.0	101.0	102.0	103.0	104.0	105.0	106.0	107.0	108.0	109.0	110.0	111.0	112.0	113.0	114.0	115.0	116.0	117.0	118.0	119.0	120.0	121.0	122.0	123.0	124.0	125.0	126.0	127.0	128.0	129.0	130.0	131.0	132.0	133.0	134.0	135.0	136.0	137.0	138.0	139.0	140.0	141.0	142.0	143.0	144.0	145.0	146.0	147.0	148.0	149.0	149.0	150.0	151.0	152.0	153.0	154.0	155.0	156.0	157.0	158.0	159.0	160.0	161.0	162.0	163.0	164.0	165.0	166.0	167.0	168.0	169.0	170.0	171.0	172.0	173.0	174.0	175.0	176.0	177.0	178.0	179.0	180.0	181.0	182.0	183.0	184.0	185.0	186.0	187.0	188.0	189.0	190.0	191.0	192.0	193.0	194.0	195.0	196.0	197.0	198.0	199.0	200.0	201.0	202.0	203.0	204.0	205.0	206.0	207.0	208.0	209.0	210.0	211.0	212.0	213.0	214.0	215.0	216.0	217.0	218.0	219.0	220.0	221.0	222.0	223.0	224.0	225.0	226.0	227.0	228.0	229.0	230.0	231.0	232.0	233.0	234.0	235.0	236.0	237.0	238.0	239.0	240.0	241.0	242.0	243.0	244.0	245.0	246.0	247.0	248.0	249.0	250.0	251.0	252.0	253.0	254.0	255.0	256.0	257.0	258.0	259.0	260.0	261.0	262.0	263.0	264.0	265.0	266.0	267.0	268.0	269.0	270.0	271.0	272.0	273.0	274.0	275.0	276.0	277.0	278.0	279.0	280.0	281.0	282.0	283.0	284.0	285.0	286.0	287.0	288.0	289.0	290.0	291.0	292.0	293.0	294.0	295.0	296.0	297.0	298.0	298.0	299.0	300.0	301.0
3090.9779890585833
