4475.09773186771	2000.0	2000.0	221.85121004427413	0	0.0	4475.09773186771	1	0	1.0	-2.0062128837590283
5094.7512327211125	6000.0	2380.3464991465967	0.0	0	0.0	4475.09773186771	1	0	1.0	1.1920473994553147
5785.078493727328	6000.0	2690.019238140381	0.0	0	0.0	4475.097731867709	1	0	1.0	2.2906596881234242
6469.5582372075505	6000.0	3005.539494660159	0.0	0	0.0	4475.097731867709	1	0	1.0	2.2906596881234247
7030.21803259203	6000.0	3444.87969927568	0.0	0	0.0	4475.09773186771	1	0	1.0	2.2906596881234247
7743.920266047991	6000.0	3731.1774658197173	0.0	0	0.0	4475.097731867709	1	0	1.0	2.2906596881234247
8497.5500961754	6000.0	3977.5476356923077	0.0	0	0.0	4475.097731867707	1	0	1.0	2.290659688123425
9200.0	6000.0	4275.097731867706	0.0	0	19.83088029425926	4475.097731867706	1	0	1.0	2.2906596881234256
10200.0	6000.0	4275.097731867704	0.0	0	418.287653882182	4475.097731867704	1	0	1.0	2.290659688123427
11200.0	6000.0	4275.097731867705	0.0	0	227.16914407305012	4475.097731867705	1	0	1.0	2.290659688123427
12200.0	6000.0	4275.097731867708	0.0	0	144.7802542155314	4475.097731867709	1	0	1.0	2.2906596881234256
13200.0	6000.0	4275.097731867707	0.0	0	178.0364166086074	4475.097731867707	1	0	1.0	2.2906596881234256
14200.0	6000.0	4275.097731867707	0.0	0	77.70434457261763	4475.097731867707	1	0	1.0	2.2906596881234256
15200.0	6000.0	4275.097731867709	0.0	0	91.12090438039013	4475.097731867709	1	0	1.0	2.2906596881234247
16200.0	6000.0	4275.097731867709	0.0	0	447.72856305046116	4475.097731867709	1	0	1.0	2.2906596881234247
17200.0	6000.0	4275.097731867713	0.0	0	202.97643519744452	4475.097731867714	1	0	1.0	2.2906596881234225
18200.0	6000.0	4275.097731867714	0.0	0	31.546585320054874	4475.097731867712	1	0	1.0	2.2906596881234234
19200.0	6000.0	4275.097731867709	0.0	0	439.06471388561476	4475.097731867707	1	0	1.0	2.2906596881234242
20200.0	6000.0	4275.097731867706	0.0	0	331.0738013700138	4475.097731867705	1	0	1.0	2.290659688123427
21200.0	6000.0	4275.097731867709	0.0	0	360.7639615899061	4475.097731867707	1	0	1.0	2.290659688123425
22200.0	6000.0	4275.097731867711	0.0	0	316.16051592593794	4475.097731867707	1	0	1.0	2.2906596881234256
23200.0	6000.0	4275.0977318677105	0.0	0	268.93156789506247	4475.097731867707	1	0	1.0	2.2906596881234256
24200.0	6000.0	4275.097731867707	0.0	0	548.6516095039951	4475.097731867707	1	0	1.0	2.2906596881234256
25200.0	6000.0	4275.097731867707	0.0	0	322.3426652270573	4475.097731867707	1	0	1.0	2.2906596881234256
26200.0	6000.0	4275.097731867709	0.0	0	412.8793118929898	4475.0977318677105	1	0	1.0	2.290659688123424
27200.0	6000.0	4275.097731867707	0.0	0	420.51838769779715	4475.0977318677105	1	0	1.0	2.290659688123424
28200.0	6000.0	4275.097731867705	0.0	0	196.50841481905445	4475.0977318677105	1	0	1.0	2.290659688123424
29200.0	6000.0	4275.097731867701	0.0	0	328.43608198321454	4475.0977318677105	1	0	1.0	2.290659688123424
30200.0	6000.0	4275.0977318677	0.0	0	435.33986330072	4475.0977318677105	1	0	1.0	2.290659688123424
31200.0	6000.0	4275.097731867698	0.0	0	174.87840722588953	4475.0977318677105	1	0	1.0	2.290659688123424
32200.0	6000.0	4275.097731867699	0.0	0	65.70716347356574	4475.0977318677105	1	0	1.0	2.290659688123424
33200.0	6000.0	4275.097731867701	0.0	0	530.8014404438254	4475.097731867714	1	0	1.0	2.290659688123423
34200.0	6000.0	4275.0977318677005	0.0	0	420.89175021262054	4475.0977318677105	1	0	1.0	2.290659688123424
35200.0	6000.0	4275.09773186769	0.0	0	388.13700587345375	4475.0977318677	1	0	1.0	2.290659688123427
36200.0	6000.0	4275.097731867685	0.0	0	464.76905707606056	4475.097731867696	1	0	1.0	2.290659688123432
37200.0	6000.0	4275.097731867681	0.0	0	212.03469914944435	4475.097731867692	1	0	1.0	2.2906596881234336
38200.0	6000.0	4275.097731867676	0.0	0	149.30474089756171	4475.097731867689	1	0	1.0	2.290659688123436
39200.0	6000.0	4275.0977318676705	0.0	0	211.19879310776741	4475.097731867689	1	0	1.0	2.290659688123436
40200.0	6000.0	4275.097731867673	0.0	0	461.45101765412255	4475.097731867689	1	0	1.0	2.290659688123436
41200.0	6000.0	4275.09773186767	0.0	0	151.86534859962558	4475.097731867689	1	0	1.0	2.290659688123436
42200.0	6000.0	4275.097731867674	0.0	0	119.61275873459817	4475.097731867681	1	0	1.0	2.2906596881234407
43200.0	6000.0	4275.097731867671	0.0	0	470.06722264359996	4475.097731867681	1	0	1.0	2.2906596881234407
44200.0	6000.0	4275.097731867674	0.0	0	141.29259620943049	4475.097731867681	1	0	1.0	2.2906596881234407
45200.0	6000.0	4275.097731867673	0.0	0	246.2235963598796	4475.097731867689	1	0	1.0	2.290659688123436
46200.0	6000.0	4275.097731867681	0.0	0	61.437505492598575	4475.097731867689	1	0	1.0	2.290659688123436
47200.0	6000.0	4275.097731867689	0.0	0	14.875380025092454	4475.097731867689	1	0	1.0	2.290659688123436
48200.0	6000.0	4275.097731867689	0.0	0	271.84565854948596	4475.097731867696	1	0	1.0	2.290659688123432
49200.0	6000.0	4275.097731867691	0.0	0	263.65171246750833	4475.097731867696	1	0	1.0	2.290659688123432
50200.0	6000.0	4275.097731867687	0.0	0	303.7400179359247	4475.097731867696	1	0	1.0	2.290659688123432
51200.0	6000.0	4275.097731867693	0.0	0	429.66067589918384	4475.097731867696	1	0	1.0	2.290659688123432
52200.0	6000.0	4275.09773186769	0.0	0	381.3168215553742	4475.097731867696	1	0	1.0	2.290659688123432
53200.0	6000.0	4275.097731867693	0.0	0	153.33306169384014	4475.097731867696	1	0	1.0	2.290659688123432
54200.0	6000.0	4275.097731867692	0.0	0	432.26945790359605	4475.097731867696	1	0	1.0	2.290659688123432
55200.0	6000.0	4275.097731867693	0.0	0	199.5961799612487	4475.097731867696	1	0	1.0	2.290659688123432
56200.0	6000.0	4275.097731867695	0.0	0	297.7672997771733	4475.097731867696	1	0	1.0	2.290659688123432
57343.828719538105	6000.0	4131.269012329588	0.0	0	0.0	4475.097731867689	1	0	1.0	2.2906596881234336
58415.96262085769	6000.0	4059.1351110099977	0.0	0	0.0	4475.097731867689	1	0	1.0	2.290659688123436
59200.0	6000.0	4275.0977318677	0.0	0	39.37742000078288	4475.097731867689	1	0	1.0	2.290659688123436
60200.0	6000.0	4275.097731867706	0.0	0	373.89637268301885	4475.097731867689	1	0	1.0	2.290659688123436
61200.0	6000.0	4275.097731867701	0.0	0	121.33651234439458	4475.097731867681	1	0	1.0	2.2906596881234407
62200.0	6000.0	4275.097731867702	0.0	0	220.84261848576716	4475.097731867689	1	0	1.0	2.290659688123436
63200.0	6000.0	4275.097731867706	0.0	0	26.48210305943212	4475.097731867681	1	0	1.0	2.2906596881234407
64303.626767944195	6000.0	4171.470963923504	0.0	0	0.0	4475.097731867681	1	0	1.0	2.2906596881234407
65200.0	6000.0	4275.0977318676905	0.0	0	100.45043968183018	4475.097731867674	1	0	1.0	2.2906596881234447
66200.0	6000.0	4275.097731867695	0.0	0	49.54053100779129	4475.097731867674	1	0	1.0	2.2906596881234447
67259.44768293887	6000.0	4215.6500489288155	0.0	0	0.0	4475.097731867667	1	0	1.0	2.2906596881234473
68200.0	6000.0	4275.0977318677	0.0	0	169.01916310614615	4475.097731867681	1	0	1.0	2.2906596881234433
69200.0	6000.0	4275.097731867692	0.0	0	183.4421386551403	4475.097731867667	1	0	1.0	2.2906596881234482
70200.0	6000.0	4275.0977318676905	0.0	0	386.22729004141	4475.097731867674	1	0	1.0	2.290659688123449
71200.0	6000.0	4275.097731867696	0.0	0	298.01367344358005	4475.097731867674	1	0	1.0	2.2906596881234447
72200.0	6000.0	4275.097731867704	0.0	0	407.96782890104805	4475.097731867674	1	0	1.0	2.2906596881234447
73200.0	6000.0	4275.097731867723	0.0	0	445.4942600011709	4475.097731867674	1	0	1.0	2.2906596881234447
74216.7238491578	6000.0	4258.373882709919	0.0	0	0.0	4475.097731867674	1	0	1.0	2.2906596881234447
75286.16771805398	6000.0	4188.930013813757	0.0	0	0.0	4475.097731867674	1	0	1.0	2.2906596881234447
76200.0	6000.0	4275.0977318677415	0.0	0	221.56295281313942	4475.097731867674	1	0	1.0	2.2906596881234447
77336.93914102858	6000.0	4138.158590839163	0.0	0	0.0	4475.097731867674	1	0	1.0	2.2906596881234447
78364.99336686573	6000.0	4110.104365002013	0.0	0	0.0	4475.097731867674	1	0	1.0	2.2906596881234447
79200.0	6000.0	4275.0977318677615	0.0	0	15.217329022227204	4475.097731867674	1	0	1.0	2.2906596881234447
80200.0	6000.0	4275.097731867771	0.0	0	494.9367866727407	4475.09773186766	1	0	1.0	2.2906596881234536
81200.0	6000.0	4275.0977318677615	0.0	0	337.4727026119217	4475.09773186766	1	0	1.0	2.2906596881234536
82200.0	6000.0	4275.09773186776	0.0	0	119.74440465326188	4475.09773186766	1	0	1.0	2.2906596881234536
83200.0	6000.0	4275.097731867755	0.0	0	281.7450738193729	4475.09773186766	1	0	1.0	2.2906596881234536
84200.0	6000.0	4275.097731867745	0.0	0	215.48607480851933	4475.097731867645	1	0	1.0	2.2906596881234615
85200.0	6000.0	4275.097731867747	0.0	0	222.983995739065	4475.097731867645	1	0	1.0	2.2906596881234615
86200.0	6000.0	4275.097731867728	0.0	0	285.36485704373627	4475.0977318676305	1	0	1.0	2.2906596881234704
87710.81587731994	6000.0	3764.2818545478035	0.0	0	0.0	4475.0977318676305	1	0	1.0	2.2906596881234704
88745.03962891678	6000.0	3730.0581029509526	0.0	0	0.0	4475.0977318676305	1	0	1.0	2.2906596881234704
89643.26482721913	6000.0	3831.832904648599	0.0	0	0.0	4475.0977318676305	1	0	1.0	2.2906596881234704
90732.41948271706	6000.0	3742.678249150682	0.0	0	0.0	4475.0977318676305	1	0	1.0	2.2906596881234704
91661.26400247158	6000.0	3813.8337293961436	0.0	0	0.0	4475.0977318676305	1	0	1.0	2.2906596881234704
92522.75594364855	6000.0	3952.3417882191875	0.0	0	0.0	4475.0977318676305	1	0	1.0	2.2906596881234704
93200.0	6000.0	4275.0977318677415	0.0	0	144.0185179963737	4475.0977318676305	1	0	1.0	2.2906596881234704
94200.0	6000.0	4275.097731867746	0.0	0	198.5990769127966	4475.0977318676305	1	0	1.0	2.2906596881234704
95200.0	6000.0	4275.097731867745	0.0	0	207.07161576361977	4475.0977318676305	1	0	1.0	2.2906596881234704
96200.0	6000.0	4275.09773186775	0.0	0	252.47443060349906	4475.097731867645	1	0	1.0	2.2906596881234615
97200.0	6000.0	4275.097731867754	0.0	0	85.18546094563499	4475.097731867645	1	0	1.0	2.2906596881234615
98200.0	6000.0	4275.097731867765	0.0	0	110.11681348456477	4475.097731867645	1	0	1.0	2.2906596881234615
99200.0	6000.0	4275.097731867764	0.0	0	357.01170683733653	4475.097731867645	1	0	1.0	2.2906596881234615
100200.0	6000.0	4275.097731867783	0.0	0	52.795023897109786	4475.097731867645	1	0	1.0	2.2906596881234615
101200.0	6000.0	4275.097731867789	0.0	0	100.81349067678093	4475.09773186766	1	0	1.0	2.2906596881234536
102200.0	6000.0	4275.097731867785	0.0	0	281.23330426857865	4475.097731867645	1	0	1.0	2.2906596881234615
103200.0	6000.0	4275.097731867786	0.0	0	381.2775739379722	4475.097731867645	1	0	1.0	2.2906596881234615
104224.70023153257	6000.0	4250.397500335224	0.0	0	0.0	4475.097731867645	1	0	1.0	2.2906596881234615
105200.0	6000.0	4275.097731867797	0.0	0	334.17032936758187	4475.097731867645	1	0	1.0	2.2906596881234615
106200.0	6000.0	4275.09773186779	0.0	0	39.55199865491886	4475.09773186766	1	0	1.0	2.2906596881234536
107200.0	6000.0	4275.097731867789	0.0	0	249.64878919467446	4475.09773186766	1	0	1.0	2.2906596881234536
108200.0	6000.0	4275.097731867774	0.0	0	272.9194255185139	4475.09773186766	1	0	1.0	2.2906596881234536
109200.0	6000.0	4275.097731867765	0.0	0	188.99663565124501	4475.09773186766	1	0	1.0	2.2906596881234536
110200.0	6000.0	4275.097731867757	0.0	0	21.929494789699675	4475.09773186766	1	0	1.0	2.2906596881234536
111200.0	6000.0	4275.097731867751	0.0	0	316.9997567310493	4475.09773186766	1	0	1.0	2.2906596881234536
112200.0	6000.0	4275.097731867757	0.0	0	231.74410783282656	4475.097731867645	1	0	1.0	2.2906596881234615
113221.85773608937	6000.0	4253.239995778387	0.0	0	0.0	4475.097731867645	1	0	1.0	2.2906596881234615
114200.0	6000.0	4275.097731867762	0.0	0	429.6103509759705	4475.097731867645	1	0	1.0	2.2906596881234615
115200.0	6000.0	4275.097731867769	0.0	0	115.35341350613453	4475.097731867645	1	0	1.0	2.2906596881234615
116200.0	6000.0	4275.09773186777	0.0	0	91.18863182260247	4475.097731867645	1	0	1.0	2.2906596881234615
117200.0	6000.0	4275.097731867756	0.0	0	182.81961247115396	4475.097731867645	1	0	1.0	2.2906596881234615
118200.0	6000.0	4275.097731867751	0.0	0	191.7423580884206	4475.097731867645	1	0	1.0	2.2906596881234615
119200.0	6000.0	4275.0977318677515	0.0	0	135.2337138732255	4475.097731867645	1	0	1.0	2.2906596881234615
120200.0	6000.0	4275.09773186776	0.0	0	345.7916980464943	4475.097731867645	1	0	1.0	2.2906596881234615
121200.0	6000.0	4275.097731867771	0.0	0	175.35011800313077	4475.097731867645	1	0	1.0	2.2906596881234615
122200.0	6000.0	4275.097731867773	0.0	0	115.97629898913146	4475.097731867645	1	0	1.0	2.2906596881234615
123200.0	6000.0	4275.097731867772	0.0	0	116.63692178521887	4475.09773186766	1	0	1.0	2.2906596881234536
124200.0	6000.0	4275.0977318677615	0.0	0	236.56794496827933	4475.09773186766	1	0	1.0	2.2906596881234536
125200.0	6000.0	4275.097731867748	0.0	0	86.32319184644439	4475.09773186766	1	0	1.0	2.2906596881234536
126200.0	6000.0	4275.0977318677515	0.0	0	199.6779971748183	4475.09773186766	1	0	1.0	2.2906596881234536
127200.0	6000.0	4275.097731867737	0.0	0	319.942406657472	4475.09773186766	1	0	1.0	2.2906596881234536
128200.0	6000.0	4275.097731867746	0.0	0	342.1305070359085	4475.09773186766	1	0	1.0	2.2906596881234536
129200.0	6000.0	4275.097731867746	0.0	0	227.99242060318647	4475.09773186766	1	0	1.0	2.2906596881234536
130200.0	6000.0	4275.097731867755	0.0	0	229.63637692880002	4475.09773186766	1	0	1.0	2.2906596881234536
131200.0	6000.0	4275.097731867736	0.0	0	405.1148064833542	4475.09773186766	1	0	1.0	2.2906596881234464
132200.0	6000.0	4275.097731867723	0.0	0	443.87791843988816	4475.097731867645	1	0	1.0	2.29065968812346
133200.0	6000.0	4275.097731867738	0.0	0	243.09786159996293	4475.09773186766	1	0	1.0	2.2906596881234536
134200.0	6000.0	4275.097731867753	0.0	0	321.232875443995	4475.097731867674	1	0	1.0	2.2906596881234482
135200.0	6000.0	4275.097731867762	0.0	0	423.9181024474092	4475.097731867674	1	0	1.0	2.290659688123443
136200.0	6000.0	4275.097731867765	0.0	0	199.53915762196993	4475.097731867689	1	0	1.0	2.290659688123436
137200.0	6000.0	4275.097731867788	0.0	0	152.9678312986507	4475.097731867689	1	0	1.0	2.290659688123436
138200.0	6000.0	4275.097731867754	0.0	0	198.25648330236436	4475.097731867689	1	0	1.0	2.290659688123436
139200.0	6000.0	4275.097731867774	0.0	0	405.44454926089384	4475.097731867718	1	0	1.0	2.2906596881234194
140200.0	6000.0	4275.097731867773	0.0	0	187.8970471380744	4475.097731867718	1	0	1.0	2.2906596881234194
141200.0	6000.0	4275.097731867797	0.0	0	430.947573996149	4475.097731867718	1	0	1.0	2.2906596881234194
142200.0	6000.0	4275.097731867795	0.0	0	494.9896099115431	4475.097731867689	1	0	1.0	2.290659688123436
143200.0	6000.0	4275.097731867815	0.0	0	240.94847096205922	4475.097731867689	1	0	1.0	2.290659688123436
144200.0	6000.0	4275.097731867806	0.0	0	501.6581827974296	4475.097731867689	1	0	1.0	2.290659688123436
145200.0	6000.0	4275.097731867794	0.0	0	242.78811574957217	4475.097731867689	1	0	1.0	2.290659688123436
146200.0	6000.0	4275.097731867796	0.0	0	524.6493149355811	4475.097731867718	1	0	1.0	2.2906596881234194
147200.0	6000.0	4275.097731867803	0.0	0	316.65193329009344	4475.097731867718	1	0	1.0	2.2906596881234194
148200.0	6000.0	4275.097731867802	0.0	0	370.8696365809301	4475.097731867718	1	0	1.0	2.2906596881234194
149200.0	6000.0	4275.0977318677915	0.0	0	458.2214896059886	4475.097731867718	1	0	1.0	2.2906596881234194
150200.0	6000.0	4275.097731867782	0.0	0	487.77641327877063	4475.097731867718	1	0	1.0	2.2906596881234194
151200.0	6000.0	4275.0977318677615	0.0	0	189.1833870180999	4475.097731867718	1	0	1.0	2.2906596881234194
152200.0	6000.0	4275.097731867767	0.0	0	248.69389438154758	4475.097731867718	1	0	1.0	2.2906596881234194
153200.0	6000.0	4275.097731867748	0.0	0	433.0589221737173	4475.097731867718	1	0	1.0	2.2906596881234194
154200.0	6000.0	4275.097731867747	0.0	0	8.750240569119342	4475.097731867718	1	0	1.0	2.2906596881234194
155200.0	6000.0	4275.097731867726	0.0	0	136.5271345586225	4475.097731867718	1	0	1.0	2.2906596881234194
156200.0	6000.0	4275.097731867736	0.0	0	419.2309898035601	4475.097731867747	1	0	1.0	2.2906596881234025
157200.0	6000.0	4275.097731867712	0.0	0	174.51438250744832	4475.097731867747	1	0	1.0	2.2906596881234025
158200.0	6000.0	4275.0977318677205	0.0	0	444.2056482300395	4475.097731867776	1	0	1.0	2.2906596881233847
159200.0	6000.0	4275.097731867704	0.0	0	202.98912283053505	4475.097731867747	1	0	1.0	2.2906596881234025
160200.0	6000.0	4275.097731867686	0.0	0	102.8571782062354	4475.097731867747	1	0	1.0	2.2906596881234025
161200.0	6000.0	4275.097731867697	0.0	0	111.5112996173848	4475.097731867747	1	0	1.0	2.2906596881234025
162200.0	6000.0	4275.097731867725	0.0	0	356.5915017084044	4475.097731867747	1	0	1.0	2.2906596881234025
163200.0	6000.0	4275.097731867718	0.0	0	323.00408082976355	4475.097731867718	1	0	1.0	2.2906596881234194
164200.0	6000.0	4275.097731867729	0.0	0	354.1963562241581	4475.097731867718	1	0	1.0	2.2906596881234194
165200.0	6000.0	4275.097731867757	0.0	0	129.2626088138495	4475.097731867718	1	0	1.0	2.2906596881234194
166200.0	6000.0	4275.097731867773	0.0	0	483.42020345656783	4475.097731867718	1	0	1.0	2.2906596881234194
167200.0	6000.0	4275.0977318677205	0.0	0	164.12807765390608	4475.097731867689	1	0	1.0	2.290659688123436
168200.0	6000.0	4275.097731867718	0.0	0	264.522278802091	4475.097731867689	1	0	1.0	2.290659688123436
169200.0	6000.0	4275.097731867719	0.0	0	467.350108559971	4475.09773186766	1	0	1.0	2.2906596881234536
170200.0	6000.0	4275.09773186769	0.0	0	114.49823902812204	4475.09773186766	1	0	1.0	2.2906596881234536
171200.0	6000.0	4275.0977318676905	0.0	0	345.8138993823959	4475.09773186766	1	0	1.0	2.2906596881234536
172200.0	6000.0	4275.097731867703	0.0	0	480.96144166917657	4475.09773186766	1	0	1.0	2.2906596881234536
173200.0	6000.0	4275.097731867727	0.0	0	527.0862948629656	4475.09773186766	1	0	1.0	2.2906596881234536
174200.0	6000.0	4275.097731867734	0.0	0	126.8113862471073	4475.09773186766	1	0	1.0	2.2906596881234536
175200.0	6000.0	4275.097731867704	0.0	0	307.82051123926067	4475.097731867689	1	0	1.0	2.290659688123436
176200.0	6000.0	4275.0977318677105	0.0	0	104.42915354020079	4475.097731867689	1	0	1.0	2.290659688123436
177200.0	6000.0	4275.097731867724	0.0	0	149.77449057044578	4475.09773186766	1	0	1.0	2.2906596881234536
178200.0	6000.0	4275.097731867747	0.0	0	74.48432070121635	4475.09773186766	1	0	1.0	2.2906596881234536
179200.0	6000.0	4275.097731867735	0.0	0	425.3549820270564	4475.09773186766	1	0	1.0	2.2906596881234536
180200.0	6000.0	4275.097731867721	0.0	0	306.988027678919	4475.09773186766	1	0	1.0	2.2906596881234536
181200.0	6000.0	4275.097731867698	0.0	0	293.8178896942409	4475.09773186766	1	0	1.0	2.2906596881234536
182200.0	6000.0	4275.097731867684	0.0	0	241.22685945447301	4475.09773186766	1	0	1.0	2.2906596881234536
183200.0	6000.0	4275.097731867713	0.0	0	126.98292379308259	4475.09773186766	1	0	1.0	2.2906596881234536
184200.0	6000.0	4275.097731867679	0.0	0	495.06253134526196	4475.0977318676305	1	0	1.0	2.2906596881234704
185200.0	6000.0	4275.097731867706	0.0	0	116.26910364520154	4475.09773186766	1	0	1.0	2.2906596881234536
186200.0	6000.0	4275.0977318677205	0.0	0	415.04780138717615	4475.097731867689	1	0	1.0	2.290659688123436
187200.0	6000.0	4275.097731867709	0.0	0	295.594432538026	4475.09773186766	1	0	1.0	2.2906596881234536
188200.0	6000.0	4275.097731867734	0.0	0	225.71975154077518	4475.09773186766	1	0	1.0	2.2906596881234536
189200.0	6000.0	4275.097731867721	0.0	0	182.05182296948624	4475.09773186766	1	0	1.0	2.2906596881234536
190200.0	6000.0	4275.097731867745	0.0	0	322.1263377437135	4475.09773186766	1	0	1.0	2.2906596881234536
191200.0	6000.0	4275.097731867761	0.0	0	91.32937465584837	4475.09773186766	1	0	1.0	2.2906596881234536
192200.0	6000.0	4275.09773186777	0.0	0	278.26387321250513	4475.097731867689	1	0	1.0	2.290659688123436
193200.0	6000.0	4275.097731867781	0.0	0	452.4021019699576	4475.097731867689	1	0	1.0	2.290659688123436
194200.0	6000.0	4275.097731867765	0.0	0	288.58824729837943	4475.097731867718	1	0	1.0	2.2906596881234194
195200.0	6000.0	4275.097731867732	0.0	0	379.76680874516023	4475.097731867718	1	0	1.0	2.2906596881234194
196200.0	6000.0	4275.097731867727	0.0	0	6.995783125545131	4475.097731867689	1	0	1.0	2.2906596881234225
197200.0	6000.0	4275.097731867757	0.0	0	396.080369890522	4475.097731867689	1	0	1.0	2.290659688123436
198200.0	6000.0	4275.097731867758	0.0	0	334.57903270609677	4475.097731867718	1	0	1.0	2.2906596881234194
199200.0	6000.0	4275.097731867743	0.0	0	385.61480746182497	4475.097731867718	1	0	1.0	2.2906596881234194
200200.0	6000.0	4275.097731867736	0.0	0	521.6400296350766	4475.097731867718	1	0	1.0	2.2906596881234194
201200.0	6000.0	4275.097731867727	0.0	0	289.7881467952684	4475.097731867718	1	0	1.0	2.2906596881234194
202200.0	6000.0	4275.097731867737	0.0	0	89.14424438099377	4475.097731867718	1	0	1.0	2.2906596881234194
203200.0	6000.0	4275.097731867741	0.0	0	89.84944893969805	4475.097731867718	1	0	1.0	2.2906596881234194
204200.0	6000.0	4275.097731867701	0.0	0	18.222411729511805	4475.097731867689	1	0	1.0	2.290659688123436
205200.0	6000.0	4275.097731867688	0.0	0	427.5391544979939	4475.09773186766	1	0	1.0	2.2906596881234536
206200.0	6000.0	4275.097731867692	0.0	0	102.14986795617733	4475.09773186766	1	0	1.0	2.2906596881234536
207200.0	6000.0	4275.097731867683	0.0	0	19.280019884579815	4475.0977318676305	1	0	1.0	2.2906596881234704
208329.63563815164	6000.0	4145.462093716034	0.0	0	0.0	4475.0977318676305	1	0	1.0	2.2906596881234704
209200.0	6000.0	4275.097731867688	0.0	0	68.37415084376698	4475.097731867601	1	0	1.0	2.2906596881234877
210200.0	6000.0	4275.097731867689	0.0	0	65.42321641527815	4475.097731867601	1	0	1.0	2.2906596881234877
211243.134346014	6000.0	4231.963385853667	0.0	0	0.0	4475.097731867572	1	0	1.0	2.2906596881234913
212200.0	6000.0	4275.097731867628	0.0	0	179.9846394599299	4475.097731867543	1	0	1.0	2.2906596881235215
213263.89458227405	6000.0	4211.2031495935935	0.0	0	0.0	4475.097731867543	1	0	1.0	2.2906596881235215
214200.0	6000.0	4275.097731867666	0.0	0	197.2064644447819	4475.097731867543	1	0	1.0	2.2906596881235215
215200.0	6000.0	4275.097731867686	0.0	0	82.83898016621242	4475.097731867543	1	0	1.0	2.2906596881235215
216262.92276016035	6000.0	4212.174971707342	0.0	0	0.0	4475.097731867543	1	0	1.0	2.2906596881235215
217200.0	6000.0	4275.097731867724	0.0	0	170.48680293318466	4475.097731867543	1	0	1.0	2.2906596881235215
218200.0	6000.0	4275.097731867714	0.0	0	417.88036575942533	4475.097731867543	1	0	1.0	2.2906596881235215
219200.0	6000.0	4275.097731867714	0.0	0	155.52064424549462	4475.097731867543	1	0	1.0	2.2906596881235215
220200.0	6000.0	4275.097731867755	0.0	0	537.6541596613242	4475.097731867543	1	0	1.0	2.2906596881235215
221200.0	6000.0	4275.097731867744	0.0	0	192.467990634148	4475.097731867543	1	0	1.0	2.2906596881235215
222200.0	6000.0	4275.097731867765	0.0	0	524.9421245207486	4475.097731867572	1	0	1.0	2.2906596881235046
223200.0	6000.0	4275.097731867757	0.0	0	218.07897582752048	4475.097731867572	1	0	1.0	2.2906596881235046
224200.0	6000.0	4275.097731867767	0.0	0	96.5170552964264	4475.097731867572	1	0	1.0	2.2906596881235046
225200.0	6000.0	4275.097731867764	0.0	0	99.25072534696665	4475.097731867601	1	0	1.0	2.2906596881234877
226475.45420550182	6000.0	3999.6435263659328	0.0	0	0.0	4475.097731867601	1	0	1.0	2.2906596881234877
227620.63276182863	6000.0	3854.464970039114	0.0	0	0.0	4475.097731867601	1	0	1.0	2.2906596881234877
228370.83313925602	6000.0	4104.264592611734	0.0	0	0.0	4475.0977318676305	1	0	1.0	2.2906596881234775
229200.0	6000.0	4275.097731867771	0.0	0	96.6284290686599	4475.0977318676305	1	0	1.0	2.2906596881234704
230213.08429538764	6000.0	4262.013436480114	0.0	0	0.0	4475.097731867601	1	0	1.0	2.2906596881234877
231200.0	6000.0	4275.097731867758	0.0	0	195.80080988392	4475.097731867572	1	0	1.0	2.2906596881235046
232200.0	6000.0	4275.097731867774	0.0	0	329.8351424840803	4475.097731867543	1	0	1.0	2.2906596881235215
233200.0	6000.0	4275.09773186776	0.0	0	339.59016608601087	4475.097731867543	1	0	1.0	2.2906596881235215
234200.0	6000.0	4275.097731867729	0.0	0	235.02923972843564	4475.097731867514	1	0	1.0	2.290659688123539
235200.0	6000.0	4275.0977318677515	0.0	0	340.99572536855703	4475.097731867543	1	0	1.0	2.2906596881235215
236411.9087867525	6000.0	4063.188945115259	0.0	0	0.0	4475.097731867543	1	0	1.0	2.2906596881235215
237200.0	6000.0	4275.097731867763	0.0	0	51.53019970355672	4475.097731867543	1	0	1.0	2.2906596881235215
238200.0	6000.0	4275.097731867779	0.0	0	313.51050384083646	4475.097731867543	1	0	1.0	2.2906596881235215
239200.0	6000.0	4275.097731867768	0.0	0	107.36239602879505	4475.097731867543	1	0	1.0	2.2906596881235215
240200.0	6000.0	4275.097731867776	0.0	0	303.32909771686536	4475.097731867543	1	0	1.0	2.2906596881235215
241200.0	6000.0	4275.0977318677715	0.0	0	24.494474153470946	4475.097731867572	1	0	1.0	2.2906596881235046
242200.0	6000.0	4275.097731867754	0.0	0	417.7585420063406	4475.097731867543	1	0	1.0	2.2906596881235215
243200.0	6000.0	4275.097731867741	0.0	0	127.37610478882561	4475.097731867543	1	0	1.0	2.2906596881235215
244200.0	6000.0	4275.097731867753	0.0	0	332.81543458174565	4475.097731867543	1	0	1.0	2.2906596881235215
245200.0	6000.0	4275.097731867765	0.0	0	406.1624255036004	4475.097731867572	1	0	1.0	2.2906596881235046
246200.0	6000.0	4275.097731867801	0.0	0	171.66947172750952	4475.097731867601	1	0	1.0	2.2906596881234877
247200.0	6000.0	4275.09773186781	0.0	0	100.32637944474118	4475.097731867601	1	0	1.0	2.2906596881234877
248200.0	6000.0	4275.097731867828	0.0	0	343.8012895421416	4475.097731867601	1	0	1.0	2.2906596881234877
249200.0	6000.0	4275.09773186784	0.0	0	332.67590684082825	4475.0977318676305	1	0	1.0	2.2906596881234704
250200.0	6000.0	4275.097731867846	0.0	0	340.8643407681375	4475.0977318676305	1	0	1.0	2.2906596881234704
251200.0	6000.0	4275.097731867864	0.0	0	286.7702926622296	4475.0977318676305	1	0	1.0	2.2906596881234704
252200.0	6000.0	4275.097731867833	0.0	0	225.94173256438808	4475.0977318676305	1	0	1.0	2.2906596881234704
253200.0	6000.0	4275.097731867811	0.0	0	393.1369787103031	4475.0977318676305	1	0	1.0	2.2906596881234704
254200.0	6000.0	4275.097731867826	0.0	0	316.13414669252234	4475.0977318676305	1	0	1.0	2.2906596881234704
255200.0	6000.0	4275.097731867832	0.0	0	365.2367536937527	4475.097731867601	1	0	1.0	2.2906596881234877
256200.0	6000.0	4275.097731867815	0.0	0	399.2132367262966	4475.097731867601	1	0	1.0	2.2906596881234877
257200.0	6000.0	4275.097731867826	0.0	0	363.8076664013206	4475.097731867572	1	0	1.0	2.2906596881235046
258200.0	6000.0	4275.097731867814	0.0	0	101.69336866601952	4475.097731867572	1	0	1.0	2.2906596881235046
259200.0	6000.0	4275.097731867829	0.0	0	155.3114081879612	4475.097731867572	1	0	1.0	2.2906596881235046
260200.0	6000.0	4275.09773186784	0.0	0	349.3694017230591	4475.097731867572	1	0	1.0	2.2906596881235046
261200.0	6000.0	4275.09773186784	0.0	0	230.67174835433252	4475.097731867543	1	0	1.0	2.2906596881235215
262200.0	6000.0	4275.097731867863	0.0	0	91.83347349241376	4475.097731867543	1	0	1.0	2.2906596881235215
263200.0	6000.0	4275.097731867803	0.0	0	152.35183814610355	4475.097731867485	1	0	1.0	2.2906596881235317
264200.0	6000.0	4275.0977318677815	0.0	0	187.38960018451326	4475.097731867485	1	0	1.0	2.2906596881235592
265200.0	6000.0	4275.097731867808	0.0	0	173.15232081577415	4475.097731867543	1	0	1.0	2.2906596881235353
266200.0	6000.0	4275.097731867772	0.0	0	72.37833887891611	4475.097731867485	1	0	1.0	2.290659688123539
267200.0	6000.0	4275.0977318677615	0.0	0	58.058405396703165	4475.097731867514	1	0	1.0	2.290659688123539
268200.0	6000.0	4275.097731867804	0.0	0	171.7394537377404	4475.097731867514	1	0	1.0	2.290659688123539
269200.0	6000.0	4275.0977318678615	0.0	0	242.6531157133286	4475.097731867514	1	0	1.0	2.290659688123539
270200.0	6000.0	4275.097731867805	0.0	0	222.02905795403058	4475.097731867514	1	0	1.0	2.290659688123539
271200.0	6000.0	4275.097731867808	0.0	0	299.9544667932205	4475.097731867514	1	0	1.0	2.290659688123539
272200.0	6000.0	4275.0977318678315	0.0	0	224.4813309571473	4475.097731867456	1	0	1.0	2.2906596881235726
273200.0	6000.0	4275.097731867833	0.0	0	123.63138788787182	4475.097731867456	1	0	1.0	2.2906596881235726
274200.0	6000.0	4275.097731867899	0.0	0	231.31176288292045	4475.097731867456	1	0	1.0	2.2906596881235726
275200.0	6000.0	4275.097731867844	0.0	0	229.9186950805015	4475.097731867456	1	0	1.0	2.2906596881235726
276200.0	6000.0	4275.097731867857	0.0	0	284.6854181927047	4475.097731867456	1	0	1.0	2.2906596881235726
277200.0	6000.0	4275.09773186789	0.0	0	102.5078421071521	4475.097731867398	1	0	1.0	2.290659688123607
278200.0	6000.0	4275.097731867973	0.0	0	42.71733045991277	4475.097731867398	1	0	1.0	2.290659688123607
279200.0	6000.0	4275.097731868025	0.0	0	480.0334544206271	4475.097731867398	1	0	1.0	2.290659688123607
280200.0	6000.0	4275.097731868058	0.0	0	366.24707423889777	4475.097731867398	1	0	1.0	2.290659688123607
281200.0	6000.0	4275.097731868066	0.0	0	169.18432539486093	4475.097731867398	1	0	1.0	2.290659688123607
282200.0	6000.0	4275.09773186802	0.0	0	193.10455770156113	4475.097731867398	1	0	1.0	2.290659688123607
283200.0	6000.0	4275.097731867954	0.0	0	390.1825312246219	4475.097731867398	1	0	1.0	2.290659688123607
284200.0	6000.0	4275.097731867911	0.0	0	235.3021282904665	4475.097731867398	1	0	1.0	2.290659688123607
285200.0	6000.0	4275.097731867899	0.0	0	304.48134876188124	4475.097731867398	1	0	1.0	2.290659688123607
286200.0	6000.0	4275.0977318679215	0.0	0	346.91665562806884	4475.097731867398	1	0	1.0	2.290659688123607
287200.0	6000.0	4275.097731867928	0.0	0	379.1249123333837	4475.097731867398	1	0	1.0	2.290659688123607
288200.0	6000.0	4275.097731867932	0.0	0	389.24775630951626	4475.097731867398	1	0	1.0	2.290659688123607
289200.0	6000.0	4275.097731867934	0.0	0	480.03295610036	4475.097731867398	1	0	1.0	2.290659688123607
290200.0	6000.0	4275.0977318679015	0.0	0	70.45984494092409	4475.097731867398	1	0	1.0	2.290659688123607
291200.0	6000.0	4275.097731867873	0.0	0	173.58801066648448	4475.0977318673395	1	0	1.0	2.290659688123642
292200.0	6000.0	4275.097731867894	0.0	0	259.78021348803304	4475.0977318673395	1	0	1.0	2.290659688123642
293200.0	6000.0	4275.097731867918	0.0	0	472.7881303084432	4475.0977318673395	1	0	1.0	2.290659688123642
294200.0	6000.0	4275.097731867865	0.0	0	318.65088432846824	4475.097731867281	1	0	1.0	2.2906596881236756
295200.0	6000.0	4275.0977318678715	0.0	0	315.5152861456736	4475.097731867281	1	0	1.0	2.2906596881236756
296200.0	6000.0	4275.0977318678515	0.0	0	225.8004572528298	4475.097731867281	1	0	1.0	2.2906596881236756
297200.0	6000.0	4275.09773186787	0.0	0	118.24641331390012	4475.097731867281	1	0	1.0	2.2906596881236756
298200.0	6000.0	4275.097731867889	0.0	0	496.3625538230408	4475.097731867281	1	0	1.0	2.2906596881236756
299200.0	6000.0	4275.097731867889	0.0	0	305.9353118237341	4475.097731867281	1	0	1.0	2.2906596881236756
300200.0	6000.0	4275.097731867974	0.0	0	331.13831309840316	4475.0977318673395	1	0	1.0	2.290659688123642
8.547904761904764	8.817904761904764	8.875904761904764	9.285904761904764	8.839904761904764	8.645904761904763	8.835904761904764	9.091904761904763	9.705904761904764	8.743904761904764	8.445904761904764	9.121904761904764	9.365904761904764	8.313904761904764	8.757904761904763	9.305904761904763	9.077904761904763	9.325904761904763	9.765904761904764	10.565904761904763	9.165904761904763	9.065904761904763	9.009904761904764	8.507904761904763	8.421904761904763	8.817904761904764	8.963904761904763	9.069904761904764	9.925904761904764	9.585904761904764	9.211904761904764	9.485904761904763	9.965904761904763	8.861904761904764	8.887904761904764	8.829904761904764	8.367904761904764	8.637904761904764	8.617904761904764	8.647904761904764	8.485904761904763	8.61	6.87	9.66	9.6	12.1	10.3	9.48	8.38	8.72	8.48	8.32	6.92	7.19	6.52	7.39	6.05	7.8	6.63	6.73	10.2	7.69	7.97	8.09	9.55	9.13	10.9	8.53	11.9	6.7	6.8	8.46	4.81	5.91	7.15	10.0	7.55	7.02	8.88	7.65	10.8	10.7	4.22	6.86	7.90268292682927	7.728682926829269	7.52468292682927	7.9126829268292695	8.696682926829268	7.626682926829269	7.752682926829269	8.288682926829269	8.054682926829269	8.21068292682927	7.722682926829269	8.596682926829269	8.676682926829269	8.756682926829269	7.914682926829269	7.988682926829269	7.84668292682927	8.11068292682927	8.14868292682927	8.414682926829268	8.404682926829269	8.134682926829269	8.696682926829268	7.90268292682927	7.858682926829269	8.15668292682927	8.26868292682927	8.916682926829269	7.94468292682927	7.934682926829269	7.74268292682927	8.180682926829268	8.57668292682927	9.05668292682927	9.07668292682927	8.01468292682927	7.874682926829269	8.106682926829269	8.272682926829269	8.63668292682927	8.39668292682927	9.832333333333333	9.288333333333332	9.230333333333332	9.992333333333333	10.072333333333333	9.932333333333332	8.986333333333333	9.070333333333332	9.524333333333333	9.410333333333332	10.472333333333333	9.240333333333332	9.128333333333332	9.550333333333333	10.812333333333333	9.752333333333333	9.732333333333333	9.952333333333332	9.026333333333334	9.184333333333333	8.940333333333333	9.192333333333332	9.812333333333333	9.434333333333333	9.385904761904763	8.547904761904764	8.817904761904764	8.875904761904764	9.285904761904764	8.839904761904764	8.645904761904763	8.835904761904764	9.091904761904763	9.705904761904764	8.743904761904764	8.445904761904764	9.121904761904764	9.365904761904764	8.313904761904764	8.757904761904763	9.305904761904763	9.077904761904763	9.325904761904763	9.765904761904764	10.565904761904763	9.165904761904763	9.065904761904763	9.009904761904764	8.507904761904763	8.421904761904763	8.817904761904764	8.963904761904763	9.069904761904764	9.925904761904764	9.585904761904764	9.211904761904764	9.485904761904763	9.965904761904763	8.861904761904764	8.887904761904764	8.829904761904764	8.367904761904764	8.637904761904764	8.617904761904764	8.647904761904764	8.485904761904763	8.61	6.87	9.66	9.6	12.1	10.3	9.48	8.38	8.72	8.48	8.32	6.92	7.19	6.52	7.39	6.05	7.8	6.63	6.73	10.2	7.69	7.97	8.09	9.55	9.13	10.9	8.53	11.9	6.7	6.8	8.46	4.81	5.91	7.15	10.0	7.55	7.02	8.88	7.65	10.8	10.7	4.22	6.86	7.90268292682927	7.728682926829269	7.52468292682927	7.9126829268292695	8.696682926829268	7.626682926829269	7.752682926829269	8.288682926829269	8.054682926829269	8.21068292682927	7.722682926829269	8.596682926829269	8.676682926829269	8.756682926829269	7.914682926829269	7.988682926829269	7.84668292682927	8.11068292682927	8.14868292682927	8.414682926829268	8.404682926829269	8.134682926829269	8.696682926829268	7.90268292682927	7.858682926829269	8.15668292682927	8.26868292682927	8.916682926829269	7.94468292682927	7.934682926829269	7.74268292682927	8.180682926829268	8.57668292682927	9.05668292682927	9.07668292682927	8.01468292682927	7.874682926829269	8.106682926829269	8.272682926829269	8.63668292682927	8.39668292682927	9.832333333333333	9.288333333333332	9.230333333333332	9.992333333333333	10.072333333333333	9.932333333333332	8.986333333333333	9.070333333333332	9.524333333333333	9.410333333333332	10.472333333333333	9.240333333333332	9.128333333333332	9.550333333333333	10.812333333333333	9.752333333333333	9.732333333333333	9.952333333333332	9.026333333333334	9.184333333333333	8.940333333333333	9.192333333333332	9.812333333333333	9.434333333333333	9.385904761904763	8.547904761904764	8.817904761904764	8.875904761904764
1.0	2.0	3.0	4.0	5.0	6.0	7.0	8.0	9.0	10.0	11.0	12.0	13.0	14.0	15.0	16.0	17.0	18.0	19.0	20.0	21.0	22.0	23.0	24.0	25.0	26.0	27.0	28.0	29.0	30.0	31.0	32.0	33.0	34.0	35.0	36.0	37.0	38.0	39.0	40.0	41.0	42.0	43.0	44.0	45.0	46.0	47.0	48.0	49.0	50.0	51.0	52.0	53.0	54.0	55.0	56.0	57.0	58.0	59.0	60.0	61.0	62.0	63.0	64.0	65.0	66.0	67.0	68.0	69.0	70.0	71.0	72.0	73.0	74.0	75.0	76.0	77.0	78.0	79.0	80.0	81.0	82.0	83.0	84.0	85.0	86.0	87.0	88.0	89.0	90.0	91.0	92.0	93.0	94.0	95.0	96.0	97.0	98.0	99.0	100.0	101.0	102.0	103.0	104.0	105.0	106.0	107.0	108.0	109.0	110.0	111.0	112.0	113.0	114.0	115.0	116.0	117.0	118.0	119.0	120.0	121.0	122.0	123.0	124.0	125.0	126.0	127.0	128.0	129.0	130.0	131.0	132.0	133.0	134.0	135.0	136.0	137.0	138.0	139.0	140.0	141.0	142.0	143.0	144.0	145.0	146.0	147.0	148.0	149.0	149.0	150.0	151.0	152.0	153.0	154.0	155.0	156.0	157.0	158.0	159.0	160.0	161.0	162.0	163.0	164.0	165.0	166.0	167.0	168.0	169.0	170.0	171.0	172.0	173.0	174.0	175.0	176.0	177.0	178.0	179.0	180.0	181.0	182.0	183.0	184.0	185.0	186.0	187.0	188.0	189.0	190.0	191.0	192.0	193.0	194.0	195.0	196.0	197.0	198.0	199.0	200.0	201.0	202.0	203.0	204.0	205.0	206.0	207.0	208.0	209.0	210.0	211.0	212.0	213.0	214.0	215.0	216.0	217.0	218.0	219.0	220.0	221.0	222.0	223.0	224.0	225.0	226.0	227.0	228.0	229.0	230.0	231.0	232.0	233.0	234.0	235.0	236.0	237.0	238.0	239.0	240.0	241.0	242.0	243.0	244.0	245.0	246.0	247.0	248.0	249.0	250.0	251.0	252.0	253.0	254.0	255.0	256.0	257.0	258.0	259.0	260.0	261.0	262.0	263.0	264.0	265.0	266.0	267.0	268.0	269.0	270.0	271.0	272.0	273.0	274.0	275.0	276.0	277.0	278.0	279.0	280.0	281.0	282.0	283.0	284.0	285.0	286.0	287.0	288.0	289.0	290.0	291.0	292.0	293.0	294.0	295.0	296.0	297.0	298.0	298.0	299.0	300.0	301.0
4179.540010106464
