2850.475944237277	2000.0	2000.0	348.39031549385425	0	0.0	2850.475944237277	1	0	1.0	-2.232719719424546
4125.75633035434	6000.0	1724.7196138829374	0.0	0	0.0	2850.4759442372774	1	0	1.0	1.742570334210272
4923.7571584782645	6000.0	1926.7187857590138	0.0	0	0.0	2850.475944237278	1	0	1.0	2.8411826228783816
6232.264260116301	6000.0	1618.2116841209786	0.0	0	0.0	2850.4759442372792	1	0	1.0	2.8411826228783816
7289.954251338737	6000.0	1560.5216928985421	0.0	0	0.0	2850.4759442372797	1	0	1.0	2.8411826228783807
8322.995560661031	6000.0	1527.480383576247	0.0	0	0.0	2850.475944237279	1	0	1.0	2.841182622878381
9239.697307940922	6000.0	1610.7786362963568	0.0	0	0.0	2850.4759442372797	1	0	1.0	2.8411826228783807
10391.319665237175	6000.0	1459.1562790001035	0.0	0	0.0	2850.4759442372806	1	0	1.0	2.8411826228783807
11394.868817850638	6000.0	1455.6071263866438	0.0	0	0.0	2850.4759442372833	1	0	1.0	2.8411826228783803
12552.419687404683	6000.0	1298.056256832599	0.0	0	0.0	2850.475944237285	1	0	1.0	2.8411826228783803
13617.386581460616	6000.0	1233.0893627766688	0.0	0	0.0	2850.475944237287	1	0	1.0	2.84118262287838
14873.225692252057	6000.0	977.2502519852255	0.0	0	0.0	2850.475944237287	1	0	1.0	2.84118262287838
15897.8565160846	6000.0	952.619428152684	0.0	0	0.0	2850.475944237287	1	0	1.0	2.84118262287838
17075.22631464617	6000.0	775.2496295911191	0.0	0	0.0	2850.4759442372942	1	0	1.0	2.84118262287838
18189.072387709606	6000.0	661.4035565276827	0.0	0	0.0	2850.475944237296	1	0	1.0	2.841182622878379
18964.552611378327	6000.0	885.9233328589603	0.0	0	0.0	2850.4759442372924	1	0	1.0	2.841182622878379
19907.68817574665	6000.0	942.7877684906377	0.0	0	0.0	2850.475944237289	1	0	1.0	2.84118262287838
21029.36750953803	6000.0	821.1084346992538	0.0	0	0.0	2850.475944237285	1	0	1.0	2.8411826228783803
21934.41611635537	6000.0	916.059827881916	0.0	0	0.0	2850.475944237285	1	0	1.0	2.8411826228783803
22616.308750855394	6000.0	1234.167193381891	0.0	0	0.0	2850.475944237289	1	0	1.0	2.84118262287838
23752.515291591142	6000.0	1097.9606526461434	0.0	0	0.0	2850.475944237289	1	0	1.0	2.84118262287838
24760.538291745845	6000.0	1089.9376524914435	0.0	0	0.0	2850.475944237285	1	0	1.0	2.8411826228783803
25811.387803358295	6000.0	1039.088140878991	0.0	0	0.0	2850.475944237285	1	0	1.0	2.8411826228783803
26910.315811298187	6000.0	940.1601329390975	0.0	0	0.0	2850.475944237285	1	0	1.0	2.8411826228783803
27921.245919437377	6000.0	929.2300247999074	0.0	0	0.0	2850.4759442372815	1	0	1.0	2.8411826228783807
28792.9780695899	6000.0	1057.4978746473857	0.0	0	0.0	2850.4759442372815	1	0	1.0	2.8411826228783807
29900.44626908751	6000.0	950.0296751497726	0.0	0	0.0	2850.4759442372815	1	0	1.0	2.8411826228783807
30581.055489971037	6000.0	1269.4204542662496	0.0	0	0.0	2850.4759442372815	1	0	1.0	2.8411826228783807
31707.444087832777	6000.0	1143.0318564045115	0.0	0	0.0	2850.4759442372815	1	0	1.0	2.8411826228783807
32958.60820528069	6000.0	891.8677389565947	0.0	0	0.0	2850.4759442372815	1	0	1.0	2.8411826228783807
33876.66324999806	6000.0	973.812694239228	0.0	0	0.0	2850.475944237289	1	0	1.0	2.84118262287838
34827.588275263806	6000.0	1022.8876689734834	0.0	0	0.0	2850.475944237285	1	0	1.0	2.84118262287838
35831.41788127618	6000.0	1019.0580629611077	0.0	0	0.0	2850.475944237289	1	0	1.0	2.84118262287838
36990.822233022736	6000.0	859.6537112145587	0.0	0	0.0	2850.4759442372815	1	0	1.0	2.8411826228783807
37999.32254195973	6000.0	851.1534022775697	0.0	0	0.0	2850.475944237289	1	0	1.0	2.84118262287838
38917.66957083469	6000.0	932.8063734026081	0.0	0	0.0	2850.475944237289	1	0	1.0	2.84118262287838
39911.60464395359	6000.0	938.8713002836989	0.0	0	0.0	2850.475944237289	1	0	1.0	2.84118262287838
40709.895472532786	6000.0	1140.5804717045023	0.0	0	0.0	2850.475944237289	1	0	1.0	2.84118262287838
41402.201603668116	6000.0	1448.274340569169	0.0	0	0.0	2850.475944237289	1	0	1.0	2.84118262287838
42568.70115020002	6000.0	1281.7747940372712	0.0	0	0.0	2850.475944237289	1	0	1.0	2.84118262287838
43550.055226833254	6000.0	1300.4207174040298	0.0	0	0.0	2850.475944237296	1	0	1.0	2.841182622878379
44396.58158676167	6000.0	1453.8943574756154	0.0	0	0.0	2850.4759442373033	1	0	1.0	2.8411826228783776
45611.399051741726	6000.0	1239.0768924955569	0.0	0	0.0	2850.4759442373033	1	0	1.0	2.8411826228783776
46654.17663019053	6000.0	1196.2993140467534	0.0	0	0.0	2850.4759442373033	1	0	1.0	2.8411826228783776
47683.69596543942	6000.0	1166.779978797865	0.0	0	0.0	2850.4759442373033	1	0	1.0	2.8411826228783776
48788.84176862186	6000.0	1061.6341756154193	0.0	0	0.0	2850.4759442373033	1	0	1.0	2.8411826228783776
49938.95875337373	6000.0	911.517190863551	0.0	0	0.0	2850.4759442373033	1	0	1.0	2.8411826228783776
50916.77293258958	6000.0	933.7030116477001	0.0	0	0.0	2850.4759442373033	1	0	1.0	2.8411826228783776
51880.37321956797	6000.0	970.1027246693017	0.0	0	0.0	2850.4759442373033	1	0	1.0	2.8411826228783776
53131.467547773675	6000.0	719.0083964636003	0.0	0	0.0	2850.4759442373033	1	0	1.0	2.8411826228783776
54050.217656351815	6000.0	800.2582878854614	0.0	0	0.0	2850.4759442373033	1	0	1.0	2.8411826228783776
54997.39882369141	6000.0	853.0771205458738	0.0	0	0.0	2850.4759442373106	1	0	1.0	2.8411826228783763
56104.4205934944	6000.0	746.0553507428879	0.0	0	0.0	2850.4759442373106	1	0	1.0	2.8411826228783763
57206.044675224635	6000.0	644.4312690126437	0.0	0	0.0	2850.475944237318	1	0	1.0	2.8411826228783754
57804.73192453811	6000.0	1045.7440196991702	0.0	0	0.0	2850.475944237318	1	0	1.0	2.8411826228783754
58527.32590225222	6000.0	1323.1500419850668	0.0	0	0.0	2850.475944237318	1	0	1.0	2.8411826228783754
59340.53289165867	6000.0	1509.9430525786136	0.0	0	0.0	2850.4759442373106	1	0	1.0	2.8411826228783763
60771.486204376866	6000.0	1078.9897398604182	0.0	0	0.0	2850.4759442373106	1	0	1.0	2.8411826228783763
62308.05630554491	6000.0	542.4196386923716	0.0	0	0.0	2850.4759442373106	1	0	1.0	2.8411826228783763
62730.71111737135	3000.0	1119.76482686593	0.0	0	0.0	2850.4759442373106	1	0	1.0	1.4548882617584868
63708.959077091335	6000.0	1141.5168671459485	0.0	0	0.0	2850.4759442373106	1	0	1.0	2.148035442318432
64618.39712278375	3000.0	1232.0788214535396	0.0	0	0.0	2850.4759442373106	1	0	1.0	1.4548882617584868
65160.376568801206	3000.0	1690.099375436081	0.0	0	0.0	2850.4759442373106	1	0	1.0	2.148035442318432
66106.64881493562	6000.0	1743.827129301659	0.0	0	0.0	2850.475944237296	1	0	1.0	2.1480354423184327
66918.50611926649	6000.0	1931.9698249707953	0.0	0	0.0	2850.475944237318	1	0	1.0	2.8411826228783763
67954.12326692551	6000.0	1896.352677311783	0.0	0	0.0	2850.475944237318	1	0	1.0	2.8411826228783754
69038.82530822275	6000.0	1811.6506360145545	0.0	0	0.0	2850.475944237318	1	0	1.0	2.8411826228783754
69938.68281672311	6000.0	1911.7931275141868	0.0	0	0.0	2850.475944237318	1	0	1.0	2.8411826228783754
70889.95411247104	6000.0	1960.5218317662575	0.0	0	0.0	2850.475944237318	1	0	1.0	2.8411826228783754
71556.84217716665	6000.0	2293.633767070661	0.0	0	0.0	2850.475944237318	1	0	1.0	2.8411826228783754
72211.38671784948	6000.0	2639.0892263878204	0.0	0	0.0	2850.475944237318	1	0	1.0	2.8411826228783754
73455.05343150314	6000.0	2395.4225127341615	0.0	0	0.0	2850.4759442373033	1	0	1.0	2.8411826228783776
74628.50359956306	6000.0	2221.972344674249	0.0	0	0.0	2850.4759442373033	1	0	1.0	2.8411826228783776
75844.70840189487	6000.0	2005.7675423424535	0.0	0	0.0	2850.4759442373033	1	0	1.0	2.8411826228783776
77252.12615989013	6000.0	1598.3497843471825	0.0	0	0.0	2850.4759442373033	1	0	1.0	2.8411826228783776
78084.94837044524	6000.0	1765.5275737920915	0.0	0	0.0	2850.4759442373033	1	0	1.0	2.8411826228783776
79678.13416842301	6000.0	1172.3417758143241	0.0	0	0.0	2850.475944237318	1	0	1.0	2.8411826228783754
80582.6586863792	3000.0	1267.817257858127	0.0	0	0.0	2850.4759442373033	1	0	1.0	1.4548882617584877
81217.68934645779	3000.0	1632.7865977795464	0.0	0	0.0	2850.4759442373033	1	0	1.0	2.1480354423184327
82161.56173368258	6000.0	1688.9142105547542	0.0	0	0.0	2850.4759442373033	1	0	1.0	2.1480354423184327
82782.69339546433	6000.0	2067.7825487730024	0.0	0	0.0	2850.4759442373033	1	0	1.0	2.8411826228783776
83843.37155254013	6000.0	2007.1043916972087	0.0	0	0.0	2850.4759442373033	1	0	1.0	2.8411826228783776
84986.78491821351	6000.0	1863.6910260238396	0.0	0	0.0	2850.4759442373033	1	0	1.0	2.8411826228783776
86507.58199239832	6000.0	1342.8939518390237	0.0	0	0.0	2850.4759442373033	1	0	1.0	2.8411826228783776
87694.8974012653	6000.0	1155.5785429720409	0.0	0	0.0	2850.4759442373033	1	0	1.0	2.8411826228783776
88426.80632040753	6000.0	1423.6696238298264	0.0	0	0.0	2850.4759442373033	1	0	1.0	2.8411826228783776
89315.75500839124	6000.0	1534.7209358461198	0.0	0	0.0	2850.4759442373033	1	0	1.0	2.8411826228783776
90748.19216995274	6000.0	1102.2837742846102	0.0	0	0.0	2850.4759442373033	1	0	1.0	2.8411826228783776
92161.61875460335	6000.0	688.8571896340064	0.0	0	0.0	2850.4759442373033	1	0	1.0	2.8411826228783776
93864.03359951545	6000.0	275.10636069824	288.66401597632995	0	0.0	3139.139960213637	1	0	1.0	1.062216356941347
95171.9328892568	6000.0	225.87791950349933	258.67084854659936	0	0.0	3397.810808760245	1	0	1.0	1.1776070327215382
95869.12986657154	3000.0	660.9242252079721	132.24328301919525	0	0.0	3530.0540917795006	1	0	1.0	0.5139002079636481
96289.96804406823	3000.0	1240.0860477112808	0.0	0	0.0	3530.054091779486	1	0	1.0	2.000507086638769
97871.53508354964	6000.0	658.5190082298656	0.0	0	0.0	3530.054091779486	1	0	1.0	2.0005070866387684
98295.53295431084	3000.0	1234.5211374686753	0.0	0	0.0	3530.054091779486	1	0	1.0	1.307359906078824
98849.25867304543	3000.0	1680.7954187340688	0.0	0	0.0	3530.0540917795006	1	0	1.0	2.000507086638765
99398.5981998181	3000.0	2131.455891961411	0.0	0	0.0	3530.0540917795006	1	0	1.0	2.000507086638765
99953.45812098545	3000.0	2576.5959707940515	0.0	0	0.0	3530.054091779515	1	0	1.0	2.0005070866387604
100431.09042297972	3000.0	3098.963668799805	0.0	0	0.0	3530.054091779515	1	0	1.0	2.0005070866387604
101200.0	3000.0	3330.0540917795106	0.0	0	418.67652868341247	3530.054091779515	1	0	1.0	2.0005070866387604
102563.36661819246	6000.0	2966.6874735870547	0.0	0	0.0	3530.054091779515	1	0	1.0	2.00050708663876
103462.44897140136	6000.0	3067.605120378168	0.0	0	0.0	3530.054091779515	1	0	1.0	2.6936542671987054
104638.13014760335	6000.0	2891.9239441761606	0.0	0	0.0	3530.054091779515	1	0	1.0	2.6936542671987054
105666.20758359539	6000.0	2863.8465081841423	0.0	0	0.0	3530.054091779515	1	0	1.0	2.6936542671987054
106342.32077898354	6000.0	3187.7333127959923	0.0	0	0.0	3530.054091779515	1	0	1.0	2.6936542671987054
107605.92338147193	6000.0	2924.1307103075965	0.0	0	0.0	3530.054091779515	1	0	1.0	2.6936542671987054
108694.55748307364	6000.0	2835.496608705867	0.0	0	0.0	3530.054091779515	1	0	1.0	2.6936542671987054
109422.54238214302	6000.0	3107.5117096365	0.0	0	0.0	3530.054091779515	1	0	1.0	2.6936542671987054
110741.4690415123	6000.0	2788.5850502672174	0.0	0	0.0	3530.0540917795297	1	0	1.0	2.6936542671987014
111706.81984674657	6000.0	2823.234245032943	0.0	0	0.0	3530.0540917795297	1	0	1.0	2.6936542671987014
113177.25970643183	6000.0	2352.794385347686	0.0	0	0.0	3530.0540917795297	1	0	1.0	2.6936542671987014
114175.03432935129	6000.0	2355.0197624282387	0.0	0	0.0	3530.0540917795297	1	0	1.0	2.6936542671987014
114955.65244800529	6000.0	2574.4016437742353	0.0	0	0.0	3530.0540917795297	1	0	1.0	2.6936542671987014
115773.31757376189	6000.0	2756.736518017637	0.0	0	0.0	3530.0540917795297	1	0	1.0	2.6936542671987014
116752.33301273086	6000.0	2777.7210790486774	0.0	0	0.0	3530.0540917795297	1	0	1.0	2.6936542671987014
117541.58927041716	6000.0	2988.4648213623805	0.0	0	0.0	3530.0540917795297	1	0	1.0	2.6936542671987014
118959.61589831075	6000.0	2570.4381934687754	0.0	0	0.0	3530.054091779515	1	0	1.0	2.6936542671987054
120063.13218281238	6000.0	2466.9219089671346	0.0	0	0.0	3530.054091779515	1	0	1.0	2.6936542671987054
121199.29949927953	6000.0	2330.754592499983	0.0	0	0.0	3530.054091779515	1	0	1.0	2.6936542671987054
121984.29468375523	6000.0	2545.7594080242907	0.0	0	0.0	3530.054091779515	1	0	1.0	2.6936542671987054
122622.29233942102	6000.0	2907.7617523585022	0.0	0	0.0	3530.054091779515	1	0	1.0	2.6936542671987054
123469.45754926105	6000.0	3060.596542518473	0.0	0	0.0	3530.054091779515	1	0	1.0	2.6936542671987054
124734.22487864686	6000.0	2795.8292131326752	0.0	0	0.0	3530.054091779515	1	0	1.0	2.6936542671987054
125420.01660423556	6000.0	3110.037487543979	0.0	0	0.0	3530.054091779515	1	0	1.0	2.6936542671987054
126229.29813879846	6000.0	3300.7559529810687	0.0	0	0.0	3530.054091779515	1	0	1.0	2.6936542671987054
127200.0	6000.0	3330.0540917795365	0.0	0	242.00198361906223	3530.0540917795297	1	0	1.0	2.6936542671987014
128200.0	6000.0	3330.054091779528	0.0	0	43.304544987986446	3530.0540917795297	1	0	1.0	2.6936542671987014
129200.0	6000.0	3330.0540917795356	0.0	0	306.4762483573868	3530.0540917795297	1	0	1.0	2.6936542671987014
130200.0	6000.0	3330.054091779515	0.0	0	208.90826013800688	3530.0540917795297	1	0	1.0	2.6936542671987014
131200.0	6000.0	3330.054091779512	0.0	0	265.208004539978	3530.0540917795443	1	0	1.0	2.6936542671987005
132229.39666942076	6000.0	3300.65742235875	0.0	0	0.0	3530.054091779559	1	0	1.0	2.693654267198691
133200.0	6000.0	3330.0540917795183	0.0	0	22.29183941334486	3530.054091779559	1	0	1.0	2.693654267198693
134623.6447596329	6000.0	2906.409332146591	0.0	0	0.0	3530.0540917795443	1	0	1.0	2.6936542671986987
135809.3403427338	6000.0	2720.713749045714	0.0	0	0.0	3530.0540917795443	1	0	1.0	2.693654267198697
136806.6510246658	6000.0	2723.403067113719	0.0	0	0.0	3530.0540917795443	1	0	1.0	2.693654267198697
137789.8210179521	6000.0	2740.2330738274163	0.0	0	0.0	3530.054091779515	1	0	1.0	2.6936542671987054
138913.57719088744	6000.0	2616.476900892083	0.0	0	0.0	3530.054091779515	1	0	1.0	2.6936542671987054
139701.44988530682	6000.0	2828.604206472679	0.0	0	0.0	3530.054091779515	1	0	1.0	2.6936542671987054
140842.63559592958	6000.0	2687.4184958499354	0.0	0	0.0	3530.054091779515	1	0	1.0	2.6936542671987054
141865.7664300565	6000.0	2664.287661723003	0.0	0	0.0	3530.054091779515	1	0	1.0	2.6936542671987054
142855.06506692278	6000.0	2674.989024856747	0.0	0	0.0	3530.0540917795443	1	0	1.0	2.693654267198697
143727.26033952998	6000.0	2802.79375224953	0.0	0	0.0	3530.054091779515	1	0	1.0	2.6936542671987054
145040.5770036763	6000.0	2489.4770881031955	0.0	0	0.0	3530.054091779515	1	0	1.0	2.6936542671987054
146273.8838378273	6000.0	2256.1702539521784	0.0	0	0.0	3530.0540917795443	1	0	1.0	2.693654267198697
147201.18267898975	6000.0	2328.871412789752	0.0	0	0.0	3530.0540917795443	1	0	1.0	2.693654267198697
148239.46813482395	6000.0	2290.5859569555805	0.0	0	0.0	3530.0540917795734	1	0	1.0	2.6936542671986885
149192.6470958357	6000.0	2337.40699594385	0.0	0	0.0	3530.0540917795734	1	0	1.0	2.6936542671986885
150389.9321880654	6000.0	2140.121903714161	0.0	0	0.0	3530.0540917795443	1	0	1.0	2.693654267198697
151352.2378796277	6000.0	2177.816212151842	0.0	0	0.0	3530.0540917795443	1	0	1.0	2.693654267198697
152298.0150212982	6000.0	2232.0390704813162	0.0	0	0.0	3530.054091779515	1	0	1.0	2.6936542671987054
153087.47436280153	6000.0	2442.579728977982	0.0	0	0.0	3530.054091779515	1	0	1.0	2.6936542671987054
154117.89853379104	6000.0	2412.155557988509	0.0	0	0.0	3530.054091779515	1	0	1.0	2.6936542671987054
155322.45273960804	6000.0	2207.601352171499	0.0	0	0.0	3530.054091779515	1	0	1.0	2.6936542671987054
156522.4962325846	6000.0	2007.5578591949254	0.0	0	0.0	3530.054091779515	1	0	1.0	2.6936542671987054
157585.3145854776	6000.0	1944.739506301933	0.0	0	0.0	3530.054091779515	1	0	1.0	2.6936542671987054
158389.1876183279	6000.0	2140.8664734516437	0.0	0	0.0	3530.054091779515	1	0	1.0	2.6936542671987054
159207.61284287856	6000.0	2322.4412489010006	0.0	0	0.0	3530.054091779515	1	0	1.0	2.6936542671987054
160317.7272409859	6000.0	2212.326850793658	0.0	0	0.0	3530.054091779515	1	0	1.0	2.6936542671987054
161157.28611737333	6000.0	2372.7679744062184	0.0	0	0.0	3530.054091779515	1	0	1.0	2.6936542671987054
162193.46534097698	6000.0	2336.588750802565	0.0	0	0.0	3530.054091779515	1	0	1.0	2.6936542671987054
162943.03607311114	6000.0	2587.018018668418	0.0	0	0.0	3530.054091779515	1	0	1.0	2.6936542671987054
163766.03442626173	6000.0	2764.01966551782	0.0	0	0.0	3530.054091779457	1	0	1.0	2.6936542671987205
164751.72805651123	6000.0	2778.3260352683187	0.0	0	0.0	3530.054091779457	1	0	1.0	2.6936542671987223
165521.64259425097	6000.0	3008.411497528585	0.0	0	0.0	3530.054091779428	1	0	1.0	2.6936542671987307
166781.0213087102	6000.0	2749.0327830693805	0.0	0	0.0	3530.054091779428	1	0	1.0	2.6936542671987307
167532.4408859961	6000.0	2997.6132057834957	0.0	0	0.0	3530.054091779457	1	0	1.0	2.6936542671987223
168525.94205568373	6000.0	3004.1120360959044	0.0	0	0.0	3530.054091779515	1	0	1.0	2.6936542671987116
169222.90596081168	6000.0	3307.1481309679266	0.0	0	0.0	3530.054091779486	1	0	1.0	2.6936542671987134
170200.0	6000.0	3330.054091779638	0.0	0	160.88744155855966	3530.054091779515	1	0	1.0	2.6936542671987054
171323.96522687096	6000.0	3206.0888649086855	0.0	0	0.0	3530.054091779515	1	0	1.0	2.6936542671987054
172200.0	6000.0	3330.0540917796225	0.0	0	139.10486489636241	3530.054091779515	1	0	1.0	2.6936542671987054
173200.0	6000.0	3330.0540917796193	0.0	0	109.47269064889406	3530.054091779515	1	0	1.0	2.6936542671987054
174200.0	6000.0	3330.0540917796034	0.0	0	18.136402291595004	3530.054091779515	1	0	1.0	2.6936542671987054
175224.98072949573	6000.0	3305.0733622838848	0.0	0	0.0	3530.0540917795443	1	0	1.0	2.693654267198697
176259.8669716383	6000.0	3270.1871201413073	0.0	0	0.0	3530.054091779515	1	0	1.0	2.6936542671987054
177461.9405696666	6000.0	3068.11352211299	0.0	0	0.0	3530.054091779515	1	0	1.0	2.6936542671987054
178518.3926400168	6000.0	3011.6614517628013	0.0	0	0.0	3530.054091779515	1	0	1.0	2.6936542671987054
179411.6171273683	6000.0	3118.4369644112944	0.0	0	0.0	3530.0540917795443	1	0	1.0	2.693654267198697
180480.8594878978	6000.0	3049.1946038817955	0.0	0	0.0	3530.0540917795443	1	0	1.0	2.693654267198697
181668.1829097837	6000.0	2861.8711819959326	0.0	0	0.0	3530.0540917795734	1	0	1.0	2.6936542671986934
182479.8074439132	6000.0	3050.2466478664423	0.0	0	0.0	3530.0540917796025	1	0	1.0	2.69365426719868
183532.59163185692	6000.0	2997.462459922718	0.0	0	0.0	3530.0540917796316	1	0	1.0	2.6936542671986787
184441.21918181225	6000.0	3088.834909967357	0.0	0	0.0	3530.0540917796316	1	0	1.0	2.6936542671986716
185200.0	6000.0	3330.0540917796366	0.0	0	75.89826234505745	3530.0540917796316	1	0	1.0	2.6936542671986716
186200.0	6000.0	3330.0540917796525	0.0	0	175.21511820919113	3530.0540917796607	1	0	1.0	2.6936542671986636
187200.0	6000.0	3330.054091779641	0.0	0	35.51278426646604	3530.0540917796607	1	0	1.0	2.6936542671986636
188200.0	6000.0	3330.054091779668	0.0	0	255.11330263791024	3530.0540917796607	1	0	1.0	2.6936542671986636
189200.0	6000.0	3330.0540917796957	0.0	0	125.23701692320174	3530.0540917796898	1	0	1.0	2.693654267198655
190421.0696462514	6000.0	3108.9844455283155	0.0	0	0.0	3530.0540917796607	1	0	1.0	2.6936542671986636
191621.6564339487	6000.0	2908.397657831019	0.0	0	0.0	3530.0540917796607	1	0	1.0	2.6936542671986636
192757.5620416163	6000.0	2772.492050163409	0.0	0	0.0	3530.0540917796898	1	0	1.0	2.693654267198655
193871.3715400633	6000.0	2658.6825517164216	0.0	0	0.0	3530.0540917796898	1	0	1.0	2.693654267198655
194826.09352386446	6000.0	2703.9605679152223	0.0	0	0.0	3530.0540917796898	1	0	1.0	2.693654267198655
195833.49014511768	6000.0	2696.5639466620064	0.0	0	0.0	3530.0540917796898	1	0	1.0	2.693654267198655
196541.2854544736	6000.0	2988.7686373060806	0.0	0	0.0	3530.0540917796607	1	0	1.0	2.6936542671986636
197324.0993818609	6000.0	3205.9547099187853	0.0	0	0.0	3530.0540917796607	1	0	1.0	2.6936542671986636
198200.0	6000.0	3330.0540917796707	0.0	0	137.30499846421299	3530.0540917796607	1	0	1.0	2.6936542671986636
199220.30047592564	6000.0	3309.7536158540374	0.0	0	0.0	3530.0540917796607	1	0	1.0	2.6936542671986636
200629.32130357233	6000.0	2900.7327882073278	0.0	0	0.0	3530.0540917796607	1	0	1.0	2.6936542671986636
201723.2571668605	6000.0	2806.7969249191406	0.0	0	0.0	3530.0540917796316	1	0	1.0	2.6936542671986663
202711.23104115456	6000.0	2818.823050625072	0.0	0	0.0	3530.0540917796316	1	0	1.0	2.6936542671986716
203765.61484963942	6000.0	2764.4392421402067	0.0	0	0.0	3530.0540917796316	1	0	1.0	2.6936542671986716
204780.68367724348	6000.0	2749.370414536123	0.0	0	0.0	3530.0540917796025	1	0	1.0	2.69365426719868
205725.56515999572	6000.0	2804.4889317838797	0.0	0	0.0	3530.0540917796316	1	0	1.0	2.6936542671986716
206300.0319312485	6000.0	3230.022160531124	0.0	0	0.0	3530.0540917796316	1	0	1.0	2.6936542671986716
207200.0	6000.0	3330.0540917796347	0.0	0	6.993233693181537	3530.0540917796607	1	0	1.0	2.6936542671986636
208201.16356264768	6000.0	3328.8905291319393	0.0	0	0.0	3530.0540917796607	1	0	1.0	2.6936542671986636
209791.03403486495	6000.0	2739.020056914674	0.0	0	0.0	3530.0540917796316	1	0	1.0	2.6936542671986663
211385.35109256938	6000.0	2144.7029992102234	0.0	0	0.0	3530.0540917796025	1	0	1.0	2.69365426719868
212408.5630541464	6000.0	2121.4910376332127	0.0	0	0.0	3530.0540917796025	1	0	1.0	2.69365426719868
213684.55609616093	6000.0	1845.4979956186844	0.0	0	0.0	3530.0540917796025	1	0	1.0	2.69365426719868
214656.4199131915	6000.0	1873.6341785881423	0.0	0	0.0	3530.0540917796316	1	0	1.0	2.693654267198677
215820.75426361943	6000.0	1709.29982816019	0.0	0	0.0	3530.0540917796025	1	0	1.0	2.6936542671986783
216765.59339436816	6000.0	1764.4606974114524	0.0	0	0.0	3530.0540917796025	1	0	1.0	2.69365426719868
217820.64120997896	6000.0	1709.4128818006238	0.0	0	0.0	3530.0540917795734	1	0	1.0	2.693654267198685
218838.11391423125	6000.0	1691.940177548322	0.0	0	0.0	3530.0540917795734	1	0	1.0	2.6936542671986885
219670.6488305409	6000.0	1859.4052612386938	0.0	0	0.0	3530.0540917795734	1	0	1.0	2.6936542671986885
220213.1987647659	6000.0	2316.855327013678	0.0	0	0.0	3530.0540917795734	1	0	1.0	2.6936542671986885
220935.35523877366	6000.0	2594.6988530059384	0.0	0	0.0	3530.0540917795443	1	0	1.0	2.693654267198697
221777.39603845694	6000.0	2752.658053322643	0.0	0	0.0	3530.0540917795443	1	0	1.0	2.693654267198697
223147.26714961292	6000.0	2382.78694216666	0.0	0	0.0	3530.0540917795443	1	0	1.0	2.693654267198697
223924.97655304306	6000.0	2605.077538736532	0.0	0	0.0	3530.0540917795443	1	0	1.0	2.693654267198697
225022.29126785052	6000.0	2507.762823929052	0.0	0	0.0	3530.0540917795443	1	0	1.0	2.693654267198697
226540.0842201049	6000.0	1989.9698716746593	0.0	0	0.0	3530.0540917795734	1	0	1.0	2.6936542671986885
227677.40647511338	6000.0	1852.6476166661416	0.0	0	0.0	3530.0540917795443	1	0	1.0	2.693654267198697
229598.67549607198	6000.0	931.3785957075409	0.0	0	0.0	3530.0540917795443	1	0	1.0	2.693654267198692
230112.09262376736	3000.0	1417.9614680121847	0.0	0	0.0	3530.0540917795443	1	0	1.0	1.307359906078807
230743.41116833666	6000.0	1786.6429234428656	0.0	0	0.0	3530.054091779515	1	0	1.0	2.00050708663876
231434.74994035825	6000.0	2095.304151421252	0.0	0	0.0	3530.054091779486	1	0	1.0	2.6936542671987067
232191.50302342017	6000.0	2338.551068359347	0.0	0	0.0	3530.054091779486	1	0	1.0	2.6936542671987134
233515.8065704031	6000.0	2014.2475213764576	0.0	0	0.0	3530.054091779457	1	0	1.0	2.6936542671987223
234586.6108923715	6000.0	1943.4431994080396	0.0	0	0.0	3530.054091779428	1	0	1.0	2.6936542671987307
235995.5788834974	6000.0	1534.4752082821753	0.0	0	0.0	3530.054091779457	1	0	1.0	2.6936542671987254
237084.0392841028	6000.0	1446.0148076767498	0.0	0	0.0	3530.054091779457	1	0	1.0	2.6936542671987223
238044.70881601743	6000.0	1485.3452757620857	0.0	0	0.0	3530.054091779428	1	0	1.0	2.6936542671987307
238929.12130010343	6000.0	1600.932791676072	0.0	0	0.0	3530.0540917793987	1	0	1.0	2.693654267198739
240005.0899981484	6000.0	1524.9640936310598	0.0	0	0.0	3530.054091779428	1	0	1.0	2.6936542671987307
240941.36165081445	6000.0	1588.6924409649873	0.0	0	0.0	3530.054091779428	1	0	1.0	2.6936542671987307
242073.4965333998	6000.0	1456.5575583796315	0.0	0	0.0	3530.054091779457	1	0	1.0	2.6936542671987236
242747.32018474175	3000.0	1782.7339070376893	0.0	0	0.0	3530.054091779486	1	0	1.0	1.307359906078824
243437.28182114853	6000.0	2092.7722706308846	0.0	0	0.0	3530.054091779486	1	0	1.0	2.0005070866387684
244457.0197602095	6000.0	2073.0343315698897	0.0	0	0.0	3530.054091779486	1	0	1.0	2.6936542671987134
245265.913006741	6000.0	2264.141085038397	0.0	0	0.0	3530.054091779486	1	0	1.0	2.6936542671987134
246901.08926176868	6000.0	1628.9648300106849	0.0	0	0.0	3530.054091779486	1	0	1.0	2.6936542671987134
248139.18840316936	6000.0	1390.865688609998	0.0	0	0.0	3530.054091779486	1	0	1.0	2.693654267198715
249371.53018710474	6000.0	1158.52390467459	0.0	0	0.0	3530.054091779457	1	0	1.0	2.6936542671987223
250129.066343944	6000.0	1400.9877478353615	0.0	0	0.0	3530.054091779457	1	0	1.0	2.6936542671987223
251220.39650256681	6000.0	1309.6575892125306	0.0	0	0.0	3530.054091779428	1	0	1.0	2.6936542671987307
252199.59143529888	6000.0	1330.4626564804805	0.0	0	0.0	3530.054091779428	1	0	1.0	2.6936542671987307
253426.49092879708	6000.0	1103.563162982282	0.0	0	0.0	3530.054091779428	1	0	1.0	2.6936542671987307
254599.04716847296	6000.0	931.0069233063759	0.0	0	0.0	3530.054091779457	1	0	1.0	2.6936542671987223
255597.7597090569	6000.0	932.2943827224581	0.0	0	0.0	3530.054091779486	1	0	1.0	2.6936542671987187
256131.15086842873	3000.0	1398.9032233506323	0.0	0	0.0	3530.054091779486	1	0	1.0	1.307359906078824
257615.68268594213	6000.0	914.3714058372353	0.0	0	0.0	3530.054091779486	1	0	1.0	2.0005070866387684
258894.43809949534	6000.0	635.615992284017	0.0	0	0.0	3530.054091779457	1	0	1.0	2.6936542671987223
259596.7669232941	3000.0	933.2871684852701	0.0	0	0.0	3530.054091779457	1	0	1.0	1.3073599060788323
260399.59344989684	3000.0	1130.4606418825704	0.0	0	0.0	3530.054091779486	1	0	1.0	2.000507086638769
260849.82589567016	3000.0	1680.2281961092663	0.0	0	0.0	3530.054091779486	1	0	1.0	2.000507086638769
261278.52867627944	3000.0	2251.5254154999634	0.0	0	0.0	3530.054091779457	1	0	1.0	2.0005070866387773
262152.7276034629	3000.0	2377.3264883165452	0.0	0	0.0	3530.054091779486	1	0	1.0	2.0005070866387755
263031.6872201824	3000.0	2498.366871597032	0.0	0	0.0	3530.054091779486	1	0	1.0	2.0005070866387653
263555.042131812	3000.0	2975.0119599673258	0.0	0	0.0	3530.0540917793987	1	0	1.0	2.0005070866387906
264634.86331853585	6000.0	2895.1907732434584	0.0	0	0.0	3530.0540917793114	1	0	1.0	2.000507086638809
265242.19351217203	6000.0	3287.8605796072725	0.0	0	0.0	3530.0540917792823	1	0	1.0	2.693654267198771
266200.0	6000.0	3330.0540917793105	0.0	0	146.08233498659683	3530.0540917792823	1	0	1.0	2.6936542671987724
267206.10753928724	6000.0	3323.9465524920865	0.0	0	0.0	3530.0540917793405	1	0	1.0	2.6936542671987556
268249.06262031454	6000.0	3280.9914714648057	0.0	0	0.0	3530.0540917793405	1	0	1.0	2.6936542671987556
269713.82083278516	6000.0	2816.2332589942307	0.0	0	0.0	3530.0540917792823	1	0	1.0	2.6936542671987627
270579.73686691205	6000.0	2950.317224867392	0.0	0	0.0	3530.0540917792823	1	0	1.0	2.6936542671987724
271200.0	6000.0	3330.054091779471	0.0	0	65.30461772886338	3530.0540917792823	1	0	1.0	2.6936542671987724
272200.0	6000.0	3330.0540917795197	0.0	0	69.91328964981949	3530.0540917792823	1	0	1.0	2.6936542671987724
273311.64802113554	6000.0	3218.406070643997	0.0	0	0.0	3530.0540917792823	1	0	1.0	2.6936542671987724
274200.0	6000.0	3330.0540917794565	0.0	0	151.99181783566019	3530.054091779224	1	0	1.0	2.693654267198789
275200.0	6000.0	3330.0540917794597	0.0	0	416.21558714448474	3530.054091779224	1	0	1.0	2.693654267198789
276200.0	6000.0	3330.0540917794	0.0	0	454.54644502181327	3530.054091779224	1	0	1.0	2.693654267198789
277200.0	6000.0	3330.054091779479	0.0	0	237.73641967383446	3530.054091779224	1	0	1.0	2.693654267198789
278200.0	6000.0	3330.0540917794024	0.0	0	118.77640883356798	3530.054091779224	1	0	1.0	2.693654267198789
279200.0	6000.0	3330.054091779412	0.0	0	37.88527102896478	3530.0540917792823	1	0	1.0	2.6936542671987724
280200.0	6000.0	3330.054091779384	0.0	0	45.22355851455359	3530.054091779224	1	0	1.0	2.693654267198789
281200.0	6000.0	3330.054091779405	0.0	0	270.6700983563205	3530.054091779224	1	0	1.0	2.693654267198789
282200.0	6000.0	3330.054091779398	0.0	0	24.451239262882154	3530.054091779166	1	0	1.0	2.6936542671988057
283552.8652967641	6000.0	2977.1887950153155	0.0	0	0.0	3530.054091779166	1	0	1.0	2.6936542671988057
284755.3736014969	6000.0	2774.6804902825365	0.0	0	0.0	3530.054091779166	1	0	1.0	2.6936542671988057
285910.3754161128	6000.0	2619.6786756666647	0.0	0	0.0	3530.0540917791077	1	0	1.0	2.693654267198819
286563.67170241376	6000.0	2966.382389365642	0.0	0	0.0	3530.0540917791077	1	0	1.0	2.6936542671988226
287456.38607467763	6000.0	3073.6680171017642	0.0	0	0.0	3530.0540917790495	1	0	1.0	2.693654267198826
288612.6079680771	6000.0	2917.446123702244	0.0	0	0.0	3530.0540917790495	1	0	1.0	2.6936542671988395
289911.79376597056	6000.0	2618.2603258087365	0.0	0	0.0	3530.0540917790495	1	0	1.0	2.6936542671988395
291121.428158477	6000.0	2408.6259333023254	0.0	0	0.0	3530.0540917791077	1	0	1.0	2.6936542671988226
291919.25689365895	6000.0	2610.7971981204605	0.0	0	0.0	3530.0540917791077	1	0	1.0	2.6936542671988226
293353.76439314365	6000.0	2176.289698635816	0.0	0	0.0	3530.0540917791077	1	0	1.0	2.6936542671988226
294513.60951654444	6000.0	2016.444575235006	0.0	0	0.0	3530.0540917791077	1	0	1.0	2.6936542671988226
295334.0971316746	6000.0	2195.9569601048743	0.0	0	0.0	3530.0540917791077	1	0	1.0	2.6936542671988226
296562.922301798	6000.0	1967.1317899814592	0.0	0	0.0	3530.0540917791077	1	0	1.0	2.6936542671988226
297487.27558389935	6000.0	2042.7785078801303	0.0	0	0.0	3530.0540917790495	1	0	1.0	2.6936542671988395
298363.51329768315	6000.0	2166.5407940962996	0.0	0	0.0	3530.0540917790495	1	0	1.0	2.6936542671988395
299205.5900397718	6000.0	2324.4640520076387	0.0	0	0.0	3530.0540917790495	1	0	1.0	2.6936542671988395
300360.5007626046	6000.0	2169.55332917493	0.0	0	0.0	3530.0540917790495	1	0	1.0	2.6936542671988395
301093.19616868877	6000.0	2436.8579230907753	0.0	0	0.0	3530.0540917790495	1	0	1.0	2.6936542671988395
6.6890909090909085	6.281090909090909	6.071090909090909	6.3670909090909085	6.701090909090909	6.687090909090909	7.177090909090909	6.549090909090909	6.539090909090909	6.445090909090909	6.053090909090908	6.265090909090909	6.761090909090909	6.363090909090909	6.485090909090909	6.1490909090909085	6.361090909090909	6.627090909090909	6.687090909090909	6.885090909090909	6.6010909090909085	6.805090909090909	6.3830909090909085	6.363090909090909	6.659090909090909	6.719090909090909	6.331090909090909	6.791090909090909	6.767090909090909	6.405090909090909	6.739090909090909	6.711090909090909	7.291090909090909	6.773090909090909	6.055090909090909	6.071090909090909	6.475090909090909	6.475090909090909	6.549090909090909	6.737090909090909	6.731090909090909	6.521090909090908	6.499090909090909	7.39	8.27	6.56	6.38	6.8	4.43	6.95	5.44	6.27	5.36	5.79	8.02	7.69	6.42	4.6	5.35	4.24	6.6	4.07	6.15	5.21	7.6	5.41	5.1	7.04	10.4	10.5	4.56	5.75	6.58	5.7	4.87	5.88	3.46	2.86	6.04	8.38	7.77	6.06	5.55	5.05	4.31	7.39	6.01	5.55	5.1	6.23	3.71	7.19	5.58	6.19	4.48	6.14	4.1	5.09	8.18	5.37	6.02	5.33	5.92	6.9	4.83	4.7	6.55	5.95	5.35	5.63	4.04	4.85	7.21	8.66	7.04	5.65	5.75	4.84	5.36	8.23	8.44	4.88	7.25	9.05	9.68	6.36	8.09	8.24	5.83	6.59	5.24	5.18	5.95	6.32	7.07	6.75	6.97	5.7266666666666675	6.140666666666667	6.136666666666667	6.0166666666666675	5.386666666666667	5.828666666666667	6.074666666666667	5.9606666666666674	6.442666666666667	7.140666666666667	6.5086666666666675	6.446666666666667	7.2130909090909086	6.6890909090909085	6.281090909090909	6.071090909090909	6.3670909090909085	6.701090909090909	6.687090909090909	7.177090909090909	6.549090909090909	6.539090909090909	6.445090909090909	6.053090909090908	6.265090909090909	6.761090909090909	6.363090909090909	6.485090909090909	6.1490909090909085	6.361090909090909	6.627090909090909	6.687090909090909	6.885090909090909	6.6010909090909085	6.805090909090909	6.3830909090909085	6.363090909090909	6.659090909090909	6.719090909090909	6.331090909090909	6.791090909090909	6.767090909090909	6.405090909090909	6.739090909090909	6.711090909090909	7.291090909090909	6.773090909090909	6.055090909090909	6.071090909090909	6.475090909090909	6.475090909090909	6.549090909090909	6.737090909090909	6.731090909090909	6.521090909090908	6.499090909090909	7.39	8.27	6.56	6.38	6.8	4.43	6.95	5.44	6.27	5.36	5.79	8.02	7.69	6.42	4.6	5.35	4.24	6.6	4.07	6.15	5.21	7.6	5.41	5.1	7.04	10.4	10.5	4.56	5.75	6.58	5.7	4.87	5.88	3.46	2.86	6.04	8.38	7.77	6.06	5.55	5.05	4.31	7.39	6.01	5.55	5.1	6.23	3.71	7.19	5.58	6.19	4.48	6.14	4.1	5.09	8.18	5.37	6.02	5.33	5.92	6.9	4.83	4.7	6.55	5.95	5.35	5.63	4.04	4.85	7.21	8.66	7.04	5.65	5.75	4.84	5.36	8.23	8.44	4.88	7.25	9.05	9.68	6.36	8.09	8.24	5.83	6.59	5.24	5.18	5.95	6.32	7.07	6.75	6.97	5.7266666666666675	6.140666666666667	6.136666666666667	6.0166666666666675	5.386666666666667	5.828666666666667	6.074666666666667	5.9606666666666674	6.442666666666667	7.140666666666667	6.5086666666666675	6.446666666666667	7.2130909090909086	6.6890909090909085	6.281090909090909	6.071090909090909	6.3670909090909085
1.0	2.0	3.0	4.0	5.0	6.0	7.0	8.0	9.0	10.0	11.0	12.0	13.0	14.0	15.0	16.0	17.0	18.0	19.0	20.0	21.0	22.0	23.0	24.0	25.0	26.0	27.0	28.0	29.0	30.0	31.0	32.0	33.0	34.0	35.0	36.0	37.0	38.0	39.0	40.0	41.0	42.0	43.0	44.0	45.0	46.0	47.0	48.0	49.0	50.0	51.0	52.0	53.0	54.0	55.0	56.0	57.0	58.0	59.0	60.0	61.0	62.0	63.0	64.0	65.0	66.0	67.0	68.0	69.0	70.0	71.0	72.0	73.0	74.0	75.0	76.0	77.0	78.0	79.0	80.0	81.0	82.0	83.0	84.0	85.0	86.0	87.0	88.0	89.0	90.0	91.0	92.0	93.0	94.0	95.0	96.0	97.0	98.0	99.0	100.0	101.0	102.0	103.0	104.0	105.0	106.0	107.0	108.0	109.0	110.0	111.0	112.0	113.0	114.0	115.0	116.0	117.0	118.0	119.0	120.0	121.0	122.0	123.0	124.0	125.0	126.0	127.0	128.0	129.0	130.0	131.0	132.0	133.0	134.0	135.0	136.0	137.0	138.0	139.0	140.0	141.0	142.0	143.0	144.0	145.0	146.0	147.0	148.0	149.0	149.0	150.0	151.0	152.0	153.0	154.0	155.0	156.0	157.0	158.0	159.0	160.0	161.0	162.0	163.0	164.0	165.0	166.0	167.0	168.0	169.0	170.0	171.0	172.0	173.0	174.0	175.0	176.0	177.0	178.0	179.0	180.0	181.0	182.0	183.0	184.0	185.0	186.0	187.0	188.0	189.0	190.0	191.0	192.0	193.0	194.0	195.0	196.0	197.0	198.0	199.0	200.0	201.0	202.0	203.0	204.0	205.0	206.0	207.0	208.0	209.0	210.0	211.0	212.0	213.0	214.0	215.0	216.0	217.0	218.0	219.0	220.0	221.0	222.0	223.0	224.0	225.0	226.0	227.0	228.0	229.0	230.0	231.0	232.0	233.0	234.0	235.0	236.0	237.0	238.0	239.0	240.0	241.0	242.0	243.0	244.0	245.0	246.0	247.0	248.0	249.0	250.0	251.0	252.0	253.0	254.0	255.0	256.0	257.0	258.0	259.0	260.0	261.0	262.0	263.0	264.0	265.0	266.0	267.0	268.0	269.0	270.0	271.0	272.0	273.0	274.0	275.0	276.0	277.0	278.0	279.0	280.0	281.0	282.0	283.0	284.0	285.0	286.0	287.0	288.0	289.0	290.0	291.0	292.0	293.0	294.0	295.0	296.0	297.0	298.0	298.0	299.0	300.0	301.0	302.0
2429.0896639496673
