4018.5380311847266	2000.0	2000.0	269.7863200145791	0	0.0	4018.5380311847266	1	0	1.0	-2.06891029000715
4912.260829067679	6000.0	2106.2772021170485	0.0	0	0.0	4018.5380311847275	1	0	1.0	1.4223581677858186
5797.837700895871	6000.0	2220.700330288856	0.0	0	0.0	4018.5380311847266	1	0	1.0	2.520970456453928
6362.738734182544	6000.0	2655.7992970021846	0.0	0	0.0	4018.538031184728	1	0	1.0	2.520970456453928
7347.197795957547	6000.0	2671.340235227181	0.0	0	0.0	4018.538031184727	1	0	1.0	2.520970456453928
8160.697537536134	6000.0	2857.840493648594	0.0	0	0.0	4018.5380311847275	1	0	1.0	2.520970456453928
8979.297825004387	6000.0	3039.24020618034	0.0	0	0.0	4018.5380311847257	1	0	1.0	2.520970456453928
9557.384133175075	6000.0	3461.1538980096525	0.0	0	0.0	4018.5380311847257	1	0	1.0	2.5209704564539286
10200.0	6000.0	3818.538031184729	0.0	0	69.63719240509454	4018.5380311847266	1	0	1.0	2.5209704564539286
11200.0	6000.0	3818.5380311847284	0.0	0	135.7676804223538	4018.5380311847257	1	0	1.0	2.520970456453928
12200.0	6000.0	3818.5380311847275	0.0	0	89.33002653658696	4018.5380311847257	1	0	1.0	2.520970456453929
13200.0	6000.0	3818.538031184728	0.0	0	320.3420257333073	4018.5380311847257	1	0	1.0	2.5209704564539286
14200.0	6000.0	3818.5380311847275	0.0	0	205.84149121089285	4018.5380311847257	1	0	1.0	2.5209704564539286
15200.0	6000.0	3818.538031184727	0.0	0	432.07041241398656	4018.538031184724	1	0	1.0	2.520970456453929
16200.0	6000.0	3818.5380311847266	0.0	0	155.40347255803863	4018.538031184724	1	0	1.0	2.520970456453929
17200.0	6000.0	3818.5380311847243	0.0	0	65.00597278150599	4018.538031184724	1	0	1.0	2.520970456453929
18200.0	6000.0	3818.5380311847202	0.0	0	363.5521213908869	4018.5380311847184	1	0	1.0	2.520970456453931
19200.0	6000.0	3818.538031184718	0.0	0	463.34209676207684	4018.5380311847166	1	0	1.0	2.520970456453932
20200.0	6000.0	3818.53803118472	0.0	0	133.1746553858975	4018.5380311847184	1	0	1.0	2.520970456453931
21200.0	6000.0	3818.538031184717	0.0	0	183.8547830715106	4018.5380311847184	1	0	1.0	2.5209704564539317
22200.0	6000.0	3818.5380311847175	0.0	0	388.7460599454498	4018.538031184722	1	0	1.0	2.5209704564539304
23200.0	6000.0	3818.5380311847175	0.0	0	287.6083803913207	4018.538031184722	1	0	1.0	2.5209704564539304
24200.0	6000.0	3818.53803118472	0.0	0	54.695265318649035	4018.538031184722	1	0	1.0	2.5209704564539304
25200.0	6000.0	3818.538031184718	0.0	0	116.65472341077839	4018.538031184722	1	0	1.0	2.5209704564539304
26200.0	6000.0	3818.5380311847175	0.0	0	146.18979085322644	4018.538031184722	1	0	1.0	2.5209704564539304
27200.0	6000.0	3818.538031184716	0.0	0	265.9379527964629	4018.5380311847184	1	0	1.0	2.5209704564539317
28200.0	6000.0	3818.538031184713	0.0	0	447.48873261359404	4018.5380311847184	1	0	1.0	2.5209704564539317
29200.0	6000.0	3818.5380311847152	0.0	0	257.8754603206471	4018.538031184715	1	0	1.0	2.520970456453933
30200.0	6000.0	3818.5380311847175	0.0	0	266.7759609082859	4018.538031184715	1	0	1.0	2.520970456453933
31200.0	6000.0	3818.5380311847216	0.0	0	318.9481265537579	4018.538031184715	1	0	1.0	2.520970456453933
32200.0	6000.0	3818.5380311847157	0.0	0	368.89616503797515	4018.538031184715	1	0	1.0	2.520970456453933
33200.0	6000.0	3818.538031184722	0.0	0	263.1251500185426	4018.5380311847184	1	0	1.0	2.5209704564539335
34200.0	6000.0	3818.5380311847266	0.0	0	242.48941624480358	4018.5380311847257	1	0	1.0	2.520970456453929
35200.0	6000.0	3818.5380311847334	0.0	0	468.08672975515947	4018.5380311847366	1	0	1.0	2.5209704564539255
36200.0	6000.0	3818.5380311847393	0.0	0	483.8839349567279	4018.538031184744	1	0	1.0	2.520970456453922
37200.0	6000.0	3818.5380311847402	0.0	0	115.64808575990173	4018.5380311847402	1	0	1.0	2.520970456453922
38200.0	6000.0	3818.5380311847257	0.0	0	421.54947839144006	4018.5380311847402	1	0	1.0	2.520970456453922
39200.0	6000.0	3818.538031184713	0.0	0	88.02403521184169	4018.5380311847402	1	0	1.0	2.520970456453922
40200.0	6000.0	3818.538031184714	0.0	0	37.999972584504576	4018.5380311847475	1	0	1.0	2.5209704564539193
41200.0	6000.0	3818.538031184717	0.0	0	414.4086432911208	4018.5380311847475	1	0	1.0	2.5209704564539193
42200.0	6000.0	3818.538031184709	0.0	0	138.60545567782538	4018.5380311847475	1	0	1.0	2.5209704564539193
43200.0	6000.0	3818.5380311847075	0.0	0	408.06014371656784	4018.5380311847475	1	0	1.0	2.5209704564539193
44200.0	6000.0	3818.538031184709	0.0	0	223.75170369147236	4018.5380311847475	1	0	1.0	2.5209704564539193
45200.0	6000.0	3818.5380311847125	0.0	0	213.72551048397872	4018.5380311847402	1	0	1.0	2.520970456453922
46200.0	6000.0	3818.5380311847243	0.0	0	429.5525650811978	4018.5380311847402	1	0	1.0	2.520970456453922
47200.0	6000.0	3818.5380311847307	0.0	0	386.8575289683504	4018.5380311847402	1	0	1.0	2.520970456453922
48200.0	6000.0	3818.5380311847334	0.0	0	383.0683101750765	4018.5380311847402	1	0	1.0	2.520970456453922
49200.0	6000.0	3818.538031184734	0.0	0	290.22502663570776	4018.5380311847402	1	0	1.0	2.520970456453922
50200.0	6000.0	3818.5380311847384	0.0	0	348.6157782186565	4018.5380311847402	1	0	1.0	2.520970456453922
51200.0	6000.0	3818.5380311847434	0.0	0	385.03158887597965	4018.5380311847402	1	0	1.0	2.520970456453922
52200.0	6000.0	3818.5380311847407	0.0	0	373.4161089765548	4018.5380311847402	1	0	1.0	2.520970456453922
53200.0	6000.0	3818.538031184739	0.0	0	465.5909360905498	4018.5380311847402	1	0	1.0	2.520970456453922
54200.0	6000.0	3818.53803118474	0.0	0	282.95399450376135	4018.5380311847402	1	0	1.0	2.520970456453922
55200.0	6000.0	3818.5380311847407	0.0	0	353.4431621102922	4018.5380311847475	1	0	1.0	2.5209704564539193
56200.0	6000.0	3818.538031184739	0.0	0	334.3174730062019	4018.5380311847475	1	0	1.0	2.5209704564539193
57200.0	6000.0	3818.5380311847302	0.0	0	270.0746488505174	4018.5380311847475	1	0	1.0	2.5209704564539193
58200.0	6000.0	3818.5380311847243	0.0	0	164.23281619093177	4018.5380311847402	1	0	1.0	2.520970456453922
59200.0	6000.0	3818.5380311847266	0.0	0	440.9163803748088	4018.538031184733	1	0	1.0	2.5209704564539246
60200.0	6000.0	3818.538031184724	0.0	0	267.10917980829254	4018.538031184733	1	0	1.0	2.5209704564539246
61200.0	6000.0	3818.5380311847216	0.0	0	352.59127783658914	4018.538031184733	1	0	1.0	2.5209704564539246
62200.0	6000.0	3818.5380311847252	0.0	0	522.1370166687848	4018.538031184733	1	0	1.0	2.5209704564539246
63200.0	6000.0	3818.5380311847266	0.0	0	191.42425254371483	4018.538031184733	1	0	1.0	2.5209704564539246
64200.0	6000.0	3818.538031184728	0.0	0	383.2006492986984	4018.538031184733	1	0	1.0	2.5209704564539246
65200.0	6000.0	3818.5380311847202	0.0	0	425.0005549268317	4018.538031184733	1	0	1.0	2.5209704564539246
66200.0	6000.0	3818.5380311847175	0.0	0	241.91158826032188	4018.538031184733	1	0	1.0	2.5209704564539237
67200.0	6000.0	3818.5380311847175	0.0	0	299.2864228305989	4018.5380311847402	1	0	1.0	2.520970456453922
68200.0	6000.0	3818.5380311847075	0.0	0	438.02830188462394	4018.538031184733	1	0	1.0	2.5209704564539246
69200.0	6000.0	3818.538031184714	0.0	0	264.8706752649887	4018.538031184733	1	0	1.0	2.5209704564539264
70200.0	6000.0	3818.5380311847252	0.0	0	412.7894366290566	4018.5380311847402	1	0	1.0	2.520970456453922
71200.0	6000.0	3818.53803118471	0.0	0	453.3669068633608	4018.5380311847402	1	0	1.0	2.520970456453922
72200.0	6000.0	3818.5380311847184	0.0	0	197.71912339897244	4018.5380311847402	1	0	1.0	2.520970456453922
73200.0	6000.0	3818.5380311847234	0.0	0	314.7451821792056	4018.5380311847402	1	0	1.0	2.520970456453922
74200.0	6000.0	3818.5380311847166	0.0	0	257.2761700774281	4018.5380311847402	1	0	1.0	2.520970456453922
75200.0	6000.0	3818.5380311846993	0.0	0	182.5626294080721	4018.5380311847402	1	0	1.0	2.520970456453922
76200.0	6000.0	3818.538031184708	0.0	0	389.1891763849271	4018.5380311847402	1	0	1.0	2.520970456453922
77200.0	6000.0	3818.5380311847266	0.0	0	415.6343916203041	4018.538031184755	1	0	1.0	2.5209704564539157
78200.0	6000.0	3818.5380311847293	0.0	0	423.8148173621594	4018.538031184755	1	0	1.0	2.5209704564539157
79200.0	6000.0	3818.5380311847216	0.0	0	365.4093396947137	4018.538031184755	1	0	1.0	2.5209704564539157
80200.0	6000.0	3818.538031184738	0.0	0	233.89501784471213	4018.538031184755	1	0	1.0	2.5209704564539157
81200.0	6000.0	3818.5380311847293	0.0	0	162.02481784568226	4018.538031184755	1	0	1.0	2.5209704564539157
82200.0	6000.0	3818.5380311847216	0.0	0	482.7212471660605	4018.538031184755	1	0	1.0	2.5209704564539157
83200.0	6000.0	3818.5380311847116	0.0	0	297.55521476999274	4018.538031184755	1	0	1.0	2.5209704564539157
84200.0	6000.0	3818.5380311847134	0.0	0	356.0418100542738	4018.538031184755	1	0	1.0	2.5209704564539157
85200.0	6000.0	3818.5380311847184	0.0	0	199.851909853518	4018.538031184755	1	0	1.0	2.5209704564539157
86200.0	6000.0	3818.538031184707	0.0	0	511.2699685390253	4018.538031184755	1	0	1.0	2.5209704564539157
87200.0	6000.0	3818.5380311847084	0.0	0	434.5928663138475	4018.538031184755	1	0	1.0	2.5209704564539157
88200.0	6000.0	3818.5380311847066	0.0	0	242.98679252875445	4018.538031184755	1	0	1.0	2.5209704564539157
89200.0	6000.0	3818.538031184704	0.0	0	534.5802408980235	4018.5380311847694	1	0	1.0	2.5209704564539104
90200.0	6000.0	3818.5380311847102	0.0	0	172.07303046248853	4018.538031184755	1	0	1.0	2.5209704564539157
91278.7166919333	6000.0	3739.821339251423	0.0	0	0.0	4018.538031184755	1	0	1.0	2.5209704564539157
92382.40179797525	6000.0	3636.136233209476	0.0	0	0.0	4018.5380311847402	1	0	1.0	2.520970456453922
93244.56298647578	6000.0	3773.975044708963	0.0	0	0.0	4018.5380311847402	1	0	1.0	2.520970456453922
94200.0	6000.0	3818.5380311847425	0.0	0	171.12808875796327	4018.5380311847402	1	0	1.0	2.520970456453922
95200.0	6000.0	3818.538031184745	0.0	0	475.33170704738586	4018.5380311847402	1	0	1.0	2.520970456453922
96200.0	6000.0	3818.538031184744	0.0	0	241.18367974129796	4018.5380311847257	1	0	1.0	2.5209704564539286
97200.0	6000.0	3818.5380311847434	0.0	0	285.685412036808	4018.538031184711	1	0	1.0	2.520970456453935
98200.0	6000.0	3818.5380311847316	0.0	0	289.0596937391965	4018.538031184711	1	0	1.0	2.520970456453935
99200.0	6000.0	3818.538031184742	0.0	0	561.6810006892774	4018.538031184711	1	0	1.0	2.520970456453935
100200.0	6000.0	3818.5380311847466	0.0	0	374.5657614165102	4018.538031184711	1	0	1.0	2.520970456453935
101200.0	6000.0	3818.538031184746	0.0	0	223.4793873085	4018.538031184711	1	0	1.0	2.520970456453935
102200.0	6000.0	3818.5380311847343	0.0	0	233.57872192078503	4018.538031184711	1	0	1.0	2.520970456453935
103200.0	6000.0	3818.5380311847466	0.0	0	348.23033799357654	4018.538031184711	1	0	1.0	2.520970456453935
104200.0	6000.0	3818.538031184739	0.0	0	486.3346591645677	4018.538031184711	1	0	1.0	2.520970456453935
105200.0	6000.0	3818.538031184753	0.0	0	195.62921695856494	4018.5380311847257	1	0	1.0	2.5209704564539286
106200.0	6000.0	3818.5380311847503	0.0	0	463.397350041545	4018.538031184711	1	0	1.0	2.520970456453935
107200.0	6000.0	3818.538031184742	0.0	0	291.309619448788	4018.538031184711	1	0	1.0	2.520970456453935
108200.0	6000.0	3818.538031184754	0.0	0	105.57425434264587	4018.538031184711	1	0	1.0	2.520970456453935
109200.0	6000.0	3818.5380311847553	0.0	0	406.14556128410914	4018.538031184711	1	0	1.0	2.520970456453935
110373.13967122824	6000.0	3645.3983599565017	0.0	0	0.0	4018.5380311846966	1	0	1.0	2.520970456453941
111417.97431149453	6000.0	3600.563719690229	0.0	0	0.0	4018.5380311846966	1	0	1.0	2.520970456453941
112200.0	6000.0	3818.538031184765	0.0	0	72.37705713689502	4018.5380311846966	1	0	1.0	2.520970456453941
113200.0	6000.0	3818.538031184758	0.0	0	451.1090712118312	4018.538031184711	1	0	1.0	2.520970456453935
114200.0	6000.0	3818.5380311847657	0.0	0	500.81154220280587	4018.538031184711	1	0	1.0	2.520970456453935
115200.0	6000.0	3818.5380311847694	0.0	0	215.98364671658783	4018.538031184711	1	0	1.0	2.520970456453935
116200.0	6000.0	3818.538031184775	0.0	0	126.69815026859578	4018.5380311847257	1	0	1.0	2.5209704564539286
117200.0	6000.0	3818.5380311847716	0.0	0	264.8953733020753	4018.5380311847257	1	0	1.0	2.5209704564539286
118200.0	6000.0	3818.5380311847753	0.0	0	297.78006832656683	4018.5380311847257	1	0	1.0	2.5209704564539286
119200.0	6000.0	3818.538031184775	0.0	0	532.3321249662404	4018.5380311847257	1	0	1.0	2.5209704564539286
120200.0	6000.0	3818.538031184773	0.0	0	470.4980077564542	4018.5380311847257	1	0	1.0	2.5209704564539286
121200.0	6000.0	3818.538031184759	0.0	0	351.81769506749697	4018.5380311847257	1	0	1.0	2.5209704564539286
122200.0	6000.0	3818.5380311847543	0.0	0	430.7353823967278	4018.5380311847257	1	0	1.0	2.5209704564539286
123200.0	6000.0	3818.538031184745	0.0	0	152.61588539066724	4018.5380311847402	1	0	1.0	2.520970456453922
124200.0	6000.0	3818.5380311847584	0.0	0	160.17588509374764	4018.5380311847402	1	0	1.0	2.520970456453922
125200.0	6000.0	3818.5380311847543	0.0	0	136.5650547137484	4018.5380311847402	1	0	1.0	2.520970456453922
126200.0	6000.0	3818.538031184744	0.0	0	5.049188164557563	4018.5380311847402	1	0	1.0	2.520970456453922
127200.0	6000.0	3818.538031184728	0.0	0	34.4770111177495	4018.5380311847402	1	0	1.0	2.520970456453922
128200.0	6000.0	3818.5380311847266	0.0	0	374.02253906059195	4018.5380311847257	1	0	1.0	2.5209704564539286
129268.17073823507	6000.0	3750.367292949647	0.0	0	0.0	4018.5380311847257	1	0	1.0	2.5209704564539286
130200.0	6000.0	3818.538031184718	0.0	0	167.59593275630323	4018.5380311847402	1	0	1.0	2.520970456453922
131200.0	6000.0	3818.5380311847293	0.0	0	488.26289318923955	4018.5380311847402	1	0	1.0	2.520970456453922
132200.0	6000.0	3818.5380311847493	0.0	0	482.1430814244377	4018.538031184755	1	0	1.0	2.5209704564539184
133318.88143451844	6000.0	3699.6565966662984	0.0	0	169.31535143271321	4018.538031184755	1	0	1.0	2.5209704564539157
134200.0	6000.0	3818.5380311847252	0.0	0	188.46766582605778	4018.538031184755	1	0	1.0	2.520970456453914
135200.0	6000.0	3818.538031184757	0.0	0	327.28181267451146	4018.538031184813	1	0	1.0	2.5209704564539064
136200.0	6000.0	3818.5380311847453	0.0	0	297.27811974150245	4018.538031184813	1	0	1.0	2.520970456453891
137200.0	6000.0	3818.538031184748	0.0	0	417.02313040129957	4018.538031184784	1	0	1.0	2.5209704564539037
138200.0	6000.0	3818.538031184749	0.0	0	186.84978965844493	4018.538031184784	1	0	1.0	2.5209704564539037
139200.0	6000.0	3818.5380311847503	0.0	0	229.00941410657833	4018.538031184755	1	0	1.0	2.5209704564539157
140200.0	6000.0	3818.5380311847334	0.0	0	450.762653171696	4018.538031184755	1	0	1.0	2.5209704564539157
141200.0	6000.0	3818.538031184707	0.0	0	347.1298270736588	4018.538031184755	1	0	1.0	2.5209704564539157
142200.0	6000.0	3818.538031184693	0.0	0	394.6089385855885	4018.5380311847257	1	0	1.0	2.5209704564539286
143200.0	6000.0	3818.538031184739	0.0	0	323.6933132583217	4018.538031184755	1	0	1.0	2.5209704564539157
144200.0	6000.0	3818.538031184756	0.0	0	305.39479802531423	4018.538031184755	1	0	1.0	2.5209704564539157
145200.0	6000.0	3818.53803118471	0.0	0	245.8335069064924	4018.5380311847257	1	0	1.0	2.5209704564539286
146200.0	6000.0	3818.538031184714	0.0	0	341.3551359422854	4018.5380311847257	1	0	1.0	2.5209704564539286
147200.0	6000.0	3818.5380311847016	0.0	0	404.0370214371942	4018.5380311847257	1	0	1.0	2.5209704564539286
148200.0	6000.0	3818.5380311846798	0.0	0	264.18007358847535	4018.5380311847257	1	0	1.0	2.5209704564539286
149200.0	6000.0	3818.538031184719	0.0	0	181.39757293465664	4018.538031184755	1	0	1.0	2.5209704564539157
150200.0	6000.0	3818.5380311847184	0.0	0	387.6939118754235	4018.538031184755	1	0	1.0	2.5209704564539157
151200.0	6000.0	3818.5380311846843	0.0	0	433.61077818632475	4018.538031184755	1	0	1.0	2.5209704564539157
152200.0	6000.0	3818.5380311846843	0.0	0	438.26829936378635	4018.538031184755	1	0	1.0	2.5209704564539157
153200.0	6000.0	3818.538031184657	0.0	0	494.6426472548919	4018.538031184755	1	0	1.0	2.5209704564539157
154200.0	6000.0	3818.5380311846916	0.0	0	104.76350957190152	4018.538031184755	1	0	1.0	2.5209704564539157
155200.0	6000.0	3818.538031184672	0.0	0	344.963014505367	4018.538031184755	1	0	1.0	2.5209704564539157
156200.0	6000.0	3818.5380311846616	0.0	0	181.2979339780577	4018.538031184784	1	0	1.0	2.5209704564539037
157200.0	6000.0	3818.5380311846316	0.0	0	444.71632540936116	4018.538031184784	1	0	1.0	2.5209704564539037
158200.0	6000.0	3818.538031184657	0.0	0	214.98349493782734	4018.538031184813	1	0	1.0	2.520970456453891
159200.0	6000.0	3818.53803118468	0.0	0	364.6620508710621	4018.538031184784	1	0	1.0	2.5209704564539037
160200.0	6000.0	3818.5380311847007	0.0	0	112.6590449095529	4018.538031184813	1	0	1.0	2.520970456453893
161200.0	6000.0	3818.538031184708	0.0	0	163.56523073709104	4018.538031184813	1	0	1.0	2.520970456453891
162200.0	6000.0	3818.5380311847025	0.0	0	89.2677071771468	4018.538031184842	1	0	1.0	2.5209704564538793
163200.0	6000.0	3818.5380311847052	0.0	0	422.3769169973675	4018.538031184871	1	0	1.0	2.5209704564538664
164200.0	6000.0	3818.5380311846957	0.0	0	119.10417981774663	4018.538031184871	1	0	1.0	2.5209704564538664
165200.0	6000.0	3818.5380311846925	0.0	0	382.26004777726484	4018.538031184871	1	0	1.0	2.5209704564538664
166200.0	6000.0	3818.5380311846966	0.0	0	415.9973695454537	4018.5380311849003	1	0	1.0	2.5209704564538544
167200.0	6000.0	3818.538031184716	0.0	0	252.88090965841548	4018.5380311849003	1	0	1.0	2.5209704564538544
168200.0	6000.0	3818.538031184717	0.0	0	478.0477742362127	4018.5380311849003	1	0	1.0	2.5209704564538544
169200.0	6000.0	3818.5380311846975	0.0	0	482.86781990804593	4018.5380311849003	1	0	1.0	2.5209704564538544
170200.0	6000.0	3818.538031184724	0.0	0	270.84773260261863	4018.5380311849003	1	0	1.0	2.5209704564538544
171200.0	6000.0	3818.5380311846848	0.0	0	316.00232449985924	4018.538031184871	1	0	1.0	2.5209704564538664
172200.0	6000.0	3818.5380311847275	0.0	0	388.03791300731245	4018.5380311849003	1	0	1.0	2.5209704564538544
173200.0	6000.0	3818.538031184761	0.0	0	389.21570245630573	4018.5380311849003	1	0	1.0	2.5209704564538544
174200.0	6000.0	3818.538031184778	0.0	0	105.45590735090082	4018.538031184871	1	0	1.0	2.5209704564538664
175200.0	6000.0	3818.5380311847757	0.0	0	243.05452056150534	4018.538031184871	1	0	1.0	2.5209704564538664
176200.0	6000.0	3818.5380311847643	0.0	0	147.45421499788063	4018.538031184842	1	0	1.0	2.5209704564538793
177200.0	6000.0	3818.5380311847857	0.0	0	206.29897952169995	4018.538031184871	1	0	1.0	2.5209704564538664
178200.0	6000.0	3818.5380311847966	0.0	0	149.15141080194735	4018.5380311849003	1	0	1.0	2.5209704564538544
179200.0	6000.0	3818.5380311848076	0.0	0	106.09850779475528	4018.5380311849294	1	0	1.0	2.5209704564538415
180200.0	6000.0	3818.538031184809	0.0	0	78.21833790303208	4018.5380311849294	1	0	1.0	2.5209704564538415
181200.0	6000.0	3818.5380311848157	0.0	0	418.84437070484273	4018.5380311849294	1	0	1.0	2.5209704564538415
182200.0	6000.0	3818.538031184787	0.0	0	415.6345012082893	4018.5380311849003	1	0	1.0	2.5209704564538544
183200.0	6000.0	3818.53803118476	0.0	0	310.619469942234	4018.538031184871	1	0	1.0	2.5209704564538664
184200.0	6000.0	3818.538031184733	0.0	0	242.5923378681473	4018.5380311849003	1	0	1.0	2.5209704564538544
185200.0	6000.0	3818.53803118475	0.0	0	202.33836967352545	4018.5380311849294	1	0	1.0	2.520970456453847
186200.0	6000.0	3818.538031184741	0.0	0	430.34133536732406	4018.5380311849294	1	0	1.0	2.5209704564538415
187200.0	6000.0	3818.5380311847343	0.0	0	323.4207280605624	4018.5380311849003	1	0	1.0	2.5209704564538495
188200.0	6000.0	3818.5380311847366	0.0	0	437.0716356129269	4018.5380311849003	1	0	1.0	2.5209704564538544
189200.0	6000.0	3818.5380311847584	0.0	0	197.59216742715216	4018.5380311849294	1	0	1.0	2.520970456453844
190200.0	6000.0	3818.5380311847766	0.0	0	290.2159190020757	4018.5380311849294	1	0	1.0	2.5209704564538415
191200.0	6000.0	3818.5380311847857	0.0	0	49.58285029075341	4018.5380311849003	1	0	1.0	2.5209704564538544
192200.0	6000.0	3818.538031184773	0.0	0	342.4009933998168	4018.5380311849003	1	0	1.0	2.5209704564538544
193200.0	6000.0	3818.5380311847553	0.0	0	161.94344383713906	4018.5380311849003	1	0	1.0	2.5209704564538544
194200.0	6000.0	3818.5380311847744	0.0	0	111.69267430828768	4018.5380311849003	1	0	1.0	2.5209704564538544
195200.0	6000.0	3818.5380311847443	0.0	0	261.2013481113245	4018.538031184871	1	0	1.0	2.5209704564538566
196200.0	6000.0	3818.5380311847557	0.0	0	390.52482797775883	4018.538031184871	1	0	1.0	2.5209704564538664
197200.0	6000.0	3818.5380311847753	0.0	0	191.46501590745174	4018.5380311849003	1	0	1.0	2.5209704564538544
198200.0	6000.0	3818.5380311847653	0.0	0	309.05515592111624	4018.5380311849003	1	0	1.0	2.5209704564538544
199200.0	6000.0	3818.5380311847907	0.0	0	260.84707203824655	4018.5380311849003	1	0	1.0	2.5209704564538544
200200.0	6000.0	3818.5380311848003	0.0	0	191.00625968846725	4018.5380311849003	1	0	1.0	2.5209704564538544
201200.0	6000.0	3818.5380311848285	0.0	0	340.61041273732553	4018.5380311849003	1	0	1.0	2.5209704564538544
202200.0	6000.0	3818.5380311848207	0.0	0	339.9935922512959	4018.5380311849003	1	0	1.0	2.5209704564538544
203200.0	6000.0	3818.5380311848116	0.0	0	330.3734756640042	4018.5380311849003	1	0	1.0	2.5209704564538544
204200.0	6000.0	3818.5380311847966	0.0	0	283.91541448942735	4018.5380311849003	1	0	1.0	2.5209704564538544
205200.0	6000.0	3818.538031184781	0.0	0	402.43703631401877	4018.5380311849003	1	0	1.0	2.5209704564538544
206200.0	6000.0	3818.538031184798	0.0	0	342.73676601736224	4018.5380311849003	1	0	1.0	2.5209704564538544
207200.0	6000.0	3818.538031184836	0.0	0	476.3967549368972	4018.5380311849003	1	0	1.0	2.5209704564538544
208200.0	6000.0	3818.5380311848103	0.0	0	408.7547455832828	4018.5380311849003	1	0	1.0	2.5209704564538544
209200.0	6000.0	3818.5380311848066	0.0	0	282.9234539286408	4018.538031184871	1	0	1.0	2.5209704564538664
210200.0	6000.0	3818.538031184791	0.0	0	474.75609087894554	4018.538031184871	1	0	1.0	2.5209704564538664
211200.0	6000.0	3818.538031184794	0.0	0	412.6431641910167	4018.538031184871	1	0	1.0	2.5209704564538664
212200.0	6000.0	3818.5380311848025	0.0	0	394.26416149904253	4018.538031184871	1	0	1.0	2.5209704564538664
213200.0	6000.0	3818.538031184794	0.0	0	265.1226152134477	4018.538031184871	1	0	1.0	2.5209704564538615
214200.0	6000.0	3818.5380311847666	0.0	0	442.24418779156986	4018.538031184871	1	0	1.0	2.5209704564538664
215200.0	6000.0	3818.5380311847657	0.0	0	277.91975476470543	4018.538031184871	1	0	1.0	2.5209704564538713
216200.0	6000.0	3818.5380311847734	0.0	0	476.8599302355433	4018.538031184871	1	0	1.0	2.5209704564538664
217200.0	6000.0	3818.5380311847534	0.0	0	349.9911156579328	4018.538031184871	1	0	1.0	2.5209704564538664
218200.0	6000.0	3818.5380311847316	0.0	0	283.30616716694203	4018.538031184842	1	0	1.0	2.5209704564538793
219200.0	6000.0	3818.5380311847325	0.0	0	254.2464757086418	4018.538031184842	1	0	1.0	2.5209704564538793
220200.0	6000.0	3818.5380311847703	0.0	0	187.73275900023873	4018.538031184842	1	0	1.0	2.520970456453874
221200.0	6000.0	3818.5380311847593	0.0	0	504.2971618224401	4018.538031184842	1	0	1.0	2.5209704564538793
222200.0	6000.0	3818.5380311847916	0.0	0	517.1246295492747	4018.538031184871	1	0	1.0	2.5209704564538664
223200.0	6000.0	3818.538031184795	0.0	0	226.28870991698932	4018.538031184842	1	0	1.0	2.520970456453874
224200.0	6000.0	3818.5380311848076	0.0	0	233.38534876229824	4018.538031184842	1	0	1.0	2.5209704564538793
225200.0	6000.0	3818.5380311848353	0.0	0	170.77119493766804	4018.538031184842	1	0	1.0	2.5209704564538766
226200.0	6000.0	3818.538031184851	0.0	0	216.0694791082642	4018.538031184842	1	0	1.0	2.5209704564538793
227200.0	6000.0	3818.538031184849	0.0	0	249.13729800088913	4018.538031184842	1	0	1.0	2.5209704564538793
228200.0	6000.0	3818.53803118485	0.0	0	287.1357275391056	4018.538031184871	1	0	1.0	2.5209704564538713
229200.0	6000.0	3818.5380311848244	0.0	0	494.1109655353939	4018.538031184871	1	0	1.0	2.5209704564538664
230200.0	6000.0	3818.53803118482	0.0	0	258.0188253346714	4018.538031184871	1	0	1.0	2.5209704564538664
231200.0	6000.0	3818.538031184832	0.0	0	207.31935620770673	4018.5380311849003	1	0	1.0	2.5209704564538544
232200.0	6000.0	3818.538031184835	0.0	0	147.43799894984113	4018.5380311849585	1	0	1.0	2.520970456453832
233200.0	6000.0	3818.538031184845	0.0	0	463.25923516694456	4018.5380311849585	1	0	1.0	2.5209704564538296
234200.0	6000.0	3818.538031184829	0.0	0	225.00849716196535	4018.5380311849585	1	0	1.0	2.5209704564538296
235200.0	6000.0	3818.538031184817	0.0	0	281.86554666465963	4018.5380311849294	1	0	1.0	2.5209704564538415
236200.0	6000.0	3818.5380311848035	0.0	0	404.71904886577977	4018.5380311849003	1	0	1.0	2.5209704564538544
237200.0	6000.0	3818.53803118481	0.0	0	430.3298521695542	4018.5380311849003	1	0	1.0	2.5209704564538544
238200.0	6000.0	3818.5380311848085	0.0	0	455.5816315675329	4018.538031184871	1	0	1.0	2.5209704564538664
239200.0	6000.0	3818.538031184826	0.0	0	436.927336936933	4018.538031184871	1	0	1.0	2.5209704564538664
240499.67924832707	6000.0	3518.858782857734	0.0	0	0.0	4018.538031184871	1	0	1.0	2.5209704564538664
241401.5678647257	6000.0	3616.9701664591016	0.0	0	0.0	4018.538031184871	1	0	1.0	2.5209704564538664
242316.00493761332	6000.0	3702.533093571483	0.0	0	0.0	4018.538031184871	1	0	1.0	2.5209704564538664
243200.0	6000.0	3818.5380311847957	0.0	0	93.7750445130223	4018.538031184871	1	0	1.0	2.5209704564538664
244200.0	6000.0	3818.5380311847807	0.0	0	380.5392622870568	4018.538031184871	1	0	1.0	2.5209704564538664
245200.0	6000.0	3818.538031184806	0.0	0	493.6336622169474	4018.538031184871	1	0	1.0	2.5209704564538664
246200.0	6000.0	3818.538031184848	0.0	0	333.8805241671507	4018.5380311849003	1	0	1.0	2.5209704564538544
247200.0	6000.0	3818.5380311848285	0.0	0	208.79383535758825	4018.5380311849003	1	0	1.0	2.5209704564538544
248200.0	6000.0	3818.538031184801	0.0	0	315.98633838942624	4018.538031184871	1	0	1.0	2.5209704564538664
249200.0	6000.0	3818.5380311847725	0.0	0	253.96300239901757	4018.538031184813	1	0	1.0	2.520970456453886
250200.0	6000.0	3818.538031184828	0.0	0	361.2955013801984	4018.538031184813	1	0	1.0	2.520970456453891
251200.0	6000.0	3818.5380311848608	0.0	0	194.65449642387102	4018.538031184842	1	0	1.0	2.5209704564538837
252200.0	6000.0	3818.538031184877	0.0	0	372.1816897324461	4018.538031184842	1	0	1.0	2.5209704564538793
253200.0	6000.0	3818.538031184883	0.0	0	350.0841832771257	4018.538031184871	1	0	1.0	2.5209704564538664
254200.0	6000.0	3818.5380311848726	0.0	0	131.37828702531988	4018.538031184871	1	0	1.0	2.5209704564538664
255200.0	6000.0	3818.538031184858	0.0	0	212.48478197943768	4018.538031184871	1	0	1.0	2.5209704564538664
256200.0	6000.0	3818.53803118485	0.0	0	331.3503802146297	4018.538031184871	1	0	1.0	2.5209704564538664
257200.0	6000.0	3818.5380311848335	0.0	0	59.03264812499401	4018.538031184871	1	0	1.0	2.5209704564538664
258200.0	6000.0	3818.53803118485	0.0	0	422.6359868706786	4018.538031184871	1	0	1.0	2.5209704564538664
259200.0	6000.0	3818.538031184852	0.0	0	191.30964176461566	4018.538031184842	1	0	1.0	2.5209704564538793
260200.0	6000.0	3818.538031184849	0.0	0	40.891294595523505	4018.538031184842	1	0	1.0	2.5209704564538793
261200.0	6000.0	3818.53803118483	0.0	0	271.256361936772	4018.538031184842	1	0	1.0	2.5209704564538793
262200.0	6000.0	3818.5380311848203	0.0	0	364.02045003234525	4018.538031184842	1	0	1.0	2.5209704564538793
263200.0	6000.0	3818.538031184806	0.0	0	267.2431880409713	4018.538031184813	1	0	1.0	2.5209704564538886
264200.0	6000.0	3818.538031184782	0.0	0	103.90646363317501	4018.538031184784	1	0	1.0	2.5209704564538913
265200.0	6000.0	3818.53803118481	0.0	0	79.02271391201066	4018.538031184813	1	0	1.0	2.5209704564538957
266200.0	6000.0	3818.5380311847716	0.0	0	63.08059114427306	4018.538031184813	1	0	1.0	2.520970456453886
267200.0	6000.0	3818.538031184796	0.0	0	399.8824017387815	4018.538031184813	1	0	1.0	2.520970456453891
268200.0	6000.0	3818.5380311848526	0.0	0	408.04397873574635	4018.538031184813	1	0	1.0	2.520970456453891
269200.0	6000.0	3818.5380311848876	0.0	0	362.3899049765314	4018.538031184813	1	0	1.0	2.520970456453891
270200.0	6000.0	3818.5380311848844	0.0	0	473.77206367853796	4018.538031184813	1	0	1.0	2.520970456453891
271200.0	6000.0	3818.538031184927	0.0	0	389.2099050740362	4018.538031184813	1	0	1.0	2.520970456453891
272200.0	6000.0	3818.5380311849194	0.0	0	230.43006892100675	4018.538031184813	1	0	1.0	2.520970456453891
273200.0	6000.0	3818.5380311849062	0.0	0	234.25699067790993	4018.538031184813	1	0	1.0	2.520970456453891
274200.0	6000.0	3818.538031184889	0.0	0	281.73190093500307	4018.538031184871	1	0	1.0	2.520970456453876
275200.0	6000.0	3818.5380311848835	0.0	0	37.48589608690236	4018.538031184871	1	0	1.0	2.5209704564538664
276200.0	6000.0	3818.5380311848503	0.0	0	83.036154684145	4018.538031184813	1	0	1.0	2.520970456453891
277200.0	6000.0	3818.5380311848085	0.0	0	63.314904509985354	4018.538031184813	1	0	1.0	2.5209704564538957
278200.0	6000.0	3818.5380311848576	0.0	0	252.92126120027388	4018.538031184755	1	0	1.0	2.5209704564539157
279200.0	6000.0	3818.5380311848235	0.0	0	302.3380673272186	4018.538031184813	1	0	1.0	2.5209704564538957
280200.0	6000.0	3818.538031184819	0.0	0	421.2282205198426	4018.538031184755	1	0	1.0	2.5209704564539157
281200.0	6000.0	3818.538031184882	0.0	0	449.6686089055147	4018.538031184755	1	0	1.0	2.5209704564539157
282200.0	6000.0	3818.5380311848307	0.0	0	313.8958667969564	4018.538031184755	1	0	1.0	2.5209704564539157
283200.0	6000.0	3818.5380311848057	0.0	0	262.881406252156	4018.5380311846966	1	0	1.0	2.520970456453941
284200.0	6000.0	3818.5380311847407	0.0	0	353.87111181701766	4018.5380311846966	1	0	1.0	2.520970456453941
285200.0	6000.0	3818.5380311846443	0.0	0	220.1536430614069	4018.5380311846966	1	0	1.0	2.520970456453941
286200.0	6000.0	3818.5380311846293	0.0	0	477.7848844031687	4018.5380311846966	1	0	1.0	2.520970456453941
287200.0	6000.0	3818.5380311846593	0.0	0	146.72447383747203	4018.538031184755	1	0	1.0	2.5209704564539157
288200.0	6000.0	3818.53803118466	0.0	0	371.75013657461386	4018.538031184755	1	0	1.0	2.5209704564539157
289200.0	6000.0	3818.5380311846793	0.0	0	389.1998971409048	4018.538031184755	1	0	1.0	2.5209704564539157
290200.0	6000.0	3818.538031184627	0.0	0	489.1758057101979	4018.538031184755	1	0	1.0	2.5209704564539157
291200.0	6000.0	3818.538031184664	0.0	0	264.27010758419055	4018.538031184755	1	0	1.0	2.5209704564539157
292200.0	6000.0	3818.5380311847384	0.0	0	355.4451722416561	4018.538031184755	1	0	1.0	2.5209704564539157
293200.0	6000.0	3818.5380311847466	0.0	0	374.206339785771	4018.538031184755	1	0	1.0	2.5209704564539157
294200.0	6000.0	3818.538031184672	0.0	0	313.2826568335295	4018.538031184755	1	0	1.0	2.5209704564539157
295200.0	6000.0	3818.538031184725	0.0	0	356.3096858585486	4018.538031184755	1	0	1.0	2.5209704564539157
296200.0	6000.0	3818.5380311846648	0.0	0	409.9859732465702	4018.538031184755	1	0	1.0	2.5209704564539157
297200.0	6000.0	3818.5380311846	0.0	0	240.82176094560418	4018.538031184755	1	0	1.0	2.5209704564539157
298200.0	6000.0	3818.5380311846347	0.0	0	460.31620002369164	4018.5380311846966	1	0	1.0	2.520970456453941
299200.0	6000.0	3818.5380311845965	0.0	0	372.4157663572696	4018.5380311846966	1	0	1.0	2.520970456453941
300200.0	6000.0	3818.538031184628	0.0	0	193.40496007545153	4018.5380311846384	1	0	1.0	2.520970456453956
9.25751111111111	8.39551111111111	8.543511111111112	8.367511111111112	8.35351111111111	9.037511111111112	8.971511111111111	8.26351111111111	8.003511111111111	8.675511111111112	9.07751111111111	8.72551111111111	8.88951111111111	9.137511111111111	9.33751111111111	9.33751111111111	9.09751111111111	9.557511111111111	9.09751111111111	8.791511111111111	8.749511111111111	8.211511111111111	8.563511111111112	8.78951111111111	8.36951111111111	9.09751111111111	8.717511111111111	8.649511111111112	8.409511111111112	8.929511111111111	9.797511111111112	9.397511111111111	8.689511111111111	8.91151111111111	8.24751111111111	8.24551111111111	8.82551111111111	8.637511111111111	8.637511111111111	8.787511111111112	8.899511111111112	8.451511111111111	8.589511111111111	9.397511111111111	10.622146341463415	10.022146341463415	9.588146341463416	9.662146341463416	10.082146341463416	9.922146341463415	9.868146341463415	10.602146341463415	9.902146341463416	9.140146341463415	9.858146341463415	8.834146341463414	9.450146341463416	9.962146341463415	9.642146341463416	9.720146341463415	9.404146341463415	9.624146341463415	10.342146341463415	9.862146341463415	10.282146341463415	10.002146341463416	9.680146341463415	9.844146341463416	9.858146341463415	9.826146341463415	9.744146341463415	9.572146341463416	10.182146341463415	10.162146341463416	10.322146341463416	10.662146341463416	9.640146341463415	9.710146341463416	9.464146341463415	9.810146341463415	9.516146341463415	9.942146341463415	10.082146341463416	9.524146341463416	10.022146341463415	12.346340425531917	5.890340425531916	6.634340425531915	6.802340425531915	8.098340425531916	10.786340425531915	10.306340425531914	9.298340425531915	6.154340425531915	12.226340425531914	9.838340425531916	6.670340425531916	10.018340425531914	8.986340425531916	10.306340425531914	7.042340425531915	9.382340425531915	10.666340425531915	4.666340425531916	8.014340425531914	8.314340425531915	5.062340425531916	8.350340425531916	13.426340425531915	10.186340425531915	11.986340425531916	6.502340425531916	8.302340425531915	8.278340425531916	14.266340425531915	13.186340425531915	8.314340425531915	10.786340425531915	9.706340425531915	6.850340425531915	8.026340425531915	6.274340425531916	5.842340425531916	7.810340425531915	7.630340425531916	7.7383404255319155	14.266340425531915	13.186340425531915	11.386340425531916	3.3823404255319156	11.746340425531915	11.266340425531915	9.307176470588237	9.267176470588236	8.585176470588237	9.395176470588236	8.863176470588236	9.501176470588236	8.491176470588236	9.171176470588236	8.921176470588236	9.281176470588237	9.389176470588236	9.389176470588236	8.855176470588237	9.921176470588236	10.481176470588236	9.309176470588236	10.421176470588236	8.939511111111111	9.25751111111111	8.39551111111111	8.543511111111112	8.367511111111112	8.35351111111111	9.037511111111112	8.971511111111111	8.26351111111111	8.003511111111111	8.675511111111112	9.07751111111111	8.72551111111111	8.88951111111111	9.137511111111111	9.33751111111111	9.33751111111111	9.09751111111111	9.557511111111111	9.09751111111111	8.791511111111111	8.749511111111111	8.211511111111111	8.563511111111112	8.78951111111111	8.36951111111111	9.09751111111111	8.717511111111111	8.649511111111112	8.409511111111112	8.929511111111111	9.797511111111112	9.397511111111111	8.689511111111111	8.91151111111111	8.24751111111111	8.24551111111111	8.82551111111111	8.637511111111111	8.637511111111111	8.787511111111112	8.899511111111112	8.451511111111111	8.589511111111111	9.397511111111111	10.622146341463415	10.022146341463415	9.588146341463416	9.662146341463416	10.082146341463416	9.922146341463415	9.868146341463415	10.602146341463415	9.902146341463416	9.140146341463415	9.858146341463415	8.834146341463414	9.450146341463416	9.962146341463415	9.642146341463416	9.720146341463415	9.404146341463415	9.624146341463415	10.342146341463415	9.862146341463415	10.282146341463415	10.002146341463416	9.680146341463415	9.844146341463416	9.858146341463415	9.826146341463415	9.744146341463415	9.572146341463416	10.182146341463415	10.162146341463416	10.322146341463416	10.662146341463416	9.640146341463415	9.710146341463416	9.464146341463415	9.810146341463415	9.516146341463415	9.942146341463415	10.082146341463416	9.524146341463416	10.022146341463415	12.346340425531917	5.890340425531916	6.634340425531915	6.802340425531915	8.098340425531916	10.786340425531915	10.306340425531914	9.298340425531915	6.154340425531915	12.226340425531914	9.838340425531916	6.670340425531916	10.018340425531914	8.986340425531916	10.306340425531914	7.042340425531915	9.382340425531915	10.666340425531915	4.666340425531916	8.014340425531914	8.314340425531915	5.062340425531916	8.350340425531916	13.426340425531915	10.186340425531915	11.986340425531916	6.502340425531916	8.302340425531915	8.278340425531916	14.266340425531915	13.186340425531915	8.314340425531915	10.786340425531915	9.706340425531915	6.850340425531915	8.026340425531915	6.274340425531916	5.842340425531916	7.810340425531915	7.630340425531916	7.7383404255319155	14.266340425531915	13.186340425531915	11.386340425531916	3.3823404255319156	11.746340425531915	11.266340425531915	9.307176470588237	9.267176470588236	8.585176470588237	9.395176470588236	8.863176470588236	9.501176470588236	8.491176470588236	9.171176470588236	8.921176470588236	9.281176470588237	9.389176470588236	9.389176470588236	8.855176470588237	9.921176470588236	10.481176470588236	9.309176470588236	10.421176470588236	8.939511111111111	9.25751111111111	8.39551111111111	8.543511111111112
1.0	2.0	3.0	4.0	5.0	6.0	7.0	8.0	9.0	10.0	11.0	12.0	13.0	14.0	15.0	16.0	17.0	18.0	19.0	20.0	21.0	22.0	23.0	24.0	25.0	26.0	27.0	28.0	29.0	30.0	31.0	32.0	33.0	34.0	35.0	36.0	37.0	38.0	39.0	40.0	41.0	42.0	43.0	44.0	45.0	46.0	47.0	48.0	49.0	50.0	51.0	52.0	53.0	54.0	55.0	56.0	57.0	58.0	59.0	60.0	61.0	62.0	63.0	64.0	65.0	66.0	67.0	68.0	69.0	70.0	71.0	72.0	73.0	74.0	75.0	76.0	77.0	78.0	79.0	80.0	81.0	82.0	83.0	84.0	85.0	86.0	87.0	88.0	89.0	90.0	91.0	92.0	93.0	94.0	95.0	96.0	97.0	98.0	99.0	100.0	101.0	102.0	103.0	104.0	105.0	106.0	107.0	108.0	109.0	110.0	111.0	112.0	113.0	114.0	115.0	116.0	117.0	118.0	119.0	120.0	121.0	122.0	123.0	124.0	125.0	126.0	127.0	128.0	129.0	130.0	131.0	132.0	133.0	134.0	135.0	136.0	137.0	138.0	139.0	140.0	141.0	142.0	143.0	144.0	145.0	146.0	147.0	148.0	149.0	149.0	150.0	151.0	152.0	153.0	154.0	155.0	156.0	157.0	158.0	159.0	160.0	161.0	162.0	163.0	164.0	165.0	166.0	167.0	168.0	169.0	170.0	171.0	172.0	173.0	174.0	175.0	176.0	177.0	178.0	179.0	180.0	181.0	182.0	183.0	184.0	185.0	186.0	187.0	188.0	189.0	190.0	191.0	192.0	193.0	194.0	195.0	196.0	197.0	198.0	199.0	200.0	201.0	202.0	203.0	204.0	205.0	206.0	207.0	208.0	209.0	210.0	211.0	212.0	213.0	214.0	215.0	216.0	217.0	218.0	219.0	220.0	221.0	222.0	223.0	224.0	225.0	226.0	227.0	228.0	229.0	230.0	231.0	232.0	233.0	234.0	235.0	236.0	237.0	238.0	239.0	240.0	241.0	242.0	243.0	244.0	245.0	246.0	247.0	248.0	249.0	250.0	251.0	252.0	253.0	254.0	255.0	256.0	257.0	258.0	259.0	260.0	261.0	262.0	263.0	264.0	265.0	266.0	267.0	268.0	269.0	270.0	271.0	272.0	273.0	274.0	275.0	276.0	277.0	278.0	279.0	280.0	281.0	282.0	283.0	284.0	285.0	286.0	287.0	288.0	289.0	290.0	291.0	292.0	293.0	294.0	295.0	296.0	297.0	298.0	298.0	299.0	300.0	301.0
3688.475880268622
