5879.232682324053	500.0	2000.0	111.29821680271141	0	0.0	3879.232682324053	1	0	1.0	-7.079285882740886
6560.090024003723	6000.0	2319.14265832033	0.0	0	0.0	3879.232682324053	1	0	1.0	0.09233742319589178
7197.529333271704	6000.0	2681.703349052349	0.0	0	0.0	3879.232682324053	1	0	1.0	2.577244072983892
7953.602339447833	6000.0	2925.63034287622	0.0	0	0.0	3879.2326823240533	1	0	1.0	2.5772440729838917
8511.170387399274	6000.0	3368.06229492478	0.0	0	0.0	3879.2326823240537	1	0	1.0	2.5772440729838912
9200.0	6000.0	3679.232682324051	0.0	0	184.4004188935287	3879.23268232405	1	0	1.0	2.577244072983892
10200.0	6000.0	3679.2326823240514	0.0	0	342.95909996512637	3879.232682324052	1	0	1.0	2.577244072983892
11200.0	6000.0	3679.2326823240523	0.0	0	325.82389449649236	3879.232682324053	1	0	1.0	2.577244072983892
12345.286780959521	6000.0	3533.9459013645314	0.0	0	0.0	3879.232682324053	1	0	1.0	2.577244072983892
14253.323824215875	6000.0	2625.9088581081774	0.0	0	0.0	3879.232682324051	1	0	1.0	2.5772440729838926
15648.316254625342	6000.0	2230.9164276987094	0.0	0	0.0	3879.232682324051	1	0	1.0	2.5772440729838926
17000.661709692387	6000.0	1878.5709726316682	0.0	0	0.0	3879.2326823240546	1	0	1.0	2.5772440729838912
17637.05557612172	6000.0	2242.1771062023354	0.0	0	0.0	3879.2326823240546	1	0	1.0	2.5772440729838912
18464.65095743177	6000.0	2414.5817248922845	0.0	0	0.0	3879.2326823240564	1	0	1.0	2.577244072983891
19775.01202749756	6000.0	2104.2206548264903	0.0	0	0.0	3879.232682324049	1	0	1.0	2.5772440729838917
20822.44329706585	6000.0	2056.7893852582006	0.0	0	0.0	3879.2326823240473	1	0	1.0	2.5772440729838935
21620.5969737056	6000.0	2258.6357086184516	0.0	0	0.0	3879.2326823240473	1	0	1.0	2.5772440729838935
22761.04526810904	6000.0	2118.1874142150127	0.0	0	0.0	3879.2326823240473	1	0	1.0	2.5772440729838935
23480.08794908805	6000.0	2399.1447332360035	0.0	0	0.0	3879.2326823240473	1	0	1.0	2.5772440729838935
24318.989371271957	6000.0	2560.2433110520983	0.0	0	0.0	3879.2326823240473	1	0	1.0	2.5772440729838935
25303.908619524973	6000.0	2575.324062799082	0.0	0	0.0	3879.2326823240473	1	0	1.0	2.5772440729838935
26383.055816066964	6000.0	2496.1768662570935	0.0	0	0.0	3879.2326823240473	1	0	1.0	2.5772440729838935
27232.4376012922	6000.0	2646.795081031863	0.0	0	0.0	3879.2326823240473	1	0	1.0	2.5772440729838935
28732.035687709806	6000.0	2147.196994614259	0.0	0	0.0	3879.232682324051	1	0	1.0	2.577244072983893
30320.65628254072	6000.0	1558.5763997833474	0.0	0	0.0	3879.2326823240473	1	0	1.0	2.5772440729838935
31009.694764104035	3000.0	1869.5379182200338	0.0	0	0.0	3879.2326823240473	1	0	1.0	1.1909497118640038
31604.537347858266	3000.0	2274.6953344658004	0.0	0	0.0	3879.2326823240473	1	0	1.0	1.8840968924239487
32313.01490330274	3000.0	2566.2177790213245	0.0	0	0.0	3879.232682324051	1	0	1.0	1.8840968924239474
32838.45426571132	3000.0	3040.7784166127476	0.0	0	0.0	3879.2326823240473	1	0	1.0	1.8840968924239487
33553.22403440814	3000.0	3326.0086479159304	0.0	0	0.0	3879.2326823240473	1	0	1.0	1.8840968924239476
34323.79857157376	6000.0	3555.434110750308	0.0	0	0.0	3879.2326823240437	1	0	1.0	1.8840968924239496
35200.0	6000.0	3679.2326823240705	0.0	0	228.07451722218684	3879.2326823240437	1	0	1.0	2.577244072983896
36200.0	6000.0	3679.232682324076	0.0	0	309.0319120482891	3879.2326823240473	1	0	1.0	2.577244072983894
37200.0	6000.0	3679.2326823240774	0.0	0	121.19764311453764	3879.2326823240437	1	0	1.0	2.5772440729838952
38200.0	6000.0	3679.2326823240714	0.0	0	107.75619392802764	3879.2326823240364	1	0	1.0	2.577244072983898
39326.833140009476	6000.0	3552.3995423145975	0.0	0	0.0	3879.2326823240364	1	0	1.0	2.577244072983898
40200.0	6000.0	3679.232682324071	0.0	0	33.0053496654582	3879.2326823240364	1	0	1.0	2.577244072983898
41200.0	6000.0	3679.232682324073	0.0	0	240.5650579594294	3879.2326823240437	1	0	1.0	2.5772440729838952
42536.05167372211	6000.0	3343.181008601954	0.0	0	0.0	3879.2326823240437	1	0	1.0	2.5772440729838952
43643.63110908977	6000.0	3235.6015732342867	0.0	0	0.0	3879.2326823240437	1	0	1.0	2.5772440729838952
44885.955573132014	6000.0	2993.2771091920386	0.0	0	0.0	3879.2326823240364	1	0	1.0	2.577244072983898
46042.34013974025	6000.0	2836.892542583807	0.0	0	0.0	3879.2326823240437	1	0	1.0	2.5772440729838952
47067.12408017314	6000.0	2812.1086021509172	0.0	0	0.0	3879.2326823240437	1	0	1.0	2.5772440729838952
47923.58120176938	6000.0	2955.6514805546717	0.0	0	0.0	3879.2326823240437	1	0	1.0	2.5772440729838952
48923.90865782256	6000.0	2955.3240245014936	0.0	0	0.0	3879.2326823240437	1	0	1.0	2.5772440729838952
50057.76947391662	6000.0	2821.4632084074306	0.0	0	0.0	3879.2326823240364	1	0	1.0	2.577244072983898
51207.714410227934	6000.0	2671.5182720961216	0.0	0	0.0	3879.2326823240364	1	0	1.0	2.577244072983898
52834.32576614635	6000.0	2044.906916177699	0.0	0	0.0	3879.2326823240364	1	0	1.0	2.577244072983898
53585.7273209017	6000.0	2293.5053614223457	0.0	0	0.0	3879.2326823240437	1	0	1.0	2.5772440729838952
54356.56696733483	6000.0	2522.665714989212	0.0	0	0.0	3879.2326823240437	1	0	1.0	2.5772440729838952
55305.15473714162	6000.0	2574.077945182415	0.0	0	0.0	3879.2326823240437	1	0	1.0	2.5772440729838952
56685.103606866986	6000.0	2194.129075457051	0.0	0	0.0	3879.2326823240437	1	0	1.0	2.5772440729838952
57364.968609571515	6000.0	2514.264072752519	0.0	0	0.0	3879.2326823240437	1	0	1.0	2.5772440729838952
58565.992917043215	6000.0	2313.239765280822	0.0	0	0.0	3879.2326823240437	1	0	1.0	2.5772440729838952
59774.00055329449	6000.0	2105.232129029543	0.0	0	0.0	3879.2326823240437	1	0	1.0	2.5772440729838952
60887.98447651626	6000.0	1991.2482058077742	0.0	0	0.0	3879.2326823240437	1	0	1.0	2.5772440729838952
62079.207329279176	6000.0	1800.025353044857	0.0	0	0.0	3879.2326823240437	1	0	1.0	2.5772440729838952
63469.211600680734	6000.0	1410.0210816432964	0.0	0	0.0	3879.2326823240437	1	0	1.0	2.5772440729838952
64057.95090180392	3000.0	1821.281780520109	0.0	0	0.0	3879.2326823240364	1	0	1.0	1.1909497118640082
64805.62960378744	6000.0	2073.6030785365883	0.0	0	0.0	3879.2326823240364	1	0	1.0	1.884096892423953
65606.58983468215	6000.0	2272.6428476418723	0.0	0	0.0	3879.2326823240364	1	0	1.0	2.577244072983898
66669.53204184215	6000.0	2209.7006404818767	0.0	0	0.0	3879.2326823240437	1	0	1.0	2.577244072983895
67675.20071791901	6000.0	2204.0319644049955	0.0	0	0.0	3879.232682324022	1	0	1.0	2.577244072983899
68490.35780023677	6000.0	2388.8748820872497	0.0	0	0.0	3879.2326823240364	1	0	1.0	2.577244072983902
70051.82498810286	6000.0	1827.4076942211695	0.0	0	0.0	3879.2326823240437	1	0	1.0	2.577244072983896
71432.56923881058	6000.0	1446.6634435134426	0.0	0	0.0	3879.2326823240583	1	0	1.0	2.5772440729838895
72399.12554163212	6000.0	1480.1071406919036	0.0	0	0.0	3879.2326823240583	1	0	1.0	2.5772440729838895
73446.84973101207	6000.0	1432.3829513119624	0.0	0	0.0	3879.232682324073	1	0	1.0	2.577244072983884
74318.6321271744	6000.0	1560.600555149631	0.0	0	0.0	3879.232682324073	1	0	1.0	2.577244072983884
75384.74323443638	6000.0	1494.489447887639	0.0	0	0.0	3879.232682324073	1	0	1.0	2.577244072983884
76845.29829632478	6000.0	1033.934385999235	0.0	0	0.0	3879.232682324073	1	0	1.0	2.577244072983884
78030.02081799238	6000.0	849.2118643316522	0.0	0	0.0	3879.2326823240874	1	0	1.0	2.577244072983879
78745.1237930338	6000.0	1134.1088892902303	0.0	0	0.0	3879.2326823240874	1	0	1.0	2.577244072983879
79385.6607389938	6000.0	1493.5719433302152	0.0	0	0.0	3879.2326823240874	1	0	1.0	2.577244072983879
80244.84115645231	6000.0	1634.3915258717084	0.0	0	0.0	3879.2326823240874	1	0	1.0	2.577244072983879
81145.59529045683	6000.0	1733.6373918671945	0.0	0	0.0	3879.232682324102	1	0	1.0	2.5772440729838726
82451.60719334632	6000.0	1427.625488977699	0.0	0	0.0	3879.232682324102	1	0	1.0	2.5772440729838726
83343.76417334966	6000.0	1535.4685089743807	0.0	0	0.0	3879.232682324102	1	0	1.0	2.5772440729838726
84262.75580651387	6000.0	1616.4768758101673	0.0	0	0.0	3879.232682324102	1	0	1.0	2.5772440729838726
85282.42847707914	6000.0	1596.804205244907	0.0	0	0.0	3879.232682324102	1	0	1.0	2.5772440729838726
86372.95042884359	6000.0	1506.2822534804743	0.0	0	0.0	3879.232682324102	1	0	1.0	2.5772440729838726
87192.26722678829	6000.0	1686.965455535773	0.0	0	0.0	3879.232682324102	1	0	1.0	2.5772440729838726
88213.67363349634	6000.0	1665.5590488277246	0.0	0	0.0	3879.232682324102	1	0	1.0	2.5772440729838726
89629.69461096573	6000.0	1249.5380713583206	0.0	0	0.0	3879.232682324102	1	0	1.0	2.5772440729838726
90599.49000095278	6000.0	1279.7426813712789	0.0	0	0.0	3879.232682324102	1	0	1.0	2.5772440729838726
91056.57023571836	3000.0	1822.6624466056883	0.0	0	0.0	3879.232682324102	1	0	1.0	1.190949711863983
92041.01157749856	6000.0	1838.221104825499	0.0	0	0.0	3879.232682324102	1	0	1.0	1.8840968924239276
92620.0683394168	6000.0	2259.1643429072556	0.0	0	0.0	3879.232682324102	1	0	1.0	2.5772440729838726
93730.06520302901	6000.0	2149.167479295045	0.0	0	0.0	3879.232682324102	1	0	1.0	2.5772440729838726
94517.86134416689	6000.0	2361.371338157157	0.0	0	0.0	3879.232682324102	1	0	1.0	2.5772440729838726
95817.65522653975	6000.0	2061.5774557842924	0.0	0	0.0	3879.232682324102	1	0	1.0	2.5772440729838726
97025.22184487418	6000.0	1854.0108374498652	0.0	0	0.0	3879.232682324102	1	0	1.0	2.5772440729838726
98282.58420842586	6000.0	1596.6484738981947	0.0	0	0.0	3879.232682324102	1	0	1.0	2.5772440729838726
99311.43312318352	6000.0	1567.7995591405409	0.0	0	0.0	3879.2326823240874	1	0	1.0	2.577244072983879
100655.08524773405	6000.0	1224.1474345900212	0.0	0	0.0	3879.2326823240874	1	0	1.0	2.577244072983879
102089.00528452918	6000.0	790.2273977948803	0.0	0	0.0	3879.232682324073	1	0	1.0	2.577244072983884
103004.89516832326	6000.0	874.3375140008044	0.0	0	0.0	3879.232682324073	1	0	1.0	2.577244072983884
104249.40926439966	6000.0	629.8234179243979	0.0	0	0.0	3879.232682324073	1	0	1.0	2.577244072983884
104936.46402866945	3000.0	942.7686536546088	0.0	0	0.0	3879.232682324073	1	0	1.0	1.190949711863994
105408.50482946746	3000.0	1470.7278528565967	0.0	0	0.0	3879.232682324073	1	0	1.0	1.884096892423939
105975.7565426505	3000.0	1903.4761396735578	0.0	0	0.0	3879.232682324073	1	0	1.0	1.884096892423939
106709.85932375667	6000.0	2169.373358567387	0.0	0	0.0	3879.2326823240583	1	0	1.0	1.8840968924239447
108062.43912536679	6000.0	1816.7935569572744	0.0	0	0.0	3879.2326823240583	1	0	1.0	2.5772440729838895
109376.93757028643	6000.0	1502.2951120376265	0.0	0	0.0	3879.2326823240583	1	0	1.0	2.5772440729838895
110590.19604911281	6000.0	1289.0366332112276	0.0	0	0.0	3879.2326823240583	1	0	1.0	2.5772440729838895
111239.82506823694	6000.0	1639.407614087097	0.0	0	0.0	3879.2326823240583	1	0	1.0	2.5772440729838895
111943.37620711487	6000.0	1935.856475209164	0.0	0	0.0	3879.2326823240437	1	0	1.0	2.5772440729838952
112892.23173852483	6000.0	1987.000943799189	0.0	0	0.0	3879.2326823240437	1	0	1.0	2.5772440729838952
113879.26408602038	6000.0	1999.9685963036472	0.0	0	0.0	3879.2326823240437	1	0	1.0	2.5772440729838952
114770.965581913	6000.0	2108.2671004110252	0.0	0	0.0	3879.232682324029	1	0	1.0	2.577244072983901
115761.56820116051	6000.0	2117.664481163514	0.0	0	0.0	3879.232682324029	1	0	1.0	2.577244072983901
116457.72230835665	6000.0	2421.5103739673655	0.0	0	0.0	3879.232682324029	1	0	1.0	2.577244072983901
117087.45750669975	6000.0	2791.7751756242537	0.0	0	0.0	3879.232682324029	1	0	1.0	2.577244072983901
117622.78905288964	6000.0	3256.4436294343545	0.0	0	0.0	3879.232682324029	1	0	1.0	2.577244072983901
118732.16456126986	6000.0	3147.06812105413	0.0	0	0.0	3879.232682324029	1	0	1.0	2.577244072983901
119571.40032807122	6000.0	3307.832354252778	0.0	0	0.0	3879.232682324029	1	0	1.0	2.577244072983901
120852.90374749612	6000.0	3026.3289348278545	0.0	0	0.0	3879.232682324029	1	0	1.0	2.577244072983901
121944.849369997	6000.0	2934.3833123269874	0.0	0	0.0	3879.2326823240437	1	0	1.0	2.5772440729838952
122929.04488364134	6000.0	2950.1877986826407	0.0	0	0.0	3879.2326823240437	1	0	1.0	2.5772440729838952
123849.40632556265	6000.0	3029.826356761335	0.0	0	0.0	3879.2326823240437	1	0	1.0	2.5772440729838952
124782.42132454879	6000.0	3096.8113577752015	0.0	0	0.0	3879.2326823240437	1	0	1.0	2.5772440729838952
125952.13730915416	6000.0	2927.0953731698237	0.0	0	0.0	3879.232682324029	1	0	1.0	2.577244072983901
127199.02637704012	6000.0	2680.2063052838603	0.0	0	0.0	3879.232682324029	1	0	1.0	2.577244072983901
128030.87934029581	6000.0	2848.3533420281697	0.0	0	0.0	3879.2326823240146	1	0	1.0	2.5772440729839063
128797.98316010904	6000.0	3081.249522214939	0.0	0	0.0	3879.2326823240146	1	0	1.0	2.5772440729839063
130139.33538587348	6000.0	2739.897296450491	0.0	0	0.0	3879.232682324	1	0	1.0	2.5772440729839117
131107.4711602075	6000.0	2771.7615221164588	0.0	0	0.0	3879.2326823239855	1	0	1.0	2.577244072983913
132070.3778051636	6000.0	2808.8548771603582	0.0	0	0.0	3879.2326823239855	1	0	1.0	2.577244072983924
133134.75228549997	6000.0	2744.4803968240044	0.0	0	0.0	3879.232682324	1	0	1.0	2.5772440729839143
134280.9487776501	6000.0	2598.2839046738795	0.0	0	0.0	3879.2326823239855	1	0	1.0	2.5772440729839152
135199.9301272381	6000.0	2679.3025550858956	0.0	0	0.0	3879.2326823239855	1	0	1.0	2.5772440729839174
136177.5718662523	6000.0	2701.6608160716773	0.0	0	0.0	3879.2326823239564	1	0	1.0	2.5772440729839285
137748.82045770634	6000.0	2130.4122246176585	0.0	0	0.0	3879.2326823239564	1	0	1.0	2.5772440729839285
139151.36922324565	6000.0	1727.8634590783513	0.0	0	0.0	3879.2326823239564	1	0	1.0	2.5772440729839285
140323.6166422779	6000.0	1555.6160400460794	0.0	0	0.0	3879.2326823239564	1	0	1.0	2.5772440729839285
141794.34105438262	6000.0	1084.8916279413534	0.0	0	0.0	3879.2326823239564	1	0	1.0	2.5772440729839285
142452.04187424347	3000.0	1427.190808080517	0.0	0	0.0	3879.2326823239855	1	0	1.0	1.1909497118640275
142998.07953342795	3000.0	1881.1531488960572	0.0	0	0.0	3879.2326823240146	1	0	1.0	1.8840968924239614
143652.44891984994	3000.0	2226.783762474097	0.0	0	0.0	3879.2326823240146	1	0	1.0	1.8840968924239614
144414.55758670298	3000.0	2464.675095621032	0.0	0	0.0	3879.2326823240146	1	0	1.0	1.8840968924239614
145007.14407207075	3000.0	2872.0886102532695	0.0	0	0.0	3879.2326823240437	1	0	1.0	1.8840968924239503
146384.69602694403	6000.0	2494.5366553799836	0.0	0	0.0	3879.2326823240437	1	0	1.0	1.8840968924239503
147201.2272026899	6000.0	2678.0054796341155	0.0	0	0.0	3879.2326823240146	1	0	1.0	2.5772440729839063
148162.75884744202	6000.0	2716.4738348819715	0.0	0	0.0	3879.2326823240146	1	0	1.0	2.5772440729839063
149073.12414960173	6000.0	2806.1085327222713	0.0	0	0.0	3879.2326823240146	1	0	1.0	2.5772440729839063
150075.68058877095	6000.0	2803.552093553043	0.0	0	0.0	3879.2326823239855	1	0	1.0	2.5772440729839174
151161.74010330928	6000.0	2717.4925790147313	0.0	0	0.0	3879.2326823239855	1	0	1.0	2.5772440729839174
152091.23843508045	6000.0	2787.9942472435296	0.0	0	0.0	3879.2326823239855	1	0	1.0	2.5772440729839174
152836.63437833803	6000.0	3042.5983039859884	0.0	0	0.0	3879.2326823240146	1	0	1.0	2.5772440729839063
154023.03459738777	6000.0	2856.19808493623	0.0	0	0.0	3879.2326823239855	1	0	1.0	2.5772440729839174
154981.60685037376	6000.0	2897.6258319502526	0.0	0	0.0	3879.2326823239855	1	0	1.0	2.5772440729839174
155614.01282266597	6000.0	3265.2198596580347	0.0	0	0.0	3879.2326823239564	1	0	1.0	2.5772440729839285
156250.82986140993	6000.0	3628.402820914066	0.0	0	0.0	3879.2326823239564	1	0	1.0	2.5772440729839285
157200.0	6000.0	3679.2326823239846	0.0	0	266.1403497843712	3879.2326823240146	1	0	1.0	2.5772440729839086
158200.0	6000.0	3679.2326823239905	0.0	0	481.41108470471227	3879.2326823240146	1	0	1.0	2.5772440729839063
159200.0	6000.0	3679.232682324013	0.0	0	360.1408941473637	3879.2326823240146	1	0	1.0	2.5772440729839063
160200.0	6000.0	3679.232682324011	0.0	0	336.2560101360432	3879.2326823240437	1	0	1.0	2.5772440729838952
161236.50640481856	6000.0	3642.726277505434	0.0	0	0.0	3879.2326823240437	1	0	1.0	2.577244072983893
163129.5191332186	6000.0	2749.713549105418	0.0	0	0.0	3879.2326823240437	1	0	1.0	2.5772440729838952
163953.63391071305	6000.0	2925.5987716109917	0.0	0	0.0	3879.232682324102	1	0	1.0	2.5772440729838775
165440.4589582766	6000.0	2438.773724047418	0.0	0	0.0	3879.232682324073	1	0	1.0	2.577244072983884
166538.66788136764	6000.0	2340.564800956402	0.0	0	0.0	3879.232682324102	1	0	1.0	2.5772440729838726
167555.3743672263	6000.0	2323.8583150977497	0.0	0	0.0	3879.232682324073	1	0	1.0	2.577244072983884
168778.61890329176	6000.0	2100.6137790322337	0.0	0	0.0	3879.2326823240437	1	0	1.0	2.5772440729838952
170104.33840004104	6000.0	1774.8942822829538	0.0	0	0.0	3879.2326823240146	1	0	1.0	2.577244072983904
171311.0100999796	6000.0	1568.2225823443634	0.0	0	0.0	3879.2326823240146	1	0	1.0	2.5772440729839063
172382.24336969882	6000.0	1496.9893126251745	0.0	0	0.0	3879.2326823240146	1	0	1.0	2.5772440729839063
173175.0106357283	6000.0	1704.2220465957075	0.0	0	0.0	3879.2326823240146	1	0	1.0	2.5772440729839063
174163.0992685511	6000.0	1716.1334137729214	0.0	0	0.0	3879.2326823240146	1	0	1.0	2.5772440729839063
175155.74422522722	6000.0	1723.488457096808	0.0	0	0.0	3879.2326823240146	1	0	1.0	2.5772440729839063
176160.35418560728	6000.0	1718.8784967167503	0.0	0	0.0	3879.2326823240146	1	0	1.0	2.5772440729839063
177703.27743533716	6000.0	1175.9552469868868	0.0	0	0.0	3879.2326823240146	1	0	1.0	2.5772440729839152
178286.30628276378	3000.0	1592.9263995602907	0.0	0	0.0	3879.2326823240146	1	0	1.0	1.1909497118640164
178881.5954706787	3000.0	1997.6372116453747	0.0	0	0.0	3879.2326823240437	1	0	1.0	1.8840968924239503
179799.84638436016	3000.0	2079.3862979639025	0.0	0	0.0	3879.2326823240437	1	0	1.0	1.8840968924239503
180270.25799121265	3000.0	2608.9746911113903	0.0	0	0.0	3879.2326823240146	1	0	1.0	1.8840968924239614
180916.13570152476	3000.0	2963.096980799297	0.0	0	0.0	3879.2326823240146	1	0	1.0	1.8840968924239614
181417.10727048706	3000.0	3462.1254118369793	0.0	0	0.0	3879.2326823240437	1	0	1.0	1.8840968924239503
182200.0	3000.0	3679.232682324015	0.0	0	317.9707110893796	3879.2326823240437	1	0	1.0	1.8840968924239503
183259.21635876398	6000.0	3620.0163235600044	0.0	0	0.0	3879.2326823240146	1	0	1.0	1.8840968924239614
184284.31089986276	6000.0	3594.9217824611956	0.0	0	0.0	3879.2326823239855	1	0	1.0	2.5772440729839174
185200.0	6000.0	3679.232682323948	0.0	0	214.24359980068402	3879.2326823239855	1	0	1.0	2.5772440729839174
186360.67226139642	6000.0	3518.5604209275275	0.0	0	0.0	3879.2326823239564	1	0	1.0	2.5772440729839285
187424.31899797719	6000.0	3454.9136843467654	0.0	0	0.0	3879.2326823239564	1	0	1.0	2.5772440729839285
188327.28768699826	6000.0	3551.944995325698	0.0	0	0.0	3879.2326823239855	1	0	1.0	2.5772440729839174
189200.0	6000.0	3679.2326823239773	0.0	0	126.44636547303526	3879.2326823239855	1	0	1.0	2.5772440729839174
190732.62733341707	6000.0	3146.605348906907	0.0	0	0.0	3879.2326823239855	1	0	1.0	2.5772440729839174
192038.21785218213	6000.0	2841.0148301418617	0.0	0	0.0	3879.2326823239564	1	0	1.0	2.577244072983922
192991.7319654934	6000.0	2887.500716830587	0.0	0	0.0	3879.2326823239564	1	0	1.0	2.5772440729839285
194269.82730172758	6000.0	2609.405380596414	0.0	0	0.0	3879.2326823239564	1	0	1.0	2.5772440729839285
195299.0875274465	6000.0	2580.1451548774603	0.0	0	0.0	3879.2326823239564	1	0	1.0	2.5772440729839285
196166.27231007896	6000.0	2712.960372245005	0.0	0	0.0	3879.2326823239564	1	0	1.0	2.5772440729839285
197563.7462148723	6000.0	2315.486467451698	0.0	0	0.0	3879.2326823239564	1	0	1.0	2.5772440729839285
198451.73292323304	6000.0	2427.499759090986	0.0	0	0.0	3879.2326823239564	1	0	1.0	2.5772440729839285
199316.48898823923	6000.0	2562.7436940847774	0.0	0	0.0	3879.2326823239855	1	0	1.0	2.5772440729839174
200241.75272890698	6000.0	2637.4799534170625	0.0	0	0.0	3879.2326823239855	1	0	1.0	2.5772440729839174
201326.3996392796	6000.0	2552.833043044431	0.0	0	0.0	3879.2326823240146	1	0	1.0	2.5772440729839063
202463.97914497674	6000.0	2415.253537347285	0.0	0	0.0	3879.2326823240146	1	0	1.0	2.5772440729839063
203347.50310375047	6000.0	2531.7295785735523	0.0	0	0.0	3879.2326823240146	1	0	1.0	2.5772440729839063
204145.03536300754	6000.0	2734.1973193164754	0.0	0	0.0	3879.2326823240146	1	0	1.0	2.5772440729839063
205220.22966268187	6000.0	2659.003019642143	0.0	0	0.0	3879.2326823240146	1	0	1.0	2.5772440729839063
206379.99067065673	6000.0	2499.2420116672943	0.0	0	0.0	3879.2326823239855	1	0	1.0	2.5772440729839174
207772.41982139155	6000.0	2106.812860932465	0.0	0	0.0	3879.2326823239855	1	0	1.0	2.5772440729839174
208829.82019519867	6000.0	2049.412487125336	0.0	0	0.0	3879.2326823239855	1	0	1.0	2.5772440729839174
210168.19214305482	6000.0	1711.0405392691814	0.0	0	0.0	3879.2326823239855	1	0	1.0	2.5772440729839174
211390.5962415819	6000.0	1488.6364407420965	0.0	0	0.0	3879.2326823239855	1	0	1.0	2.5772440729839174
213016.36379985532	6000.0	862.8688824686899	0.0	0	0.0	3879.2326823239564	1	0	1.0	2.5772440729839285
213791.38016174862	6000.0	1087.8525205753638	0.0	0	0.0	3879.2326823239564	1	0	1.0	2.5772440729839285
214630.973389252	6000.0	1248.2592930719525	0.0	0	0.0	3879.2326823239564	1	0	1.0	2.5772440729839285
215790.17511245035	6000.0	1089.0575698735856	0.0	0	0.0	3879.2326823239564	1	0	1.0	2.5772440729839285
217161.1372220446	6000.0	718.0954602793736	0.0	0	0.0	3879.2326823239855	1	0	1.0	2.577244072983922
218547.15677838694	6000.0	332.0759039370583	0.0	0	0.0	3879.2326823240146	1	0	1.0	2.5772440729839063
219340.75041127458	3000.0	599.472658740752	60.9903876913516	0	0.0	3940.223070015374	1	0	1.0	0.8011132851290715
219917.0413945532	3000.0	1023.1816754621435	0.0	0	0.0	3940.223070015374	1	0	1.0	1.8602027918371262
220748.97511084407	3000.0	1191.247959171255	0.0	0	0.0	3940.223070015374	1	0	1.0	1.8602027918371262
221108.66763038587	3000.0	1831.5554396294744	0.0	0	0.0	3940.223070015403	1	0	1.0	1.8602027918371142
221929.2275213015	6000.0	2010.995548713859	0.0	0	0.0	3940.223070015403	1	0	1.0	1.8602027918371142
222600.96784437398	6000.0	2339.255225641372	0.0	0	0.0	3940.223070015403	1	0	1.0	2.553349972397059
223366.57546352237	6000.0	2573.64760649297	0.0	0	0.0	3940.223070015403	1	0	1.0	2.553349972397059
224899.44808766633	6000.0	2040.7749823490424	0.0	0	0.0	3940.2230700154323	1	0	1.0	2.5533499723970547
226294.89048244376	6000.0	1645.3325875716241	0.0	0	0.0	3940.2230700154323	1	0	1.0	2.5533499723970476
227185.13571967548	6000.0	1755.0873503399087	0.0	0	0.0	3940.2230700154614	1	0	1.0	2.553349972397036
227983.8187034787	6000.0	1956.4043665366698	0.0	0	0.0	3940.2230700154614	1	0	1.0	2.553349972397036
228690.87563063222	6000.0	2249.347439383158	0.0	0	0.0	3940.2230700154614	1	0	1.0	2.553349972397036
229648.34309027565	6000.0	2291.879979739732	0.0	0	0.0	3940.2230700154614	1	0	1.0	2.553349972397036
230687.78286708365	6000.0	2252.440202931705	0.0	0	0.0	3940.2230700154323	1	0	1.0	2.5533499723970476
231581.41429365688	6000.0	2358.8087763584203	0.0	0	0.0	3940.2230700154323	1	0	1.0	2.5533499723970476
232739.9147565248	6000.0	2200.3083134904678	0.0	0	0.0	3940.2230700154323	1	0	1.0	2.5533499723970476
233568.53809057557	6000.0	2371.6849794397194	0.0	0	0.0	3940.2230700154323	1	0	1.0	2.5533499723970476
234649.79669152963	6000.0	2290.42637848569	0.0	0	0.0	3940.2230700154323	1	0	1.0	2.5533499723970476
235432.6435904572	6000.0	2507.5794795580773	0.0	0	0.0	3940.2230700154323	1	0	1.0	2.5533499723970476
236362.31100067229	6000.0	2577.9120693429713	0.0	0	0.0	3940.223070015403	1	0	1.0	2.553349972397059
237422.00069751585	6000.0	2518.222372499429	0.0	0	0.0	3940.223070015403	1	0	1.0	2.553349972397059
238677.03491526374	6000.0	2263.188154751549	0.0	0	0.0	3940.223070015403	1	0	1.0	2.553349972397059
240052.09362931337	6000.0	1888.1294407018934	0.0	0	0.0	3940.223070015403	1	0	1.0	2.553349972397059
240905.47257194723	6000.0	2034.7504980680199	0.0	0	0.0	3940.223070015374	1	0	1.0	2.553349972397071
241543.87035722463	6000.0	2396.3527127906264	0.0	0	0.0	3940.223070015374	1	0	1.0	2.553349972397071
242632.7334967034	6000.0	2307.4895733118137	0.0	0	0.0	3940.223070015374	1	0	1.0	2.553349972397071
243650.62116618152	6000.0	2289.6019038337477	0.0	0	0.0	3940.223070015374	1	0	1.0	2.553349972397071
244814.87259242195	6000.0	2125.350477593332	0.0	0	0.0	3940.223070015345	1	0	1.0	2.553349972397082
246168.64328229328	6000.0	1771.579787722004	0.0	0	0.0	3940.223070015345	1	0	1.0	2.553349972397082
247340.71836675977	6000.0	1599.5047032555294	0.0	0	0.0	3940.223070015316	1	0	1.0	2.5533499723970943
248554.8833071965	6000.0	1385.339762818827	0.0	0	0.0	3940.223070015316	1	0	1.0	2.5533499723970943
249600.28944160286	6000.0	1339.933628412464	0.0	0	0.0	3940.223070015316	1	0	1.0	2.5533499723970943
250842.72774402145	6000.0	1097.4953259938782	0.0	0	0.0	3940.223070015316	1	0	1.0	2.5533499723970943
251905.22873307776	6000.0	1034.9943369375503	0.0	0	0.0	3940.223070015287	1	0	1.0	2.553349972397106
253067.29927122616	6000.0	872.9237987891528	0.0	0	0.0	3940.223070015287	1	0	1.0	2.553349972397106
253827.52669283922	3000.0	1112.6963771761075	0.0	0	0.0	3940.223070015287	1	0	1.0	1.1670556112772161
254269.4061753459	3000.0	1670.8168946694057	0.0	0	0.0	3940.223070015287	1	0	1.0	1.860202791837161
254846.89241672453	3000.0	2093.330653290752	0.0	0	0.0	3940.2230700152577	1	0	1.0	1.8602027918371729
255603.51702505825	6000.0	2336.7060449570413	0.0	0	0.0	3940.2230700152577	1	0	1.0	1.8602027918371726
256558.65443705395	6000.0	2381.5686329613127	0.0	0	0.0	3940.2230700152577	1	0	1.0	2.5533499723971174
257561.42434274402	6000.0	2378.7987272712817	0.0	0	0.0	3940.223070015287	1	0	1.0	2.553349972397106
259031.20614409208	6000.0	1909.0169259232143	0.0	0	0.0	3940.223070015287	1	0	1.0	2.553349972397106
259910.87569954677	6000.0	2029.3473704685118	0.0	0	0.0	3940.2230700152286	1	0	1.0	2.553349972397125
260483.11940641634	6000.0	2457.1036635989426	0.0	0	0.0	3940.2230700152286	1	0	1.0	2.5533499723971294
261462.11192712744	6000.0	2478.111142887857	0.0	0	0.0	3940.2230700152286	1	0	1.0	2.5533499723971294
262440.1643443763	6000.0	2500.058725638968	0.0	0	0.0	3940.2230700151995	1	0	1.0	2.5533499723971245
263542.5871631592	6000.0	2397.6359068560823	0.0	0	0.0	3940.2230700152286	1	0	1.0	2.553349972397141
264504.0755448531	6000.0	2436.1475251622287	0.0	0	0.0	3940.2230700152577	1	0	1.0	2.553349972397122
265187.2279738874	6000.0	2752.995096127914	0.0	0	0.0	3940.2230700152577	1	0	1.0	2.5533499723971174
265623.48713384935	6000.0	3316.735936165987	0.0	0	0.0	3940.223070015287	1	0	1.0	2.5533499723971036
266200.0	6000.0	3740.223070015304	0.0	0	7.9291508963215165	3940.2230700152577	1	0	1.0	2.5533499723971174
267200.0	6000.0	3740.2230700153077	0.0	0	238.6351764491992	3940.2230700152577	1	0	1.0	2.5533499723971174
268484.4392657522	6000.0	3455.7838042631192	0.0	0	0.0	3940.2230700152577	1	0	1.0	2.5533499723971174
269474.9255741836	6000.0	3465.297495831794	0.0	0	0.0	3940.223070015316	1	0	1.0	2.5533499723970943
270615.309416787	6000.0	3324.9136532283514	0.0	0	0.0	3940.2230700152577	1	0	1.0	2.5533499723971174
271880.08835903346	6000.0	3060.1347109818826	0.0	0	0.0	3940.2230700152577	1	0	1.0	2.5533499723971174
272637.5976184079	6000.0	3302.6254516074546	0.0	0	0.0	3940.2230700152577	1	0	1.0	2.5533499723971174
273831.28050921764	6000.0	3108.942560797739	0.0	0	0.0	3940.223070015316	1	0	1.0	2.5533499723970943
274767.1822197134	6000.0	3173.0408503020344	0.0	0	0.0	3940.223070015316	1	0	1.0	2.5533499723970943
276036.6769020825	6000.0	2903.546167932913	0.0	0	0.0	3940.2230700152577	1	0	1.0	2.5533499723971174
276659.8458889675	6000.0	3280.377181047927	0.0	0	0.0	3940.2230700152577	1	0	1.0	2.5533499723971174
277590.2455334502	6000.0	3349.97753656523	0.0	0	0.0	3940.2230700152577	1	0	1.0	2.5533499723971174
278582.70808481483	6000.0	3357.514985200592	0.0	0	0.0	3940.223070015316	1	0	1.0	2.5533499723970943
279878.2797189808	6000.0	3061.9433510346594	0.0	0	0.0	3940.223070015316	1	0	1.0	2.5533499723970943
280865.7715411956	6000.0	3074.451528819813	0.0	0	0.0	3940.223070015316	1	0	1.0	2.5533499723970943
281766.5326270148	6000.0	3173.6904430005966	0.0	0	0.0	3940.223070015316	1	0	1.0	2.5533499723970943
282872.7956188422	6000.0	3067.427451173184	0.0	0	0.0	3940.2230700151995	1	0	1.0	2.5533499723971267
284097.89026095276	6000.0	2842.3328090626815	0.0	0	0.0	3940.2230700152577	1	0	1.0	2.5533499723971174
285015.54799842136	6000.0	2924.675071594071	0.0	0	0.0	3940.223070015374	1	0	1.0	2.55334997239708
286512.9311393159	6000.0	2427.2919306995377	0.0	0	0.0	3940.223070015374	1	0	1.0	2.553349972397071
288146.67429841147	6000.0	1793.54877160391	0.0	0	0.0	3940.223070015316	1	0	1.0	2.5533499723970943
289096.3362173781	6000.0	1843.8868526373278	0.0	0	0.0	3940.2230700152577	1	0	1.0	2.5533499723971174
290515.31308219937	6000.0	1424.9099878160757	0.0	0	0.0	3940.2230700151995	1	0	1.0	2.553349972397141
291098.89694581344	3000.0	1841.326124201933	0.0	0	0.0	3940.2230700151995	1	0	1.0	1.167055611277251
292413.9262787681	6000.0	1526.29679124728	0.0	0	0.0	3940.2230700152577	1	0	1.0	1.8602027918371726
294010.27995836304	6000.0	929.9431116523559	0.0	0	0.0	3940.223070015316	1	0	1.0	2.5533499723971085
294526.09230608033	3000.0	1414.1307639351246	0.0	0	0.0	3940.223070015316	1	0	1.0	1.1670556112772044
295172.3895526701	3000.0	1767.8335173452708	0.0	0	0.0	3940.223070015316	1	0	1.0	1.8602027918371493
296251.21410037024	6000.0	1689.0089696451878	0.0	0	0.0	3940.223070015316	1	0	1.0	1.8602027918371493
297318.6952759518	6000.0	1621.5277940636863	0.0	0	0.0	3940.2230700152577	1	0	1.0	2.5533499723971174
298378.5733542587	6000.0	1561.649715756835	0.0	0	0.0	3940.2230700152577	1	0	1.0	2.5533499723971174
299770.84160295245	6000.0	1169.3814670631614	0.0	0	0.0	3940.2230700151413	1	0	1.0	2.553349972397146
300673.25958993327	6000.0	1266.9634800823403	0.0	0	0.0	3940.2230700151413	1	0	1.0	2.5533499723971644
301279.3570224691	6000.0	1660.866047546545	0.0	0	0.0	3940.2230700151413	1	0	1.0	2.5533499723971644
302167.253566065	6000.0	1772.9695039506787	0.0	0	0.0	3940.223070015083	1	0	1.0	2.553349972397183
303313.1229108937	6000.0	1627.1001591219713	0.0	0	0.0	3940.223070015083	1	0	1.0	2.5533499723971875
304182.2075698896	6000.0	1758.0155001260844	0.0	0	0.0	3940.2230700151413	1	0	1.0	2.5533499723971644
8.605377777777779	8.569377777777778	9.985377777777778	10.069377777777778	12.433377777777778	7.885377777777778	5.005377777777778	2.557377777777778	5.737377777777779	5.653377777777778	3.8413777777777782	7.5133777777777775	8.353377777777778	5.353377777777778	4.441377777777778	6.6493777777777785	5.605377777777778	6.565377777777778	5.185377777777779	6.373377777777778	5.4733777777777775	5.173377777777778	5.1493777777777785	4.297377777777778	3.4213777777777783	5.1013777777777785	4.717377777777778	5.5693777777777775	6.337377777777778	8.461377777777777	5.977377777777778	6.157377777777778	7.549377777777778	5.857377777777778	7.885377777777778	4.0693777777777775	5.5693777777777775	4.453377777777778	6.925377777777777	5.401377777777778	6.505377777777778	6.037377777777778	4.909377777777778	6.565377777777778	5.3845217391304345	4.556521739130435	4.928521739130435	7.292521739130434	8.828521739130435	5.564521739130435	4.568521739130435	7.784521739130435	3.9445217391304346	6.260521739130435	5.120521739130435	4.976521739130435	4.808521739130435	4.148521739130436	7.520521739130435	8.348521739130435	7.340521739130434	5.264521739130435	6.584521739130435	4.8925217391304345	4.7965217391304344	4.496521739130435	8.432521739130436	7.484521739130434	6.608521739130435	3.9325217391304346	3.968521739130435	5.816521739130435	6.932521739130435	7.616521739130435	7.748521739130435	6.248521739130435	6.3925217391304345	7.436521739130434	6.572521739130435	7.340521739130434	8.048521739130436	5.516521739130435	5.3365217391304345	5.636521739130434	5.168521739130435	6.056521739130435	8.144521739130434	6.596521739130434	7.124521739130435	4.748521739130435	5.02	4.76	6.21	6.64	5.51	5.43	5.4	6.43	4.69	5.54	7.74	5.27	4.74	4.44	6.92	8.93	5.79	7.26	5.69	7.7	11.9	9.64	5.68	6.67	5.82	5.24	4.76	6.94	6.99	5.4	4.91	8.66	8.38	5.85	5.19	6.72	6.48	5.66	6.28	4.86	5.29	5.24	2.84	5.36	5.4	5.1	5.46	5.69	4.39	4.95	6.85	7.05	6.29	5.4	6.0	6.83	9.48	4.73	7.11	6.541377777777778	8.605377777777779	8.569377777777778	9.985377777777778	10.069377777777778	12.433377777777778	7.885377777777778	5.005377777777778	2.557377777777778	5.737377777777779	5.653377777777778	3.8413777777777782	7.5133777777777775	8.353377777777778	5.353377777777778	4.441377777777778	6.6493777777777785	5.605377777777778	6.565377777777778	5.185377777777779	6.373377777777778	5.4733777777777775	5.173377777777778	5.1493777777777785	4.297377777777778	3.4213777777777783	5.1013777777777785	4.717377777777778	5.5693777777777775	6.337377777777778	8.461377777777777	5.977377777777778	6.157377777777778	7.549377777777778	5.857377777777778	7.885377777777778	4.0693777777777775	5.5693777777777775	4.453377777777778	6.925377777777777	5.401377777777778	6.505377777777778	6.037377777777778	4.909377777777778	6.565377777777778	5.3845217391304345	4.556521739130435	4.928521739130435	7.292521739130434	8.828521739130435	5.564521739130435	4.568521739130435	7.784521739130435	3.9445217391304346	6.260521739130435	5.120521739130435	4.976521739130435	4.808521739130435	4.148521739130436	7.520521739130435	8.348521739130435	7.340521739130434	5.264521739130435	6.584521739130435	4.8925217391304345	4.7965217391304344	4.496521739130435	8.432521739130436	7.484521739130434	6.608521739130435	3.9325217391304346	3.968521739130435	5.816521739130435	6.932521739130435	7.616521739130435	7.748521739130435	6.248521739130435	6.3925217391304345	7.436521739130434	6.572521739130435	7.340521739130434	8.048521739130436	5.516521739130435	5.3365217391304345	5.636521739130434	5.168521739130435	6.056521739130435	8.144521739130434	6.596521739130434	7.124521739130435	4.748521739130435	5.02	4.76	6.21	6.64	5.51	5.43	5.4	6.43	4.69	5.54	7.74	5.27	4.74	4.44	6.92	8.93	5.79	7.26	5.69	7.7	11.9	9.64	5.68	6.67	5.82	5.24	4.76	6.94	6.99	5.4	4.91	8.66	8.38	5.85	5.19	6.72	6.48	5.66	6.28	4.86	5.29	5.24	2.84	5.36	5.4	5.1	5.46	5.69	4.39	4.95	6.85	7.05	6.29	5.4	6.0	6.83	9.48	4.73	7.11	6.541377777777778	8.605377777777779	8.569377777777778	9.985377777777778
1.0	2.0	3.0	4.0	5.0	6.0	7.0	8.0	9.0	10.0	11.0	12.0	13.0	14.0	15.0	16.0	17.0	18.0	19.0	20.0	21.0	22.0	23.0	24.0	25.0	26.0	27.0	28.0	29.0	30.0	31.0	32.0	33.0	34.0	35.0	36.0	37.0	38.0	39.0	40.0	41.0	42.0	43.0	44.0	45.0	46.0	47.0	48.0	49.0	50.0	51.0	52.0	53.0	54.0	55.0	56.0	57.0	58.0	59.0	60.0	61.0	62.0	63.0	64.0	65.0	66.0	67.0	68.0	69.0	70.0	71.0	72.0	73.0	74.0	75.0	76.0	77.0	78.0	79.0	80.0	81.0	82.0	83.0	84.0	85.0	86.0	87.0	88.0	89.0	90.0	91.0	92.0	93.0	94.0	95.0	96.0	97.0	98.0	99.0	100.0	101.0	102.0	103.0	104.0	105.0	106.0	107.0	108.0	109.0	110.0	111.0	112.0	113.0	114.0	115.0	116.0	117.0	118.0	119.0	120.0	121.0	122.0	123.0	124.0	125.0	126.0	127.0	128.0	129.0	130.0	131.0	132.0	133.0	134.0	135.0	136.0	137.0	138.0	139.0	140.0	141.0	142.0	143.0	144.0	145.0	146.0	147.0	148.0	149.0	149.0	150.0	151.0	152.0	153.0	154.0	155.0	156.0	157.0	158.0	159.0	160.0	161.0	162.0	163.0	164.0	165.0	166.0	167.0	168.0	169.0	170.0	171.0	172.0	173.0	174.0	175.0	176.0	177.0	178.0	179.0	180.0	181.0	182.0	183.0	184.0	185.0	186.0	187.0	188.0	189.0	190.0	191.0	192.0	193.0	194.0	195.0	196.0	197.0	198.0	199.0	200.0	201.0	202.0	203.0	204.0	205.0	206.0	207.0	208.0	209.0	210.0	211.0	212.0	213.0	214.0	215.0	216.0	217.0	218.0	219.0	220.0	221.0	222.0	223.0	224.0	225.0	226.0	227.0	228.0	229.0	230.0	231.0	232.0	233.0	234.0	235.0	236.0	237.0	238.0	239.0	240.0	241.0	242.0	243.0	244.0	245.0	246.0	247.0	248.0	249.0	250.0	251.0	252.0	253.0	254.0	255.0	256.0	257.0	258.0	259.0	260.0	261.0	262.0	263.0	264.0	265.0	266.0	267.0	268.0	269.0	270.0	271.0	272.0	273.0	274.0	275.0	276.0	277.0	278.0	279.0	280.0	281.0	282.0	283.0	284.0	285.0	286.0	287.0	288.0	289.0	290.0	291.0	292.0	293.0	294.0	295.0	296.0	297.0	298.0	298.0	299.0	300.0	301.0
5690.592653038685
