2845.3168731776327	1000.0	2000.0	238.5051902278392	0	0.0	2845.3168731776327	1	0	1.0	-1.5757203091411105
3660.403229233308	3000.0	2184.9136439443255	0.0	0	0.0	2845.316873177633	1	0	1.0	1.0502347128684977
4336.451168075658	3000.0	2508.865705101976	0.0	0	0.0	2845.316873177633	1	0	1.0	2.1488470015366072
5200.0	3000.0	2645.316873177634	0.0	0	149.61570084420327	2845.3168731776336	1	0	1.0	2.1488470015366072
6505.173112348014	3000.0	2340.1437608296196	0.0	0	0.0	2845.3168731776336	1	0	1.0	2.1488470015366072
7597.365004299968	3000.0	2247.9518688776657	0.0	0	0.0	2845.316873177633	1	0	1.0	2.1488470015366072
8341.418994534524	3000.0	2503.8978786431085	0.0	0	0.0	2845.316873177633	1	0	1.0	2.1488470015366072
9268.455089560859	3000.0	2576.8617836167737	0.0	0	0.0	2845.316873177634	1	0	1.0	2.1488470015366072
10535.459917050364	3000.0	2309.856956127267	0.0	0	0.0	2845.316873177633	1	0	1.0	2.1488470015366072
11542.01855957556	3000.0	2303.2983136020725	0.0	0	0.0	2845.316873177635	1	0	1.0	2.1488470015366072
12392.966203669395	3000.0	2452.350669508236	0.0	0	0.0	2845.316873177633	1	0	1.0	2.1488470015366072
13212.65237870504	3000.0	2632.664494472591	0.0	0	0.0	2845.316873177633	1	0	1.0	2.1488470015366072
14488.822921644467	3000.0	2356.493951533164	0.0	0	0.0	2845.316873177633	1	0	1.0	2.1488470015366072
15200.0	3000.0	2645.316873177632	0.0	0	13.885581293572614	2845.316873177635	1	0	1.0	2.1488470015366072
16200.0	3000.0	2645.316873177633	0.0	0	63.525586911791834	2845.316873177637	1	0	1.0	2.148847001536607
17200.0	3000.0	2645.316873177633	0.0	0	309.4083455423497	2845.316873177635	1	0	1.0	2.148847001536607
18200.0	3000.0	2645.3168731776323	0.0	0	339.25723532532356	2845.316873177635	1	0	1.0	2.1488470015366072
19521.71576731707	6000.0	2323.6011058605613	0.0	0	0.0	2845.316873177635	1	0	1.0	2.1488470015366072
21028.89026066145	6000.0	1816.4266125161807	0.0	0	0.0	2845.3168731776314	1	0	1.0	2.8419941820965526
22728.933595259794	6000.0	1116.383277917837	0.0	0	0.0	2845.3168731776314	1	0	1.0	2.8419941820965526
23498.100584066728	3000.0	1347.2162891109024	0.0	0	0.0	2845.316873177635	1	0	1.0	1.455699820976662
24530.165441331465	3000.0	1315.1514318461634	0.0	0	0.0	2845.3168731776314	1	0	1.0	2.1488470015366077
25430.53380921708	3000.0	1414.78306396055	0.0	0	0.0	2845.3168731776314	1	0	1.0	2.1488470015366077
26424.849963763816	3000.0	1420.466909413811	0.0	0	0.0	2845.3168731776314	1	0	1.0	2.1488470015366077
27219.430896340447	3000.0	1625.885976837176	0.0	0	0.0	2845.3168731776314	1	0	1.0	2.1488470015366077
27977.547997581016	3000.0	1867.7688755966071	0.0	0	0.0	2845.3168731776314	1	0	1.0	2.1488470015366077
28797.712870420597	3000.0	2047.6040027570268	0.0	0	0.0	2845.3168731776314	1	0	1.0	2.1488470015366077
29806.27287648542	3000.0	2039.0439966922065	0.0	0	0.0	2845.3168731776314	1	0	1.0	2.1488470015366077
30841.98842658916	3000.0	2003.3284465884628	0.0	0	0.0	2845.3168731776314	1	0	1.0	2.1488470015366077
31519.68029582136	3000.0	2325.636577356262	0.0	0	0.0	2845.3168731776314	1	0	1.0	2.1488470015366077
32209.955771872133	3000.0	2635.3611013054892	0.0	0	0.0	2845.3168731776314	1	0	1.0	2.1488470015366077
33200.0	3000.0	2645.3168731776173	0.0	0	154.63628929055994	2845.3168731776314	1	0	1.0	2.1488470015366072
34200.0	3000.0	2645.316873177621	0.0	0	302.98713041263545	2845.3168731776386	1	0	1.0	2.148847001536607
35200.0	3000.0	2645.316873177616	0.0	0	371.4258726274711	2845.316873177635	1	0	1.0	2.148847001536607
36215.62963695446	3000.0	2629.687236223155	0.0	0	0.0	2845.3168731776386	1	0	1.0	2.1488470015366063
37200.0	3000.0	2645.316873177617	0.0	0	232.6447557792926	2845.3168731776386	1	0	1.0	2.1488470015366063
38200.0	3000.0	2645.3168731776173	0.0	0	114.47817600169947	2845.316873177646	1	0	1.0	2.1488470015366055
39200.0	3000.0	2645.3168731776236	0.0	0	396.6403506203351	2845.316873177646	1	0	1.0	2.1488470015366055
41219.63212213689	6000.0	1625.68475104073	0.0	0	0.0	2845.316873177646	1	0	1.0	2.148847001536605
42773.84010702719	3000.0	1071.4767661504395	0.0	0	0.0	2845.316873177646	1	0	1.0	1.4556998209766605
43910.46921710134	3000.0	934.8476560762898	0.0	0	0.0	2845.316873177646	1	0	1.0	2.1488470015366055
44805.491144706786	3000.0	1039.8257284708334	0.0	0	0.0	2845.316873177646	1	0	1.0	2.1488470015366055
45586.00353963751	3000.0	1259.3133335401183	0.0	0	0.0	2845.316873177646	1	0	1.0	2.1488470015366055
46251.53003623645	2000.0	1593.7868369411754	0.0	0	0.0	2845.316873177646	1	0	1.0	1.337916785320276
47256.52535821757	3000.0	1588.791514960057	0.0	0	0.0	2845.316873177646	1	0	1.0	1.7433818934284409
47906.504514186614	3000.0	1938.8123589910108	0.0	0	0.0	2845.316873177646	1	0	1.0	2.1488470015366055
48669.23375429451	3000.0	2176.083118883106	0.0	0	0.0	2845.316873177646	1	0	1.0	2.1488470015366055
49432.9534245444	3000.0	2412.363448633209	0.0	0	0.0	2845.3168731776386	1	0	1.0	2.1488470015366063
50200.0	3000.0	2645.3168731776045	0.0	0	43.18576388779911	2845.3168731776386	1	0	1.0	2.1488470015366063
51200.0	3000.0	2645.3168731776072	0.0	0	132.4984734392783	2845.3168731776314	1	0	1.0	2.1488470015366077
52200.0	3000.0	2645.3168731776027	0.0	0	205.54525953061966	2845.3168731776314	1	0	1.0	2.1488470015366077
53233.70833060895	3000.0	2611.608542568662	0.0	0	0.0	2845.3168731776314	1	0	1.0	2.1488470015366077
54200.0	3000.0	2645.316873177612	0.0	0	22.765857854908973	2845.3168731776314	1	0	1.0	2.1488470015366077
55230.16118895653	3000.0	2615.155684221082	0.0	0	0.0	2845.3168731776314	1	0	1.0	2.1488470015366077
56200.0	3000.0	2645.316873177614	0.0	0	275.42421697670216	2845.3168731776314	1	0	1.0	2.1488470015366077
57200.0	3000.0	2645.316873177612	0.0	0	342.88241905454925	2845.3168731776314	1	0	1.0	2.1488470015366077
58231.01973104926	3000.0	2614.297142128358	0.0	0	0.0	2845.3168731776314	1	0	1.0	2.1488470015366077
59200.0	3000.0	2645.316873177612	0.0	0	113.76078706387489	2845.3168731776386	1	0	1.0	2.1488470015366063
60200.0	3000.0	2645.316873177613	0.0	0	206.4582634518738	2845.3168731776386	1	0	1.0	2.1488470015366063
61200.0	3000.0	2645.316873177607	0.0	0	195.73394887402537	2845.3168731776386	1	0	1.0	2.1488470015366063
62200.0	3000.0	2645.316873177613	0.0	0	225.96244364328595	2845.3168731776386	1	0	1.0	2.1488470015366063
63227.271304634975	3000.0	2618.0455685426427	0.0	0	0.0	2845.3168731776386	1	0	1.0	2.1488470015366063
64245.40677945263	3000.0	2599.910093725	0.0	0	0.0	2845.3168731776386	1	0	1.0	2.1488470015366063
65310.098951738095	3000.0	2535.217921439531	0.0	0	0.0	2845.316873177646	1	0	1.0	2.1488470015366055
66200.0	3000.0	2645.3168731776236	0.0	0	27.67602640199766	2845.316873177653	1	0	1.0	2.148847001536605
67200.0	3000.0	2645.3168731776163	0.0	0	18.770035443551023	2845.316873177646	1	0	1.0	2.1488470015366055
68200.0	3000.0	2645.3168731776254	0.0	0	381.65875891197356	2845.316873177646	1	0	1.0	2.1488470015366055
69200.0	3000.0	2645.316873177634	0.0	0	365.18173052447673	2845.316873177653	1	0	1.0	2.148847001536604
70200.0	3000.0	2645.3168731776395	0.0	0	89.6430590176169	2845.3168731776677	1	0	1.0	2.148847001536602
71325.50941102911	3000.0	2519.8074621485466	0.0	0	0.0	2845.3168731776823	1	0	1.0	2.1488470015365997
72203.84124842919	3000.0	2641.475624748464	0.0	0	0.0	2845.3168731776823	1	0	1.0	2.1488470015365997
73315.71907397528	3000.0	2529.597799202376	0.0	0	0.0	2845.3168731776823	1	0	1.0	2.1488470015365997
74200.0	3000.0	2645.3168731776686	0.0	0	143.04869758040877	2845.3168731776823	1	0	1.0	2.1488470015365997
75200.0	3000.0	2645.3168731776723	0.0	0	364.8173754478921	2845.3168731776823	1	0	1.0	2.1488470015365997
76200.0	3000.0	2645.3168731776705	0.0	0	341.16681721122586	2845.3168731776677	1	0	1.0	2.148847001536602
77216.98313651333	3000.0	2628.333736664352	0.0	0	0.0	2845.3168731776677	1	0	1.0	2.148847001536602
78282.64494655364	3000.0	2562.671926624039	0.0	0	0.0	2845.3168731776677	1	0	1.0	2.148847001536602
79200.0	3000.0	2645.3168731776814	0.0	0	71.23860878116102	2845.3168731776677	1	0	1.0	2.148847001536602
80200.0	3000.0	2645.3168731776973	0.0	0	163.60929931991268	2845.3168731776677	1	0	1.0	2.148847001536602
81200.0	3000.0	2645.3168731776886	0.0	0	163.29915155166236	2845.3168731776677	1	0	1.0	2.148847001536602
82338.55699244734	3000.0	2506.759880730354	0.0	0	0.0	2845.3168731776677	1	0	1.0	2.148847001536602
83200.0	3000.0	2645.3168731776987	0.0	0	35.88399398175534	2845.3168731776677	1	0	1.0	2.148847001536602
84200.0	3000.0	2645.3168731776927	0.0	0	163.6574001560948	2845.3168731776677	1	0	1.0	2.148847001536602
85265.49562546471	3000.0	2579.8212477129696	0.0	0	0.0	2845.316873177653	1	0	1.0	2.148847001536604
86200.0	3000.0	2645.31687317768	0.0	0	21.177230394692742	2845.316873177653	1	0	1.0	2.148847001536604
87200.0	3000.0	2645.316873177685	0.0	0	146.59189853227872	2845.316873177653	1	0	1.0	2.148847001536604
88200.0	3000.0	2645.3168731776814	0.0	0	91.10994925565319	2845.316873177653	1	0	1.0	2.148847001536604
89200.0	3000.0	2645.3168731776686	0.0	0	338.5200743126916	2845.316873177653	1	0	1.0	2.148847001536604
90200.0	3000.0	2645.3168731776727	0.0	0	192.13050181524886	2845.316873177653	1	0	1.0	2.148847001536604
91200.0	3000.0	2645.3168731776755	0.0	0	63.63220872025704	2845.316873177653	1	0	1.0	2.148847001536604
92200.0	3000.0	2645.3168731776827	0.0	0	156.69159628040507	2845.316873177653	1	0	1.0	2.148847001536604
93200.0	3000.0	2645.3168731776855	0.0	0	170.4834748765279	2845.3168731776677	1	0	1.0	2.148847001536602
94542.53361026243	3000.0	2302.783262915258	0.0	0	0.0	2845.3168731776677	1	0	1.0	2.148847001536602
95292.98510306579	3000.0	2552.3317701118885	0.0	0	0.0	2845.316873177653	1	0	1.0	2.148847001536604
96200.0	3000.0	2645.316873177668	0.0	0	141.18952454098326	2845.316873177653	1	0	1.0	2.148847001536604
97206.24515132257	3000.0	2639.071721855092	0.0	0	0.0	2845.316873177653	1	0	1.0	2.148847001536604
98475.32396175462	3000.0	2369.992911423038	0.0	0	0.0	2845.316873177653	1	0	1.0	2.148847001536604
99200.0	3000.0	2645.31687317765	0.0	0	5.733131012690137	2845.316873177653	1	0	1.0	2.148847001536604
100200.0	3000.0	2645.3168731776427	0.0	0	100.2697785065684	2845.316873177653	1	0	1.0	2.148847001536604
101200.0	3000.0	2645.316873177653	0.0	0	412.1500817059423	2845.316873177653	1	0	1.0	2.148847001536604
102200.0	3000.0	2645.316873177642	0.0	0	326.63672526467417	2845.316873177653	1	0	1.0	2.148847001536604
103277.30067364757	3000.0	2568.0161995300837	0.0	0	0.0	2845.3168731776677	1	0	1.0	2.148847001536602
104200.0	3000.0	2645.3168731776527	0.0	0	269.1078836007946	2845.3168731776677	1	0	1.0	2.148847001536602
105200.0	3000.0	2645.3168731776536	0.0	0	406.0468581816822	2845.3168731776677	1	0	1.0	2.148847001536602
106438.78076021893	3000.0	2406.5361129587322	0.0	0	0.0	2845.3168731776677	1	0	1.0	2.148847001536602
107359.81119311851	3000.0	2485.5056800591537	0.0	0	0.0	2845.3168731776677	1	0	1.0	2.148847001536602
108299.9098058665	3000.0	2545.407067311182	0.0	0	0.0	2845.3168731776677	1	0	1.0	2.148847001536602
109200.0	3000.0	2645.3168731776855	0.0	0	18.560149890894536	2845.3168731776677	1	0	1.0	2.148847001536602
110200.0	3000.0	2645.3168731776905	0.0	0	386.797880961225	2845.3168731776677	1	0	1.0	2.148847001536602
111200.0	3000.0	2645.316873177679	0.0	0	354.50558807127527	2845.3168731776677	1	0	1.0	2.148847001536602
112200.0	3000.0	2645.316873177673	0.0	0	271.7233831389167	2845.316873177653	1	0	1.0	2.148847001536604
113200.0	3000.0	2645.316873177661	0.0	0	82.62166514420824	2845.316873177653	1	0	1.0	2.148847001536604
114200.0	3000.0	2645.3168731776573	0.0	0	253.6169512100314	2845.316873177653	1	0	1.0	2.148847001536604
115548.73075809763	6000.0	2296.586115080026	0.0	0	0.0	2845.316873177653	1	0	1.0	2.1488470015366037
117320.17697596815	6000.0	1525.1398972095228	0.0	0	0.0	2845.3168731776677	1	0	1.0	2.8419941820965464
118934.06127488473	6000.0	911.2555982929366	0.0	0	0.0	2845.3168731776677	1	0	1.0	2.8419941820965464
119723.54409616879	3000.0	1121.7727770088943	0.0	0	0.0	2845.3168731776677	1	0	1.0	1.455699820976657
120635.98924518084	3000.0	1209.327627996853	0.0	0	0.0	2845.3168731776677	1	0	1.0	2.148847001536602
121873.6809301416	3000.0	971.6359430360905	0.0	0	0.0	2845.3168731776823	1	0	1.0	2.1488470015365997
122475.97802667828	3000.0	1369.3388464994182	0.0	0	0.0	2845.3168731776823	1	0	1.0	2.1488470015365997
123058.56155974435	3000.0	1786.7553134333366	0.0	0	0.0	2845.3168731776823	1	0	1.0	2.1488470015365997
123983.70933011746	3000.0	1861.607543060217	0.0	0	0.0	2845.3168731776823	1	0	1.0	2.1488470015365997
124657.22110591397	3000.0	2188.0957672637096	0.0	0	0.0	2845.3168731776677	1	0	1.0	2.148847001536602
125430.49281058	3000.0	2414.8240625976787	0.0	0	0.0	2845.3168731776677	1	0	1.0	2.148847001536602
126239.08562621864	3000.0	2606.2312469590333	0.0	0	0.0	2845.3168731776677	1	0	1.0	2.148847001536602
127200.0	3000.0	2645.3168731776714	0.0	0	279.57912236049015	2845.3168731776677	1	0	1.0	2.148847001536602
128200.0	3000.0	2645.316873177674	0.0	0	1.5424056612537242	2845.316873177653	1	0	1.0	2.148847001536604
129200.0	3000.0	2645.31687317768	0.0	0	141.83835375971103	2845.316873177653	1	0	1.0	2.148847001536604
130200.0	3000.0	2645.3168731776927	0.0	0	143.0455691141833	2845.3168731776677	1	0	1.0	2.148847001536602
131200.0	3000.0	2645.316873177706	0.0	0	488.7057519446098	2845.3168731776677	1	0	1.0	2.148847001536602
132200.0	3000.0	2645.3168731777305	0.0	0	123.36745419469662	2845.316873177697	1	0	1.0	2.1488470015365997
133629.4873686826	6000.0	2215.829504495122	0.0	0	0.0	2845.3168731776823	1	0	1.0	2.1488470015365992
134582.3570379307	3000.0	2262.9598352470175	0.0	0	0.0	2845.3168731776823	1	0	1.0	1.4556998209766547
135209.58113508445	3000.0	2635.73573809325	0.0	0	0.0	2845.3168731776823	1	0	1.0	2.1488470015365997
136200.0	3000.0	2645.3168731777273	0.0	0	12.479367750813253	2845.3168731776823	1	0	1.0	2.1488470015365997
137200.0	3000.0	2645.3168731777523	0.0	0	222.75989104114706	2845.3168731776823	1	0	1.0	2.1488470015365997
138200.0	3000.0	2645.316873177757	0.0	0	350.34237042229506	2845.3168731776823	1	0	1.0	2.1488470015365997
139200.0	3000.0	2645.3168731777437	0.0	0	296.7220562789007	2845.3168731776823	1	0	1.0	2.1488470015365997
140200.0	3000.0	2645.3168731777682	0.0	0	255.87883081450127	2845.3168731776823	1	0	1.0	2.1488470015365997
141200.0	3000.0	2645.3168731778096	0.0	0	261.99180919650826	2845.3168731776823	1	0	1.0	2.1488470015365997
142200.0	3000.0	2645.3168731778305	0.0	0	399.17195772664854	2845.3168731776823	1	0	1.0	2.1488470015365997
143200.0	3000.0	2645.3168731778374	0.0	0	145.83207148718066	2845.3168731776823	1	0	1.0	2.1488470015365997
144200.63282197173	3000.0	2644.6840512060717	0.0	0	0.0	2845.3168731776823	1	0	1.0	2.1488470015365997
145200.0	3000.0	2645.316873177833	0.0	0	387.9363410359947	2845.3168731776823	1	0	1.0	2.1488470015365997
146200.0	3000.0	2645.3168731778123	0.0	0	239.6522357678914	2845.3168731776823	1	0	1.0	2.1488470015365997
147200.0	3000.0	2645.316873177807	0.0	0	101.71313845569966	2845.3168731776823	1	0	1.0	2.1488470015365997
148200.0	3000.0	2645.3168731777937	0.0	0	386.06430328590795	2845.3168731776823	1	0	1.0	2.1488470015365997
149275.9714334383	3000.0	2569.3454397394803	0.0	0	0.0	2845.3168731776823	1	0	1.0	2.1488470015365997
150288.47444409374	3000.0	2556.842429084013	0.0	0	0.0	2845.3168731776823	1	0	1.0	2.1488470015365997
151200.0	3000.0	2645.3168731777396	0.0	0	6.388558099919464	2845.316873177653	1	0	1.0	2.148847001536604
152200.0	3000.0	2645.316873177765	0.0	0	136.20528341137106	2845.3168731776823	1	0	1.0	2.1488470015365997
153200.0	3000.0	2645.316873177739	0.0	0	158.1410543740203	2845.3168731776823	1	0	1.0	2.1488470015365997
154200.0	3000.0	2645.3168731777546	0.0	0	331.44123856228543	2845.3168731776823	1	0	1.0	2.1488470015365997
155568.59187259918	3000.0	2276.725000578597	0.0	0	0.0	2845.316873177653	1	0	1.0	2.1488470015366006
156235.51742477634	3000.0	2609.7994484014766	0.0	0	0.0	2845.3168731776823	1	0	1.0	2.1488470015365997
157200.0	3000.0	2645.3168731778223	0.0	0	199.53567256600945	2845.3168731776823	1	0	1.0	2.1488470015365997
158200.0	3000.0	2645.316873177813	0.0	0	187.45101479048026	2845.3168731776823	1	0	1.0	2.1488470015365997
159200.0	3000.0	2645.316873177816	0.0	0	41.251304159348365	2845.3168731777114	1	0	1.0	2.1488470015365952
160366.60341884408	3000.0	2478.713454333721	0.0	0	0.0	2845.3168731776823	1	0	1.0	2.1488470015365997
161271.8525301756	3000.0	2573.464343002241	0.0	0	0.0	2845.3168731776823	1	0	1.0	2.1488470015365997
162200.0	3000.0	2645.3168731778046	0.0	0	54.81566400587326	2845.3168731776823	1	0	1.0	2.1488470015365997
163200.0	3000.0	2645.316873177834	0.0	0	99.19105473806849	2845.3168731776823	1	0	1.0	2.1488470015365997
164200.0	3000.0	2645.3168731778433	0.0	0	131.629130945832	2845.3168731776823	1	0	1.0	2.1488470015365997
165235.11354779234	3000.0	2610.2033253854916	0.0	0	0.0	2845.3168731776823	1	0	1.0	2.1488470015365997
166200.0	3000.0	2645.3168731778405	0.0	0	309.3018112752761	2845.3168731776823	1	0	1.0	2.1488470015365997
167200.0	3000.0	2645.3168731778114	0.0	0	288.2118488625565	2845.316873177653	1	0	1.0	2.148847001536604
168369.93672132798	6000.0	2475.380151849832	0.0	0	0.0	2845.3168731776823	1	0	1.0	2.1488470015365992
170293.1465212462	6000.0	1552.1703519315756	0.0	0	0.0	2845.3168731776823	1	0	1.0	2.8419941820965446
172199.14582341537	6000.0	646.1710497624196	0.0	0	0.0	2845.3168731776823	1	0	1.0	2.8419941820965446
173367.80767747966	3000.0	477.50919569811765	0.0	0	0.0	2845.316873177653	1	0	1.0	1.4556998209766594
174444.97775557908	3000.0	461.38190948583735	61.042791887107	0	0.0	2906.3596650647523	1	0	1.0	1.7727374404196716
175401.00427854256	3000.0	505.3553865223415	0.0	0	0.0	2906.3596650647523	1	0	1.0	2.1389941917423134
176039.68629090977	2000.0	866.6733741551302	0.0	0	0.0	2906.3596650647523	1	0	1.0	1.3280639755259842
176761.25177188846	3000.0	1145.10789317639	0.0	0	0.0	2906.3596650647523	1	0	1.0	1.733529083634149
177763.88663501377	3000.0	1142.4730300510805	0.0	0	0.0	2906.3596650647523	1	0	1.0	2.1389941917423134
178481.87236912875	3000.0	1424.4872959361019	0.0	0	0.0	2906.3596650647523	1	0	1.0	2.1389941917423134
179453.27756909956	3000.0	1453.082095965307	0.0	0	0.0	2906.3596650647232	1	0	1.0	2.1389941917423183
180540.1575898483	3000.0	1366.2020752165586	0.0	0	0.0	2906.3596650647232	1	0	1.0	2.1389941917423183
181138.64475521445	3000.0	1767.71490985041	0.0	0	0.0	2906.3596650647232	1	0	1.0	2.1389941917423183
182170.39938801792	3000.0	1735.9602770469467	0.0	0	0.0	2906.3596650647232	1	0	1.0	2.1389941917423183
183108.63173954666	3000.0	1797.7279255182134	0.0	0	0.0	2906.359665064694	1	0	1.0	2.138994191742323
184151.29000988777	3000.0	1755.0696551771316	0.0	0	0.0	2906.359665064694	1	0	1.0	2.138994191742323
185073.52680484002	3000.0	1832.832860224854	0.0	0	0.0	2906.359665064694	1	0	1.0	2.138994191742323
185787.3687392154	3000.0	2118.9909258495045	0.0	0	0.0	2906.3596650647523	1	0	1.0	2.1389941917423148
186362.89327063755	3000.0	2543.4663944273384	0.0	0	0.0	2906.3596650647523	1	0	1.0	2.1389941917423134
187223.41314618677	3000.0	2682.946518878128	0.0	0	0.0	2906.3596650647523	1	0	1.0	2.1389941917423134
188263.96416932315	3000.0	2642.3954957417654	0.0	0	0.0	2906.3596650647232	1	0	1.0	2.1389941917423183
189200.0	3000.0	2706.3596650648988	0.0	0	81.07913886613096	2906.3596650647232	1	0	1.0	2.1389941917423183
190200.0	3000.0	2706.359665064931	0.0	0	306.9140677258838	2906.3596650647232	1	0	1.0	2.1389941917423183
191200.0	3000.0	2706.35966506492	0.0	0	85.85769443391473	2906.359665064694	1	0	1.0	2.138994191742323
192832.78276484177	3000.0	2073.5769002231473	0.0	0	0.0	2906.359665064694	1	0	1.0	2.138994191742323
193439.75178282597	3000.0	2466.6078822389445	0.0	0	0.0	2906.359665064694	1	0	1.0	2.138994191742323
194313.79568248405	3000.0	2592.563982580816	0.0	0	0.0	2906.359665064694	1	0	1.0	2.138994191742323
195471.0628745525	3000.0	2435.2967905123664	0.0	0	0.0	2906.359665064694	1	0	1.0	2.138994191742323
196253.9948495565	3000.0	2652.3648155083465	0.0	0	0.0	2906.359665064694	1	0	1.0	2.138994191742323
197200.0	3000.0	2706.3596650648774	0.0	0	211.84912621523836	2906.359665064694	1	0	1.0	2.138994191742323
198200.0	3000.0	2706.3596650648524	0.0	0	69.4011683226563	2906.359665064694	1	0	1.0	2.138994191742323
199200.0	3000.0	2706.359665064847	0.0	0	258.9953615706472	2906.359665064694	1	0	1.0	2.138994191742323
200200.0	3000.0	2706.359665064861	0.0	0	104.8921685416135	2906.359665064694	1	0	1.0	2.138994191742323
201200.0	3000.0	2706.359665064887	0.0	0	199.70219272118993	2906.3596650647232	1	0	1.0	2.1389941917423183
202200.0	3000.0	2706.359665064918	0.0	0	251.2796370293654	2906.3596650647232	1	0	1.0	2.1389941917423183
203200.0	3000.0	2706.3596650649133	0.0	0	159.21585175878135	2906.3596650647232	1	0	1.0	2.1389941917423183
204200.0	3000.0	2706.3596650649147	0.0	0	253.76719062702614	2906.3596650647232	1	0	1.0	2.1389941917423183
205200.0	3000.0	2706.3596650648997	0.0	0	116.9082309359801	2906.3596650647232	1	0	1.0	2.1389941917423183
206295.21075056194	3000.0	2611.148914502962	0.0	0	0.0	2906.3596650647232	1	0	1.0	2.1389941917423183
207385.4708882029	3000.0	2520.888776861995	0.0	0	0.0	2906.3596650647523	1	0	1.0	2.1389941917423134
208294.70843365084	3000.0	2611.651231414083	0.0	0	0.0	2906.3596650647814	1	0	1.0	2.1389941917423085
209200.0	3000.0	2706.3596650649442	0.0	0	17.69881196389906	2906.3596650647814	1	0	1.0	2.1389941917423085
210200.0	3000.0	2706.3596650649456	0.0	0	311.29916989358026	2906.3596650647814	1	0	1.0	2.1389941917423085
211200.0	3000.0	2706.3596650649342	0.0	0	293.4300750315306	2906.3596650647814	1	0	1.0	2.1389941917423085
212200.0	3000.0	2706.3596650649515	0.0	0	166.03133615426486	2906.3596650648105	1	0	1.0	2.138994191742304
213200.0	3000.0	2706.3596650649793	0.0	0	348.2679522202525	2906.3596650648105	1	0	1.0	2.138994191742304
214200.0	3000.0	2706.359665064984	0.0	0	48.00843998871278	2906.3596650648105	1	0	1.0	2.138994191742304
215200.0	3000.0	2706.359665064994	0.0	0	304.38341301312903	2906.3596650648105	1	0	1.0	2.138994191742304
216216.41885335927	3000.0	2689.9408117057415	0.0	0	0.0	2906.3596650648105	1	0	1.0	2.138994191742304
217268.55496385912	3000.0	2637.8047012059224	0.0	0	0.0	2906.3596650648105	1	0	1.0	2.138994191742304
218275.85052947866	3000.0	2630.5091355863974	0.0	0	0.0	2906.3596650647814	1	0	1.0	2.1389941917423085
219320.24992171864	3000.0	2586.1097433464306	0.0	0	0.0	2906.3596650648105	1	0	1.0	2.138994191742304
220200.0	3000.0	2706.359665065058	0.0	0	67.36086600911221	2906.3596650648105	1	0	1.0	2.138994191742304
221200.0	3000.0	2706.359665065075	0.0	0	18.64198969231802	2906.3596650648105	1	0	1.0	2.138994191742304
222200.0	3000.0	2706.3596650650784	0.0	0	74.26309689646587	2906.3596650648105	1	0	1.0	2.138994191742304
223200.0	3000.0	2706.3596650650697	0.0	0	332.5531964395486	2906.3596650648105	1	0	1.0	2.138994191742304
224289.78009608464	3000.0	2616.5795689804313	0.0	0	0.0	2906.3596650648105	1	0	1.0	2.138994191742304
225200.0	3000.0	2706.359665065044	0.0	0	18.75319672067417	2906.3596650648105	1	0	1.0	2.138994191742304
226281.42736721874	3000.0	2624.9322978462715	0.0	0	0.0	2906.3596650647814	1	0	1.0	2.1389941917423085
227345.92516169167	3000.0	2560.4345033733343	0.0	0	0.0	2906.3596650648105	1	0	1.0	2.138994191742304
228433.81636150242	3000.0	2472.5433035625897	0.0	0	0.0	2906.3596650647814	1	0	1.0	2.1389941917423085
229412.66308115682	3000.0	2493.696583908191	0.0	0	0.0	2906.3596650647814	1	0	1.0	2.1389941917423085
230410.34348218256	3000.0	2496.0161828824735	0.0	0	0.0	2906.3596650647814	1	0	1.0	2.1389941917423085
231200.0	3000.0	2706.359665065013	0.0	0	95.00279763920116	2906.3596650647814	1	0	1.0	2.1389941917423085
232200.0	3000.0	2706.3596650649984	0.0	0	108.5907276077196	2906.3596650647814	1	0	1.0	2.1389941917423085
233200.0	3000.0	2706.3596650649633	0.0	0	254.71382422343595	2906.3596650647814	1	0	1.0	2.1389941917423085
234200.0	3000.0	2706.359665064963	0.0	0	251.88637042997289	2906.3596650647814	1	0	1.0	2.1389941917423085
235200.0	3000.0	2706.359665064952	0.0	0	162.92366280933493	2906.3596650647814	1	0	1.0	2.1389941917423085
236200.0	3000.0	2706.359665064968	0.0	0	225.37002257828135	2906.3596650647814	1	0	1.0	2.1389941917423085
237200.0	3000.0	2706.359665064973	0.0	0	142.0178463778866	2906.3596650648105	1	0	1.0	2.138994191742304
238200.0	3000.0	2706.3596650649697	0.0	0	83.15362060209736	2906.3596650648105	1	0	1.0	2.138994191742304
239200.0	3000.0	2706.3596650649733	0.0	0	358.0849145746615	2906.3596650648396	1	0	1.0	2.1389941917422988
240200.0	3000.0	2706.3596650649565	0.0	0	129.2212532448757	2906.3596650648688	1	0	1.0	2.1389941917422943
241200.0	3000.0	2706.3596650649697	0.0	0	168.97683045864687	2906.3596650648396	1	0	1.0	2.1389941917422988
242200.0	3000.0	2706.3596650649897	0.0	0	113.44186935090693	2906.3596650648396	1	0	1.0	2.1389941917422988
243200.0	3000.0	2706.359665065003	0.0	0	64.1302808970795	2906.3596650648396	1	0	1.0	2.1389941917422988
244200.0	3000.0	2706.359665064997	0.0	0	53.04685843552579	2906.3596650648105	1	0	1.0	2.138994191742304
245431.96646561846	3000.0	2474.3931994465397	0.0	0	0.0	2906.3596650648105	1	0	1.0	2.138994191742304
246448.17460885472	3000.0	2458.1850562102636	0.0	0	0.0	2906.3596650648105	1	0	1.0	2.138994191742304
247579.63286973487	3000.0	2326.7267953301193	0.0	0	0.0	2906.3596650647814	1	0	1.0	2.1389941917423085
248371.84205238998	3000.0	2534.517612675012	0.0	0	0.0	2906.3596650647814	1	0	1.0	2.1389941917423085
249233.4806119164	3000.0	2672.8790531486147	0.0	0	0.0	2906.3596650647814	1	0	1.0	2.1389941917423085
250200.0	3000.0	2706.35966506503	0.0	0	57.465771695482545	2906.3596650647814	1	0	1.0	2.1389941917423085
252160.20402481	6000.0	1746.1556402550095	0.0	0	0.0	2906.3596650647523	1	0	1.0	2.138994191742313
252806.64215447256	3000.0	2099.717510592439	0.0	0	0.0	2906.3596650647232	1	0	1.0	1.4458470111823725
253378.56495636838	3000.0	2527.794708696654	0.0	0	0.0	2906.3596650647523	1	0	1.0	2.1389941917423134
254200.0	3000.0	2706.3596650650493	0.0	0	242.15650733167422	2906.3596650647523	1	0	1.0	2.1389941917423134
255422.90443853237	3000.0	2483.4552265327184	0.0	0	0.0	2906.3596650647523	1	0	1.0	2.1389941917423134
256200.0	3000.0	2706.359665065068	0.0	0	67.14442408888135	2906.3596650647232	1	0	1.0	2.1389941917423183
257415.9969357288	3000.0	2490.362729336295	0.0	0	0.0	2906.3596650647232	1	0	1.0	2.1389941917423183
258381.17509606475	3000.0	2525.184569000374	0.0	0	0.0	2906.3596650647523	1	0	1.0	2.1389941917423134
259200.0	3000.0	2706.3596650651325	0.0	0	143.48161504761083	2906.3596650647523	1	0	1.0	2.1389941917423134
260200.0	3000.0	2706.3596650651184	0.0	0	306.56220816564746	2906.3596650647523	1	0	1.0	2.1389941917423134
261200.0	3000.0	2706.359665065109	0.0	0	73.29766296822345	2906.3596650647814	1	0	1.0	2.1389941917423085
262200.0	3000.0	2706.3596650651107	0.0	0	234.30949819387752	2906.3596650647814	1	0	1.0	2.1389941917423085
263200.0	3000.0	2706.3596650650643	0.0	0	41.854653990245424	2906.359665064694	1	0	1.0	2.1389941917423143
264629.26900972956	6000.0	2277.0906553355944	0.0	0	0.0	2906.3596650647523	1	0	1.0	2.1389941917423174
265564.7995815972	3000.0	2341.5600834678994	0.0	0	0.0	2906.3596650647232	1	0	1.0	1.4458470111823734
267112.9131199005	6000.0	1793.4465451646638	0.0	0	0.0	2906.3596650648396	1	0	1.0	2.1389941917423028
269012.0171039716	6000.0	894.3425610936014	0.0	0	0.0	2906.359665064898	1	0	1.0	2.8321413723022384
269633.3391096637	3000.0	1273.020555401501	0.0	0	0.0	2906.359665064898	1	0	1.0	1.445847011182352
270676.36794529785	3000.0	1229.9917197673562	0.0	0	0.0	2906.359665064956	1	0	1.0	2.1389941917422854
271591.7039216684	3000.0	1314.655743396831	0.0	0	0.0	2906.359665064956	1	0	1.0	2.1389941917422877
272163.0498712331	3000.0	1743.3097938321143	0.0	0	0.0	2906.359665064956	1	0	1.0	2.1389941917422797
272954.5677295768	3000.0	1951.7919354885082	0.0	0	0.0	2906.359665064956	1	0	1.0	2.1389941917422797
273675.91712434485	3000.0	2230.4425407204494	0.0	0	0.0	2906.3596650650143	1	0	1.0	2.138994191742274
274200.0	3000.0	2706.359665065312	0.0	0	22.551770191290416	2906.3596650650143	1	0	1.0	2.13899419174227
275200.0	3000.0	2706.3596650653394	0.0	0	335.21797443612013	2906.3596650650143	1	0	1.0	2.13899419174227
276200.0	3000.0	2706.3596650653967	0.0	0	27.694400041829795	2906.3596650650725	1	0	1.0	2.138994191742268
277200.0	3000.0	2706.3596650654044	0.0	0	305.0884002679377	2906.3596650650725	1	0	1.0	2.13899419174226
278200.0	3000.0	2706.3596650654113	0.0	0	211.93375692080008	2906.3596650650725	1	0	1.0	2.13899419174226
279200.0	3000.0	2706.359665065462	0.0	0	103.19586372142658	2906.3596650650725	1	0	1.0	2.13899419174226
280200.0	3000.0	2706.3596650653976	0.0	0	342.6459490081179	2906.3596650650725	1	0	1.0	2.13899419174226
281200.0	3000.0	2706.3596650653744	0.0	0	91.9621131682652	2906.3596650650725	1	0	1.0	2.13899419174226
282622.5054289513	6000.0	2283.8542361140176	0.0	0	0.0	2906.3596650650143	1	0	1.0	2.13899419174227
283510.2791272901	3000.0	2396.0805377751954	0.0	0	0.0	2906.3596650650143	1	0	1.0	1.445847011182325
284200.0	3000.0	2706.3596650653517	0.0	0	10.608885495690629	2906.3596650650143	1	0	1.0	2.13899419174227
285200.0	3000.0	2706.359665065384	0.0	0	259.9490144866286	2906.3596650650143	1	0	1.0	2.13899419174227
286200.0	3000.0	2706.3596650653762	0.0	0	334.0966527168639	2906.3596650650143	1	0	1.0	2.13899419174227
287200.0	3000.0	2706.3596650654044	0.0	0	266.65303829911863	2906.3596650650725	1	0	1.0	2.13899419174226
288200.0	3000.0	2706.3596650654367	0.0	0	209.09532089473214	2906.3596650650725	1	0	1.0	2.13899419174226
289200.0	3000.0	2706.3596650654877	0.0	0	264.2556352621177	2906.3596650651307	1	0	1.0	2.138994191742251
290200.0	3000.0	2706.3596650654317	0.0	0	191.56422002764884	2906.3596650650725	1	0	1.0	2.13899419174226
291200.0	3000.0	2706.359665065484	0.0	0	404.8159201659728	2906.3596650650725	1	0	1.0	2.13899419174226
292200.0	3000.0	2706.3596650655204	0.0	0	392.2439993000007	2906.3596650651307	1	0	1.0	2.138994191742251
293214.74935109884	3000.0	2691.6103139666884	0.0	0	0.0	2906.3596650651307	1	0	1.0	2.138994191742251
294200.0	3000.0	2706.3596650654727	0.0	0	56.896283995127305	2906.3596650651307	1	0	1.0	2.138994191742251
295226.72886749473	3000.0	2679.6307975707564	0.0	0	0.0	2906.3596650650725	1	0	1.0	2.13899419174226
296200.0	3000.0	2706.3596650654795	0.0	0	49.32132452307269	2906.3596650650725	1	0	1.0	2.13899419174226
297200.0	3000.0	2706.3596650654176	0.0	0	204.86662198376143	2906.3596650650725	1	0	1.0	2.13899419174226
298200.0	3000.0	2706.359665065355	0.0	0	341.35570863320027	2906.3596650650143	1	0	1.0	2.13899419174227
299200.0	3000.0	2706.359665065331	0.0	0	52.97979917092016	2906.3596650650725	1	0	1.0	2.13899419174226
300200.0	3000.0	2706.3596650653158	0.0	0	107.80461487919092	2906.3596650650143	1	0	1.0	2.13899419174227
3.632418604651163	3.5004186046511627	3.632418604651163	2.504418604651163	3.668418604651163	4.520418604651162	4.364418604651163	2.852418604651163	3.128418604651163	4.3404186046511635	2.708418604651163	3.392418604651163	3.3804186046511626	3.728418604651163	4.772418604651162	4.988418604651163	4.376418604651162	3.656418604651163	4.8804186046511635	4.4364186046511636	3.620418604651163	2.6964186046511633	3.872418604651163	3.272418604651163	4.064418604651163	4.172418604651162	4.100418604651163	3.4524186046511627	3.392418604651163	4.460418604651163	2.924418604651163	4.148418604651163	3.344418604651163	4.004418604651163	4.796418604651163	3.848418604651163	3.848418604651163	3.5244186046511627	4.508418604651163	1.916418604651163	1.364418604651163	4.424418604651162	3.4303829787234044	3.328382978723404	3.8423829787234043	3.670382978723404	3.6203829787234043	3.562382978723404	3.686382978723404	3.8343829787234043	3.662382978723404	3.642382978723404	3.364382978723404	3.488382978723404	3.492382978723404	3.610382978723404	3.460382978723404	3.6003829787234043	3.5843829787234043	3.7283829787234044	3.6923829787234044	3.650382978723404	3.6643829787234043	3.678382978723404	3.678382978723404	3.8543829787234043	3.6643829787234043	3.510382978723404	3.480382978723404	4.184382978723404	3.6883829787234044	3.726382978723404	3.5923829787234043	3.662382978723404	3.5683829787234043	3.738382978723404	3.784382978723404	3.658382978723404	3.730382978723404	3.5963829787234043	3.6923829787234044	3.7943829787234042	3.5523829787234042	3.7683829787234044	3.824382978723404	3.614382978723404	3.844382978723404	3.678382978723404	3.508382978723404	3.51	3.72	2.56	3.93	2.99	2.9	2.92	4.26	4.45	4.36	3.05	3.85	4.26	3.95	2.93	3.72	3.28	3.92	3.8	4.56	4.09	4.33	4.4	4.48	3.98	5.06	4.56	3.3	4.6	2.65	4.19	4.77	3.85	4.77	3.71	3.96	3.41	3.59	4.77	4.59	4.24	3.12	3.74	3.881176470588235	3.931176470588235	4.069176470588235	4.097176470588235	4.037176470588235	4.009176470588235	3.945176470588235	4.175176470588235	3.999176470588235	3.841176470588235	4.055176470588235	3.691176470588235	3.645176470588235	3.969176470588235	4.017176470588235	4.013176470588235	3.883176470588235	4.508418604651163	3.632418604651163	3.5004186046511627	3.632418604651163	2.504418604651163	3.668418604651163	4.520418604651162	4.364418604651163	2.852418604651163	3.128418604651163	4.3404186046511635	2.708418604651163	3.392418604651163	3.3804186046511626	3.728418604651163	4.772418604651162	4.988418604651163	4.376418604651162	3.656418604651163	4.8804186046511635	4.4364186046511636	3.620418604651163	2.6964186046511633	3.872418604651163	3.272418604651163	4.064418604651163	4.172418604651162	4.100418604651163	3.4524186046511627	3.392418604651163	4.460418604651163	2.924418604651163	4.148418604651163	3.344418604651163	4.004418604651163	4.796418604651163	3.848418604651163	3.848418604651163	3.5244186046511627	4.508418604651163	1.916418604651163	1.364418604651163	4.424418604651162	3.4303829787234044	3.328382978723404	3.8423829787234043	3.670382978723404	3.6203829787234043	3.562382978723404	3.686382978723404	3.8343829787234043	3.662382978723404	3.642382978723404	3.364382978723404	3.488382978723404	3.492382978723404	3.610382978723404	3.460382978723404	3.6003829787234043	3.5843829787234043	3.7283829787234044	3.6923829787234044	3.650382978723404	3.6643829787234043	3.678382978723404	3.678382978723404	3.8543829787234043	3.6643829787234043	3.510382978723404	3.480382978723404	4.184382978723404	3.6883829787234044	3.726382978723404	3.5923829787234043	3.662382978723404	3.5683829787234043	3.738382978723404	3.784382978723404	3.658382978723404	3.730382978723404	3.5963829787234043	3.6923829787234044	3.7943829787234042	3.5523829787234042	3.7683829787234044	3.824382978723404	3.614382978723404	3.844382978723404	3.678382978723404	3.508382978723404	3.51	3.72	2.56	3.93	2.99	2.9	2.92	4.26	4.45	4.36	3.05	3.85	4.26	3.95	2.93	3.72	3.28	3.92	3.8	4.56	4.09	4.33	4.4	4.48	3.98	5.06	4.56	3.3	4.6	2.65	4.19	4.77	3.85	4.77	3.71	3.96	3.41	3.59	4.77	4.59	4.24	3.12	3.74	3.881176470588235	3.931176470588235	4.069176470588235	4.097176470588235	4.037176470588235	4.009176470588235	3.945176470588235	4.175176470588235	3.999176470588235	3.841176470588235	4.055176470588235	3.691176470588235	3.645176470588235	3.969176470588235	4.017176470588235	4.013176470588235	3.883176470588235	4.508418604651163	3.632418604651163	3.5004186046511627	3.632418604651163
1.0	2.0	3.0	4.0	5.0	6.0	7.0	8.0	9.0	10.0	11.0	12.0	13.0	14.0	15.0	16.0	17.0	18.0	19.0	20.0	21.0	22.0	23.0	24.0	25.0	26.0	27.0	28.0	29.0	30.0	31.0	32.0	33.0	34.0	35.0	36.0	37.0	38.0	39.0	40.0	41.0	42.0	43.0	44.0	45.0	46.0	47.0	48.0	49.0	50.0	51.0	52.0	53.0	54.0	55.0	56.0	57.0	58.0	59.0	60.0	61.0	62.0	63.0	64.0	65.0	66.0	67.0	68.0	69.0	70.0	71.0	72.0	73.0	74.0	75.0	76.0	77.0	78.0	79.0	80.0	81.0	82.0	83.0	84.0	85.0	86.0	87.0	88.0	89.0	90.0	91.0	92.0	93.0	94.0	95.0	96.0	97.0	98.0	99.0	100.0	101.0	102.0	103.0	104.0	105.0	106.0	107.0	108.0	109.0	110.0	111.0	112.0	113.0	114.0	115.0	116.0	117.0	118.0	119.0	120.0	121.0	122.0	123.0	124.0	125.0	126.0	127.0	128.0	129.0	130.0	131.0	132.0	133.0	134.0	135.0	136.0	137.0	138.0	139.0	140.0	141.0	142.0	143.0	144.0	145.0	146.0	147.0	148.0	149.0	149.0	150.0	151.0	152.0	153.0	154.0	155.0	156.0	157.0	158.0	159.0	160.0	161.0	162.0	163.0	164.0	165.0	166.0	167.0	168.0	169.0	170.0	171.0	172.0	173.0	174.0	175.0	176.0	177.0	178.0	179.0	180.0	181.0	182.0	183.0	184.0	185.0	186.0	187.0	188.0	189.0	190.0	191.0	192.0	193.0	194.0	195.0	196.0	197.0	198.0	199.0	200.0	201.0	202.0	203.0	204.0	205.0	206.0	207.0	208.0	209.0	210.0	211.0	212.0	213.0	214.0	215.0	216.0	217.0	218.0	219.0	220.0	221.0	222.0	223.0	224.0	225.0	226.0	227.0	228.0	229.0	230.0	231.0	232.0	233.0	234.0	235.0	236.0	237.0	238.0	239.0	240.0	241.0	242.0	243.0	244.0	245.0	246.0	247.0	248.0	249.0	250.0	251.0	252.0	253.0	254.0	255.0	256.0	257.0	258.0	259.0	260.0	261.0	262.0	263.0	264.0	265.0	266.0	267.0	268.0	269.0	270.0	271.0	272.0	273.0	274.0	275.0	276.0	277.0	278.0	279.0	280.0	281.0	282.0	283.0	284.0	285.0	286.0	287.0	288.0	289.0	290.0	291.0	292.0	293.0	294.0	295.0	296.0	297.0	298.0	298.0	299.0	300.0	301.0
2514.017972791657
