2985.4375895546914	2000.0	2000.0	472.1663215887498	0	0.0	2985.4375895546914	1	0	1.0	-2.991887578301519
3620.776732546558	3000.0	2364.660857008133	0.0	0	0.0	2985.4375895546914	1	0	1.0	1.719921233460277
4365.267547789586	3000.0	2620.1700417651064	0.0	0	0.0	2985.4375895546923	1	0	1.0	2.1253863415684413
5359.739572138665	3000.0	2625.698017416029	0.0	0	0.0	2985.4375895546927	1	0	1.0	2.1253863415684413
6200.0	3000.0	2785.4375895546946	0.0	0	58.02289965760883	2985.4375895546937	1	0	1.0	2.1253863415684413
7358.4141052888435	3000.0	2627.02348426585	0.0	0	0.0	2985.4375895546937	1	0	1.0	2.125386341568441
8259.125890868514	3000.0	2726.311698686179	0.0	0	0.0	2985.4375895546937	1	0	1.0	2.125386341568441
9587.726302382867	3000.0	2397.711287171825	0.0	0	0.0	2985.437589554691	1	0	1.0	2.1253863415684418
10500.172248880615	3000.0	2485.265340674077	0.0	0	0.0	2985.437589554691	1	0	1.0	2.1253863415684418
11200.0	3000.0	2785.437589554692	0.0	0	83.38444087576681	2985.437589554691	1	0	1.0	2.1253863415684418
12200.0	3000.0	2785.437589554691	0.0	0	199.81303099498837	2985.437589554691	1	0	1.0	2.1253863415684418
13200.0	3000.0	2785.4375895546896	0.0	0	62.8693100443943	2985.437589554691	1	0	1.0	2.1253863415684418
14279.601888903522	3000.0	2705.835700651168	0.0	0	0.0	2985.437589554691	1	0	1.0	2.1253863415684418
15401.059595395647	3000.0	2584.3779941590415	0.0	0	0.0	2985.437589554691	1	0	1.0	2.1253863415684418
16200.0	3000.0	2785.4375895546877	0.0	0	90.93555179324903	2985.437589554691	1	0	1.0	2.1253863415684418
17200.0	3000.0	2785.437589554688	0.0	0	130.66155246605558	2985.437589554689	1	0	1.0	2.1253863415684418
18200.0	3000.0	2785.437589554684	0.0	0	89.31579976350622	2985.4375895546855	1	0	1.0	2.125386341568442
19200.0	3000.0	2785.4375895546864	0.0	0	265.6234148658841	2985.4375895546873	1	0	1.0	2.125386341568442
20200.0	3000.0	2785.4375895546864	0.0	0	336.44578400257524	2985.437589554691	1	0	1.0	2.1253863415684418
21200.0	3000.0	2785.4375895546846	0.0	0	237.14947054074582	2985.437589554691	1	0	1.0	2.1253863415684418
23050.64969289068	6000.0	1934.7878966640048	0.0	0	0.0	2985.437589554691	1	0	1.0	2.1253863415684413
23645.83714537878	3000.0	2339.600444175906	0.0	0	0.0	2985.437589554691	1	0	1.0	1.4322391610084966
25556.623384092076	6000.0	1428.814205462613	0.0	0	0.0	2985.437589554691	1	0	1.0	2.1253863415684413
26641.14846699714	3000.0	1344.2891225575465	0.0	0	0.0	2985.437589554691	1	0	1.0	1.4322391610084966
27656.73813639801	3000.0	1328.699453156679	0.0	0	0.0	2985.437589554691	1	0	1.0	2.1253863415684418
28531.324477229824	3000.0	1454.113112324866	0.0	0	0.0	2985.437589554691	1	0	1.0	2.1253863415684418
29059.82063022179	3000.0	1925.616959332898	0.0	0	0.0	2985.437589554691	1	0	1.0	2.1253863415684418
29828.09967768907	3000.0	2157.3379118656176	0.0	0	0.0	2985.4375895546873	1	0	1.0	2.125386341568442
30428.62519189252	3000.0	2556.8123976621723	0.0	0	0.0	2985.4375895546837	1	0	1.0	2.125386341568443
31200.0	3000.0	2785.4375895546914	0.0	0	95.17839918327445	2985.4375895546837	1	0	1.0	2.125386341568443
32200.0	3000.0	2785.4375895546923	0.0	0	146.38138071612047	2985.4375895546837	1	0	1.0	2.125386341568443
33292.79674939516	3000.0	2692.640840159543	0.0	0	0.0	2985.4375895546946	1	0	1.0	2.1253863415684418
34200.0	3000.0	2785.4375895547087	0.0	0	43.1981971339992	2985.437589554698	1	0	1.0	2.125386341568441
35394.970737050186	3000.0	2590.466852504519	0.0	0	0.0	2985.4375895546946	1	0	1.0	2.1253863415684413
36291.32547460821	3000.0	2694.1121149464943	0.0	0	0.0	2985.437589554698	1	0	1.0	2.1253863415684404
37200.0	3000.0	2785.4375895547005	0.0	0	106.40962724811834	2985.437589554698	1	0	1.0	2.1253863415684404
38200.0	3000.0	2785.437589554703	0.0	0	123.72580922862107	2985.437589554698	1	0	1.0	2.1253863415684404
39200.0	3000.0	2785.437589554703	0.0	0	172.1855524203711	2985.437589554691	1	0	1.0	2.1253863415684418
40200.0	3000.0	2785.437589554705	0.0	0	394.10492618603894	2985.437589554691	1	0	1.0	2.1253863415684418
41200.0	3000.0	2785.4375895547028	0.0	0	406.05706881687365	2985.437589554691	1	0	1.0	2.1253863415684418
42636.831298906065	3000.0	2348.606290648628	0.0	0	0.0	2985.437589554691	1	0	1.0	2.1253863415684418
43531.432919984545	3000.0	2454.0046695701453	0.0	0	0.0	2985.437589554691	1	0	1.0	2.1253863415684418
44200.0	3000.0	2785.4375895546905	0.0	0	30.470001643647265	2985.437589554691	1	0	1.0	2.1253863415684418
45200.0	3000.0	2785.437589554693	0.0	0	277.7016281464603	2985.437589554691	1	0	1.0	2.1253863415684418
46957.06500236824	6000.0	2028.3725871864501	0.0	0	0.0	2985.437589554691	1	0	1.0	2.1253863415684413
47715.1958430955	3000.0	2270.241746459193	0.0	0	0.0	2985.437589554691	1	0	1.0	1.4322391610084966
49421.16622691443	6000.0	1564.2713626402563	0.0	0	0.0	2985.437589554691	1	0	1.0	2.1253863415684413
50117.91342017887	3000.0	1867.5241693758144	0.0	0	0.0	2985.437589554691	1	0	1.0	1.4322391610084966
50681.19827219565	3000.0	2304.239317359038	0.0	0	0.0	2985.437589554691	1	0	1.0	2.1253863415684418
51337.552335412016	3000.0	2647.8852541426736	0.0	0	0.0	2985.437589554691	1	0	1.0	2.1253863415684418
52403.146409724875	3000.0	2582.29117982982	0.0	0	0.0	2985.437589554691	1	0	1.0	2.1253863415684418
53217.80319088619	3000.0	2767.634398668508	0.0	0	0.0	2985.437589554691	1	0	1.0	2.1253863415684418
54200.0	3000.0	2785.4375895546973	0.0	0	42.142809182238125	2985.4375895546837	1	0	1.0	2.125386341568443
55200.0	3000.0	2785.4375895547	0.0	0	12.517545599199366	2985.437589554691	1	0	1.0	2.1253863415684418
56200.0	3000.0	2785.4375895546923	0.0	0	181.47506216385955	2985.437589554691	1	0	1.0	2.1253863415684418
57387.977359271645	3000.0	2597.460230283047	0.0	0	0.0	2985.437589554691	1	0	1.0	2.1253863415684418
58491.226589837264	3000.0	2494.2109997174234	0.0	0	0.0	2985.437589554691	1	0	1.0	2.1253863415684418
59511.89829150895	3000.0	2473.5392980457373	0.0	0	0.0	2985.437589554691	1	0	1.0	2.1253863415684418
60375.68692524517	3000.0	2609.7506643095185	0.0	0	0.0	2985.437589554698	1	0	1.0	2.1253863415684404
61200.0	3000.0	2785.4375895546914	0.0	0	175.53174859270803	2985.437589554691	1	0	1.0	2.1253863415684418
62200.0	3000.0	2785.4375895546955	0.0	0	76.35230913241685	2985.437589554691	1	0	1.0	2.1253863415684418
63437.678898019076	3000.0	2547.7586915356183	0.0	0	0.0	2985.437589554691	1	0	1.0	2.1253863415684418
64450.13868134326	3000.0	2535.2989082114264	0.0	0	0.0	2985.4375895546837	1	0	1.0	2.125386341568443
65362.32247834943	3000.0	2623.1151112052585	0.0	0	0.0	2985.437589554691	1	0	1.0	2.1253863415684418
66617.33136438344	3000.0	2368.106225171229	0.0	0	0.0	2985.437589554669	1	0	1.0	2.125386341568445
67606.1447179366	3000.0	2379.2928716180795	0.0	0	0.0	2985.437589554669	1	0	1.0	2.125386341568445
68641.87969991971	3000.0	2343.5578896349743	0.0	0	0.0	2985.437589554669	1	0	1.0	2.125386341568445
69584.7251775674	3000.0	2400.7124119872824	0.0	0	0.0	2985.4375895546546	1	0	1.0	2.125386341568448
70571.38883507051	3000.0	2414.0487544841535	0.0	0	0.0	2985.43758955464	1	0	1.0	2.1253863415684506
71586.62513506092	3000.0	2398.812454493741	0.0	0	0.0	2985.43758955464	1	0	1.0	2.1253863415684506
72533.25760715712	3000.0	2452.1799823975552	0.0	0	0.0	2985.43758955464	1	0	1.0	2.1253863415684506
73221.92242382953	3000.0	2763.5151657251513	0.0	0	0.0	2985.43758955464	1	0	1.0	2.1253863415684506
74351.67485051416	3000.0	2633.7627390405337	0.0	0	0.0	2985.43758955464	1	0	1.0	2.1253863415684506
75200.0	3000.0	2785.4375895546764	0.0	0	14.680544088885654	2985.4375895546254	1	0	1.0	2.1253863415684533
76200.0	3000.0	2785.437589554688	0.0	0	81.86326213355642	2985.4375895546254	1	0	1.0	2.1253863415684533
77536.67995525144	3000.0	2448.7576343032497	0.0	0	0.0	2985.4375895546254	1	0	1.0	2.1253863415684533
78204.6379916628	3000.0	2780.799597891896	0.0	0	0.0	2985.437589554611	1	0	1.0	2.125386341568456
79200.0	3000.0	2785.437589554712	0.0	0	288.11038369269227	2985.437589554611	1	0	1.0	2.125386341568456
80200.0	3000.0	2785.4375895547073	0.0	0	79.36734690729645	2985.437589554611	1	0	1.0	2.125386341568456
81200.0	3000.0	2785.437589554707	0.0	0	131.46336503358907	2985.437589554611	1	0	1.0	2.125386341568456
82314.63605636437	3000.0	2670.801533190328	0.0	0	0.0	2985.437589554611	1	0	1.0	2.125386341568456
83200.0	3000.0	2785.4375895547005	0.0	0	76.76503913247143	2985.4375895545963	1	0	1.0	2.1253863415684586
84200.0	3000.0	2785.437589554698	0.0	0	59.00307367304049	2985.4375895545963	1	0	1.0	2.1253863415684586
85200.0	3000.0	2785.437589554689	0.0	0	201.56542265880853	2985.437589554582	1	0	1.0	2.125386341568461
86200.0	3000.0	2785.4375895546914	0.0	0	279.8545654915506	2985.437589554582	1	0	1.0	2.125386341568461
87381.30710609443	3000.0	2604.1304834602574	0.0	0	0.0	2985.437589554582	1	0	1.0	2.125386341568461
88276.63835094903	3000.0	2708.799238605666	0.0	0	0.0	2985.437589554582	1	0	1.0	2.125386341568461
89328.9209667232	3000.0	2656.516622831478	0.0	0	0.0	2985.437589554582	1	0	1.0	2.125386341568461
90200.0	3000.0	2785.437589554685	0.0	0	242.82333441422088	2985.437589554582	1	0	1.0	2.125386341568461
91200.0	3000.0	2785.437589554682	0.0	0	191.1576057447528	2985.437589554582	1	0	1.0	2.125386341568461
92200.0	3000.0	2785.437589554697	0.0	0	47.65556318500603	2985.437589554582	1	0	1.0	2.125386341568461
93200.0	3000.0	2785.4375895547114	0.0	0	308.2804469278635	2985.437589554582	1	0	1.0	2.125386341568461
95012.50169640478	6000.0	1972.9358931499212	0.0	0	0.0	2985.437589554582	1	0	1.0	2.125386341568461
96556.46896168169	6000.0	1428.9686278730005	0.0	0	0.0	2985.437589554582	1	0	1.0	2.818533522128406
98398.972331463	6000.0	586.4652580916998	0.0	0	0.0	2985.437589554582	1	0	1.0	2.818533522128406
99743.21234296916	3000.0	383.54079225951267	141.31554567396583	0	0.0	3126.753135228544	1	0	1.0	0.5576119720236733
100935.1549434557	3000.0	365.96223898293465	174.3640472099542	0	0.0	3301.117182438509	1	0	1.0	1.01413405983357
101512.40340172774	2000.0	788.7137807108913	0.0	0	0.0	3301.117182438509	1	0	1.0	1.249388126876966
102189.64164329415	2000.0	1111.47553914448	0.0	0	0.0	3301.117182438509	1	0	1.0	1.6548532349851306
102725.74800476912	2000.0	1575.3691776695086	0.0	0	0.0	3301.117182438509	1	0	1.0	1.6548532349851306
103578.23843556142	3000.0	1722.8787468772161	0.0	0	0.0	3301.117182438509	1	0	1.0	1.6548532349851306
104282.04488930828	3000.0	2019.0722931303503	0.0	0	0.0	3301.1171824384946	1	0	1.0	2.0603183430932988
105195.30585667443	3000.0	2105.8113257642003	0.0	0	0.0	3301.1171824384946	1	0	1.0	2.0603183430932988
105994.1523762794	3000.0	2306.964806159222	0.0	0	0.0	3301.1171824384946	1	0	1.0	2.0603183430932988
107042.06459178508	3000.0	2259.0525906535504	0.0	0	0.0	3301.11718243848	1	0	1.0	2.0603183430933023
108166.32816944917	3000.0	2134.789012989446	0.0	0	0.0	3301.11718243848	1	0	1.0	2.0603183430933023
108871.59253889398	3000.0	2429.5246435446265	0.0	0	0.0	3301.11718243848	1	0	1.0	2.0603183430933023
109470.16294983763	3000.0	2830.954232600973	0.0	0	0.0	3301.11718243848	1	0	1.0	2.0603183430933023
110274.06780896235	3000.0	3027.049373476261	0.0	0	0.0	3301.11718243848	1	0	1.0	2.0603183430933023
111200.0	3000.0	3101.117182438625	0.0	0	47.77932065934874	3301.11718243848	1	0	1.0	2.0603183430933023
112285.2297398011	3000.0	3015.8874426375282	0.0	0	0.0	3301.1171824384946	1	0	1.0	2.0603183430932988
113200.0	3000.0	3101.117182438636	0.0	0	210.6771984170482	3301.1171824384946	1	0	1.0	2.0603183430932988
114200.0	3000.0	3101.1171824386247	0.0	0	332.8346777251427	3301.11718243848	1	0	1.0	2.0603183430933023
115200.0	3000.0	3101.1171824386292	0.0	0	69.36964290737524	3301.11718243848	1	0	1.0	2.0603183430933023
116256.2547359833	3000.0	3044.8624464553327	0.0	0	0.0	3301.1171824384655	1	0	1.0	2.0603183430933054
117200.0	3000.0	3101.1171824386233	0.0	0	127.80812411138322	3301.117182438451	1	0	1.0	2.060318343093309
118200.0	3000.0	3101.11718243863	0.0	0	352.5496144216304	3301.117182438451	1	0	1.0	2.060318343093309
119200.0	3000.0	3101.117182438644	0.0	0	136.10541190917138	3301.117182438451	1	0	1.0	2.060318343093309
120200.0	3000.0	3101.1171824386506	0.0	0	244.3124910655315	3301.117182438451	1	0	1.0	2.060318343093309
121200.0	3000.0	3101.1171824386565	0.0	0	214.42504981976526	3301.117182438451	1	0	1.0	2.060318343093309
122962.45685841425	6000.0	2338.6603240244026	0.0	0	0.0	3301.117182438451	1	0	1.0	2.060318343093309
123975.63951661499	3000.0	2325.4776658236647	0.0	0	0.0	3301.117182438451	1	0	1.0	1.3671711625333642
125742.81919528685	6000.0	1558.2979871518087	0.0	0	0.0	3301.117182438451	1	0	1.0	2.060318343093309
126639.66989520272	3000.0	1661.4472872359488	0.0	0	0.0	3301.117182438451	1	0	1.0	1.3671711625333642
127729.89628240062	3000.0	1571.2209000380542	0.0	0	0.0	3301.1171824384655	1	0	1.0	2.0603183430933054
128740.3535609499	3000.0	1560.763621488766	0.0	0	0.0	3301.1171824384655	1	0	1.0	2.0603183430933054
129507.87356646123	3000.0	1793.2436159774427	0.0	0	0.0	3301.11718243848	1	0	1.0	2.0603183430933023
130745.33206706951	3000.0	1555.7851153691508	0.0	0	0.0	3301.11718243848	1	0	1.0	2.0603183430933023
131504.82413174253	3000.0	1796.293050696131	0.0	0	0.0	3301.11718243848	1	0	1.0	2.0603183430933023
132463.2891142564	3000.0	1837.828068182242	0.0	0	0.0	3301.1171824384364	1	0	1.0	2.060318343093307
133097.18709094118	3000.0	2203.930091497467	0.0	0	0.0	3301.1171824384655	1	0	1.0	2.0603183430933085
133774.90222770663	3000.0	2526.214954732032	0.0	0	0.0	3301.11718243848	1	0	1.0	2.0603183430933023
134377.92615779644	3000.0	2923.191024642226	0.0	0	0.0	3301.1171824384946	1	0	1.0	2.060318343093301
135200.0	3000.0	3101.1171824386333	0.0	0	149.29539747175295	3301.1171824384946	1	0	1.0	2.0603183430932988
136200.0	3000.0	3101.11718243863	0.0	0	184.7150790253363	3301.1171824384655	1	0	1.0	2.0603183430933054
137697.39434620884	6000.0	2603.722836229797	0.0	0	0.0	3301.1171824384655	1	0	1.0	2.060318343093306
138864.02831332493	6000.0	2437.088869113709	0.0	0	0.0	3301.1171824384655	1	0	1.0	2.753465523653251
140427.80864362448	6000.0	1873.3085388141342	0.0	0	0.0	3301.1171824384655	1	0	1.0	2.753465523653251
141763.9288201138	6000.0	1537.1883623247825	0.0	0	0.0	3301.1171824384655	1	0	1.0	2.753465523653251
142532.68109393542	3000.0	1768.4360885031535	0.0	0	0.0	3301.1171824384655	1	0	1.0	1.3671711625333607
143332.46156786868	3000.0	1968.6556145699105	0.0	0	0.0	3301.1171824384946	1	0	1.0	2.0603183430932988
144183.14364852387	3000.0	2117.9735339147337	0.0	0	0.0	3301.1171824384946	1	0	1.0	2.0603183430932988
145612.09703901055	3000.0	1689.0201434280668	0.0	0	0.0	3301.1171824384655	1	0	1.0	2.0603183430933054
146531.7582263331	3000.0	1769.3589561055223	0.0	0	0.0	3301.1171824384946	1	0	1.0	2.0603183430932988
147536.26376615354	3000.0	1764.853416285096	0.0	0	0.0	3301.1171824384946	1	0	1.0	2.0603183430932988
148519.869539522	2000.0	1781.2476429166377	0.0	0	0.0	3301.1171824384946	1	0	1.0	1.2493881268769695
149495.34476552278	2000.0	1805.7724169158828	0.0	0	0.0	3301.1171824385237	1	0	1.0	1.6548532349851273
150338.00672146818	3000.0	1963.1104609705	0.0	0	0.0	3301.1171824385237	1	0	1.0	1.6548532349851275
151540.25155613842	3000.0	1760.8656263002595	0.0	0	0.0	3301.1171824385237	1	0	1.0	2.060318343093292
152476.7780150065	3000.0	1824.3391674321767	0.0	0	0.0	3301.117182438553	1	0	1.0	2.0603183430932908
153400.32943716794	3000.0	1900.7877452707617	0.0	0	0.0	3301.117182438553	1	0	1.0	2.060318343093285
153996.39131051945	3000.0	2304.725871919232	0.0	0	0.0	3301.117182438553	1	0	1.0	2.060318343093285
155002.55944708094	3000.0	2298.5577353577237	0.0	0	0.0	3301.117182438582	1	0	1.0	2.060318343093278
155913.26219857208	3000.0	2387.8549838665726	0.0	0	0.0	3301.117182438582	1	0	1.0	2.060318343093278
156822.64500067182	3000.0	2478.472181766812	0.0	0	0.0	3301.117182438553	1	0	1.0	2.060318343093285
157707.8299337572	3000.0	2593.2872486814667	0.0	0	0.0	3301.117182438553	1	0	1.0	2.060318343093285
159232.20037026	3000.0	2068.9168121787015	0.0	0	0.0	3301.117182438553	1	0	1.0	2.060318343093285
160167.2802624591	3000.0	2133.836919979605	0.0	0	0.0	3301.117182438553	1	0	1.0	2.060318343093285
160840.3082355789	3000.0	2460.8089468597723	0.0	0	0.0	3301.117182438553	1	0	1.0	2.060318343093285
161784.82213793581	3000.0	2516.295044502866	0.0	0	0.0	3301.1171824385237	1	0	1.0	2.060318343093292
162961.22353208408	3000.0	2339.893650354581	0.0	0	0.0	3301.117182438553	1	0	1.0	2.060318343093285
163607.18871739475	3000.0	2693.9284650439026	0.0	0	0.0	3301.117182438553	1	0	1.0	2.060318343093285
164537.48475231387	3000.0	2763.6324301247805	0.0	0	0.0	3301.117182438553	1	0	1.0	2.060318343093285
165204.02679463895	3000.0	3097.0903877997316	0.0	0	0.0	3301.1171824385237	1	0	1.0	2.060318343093292
166442.46293727963	3000.0	2858.6542451590544	0.0	0	0.0	3301.1171824385237	1	0	1.0	2.060318343093292
167516.3101294827	3000.0	2784.807052955987	0.0	0	0.0	3301.1171824385237	1	0	1.0	2.060318343093292
168477.57403288846	3000.0	2823.5431495502403	0.0	0	0.0	3301.117182438553	1	0	1.0	2.0603183430932908
169200.0	3000.0	3101.117182438717	0.0	0	120.14503299910575	3301.117182438553	1	0	1.0	2.060318343093285
170200.0	3000.0	3101.1171824387234	0.0	0	346.1200158097781	3301.117182438553	1	0	1.0	2.060318343093285
172254.4614629522	6000.0	2046.6557194865395	0.0	0	0.0	3301.117182438553	1	0	1.0	2.060318343093285
172815.91112317558	3000.0	2485.2060592631283	0.0	0	0.0	3301.117182438553	1	0	1.0	1.36717116253334
173486.55899707816	3000.0	2814.558185360575	0.0	0	0.0	3301.1171824385237	1	0	1.0	2.060318343093292
174335.64885250918	3000.0	2965.4683299295534	0.0	0	0.0	3301.1171824385237	1	0	1.0	2.060318343093292
175200.0	3000.0	3101.1171824387407	0.0	0	101.3976671047858	3301.1171824385237	1	0	1.0	2.060318343093292
176285.39559512088	3000.0	3015.721587317866	0.0	0	0.0	3301.1171824385237	1	0	1.0	2.060318343093292
177200.0	3000.0	3101.117182438747	0.0	0	223.53719029924832	3301.117182438553	1	0	1.0	2.060318343093285
178200.0	3000.0	3101.117182438754	0.0	0	413.3176797002088	3301.117182438553	1	0	1.0	2.060318343093285
179200.0	6000.0	3101.1171824387593	0.0	0	0.19543483172310516	3301.1171824385237	1	0	1.0	2.060318343093292
180373.94576351545	6000.0	2927.1714189233167	0.0	0	0.0	3301.1171824385237	1	0	1.0	2.7534655236532366
182414.40042116743	6000.0	1886.7167612713777	0.0	0	0.0	3301.117182438553	1	0	1.0	2.7534655236532357
183165.71160281618	3000.0	2135.4055796226307	0.0	0	0.0	3301.117182438553	1	0	1.0	1.36717116253334
184141.70874849675	3000.0	2159.4084339420924	0.0	0	0.0	3301.117182438553	1	0	1.0	2.060318343093285
185294.5186447673	3000.0	2006.5985376715223	0.0	0	0.0	3301.117182438553	1	0	1.0	2.060318343093285
186048.49964989943	3000.0	2252.6175325393833	0.0	0	0.0	3301.117182438553	1	0	1.0	2.060318343093285
186933.65565083284	3000.0	2367.4615316059835	0.0	0	0.0	3301.1171824385237	1	0	1.0	2.060318343093292
187953.01842392664	3000.0	2348.098758512188	0.0	0	0.0	3301.1171824385237	1	0	1.0	2.060318343093292
188760.898492388	3000.0	2540.2186900508464	0.0	0	0.0	3301.117182438553	1	0	1.0	2.060318343093285
189525.31668210292	3000.0	2775.8005003359112	0.0	0	0.0	3301.1171824385237	1	0	1.0	2.060318343093288
190200.0	3000.0	3101.117182438835	0.0	0	21.09840904068551	3301.1171824385237	1	0	1.0	2.060318343093292
191610.19286112266	3000.0	2690.924321316171	0.0	0	0.0	3301.1171824385237	1	0	1.0	2.060318343093292
192475.54491389554	3000.0	2825.572268543293	0.0	0	0.0	3301.1171824385237	1	0	1.0	2.060318343093292
193200.0	3000.0	3101.1171824388107	0.0	0	132.41940948803676	3301.1171824384946	1	0	1.0	2.0603183430932988
194200.0	3000.0	3101.1171824388143	0.0	0	487.0145520399965	3301.1171824385237	1	0	1.0	2.060318343093292
195566.42194558278	6000.0	2734.6952368560296	0.0	0	0.0	3301.1171824384946	1	0	1.0	2.0603183430932983
196500.94161346363	3000.0	2800.17556897516	0.0	0	0.0	3301.1171824384946	1	0	1.0	1.367171162533354
197444.5560781106	6000.0	2856.561104328229	0.0	0	0.0	3301.1171824384946	1	0	1.0	2.0603183430932983
199171.92835296193	6000.0	2129.188829476914	0.0	0	0.0	3301.1171824385237	1	0	1.0	2.7534655236532384
200339.12871236596	6000.0	1961.9884700728885	0.0	0	0.0	3301.117182438553	1	0	1.0	2.7534655236532304
202871.3391795986	6000.0	429.7780028402239	0.0	0	0.0	3301.117182438582	1	0	1.0	2.7534655236532273
203509.69370154862	3000.0	791.4234808902369	0.0	0	0.0	3301.117182438582	1	0	1.0	1.3671711625333332
204304.61595924673	3000.0	996.5012231921218	0.0	0	0.0	3301.117182438582	1	0	1.0	2.060318343093278
205305.18242378865	3000.0	995.934758650192	0.0	0	0.0	3301.117182438553	1	0	1.0	2.060318343093285
206459.00732175793	3000.0	842.1098606808957	0.0	0	0.0	3301.117182438553	1	0	1.0	2.060318343093285
207438.57139406147	3000.0	862.5457883773468	0.0	0	0.0	3301.117182438553	1	0	1.0	2.060318343093285
208435.5525659051	3000.0	865.5646165337121	0.0	0	0.0	3301.117182438553	1	0	1.0	2.060318343093285
209051.5270987578	2000.0	1249.5900836810317	0.0	0	0.0	3301.117182438553	1	0	1.0	1.2493881268769558
209804.49974206998	3000.0	1496.6174403688615	0.0	0	0.0	3301.1171824385237	1	0	1.0	1.6548532349851275
210602.5699559187	3000.0	1698.5472265201192	0.0	0	0.0	3301.1171824385237	1	0	1.0	2.060318343093292
211320.56429382323	3000.0	1980.552888615621	0.0	0	0.0	3301.1171824385237	1	0	1.0	2.060318343093292
212610.95538983424	3000.0	1690.1617926046192	0.0	0	0.0	3301.117182438553	1	0	1.0	2.060318343093285
213756.2753451254	3000.0	1544.8418373134737	0.0	0	0.0	3301.117182438582	1	0	1.0	2.060318343093278
214812.51613511014	3000.0	1488.6010473287392	0.0	0	0.0	3301.117182438582	1	0	1.0	2.060318343093278
216076.18201957367	3000.0	1224.9351628652385	0.0	0	0.0	3301.117182438582	1	0	1.0	2.060318343093278
216774.12828728833	3000.0	1526.9888951505627	0.0	0	0.0	3301.117182438611	1	0	1.0	2.0603183430932717
217739.6007885422	3000.0	1561.5163938967155	0.0	0	0.0	3301.117182438611	1	0	1.0	2.0603183430932717
218414.6409653836	3000.0	1886.4762170552813	0.0	0	0.0	3301.117182438582	1	0	1.0	2.060318343093278
219183.71547415247	3000.0	2117.4017082864057	0.0	0	0.0	3301.117182438611	1	0	1.0	2.0603183430932717
220276.114579497	3000.0	2025.0026029418682	0.0	0	0.0	3301.11718243864	1	0	1.0	2.0603183430932646
221092.2909641435	3000.0	2208.826218295363	0.0	0	0.0	3301.1171824386693	1	0	1.0	2.0603183430932575
221764.00850618404	3000.0	2537.108676254817	0.0	0	0.0	3301.1171824386693	1	0	1.0	2.0603183430932575
222511.27392118168	3000.0	2789.8432612571514	0.0	0	0.0	3301.1171824386693	1	0	1.0	2.0603183430932575
223229.8329080741	3000.0	3071.284274364735	0.0	0	0.0	3301.1171824386693	1	0	1.0	2.0603183430932575
224200.0	3000.0	3101.117182438831	0.0	0	63.78228129915078	3301.1171824386693	1	0	1.0	2.0603183430932575
225200.0	3000.0	3101.117182438846	0.0	0	33.07788287990843	3301.1171824386693	1	0	1.0	2.0603183430932575
226637.32671830468	3000.0	2663.790464134167	0.0	0	0.0	3301.1171824386984	1	0	1.0	2.060318343093251
227528.21729167236	3000.0	2772.8998907664827	0.0	0	0.0	3301.1171824387275	1	0	1.0	2.060318343093248
228206.9780328804	3000.0	3094.1391495584558	0.0	0	0.0	3301.1171824387275	1	0	1.0	2.060318343093244
229200.0	3000.0	3101.1171824388693	0.0	0	30.844896166265244	3301.1171824387275	1	0	1.0	2.060318343093244
230200.0	3000.0	3101.1171824388352	0.0	0	178.81838826369494	3301.1171824386984	1	0	1.0	2.060318343093251
231372.6130377067	3000.0	2928.5041447321287	0.0	0	0.0	3301.1171824386984	1	0	1.0	2.060318343093251
232200.0	3000.0	3101.1171824388503	0.0	0	210.68989675980993	3301.1171824386984	1	0	1.0	2.060318343093251
233240.0588889885	3000.0	3061.0582934503313	0.0	0	0.0	3301.1171824387275	1	0	1.0	2.060318343093244
234200.0	3000.0	3101.117182438829	0.0	0	146.7220911665063	3301.1171824387566	1	0	1.0	2.060318343093237
235200.0	3000.0	3101.117182438849	0.0	0	233.84715882569435	3301.1171824387566	1	0	1.0	2.060318343093237
236200.0	3000.0	3101.1171824388653	0.0	0	255.05911521794042	3301.1171824387566	1	0	1.0	2.060318343093237
237332.8934733417	3000.0	2968.2237090971544	0.0	0	0.0	3301.1171824387275	1	0	1.0	2.060318343093244
238312.59083625412	3000.0	2988.5263461847476	0.0	0	0.0	3301.1171824386984	1	0	1.0	2.060318343093251
239200.0	3000.0	3101.1171824388657	0.0	0	132.7242598493176	3301.1171824386984	1	0	1.0	2.060318343093251
240301.17338725258	3000.0	2999.943795186292	0.0	0	0.0	3301.1171824386984	1	0	1.0	2.060318343093251
241200.0	3000.0	3101.117182438882	0.0	0	73.40927282889606	3301.1171824386984	1	0	1.0	2.060318343093251
242200.0	3000.0	3101.1171824388985	0.0	0	135.77469708304852	3301.1171824386984	1	0	1.0	2.060318343093251
243691.85845997994	6000.0	2609.258722458964	0.0	0	0.0	3301.1171824387275	1	0	1.0	2.0603183430932437
244965.02287640402	6000.0	2336.0943060348945	0.0	0	0.0	3301.1171824387275	1	0	1.0	2.7534655236531886
246375.24063924304	6000.0	1925.8765431958589	0.0	0	0.0	3301.1171824387275	1	0	1.0	2.7534655236531886
248437.51801848176	6000.0	863.5991639571275	0.0	0	0.0	3301.1171824387275	1	0	1.0	2.7534655236531886
249319.5387301843	3000.0	981.5784522546015	0.0	0	0.0	3301.1171824387275	1	0	1.0	1.367171162533299
250353.82015959566	3000.0	947.2970228432489	0.0	0	0.0	3301.1171824387275	1	0	1.0	2.060318343093244
250905.93620467256	2000.0	1395.1809777663266	0.0	0	0.0	3301.1171824386984	1	0	1.0	1.2493881268769211
251472.7917639963	2000.0	1828.3254184425691	0.0	0	0.0	3301.1171824387275	1	0	1.0	1.654853234985083
252051.45308863322	3000.0	2249.6640938056153	0.0	0	0.0	3301.1171824387275	1	0	1.0	1.6548532349850793
252584.59662351417	3000.0	2716.5205589246502	0.0	0	0.0	3301.1171824387275	1	0	1.0	2.060318343093244
253385.29552360537	3000.0	2915.8216588334485	0.0	0	0.0	3301.1171824387275	1	0	1.0	2.060318343093244
254200.0	3000.0	3101.117182438816	0.0	0	98.14869564684341	3301.1171824386984	1	0	1.0	2.060318343093251
255200.0	3000.0	3101.1171824388084	0.0	0	328.53057948400965	3301.1171824386984	1	0	1.0	2.060318343093251
256200.0	3000.0	3101.1171824388216	0.0	0	281.635773623304	3301.1171824386693	1	0	1.0	2.0603183430932575
257368.86034632564	3000.0	2932.256836113143	0.0	0	0.0	3301.1171824386693	1	0	1.0	2.0603183430932575
258200.0	3000.0	3101.1171824387984	0.0	0	257.1969883175334	3301.1171824386693	1	0	1.0	2.0603183430932575
259300.742301121	3000.0	3000.3748813178304	0.0	0	0.0	3301.1171824386693	1	0	1.0	2.0603183430932575
260200.0	3000.0	3101.117182438855	0.0	0	154.57824808024452	3301.11718243864	1	0	1.0	2.0603183430932646
261200.0	3000.0	3101.117182438824	0.0	0	118.32792029733537	3301.117182438611	1	0	1.0	2.0603183430932717
262232.8878474943	3000.0	3068.2293349445317	0.0	0	0.0	3301.117182438582	1	0	1.0	2.0603183430932726
263200.0	3000.0	3101.1171824388425	0.0	0	234.53671424888307	3301.117182438582	1	0	1.0	2.060318343093275
264200.0	3000.0	3101.1171824388443	0.0	0	179.99659107223852	3301.117182438611	1	0	1.0	2.0603183430932743
265200.0	3000.0	3101.1171824388816	0.0	0	223.38110824505566	3301.1171824386693	1	0	1.0	2.0603183430932632
266200.0	3000.0	3101.117182438887	0.0	0	58.57601427560439	3301.1171824386693	1	0	1.0	2.0603183430932575
267200.0	3000.0	3101.117182438865	0.0	0	407.51008539961185	3301.117182438611	1	0	1.0	2.0603183430932717
268200.0	3000.0	3101.1171824388175	0.0	0	211.13341788941761	3301.117182438611	1	0	1.0	2.0603183430932717
269200.0	3000.0	3101.1171824388225	0.0	0	212.9159911031602	3301.117182438611	1	0	1.0	2.0603183430932717
270200.0	3000.0	3101.11718243891	0.0	0	229.29171140491962	3301.1171824386693	1	0	1.0	2.0603183430932575
271792.69457436155	6000.0	2508.422608077321	0.0	0	0.0	3301.117182438611	1	0	1.0	2.060318343093271
272574.3863165096	3000.0	2726.730865929269	0.0	0	0.0	3301.117182438611	1	0	1.0	1.3671711625333265
274145.9365085979	6000.0	2155.1806738408786	0.0	0	0.0	3301.117182438611	1	0	1.0	2.060318343093271
275233.05924039107	3000.0	2068.0579420476824	0.0	0	0.0	3301.117182438611	1	0	1.0	1.3671711625333265
276092.73657876876	3000.0	2208.3806036700134	0.0	0	0.0	3301.117182438611	1	0	1.0	2.0603183430932717
277020.23168209003	3000.0	2280.8855003487297	0.0	0	0.0	3301.1171824386693	1	0	1.0	2.0603183430932575
277910.133405151	3000.0	2390.9837772877945	0.0	0	0.0	3301.1171824386693	1	0	1.0	2.0603183430932575
278671.7204758939	3000.0	2629.396706544866	0.0	0	0.0	3301.1171824386693	1	0	1.0	2.0603183430932575
279417.04414391797	3000.0	2884.073038520814	0.0	0	0.0	3301.1171824386693	1	0	1.0	2.0603183430932575
280244.87763970305	3000.0	3056.239542735722	0.0	0	0.0	3301.1171824386693	1	0	1.0	2.0603183430932575
281200.0	3000.0	3101.117182438744	0.0	0	100.69200068881037	3301.1171824386693	1	0	1.0	2.0603183430932575
282200.0	3000.0	3101.117182438715	0.0	0	329.77573454839876	3301.117182438611	1	0	1.0	2.0603183430932717
283200.0	3000.0	3101.117182438754	0.0	0	450.06666205555666	3301.1171824386693	1	0	1.0	2.0603183430932575
284200.0	3000.0	3101.117182438789	0.0	0	203.06721886846935	3301.1171824386693	1	0	1.0	2.0603183430932575
285200.0	6000.0	3101.117182438856	0.0	0	60.89111675095046	3301.1171824386693	1	0	1.0	2.0603183430932575
286229.8288772315	6000.0	3071.2883052073425	0.0	0	0.0	3301.117182438611	1	0	1.0	2.753465523653216
287210.9413745634	6000.0	3090.1758078754838	0.0	0	0.0	3301.1171824386693	1	0	1.0	2.7534655236532024
288956.00952091377	6000.0	2345.1076615250727	0.0	0	0.0	3301.117182438611	1	0	1.0	2.753465523653216
290932.0739021965	6000.0	1369.0432802424093	0.0	0	0.0	3301.1171824386693	1	0	1.0	2.7534655236532077
291775.16734979453	3000.0	1525.949832644401	0.0	0	0.0	3301.1171824386693	1	0	1.0	1.3671711625333125
292853.8405449888	3000.0	1447.2766374500973	0.0	0	0.0	3301.1171824386693	1	0	1.0	2.0603183430932575
294203.58373244974	3000.0	1097.533449989198	0.0	0	0.0	3301.1171824386693	1	0	1.0	2.060318343093255
295205.2731938573	3000.0	1095.8439885816529	0.0	0	0.0	3301.1171824387275	1	0	1.0	2.060318343093244
295973.88885450416	2000.0	1327.2283279347853	0.0	0	0.0	3301.1171824387275	1	0	1.0	1.2493881268769145
297330.948621369	3000.0	970.1685610698987	0.0	0	0.0	3301.1171824387275	1	0	1.0	1.6548532349850793
298371.9139433773	2000.0	929.2032390615523	0.0	0	0.0	3301.1171824386693	1	0	1.0	1.2493881268769282
299048.25448257796	2000.0	1252.8626998609332	0.0	0	0.0	3301.117182438611	1	0	1.0	1.6548532349851066
300052.9991809119	3000.0	1248.1180015269676	0.0	0	0.0	3301.117182438611	1	0	1.0	1.6548532349851068
300658.8943376491	2000.0	1642.222844789744	0.0	0	0.0	3301.117182438553	1	0	1.0	1.2493881268769558
301323.5805306808	3000.0	1977.5366517580424	0.0	0	0.0	3301.117182438553	1	0	1.0	1.6548532349851204
3.8029047619047622	3.934904761904762	4.150904761904761	3.3229047619047622	3.2869047619047618	3.814904761904762	2.4469047619047624	2.6389047619047616	4.522904761904762	4.726904761904762	3.1429047619047616	3.562904761904762	3.694904761904762	4.174904761904762	3.154904761904762	3.526904761904762	3.8509047619047623	4.510904761904762	4.858904761904762	3.8269047619047623	4.006904761904762	4.4389047619047615	3.454904761904762	3.3229047619047622	3.682904761904762	4.318904761904762	5.170904761904762	4.4869047619047615	3.610904761904762	5.098904761904762	2.926904761904762	4.006904761904762	2.6389047619047616	3.178904761904762	5.098904761904762	3.586904761904762	3.7429047619047617	4.234904761904762	4.342904761904761	1.9549047619047621	3.934904761904762	4.53	5.25	4.09	3.57	4.8	4.43	4.55	4.26	2.47	3.25	3.42	4.53	3.66	1.98	3.16	3.78	3.58	3.79	3.38	2.87	3.32	4.31	2.62	3.14	3.36	3.8	3.51	3.56	3.03	3.7	3.46	3.57	3.56	2.13	3.81	3.79	3.81	4.02	3.15	4.32	3.8	3.89	3.66	3.46	3.43	3.7484545454545453	4.300454545454545	3.4484545454545454	4.288454545454545	4.840454545454545	3.9164545454545454	5.104454545454545	5.584454545454546	4.0124545454545455	2.8244545454545458	2.032454545454546	3.0404545454545455	3.424454545454546	3.5444545454545455	4.732454545454545	4.876454545454545	3.6764545454545456	3.3284545454545458	4.276454545454546	3.2924545454545453	4.084454545454546	3.4724545454545455	3.7124545454545457	3.0764545454545456	3.3044545454545458	4.420454545454546	4.0364545454545455	3.4724545454545455	3.3644545454545454	4.060454545454545	3.7124545454545457	4.444454545454545	5.4884545454545455	3.3884545454545454	3.4844545454545455	4.384454545454545	3.7964545454545453	3.3884545454545454	3.172454545454545	3.6044545454545456	3.7724545454545453	3.2564545454545457	3.352454545454546	3.4364545454545454	4.885789473684211	4.23778947368421	4.165789473684211	5.029789473684211	4.597789473684211	5.66578947368421	5.077789473684211	3.325789473684211	3.9977894736842106	3.9977894736842106	4.465789473684211	2.9057894736842105	2.425789473684211	2.4137894736842105	3.6977894736842107	2.3657894736842104	2.5577894736842106	3.6257894736842107	3.349789473684211	5.314904761904762	3.8029047619047622	3.934904761904762	4.150904761904761	3.3229047619047622	3.2869047619047618	3.814904761904762	2.4469047619047624	2.6389047619047616	4.522904761904762	4.726904761904762	3.1429047619047616	3.562904761904762	3.694904761904762	4.174904761904762	3.154904761904762	3.526904761904762	3.8509047619047623	4.510904761904762	4.858904761904762	3.8269047619047623	4.006904761904762	4.4389047619047615	3.454904761904762	3.3229047619047622	3.682904761904762	4.318904761904762	5.170904761904762	4.4869047619047615	3.610904761904762	5.098904761904762	2.926904761904762	4.006904761904762	2.6389047619047616	3.178904761904762	5.098904761904762	3.586904761904762	3.7429047619047617	4.234904761904762	4.342904761904761	1.9549047619047621	3.934904761904762	4.53	5.25	4.09	3.57	4.8	4.43	4.55	4.26	2.47	3.25	3.42	4.53	3.66	1.98	3.16	3.78	3.58	3.79	3.38	2.87	3.32	4.31	2.62	3.14	3.36	3.8	3.51	3.56	3.03	3.7	3.46	3.57	3.56	2.13	3.81	3.79	3.81	4.02	3.15	4.32	3.8	3.89	3.66	3.46	3.43	3.7484545454545453	4.300454545454545	3.4484545454545454	4.288454545454545	4.840454545454545	3.9164545454545454	5.104454545454545	5.584454545454546	4.0124545454545455	2.8244545454545458	2.032454545454546	3.0404545454545455	3.424454545454546	3.5444545454545455	4.732454545454545	4.876454545454545	3.6764545454545456	3.3284545454545458	4.276454545454546	3.2924545454545453	4.084454545454546	3.4724545454545455	3.7124545454545457	3.0764545454545456	3.3044545454545458	4.420454545454546	4.0364545454545455	3.4724545454545455	3.3644545454545454	4.060454545454545	3.7124545454545457	4.444454545454545	5.4884545454545455	3.3884545454545454	3.4844545454545455	4.384454545454545	3.7964545454545453	3.3884545454545454	3.172454545454545	3.6044545454545456	3.7724545454545453	3.2564545454545457	3.352454545454546	3.4364545454545454	4.885789473684211	4.23778947368421	4.165789473684211	5.029789473684211	4.597789473684211	5.66578947368421	5.077789473684211	3.325789473684211	3.9977894736842106	3.9977894736842106	4.465789473684211	2.9057894736842105	2.425789473684211	2.4137894736842105	3.6977894736842107	2.3657894736842104	2.5577894736842106	3.6257894736842107	3.349789473684211	5.314904761904762	3.8029047619047622	3.934904761904762	4.150904761904761
1.0	2.0	3.0	4.0	5.0	6.0	7.0	8.0	9.0	10.0	11.0	12.0	13.0	14.0	15.0	16.0	17.0	18.0	19.0	20.0	21.0	22.0	23.0	24.0	25.0	26.0	27.0	28.0	29.0	30.0	31.0	32.0	33.0	34.0	35.0	36.0	37.0	38.0	39.0	40.0	41.0	42.0	43.0	44.0	45.0	46.0	47.0	48.0	49.0	50.0	51.0	52.0	53.0	54.0	55.0	56.0	57.0	58.0	59.0	60.0	61.0	62.0	63.0	64.0	65.0	66.0	67.0	68.0	69.0	70.0	71.0	72.0	73.0	74.0	75.0	76.0	77.0	78.0	79.0	80.0	81.0	82.0	83.0	84.0	85.0	86.0	87.0	88.0	89.0	90.0	91.0	92.0	93.0	94.0	95.0	96.0	97.0	98.0	99.0	100.0	101.0	102.0	103.0	104.0	105.0	106.0	107.0	108.0	109.0	110.0	111.0	112.0	113.0	114.0	115.0	116.0	117.0	118.0	119.0	120.0	121.0	122.0	123.0	124.0	125.0	126.0	127.0	128.0	129.0	130.0	131.0	132.0	133.0	134.0	135.0	136.0	137.0	138.0	139.0	140.0	141.0	142.0	143.0	144.0	145.0	146.0	147.0	148.0	149.0	149.0	150.0	151.0	152.0	153.0	154.0	155.0	156.0	157.0	158.0	159.0	160.0	161.0	162.0	163.0	164.0	165.0	166.0	167.0	168.0	169.0	170.0	171.0	172.0	173.0	174.0	175.0	176.0	177.0	178.0	179.0	180.0	181.0	182.0	183.0	184.0	185.0	186.0	187.0	188.0	189.0	190.0	191.0	192.0	193.0	194.0	195.0	196.0	197.0	198.0	199.0	200.0	201.0	202.0	203.0	204.0	205.0	206.0	207.0	208.0	209.0	210.0	211.0	212.0	213.0	214.0	215.0	216.0	217.0	218.0	219.0	220.0	221.0	222.0	223.0	224.0	225.0	226.0	227.0	228.0	229.0	230.0	231.0	232.0	233.0	234.0	235.0	236.0	237.0	238.0	239.0	240.0	241.0	242.0	243.0	244.0	245.0	246.0	247.0	248.0	249.0	250.0	251.0	252.0	253.0	254.0	255.0	256.0	257.0	258.0	259.0	260.0	261.0	262.0	263.0	264.0	265.0	266.0	267.0	268.0	269.0	270.0	271.0	272.0	273.0	274.0	275.0	276.0	277.0	278.0	279.0	280.0	281.0	282.0	283.0	284.0	285.0	286.0	287.0	288.0	289.0	290.0	291.0	292.0	293.0	294.0	295.0	296.0	297.0	298.0	298.0	299.0	300.0	301.0
2400.5186975556535
