3360.0227048669744	2000.0	2000.0	273.2754741464415	0	0.0	3360.0227048669744	1	0	1.0	-1.8816897105812997
4280.84315202243	6000.0	2079.1795528445437	0.0	0	0.0	3360.022704866974	1	0	1.0	1.6405726887825605
4999.060702655368	6000.0	2360.962002211606	0.0	0	0.0	3360.022704866974	1	0	1.0	2.73918497745067
6108.308439933507	6000.0	2251.7142649334673	0.0	0	0.0	3360.022704866974	1	0	1.0	2.73918497745067
7041.710816133722	6000.0	2318.311888733252	0.0	0	0.0	3360.0227048669735	1	0	1.0	2.7391849774506705
7883.440063969078	6000.0	2476.5826408978946	0.0	0	0.0	3360.022704866973	1	0	1.0	2.7391849774506705
8552.159697511664	6000.0	2807.863007355309	0.0	0	0.0	3360.022704866975	1	0	1.0	2.73918497745067
9201.938140854822	6000.0	3158.084564012154	0.0	0	0.0	3360.0227048669776	1	0	1.0	2.7391849774506696
10200.0	6000.0	3160.0227048669767	0.0	0	118.55458578098478	3360.0227048669776	1	0	1.0	2.7391849774506696
11276.9776447844	6000.0	3083.0450600825766	0.0	0	0.0	3360.0227048669785	1	0	1.0	2.739184977450669
12200.0	6000.0	3160.0227048669763	0.0	0	444.9797019742309	3360.0227048669803	1	0	1.0	2.7391849774506687
13200.0	6000.0	3160.022704866975	0.0	0	358.70373905690576	3360.0227048669785	1	0	1.0	2.7391849774506687
14200.0	6000.0	3160.022704866973	0.0	0	269.5443698537256	3360.0227048669785	1	0	1.0	2.7391849774506687
15200.0	6000.0	3160.0227048669726	0.0	0	471.0745619604513	3360.0227048669803	1	0	1.0	2.7391849774506687
16200.0	6000.0	3160.022704866973	0.0	0	572.8060929443564	3360.022704866982	1	0	1.0	2.7391849774506682
17200.0	6000.0	3160.0227048669726	0.0	0	508.9682495678935	3360.0227048669803	1	0	1.0	2.7391849774506687
18200.0	6000.0	3160.0227048669744	0.0	0	321.91998687697924	3360.022704866982	1	0	1.0	2.7391849774506682
19238.53228657607	6000.0	3121.4904182909013	0.0	0	0.0	3360.0227048669803	1	0	1.0	2.7391849774506682
20200.0	6000.0	3160.0227048669753	0.0	0	328.80314967663435	3360.022704866984	1	0	1.0	2.7391849774506682
21200.0	6000.0	3160.022704866975	0.0	0	324.7894295631668	3360.022704866984	1	0	1.0	2.739184977450668
22200.0	6000.0	3160.022704866977	0.0	0	95.46326614710415	3360.022704866984	1	0	1.0	2.739184977450668
23200.0	6000.0	3160.0227048669794	0.0	0	126.05023132296992	3360.022704866984	1	0	1.0	2.739184977450668
24228.178620109942	6000.0	3131.844084757037	0.0	0	0.0	3360.022704866984	1	0	1.0	2.739184977450668
25200.0	6000.0	3160.022704866977	0.0	0	176.89548574283617	3360.022704866984	1	0	1.0	2.739184977450668
26200.0	6000.0	3160.022704866977	0.0	0	577.6449610673772	3360.022704866984	1	0	1.0	2.739184977450668
27200.0	6000.0	3160.022704866976	0.0	0	91.45946856979572	3360.022704866984	1	0	1.0	2.739184977450668
28200.0	6000.0	3160.022704866976	0.0	0	335.10533346794546	3360.022704866984	1	0	1.0	2.739184977450668
29200.0	6000.0	3160.0227048669744	0.0	0	262.87562475876985	3360.022704866984	1	0	1.0	2.739184977450668
30200.0	6000.0	3160.0227048669744	0.0	0	139.84276540008068	3360.022704866984	1	0	1.0	2.739184977450668
31200.0	6000.0	3160.022704866971	0.0	0	56.702716835676256	3360.022704866984	1	0	1.0	2.739184977450668
32200.0	6000.0	3160.022704866967	0.0	0	406.13011124988043	3360.022704866984	1	0	1.0	2.739184977450668
33200.0	6000.0	3160.0227048669676	0.0	0	387.933550763064	3360.022704866984	1	0	1.0	2.7391849774506674
34329.30175161646	6000.0	3030.720953250503	0.0	0	0.0	3360.022704866984	1	0	1.0	2.739184977450668
35363.56059148017	6000.0	2996.462113386787	0.0	0	0.0	3360.022704866973	1	0	1.0	2.7391849774506696
36200.0	6000.0	3160.022704866963	0.0	0	121.17962697310577	3360.0227048669767	1	0	1.0	2.7391849774506696
37499.07488082771	6000.0	2860.9478240392473	0.0	0	0.0	3360.0227048669694	1	0	1.0	2.739184977450671
38430.54061131347	6000.0	2929.4820935534967	0.0	0	0.0	3360.0227048669694	1	0	1.0	2.739184977450671
39200.0	6000.0	3160.0227048669726	0.0	0	55.99050582185737	3360.022704866962	1	0	1.0	2.739184977450673
40200.0	6000.0	3160.0227048669703	0.0	0	427.0558215483543	3360.022704866962	1	0	1.0	2.739184977450673
41200.0	6000.0	3160.0227048669735	0.0	0	377.366856161163	3360.022704866962	1	0	1.0	2.739184977450673
42200.0	6000.0	3160.0227048669776	0.0	0	137.9933325759339	3360.022704866962	1	0	1.0	2.739184977450673
43200.0	6000.0	3160.022704866982	0.0	0	148.0178559810738	3360.022704866962	1	0	1.0	2.739184977450673
44200.0	6000.0	3160.022704866985	0.0	0	81.75204130912607	3360.022704866962	1	0	1.0	2.739184977450673
45200.0	6000.0	3160.022704866979	0.0	0	191.71474218926596	3360.022704866962	1	0	1.0	2.739184977450673
46200.0	6000.0	3160.022704866978	0.0	0	469.4816329491441	3360.022704866962	1	0	1.0	2.739184977450673
47200.0	6000.0	3160.0227048669794	0.0	0	556.3272468869691	3360.022704866962	1	0	1.0	2.739184977450673
48200.0	6000.0	3160.0227048669817	0.0	0	570.9943049507638	3360.022704866962	1	0	1.0	2.739184977450673
49200.0	6000.0	3160.0227048669803	0.0	0	500.62735694646835	3360.0227048669694	1	0	1.0	2.739184977450671
50200.0	6000.0	3160.0227048669813	0.0	0	92.47925652360573	3360.0227048669694	1	0	1.0	2.739184977450671
51200.0	6000.0	3160.0227048669785	0.0	0	475.8527376549173	3360.0227048669694	1	0	1.0	2.739184977450671
52200.0	6000.0	3160.0227048669744	0.0	0	49.12715237579687	3360.0227048669694	1	0	1.0	2.739184977450671
53200.0	6000.0	3160.0227048669685	0.0	0	368.94281417324237	3360.0227048669694	1	0	1.0	2.739184977450671
54200.0	6000.0	3160.0227048669726	0.0	0	309.0022135135805	3360.0227048669694	1	0	1.0	2.739184977450671
55200.0	6000.0	3160.022704866968	0.0	0	507.6374062460018	3360.0227048669694	1	0	1.0	2.739184977450671
56200.0	6000.0	3160.0227048669703	0.0	0	446.7077590493209	3360.0227048669694	1	0	1.0	2.739184977450671
57200.0	6000.0	3160.022704866972	0.0	0	317.18648224213393	3360.0227048669694	1	0	1.0	2.739184977450671
58200.0	6000.0	3160.0227048669635	0.0	0	457.9052481405597	3360.0227048669694	1	0	1.0	2.739184977450671
59200.0	6000.0	3160.0227048669594	0.0	0	108.23116020789166	3360.0227048669694	1	0	1.0	2.739184977450671
60200.0	6000.0	3160.022704866963	0.0	0	149.6547709644874	3360.0227048669694	1	0	1.0	2.739184977450671
61200.0	6000.0	3160.0227048669663	0.0	0	284.701300767214	3360.0227048669694	1	0	1.0	2.739184977450671
62200.0	6000.0	3160.022704866965	0.0	0	354.43095176963106	3360.0227048669694	1	0	1.0	2.739184977450671
63200.0	6000.0	3160.0227048669685	0.0	0	40.93935782503104	3360.0227048669694	1	0	1.0	2.739184977450671
64200.0	6000.0	3160.0227048669617	0.0	0	131.14060975397297	3360.0227048669694	1	0	1.0	2.739184977450671
65230.82102633643	6000.0	3129.201678530527	0.0	0	0.0	3360.0227048669767	1	0	1.0	2.7391849774506696
66298.02626071696	6000.0	3061.996444150002	0.0	0	0.0	3360.0227048669913	1	0	1.0	2.739184977450667
67200.0	6000.0	3160.0227048669744	0.0	0	50.35537154323538	3360.022704867006	1	0	1.0	2.739184977450663
68200.0	6000.0	3160.022704866974	0.0	0	459.22146376242745	3360.0227048669985	1	0	1.0	2.739184977450662
69200.0	6000.0	3160.022704866991	0.0	0	370.8554080482718	3360.022704867006	1	0	1.0	2.739184977450662
70200.0	6000.0	3160.0227048669863	0.0	0	344.251074206928	3360.0227048670204	1	0	1.0	2.739184977450659
71200.0	6000.0	3160.022704866971	0.0	0	347.60419859531976	3360.0227048670204	1	0	1.0	2.739184977450659
72200.0	6000.0	3160.0227048669717	0.0	0	437.0697396668693	3360.0227048670204	1	0	1.0	2.739184977450659
73200.0	6000.0	3160.022704866987	0.0	0	176.99111381011608	3360.0227048670204	1	0	1.0	2.739184977450659
74200.0	6000.0	3160.022704866985	0.0	0	250.91104864986846	3360.0227048670204	1	0	1.0	2.739184977450659
75237.81529991736	6000.0	3122.2074049496373	0.0	0	0.0	3360.0227048670204	1	0	1.0	2.739184977450659
76200.0	6000.0	3160.0227048669963	0.0	0	76.46095136462827	3360.0227048670204	1	0	1.0	2.739184977450659
77270.9363011615	6000.0	3089.0864037054826	0.0	0	0.0	3360.0227048670204	1	0	1.0	2.739184977450659
78416.38875993039	6000.0	2943.633944936607	0.0	0	0.0	3360.0227048670204	1	0	1.0	2.739184977450659
79252.106988263	6000.0	3107.915716604009	0.0	0	0.0	3360.0227048670204	1	0	1.0	2.739184977450659
80296.56466946124	6000.0	3063.4580354057684	0.0	0	0.0	3360.022704867006	1	0	1.0	2.739184977450662
81200.0	6000.0	3160.0227048670044	0.0	0	122.32609098588	3360.022704867006	1	0	1.0	2.739184977450662
82200.0	6000.0	3160.0227048670085	0.0	0	331.3248644045234	3360.022704867006	1	0	1.0	2.739184977450662
83200.0	6000.0	3160.0227048670067	0.0	0	351.0249257830437	3360.0227048669913	1	0	1.0	2.739184977450666
84200.0	6000.0	3160.0227048669985	0.0	0	288.1219383308926	3360.0227048669913	1	0	1.0	2.739184977450666
85200.0	6000.0	3160.0227048669954	0.0	0	301.1597879852634	3360.0227048669913	1	0	1.0	2.739184977450666
86200.0	6000.0	3160.022704867002	0.0	0	335.6394564819493	3360.0227048669913	1	0	1.0	2.739184977450666
87200.0	6000.0	3160.0227048670095	0.0	0	495.23965249613684	3360.0227048669913	1	0	1.0	2.739184977450666
88200.0	6000.0	3160.0227048670076	0.0	0	71.97603247675579	3360.0227048669767	1	0	1.0	2.7391849774506696
89200.0	6000.0	3160.0227048670167	0.0	0	407.8929405348608	3360.0227048669767	1	0	1.0	2.7391849774506696
90200.0	6000.0	3160.022704867013	0.0	0	377.7531802376034	3360.0227048669913	1	0	1.0	2.739184977450666
91200.0	6000.0	3160.0227048670013	0.0	0	446.60866283843643	3360.0227048669913	1	0	1.0	2.739184977450666
92200.0	6000.0	3160.02270486701	0.0	0	303.9120766505948	3360.0227048669913	1	0	1.0	2.739184977450666
93200.0	6000.0	3160.022704867011	0.0	0	47.921245243007434	3360.0227048669767	1	0	1.0	2.7391849774506696
94200.0	6000.0	3160.0227048670085	0.0	0	268.29446138543426	3360.0227048669767	1	0	1.0	2.7391849774506696
95200.0	6000.0	3160.0227048670167	0.0	0	338.00333711813437	3360.0227048669767	1	0	1.0	2.7391849774506696
96200.0	6000.0	3160.0227048670185	0.0	0	107.81120014277985	3360.0227048669913	1	0	1.0	2.739184977450666
97200.0	6000.0	3160.022704867027	0.0	0	535.6148609419615	3360.0227048669913	1	0	1.0	2.739184977450666
98200.0	6000.0	3160.022704867024	0.0	0	357.76236494327895	3360.0227048669913	1	0	1.0	2.739184977450666
99343.58516615027	6000.0	3016.437538716753	0.0	0	0.0	3360.022704867006	1	0	1.0	2.739184977450662
100257.1098066354	6000.0	3102.9128982316124	0.0	0	0.0	3360.022704867006	1	0	1.0	2.739184977450662
101200.0	6000.0	3160.0227048670154	0.0	0	360.47315659126616	3360.022704867006	1	0	1.0	2.739184977450662
102200.0	6000.0	3160.022704867014	0.0	0	374.8150293665967	3360.022704867006	1	0	1.0	2.739184977450662
103200.0	6000.0	3160.022704867017	0.0	0	239.3789076446992	3360.022704867006	1	0	1.0	2.739184977450662
104200.0	6000.0	3160.0227048670085	0.0	0	324.09188307708246	3360.022704867006	1	0	1.0	2.739184977450662
105200.0	6000.0	3160.0227048670063	0.0	0	332.39878096950997	3360.022704867006	1	0	1.0	2.739184977450662
106200.0	6000.0	3160.0227048670076	0.0	0	321.40528887209075	3360.0227048669913	1	0	1.0	2.739184977450666
107200.0	6000.0	3160.0227048670117	0.0	0	371.47538253596576	3360.0227048669913	1	0	1.0	2.739184977450666
108304.48630960486	6000.0	3055.5363952621483	0.0	0	0.0	3360.0227048669913	1	0	1.0	2.739184977450666
109200.0	6000.0	3160.022704867011	0.0	0	86.28259848477319	3360.0227048669913	1	0	1.0	2.739184977450666
110200.0	6000.0	3160.022704867001	0.0	0	234.35420392846572	3360.0227048669913	1	0	1.0	2.739184977450666
111232.98640113004	6000.0	3127.036303736938	0.0	0	0.0	3360.0227048669913	1	0	1.0	2.739184977450666
112200.0	6000.0	3160.022704866977	0.0	0	276.7541656340909	3360.0227048669767	1	0	1.0	2.7391849774506696
113200.0	6000.0	3160.0227048669713	0.0	0	211.42087264618021	3360.0227048669767	1	0	1.0	2.7391849774506696
114200.0	6000.0	3160.02270486697	0.0	0	336.1978226697829	3360.0227048669767	1	0	1.0	2.7391849774506696
115200.0	6000.0	3160.0227048669717	0.0	0	83.78895186210866	3360.0227048669767	1	0	1.0	2.7391849774506696
116200.0	6000.0	3160.0227048669767	0.0	0	624.623106684172	3360.0227048669767	1	0	1.0	2.7391849774506696
117200.0	6000.0	3160.022704866993	0.0	0	128.7989373679593	3360.0227048669767	1	0	1.0	2.7391849774506696
118326.0632755718	6000.0	3033.9594292951992	0.0	0	0.0	3360.0227048669767	1	0	1.0	2.7391849774506696
119430.17825962724	6000.0	2929.844445239752	0.0	0	0.0	3360.0227048669767	1	0	1.0	2.7391849774506696
120451.25882757762	6000.0	2908.763877289364	0.0	0	0.0	3360.0227048669767	1	0	1.0	2.7391849774506696
121421.67065936694	6000.0	2938.352045500053	0.0	0	0.0	3360.0227048669767	1	0	1.0	2.7391849774506696
122286.14953638746	6000.0	3073.873168479544	0.0	0	0.0	3360.0227048669767	1	0	1.0	2.7391849774506696
123200.0	6000.0	3160.0227048670113	0.0	0	75.9524027450534	3360.0227048669767	1	0	1.0	2.7391849774506696
124200.0	6000.0	3160.022704867005	0.0	0	615.4554216618708	3360.0227048669767	1	0	1.0	2.7391849774506696
125200.0	6000.0	3160.022704867002	0.0	0	277.4704208931216	3360.0227048669767	1	0	1.0	2.7391849774506696
126200.0	6000.0	3160.0227048669926	0.0	0	138.7536065133172	3360.0227048669767	1	0	1.0	2.7391849774506696
127200.0	6000.0	3160.0227048669763	0.0	0	463.9137312826351	3360.0227048669767	1	0	1.0	2.7391849774506696
128200.0	6000.0	3160.0227048669735	0.0	0	435.0996422390308	3360.0227048669913	1	0	1.0	2.739184977450666
129376.47380861785	6000.0	2983.548896249124	0.0	0	0.0	3360.0227048669767	1	0	1.0	2.7391849774506696
130377.58121694878	6000.0	2982.4414879181795	0.0	0	0.0	3360.0227048669767	1	0	1.0	2.7391849774506696
131200.0	6000.0	3160.0227048669644	0.0	0	75.29350764350966	3360.0227048669913	1	0	1.0	2.7391849774506687
132200.0	6000.0	3160.0227048669544	0.0	0	127.73343953938456	3360.0227048669913	1	0	1.0	2.739184977450668
133458.00972346173	6000.0	2902.0129814052034	0.0	0	0.0	3360.0227048669767	1	0	1.0	2.7391849774506687
134543.9762467212	6000.0	2816.0464581457372	0.0	0	0.0	3360.0227048669767	1	0	1.0	2.739184977450668
135552.9520394586	6000.0	2807.0706654083197	0.0	0	0.0	3360.0227048669767	1	0	1.0	2.7391849774506696
136381.43073296052	6000.0	2978.5919719064273	0.0	0	0.0	3360.0227048669767	1	0	1.0	2.7391849774506696
137200.0	6000.0	3160.0227048669685	0.0	0	294.39232605084544	3360.0227048669476	1	0	1.0	2.7391849774506767
138200.0	6000.0	3160.0227048669453	0.0	0	90.53815645779832	3360.0227048669476	1	0	1.0	2.7391849774506767
139200.0	6000.0	3160.022704866937	0.0	0	166.84496525852592	3360.0227048669476	1	0	1.0	2.7391849774506767
140200.0	6000.0	3160.022704866897	0.0	0	232.2095617815503	3360.0227048669476	1	0	1.0	2.7391849774506767
141200.0	6000.0	3160.022704866889	0.0	0	299.86009076071787	3360.0227048669476	1	0	1.0	2.7391849774506767
142200.0	6000.0	3160.0227048668985	0.0	0	380.8953429690446	3360.0227048669476	1	0	1.0	2.7391849774506767
143200.0	6000.0	3160.022704866888	0.0	0	310.04339992057066	3360.0227048669767	1	0	1.0	2.7391849774506696
144200.0	6000.0	3160.0227048668658	0.0	0	14.480964487302117	3360.0227048669767	1	0	1.0	2.7391849774506696
145200.0	6000.0	3160.0227048668544	0.0	0	104.67158329900121	3360.0227048669767	1	0	1.0	2.7391849774506696
146200.0	6000.0	3160.022704866843	0.0	0	257.3954906251747	3360.0227048669767	1	0	1.0	2.7391849774506696
147200.0	6000.0	3160.022704866846	0.0	0	229.15139993958292	3360.0227048669767	1	0	1.0	2.7391849774506696
148200.0	6000.0	3160.022704866828	0.0	0	290.68709227940417	3360.0227048669767	1	0	1.0	2.7391849774506696
149200.0	6000.0	3160.022704866828	0.0	0	224.10173560789553	3360.0227048669476	1	0	1.0	2.7391849774506767
150200.0	6000.0	3160.022704866837	0.0	0	310.08629320102045	3360.0227048669476	1	0	1.0	2.7391849774506767
151200.0	6000.0	3160.0227048668885	0.0	0	92.73985121166334	3360.0227048669767	1	0	1.0	2.7391849774506696
152394.2613154199	6000.0	2965.7613894470173	0.0	0	0.0	3360.0227048669767	1	0	1.0	2.7391849774506696
153200.0	6000.0	3160.022704866906	0.0	0	203.06563566924888	3360.0227048669767	1	0	1.0	2.7391849774506696
154200.0	6000.0	3160.0227048669267	0.0	0	268.0582772033813	3360.0227048669767	1	0	1.0	2.7391849774506696
155200.0	6000.0	3160.022704866938	0.0	0	102.43524064609664	3360.0227048669767	1	0	1.0	2.7391849774506696
156200.0	6000.0	3160.0227048669035	0.0	0	325.80147293180926	3360.0227048669767	1	0	1.0	2.7391849774506696
157200.0	6000.0	3160.022704866888	0.0	0	367.52380611081026	3360.0227048669767	1	0	1.0	2.7391849774506696
158200.0	6000.0	3160.0227048669067	0.0	0	171.49077455629595	3360.0227048669767	1	0	1.0	2.7391849774506696
159222.4632740541	6000.0	3137.5594308127747	0.0	0	0.0	3360.0227048669476	1	0	1.0	2.7391849774506767
160200.0	6000.0	3160.0227048669176	0.0	0	127.3960640935693	3360.0227048669767	1	0	1.0	2.739184977450675
161200.0	6000.0	3160.022704866955	0.0	0	474.6238513785356	3360.022704867006	1	0	1.0	2.739184977450668
162200.0	6000.0	3160.022704866959	0.0	0	372.4875384919578	3360.022704867006	1	0	1.0	2.739184977450662
163200.0	6000.0	3160.022704866957	0.0	0	557.2314068665728	3360.0227048669767	1	0	1.0	2.7391849774506696
164200.0	6000.0	3160.022704866961	0.0	0	517.4582249140658	3360.0227048669767	1	0	1.0	2.7391849774506696
165200.0	6000.0	3160.0227048669467	0.0	0	501.56616404489614	3360.0227048669767	1	0	1.0	2.7391849774506696
166200.0	6000.0	3160.0227048669394	0.0	0	527.8395242620027	3360.0227048669767	1	0	1.0	2.7391849774506634
167200.0	6000.0	3160.022704866964	0.0	0	320.47111404739553	3360.022704867006	1	0	1.0	2.739184977450662
168287.19118550912	6000.0	3072.8315193578487	0.0	0	0.0	3360.022704867006	1	0	1.0	2.739184977450662
169200.0	6000.0	3160.022704866959	0.0	0	53.339532954705646	3360.022704867006	1	0	1.0	2.739184977450662
170200.0	6000.0	3160.022704866953	0.0	0	107.61706045814208	3360.022704867006	1	0	1.0	2.739184977450662
171200.0	6000.0	3160.0227048669476	0.0	0	206.86970963102067	3360.0227048669767	1	0	1.0	2.7391849774506696
172200.0	6000.0	3160.0227048669653	0.0	0	440.34023433947004	3360.022704867006	1	0	1.0	2.739184977450662
173200.0	6000.0	3160.022704866955	0.0	0	178.79734055523295	3360.022704867006	1	0	1.0	2.739184977450662
174200.0	6000.0	3160.0227048669344	0.0	0	350.463773442345	3360.0227048669767	1	0	1.0	2.7391849774506696
175200.0	6000.0	3160.0227048669553	0.0	0	338.2242873389914	3360.022704867006	1	0	1.0	2.739184977450668
176217.81842064348	6000.0	3142.2042842234964	0.0	0	0.0	3360.022704867035	1	0	1.0	2.7391849774506576
177200.0	6000.0	3160.0227048669776	0.0	0	153.97967478595092	3360.022704867035	1	0	1.0	2.739184977450655
178200.0	6000.0	3160.022704866979	0.0	0	179.65767580113607	3360.022704867064	1	0	1.0	2.739184977450648
179275.68763453036	6000.0	3084.335070336617	0.0	0	0.0	3360.022704867064	1	0	1.0	2.739184977450648
180200.0	6000.0	3160.0227048669626	0.0	0	260.4714228280063	3360.022704867064	1	0	1.0	2.739184977450648
181200.0	6000.0	3160.0227048669935	0.0	0	300.48481424423517	3360.022704867064	1	0	1.0	2.739184977450648
182200.0	6000.0	3160.022704866985	0.0	0	157.5528159243695	3360.022704867035	1	0	1.0	2.739184977450655
183200.0	6000.0	3160.0227048669994	0.0	0	37.639503418438835	3360.022704867035	1	0	1.0	2.739184977450655
184200.0	6000.0	3160.0227048669826	0.0	0	164.36745003369288	3360.022704867035	1	0	1.0	2.739184977450655
185221.4473868638	6000.0	3138.5753180032066	0.0	0	0.0	3360.022704867035	1	0	1.0	2.739184977450655
186919.36218808973	6000.0	2440.660516777285	0.0	0	0.0	3360.022704867064	1	0	1.0	2.7391849774506496
187548.3854467948	6000.0	2811.6372580721863	0.0	0	0.0	3360.022704867064	1	0	1.0	2.739184977450648
188200.0	6000.0	3160.022704866944	0.0	0	4.827293935988564	3360.022704867035	1	0	1.0	2.739184977450655
189200.0	6000.0	3160.0227048669312	0.0	0	377.2724713519856	3360.022704867035	1	0	1.0	2.7391849774506607
190200.0	6000.0	3160.0227048669212	0.0	0	21.347211996733677	3360.022704867035	1	0	1.0	2.739184977450655
191200.0	6000.0	3160.0227048669362	0.0	0	349.35912036543596	3360.022704867093	1	0	1.0	2.7391849774506465
192200.0	6000.0	3160.0227048669235	0.0	0	411.83006445187493	3360.0227048671222	1	0	1.0	2.739184977450633
193200.0	6000.0	3160.022704866948	0.0	0	367.06787950068247	3360.0227048671222	1	0	1.0	2.739184977450633
194200.0	6000.0	3160.022704866976	0.0	0	233.8074479874922	3360.0227048671222	1	0	1.0	2.739184977450633
195200.0	6000.0	3160.022704866979	0.0	0	302.55436392183765	3360.0227048671222	1	0	1.0	2.739184977450633
196200.0	6000.0	3160.022704867012	0.0	0	264.0547226204653	3360.022704867093	1	0	1.0	2.739184977450635
197200.0	6000.0	3160.0227048669844	0.0	0	551.3321424830938	3360.022704867064	1	0	1.0	2.739184977450642
198200.0	6000.0	3160.0227048669794	0.0	0	389.03667048949865	3360.022704867064	1	0	1.0	2.739184977450648
199200.0	6000.0	3160.022704867005	0.0	0	280.1872311497864	3360.022704867064	1	0	1.0	2.739184977450648
200200.0	6000.0	3160.0227048669917	0.0	0	219.5122913143714	3360.022704867093	1	0	1.0	2.7391849774506403
201200.0	6000.0	3160.022704866995	0.0	0	213.0249137210485	3360.022704867093	1	0	1.0	2.7391849774506403
202200.0	6000.0	3160.022704867004	0.0	0	83.3613903822552	3360.0227048671513	1	0	1.0	2.739184977450632
203200.0	6000.0	3160.0227048669703	0.0	0	523.1317262603261	3360.0227048671513	1	0	1.0	2.739184977450626
204200.0	6000.0	3160.0227048669635	0.0	0	255.34497807724983	3360.0227048671513	1	0	1.0	2.739184977450632
205200.0	6000.0	3160.022704866986	0.0	0	289.46610674943076	3360.0227048671804	1	0	1.0	2.739184977450619
206200.0	6000.0	3160.0227048669653	0.0	0	168.2271582458343	3360.0227048671222	1	0	1.0	2.7391849774506274
207200.0	6000.0	3160.0227048669512	0.0	0	444.842192011507	3360.0227048671222	1	0	1.0	2.739184977450633
208200.0	6000.0	3160.022704866957	0.0	0	421.6308778364619	3360.022704867093	1	0	1.0	2.739184977450635
209420.13189294186	6000.0	2939.890811925138	0.0	0	0.0	3360.0227048671222	1	0	1.0	2.739184977450636
210200.0	6000.0	3160.0227048670013	0.0	0	188.2479535091261	3360.0227048671222	1	0	1.0	2.739184977450633
211200.0	6000.0	3160.0227048669694	0.0	0	272.5937302270031	3360.022704867093	1	0	1.0	2.739184977450635
212200.0	6000.0	3160.022704866976	0.0	0	364.1853117569408	3360.0227048671222	1	0	1.0	2.739184977450639
213306.7639094797	6000.0	3053.258795387266	0.0	0	0.0	3360.0227048671222	1	0	1.0	2.739184977450633
214261.64537666342	6000.0	3098.3773282035445	0.0	0	0.0	3360.0227048671222	1	0	1.0	2.739184977450633
215200.0	6000.0	3160.022704866959	0.0	0	77.4112097734469	3360.0227048671222	1	0	1.0	2.739184977450633
216200.0	6000.0	3160.0227048669594	0.0	0	149.94055789685808	3360.0227048671222	1	0	1.0	2.739184977450633
217200.0	6000.0	3160.022704866963	0.0	0	129.54249862549477	3360.022704867093	1	0	1.0	2.7391849774506403
218200.0	6000.0	3160.0227048669562	0.0	0	389.97716565284645	3360.022704867093	1	0	1.0	2.7391849774506403
219287.187150364	6000.0	3072.8355545029235	0.0	0	0.0	3360.022704867093	1	0	1.0	2.7391849774506403
220200.0	6000.0	3160.0227048669544	0.0	0	222.64462443001685	3360.0227048671513	1	0	1.0	2.739184977450632
221200.0	6000.0	3160.022704866901	0.0	0	429.6763805457158	3360.0227048671513	1	0	1.0	2.739184977450626
222200.0	6000.0	3160.0227048669362	0.0	0	108.54093465025653	3360.0227048671804	1	0	1.0	2.7391849774506247
223200.0	6000.0	3160.022704866926	0.0	0	336.27174792194273	3360.0227048672095	1	0	1.0	2.739184977450617
224225.97526657325	6000.0	3134.047438293667	0.0	0	0.0	3360.0227048672095	1	0	1.0	2.739184977450612
225200.0	6000.0	3160.0227048669553	0.0	0	409.8647219344566	3360.0227048672095	1	0	1.0	2.739184977450612
226243.513165876	6000.0	3116.509538990945	0.0	0	0.0	3360.0227048671804	1	0	1.0	2.739184977450619
227254.60274608972	6000.0	3105.419958777223	0.0	0	0.0	3360.0227048671513	1	0	1.0	2.7391849774506234
228200.0	6000.0	3160.022704866945	0.0	0	118.52265527640702	3360.0227048671804	1	0	1.0	2.7391849774506247
229200.0	6000.0	3160.0227048669412	0.0	0	122.106596784055	3360.0227048671804	1	0	1.0	2.739184977450619
230200.0	6000.0	3160.0227048669467	0.0	0	427.7830049619952	3360.0227048672095	1	0	1.0	2.739184977450617
231200.0	6000.0	3160.022704866945	0.0	0	323.93121579667786	3360.0227048672095	1	0	1.0	2.739184977450612
232200.0	6000.0	3160.022704866953	0.0	0	301.68307949538575	3360.0227048672095	1	0	1.0	2.739184977450612
233200.0	6000.0	3160.022704866951	0.0	0	395.69136109607643	3360.0227048672386	1	0	1.0	2.7391849774506043
234200.0	6000.0	3160.022704866959	0.0	0	522.0457355409162	3360.0227048672386	1	0	1.0	2.7391849774506043
235200.0	6000.0	3160.0227048669203	0.0	0	344.97533820106764	3360.0227048672095	1	0	1.0	2.739184977450612
236200.0	6000.0	3160.0227048668676	0.0	0	95.01336147848633	3360.0227048672095	1	0	1.0	2.739184977450612
237200.0	6000.0	3160.022704866871	0.0	0	399.48992668266874	3360.0227048672386	1	0	1.0	2.7391849774506043
238200.0	6000.0	3160.0227048668908	0.0	0	260.51259220120846	3360.0227048672095	1	0	1.0	2.7391849774506056
239200.0	6000.0	3160.02270486692	0.0	0	508.18085176107707	3360.0227048672095	1	0	1.0	2.739184977450612
240200.0	6000.0	3160.0227048669085	0.0	0	487.3565231914399	3360.0227048672386	1	0	1.0	2.73918497745061
241200.0	6000.0	3160.022704866897	0.0	0	218.4414961921575	3360.0227048672386	1	0	1.0	2.7391849774506043
242364.69549494656	6000.0	2995.327209920325	0.0	0	0.0	3360.0227048672677	1	0	1.0	2.739184977450597
243200.0	6000.0	3160.0227048668617	0.0	0	74.03133184759645	3360.0227048672095	1	0	1.0	2.7391849774506074
244200.0	6000.0	3160.022704866829	0.0	0	369.6523987254477	3360.0227048672095	1	0	1.0	2.739184977450612
245200.0	6000.0	3160.0227048668476	0.0	0	136.10523366267444	3360.0227048672095	1	0	1.0	2.739184977450612
246200.0	6000.0	3160.022704866867	0.0	0	519.3750330505718	3360.0227048672095	1	0	1.0	2.739184977450612
247200.0	6000.0	3160.0227048668853	0.0	0	362.26152306536096	3360.0227048671804	1	0	1.0	2.739184977450613
248200.0	6000.0	3160.0227048668685	0.0	0	128.5328846219636	3360.0227048671804	1	0	1.0	2.7391849774506247
249211.17540958294	6000.0	3148.84729528393	0.0	0	0.0	3360.0227048671804	1	0	1.0	2.739184977450619
250200.0	6000.0	3160.0227048668794	0.0	0	323.3271238806774	3360.0227048672095	1	0	1.0	2.739184977450617
251200.0	6000.0	3160.022704866887	0.0	0	510.91199156153016	3360.0227048672095	1	0	1.0	2.739184977450617
252200.0	6000.0	3160.022704866847	0.0	0	296.7148773483641	3360.0227048672095	1	0	1.0	2.739184977450612
253200.0	6000.0	3160.0227048668385	0.0	0	352.5237058591156	3360.0227048672095	1	0	1.0	2.739184977450612
254200.0	6000.0	3160.0227048668603	0.0	0	349.1746306340792	3360.0227048672386	1	0	1.0	2.7391849774506043
255200.0	6000.0	3160.0227048668885	0.0	0	560.0339603507018	3360.0227048672386	1	0	1.0	2.7391849774506043
256200.0	6000.0	3160.022704866877	0.0	0	279.76231691788416	3360.0227048672095	1	0	1.0	2.7391849774506056
257204.0967333673	6000.0	3155.925971499577	0.0	0	0.0	3360.0227048672095	1	0	1.0	2.7391849774506074
258200.0	6000.0	3160.0227048668653	0.0	0	242.85850523412228	3360.0227048672095	1	0	1.0	2.739184977450612
259200.0	6000.0	3160.0227048668785	0.0	0	333.44051640020916	3360.0227048672386	1	0	1.0	2.73918497745061
260200.0	6000.0	3160.0227048668607	0.0	0	8.449802408751566	3360.0227048671804	1	0	1.0	2.7391849774506145
261200.0	6000.0	3160.022704866853	0.0	0	451.69606886728434	3360.0227048671804	1	0	1.0	2.739184977450619
262200.0	6000.0	3160.02270486681	0.0	0	408.42512156872544	3360.0227048671804	1	0	1.0	2.739184977450619
263200.0	6000.0	3160.0227048668785	0.0	0	392.29169631924015	3360.0227048672677	1	0	1.0	2.7391849774506056
264200.0	6000.0	3160.0227048669426	0.0	0	340.9818768830155	3360.022704867326	1	0	1.0	2.739184977450585
265200.0	6000.0	3160.0227048669444	0.0	0	584.7707507018349	3360.022704867326	1	0	1.0	2.739184977450585
266200.0	6000.0	3160.022704867	0.0	0	128.319578149647	3360.022704867355	1	0	1.0	2.7391849774505754
267200.0	6000.0	3160.022704866999	0.0	0	352.1938270208193	3360.0227048674133	1	0	1.0	2.7391849774505728
268210.1582988396	6000.0	3149.8644060274887	0.0	0	0.0	3360.0227048674133	1	0	1.0	2.739184977450561
269200.0	6000.0	3160.0227048670918	0.0	0	218.9544775497052	3360.0227048674133	1	0	1.0	2.739184977450561
270201.0753555839	6000.0	3158.9473492830953	0.0	0	0.0	3360.0227048674715	1	0	1.0	2.739184977450546
271200.0	6000.0	3160.022704866998	0.0	0	290.51430273929145	3360.0227048674715	1	0	1.0	2.739184977450546
272200.0	6000.0	3160.022704866983	0.0	0	25.65710395289352	3360.0227048674715	1	0	1.0	2.739184977450546
273200.0	6000.0	3160.0227048669185	0.0	0	383.0837467807578	3360.0227048674715	1	0	1.0	2.739184977450546
274200.0	6000.0	3160.022704866854	0.0	0	465.32883363380097	3360.0227048674715	1	0	1.0	2.739184977450546
275200.0	6000.0	3160.022704866943	0.0	0	206.69449032179546	3360.0227048675297	1	0	1.0	2.7391849774505435
276200.0	6000.0	3160.022704866958	0.0	0	405.96279208461056	3360.0227048675297	1	0	1.0	2.739184977450532
277200.0	6000.0	3160.0227048669212	0.0	0	374.9130834589596	3360.0227048675297	1	0	1.0	2.739184977450532
278200.0	6000.0	3160.022704866932	0.0	0	198.87627836019965	3360.0227048675297	1	0	1.0	2.739184977450532
279200.0	6000.0	3160.022704866874	0.0	0	226.5488633842324	3360.0227048675297	1	0	1.0	2.739184977450532
280200.0	6000.0	3160.0227048668903	0.0	0	342.36411809164565	3360.0227048675297	1	0	1.0	2.739184977450532
281200.0	6000.0	3160.022704866868	0.0	0	338.324156671355	3360.0227048674715	1	0	1.0	2.739184977450546
282287.54594920145	6000.0	3072.476755665478	0.0	0	0.0	3360.0227048675297	1	0	1.0	2.739184977450532
283234.55563090247	6000.0	3125.4670739644616	0.0	0	0.0	3360.0227048675297	1	0	1.0	2.739184977450532
284266.00259748596	6000.0	3094.020107380943	0.0	0	0.0	3360.0227048675297	1	0	1.0	2.739184977450532
285200.0	6000.0	3160.022704866902	0.0	0	128.02603041677503	3360.0227048675297	1	0	1.0	2.739184977450532
286200.0	6000.0	3160.022704866928	0.0	0	262.63651146448683	3360.0227048674715	1	0	1.0	2.7391849774505346
287237.9553013793	6000.0	3122.0674034876533	0.0	0	0.0	3360.0227048675297	1	0	1.0	2.739184977450532
288200.0	6000.0	3160.022704866904	0.0	0	217.10041171801277	3360.0227048675297	1	0	1.0	2.739184977450532
289200.0	6000.0	3160.0227048669435	0.0	0	130.1408437745995	3360.0227048675297	1	0	1.0	2.739184977450532
290200.0	6000.0	3160.022704866956	0.0	0	225.71339105872903	3360.0227048675297	1	0	1.0	2.739184977450532
291200.0	6000.0	3160.0227048670145	0.0	0	366.8162881815806	3360.0227048675297	1	0	1.0	2.739184977450532
292200.0	6000.0	3160.022704867026	0.0	0	420.7829736809945	3360.0227048675297	1	0	1.0	2.739184977450532
293200.0	6000.0	3160.0227048670395	0.0	0	233.9484903688426	3360.022704867646	1	0	1.0	2.739184977450514
294200.0	6000.0	3160.022704866998	0.0	0	72.86137389187934	3360.022704867646	1	0	1.0	2.7391849774505026
295200.0	6000.0	3160.022704867008	0.0	0	40.105101152381394	3360.022704867646	1	0	1.0	2.7391849774505026
296200.0	6000.0	3160.0227048670213	0.0	0	224.63324290071614	3360.022704867588	1	0	1.0	2.7391849774505057
297200.0	6000.0	3160.022704867054	0.0	0	186.43203720572637	3360.0227048675297	1	0	1.0	2.7391849774505204
298200.0	6000.0	3160.02270486704	0.0	0	158.103127497714	3360.0227048675297	1	0	1.0	2.739184977450532
299200.0	6000.0	3160.022704866982	0.0	0	343.68267125071725	3360.0227048675297	1	0	1.0	2.739184977450532
300200.0	6000.0	3160.0227048669867	0.0	0	352.3891723076231	3360.0227048675297	1	0	1.0	2.739184977450532
9.28	7.75	5.75	6.96	8.91	10.7	7.2	5.42	11.1	12.0	11.6	11.3	11.0	12.2	10.3	6.15	8.98	8.88	9.33	8.75	6.45	7.29	13.1	6.12	10.0	7.61	6.07	7.17	8.75	11.3	5.78	7.39	8.22	5.55	4.0	9.01	11.3	8.06	8.64	8.86	8.72	8.34	11.7	10.7	14.2	11.3	6.65	10.7	8.22	7.25	9.73	10.9	11.3	9.16	8.82	7.94	6.26	8.2	8.97	8.65	7.38	8.34	6.09	8.24	8.88	10.3	6.65	9.5	9.81	8.56	9.01	5.07	8.95	7.45	5.49	7.81	5.97	8.48	8.69	9.86	9.53	11.6	11.1	9.29	8.13	9.09	11.8	14.4	7.16	4.9	8.62	8.6	7.98	10.501744680851063	10.381744680851064	6.397744680851064	7.129744680851063	11.221744680851064	11.461744680851064	10.033744680851065	8.149744680851065	10.381744680851064	11.461744680851064	10.741744680851063	6.5297446808510635	6.925744680851063	7.549744680851064	6.421744680851064	9.673744680851064	9.133744680851065	8.125744680851065	8.509744680851062	15.181744680851065	8.209744680851063	8.293744680851063	4.033744680851064	6.157744680851064	6.169744680851064	8.785744680851064	7.057744680851064	13.021744680851064	9.745744680851065	8.785744680851064	11.821744680851065	11.941744680851064	6.109744680851064	7.405744680851064	9.157744680851064	8.629744680851065	4.837744680851065	8.209744680851063	4.285744680851064	9.325744680851065	10.861744680851064	6.733744680851063	7.813744680851064	6.229744680851064	8.293744680851063	9.553744680851064	11.101744680851063	7.153111111111111	8.35311111111111	6.253111111111111	10.64511111111111	7.957111111111111	9.013111111111112	8.473111111111113	8.245111111111111	5.677111111111111	7.01	9.28	7.75	5.75	6.96	8.91	10.7	7.2	5.42	11.1	12.0	11.6	11.3	11.0	12.2	10.3	6.15	8.98	8.88	9.33	8.75	6.45	7.29	13.1	6.12	10.0	7.61	6.07	7.17	8.75	11.3	5.78	7.39	8.22	5.55	4.0	9.01	11.3	8.06	8.64	8.86	8.72	8.34	11.7	10.7	14.2	11.3	6.65	10.7	8.22	7.25	9.73	10.9	11.3	9.16	8.82	7.94	6.26	8.2	8.97	8.65	7.38	8.34	6.09	8.24	8.88	10.3	6.65	9.5	9.81	8.56	9.01	5.07	8.95	7.45	5.49	7.81	5.97	8.48	8.69	9.86	9.53	11.6	11.1	9.29	8.13	9.09	11.8	14.4	7.16	4.9	8.62	8.6	7.98	10.501744680851063	10.381744680851064	6.397744680851064	7.129744680851063	11.221744680851064	11.461744680851064	10.033744680851065	8.149744680851065	10.381744680851064	11.461744680851064	10.741744680851063	6.5297446808510635	6.925744680851063	7.549744680851064	6.421744680851064	9.673744680851064	9.133744680851065	8.125744680851065	8.509744680851062	15.181744680851065	8.209744680851063	8.293744680851063	4.033744680851064	6.157744680851064	6.169744680851064	8.785744680851064	7.057744680851064	13.021744680851064	9.745744680851065	8.785744680851064	11.821744680851065	11.941744680851064	6.109744680851064	7.405744680851064	9.157744680851064	8.629744680851065	4.837744680851065	8.209744680851063	4.285744680851064	9.325744680851065	10.861744680851064	6.733744680851063	7.813744680851064	6.229744680851064	8.293744680851063	9.553744680851064	11.101744680851063	7.153111111111111	8.35311111111111	6.253111111111111	10.64511111111111	7.957111111111111	9.013111111111112	8.473111111111113	8.245111111111111	5.677111111111111	7.01	9.28	7.75	5.75
1.0	2.0	3.0	4.0	5.0	6.0	7.0	8.0	9.0	10.0	11.0	12.0	13.0	14.0	15.0	16.0	17.0	18.0	19.0	20.0	21.0	22.0	23.0	24.0	25.0	26.0	27.0	28.0	29.0	30.0	31.0	32.0	33.0	34.0	35.0	36.0	37.0	38.0	39.0	40.0	41.0	42.0	43.0	44.0	45.0	46.0	47.0	48.0	49.0	50.0	51.0	52.0	53.0	54.0	55.0	56.0	57.0	58.0	59.0	60.0	61.0	62.0	63.0	64.0	65.0	66.0	67.0	68.0	69.0	70.0	71.0	72.0	73.0	74.0	75.0	76.0	77.0	78.0	79.0	80.0	81.0	82.0	83.0	84.0	85.0	86.0	87.0	88.0	89.0	90.0	91.0	92.0	93.0	94.0	95.0	96.0	97.0	98.0	99.0	100.0	101.0	102.0	103.0	104.0	105.0	106.0	107.0	108.0	109.0	110.0	111.0	112.0	113.0	114.0	115.0	116.0	117.0	118.0	119.0	120.0	121.0	122.0	123.0	124.0	125.0	126.0	127.0	128.0	129.0	130.0	131.0	132.0	133.0	134.0	135.0	136.0	137.0	138.0	139.0	140.0	141.0	142.0	143.0	144.0	145.0	146.0	147.0	148.0	149.0	149.0	150.0	151.0	152.0	153.0	154.0	155.0	156.0	157.0	158.0	159.0	160.0	161.0	162.0	163.0	164.0	165.0	166.0	167.0	168.0	169.0	170.0	171.0	172.0	173.0	174.0	175.0	176.0	177.0	178.0	179.0	180.0	181.0	182.0	183.0	184.0	185.0	186.0	187.0	188.0	189.0	190.0	191.0	192.0	193.0	194.0	195.0	196.0	197.0	198.0	199.0	200.0	201.0	202.0	203.0	204.0	205.0	206.0	207.0	208.0	209.0	210.0	211.0	212.0	213.0	214.0	215.0	216.0	217.0	218.0	219.0	220.0	221.0	222.0	223.0	224.0	225.0	226.0	227.0	228.0	229.0	230.0	231.0	232.0	233.0	234.0	235.0	236.0	237.0	238.0	239.0	240.0	241.0	242.0	243.0	244.0	245.0	246.0	247.0	248.0	249.0	250.0	251.0	252.0	253.0	254.0	255.0	256.0	257.0	258.0	259.0	260.0	261.0	262.0	263.0	264.0	265.0	266.0	267.0	268.0	269.0	270.0	271.0	272.0	273.0	274.0	275.0	276.0	277.0	278.0	279.0	280.0	281.0	282.0	283.0	284.0	285.0	286.0	287.0	288.0	289.0	290.0	291.0	292.0	293.0	294.0	295.0	296.0	297.0	298.0	298.0	299.0	300.0	301.0
3023.9095682465063
