3385.6512883546575	2000.0	2000.0	490.2406352991442	0	0.0	3385.6512883546575	1	0	1.0	-3.1744618746643223
4046.889996879869	3000.0	2338.761291474789	0.0	0	0.0	3385.6512883546575	1	0	1.0	1.6341278721369763
4946.83307173746	3000.0	2438.8182166171973	0.0	0	0.0	3385.651288354657	1	0	1.0	2.039592980245141
5852.493112536021	3000.0	2533.1581758186358	0.0	0	0.0	3385.6512883546557	1	0	1.0	2.0395929802451414
6808.387816738021	3000.0	2577.2634716166353	0.0	0	0.0	3385.651288354655	1	0	1.0	2.0395929802451414
7489.271360526203	3000.0	2896.379927828453	0.0	0	0.0	3385.6512883546557	1	0	1.0	2.0395929802451414
8453.669684599956	3000.0	2931.9816037547	0.0	0	0.0	3385.6512883546548	1	0	1.0	2.0395929802451414
9228.500708370391	3000.0	3157.1505799842644	0.0	0	0.0	3385.6512883546548	1	0	1.0	2.039592980245142
10306.212087576152	3000.0	3079.4392007785036	0.0	0	0.0	3385.651288354654	1	0	1.0	2.039592980245142
11226.391343712916	3000.0	3159.2599446417403	0.0	0	0.0	3385.651288354654	1	0	1.0	2.039592980245142
12408.359025436232	3000.0	2977.292262918426	0.0	0	0.0	3385.6512883546548	1	0	1.0	2.0395929802451414
13491.00340173194	3000.0	2894.647886622719	0.0	0	0.0	3385.6512883546548	1	0	1.0	2.0395929802451414
14368.350342722777	3000.0	3017.3009456318837	0.0	0	0.0	3385.6512883546548	1	0	1.0	2.0395929802451414
15200.0	3000.0	3185.65128835466	0.0	0	130.80566008277674	3385.6512883546548	1	0	1.0	2.0395929802451414
16409.086126237387	3000.0	2976.565162117272	0.0	0	0.0	3385.6512883546566	1	0	1.0	2.039592980245141
17306.993281942177	3000.0	3078.6580064124837	0.0	0	0.0	3385.65128835466	1	0	1.0	2.03959298024514
18338.895187990314	3000.0	3046.756100364344	0.0	0	0.0	3385.6512883546566	1	0	1.0	2.039592980245141
19200.0	3000.0	3185.6512883546575	0.0	0	139.40088485962406	3385.6512883546548	1	0	1.0	2.039592980245141
20200.0	3000.0	3185.651288354659	0.0	0	282.9984788249931	3385.6512883546566	1	0	1.0	2.0395929802451414
21349.77079943134	3000.0	3035.8804889233197	0.0	0	0.0	3385.651288354653	1	0	1.0	2.0395929802451422
22339.360198678314	3000.0	3046.2910896763465	0.0	0	0.0	3385.651288354653	1	0	1.0	2.0395929802451422
23262.339944005907	3000.0	3123.311344348752	0.0	0	0.0	3385.651288354653	1	0	1.0	2.0395929802451422
24293.745745856577	3000.0	3091.90554249808	0.0	0	0.0	3385.651288354653	1	0	1.0	2.0395929802451422
25200.0	3000.0	3185.6512883546557	0.0	0	46.09290672735733	3385.6512883546493	1	0	1.0	2.0395929802451427
26200.0	3000.0	3185.6512883546593	0.0	0	303.2342603211364	3385.6512883546493	1	0	1.0	2.0395929802451427
27200.0	3000.0	3185.6512883546598	0.0	0	98.18526271463634	3385.6512883546493	1	0	1.0	2.0395929802451427
28200.0	3000.0	3185.6512883546575	0.0	0	224.57961876782065	3385.6512883546457	1	0	1.0	2.039592980245144
29200.0	3000.0	3185.651288354658	0.0	0	300.205679885039	3385.6512883546457	1	0	1.0	2.039592980245144
30252.61595913191	3000.0	3133.035329222752	0.0	0	0.0	3385.6512883546493	1	0	1.0	2.0395929802451427
31331.757589963745	3000.0	3053.893698390919	0.0	0	0.0	3385.6512883546493	1	0	1.0	2.0395929802451427
32341.944858180395	3000.0	3043.7064301742744	0.0	0	0.0	3385.6512883546493	1	0	1.0	2.0395929802451427
33305.93922516115	3000.0	3079.712063193523	0.0	0	0.0	3385.6512883546566	1	0	1.0	2.039592980245142
34366.75796454984	3000.0	3018.8933238048357	0.0	0	0.0	3385.65128835466	1	0	1.0	2.03959298024514
35262.84069294731	3000.0	3122.810595407373	0.0	0	0.0	3385.651288354671	1	0	1.0	2.0395929802451382
36320.95290780869	3000.0	3064.69838054599	0.0	0	0.0	3385.6512883546675	1	0	1.0	2.0395929802451382
37200.0	3000.0	3185.6512883546884	0.0	0	23.61983536408661	3385.6512883546675	1	0	1.0	2.0395929802451382
38200.0	3000.0	3185.6512883546843	0.0	0	127.51721475914383	3385.6512883546675	1	0	1.0	2.0395929802451382
39200.0	3000.0	3185.651288354688	0.0	0	183.70283336014836	3385.6512883546675	1	0	1.0	2.0395929802451382
40315.252995189585	3000.0	3070.398293165102	0.0	0	0.0	3385.6512883546675	1	0	1.0	2.0395929802451382
41200.0	3000.0	3185.6512883546875	0.0	0	16.92255833470699	3385.6512883546748	1	0	1.0	2.0395929802451365
42200.0	3000.0	3185.651288354688	0.0	0	12.492578810844861	3385.6512883546748	1	0	1.0	2.0395929802451365
43200.0	3000.0	3185.651288354682	0.0	0	302.3813224972546	3385.6512883546748	1	0	1.0	2.0395929802451365
44208.02001568721	3000.0	3177.6312726674755	0.0	0	0.0	3385.6512883546748	1	0	1.0	2.0395929802451365
45200.0	3000.0	3185.6512883546784	0.0	0	64.5841797636167	3385.6512883546675	1	0	1.0	2.0395929802451382
46200.0	3000.0	3185.6512883546743	0.0	0	257.24712212039594	3385.65128835466	1	0	1.0	2.03959298024514
47200.0	3000.0	3185.651288354674	0.0	0	277.3824049325558	3385.65128835466	1	0	1.0	2.03959298024514
48226.95699780451	3000.0	3158.69429055016	0.0	0	0.0	3385.65128835466	1	0	1.0	2.03959298024514
49397.75866008312	3000.0	2987.8926282715456	0.0	0	0.0	3385.65128835466	1	0	1.0	2.03959298024514
50200.0	3000.0	3185.6512883546707	0.0	0	132.57591467922612	3385.65128835466	1	0	1.0	2.03959298024514
51311.23169270927	3000.0	3074.4195956453964	0.0	0	0.0	3385.65128835466	1	0	1.0	2.03959298024514
52200.0	3000.0	3185.651288354672	0.0	0	94.2028811242053	3385.6512883546675	1	0	1.0	2.0395929802451382
53200.0	3000.0	3185.6512883546693	0.0	0	173.21091489920218	3385.65128835466	1	0	1.0	2.03959298024514
54200.0	3000.0	3185.6512883546793	0.0	0	53.49229147400911	3385.65128835466	1	0	1.0	2.03959298024514
55235.55162116691	3000.0	3150.0996671877697	0.0	0	0.0	3385.6512883546675	1	0	1.0	2.0395929802451382
56206.19770025054	3000.0	3179.4535881041375	0.0	0	0.0	3385.6512883546675	1	0	1.0	2.0395929802451382
57200.0	3000.0	3185.6512883546734	0.0	0	299.84163576132414	3385.6512883546675	1	0	1.0	2.0395929802451382
58200.0	3000.0	3185.6512883546766	0.0	0	183.86820368305052	3385.6512883546675	1	0	1.0	2.0395929802451382
59258.787138547785	3000.0	3126.8641498068946	0.0	0	0.0	3385.6512883546675	1	0	1.0	2.0395929802451382
60380.83107529735	3000.0	3004.8202130573313	0.0	0	0.0	3385.6512883546675	1	0	1.0	2.0395929802451382
61200.0	3000.0	3185.6512883546825	0.0	0	148.66084145461355	3385.6512883546675	1	0	1.0	2.0395929802451382
62200.0	3000.0	3185.6512883546734	0.0	0	336.73188246499194	3385.6512883546675	1	0	1.0	2.0395929802451382
63294.481527849115	3000.0	3091.16976050556	0.0	0	0.0	3385.6512883546675	1	0	1.0	2.0395929802451382
64200.0	3000.0	3185.651288354677	0.0	0	189.2573540601079	3385.6512883546675	1	0	1.0	2.0395929802451382
65200.0	3000.0	3185.6512883546798	0.0	0	145.48710269573348	3385.65128835466	1	0	1.0	2.03959298024514
66200.0	3000.0	3185.6512883546884	0.0	0	393.8364909717784	3385.65128835466	1	0	1.0	2.0395929802451405
67200.0	3000.0	3185.651288354682	0.0	0	244.3283170251234	3385.651288354653	1	0	1.0	2.039592980245142
68200.0	3000.0	3185.6512883546798	0.0	0	287.4417677210877	3385.651288354653	1	0	1.0	2.0395929802451427
69200.0	3000.0	3185.6512883546757	0.0	0	221.97313529843814	3385.651288354653	1	0	1.0	2.0395929802451422
70291.3537742668	3000.0	3094.2975140878752	0.0	0	0.0	3385.6512883546675	1	0	1.0	2.0395929802451382
71403.74958168017	3000.0	2981.9017066744905	0.0	0	0.0	3385.6512883546675	1	0	1.0	2.0395929802451382
72507.45950876245	3000.0	2878.1917795922304	0.0	0	0.0	3385.6512883546675	1	0	1.0	2.0395929802451382
73446.68819792359	3000.0	2938.96309043109	0.0	0	0.0	3385.6512883546675	1	0	1.0	2.0395929802451382
74522.50787223538	3000.0	2863.1434161193056	0.0	0	0.0	3385.6512883546675	1	0	1.0	2.0395929802451382
75200.0	3000.0	3185.6512883546966	0.0	0	16.088521062687505	3385.6512883546675	1	0	1.0	2.0395929802451382
76200.0	3000.0	3185.6512883546966	0.0	0	14.947418196155922	3385.651288354653	1	0	1.0	2.0395929802451422
77200.0	3000.0	3185.6512883547007	0.0	0	294.84376692428486	3385.651288354653	1	0	1.0	2.0395929802451422
78200.0	3000.0	3185.6512883547	0.0	0	309.28440290284925	3385.651288354653	1	0	1.0	2.0395929802451422
79200.0	3000.0	3185.6512883547002	0.0	0	286.1145822140097	3385.6512883546675	1	0	1.0	2.0395929802451382
80200.0	3000.0	3185.6512883546957	0.0	0	78.13625066856912	3385.6512883546675	1	0	1.0	2.0395929802451382
81200.0	3000.0	3185.6512883547102	0.0	0	274.34251549333567	3385.651288354682	1	0	1.0	2.0395929802451347
82292.96717485957	3000.0	3092.6841134951483	0.0	0	0.0	3385.651288354682	1	0	1.0	2.0395929802451347
83200.0	3000.0	3185.6512883547225	0.0	0	181.2103660729772	3385.6512883546675	1	0	1.0	2.0395929802451382
84200.0	3000.0	3185.651288354734	0.0	0	108.11450903702644	3385.6512883546675	1	0	1.0	2.0395929802451382
85200.0	3000.0	3185.651288354749	0.0	0	144.65133574136416	3385.6512883546675	1	0	1.0	2.0395929802451382
86200.0	3000.0	3185.6512883547493	0.0	0	299.21388789716	3385.6512883546675	1	0	1.0	2.0395929802451382
87298.2051200403	3000.0	3087.44616831445	0.0	0	0.0	3385.651288354653	1	0	1.0	2.0395929802451422
88200.0	3000.0	3185.651288354738	0.0	0	137.0264582968084	3385.651288354653	1	0	1.0	2.0395929802451422
89200.0	3000.0	3185.651288354749	0.0	0	35.21566154049651	3385.6512883546675	1	0	1.0	2.0395929802451382
90200.0	3000.0	3185.651288354746	0.0	0	382.24402110342635	3385.6512883546675	1	0	1.0	2.0395929802451382
91200.0	3000.0	3185.651288354757	0.0	0	22.31547486037016	3385.651288354682	1	0	1.0	2.0395929802451347
92200.0	3000.0	3185.65128835477	0.0	0	319.6885248270264	3385.651288354682	1	0	1.0	2.0395929802451347
93200.0	3000.0	3185.651288354762	0.0	0	90.65523199092422	3385.651288354682	1	0	1.0	2.0395929802451347
94245.13950180345	3000.0	3140.5117865513002	0.0	0	0.0	3385.651288354682	1	0	1.0	2.0395929802451347
95200.0	3000.0	3185.6512883547534	0.0	0	315.58403903990984	3385.6512883546675	1	0	1.0	2.0395929802451382
96200.0	3000.0	3185.651288354744	0.0	0	2.525201231590472	3385.651288354653	1	0	1.0	2.0395929802451422
97200.0	3000.0	3185.651288354729	0.0	0	69.4655349303066	3385.651288354653	1	0	1.0	2.0395929802451422
98244.8983641773	3000.0	3140.7529241774278	0.0	0	0.0	3385.651288354653	1	0	1.0	2.0395929802451422
99200.0	3000.0	3185.6512883547116	0.0	0	330.3921512184752	3385.651288354653	1	0	1.0	2.0395929802451422
101303.63450354931	6000.0	2082.0167848053834	0.0	0	0.0	3385.651288354653	1	0	1.0	2.0395929802451422
101994.73258498602	3000.0	2390.918703368667	0.0	0	0.0	3385.651288354653	1	0	1.0	1.346445799685197
103027.37059784342	3000.0	2358.280690511267	0.0	0	0.0	3385.6512883546384	1	0	1.0	2.039592980245146
103705.52737448833	3000.0	2680.1239138663377	0.0	0	0.0	3385.651288354624	1	0	1.0	2.03959298024515
104534.73215688184	3000.0	2850.919131472824	0.0	0	0.0	3385.6512883546093	1	0	1.0	2.0395929802451533
105466.95562565379	3000.0	2918.6956627008703	0.0	0	0.0	3385.6512883546093	1	0	1.0	2.0395929802451533
106496.66402401551	3000.0	2888.9872643391427	0.0	0	0.0	3385.6512883546093	1	0	1.0	2.0395929802451533
107200.0	3000.0	3185.65128835467	0.0	0	77.18182331077696	3385.651288354624	1	0	1.0	2.03959298024515
108200.0	3000.0	3185.6512883546593	0.0	0	271.09200811135815	3385.651288354624	1	0	1.0	2.03959298024515
109200.0	3000.0	3185.651288354667	0.0	0	162.2307246033597	3385.651288354624	1	0	1.0	2.03959298024515
110200.0	3000.0	3185.651288354684	0.0	0	247.74398148538603	3385.651288354624	1	0	1.0	2.03959298024515
111200.0	3000.0	3185.6512883546834	0.0	0	103.2910071858787	3385.6512883546093	1	0	1.0	2.0395929802451533
112640.13757973621	6000.0	2745.513708618466	0.0	0	0.0	3385.6512883546093	1	0	1.0	2.0395929802451533
113704.6051098232	6000.0	2681.046178531496	0.0	0	0.0	3385.6512883546093	1	0	1.0	2.7327401608050983
115333.33490977842	6000.0	2052.316378576282	0.0	0	0.0	3385.6512883546093	1	0	1.0	2.7327401608050983
116052.58190921952	3000.0	2333.0693791351828	0.0	0	0.0	3385.6512883545947	1	0	1.0	1.346445799685212
116959.80122805135	3000.0	2425.8500603033367	0.0	0	0.0	3385.6512883545947	1	0	1.0	2.039592980245157
117788.67992381101	3000.0	2596.9713645436677	0.0	0	0.0	3385.6512883545947	1	0	1.0	2.039592980245157
118678.19424675734	3000.0	2707.4570415973376	0.0	0	0.0	3385.6512883545947	1	0	1.0	2.039592980245157
119291.5509625633	3000.0	3094.100325791391	0.0	0	0.0	3385.6512883545947	1	0	1.0	2.039592980245157
120200.0	3000.0	3185.651288354701	0.0	0	335.4120050196361	3385.6512883546093	1	0	1.0	2.0395929802451533
121215.89775123599	3000.0	3169.7535371187028	0.0	0	0.0	3385.6512883546093	1	0	1.0	2.0395929802451533
122209.27556443147	3000.0	3176.3757239231973	0.0	0	0.0	3385.6512883545947	1	0	1.0	2.039592980245157
123200.0	3000.0	3185.651288354663	0.0	0	57.75352297836798	3385.6512883545947	1	0	1.0	2.039592980245157
124257.79510209127	3000.0	3127.8561862633837	0.0	0	0.0	3385.6512883545947	1	0	1.0	2.039592980245157
125200.0	3000.0	3185.651288354638	0.0	0	63.597756012983155	3385.6512883545947	1	0	1.0	2.039592980245157
126200.0	3000.0	3185.651288354645	0.0	0	28.69944061273418	3385.6512883545947	1	0	1.0	2.039592980245157
127928.23434761033	6000.0	2457.4169407443146	0.0	0	0.0	3385.6512883545947	1	0	1.0	2.039592980245157
128812.4938521249	3000.0	2573.1574362297442	0.0	0	0.0	3385.6512883545947	1	0	1.0	1.346445799685212
129869.95474897075	3000.0	2515.6965393838846	0.0	0	0.0	3385.65128835458	1	0	1.0	2.0395929802451604
131029.66095307245	3000.0	2355.990335282186	0.0	0	0.0	3385.6512883545656	1	0	1.0	2.0395929802451644
132100.18423361192	3000.0	2285.467054742737	0.0	0	0.0	3385.65128835458	1	0	1.0	2.039592980245165
132844.91063010035	3000.0	2540.7406582542985	0.0	0	0.0	3385.6512883545656	1	0	1.0	2.0395929802451636
133784.2404666345	3000.0	2601.4108217201237	0.0	0	0.0	3385.651288354551	1	0	1.0	2.0395929802451658
134623.16414330422	3000.0	2762.4871450504334	0.0	0	0.0	3385.6512883545656	1	0	1.0	2.039592980245165
136109.14699880316	3000.0	2276.50428955147	0.0	0	0.0	3385.6512883545656	1	0	1.0	2.0395929802451644
136940.62815037588	3000.0	2445.023137978762	0.0	0	0.0	3385.6512883545656	1	0	1.0	2.0395929802451644
137942.82015026629	3000.0	2442.831138088357	0.0	0	0.0	3385.6512883545947	1	0	1.0	2.039592980245157
138750.52239056138	3000.0	2635.1288977932654	0.0	0	0.0	3385.6512883545947	1	0	1.0	2.039592980245157
139805.493945657	3000.0	2580.157342697635	0.0	0	0.0	3385.6512883545947	1	0	1.0	2.039592980245157
140550.761242072	3000.0	2834.8900462826596	0.0	0	0.0	3385.6512883545947	1	0	1.0	2.039592980245157
142676.51927533466	6000.0	1709.132013020005	0.0	0	0.0	3385.6512883545947	1	0	1.0	2.039592980245157
143474.07742918417	3000.0	1911.573859170501	0.0	0	0.0	3385.6512883545947	1	0	1.0	1.346445799685212
144157.59359858136	3000.0	2228.0576897733026	0.0	0	0.0	3385.6512883545947	1	0	1.0	2.039592980245157
144948.33049518673	3000.0	2437.320793167926	0.0	0	0.0	3385.6512883545947	1	0	1.0	2.039592980245157
145845.52973748572	3000.0	2540.121550868944	0.0	0	0.0	3385.6512883545947	1	0	1.0	2.039592980245157
146582.08061772006	3000.0	2803.570670634553	0.0	0	0.0	3385.6512883545656	1	0	1.0	2.0395929802451644
147368.34653887973	3000.0	3017.3047494748507	0.0	0	0.0	3385.6512883545656	1	0	1.0	2.0395929802451644
148200.0	3000.0	3185.651288354575	0.0	0	70.53486297928612	3385.6512883545656	1	0	1.0	2.0395929802451644
149200.0	3000.0	3185.6512883545674	0.0	0	384.90501775965095	3385.6512883545656	1	0	1.0	2.0395929802451644
150200.0	3000.0	3185.6512883545224	0.0	0	417.91298347507836	3385.6512883545656	1	0	1.0	2.0395929802451644
151200.0	3000.0	3185.6512883545192	0.0	0	165.0246335461852	3385.6512883545365	1	0	1.0	2.039592980245172
152200.0	3000.0	3185.651288354508	0.0	0	155.16410302123404	3385.6512883545365	1	0	1.0	2.039592980245172
153200.0	3000.0	3185.651288354516	0.0	0	297.0929619949893	3385.6512883545365	1	0	1.0	2.039592980245172
154353.40378004237	3000.0	3032.2475083121267	0.0	0	0.0	3385.6512883545365	1	0	1.0	2.039592980245172
155200.0	3000.0	3185.6512883544983	0.0	0	39.5651372934808	3385.6512883545365	1	0	1.0	2.039592980245172
156200.0	3000.0	3185.651288354529	0.0	0	271.4478534144	3385.6512883545365	1	0	1.0	2.039592980245172
157202.33250681718	3000.0	3183.318781537346	0.0	0	0.0	3385.6512883545365	1	0	1.0	2.039592980245172
158200.0	3000.0	3185.6512883545474	0.0	0	43.35234778703307	3385.6512883545365	1	0	1.0	2.039592980245172
159213.20166991086	3000.0	3172.4496184436753	0.0	0	0.0	3385.6512883545074	1	0	1.0	2.039592980245179
160450.16230650086	3000.0	2935.488981853671	0.0	0	0.0	3385.6512883545074	1	0	1.0	2.039592980245179
161228.43805818833	3000.0	3157.2132301662364	0.0	0	0.0	3385.6512883545074	1	0	1.0	2.039592980245179
162276.30385101095	3000.0	3109.347437343652	0.0	0	0.0	3385.6512883545365	1	0	1.0	2.0395929802451733
163200.0	3000.0	3185.6512883545743	0.0	0	187.135542056727	3385.6512883545365	1	0	1.0	2.039592980245172
164394.61734609492	3000.0	2991.0339422596653	0.0	0	0.0	3385.6512883545365	1	0	1.0	2.039592980245172
165580.2140593611	3000.0	2805.4372289934686	0.0	0	0.0	3385.6512883545365	1	0	1.0	2.039592980245172
166354.24847338302	3000.0	3031.402814971553	0.0	0	0.0	3385.6512883545656	1	0	1.0	2.0395929802451644
167370.6139854001	3000.0	3015.0373029545	0.0	0	0.0	3385.6512883545947	1	0	1.0	2.039592980245157
168200.0	3000.0	3185.6512883545915	0.0	0	56.297482391877566	3385.651288354624	1	0	1.0	2.039592980245151
169345.49944432869	3000.0	3040.15184402589	0.0	0	0.0	3385.651288354624	1	0	1.0	2.03959298024515
170303.35741260496	3000.0	3082.2938757496313	0.0	0	0.0	3385.651288354624	1	0	1.0	2.03959298024515
171331.88226092537	3000.0	3053.769027429231	0.0	0	0.0	3385.651288354624	1	0	1.0	2.03959298024515
172200.0	3000.0	3185.6512883545984	0.0	0	77.88410474261036	3385.6512883545947	1	0	1.0	2.0395929802451556
173200.0	3000.0	3185.651288354609	0.0	0	146.73324236570625	3385.651288354624	1	0	1.0	2.0395929802451525
174200.0	3000.0	3185.651288354633	0.0	0	217.76362167767365	3385.651288354624	1	0	1.0	2.03959298024515
175200.0	3000.0	3185.6512883546607	0.0	0	222.0762233803107	3385.651288354624	1	0	1.0	2.03959298024515
176200.0	3000.0	3185.6512883546256	0.0	0	347.24683512578486	3385.651288354624	1	0	1.0	2.03959298024515
177200.0	3000.0	3185.651288354606	0.0	0	350.34067395640886	3385.651288354624	1	0	1.0	2.03959298024515
178200.0	3000.0	3185.651288354611	0.0	0	70.07428749385872	3385.651288354653	1	0	1.0	2.0395929802451422
179200.0	3000.0	3185.651288354609	0.0	0	54.51229671743931	3385.651288354653	1	0	1.0	2.0395929802451422
180200.0	3000.0	3185.6512883545943	0.0	0	20.27789920847863	3385.651288354653	1	0	1.0	2.0395929802451422
181200.0	3000.0	3185.651288354592	0.0	0	322.9622800931975	3385.651288354653	1	0	1.0	2.0395929802451422
182231.19773951432	3000.0	3154.4535488402735	0.0	0	0.0	3385.651288354653	1	0	1.0	2.0395929802451422
183200.0	3000.0	3185.651288354623	0.0	0	273.66217605787097	3385.651288354653	1	0	1.0	2.0395929802451422
184200.0	3000.0	3185.651288354618	0.0	0	28.672748303273693	3385.651288354653	1	0	1.0	2.0395929802451422
185200.0	3000.0	3185.651288354591	0.0	0	66.47813359828433	3385.651288354624	1	0	1.0	2.03959298024515
186200.0	3000.0	3185.651288354588	0.0	0	210.85122041028808	3385.651288354624	1	0	1.0	2.03959298024515
187200.0	3000.0	3185.6512883545784	0.0	0	324.024468319054	3385.651288354624	1	0	1.0	2.03959298024515
188200.0	3000.0	3185.6512883545793	0.0	0	87.79397577961208	3385.651288354624	1	0	1.0	2.03959298024515
189200.0	3000.0	3185.651288354603	0.0	0	117.42081767623313	3385.651288354624	1	0	1.0	2.03959298024515
190200.0	3000.0	3185.651288354604	0.0	0	359.66759277455276	3385.651288354624	1	0	1.0	2.03959298024515
191200.0	3000.0	3185.651288354606	0.0	0	157.10980554210255	3385.6512883545947	1	0	1.0	2.039592980245157
192200.0	3000.0	3185.6512883546266	0.0	0	288.63789794474724	3385.6512883545947	1	0	1.0	2.039592980245157
193200.0	3000.0	3185.651288354599	0.0	0	214.16172628401546	3385.6512883545947	1	0	1.0	2.039592980245157
194200.0	3000.0	3185.651288354595	0.0	0	284.7348446780816	3385.6512883545947	1	0	1.0	2.039592980245157
195287.43358312955	3000.0	3098.217705225029	0.0	0	0.0	3385.6512883545656	1	0	1.0	2.0395929802451627
196255.4317904558	3000.0	3130.219497898796	0.0	0	0.0	3385.6512883545656	1	0	1.0	2.0395929802451644
197443.11554284065	3000.0	2942.535745513957	0.0	0	0.0	3385.6512883545947	1	0	1.0	2.039592980245157
198538.09537647536	3000.0	2847.555911879198	0.0	0	0.0	3385.6512883545656	1	0	1.0	2.0395929802451644
199312.54496864992	3000.0	3073.106319704649	0.0	0	0.0	3385.6512883545365	1	0	1.0	2.039592980245172
200200.0	3000.0	3185.6512883545793	0.0	0	173.27822041118634	3385.6512883545365	1	0	1.0	2.03959298024517
201200.0	3000.0	3185.651288354549	0.0	0	77.46013906013104	3385.6512883545365	1	0	1.0	2.039592980245172
202200.0	3000.0	3185.6512883545647	0.0	0	4.357328551239334	3385.6512883545365	1	0	1.0	2.039592980245172
203200.0	3000.0	3185.651288354578	0.0	0	167.21426536064246	3385.6512883545365	1	0	1.0	2.0395929802451747
204352.46057978642	3000.0	3033.19070856817	0.0	0	0.0	3385.6512883545656	1	0	1.0	2.0395929802451644
205200.0	3000.0	3185.651288354582	0.0	0	47.08451691674418	3385.6512883545365	1	0	1.0	2.039592980245172
206307.38938068625	3000.0	3078.2619076682945	0.0	0	0.0	3385.6512883545365	1	0	1.0	2.039592980245172
207200.0	3000.0	3185.6512883545283	0.0	0	149.75797303693253	3385.6512883545656	1	0	1.0	2.0395929802451658
208219.35594824987	3000.0	3166.29534010465	0.0	0	0.0	3385.6512883545656	1	0	1.0	2.0395929802451644
209318.9673944714	3000.0	3066.683893883129	0.0	0	0.0	3385.6512883545656	1	0	1.0	2.0395929802451644
210200.0	3000.0	3185.6512883545142	0.0	0	252.42928481905255	3385.6512883545365	1	0	1.0	2.039592980245172
211200.0	3000.0	3185.651288354508	0.0	0	219.8133298367611	3385.6512883545074	1	0	1.0	2.0395929802451764
212200.0	3000.0	3185.651288354477	0.0	0	327.3136224402697	3385.6512883544783	1	0	1.0	2.0395929802451866
213312.40304835848	3000.0	3073.248239996007	0.0	0	0.0	3385.6512883545074	1	0	1.0	2.039592980245179
214390.05758569515	3000.0	2995.593702659318	0.0	0	0.0	3385.6512883545074	1	0	1.0	2.039592980245179
215272.7986822339	3000.0	3112.8526061206117	0.0	0	0.0	3385.6512883545365	1	0	1.0	2.039592980245172
216200.0	3000.0	3185.651288354521	0.0	0	86.6936810046609	3385.6512883545365	1	0	1.0	2.039592980245172
217200.0	3000.0	3185.651288354546	0.0	0	100.02394743583864	3385.6512883545656	1	0	1.0	2.039592980245167
218200.0	3000.0	3185.6512883545365	0.0	0	62.84048170564347	3385.6512883545947	1	0	1.0	2.039592980245157
219200.0	3000.0	3185.651288354546	0.0	0	251.31838326199795	3385.6512883545947	1	0	1.0	2.039592980245157
220354.1094417243	3000.0	3031.5418466302617	0.0	0	0.0	3385.651288354624	1	0	1.0	2.03959298024515
221424.87039571747	3000.0	2960.7808926370694	0.0	0	0.0	3385.651288354624	1	0	1.0	2.03959298024515
222221.90177723963	3000.0	3163.7495111148824	0.0	0	0.0	3385.6512883545947	1	0	1.0	2.039592980245157
223200.0	3000.0	3185.651288354549	0.0	0	2.2886189112323336	3385.6512883545947	1	0	1.0	2.039592980245157
224200.0	3000.0	3185.6512883545433	0.0	0	328.4926584501227	3385.6512883545947	1	0	1.0	2.039592980245157
225200.0	3000.0	3185.651288354551	0.0	0	136.9290269241319	3385.6512883545656	1	0	1.0	2.0395929802451613
226200.0	3000.0	3185.651288354537	0.0	0	278.15971901404555	3385.6512883545365	1	0	1.0	2.039592980245172
227200.0	3000.0	3185.6512883545574	0.0	0	352.1318130432628	3385.6512883545365	1	0	1.0	2.039592980245172
228260.3270896348	3000.0	3125.3241987197284	0.0	0	0.0	3385.6512883545074	1	0	1.0	2.0395929802451778
229200.0	3000.0	3185.651288354537	0.0	0	198.44163827848388	3385.6512883545074	1	0	1.0	2.039592980245179
230307.9619726773	3000.0	3077.689315677234	0.0	0	0.0	3385.6512883545074	1	0	1.0	2.039592980245179
231273.69616607137	3000.0	3111.9551222831333	0.0	0	0.0	3385.651288354449	1	0	1.0	2.0395929802451924
232414.4461835363	3000.0	2971.20510481821	0.0	0	0.0	3385.651288354449	1	0	1.0	2.0395929802451938
233388.57946044736	3000.0	2997.07182790713	0.0	0	0.0	3385.651288354449	1	0	1.0	2.0395929802451938
234442.67159901364	3000.0	2942.9796893408593	0.0	0	0.0	3385.65128835442	1	0	1.0	2.0395929802452013
235213.16028208527	3000.0	3172.491006269263	0.0	0	0.0	3385.65128835442	1	0	1.0	2.0395929802452013
236200.0	3000.0	3185.651288354491	0.0	0	334.15707398345694	3385.65128835442	1	0	1.0	2.0395929802452013
237200.0	3000.0	3185.651288354483	0.0	0	25.100981421215693	3385.651288354391	1	0	1.0	2.039592980245207
238200.0	3000.0	3185.6512883544938	0.0	0	381.7133574479667	3385.651288354391	1	0	1.0	2.039592980245209
239200.0	3000.0	3185.6512883544633	0.0	0	98.5668078714807	3385.651288354362	1	0	1.0	2.0395929802452133
240200.0	3000.0	3185.6512883544633	0.0	0	266.86903259155224	3385.651288354362	1	0	1.0	2.0395929802452164
241200.0	3000.0	3185.6512883544947	0.0	0	85.9931072727777	3385.651288354362	1	0	1.0	2.0395929802452164
242210.27912694032	3000.0	3175.3721614141436	0.0	0	0.0	3385.651288354362	1	0	1.0	2.0395929802452164
243287.52520513575	3000.0	3098.1260832187018	0.0	0	0.0	3385.651288354362	1	0	1.0	2.0395929802452164
244200.0	3000.0	3185.6512883544424	0.0	0	43.94130919515737	3385.651288354362	1	0	1.0	2.0395929802452164
245200.0	3000.0	3185.651288354422	0.0	0	231.81485990076908	3385.651288354391	1	0	1.0	2.039592980245209
246204.10007673726	3000.0	3181.55121161715	0.0	0	0.0	3385.651288354362	1	0	1.0	2.0395929802452164
247200.0	3000.0	3185.6512883544237	0.0	0	306.137098163832	3385.651288354391	1	0	1.0	2.039592980245209
248200.0	3000.0	3185.651288354427	0.0	0	191.92277863027994	3385.65128835442	1	0	1.0	2.0395929802452044
250228.06546248324	6000.0	2157.5858258712124	0.0	0	0.0	3385.651288354449	1	0	1.0	2.0395929802451938
250791.76968336443	3000.0	2593.881604990018	0.0	0	0.0	3385.6512883544783	1	0	1.0	1.3464457996852415
251852.42062842983	3000.0	2533.2306599246162	0.0	0	0.0	3385.6512883544783	1	0	1.0	2.0395929802451866
252625.57685996883	3000.0	2760.074428385577	0.0	0	0.0	3385.651288354449	1	0	1.0	2.0395929802451938
253663.73601096074	3000.0	2721.9152773936466	0.0	0	0.0	3385.651288354449	1	0	1.0	2.0395929802451938
255078.08496216027	3000.0	2307.566326194092	0.0	0	0.0	3385.651288354449	1	0	1.0	2.0395929802451938
256088.45339048852	3000.0	2297.19789786587	0.0	0	0.0	3385.651288354449	1	0	1.0	2.0395929802451938
257057.88660690477	3000.0	2327.764681449591	0.0	0	0.0	3385.651288354449	1	0	1.0	2.0395929802451938
258039.5483782823	3000.0	2346.1029100720307	0.0	0	0.0	3385.651288354449	1	0	1.0	2.0395929802451938
258971.77046114253	3000.0	2413.8808272117835	0.0	0	0.0	3385.651288354449	1	0	1.0	2.0395929802451938
259854.19118779773	3000.0	2531.460100556572	0.0	0	0.0	3385.651288354449	1	0	1.0	2.039592980245198
260633.07290420058	3000.0	2752.5783841536836	0.0	0	0.0	3385.651288354449	1	0	1.0	2.0395929802451938
261663.79891852822	6000.0	2721.8523698260533	0.0	0	0.0	3385.651288354449	1	0	1.0	2.0395929802451938
262844.54369886016	6000.0	2541.1075894940564	0.0	0	0.0	3385.651288354333	1	0	1.0	2.7327401608051574
264303.78045295476	6000.0	2081.870835399452	0.0	0	0.0	3385.6512883543037	1	0	1.0	2.732740160805173
265131.6831216699	3000.0	2253.968166684252	0.0	0	0.0	3385.6512883542455	1	0	1.0	1.3464457996852948
265878.83624787745	3000.0	2506.8150404767316	0.0	0	0.0	3385.6512883542455	1	0	1.0	2.0395929802452457
267062.8454869213	3000.0	2322.805801432861	0.0	0	0.0	3385.6512883542455	1	0	1.0	2.0395929802452457
267912.909354646	3000.0	2472.741933708172	0.0	0	0.0	3385.6512883542455	1	0	1.0	2.0395929802452457
268931.7036843142	3000.0	2453.947604039965	0.0	0	0.0	3385.6512883543037	1	0	1.0	2.0395929802452395
269733.37741338176	3000.0	2652.2738749723585	0.0	0	0.0	3385.6512883543037	1	0	1.0	2.039592980245231
270601.23129414546	3000.0	2784.4199942086693	0.0	0	0.0	3385.6512883542455	1	0	1.0	2.0395929802452457
271518.47670284193	3000.0	2867.174585512204	0.0	0	0.0	3385.6512883542455	1	0	1.0	2.0395929802452457
272324.2550864074	3000.0	3061.396201946688	0.0	0	0.0	3385.6512883542455	1	0	1.0	2.0395929802452457
273200.0	3000.0	3185.6512883540813	0.0	0	107.13862128969049	3385.6512883542455	1	0	1.0	2.0395929802452457
274200.0	3000.0	3185.651288354074	0.0	0	190.34134425019147	3385.6512883541873	1	0	1.0	2.039592980245261
275200.0	3000.0	3185.651288354108	0.0	0	54.16078360279789	3385.6512883541873	1	0	1.0	2.039592980245261
276200.0	3000.0	3185.6512883541327	0.0	0	467.189958477451	3385.6512883541873	1	0	1.0	2.039592980245261
277200.0	3000.0	3185.6512883541563	0.0	0	230.26731721288525	3385.6512883541873	1	0	1.0	2.039592980245261
278200.0	3000.0	3185.6512883541454	0.0	0	404.78510899085086	3385.6512883541873	1	0	1.0	2.039592980245261
279220.76161933463	3000.0	3164.889669019534	0.0	0	0.0	3385.6512883541873	1	0	1.0	2.039592980245261
280200.0	3000.0	3185.6512883541354	0.0	0	203.0225986793521	3385.6512883541873	1	0	1.0	2.039592980245261
281223.5403771134	3000.0	3162.11091124071	0.0	0	0.0	3385.6512883542455	1	0	1.0	2.0395929802452457
282200.0	3000.0	3185.651288354119	0.0	0	88.80129588686395	3385.6512883542455	1	0	1.0	2.0395929802452457
283200.0	3000.0	3185.651288354078	0.0	0	194.36218206357444	3385.651288354129	1	0	1.0	2.0395929802452692
284316.9358284449	3000.0	3068.7154599091737	0.0	0	0.0	3385.651288354071	1	0	1.0	2.03959298024529
285751.77871532954	3000.0	2633.8725730245496	0.0	0	0.0	3385.651288354129	1	0	1.0	2.0395929802452755
286901.906467134	3000.0	2483.7448212200557	0.0	0	0.0	3385.651288354071	1	0	1.0	2.03959298024529
287728.58404592756	3000.0	2657.0672424264703	0.0	0	0.0	3385.6512883540126	1	0	1.0	2.0395929802453048
288673.00359325274	3000.0	2712.647695101312	0.0	0	0.0	3385.6512883540126	1	0	1.0	2.0395929802453048
289548.8451210127	3000.0	2836.8061673413526	0.0	0	0.0	3385.6512883540126	1	0	1.0	2.0395929802453048
290523.67162936094	3000.0	2861.9796589931093	0.0	0	0.0	3385.6512883540126	1	0	1.0	2.0395929802453048
291369.1005195558	3000.0	3016.5507687982563	0.0	0	0.0	3385.6512883540126	1	0	1.0	2.0395929802453048
292560.7061160858	3000.0	2824.945172268236	0.0	0	0.0	3385.6512883540126	1	0	1.0	2.0395929802453048
293200.0	3000.0	3185.6512883540445	0.0	0	34.21138660778524	3385.6512883540126	1	0	1.0	2.0395929802453048
294200.0	3000.0	3185.651288354037	0.0	0	400.7788068524678	3385.651288354071	1	0	1.0	2.03959298024529
295200.0	3000.0	3185.6512883540254	0.0	0	413.7595609756536	3385.6512883540126	1	0	1.0	2.0395929802453048
296200.0	3000.0	3185.6512883540286	0.0	0	91.68743304169038	3385.6512883540126	1	0	1.0	2.0395929802453048
297200.0	3000.0	3185.6512883540554	0.0	0	38.18475740915164	3385.6512883540126	1	0	1.0	2.0395929802453048
298200.0	3000.0	3185.6512883540345	0.0	0	235.32741841080133	3385.6512883540126	1	0	1.0	2.0395929802453048
299404.1608377501	6000.0	2981.4904506039466	0.0	0	0.0	3385.6512883540126	1	0	1.0	2.0395929802453048
300393.39384289965	3000.0	2992.2574454544397	0.0	0	0.0	3385.6512883540126	1	0	1.0	1.3464457996853598
3.6206530612244903	3.38465306122449	3.2086530612244903	3.53465306122449	3.51665306122449	3.3626530612244903	3.37265306122449	3.46865306122449	3.4026530612244903	3.42065306122449	3.33665306122449	3.29465306122449	3.3666530612244903	3.4466530612244903	3.31265306122449	3.3426530612244902	3.34465306122449	3.06065306122449	3.66665306122449	3.6486530612244903	3.54665306122449	3.6166530612244903	3.46865306122449	3.49665306122449	3.6446530612244903	3.46865306122449	3.3706530612244903	3.21065306122449	3.28665306122449	3.73665306122449	3.43265306122449	3.4586530612244903	3.3946530612244903	3.6046530612244903	3.46865306122449	3.32865306122449	3.4026530612244903	3.52865306122449	3.60265306122449	3.7566530612244904	3.53865306122449	3.3986530612244903	3.54065306122449	3.52065306122449	3.42065306122449	3.53465306122449	3.5926530612244902	3.51265306122449	3.65	3.5639999999999996	3.702	3.5719999999999996	3.4979999999999998	3.472	3.7459999999999996	3.772	3.5719999999999996	3.702	3.4859999999999998	3.734	3.6279999999999997	3.598	3.864	3.626	3.9979999999999998	3.674	3.7459999999999996	3.6079999999999997	3.6319999999999997	3.526	3.816	3.722	3.702	3.6319999999999997	3.3979999999999997	3.7199999999999998	3.6359999999999997	3.6839999999999997	3.884	3.6879999999999997	3.57	3.8819999999999997	3.6359999999999997	3.534	3.7399999999999998	3.8619999999999997	3.7319999999999998	3.7359999999999998	3.75	3.598	3.5599999999999996	3.7939999999999996	3.8699999999999997	3.722	3.722	3.92	4.69	2.91	4.34	2.27	4.6	3.57	2.46	3.68	3.58	3.3	4.12	3.31	5.29	4.6	4.3	4.52	3.06	3.76	3.29	3.59	4.2	3.54	4.27	3.97	3.3	3.75	3.63	4.75	4.22	4.0	3.7	3.5	3.46	3.58	4.26	3.73	2.58	2.68	3.29	4.5804285714285715	2.8404285714285717	4.544428571428572	3.7284285714285716	3.212428571428571	3.2724285714285717	4.004428571428571	4.148428571428571	4.496428571428572	3.1044285714285715	3.5244285714285715	4.988428571428572	3.7164285714285716	2.1684285714285716	3.58265306122449	3.6206530612244903	3.38465306122449	3.2086530612244903	3.53465306122449	3.51665306122449	3.3626530612244903	3.37265306122449	3.46865306122449	3.4026530612244903	3.42065306122449	3.33665306122449	3.29465306122449	3.3666530612244903	3.4466530612244903	3.31265306122449	3.3426530612244902	3.34465306122449	3.06065306122449	3.66665306122449	3.6486530612244903	3.54665306122449	3.6166530612244903	3.46865306122449	3.49665306122449	3.6446530612244903	3.46865306122449	3.3706530612244903	3.21065306122449	3.28665306122449	3.73665306122449	3.43265306122449	3.4586530612244903	3.3946530612244903	3.6046530612244903	3.46865306122449	3.32865306122449	3.4026530612244903	3.52865306122449	3.60265306122449	3.7566530612244904	3.53865306122449	3.3986530612244903	3.54065306122449	3.52065306122449	3.42065306122449	3.53465306122449	3.5926530612244902	3.51265306122449	3.65	3.5639999999999996	3.702	3.5719999999999996	3.4979999999999998	3.472	3.7459999999999996	3.772	3.5719999999999996	3.702	3.4859999999999998	3.734	3.6279999999999997	3.598	3.864	3.626	3.9979999999999998	3.674	3.7459999999999996	3.6079999999999997	3.6319999999999997	3.526	3.816	3.722	3.702	3.6319999999999997	3.3979999999999997	3.7199999999999998	3.6359999999999997	3.6839999999999997	3.884	3.6879999999999997	3.57	3.8819999999999997	3.6359999999999997	3.534	3.7399999999999998	3.8619999999999997	3.7319999999999998	3.7359999999999998	3.75	3.598	3.5599999999999996	3.7939999999999996	3.8699999999999997	3.722	3.722	3.92	4.69	2.91	4.34	2.27	4.6	3.57	2.46	3.68	3.58	3.3	4.12	3.31	5.29	4.6	4.3	4.52	3.06	3.76	3.29	3.59	4.2	3.54	4.27	3.97	3.3	3.75	3.63	4.75	4.22	4.0	3.7	3.5	3.46	3.58	4.26	3.73	2.58	2.68	3.29	4.5804285714285715	2.8404285714285717	4.544428571428572	3.7284285714285716	3.212428571428571	3.2724285714285717	4.004428571428571	4.148428571428571	4.496428571428572	3.1044285714285715	3.5244285714285715	4.988428571428572	3.7164285714285716	2.1684285714285716	3.58265306122449	3.6206530612244903	3.38465306122449	3.2086530612244903
1.0	2.0	3.0	4.0	5.0	6.0	7.0	8.0	9.0	10.0	11.0	12.0	13.0	14.0	15.0	16.0	17.0	18.0	19.0	20.0	21.0	22.0	23.0	24.0	25.0	26.0	27.0	28.0	29.0	30.0	31.0	32.0	33.0	34.0	35.0	36.0	37.0	38.0	39.0	40.0	41.0	42.0	43.0	44.0	45.0	46.0	47.0	48.0	49.0	50.0	51.0	52.0	53.0	54.0	55.0	56.0	57.0	58.0	59.0	60.0	61.0	62.0	63.0	64.0	65.0	66.0	67.0	68.0	69.0	70.0	71.0	72.0	73.0	74.0	75.0	76.0	77.0	78.0	79.0	80.0	81.0	82.0	83.0	84.0	85.0	86.0	87.0	88.0	89.0	90.0	91.0	92.0	93.0	94.0	95.0	96.0	97.0	98.0	99.0	100.0	101.0	102.0	103.0	104.0	105.0	106.0	107.0	108.0	109.0	110.0	111.0	112.0	113.0	114.0	115.0	116.0	117.0	118.0	119.0	120.0	121.0	122.0	123.0	124.0	125.0	126.0	127.0	128.0	129.0	130.0	131.0	132.0	133.0	134.0	135.0	136.0	137.0	138.0	139.0	140.0	141.0	142.0	143.0	144.0	145.0	146.0	147.0	148.0	149.0	149.0	150.0	151.0	152.0	153.0	154.0	155.0	156.0	157.0	158.0	159.0	160.0	161.0	162.0	163.0	164.0	165.0	166.0	167.0	168.0	169.0	170.0	171.0	172.0	173.0	174.0	175.0	176.0	177.0	178.0	179.0	180.0	181.0	182.0	183.0	184.0	185.0	186.0	187.0	188.0	189.0	190.0	191.0	192.0	193.0	194.0	195.0	196.0	197.0	198.0	199.0	200.0	201.0	202.0	203.0	204.0	205.0	206.0	207.0	208.0	209.0	210.0	211.0	212.0	213.0	214.0	215.0	216.0	217.0	218.0	219.0	220.0	221.0	222.0	223.0	224.0	225.0	226.0	227.0	228.0	229.0	230.0	231.0	232.0	233.0	234.0	235.0	236.0	237.0	238.0	239.0	240.0	241.0	242.0	243.0	244.0	245.0	246.0	247.0	248.0	249.0	250.0	251.0	252.0	253.0	254.0	255.0	256.0	257.0	258.0	259.0	260.0	261.0	262.0	263.0	264.0	265.0	266.0	267.0	268.0	269.0	270.0	271.0	272.0	273.0	274.0	275.0	276.0	277.0	278.0	279.0	280.0	281.0	282.0	283.0	284.0	285.0	286.0	287.0	288.0	289.0	290.0	291.0	292.0	293.0	294.0	295.0	296.0	297.0	298.0	298.0	299.0	300.0	301.0
2753.29570882001
