3831.628929071438	2000.0	2000.0	309.28796782651534	0	0.0	3831.628929071438	1	0	1.0	-2.2315797375617397
4815.65154562546	6000.0	2015.977383445977	0.0	0	0.0	3831.6289290714376	1	0	1.0	1.4965026693524544
5367.718300479743	6000.0	2463.9106285916937	0.0	0	0.0	3831.6289290714376	1	0	1.0	2.5951149580205644
5899.087846285733	6000.0	2932.5410827857054	0.0	0	0.0	3831.628929071438	1	0	1.0	2.595114958020564
6432.439965401431	6000.0	3399.188963670007	0.0	0	0.0	3831.6289290714385	1	0	1.0	2.5951149580205635
7200.0	6000.0	3631.6289290714376	0.0	0	92.48352301276009	3831.6289290714376	1	0	1.0	2.5951149580205635
8200.0	6000.0	3631.628929071437	0.0	0	521.0352304860144	3831.6289290714376	1	0	1.0	2.595114958020564
9200.0	6000.0	3631.6289290714353	0.0	0	382.2674804425351	3831.628929071436	1	0	1.0	2.595114958020565
10660.665390183103	6000.0	3170.963538888333	0.0	0	0.0	3831.6289290714376	1	0	1.0	2.5951149580205644
11436.609557498492	6000.0	3395.0193715729424	0.0	0	0.0	3831.628929071435	1	0	1.0	2.5951149580205644
12229.713364837637	6000.0	3601.915564233798	0.0	0	0.0	3831.628929071434	1	0	1.0	2.5951149580205657
13379.591259055944	6000.0	3452.0376700154893	0.0	0	0.0	3831.628929071436	1	0	1.0	2.595114958020565
14200.0	6000.0	3631.628929071434	0.0	0	76.03623796563807	3831.628929071436	1	0	1.0	2.595114958020565
15200.0	6000.0	3631.6289290714353	0.0	0	125.1726027520599	3831.628929071436	1	0	1.0	2.595114958020565
16506.1238832244	6000.0	3325.5050458470355	0.0	0	0.0	3831.6289290714376	1	0	1.0	2.5951149580205644
17200.0	6000.0	3631.628929071437	0.0	0	21.644704027301486	3831.6289290714394	1	0	1.0	2.5951149580205635
18200.0	6000.0	3631.628929071435	0.0	0	452.5173374731421	3831.628929071436	1	0	1.0	2.595114958020564
19200.0	6000.0	3631.628929071441	0.0	0	202.83766085645402	3831.628929071443	1	0	1.0	2.595114958020563
20200.0	6000.0	3631.628929071446	0.0	0	294.8517940803322	3831.628929071445	1	0	1.0	2.595114958020562
21200.0	6000.0	3631.6289290714476	0.0	0	198.2045941643264	3831.628929071445	1	0	1.0	2.5951149580205612
22200.0	6000.0	3631.628929071449	0.0	0	192.6237618928426	3831.6289290714412	1	0	1.0	2.595114958020563
23200.0	6000.0	3631.628929071448	0.0	0	338.9726777671458	3831.6289290714412	1	0	1.0	2.595114958020563
24200.0	6000.0	3631.6289290714467	0.0	0	263.84538688760586	3831.6289290714412	1	0	1.0	2.595114958020563
25200.0	6000.0	3631.628929071447	0.0	0	512.1412897447917	3831.6289290714412	1	0	1.0	2.595114958020563
26200.0	6000.0	3631.6289290714444	0.0	0	244.0532938514043	3831.6289290714412	1	0	1.0	2.595114958020563
27200.0	6000.0	3631.6289290714426	0.0	0	241.64510527428138	3831.6289290714412	1	0	1.0	2.595114958020563
28200.0	6000.0	3631.62892907144	0.0	0	309.5655070171415	3831.6289290714412	1	0	1.0	2.595114958020563
29200.0	6000.0	3631.6289290714417	0.0	0	389.37902911632045	3831.6289290714412	1	0	1.0	2.595114958020563
30200.0	6000.0	3631.628929071443	0.0	0	172.7332728018846	3831.6289290714412	1	0	1.0	2.595114958020563
31373.85781449278	6000.0	3457.7711145786648	0.0	0	0.0	3831.6289290714412	1	0	1.0	2.595114958020563
32201.85260729371	6000.0	3629.7763217777374	0.0	0	0.0	3831.6289290714412	1	0	1.0	2.595114958020563
33486.07576198943	6000.0	3345.5531670820205	0.0	0	0.0	3831.628929071445	1	0	1.0	2.595114958020561
34459.925321983144	6000.0	3371.703607088303	0.0	0	0.0	3831.628929071445	1	0	1.0	2.5951149580205617
35215.70088524038	6000.0	3615.928043831068	0.0	0	0.0	3831.6289290714485	1	0	1.0	2.5951149580205612
36200.0	6000.0	3631.628929071447	0.0	0	357.9972072514429	3831.628929071445	1	0	1.0	2.5951149580205604
37200.0	6000.0	3631.6289290714503	0.0	0	466.80200427283125	3831.6289290714412	1	0	1.0	2.595114958020563
38200.0	6000.0	3631.628929071445	0.0	0	209.42404883747076	3831.6289290714412	1	0	1.0	2.595114958020563
39200.0	6000.0	3631.628929071444	0.0	0	121.93395527060784	3831.6289290714412	1	0	1.0	2.595114958020563
40200.0	6000.0	3631.628929071438	0.0	0	105.52931033836649	3831.6289290714412	1	0	1.0	2.595114958020563
41200.0	6000.0	3631.62892907144	0.0	0	8.600224508765677	3831.6289290714412	1	0	1.0	2.595114958020563
42200.0	6000.0	3631.62892907144	0.0	0	394.21541569494	3831.6289290714412	1	0	1.0	2.595114958020563
43200.0	6000.0	3631.6289290714344	0.0	0	497.97167689952767	3831.6289290714485	1	0	1.0	2.5951149580205604
44200.0	6000.0	3631.628929071435	0.0	0	416.64133323738497	3831.628929071456	1	0	1.0	2.5951149580205572
45200.0	6000.0	3631.62892907143	0.0	0	563.5485855950174	3831.628929071456	1	0	1.0	2.5951149580205572
46200.0	6000.0	3631.6289290714303	0.0	0	333.17211533581576	3831.628929071456	1	0	1.0	2.5951149580205572
47200.0	6000.0	3631.628929071424	0.0	0	413.17763769887824	3831.628929071456	1	0	1.0	2.5951149580205572
48933.86009171803	6000.0	2897.768837353395	0.0	0	0.0	3831.628929071456	1	0	1.0	2.5951149580205572
50039.11201739107	6000.0	2792.516911680361	0.0	0	0.0	3831.628929071463	1	0	1.0	2.5951149580205546
50810.779309198864	6000.0	3020.8496198725556	0.0	0	0.0	3831.628929071463	1	0	1.0	2.5951149580205546
51494.94874250603	6000.0	3336.680186565387	0.0	0	0.0	3831.628929071463	1	0	1.0	2.5951149580205546
52200.0	6000.0	3631.628929071413	0.0	0	79.48279052264115	3831.628929071463	1	0	1.0	2.5951149580205546
53200.0	6000.0	3631.628929071414	0.0	0	310.7838082229064	3831.628929071463	1	0	1.0	2.5951149580205546
54264.23348241322	6000.0	3567.3954466581904	0.0	0	0.0	3831.628929071456	1	0	1.0	2.5951149580205572
55200.0	6000.0	3631.628929071405	0.0	0	42.772945318698476	3831.628929071456	1	0	1.0	2.5951149580205572
56240.089583545654	6000.0	3591.539345525749	0.0	0	0.0	3831.6289290714485	1	0	1.0	2.5951149580205604
57544.29579534698	6000.0	3287.333133724427	0.0	0	0.0	3831.6289290714485	1	0	1.0	2.5951149580205604
58200.0	6000.0	3631.628929071409	0.0	0	85.08365236277314	3831.6289290714485	1	0	1.0	2.5951149580205604
59200.0	6000.0	3631.6289290714035	0.0	0	213.98241003807198	3831.6289290714485	1	0	1.0	2.5951149580205604
60200.0	6000.0	3631.6289290714053	0.0	0	144.5231684500759	3831.6289290714485	1	0	1.0	2.5951149580205604
61284.02420533626	6000.0	3547.604723735139	0.0	0	0.0	3831.6289290714485	1	0	1.0	2.5951149580205604
62200.0	6000.0	3631.628929071404	0.0	0	233.47845451953617	3831.6289290714485	1	0	1.0	2.5951149580205604
63200.0	6000.0	3631.628929071407	0.0	0	62.800376788014546	3831.6289290714485	1	0	1.0	2.5951149580205604
64381.57570253428	6000.0	3450.053226537119	0.0	0	0.0	3831.6289290714485	1	0	1.0	2.5951149580205604
65284.04430283384	6000.0	3547.584626237558	0.0	0	0.0	3831.6289290714412	1	0	1.0	2.595114958020563
66452.22556850732	6000.0	3379.4033605640743	0.0	0	0.0	3831.628929071434	1	0	1.0	2.595114958020563
67200.0	6000.0	3631.6289290713917	0.0	0	36.81792548423982	3831.6289290714412	1	0	1.0	2.595114958020565
68200.0	6000.0	3631.6289290713908	0.0	0	307.33246149893967	3831.6289290714485	1	0	1.0	2.5951149580205604
69449.95719308761	6000.0	3381.671735983779	0.0	0	0.0	3831.628929071434	1	0	1.0	2.5951149580205635
70200.0	6000.0	3631.6289290713917	0.0	0	4.0397921247640625	3831.628929071434	1	0	1.0	2.5951149580205657
71200.0	6000.0	3631.628929071388	0.0	0	255.01585981951212	3831.628929071434	1	0	1.0	2.5951149580205657
72200.0	6000.0	3631.6289290713885	0.0	0	479.23301405870006	3831.628929071434	1	0	1.0	2.5951149580205657
73200.0	6000.0	3631.6289290713903	0.0	0	364.1019269196113	3831.628929071434	1	0	1.0	2.5951149580205657
74200.0	6000.0	3631.6289290713917	0.0	0	530.3947709460044	3831.628929071434	1	0	1.0	2.5951149580205657
75200.0	6000.0	3631.6289290713885	0.0	0	488.3147547996923	3831.628929071434	1	0	1.0	2.5951149580205657
76200.0	6000.0	3631.628929071383	0.0	0	284.5238965356257	3831.628929071434	1	0	1.0	2.5951149580205657
77381.07665908673	6000.0	3450.5522699846388	0.0	0	0.0	3831.628929071434	1	0	1.0	2.5951149580205657
78200.0	6000.0	3631.62892907138	0.0	0	9.285236402007286	3831.628929071434	1	0	1.0	2.5951149580205657
79299.74104027795	6000.0	3531.8878887934306	0.0	0	0.0	3831.628929071434	1	0	1.0	2.5951149580205657
80248.73525592302	6000.0	3582.8936731483664	0.0	0	0.0	3831.6289290714194	1	0	1.0	2.5951149580205706
81737.97101690201	6000.0	3093.65791216939	0.0	0	0.0	3831.628929071434	1	0	1.0	2.5951149580205657
82610.80460199343	6000.0	3220.824327077974	0.0	0	0.0	3831.628929071434	1	0	1.0	2.5951149580205657
83251.07050792505	6000.0	3580.558421146345	0.0	0	0.0	3831.628929071434	1	0	1.0	2.5951149580205657
84200.0	6000.0	3631.6289290714008	0.0	0	63.74464844929753	3831.6289290714485	1	0	1.0	2.5951149580205604
85200.0	6000.0	3631.6289290714044	0.0	0	271.9386937390227	3831.6289290714485	1	0	1.0	2.5951149580205604
86200.0	6000.0	3631.6289290714044	0.0	0	383.6543183251342	3831.628929071463	1	0	1.0	2.5951149580205546
87200.0	6000.0	3631.628929071402	0.0	0	396.34785885455494	3831.6289290714776	1	0	1.0	2.5951149580205497
88200.0	6000.0	3631.6289290713926	0.0	0	262.91327525996894	3831.6289290714776	1	0	1.0	2.5951149580205497
89566.27094777096	6000.0	3265.3579813004544	0.0	0	0.0	3831.6289290714776	1	0	1.0	2.5951149580205497
90399.2812885379	6000.0	3432.3476405335227	0.0	0	0.0	3831.6289290714776	1	0	1.0	2.5951149580205497
91373.36133158233	6000.0	3458.267597489098	0.0	0	0.0	3831.628929071463	1	0	1.0	2.5951149580205546
92616.01133142864	6000.0	3215.617597642797	0.0	0	0.0	3831.628929071463	1	0	1.0	2.5951149580205546
93200.0	6000.0	3631.6289290714394	0.0	0	21.923873987834668	3831.6289290714485	1	0	1.0	2.5951149580205604
94209.39730773342	6000.0	3622.231621338017	0.0	0	0.0	3831.628929071463	1	0	1.0	2.5951149580205546
95200.0	6000.0	3631.628929071443	0.0	0	317.4065761235106	3831.628929071463	1	0	1.0	2.5951149580205546
96200.0	6000.0	3631.628929071453	0.0	0	548.0419164965278	3831.628929071463	1	0	1.0	2.5951149580205546
97200.0	6000.0	3631.628929071479	0.0	0	196.75305592517543	3831.6289290714776	1	0	1.0	2.595114958020551
98654.1774008762	6000.0	3177.4515281952763	0.0	0	0.0	3831.6289290714776	1	0	1.0	2.5951149580205497
99538.31816928276	6000.0	3293.3107597887106	0.0	0	0.0	3831.6289290714776	1	0	1.0	2.5951149580205497
100239.85144815876	6000.0	3591.777480912714	0.0	0	0.0	3831.6289290714776	1	0	1.0	2.5951149580205497
101200.0	6000.0	3631.6289290714753	0.0	0	451.6597710454662	3831.6289290714776	1	0	1.0	2.5951149580205497
102200.0	6000.0	3631.6289290714685	0.0	0	384.6227455188491	3831.6289290714776	1	0	1.0	2.5951149580205497
103200.0	6000.0	3631.6289290714676	0.0	0	176.5843243499985	3831.628929071463	1	0	1.0	2.5951149580205546
104200.0	6000.0	3631.6289290714767	0.0	0	165.44433329136518	3831.628929071463	1	0	1.0	2.5951149580205546
105200.0	6000.0	3631.628929071478	0.0	0	165.96171194399358	3831.6289290714776	1	0	1.0	2.5951149580205497
106200.0	6000.0	3631.6289290714644	0.0	0	332.09741140411643	3831.6289290714776	1	0	1.0	2.5951149580205497
107200.0	6000.0	3631.6289290714817	0.0	0	15.215254946786445	3831.6289290714776	1	0	1.0	2.5951149580205497
108488.43226826297	6000.0	3343.196660808522	0.0	0	0.0	3831.628929071492	1	0	1.0	2.595114958020544
109777.48454382423	6000.0	3054.1443852472485	0.0	0	0.0	3831.628929071492	1	0	1.0	2.595114958020544
110818.45630402038	6000.0	3013.1726250510965	0.0	0	0.0	3831.628929071492	1	0	1.0	2.595114958020544
112049.4039008958	6000.0	2782.2250281756574	0.0	0	0.0	3831.628929071492	1	0	1.0	2.595114958020544
113223.26425625711	6000.0	2608.3646728143417	0.0	0	0.0	3831.6289290715067	1	0	1.0	2.595114958020539
113842.90014448883	6000.0	2988.7287845826313	0.0	0	0.0	3831.6289290715067	1	0	1.0	2.595114958020539
114429.39717428168	6000.0	3402.2317547897846	0.0	0	0.0	3831.6289290715067	1	0	1.0	2.595114958020539
115753.64496590814	6000.0	3077.983963163325	0.0	0	0.0	3831.6289290715213	1	0	1.0	2.5951149580205337
116643.83087462932	6000.0	3187.7980544421343	0.0	0	0.0	3831.6289290715213	1	0	1.0	2.5951149580205337
117411.31764214809	6000.0	3420.3112869233623	0.0	0	0.0	3831.6289290715213	1	0	1.0	2.5951149580205337
118223.45788903661	6000.0	3608.1710400348293	0.0	0	0.0	3831.6289290715213	1	0	1.0	2.5951149580205337
119200.0	6000.0	3631.6289290714376	0.0	0	117.64682605589041	3831.6289290715213	1	0	1.0	2.5951149580205337
120200.0	6000.0	3631.628929071451	0.0	0	154.4107740361651	3831.6289290715213	1	0	1.0	2.5951149580205337
121411.39112842828	6000.0	3420.2378006431636	0.0	0	0.0	3831.6289290715213	1	0	1.0	2.5951149580205337
122504.27175520535	6000.0	3327.3571738661094	0.0	0	0.0	3831.6289290715213	1	0	1.0	2.5951149580205337
123200.0	6000.0	3631.628929071467	0.0	0	76.24980088429584	3831.6289290715213	1	0	1.0	2.5951149580205337
124200.0	6000.0	3631.62892907148	0.0	0	365.5563237196329	3831.6289290715213	1	0	1.0	2.5951149580205337
125200.0	6000.0	3631.628929071482	0.0	0	360.00924873596523	3831.6289290715213	1	0	1.0	2.5951149580205337
126200.0	6000.0	3631.628929071493	0.0	0	128.0228761970211	3831.6289290715213	1	0	1.0	2.5951149580205337
127200.0	6000.0	3631.628929071493	0.0	0	382.67691917312914	3831.6289290715067	1	0	1.0	2.595114958020539
128200.0	6000.0	3631.628929071501	0.0	0	314.99884750164347	3831.6289290715067	1	0	1.0	2.595114958020539
129200.0	6000.0	3631.6289290715067	0.0	0	580.4304146105133	3831.6289290715067	1	0	1.0	2.595114958020539
130200.0	6000.0	3631.6289290714885	0.0	0	407.071672030419	3831.628929071492	1	0	1.0	2.595114958020544
131711.02242598805	6000.0	3120.6065030834393	0.0	0	0.0	3831.628929071492	1	0	1.0	2.595114958020546
133060.58541964256	6000.0	2771.0435094289505	0.0	0	0.0	3831.6289290715213	1	0	1.0	2.5951149580205373
133694.84175019452	6000.0	3136.787178876971	0.0	0	0.0	3831.6289290715067	1	0	1.0	2.5951149580205337
134478.41209445466	6000.0	3353.2168346168396	0.0	0	0.0	3831.6289290715067	1	0	1.0	2.595114958020541
135200.0	6000.0	3631.6289290715345	0.0	0	118.52115757812862	3831.6289290715067	1	0	1.0	2.595114958020539
136217.548559071	6000.0	3614.0803700005613	0.0	0	0.0	3831.6289290715067	1	0	1.0	2.595114958020539
137243.07238660593	6000.0	3588.5565424656565	0.0	0	0.0	3831.6289290715067	1	0	1.0	2.595114958020539
138200.0	6000.0	3631.628929071584	0.0	0	318.0365318976401	3831.6289290715067	1	0	1.0	2.595114958020539
139200.0	6000.0	3631.628929071591	0.0	0	235.63911802440998	3831.6289290715067	1	0	1.0	2.595114958020539
140200.0	6000.0	3631.628929071587	0.0	0	349.68566311948234	3831.6289290715067	1	0	1.0	2.595114958020539
141200.0	6000.0	3631.6289290716004	0.0	0	408.0141542267811	3831.6289290715067	1	0	1.0	2.595114958020539
142200.0	6000.0	3631.6289290716227	0.0	0	512.7468003593385	3831.6289290714776	1	0	1.0	2.5951149580205497
143200.0	6000.0	3631.6289290716104	0.0	0	68.09067892818712	3831.6289290714776	1	0	1.0	2.5951149580205497
144244.77811448762	6000.0	3586.8508145839755	0.0	0	0.0	3831.6289290714485	1	0	1.0	2.5951149580205604
145200.0	6000.0	3631.6289290715863	0.0	0	437.8483409071341	3831.6289290714485	1	0	1.0	2.5951149580205604
146200.0	6000.0	3631.6289290715727	0.0	0	126.08578066781047	3831.6289290714485	1	0	1.0	2.5951149580205604
147200.0	6000.0	3631.628929071545	0.0	0	102.71079922109493	3831.6289290714194	1	0	1.0	2.5951149580205706
148200.0	6000.0	3631.628929071557	0.0	0	29.482987369643524	3831.6289290714194	1	0	1.0	2.5951149580205706
149200.0	6000.0	3631.628929071552	0.0	0	79.00579321209807	3831.6289290714194	1	0	1.0	2.5951149580205706
150200.0	6000.0	3631.628929071527	0.0	0	155.69682516090688	3831.6289290714194	1	0	1.0	2.5951149580205706
151200.0	6000.0	3631.6289290715317	0.0	0	418.7848968554463	3831.6289290714194	1	0	1.0	2.5951149580205706
152206.27943612772	6000.0	3625.3494929438207	0.0	0	0.0	3831.6289290713903	1	0	1.0	2.5951149580205817
153337.5926690355	6000.0	3494.036260036012	0.0	0	0.0	3831.628929071361	1	0	1.0	2.595114958020586
154200.0	6000.0	3631.628929071518	0.0	0	193.3504456449009	3831.628929071332	1	0	1.0	2.595114958020603
155200.0	6000.0	3631.6289290715126	0.0	0	539.0754005179624	3831.628929071332	1	0	1.0	2.595114958020603
156200.0	6000.0	3631.62892907151	0.0	0	348.91249232622795	3831.628929071332	1	0	1.0	2.595114958020603
157200.0	6000.0	3631.628929071496	0.0	0	209.64162421796937	3831.628929071332	1	0	1.0	2.595114958020603
158200.0	6000.0	3631.628929071495	0.0	0	366.3432724898157	3831.628929071332	1	0	1.0	2.595114958020603
159570.5292723085	6000.0	3261.0996567630477	0.0	0	0.0	3831.6289290713903	1	0	1.0	2.59511495802059
160252.04270104607	6000.0	3579.58622802549	0.0	0	0.0	3831.6289290714194	1	0	1.0	2.5951149580205706
161200.0	6000.0	3631.6289290715217	0.0	0	361.9545293241099	3831.6289290714194	1	0	1.0	2.5951149580205706
162200.0	6000.0	3631.62892907153	0.0	0	259.80218371161027	3831.6289290714194	1	0	1.0	2.5951149580205706
163200.0	6000.0	3631.628929071534	0.0	0	466.62855814478826	3831.6289290713903	1	0	1.0	2.5951149580205817
164200.0	6000.0	3631.628929071516	0.0	0	196.9738342539058	3831.6289290713903	1	0	1.0	2.5951149580205817
165617.3211332517	6000.0	3214.307795819799	0.0	0	0.0	3831.6289290714194	1	0	1.0	2.5951149580205706
166203.63712160473	6000.0	3627.9918074667926	0.0	0	0.0	3831.6289290714194	1	0	1.0	2.5951149580205706
167200.0	6000.0	3631.628929071515	0.0	0	428.24599436469725	3831.6289290714194	1	0	1.0	2.5951149580205706
168415.91908878926	6000.0	3415.7098402822444	0.0	0	0.0	3831.6289290713903	1	0	1.0	2.5951149580205817
169312.9281209351	6000.0	3518.700808136405	0.0	0	0.0	3831.6289290713903	1	0	1.0	2.5951149580205817
170452.98923416258	6000.0	3378.6396949089094	0.0	0	0.0	3831.6289290713903	1	0	1.0	2.5951149580205817
171200.0	6000.0	3631.6289290715013	0.0	0	115.37914312857902	3831.6289290713903	1	0	1.0	2.5951149580205817
172200.0	6000.0	3631.6289290714735	0.0	0	385.98791411868297	3831.6289290713903	1	0	1.0	2.5951149580205817
173200.0	6000.0	3631.6289290715126	0.0	0	477.12591833088663	3831.6289290713903	1	0	1.0	2.5951149580205817
174200.0	6000.0	3631.6289290715085	0.0	0	462.3660285950464	3831.628929071361	1	0	1.0	2.5951149580205923
175200.0	6000.0	3631.628929071489	0.0	0	244.72914941835916	3831.628929071361	1	0	1.0	2.5951149580205923
176200.0	6000.0	3631.628929071476	0.0	0	352.1583125552279	3831.628929071332	1	0	1.0	2.595114958020603
177200.0	6000.0	3631.6289290714735	0.0	0	234.64065609272802	3831.628929071332	1	0	1.0	2.595114958020603
178200.0	6000.0	3631.6289290714885	0.0	0	317.65051977246185	3831.628929071332	1	0	1.0	2.595114958020603
179200.0	6000.0	3631.6289290715017	0.0	0	149.31913882258232	3831.628929071332	1	0	1.0	2.595114958020603
180230.54160054488	6000.0	3601.0873285266125	0.0	0	0.0	3831.628929071361	1	0	1.0	2.5951149580205923
181432.63565294154	6000.0	3398.9932761299615	0.0	0	0.0	3831.6289290713903	1	0	1.0	2.5951149580205817
182618.94064485058	6000.0	3212.6882842209407	0.0	0	0.0	3831.6289290714194	1	0	1.0	2.5951149580205706
183455.82543332884	6000.0	3375.803495742702	0.0	0	0.0	3831.6289290714485	1	0	1.0	2.5951149580205604
184200.0	6000.0	3631.6289290715517	0.0	0	114.2874840106524	3831.6289290714485	1	0	1.0	2.5951149580205604
185200.0	6000.0	3631.628929071548	0.0	0	397.68290435158997	3831.6289290714485	1	0	1.0	2.5951149580205604
186200.0	6000.0	3631.6289290715863	0.0	0	475.631014323415	3831.6289290714776	1	0	1.0	2.595114958020552
187200.0	6000.0	3631.6289290715904	0.0	0	343.47893879536423	3831.6289290714776	1	0	1.0	2.5951149580205497
188200.0	6000.0	3631.6289290715804	0.0	0	390.58844369716826	3831.6289290714776	1	0	1.0	2.5951149580205497
189200.0	6000.0	3631.628929071596	0.0	0	282.6223120732175	3831.6289290715067	1	0	1.0	2.595114958020539
190200.0	6000.0	3631.628929071588	0.0	0	168.98388354983763	3831.6289290715067	1	0	1.0	2.595114958020539
191200.0	6000.0	3631.6289290715836	0.0	0	189.480327356403	3831.6289290715067	1	0	1.0	2.595114958020539
192200.0	6000.0	3631.628929071566	0.0	0	277.01113159628585	3831.6289290714776	1	0	1.0	2.5951149580205497
193200.0	6000.0	3631.628929071579	0.0	0	570.0603155923018	3831.6289290715067	1	0	1.0	2.595114958020539
194200.0	6000.0	3631.6289290715968	0.0	0	498.05863766235416	3831.6289290714776	1	0	1.0	2.5951149580205497
195200.0	6000.0	3631.628929071609	0.0	0	336.8142143393634	3831.6289290714776	1	0	1.0	2.5951149580205497
196200.0	6000.0	3631.628929071635	0.0	0	189.71041425588191	3831.6289290714776	1	0	1.0	2.5951149580205497
197510.37128874223	6000.0	3321.257640329446	0.0	0	0.0	3831.628929071536	1	0	1.0	2.595114958020537
198822.35257342758	6000.0	3009.2763556441314	0.0	0	0.0	3831.628929071565	1	0	1.0	2.5951149580205213
199928.29084311618	6000.0	2903.3380859555346	0.0	0	0.0	3831.628929071536	1	0	1.0	2.5951149580205257
200831.84416074574	6000.0	2999.784768325985	0.0	0	0.0	3831.628929071536	1	0	1.0	2.595114958020528
201625.31935695306	6000.0	3206.309572118666	0.0	0	0.0	3831.6289290715067	1	0	1.0	2.5951149580205324
203119.7169491585	6000.0	2711.911979913219	0.0	0	0.0	3831.6289290715067	1	0	1.0	2.595114958020539
204440.23868045464	6000.0	2391.390248617083	0.0	0	0.0	3831.6289290715067	1	0	1.0	2.595114958020539
205256.99406917093	6000.0	2574.6348599007815	0.0	0	0.0	3831.6289290715067	1	0	1.0	2.595114958020539
206560.93506246354	6000.0	2270.693866608167	0.0	0	0.0	3831.628929071536	1	0	1.0	2.595114958020528
207472.3416928798	6000.0	2359.2872361919117	0.0	0	0.0	3831.628929071536	1	0	1.0	2.595114958020528
208678.1355156611	6000.0	2153.4934134106034	0.0	0	0.0	3831.628929071565	1	0	1.0	2.5951149580205235
209597.51967956644	6000.0	2234.10924950525	0.0	0	0.0	3831.628929071536	1	0	1.0	2.5951149580205217
210673.7182372434	6000.0	2157.9106918283296	0.0	0	0.0	3831.628929071536	1	0	1.0	2.595114958020528
211202.5242624169	6000.0	2629.1046666548123	0.0	0	0.0	3831.628929071536	1	0	1.0	2.595114958020528
212262.3893901382	6000.0	2569.239538933499	0.0	0	0.0	3831.628929071536	1	0	1.0	2.595114958020528
213131.77478203858	6000.0	2699.854147033106	0.0	0	0.0	3831.628929071536	1	0	1.0	2.595114958020528
214214.6655289154	6000.0	2616.9634001562977	0.0	0	0.0	3831.6289290715067	1	0	1.0	2.595114958020539
214911.99610661797	6000.0	2919.632822453706	0.0	0	0.0	3831.6289290715067	1	0	1.0	2.595114958020539
215718.63910262368	6000.0	3112.9898264479853	0.0	0	0.0	3831.6289290714776	1	0	1.0	2.595114958020548
216215.82999312755	6000.0	3615.798935944133	0.0	0	0.0	3831.6289290714485	1	0	1.0	2.5951149580205604
217200.0	6000.0	3631.6289290716772	0.0	0	369.4679206875735	3831.6289290714485	1	0	1.0	2.5951149580205604
218200.0	6000.0	3631.6289290716945	0.0	0	16.920610679138917	3831.6289290714485	1	0	1.0	2.5951149580205604
219200.0	6000.0	3631.6289290716772	0.0	0	332.907005182642	3831.6289290714485	1	0	1.0	2.5951149580205604
220200.0	6000.0	3631.628929071686	0.0	0	212.13251741381828	3831.6289290714194	1	0	1.0	2.5951149580205706
221200.0	6000.0	3631.6289290716877	0.0	0	493.0405805722403	3831.6289290713903	1	0	1.0	2.5951149580205817
222200.0	6000.0	3631.6289290717127	0.0	0	202.3116201457451	3831.6289290713903	1	0	1.0	2.5951149580205817
223200.0	6000.0	3631.628929071703	0.0	0	319.92385737222503	3831.6289290714194	1	0	1.0	2.5951149580205706
224200.0	6000.0	3631.628929071699	0.0	0	500.6517085569503	3831.6289290714194	1	0	1.0	2.5951149580205706
225200.0	6000.0	3631.6289290716873	0.0	0	148.0843193985056	3831.6289290714194	1	0	1.0	2.5951149580205706
226200.0	6000.0	3631.6289290716722	0.0	0	71.53793357271934	3831.6289290714194	1	0	1.0	2.5951149580205706
227547.20175993757	6000.0	3284.4271691341182	0.0	0	0.0	3831.6289290714194	1	0	1.0	2.5951149580205706
228492.43752356025	6000.0	3339.1914055114657	0.0	0	0.0	3831.6289290714194	1	0	1.0	2.5951149580205706
230110.6639811264	6000.0	2720.96494794531	0.0	0	0.0	3831.628929071361	1	0	1.0	2.595114958020588
231309.88129628982	6000.0	2521.7476327818863	0.0	0	0.0	3831.628929071361	1	0	1.0	2.5951149580205923
232013.4225865153	6000.0	2818.20634255641	0.0	0	0.0	3831.6289290713903	1	0	1.0	2.5951149580205817
232693.17652611426	6000.0	3138.4524029574573	0.0	0	0.0	3831.6289290713903	1	0	1.0	2.5951149580205817
233572.10715199096	6000.0	3259.5217770807285	0.0	0	0.0	3831.628929071361	1	0	1.0	2.595114958020586
234286.29619083405	6000.0	3545.3327382376724	0.0	0	0.0	3831.628929071332	1	0	1.0	2.595114958020603
235200.0	6000.0	3631.6289290717095	0.0	0	123.47087818323052	3831.628929071332	1	0	1.0	2.595114958020603
236200.0	6000.0	3631.6289290717027	0.0	0	231.24143641482806	3831.628929071332	1	0	1.0	2.595114958020603
237200.0	6000.0	3631.6289290717136	0.0	0	463.7297367307474	3831.628929071361	1	0	1.0	2.5951149580205923
238462.25515503102	6000.0	3369.3737740406787	0.0	0	0.0	3831.628929071332	1	0	1.0	2.595114958020603
239304.59832969742	6000.0	3527.0305993742463	0.0	0	0.0	3831.628929071332	1	0	1.0	2.595114958020603
240200.0	6000.0	3631.6289290716786	0.0	0	40.900226285040844	3831.628929071332	1	0	1.0	2.595114958020603
241200.0	6000.0	3631.6289290716722	0.0	0	82.55502543790499	3831.628929071332	1	0	1.0	2.595114958020603
242200.0	6000.0	3631.62892907168	0.0	0	157.2708459008718	3831.628929071332	1	0	1.0	2.595114958020603
243200.0	6000.0	3631.6289290716636	0.0	0	125.98017748876009	3831.628929071303	1	0	1.0	2.595114958020614
244200.0	6000.0	3631.6289290716727	0.0	0	172.63369824859546	3831.628929071274	1	0	1.0	2.5951149580206243
245200.0	6000.0	3631.6289290716254	0.0	0	314.9395738664607	3831.628929071274	1	0	1.0	2.5951149580206243
246203.54905274324	6000.0	3628.0798763283833	0.0	0	0.0	3831.628929071274	1	0	1.0	2.5951149580206243
247586.25947068154	6000.0	3245.3694583900615	0.0	0	0.0	3831.628929071274	1	0	1.0	2.5951149580206243
248846.06461454768	6000.0	2985.5643145239364	0.0	0	0.0	3831.628929071303	1	0	1.0	2.595114958020614
249550.84116751404	6000.0	3280.787761557589	0.0	0	0.0	3831.628929071303	1	0	1.0	2.595114958020614
250200.0	6000.0	3631.6289290716472	0.0	0	94.51448807987617	3831.628929071303	1	0	1.0	2.595114958020614
251200.0	6000.0	3631.628929071649	0.0	0	302.0689792225312	3831.628929071303	1	0	1.0	2.595114958020614
252200.0	6000.0	3631.6289290716636	0.0	0	285.7418676886882	3831.628929071274	1	0	1.0	2.5951149580206243
253200.0	6000.0	3631.6289290717036	0.0	0	328.9930094468582	3831.628929071303	1	0	1.0	2.595114958020614
254200.0	6000.0	3631.6289290717027	0.0	0	76.93090328099788	3831.628929071332	1	0	1.0	2.595114958020603
255200.0	6000.0	3631.6289290717186	0.0	0	274.246553265024	3831.628929071332	1	0	1.0	2.595114958020603
256200.0	6000.0	3631.628929071716	0.0	0	281.7424053866416	3831.628929071332	1	0	1.0	2.595114958020603
257996.23542918524	6000.0	2835.393499886507	0.0	0	0.0	3831.628929071332	1	0	1.0	2.595114958020603
259551.1768646781	6000.0	2280.452064393664	0.0	0	0.0	3831.628929071332	1	0	1.0	2.595114958020603
260996.93571228764	6000.0	1834.6932167840864	0.0	0	0.0	3831.628929071332	1	0	1.0	2.595114958020603
261767.03953690233	6000.0	2064.5893921694137	0.0	0	0.0	3831.628929071361	1	0	1.0	2.5951149580205946
262742.1338837916	6000.0	2089.495045280157	0.0	0	0.0	3831.6289290713903	1	0	1.0	2.5951149580205963
263405.3835083205	6000.0	2426.2454207512437	0.0	0	0.0	3831.628929071332	1	0	1.0	2.595114958020599
264650.79718374164	6000.0	2180.8317453300942	0.0	0	0.0	3831.628929071303	1	0	1.0	2.5951149580206163
265688.10048053274	6000.0	2143.528448538954	0.0	0	0.0	3831.628929071245	1	0	1.0	2.5951149580206176
266633.2397289651	6000.0	2198.3892001066583	0.0	0	0.0	3831.628929071245	1	0	1.0	2.595114958020635
267657.35772349325	6000.0	2174.2712055785123	0.0	0	0.0	3831.628929071303	1	0	1.0	2.595114958020627
268649.41012027196	6000.0	2182.21880879981	0.0	0	0.0	3831.628929071361	1	0	1.0	2.5951149580205923
269250.3805681982	6000.0	2581.2483608735747	0.0	0	0.0	3831.628929071361	1	0	1.0	2.5951149580205923
270488.6290158267	6000.0	2342.9999132450944	0.0	0	0.0	3831.628929071303	1	0	1.0	2.5951149580205968
271465.2602624073	6000.0	2366.3686666645076	0.0	0	0.0	3831.628929071303	1	0	1.0	2.595114958020614
272112.30003949144	6000.0	2719.328889580381	0.0	0	0.0	3831.628929071303	1	0	1.0	2.595114958020614
272709.7225445823	6000.0	3121.9063844895213	0.0	0	0.0	3831.628929071303	1	0	1.0	2.59511495802061
273326.0244463968	6000.0	3505.6044826750585	0.0	0	0.0	3831.628929071303	1	0	1.0	2.595114958020614
274200.0	6000.0	3631.6289290718823	0.0	0	420.4689584382577	3831.628929071303	1	0	1.0	2.595114958020614
275200.0	6000.0	3631.6289290718787	0.0	0	238.08242498262553	3831.628929071245	1	0	1.0	2.595114958020635
276200.0	6000.0	3631.6289290718164	0.0	0	138.98629717261065	3831.628929071245	1	0	1.0	2.595114958020635
277200.0	6000.0	3631.6289290717923	0.0	0	490.08085477002896	3831.6289290711866	1	0	1.0	2.5951149580206567
278200.0	6000.0	3631.6289290717714	0.0	0	323.52693037549034	3831.6289290711284	1	0	1.0	2.5951149580206776
279200.0	6000.0	3631.6289290717173	0.0	0	559.5800326928147	3831.6289290711284	1	0	1.0	2.5951149580206776
280200.0	6000.0	3631.6289290717655	0.0	0	15.708089829597156	3831.6289290711284	1	0	1.0	2.5951149580206776
281862.1612110553	6000.0	2969.4677180165663	0.0	0	0.0	3831.6289290711866	1	0	1.0	2.5951149580206567
282499.0937915729	6000.0	3332.535137498954	0.0	0	0.0	3831.6289290711866	1	0	1.0	2.5951149580206567
283352.98663830047	6000.0	3478.6422907714127	0.0	0	0.0	3831.6289290711866	1	0	1.0	2.5951149580206567
284200.0	6000.0	3631.628929071914	0.0	0	148.81793378369184	3831.6289290711866	1	0	1.0	2.5951149580206567
285200.0	6000.0	3631.628929071889	0.0	0	118.23666628764477	3831.628929071245	1	0	1.0	2.595114958020635
286200.0	6000.0	3631.628929071891	0.0	0	329.25413577380823	3831.628929071245	1	0	1.0	2.595114958020635
287200.0	6000.0	3631.6289290718382	0.0	0	281.6892398544587	3831.628929071303	1	0	1.0	2.595114958020614
288200.0	6000.0	3631.628929071898	0.0	0	7.041742487810552	3831.628929071303	1	0	1.0	2.595114958020614
289200.0	6000.0	3631.628929071919	0.0	0	119.2443415473681	3831.628929071303	1	0	1.0	2.595114958020614
290200.0	6000.0	3631.628929071963	0.0	0	429.6970287966542	3831.628929071303	1	0	1.0	2.595114958020614
291200.0	6000.0	3631.6289290720288	0.0	0	515.252712956164	3831.628929071303	1	0	1.0	2.595114958020614
292200.0	6000.0	3631.6289290720083	0.0	0	14.797096624562982	3831.628929071303	1	0	1.0	2.595114958020614
293337.06476864923	6000.0	3494.564160422802	0.0	0	0.0	3831.628929071303	1	0	1.0	2.595114958020614
294200.0	6000.0	3631.6289290720306	0.0	0	339.1622956190258	3831.628929071361	1	0	1.0	2.5951149580205923
295200.0	6000.0	3631.6289290720288	0.0	0	148.2190333227627	3831.6289290714194	1	0	1.0	2.5951149580205706
296200.0	6000.0	3631.6289290720124	0.0	0	295.5787934685359	3831.6289290714194	1	0	1.0	2.5951149580205706
297200.0	6000.0	3631.6289290720447	0.0	0	221.14975497679552	3831.6289290714776	1	0	1.0	2.5951149580205497
298200.0	6000.0	3631.628929072065	0.0	0	62.603697898681276	3831.6289290714776	1	0	1.0	2.5951149580205497
299200.0	6000.0	3631.628929072017	0.0	0	241.1665347177186	3831.6289290714776	1	0	1.0	2.5951149580205497
300200.0	6000.0	3631.62892907205	0.0	0	534.3937315254007	3831.6289290714776	1	0	1.0	2.5951149580205497
7.248	8.304	13.8	11.639999999999999	9.264	7.092	4.704000000000001	8.208	7.704000000000001	6.5520000000000005	10.8	6.0600000000000005	5.0520000000000005	8.4	9.804	5.832	9.024	5.700000000000001	9.924	8.856	12.36	8.328	7.38	10.68	7.284	7.716	9.456	5.568	5.952	4.776	8.267999999999999	9.54	12.239999999999998	8.784	9.347999999999999	9.084000000000001	8.052	6.648000000000001	9.312	10.44	11.639999999999999	11.159999999999998	11.52	7.356	2.8920000000000003	5.087999999999999	6.288	7.632	10.8	6.491300000000001	4.1873000000000005	5.387300000000001	6.347300000000001	4.0913	8.7713	7.3073	5.8673	5.411300000000001	8.7113	7.0913	6.527299999999999	7.3193	6.335299999999999	10.0073	8.2313	4.4753	9.7193	10.3073	10.871300000000002	9.7433	11.2313	8.7473	8.3633	4.5953	5.6033	7.5832999999999995	5.339300000000001	3.4553000000000003	7.0433	11.2313	8.5073	11.1113	8.3393	11.7113	8.3993	5.1233	6.5033	5.7593	5.8913	8.29386046511628	7.9938604651162795	10.441860465116278	11.281860465116278	7.429860465116279	3.697860465116279	5.5818604651162795	7.429860465116279	10.441860465116278	6.793860465116279	9.30186046511628	7.333860465116279	7.933860465116279	10.681860465116278	5.665860465116278	3.3258604651162793	4.597860465116279	4.957860465116279	5.18586046511628	5.70186046511628	6.5418604651162795	8.473860465116278	4.58586046511628	6.68586046511628	9.09786046511628	7.057860465116279	8.10186046511628	7.825860465116279	6.001860465116279	5.893860465116279	9.39786046511628	12.00186046511628	11.761860465116278	6.4938604651162795	10.00986046511628	11.52186046511628	12.84186046511628	11.161860465116279	4.02186046511628	2.9298604651162794	8.881860465116278	8.59386046511628	11.04186046511628	4.57435294117647	9.06235294117647	10.39435294117647	5.834352941176471	8.69035294117647	12.554352941176472	12.91435294117647	6.3383529411764705	7.74235294117647	10.226352941176472	8.11435294117647	8.01835294117647	7.754352941176471	7.9343529411764715	10.634352941176472	9.42235294117647	6.47035294117647	10.44	7.248	8.304	13.8	11.639999999999999	9.264	7.092	4.704000000000001	8.208	7.704000000000001	6.5520000000000005	10.8	6.0600000000000005	5.0520000000000005	8.4	9.804	5.832	9.024	5.700000000000001	9.924	8.856	12.36	8.328	7.38	10.68	7.284	7.716	9.456	5.568	5.952	4.776	8.267999999999999	9.54	12.239999999999998	8.784	9.347999999999999	9.084000000000001	8.052	6.648000000000001	9.312	10.44	11.639999999999999	11.159999999999998	11.52	7.356	2.8920000000000003	5.087999999999999	6.288	7.632	10.8	6.491300000000001	4.1873000000000005	5.387300000000001	6.347300000000001	4.0913	8.7713	7.3073	5.8673	5.411300000000001	8.7113	7.0913	6.527299999999999	7.3193	6.335299999999999	10.0073	8.2313	4.4753	9.7193	10.3073	10.871300000000002	9.7433	11.2313	8.7473	8.3633	4.5953	5.6033	7.5832999999999995	5.339300000000001	3.4553000000000003	7.0433	11.2313	8.5073	11.1113	8.3393	11.7113	8.3993	5.1233	6.5033	5.7593	5.8913	8.29386046511628	7.9938604651162795	10.441860465116278	11.281860465116278	7.429860465116279	3.697860465116279	5.5818604651162795	7.429860465116279	10.441860465116278	6.793860465116279	9.30186046511628	7.333860465116279	7.933860465116279	10.681860465116278	5.665860465116278	3.3258604651162793	4.597860465116279	4.957860465116279	5.18586046511628	5.70186046511628	6.5418604651162795	8.473860465116278	4.58586046511628	6.68586046511628	9.09786046511628	7.057860465116279	8.10186046511628	7.825860465116279	6.001860465116279	5.893860465116279	9.39786046511628	12.00186046511628	11.761860465116278	6.4938604651162795	10.00986046511628	11.52186046511628	12.84186046511628	11.161860465116279	4.02186046511628	2.9298604651162794	8.881860465116278	8.59386046511628	11.04186046511628	4.57435294117647	9.06235294117647	10.39435294117647	5.834352941176471	8.69035294117647	12.554352941176472	12.91435294117647	6.3383529411764705	7.74235294117647	10.226352941176472	8.11435294117647	8.01835294117647	7.754352941176471	7.9343529411764715	10.634352941176472	9.42235294117647	6.47035294117647	10.44	7.248	8.304	13.8
1.0	2.0	3.0	4.0	5.0	6.0	7.0	8.0	9.0	10.0	11.0	12.0	13.0	14.0	15.0	16.0	17.0	18.0	19.0	20.0	21.0	22.0	23.0	24.0	25.0	26.0	27.0	28.0	29.0	30.0	31.0	32.0	33.0	34.0	35.0	36.0	37.0	38.0	39.0	40.0	41.0	42.0	43.0	44.0	45.0	46.0	47.0	48.0	49.0	50.0	51.0	52.0	53.0	54.0	55.0	56.0	57.0	58.0	59.0	60.0	61.0	62.0	63.0	64.0	65.0	66.0	67.0	68.0	69.0	70.0	71.0	72.0	73.0	74.0	75.0	76.0	77.0	78.0	79.0	80.0	81.0	82.0	83.0	84.0	85.0	86.0	87.0	88.0	89.0	90.0	91.0	92.0	93.0	94.0	95.0	96.0	97.0	98.0	99.0	100.0	101.0	102.0	103.0	104.0	105.0	106.0	107.0	108.0	109.0	110.0	111.0	112.0	113.0	114.0	115.0	116.0	117.0	118.0	119.0	120.0	121.0	122.0	123.0	124.0	125.0	126.0	127.0	128.0	129.0	130.0	131.0	132.0	133.0	134.0	135.0	136.0	137.0	138.0	139.0	140.0	141.0	142.0	143.0	144.0	145.0	146.0	147.0	148.0	149.0	149.0	150.0	151.0	152.0	153.0	154.0	155.0	156.0	157.0	158.0	159.0	160.0	161.0	162.0	163.0	164.0	165.0	166.0	167.0	168.0	169.0	170.0	171.0	172.0	173.0	174.0	175.0	176.0	177.0	178.0	179.0	180.0	181.0	182.0	183.0	184.0	185.0	186.0	187.0	188.0	189.0	190.0	191.0	192.0	193.0	194.0	195.0	196.0	197.0	198.0	199.0	200.0	201.0	202.0	203.0	204.0	205.0	206.0	207.0	208.0	209.0	210.0	211.0	212.0	213.0	214.0	215.0	216.0	217.0	218.0	219.0	220.0	221.0	222.0	223.0	224.0	225.0	226.0	227.0	228.0	229.0	230.0	231.0	232.0	233.0	234.0	235.0	236.0	237.0	238.0	239.0	240.0	241.0	242.0	243.0	244.0	245.0	246.0	247.0	248.0	249.0	250.0	251.0	252.0	253.0	254.0	255.0	256.0	257.0	258.0	259.0	260.0	261.0	262.0	263.0	264.0	265.0	266.0	267.0	268.0	269.0	270.0	271.0	272.0	273.0	274.0	275.0	276.0	277.0	278.0	279.0	280.0	281.0	282.0	283.0	284.0	285.0	286.0	287.0	288.0	289.0	290.0	291.0	292.0	293.0	294.0	295.0	296.0	297.0	298.0	298.0	299.0	300.0	301.0
3448.7970493087278
