4901.828724662424	2000.0	2000.0	372.23238013599024	0	0.0	4901.828724662424	1	0	1.0	-3.1617051450758016
5624.544380083495	6000.0	2277.284344578929	0.0	0	0.0	2901.828724662424	1	0	1.0	-4.265720526882428
6401.3599620651385	6000.0	2500.468762597285	0.0	0	0.0	2901.828724662424	1	0	1.0	2.8328917617856813
7200.0	6000.0	2701.828724662423	0.0	0	119.49827364084103	2901.828724662424	1	0	1.0	2.8328917617856813
8200.0	6000.0	2701.8287246624227	0.0	0	568.4243751077447	2901.828724662424	1	0	1.0	2.8328917617856813
9200.0	6000.0	2701.828724662423	0.0	0	215.2935196360031	2901.828724662424	1	0	1.0	2.8328917617856813
10200.0	6000.0	2701.828724662424	0.0	0	266.9520149260261	2901.828724662424	1	0	1.0	2.8328917617856813
11200.0	6000.0	2701.8287246624236	0.0	0	446.3301989483916	2901.828724662424	1	0	1.0	2.8328917617856813
12200.0	6000.0	2701.828724662425	0.0	0	519.7916566299464	2901.828724662424	1	0	1.0	2.8328917617856813
13200.0	6000.0	2701.8287246624236	0.0	0	632.6653048349763	2901.828724662424	1	0	1.0	2.8328917617856813
14200.0	6000.0	2701.828724662425	0.0	0	425.01260044497576	2901.828724662424	1	0	1.0	2.8328917617856813
15256.708759521194	6000.0	2645.1199651412308	0.0	0	0.0	2901.828724662424	1	0	1.0	2.8328917617856813
16200.0	6000.0	2701.828724662425	0.0	0	1.1361251218022517	2901.828724662424	1	0	1.0	2.8328917617856813
17200.0	6000.0	2701.8287246624222	0.0	0	232.26698340318762	2901.828724662424	1	0	1.0	2.8328917617856817
18200.0	6000.0	2701.8287246624195	0.0	0	325.2847188875312	2901.8287246624204	1	0	1.0	2.832891761785681
19200.0	6000.0	2701.8287246624204	0.0	0	308.4536800343558	2901.8287246624222	1	0	1.0	2.8328917617856817
20200.0	6000.0	2701.8287246624222	0.0	0	490.94875719810443	2901.828724662424	1	0	1.0	2.8328917617856813
21200.0	6000.0	2701.8287246624177	0.0	0	459.3544540722505	2901.828724662424	1	0	1.0	2.8328917617856813
22200.0	6000.0	2701.8287246624177	0.0	0	123.9626014645255	2901.828724662424	1	0	1.0	2.8328917617856813
23200.0	6000.0	2701.8287246624163	0.0	0	339.4115546013709	2901.828724662424	1	0	1.0	2.8328917617856813
24200.0	6000.0	2701.8287246624122	0.0	0	76.8909758546215	2901.8287246624204	1	0	1.0	2.8328917617856817
25348.551045287946	6000.0	2553.2776793744647	0.0	0	0.0	2901.828724662417	1	0	1.0	2.8328917617856826
26215.259701211326	6000.0	2686.5690234510844	0.0	0	0.0	2901.828724662417	1	0	1.0	2.8328917617856826
27200.0	6000.0	2701.8287246624063	0.0	0	280.9655876985489	2901.828724662417	1	0	1.0	2.8328917617856826
28200.0	6000.0	2701.828724662403	0.0	0	477.08848044455954	2901.828724662417	1	0	1.0	2.8328917617856826
29200.0	6000.0	2701.8287246623963	0.0	0	453.87033006864294	2901.828724662413	1	0	1.0	2.832891761785683
30200.0	6000.0	2701.828724662398	0.0	0	322.39137576029316	2901.828724662417	1	0	1.0	2.8328917617856826
31200.0	6000.0	2701.8287246623963	0.0	0	468.4663160613345	2901.828724662417	1	0	1.0	2.8328917617856826
32200.0	6000.0	2701.8287246624004	0.0	0	189.90807414807205	2901.828724662417	1	0	1.0	2.8328917617856826
33200.0	6000.0	2701.828724662399	0.0	0	197.62557777109032	2901.828724662417	1	0	1.0	2.832891761785682
34200.0	6000.0	2701.8287246623927	0.0	0	433.89177926292905	2901.8287246624095	1	0	1.0	2.8328917617856826
35200.0	6000.0	2701.828724662398	0.0	0	291.7035404795897	2901.828724662417	1	0	1.0	2.832891761785683
36200.0	6000.0	2701.8287246623986	0.0	0	376.5784722816752	2901.828724662417	1	0	1.0	2.832891761785683
37200.0	6000.0	2701.828724662399	0.0	0	336.7417454765091	2901.828724662417	1	0	1.0	2.8328917617856826
38200.0	6000.0	2701.828724662397	0.0	0	423.16152189750574	2901.828724662424	1	0	1.0	2.8328917617856813
39200.0	6000.0	2701.8287246623972	0.0	0	286.683801857027	2901.828724662424	1	0	1.0	2.8328917617856813
40200.0	6000.0	2701.8287246624072	0.0	0	82.68726067621901	2901.8287246624313	1	0	1.0	2.8328917617856804
41507.39468853374	6000.0	2394.4340361286695	0.0	0	0.0	2901.8287246624386	1	0	1.0	2.832891761785679
42278.561809294566	6000.0	2623.266915367849	0.0	0	0.0	2901.8287246624386	1	0	1.0	2.832891761785679
43200.0	6000.0	2701.828724662408	0.0	0	366.22657204540155	2901.8287246624313	1	0	1.0	2.8328917617856804
44200.0	6000.0	2701.828724662404	0.0	0	201.33556836265052	2901.828724662424	1	0	1.0	2.8328917617856813
45200.0	6000.0	2701.828724662409	0.0	0	286.32085077493684	2901.828724662424	1	0	1.0	2.8328917617856813
46200.0	6000.0	2701.828724662406	0.0	0	424.45171391741314	2901.828724662424	1	0	1.0	2.8328917617856813
47200.0	6000.0	2701.8287246624013	0.0	0	487.5211823703794	2901.828724662424	1	0	1.0	2.8328917617856813
48200.0	6000.0	2701.828724662398	0.0	0	165.3679062156516	2901.828724662424	1	0	1.0	2.8328917617856813
49200.0	6000.0	2701.8287246623936	0.0	0	249.5587058107776	2901.828724662424	1	0	1.0	2.8328917617856813
50200.0	6000.0	2701.8287246623963	0.0	0	169.0953170212524	2901.8287246624313	1	0	1.0	2.8328917617856804
51200.0	6000.0	2701.8287246623954	0.0	0	203.39458614742762	2901.8287246624313	1	0	1.0	2.8328917617856804
52200.0	6000.0	2701.8287246623872	0.0	0	384.1121241029905	2901.8287246624313	1	0	1.0	2.8328917617856804
53200.0	6000.0	2701.828724662382	0.0	0	264.09341522405884	2901.8287246624313	1	0	1.0	2.8328917617856804
54200.0	6000.0	2701.828724662381	0.0	0	190.70219375409943	2901.8287246624313	1	0	1.0	2.8328917617856804
55200.0	6000.0	2701.8287246623754	0.0	0	469.6778792817204	2901.8287246624386	1	0	1.0	2.832891761785679
56200.0	6000.0	2701.8287246623777	0.0	0	384.43760857052985	2901.8287246624386	1	0	1.0	2.832891761785679
57200.0	6000.0	2701.8287246623777	0.0	0	381.99095413967734	2901.8287246624386	1	0	1.0	2.832891761785679
58200.0	6000.0	2701.8287246623786	0.0	0	295.1921843938253	2901.8287246624386	1	0	1.0	2.832891761785679
59200.0	6000.0	2701.828724662375	0.0	0	84.88591236498905	2901.8287246624386	1	0	1.0	2.832891761785679
60200.0	6000.0	2701.8287246623668	0.0	0	318.60891340671515	2901.8287246624386	1	0	1.0	2.832891761785679
61200.0	6000.0	2701.828724662371	0.0	0	270.1121123488192	2901.8287246624386	1	0	1.0	2.832891761785679
62200.0	6000.0	2701.828724662381	0.0	0	31.046902457041142	2901.8287246624386	1	0	1.0	2.832891761785679
63200.0	6000.0	2701.828724662384	0.0	0	277.0189655537615	2901.8287246624386	1	0	1.0	2.832891761785679
64200.0	6000.0	2701.8287246623836	0.0	0	138.50118023878895	2901.8287246624386	1	0	1.0	2.832891761785679
65200.0	6000.0	2701.8287246623895	0.0	0	248.61549597982957	2901.828724662446	1	0	1.0	2.8328917617856773
66200.0	6000.0	2701.8287246623895	0.0	0	438.6870763754123	2901.8287246624386	1	0	1.0	2.8328917617856777
67200.0	6000.0	2701.828724662394	0.0	0	363.31258353224257	2901.828724662446	1	0	1.0	2.832891761785678
68200.0	6000.0	2701.8287246623995	0.0	0	359.92144836815714	2901.8287246624604	1	0	1.0	2.8328917617856764
69200.0	6000.0	2701.8287246624104	0.0	0	220.59824362627114	2901.8287246624677	1	0	1.0	2.832891761785674
70200.0	6000.0	2701.8287246624095	0.0	0	386.45796822234115	2901.8287246624677	1	0	1.0	2.832891761785674
71200.0	6000.0	2701.8287246624154	0.0	0	482.3890503002767	2901.8287246624677	1	0	1.0	2.832891761785674
72200.0	6000.0	2701.828724662416	0.0	0	354.636929280794	2901.8287246624677	1	0	1.0	2.832891761785674
73478.88541911695	6000.0	2422.94330554546	0.0	0	0.0	2901.828724662453	1	0	1.0	2.8328917617856764
74200.0	6000.0	2701.828724662412	0.0	0	250.05109051498584	2901.828724662453	1	0	1.0	2.8328917617856764
75200.0	6000.0	2701.828724662406	0.0	0	363.6652747813059	2901.828724662453	1	0	1.0	2.8328917617856764
76200.0	6000.0	2701.828724662398	0.0	0	268.1661824313778	2901.828724662453	1	0	1.0	2.8328917617856764
77200.0	6000.0	2701.8287246624113	0.0	0	436.7032231689809	2901.8287246624677	1	0	1.0	2.832891761785674
78200.0	6000.0	2701.828724662422	0.0	0	454.46995869802777	2901.8287246624677	1	0	1.0	2.832891761785674
79200.0	6000.0	2701.8287246624154	0.0	0	160.12305582921545	2901.8287246624677	1	0	1.0	2.832891761785674
80200.0	6000.0	2701.828724662413	0.0	0	7.1248397825838765	2901.8287246624677	1	0	1.0	2.832891761785674
81700.06961806508	6000.0	2201.7591065973197	0.0	0	0.0	2901.828724662453	1	0	1.0	2.8328917617856764
82834.51218293894	6000.0	2067.3165417234495	0.0	0	0.0	2901.828724662453	1	0	1.0	2.8328917617856764
84018.49164000274	6000.0	1883.3370846596415	0.0	0	0.0	2901.8287246624386	1	0	1.0	2.832891761785679
84779.17625540533	6000.0	2122.6524692570547	0.0	0	0.0	2901.8287246624386	1	0	1.0	2.832891761785679
85773.59737228691	6000.0	2128.23135237546	0.0	0	0.0	2901.828724662424	1	0	1.0	2.8328917617856813
86506.38093785617	6000.0	2395.4477868062104	0.0	0	0.0	2901.828724662424	1	0	1.0	2.8328917617856813
87202.81933498145	6000.0	2699.0093896809212	0.0	0	0.0	2901.828724662424	1	0	1.0	2.8328917617856813
88244.05213808465	6000.0	2657.7765865777023	0.0	0	0.0	2901.8287246624095	1	0	1.0	2.8328917617856835
89200.0	6000.0	2701.828724662345	0.0	0	265.2200021149474	2901.8287246624095	1	0	1.0	2.8328917617856835
90200.0	6000.0	2701.828724662341	0.0	0	132.27421962709923	2901.828724662424	1	0	1.0	2.8328917617856813
91200.0	6000.0	2701.828724662347	0.0	0	224.8307341659238	2901.8287246624386	1	0	1.0	2.832891761785679
92200.0	6000.0	2701.8287246623545	0.0	0	38.361486439127475	2901.8287246624386	1	0	1.0	2.832891761785679
93371.53269460006	6000.0	2530.2960300622944	0.0	0	0.0	2901.828724662424	1	0	1.0	2.8328917617856813
94249.2846826614	6000.0	2652.544042000948	0.0	0	0.0	2901.828724662424	1	0	1.0	2.8328917617856813
95401.35701052967	6000.0	2500.4717141326887	0.0	0	0.0	2901.828724662424	1	0	1.0	2.8328917617856813
96283.24209917233	6000.0	2618.586625490029	0.0	0	0.0	2901.828724662424	1	0	1.0	2.8328917617856813
97200.0	6000.0	2701.82872466236	0.0	0	1.7924686306650983	2901.828724662424	1	0	1.0	2.8328917617856813
98200.0	6000.0	2701.8287246623604	0.0	0	6.086580731003778	2901.828724662424	1	0	1.0	2.8328917617856813
99507.14239274738	6000.0	2394.6863319149784	0.0	0	0.0	2901.828724662424	1	0	1.0	2.8328917617856813
100454.76498637146	6000.0	2447.063738290892	0.0	0	0.0	2901.828724662424	1	0	1.0	2.8328917617856813
101208.11570318058	6000.0	2693.713021481776	0.0	0	0.0	2901.828724662424	1	0	1.0	2.8328917617856813
102235.88197290446	6000.0	2665.9467517578955	0.0	0	0.0	2901.8287246624095	1	0	1.0	2.8328917617856835
103385.05681905027	6000.0	2516.7719056120986	0.0	0	0.0	2901.8287246624095	1	0	1.0	2.8328917617856835
104200.0	6000.0	2701.8287246623563	0.0	0	84.86071336973691	2901.8287246624095	1	0	1.0	2.8328917617856835
105200.0	6000.0	2701.8287246623513	0.0	0	109.0376221533661	2901.8287246624095	1	0	1.0	2.8328917617856835
106200.0	6000.0	2701.828724662346	0.0	0	56.826805897580925	2901.8287246624095	1	0	1.0	2.8328917617856835
107200.0	6000.0	2701.8287246623454	0.0	0	2.3053869554860285	2901.828724662395	1	0	1.0	2.832891761785686
108200.0	6000.0	2701.8287246623427	0.0	0	157.35803601772932	2901.828724662395	1	0	1.0	2.832891761785686
109200.0	6000.0	2701.82872466233	0.0	0	40.21539926283003	2901.828724662395	1	0	1.0	2.832891761785686
110200.0	6000.0	2701.8287246623445	0.0	0	246.9900497996132	2901.828724662395	1	0	1.0	2.832891761785686
111200.0	6000.0	2701.828724662349	0.0	0	147.4351733885269	2901.828724662395	1	0	1.0	2.832891761785686
112200.0	6000.0	2701.828724662354	0.0	0	304.0243932597077	2901.828724662395	1	0	1.0	2.832891761785686
113200.0	6000.0	2701.8287246623486	0.0	0	29.696502126578707	2901.828724662395	1	0	1.0	2.832891761785686
114200.0	6000.0	2701.8287246623513	0.0	0	102.98283276852453	2901.8287246623804	1	0	1.0	2.832891761785689
115200.0	6000.0	2701.828724662346	0.0	0	196.1317530926608	2901.8287246623804	1	0	1.0	2.832891761785689
116200.0	6000.0	2701.8287246623386	0.0	0	141.58719052921515	2901.828724662395	1	0	1.0	2.832891761785686
117200.0	6000.0	2701.8287246623536	0.0	0	301.41924259322695	2901.828724662395	1	0	1.0	2.832891761785686
118200.0	6000.0	2701.8287246623554	0.0	0	414.0297624621453	2901.828724662395	1	0	1.0	2.832891761785686
119200.0	6000.0	2701.8287246623454	0.0	0	232.74208344904764	2901.828724662395	1	0	1.0	2.832891761785686
120200.0	6000.0	2701.8287246623495	0.0	0	462.74550532414287	2901.828724662395	1	0	1.0	2.832891761785686
121200.0	6000.0	2701.8287246623568	0.0	0	387.7062564975058	2901.828724662395	1	0	1.0	2.832891761785686
122485.10067644095	6000.0	2416.728048221412	0.0	0	0.0	2901.828724662395	1	0	1.0	2.832891761785686
123326.33110058338	6000.0	2575.4976240789897	0.0	0	0.0	2901.828724662395	1	0	1.0	2.832891761785686
124200.0	6000.0	2701.8287246623686	0.0	0	24.183097361586988	2901.8287246623804	1	0	1.0	2.832891761785689
125200.0	6000.0	2701.828724662382	0.0	0	95.09850605057727	2901.828724662395	1	0	1.0	2.832891761785686
126200.0	6000.0	2701.828724662374	0.0	0	412.0061587309028	2901.828724662395	1	0	1.0	2.832891761785686
127200.0	6000.0	2701.8287246623886	0.0	0	384.0981888425158	2901.828724662395	1	0	1.0	2.832891761785686
128200.0	6000.0	2701.82872466239	0.0	0	441.60675906222605	2901.828724662395	1	0	1.0	2.832891761785686
129200.0	6000.0	2701.828724662388	0.0	0	257.5566288805567	2901.828724662395	1	0	1.0	2.832891761785686
130200.0	6000.0	2701.8287246623813	0.0	0	258.1305220169161	2901.828724662395	1	0	1.0	2.832891761785686
131200.0	6000.0	2701.8287246623754	0.0	0	178.9512049620389	2901.8287246623804	1	0	1.0	2.832891761785689
132200.0	6000.0	2701.8287246624127	0.0	0	90.41806999131222	2901.828724662424	1	0	1.0	2.8328917617856835
133200.0	6000.0	2701.828724662381	0.0	0	417.50126143486705	2901.828724662395	1	0	1.0	2.8328917617856826
134200.0	6000.0	2701.8287246623922	0.0	0	414.08727372597787	2901.828724662395	1	0	1.0	2.8328917617856852
135200.0	6000.0	2701.8287246624145	0.0	0	235.01838173088618	2901.828724662395	1	0	1.0	2.832891761785686
136200.0	6000.0	2701.8287246624	0.0	0	413.7575683746254	2901.828724662395	1	0	1.0	2.832891761785686
137200.0	6000.0	2701.828724662373	0.0	0	80.19977700628806	2901.828724662366	1	0	1.0	2.8328917617856906
138404.7110939978	6000.0	2497.117630664599	0.0	0	0.0	2901.828724662395	1	0	1.0	2.832891761785686
139200.0	6000.0	2701.8287246623813	0.0	0	145.8735639861261	2901.828724662395	1	0	1.0	2.832891761785686
140200.0	6000.0	2701.8287246623618	0.0	0	122.90383582856157	2901.828724662395	1	0	1.0	2.832891761785686
141200.0	6000.0	2701.8287246623704	0.0	0	349.8595597255335	2901.828724662395	1	0	1.0	2.832891761785686
142200.0	6000.0	2701.828724662383	0.0	0	69.0672033635201	2901.828724662424	1	0	1.0	2.8328917617856813
143200.0	6000.0	2701.8287246623827	0.0	0	125.2071421983419	2901.828724662424	1	0	1.0	2.8328917617856813
144200.0	6000.0	2701.828724662413	0.0	0	129.63362108872388	2901.828724662424	1	0	1.0	2.8328917617856813
145200.0	6000.0	2701.828724662447	0.0	0	296.8920721745235	2901.828724662424	1	0	1.0	2.8328917617856813
146200.0	6000.0	2701.828724662427	0.0	0	174.03091880035936	2901.828724662424	1	0	1.0	2.8328917617856813
147200.0	6000.0	2701.8287246624072	0.0	0	285.0681304683094	2901.828724662424	1	0	1.0	2.8328917617856813
148200.0	6000.0	2701.8287246624054	0.0	0	269.60523511705105	2901.828724662424	1	0	1.0	2.8328917617856813
149200.0	6000.0	2701.8287246624495	0.0	0	199.6332207636733	2901.828724662453	1	0	1.0	2.8328917617856764
150200.0	6000.0	2701.8287246624177	0.0	0	90.05257629562402	2901.828724662424	1	0	1.0	2.8328917617856813
151309.83457824882	6000.0	2591.994146413602	0.0	0	0.0	2901.828724662424	1	0	1.0	2.8328917617856813
152222.0273366643	6000.0	2679.801387998106	0.0	0	0.0	2901.828724662424	1	0	1.0	2.8328917617856813
153200.0	6000.0	2701.8287246623527	0.0	0	42.072107013635105	2901.828724662424	1	0	1.0	2.8328917617856813
154200.0	6000.0	2701.828724662323	0.0	0	242.9994253513869	2901.828724662395	1	0	1.0	2.832891761785686
155200.0	6000.0	2701.8287246622986	0.0	0	242.0950827167253	2901.828724662366	1	0	1.0	2.8328917617856906
156200.0	6000.0	2701.8287246622835	0.0	0	406.9156810750137	2901.828724662366	1	0	1.0	2.8328917617856906
157200.0	6000.0	2701.828724662298	0.0	0	378.6475506044808	2901.828724662366	1	0	1.0	2.8328917617856906
158200.0	6000.0	2701.8287246623017	0.0	0	505.3235884726455	2901.8287246623076	1	0	1.0	2.8328917617857
159200.0	6000.0	2701.8287246623036	0.0	0	120.05230960802874	2901.8287246623076	1	0	1.0	2.832891761785701
160200.0	6000.0	2701.828724662283	0.0	0	240.69829472101992	2901.8287246623076	1	0	1.0	2.832891761785701
161200.0	6000.0	2701.8287246622876	0.0	0	481.14311339647975	2901.8287246623076	1	0	1.0	2.832891761785701
162200.0	6000.0	2701.828724662261	0.0	0	604.7822921162588	2901.8287246622785	1	0	1.0	2.8328917617857052
163200.0	6000.0	2701.8287246622704	0.0	0	306.84421201821533	2901.8287246622785	1	0	1.0	2.8328917617857052
164325.66961540107	6000.0	2576.159109261205	0.0	0	0.0	2901.8287246622785	1	0	1.0	2.8328917617857052
165200.0	6000.0	2701.82872466227	0.0	0	39.66193126930739	2901.8287246622785	1	0	1.0	2.8328917617857052
166200.0	6000.0	2701.828724662252	0.0	0	366.88327407694305	2901.8287246622494	1	0	1.0	2.83289176178571
167200.0	6000.0	2701.828724662259	0.0	0	248.23606381122954	2901.8287246622785	1	0	1.0	2.8328917617857052
168200.0	6000.0	2701.8287246622604	0.0	0	490.6637386450602	2901.8287246622785	1	0	1.0	2.8328917617857052
169200.0	6000.0	2701.8287246622463	0.0	0	442.77134206262417	2901.8287246622785	1	0	1.0	2.8328917617857052
170200.0	6000.0	2701.8287246622594	0.0	0	279.5257342979021	2901.8287246622785	1	0	1.0	2.8328917617857052
171200.0	6000.0	2701.8287246622676	0.0	0	158.7725369396212	2901.8287246622785	1	0	1.0	2.8328917617857052
172200.0	6000.0	2701.8287246622613	0.0	0	39.460393256449606	2901.8287246623076	1	0	1.0	2.832891761785701
173262.09812346348	6000.0	2639.730601198795	0.0	0	0.0	2901.8287246623368	1	0	1.0	2.832891761785696
174281.45249489543	6000.0	2620.3762297668573	0.0	0	0.0	2901.8287246623368	1	0	1.0	2.832891761785696
175200.0	6000.0	2701.8287246623104	0.0	0	87.0242385949532	2901.8287246623368	1	0	1.0	2.832891761785696
176200.0	6000.0	2701.8287246623145	0.0	0	105.80241106115864	2901.8287246623368	1	0	1.0	2.832891761785696
177200.0	6000.0	2701.828724662341	0.0	0	405.9601156266581	2901.828724662366	1	0	1.0	2.8328917617856906
178200.0	6000.0	2701.828724662344	0.0	0	413.8816926878644	2901.828724662366	1	0	1.0	2.8328917617856906
179200.0	6000.0	2701.828724662339	0.0	0	438.8064952287241	2901.8287246623368	1	0	1.0	2.832891761785696
180200.0	6000.0	2701.828724662323	0.0	0	238.25316315999953	2901.8287246623368	1	0	1.0	2.832891761785696
181200.0	6000.0	2701.828724662324	0.0	0	214.08648403469124	2901.828724662366	1	0	1.0	2.8328917617856906
182200.0	6000.0	2701.828724662348	0.0	0	279.0455971043848	2901.828724662366	1	0	1.0	2.8328917617856906
183200.0	6000.0	2701.828724662356	0.0	0	349.3838627621881	2901.828724662366	1	0	1.0	2.8328917617856906
184200.0	6000.0	2701.828724662356	0.0	0	156.79224635718856	2901.8287246623368	1	0	1.0	2.832891761785696
185200.0	6000.0	2701.8287246623427	0.0	0	343.3058209074079	2901.8287246623368	1	0	1.0	2.832891761785696
186200.0	6000.0	2701.828724662353	0.0	0	223.07670170406345	2901.8287246623368	1	0	1.0	2.832891761785696
187200.0	6000.0	2701.828724662328	0.0	0	514.2056008500804	2901.8287246623368	1	0	1.0	2.832891761785696
188336.72249573268	6000.0	2565.10622892963	0.0	0	0.0	2901.8287246623368	1	0	1.0	2.832891761785696
189200.0	6000.0	2701.828724662292	0.0	0	116.36308917711722	2901.8287246623368	1	0	1.0	2.832891761785696
190596.27414662857	6000.0	2305.55457803373	0.0	0	0.0	2901.8287246623368	1	0	1.0	2.832891761785696
191545.60492577296	6000.0	2356.2237988893226	0.0	0	0.0	2901.8287246623076	1	0	1.0	2.832891761785701
192309.65627681016	6000.0	2592.1724478521073	0.0	0	0.0	2901.8287246623076	1	0	1.0	2.832891761785701
193200.0	6000.0	2701.8287246622367	0.0	0	219.06989768787753	2901.8287246622785	1	0	1.0	2.8328917617857052
194200.0	6000.0	2701.828724662207	0.0	0	148.76791793829761	2901.8287246622494	1	0	1.0	2.83289176178571
195200.0	6000.0	2701.8287246621944	0.0	0	395.8612919927109	2901.8287246622494	1	0	1.0	2.83289176178571
196200.0	6000.0	2701.8287246622044	0.0	0	527.5281376995845	2901.8287246622494	1	0	1.0	2.83289176178571
197200.0	6000.0	2701.8287246622085	0.0	0	301.21676772864885	2901.8287246622494	1	0	1.0	2.83289176178571
198200.0	6000.0	2701.828724662184	0.0	0	98.19943673125817	2901.8287246622494	1	0	1.0	2.83289176178571
199200.0	6000.0	2701.8287246621694	0.0	0	153.27730192095623	2901.8287246622494	1	0	1.0	2.83289176178571
200200.0	6000.0	2701.8287246621717	0.0	0	65.95994280744344	2901.8287246622494	1	0	1.0	2.83289176178571
201200.0	6000.0	2701.8287246621426	0.0	0	451.51220182765974	2901.8287246622203	1	0	1.0	2.8328917617857154
202200.0	6000.0	2701.8287246621344	0.0	0	215.25099716158002	2901.8287246622494	1	0	1.0	2.83289176178571
203200.0	6000.0	2701.8287246621167	0.0	0	393.38470234151464	2901.8287246622494	1	0	1.0	2.83289176178571
204200.0	6000.0	2701.82872466209	0.0	0	168.7943854452751	2901.8287246622785	1	0	1.0	2.8328917617857052
205200.0	6000.0	2701.828724662061	0.0	0	194.79134474045713	2901.8287246622785	1	0	1.0	2.8328917617857052
206200.0	6000.0	2701.8287246620544	0.0	0	494.6422064648359	2901.8287246622494	1	0	1.0	2.832891761785709
207200.0	6000.0	2701.8287246620334	0.0	0	403.87194785737665	2901.8287246622785	1	0	1.0	2.8328917617857052
208200.0	6000.0	2701.8287246620152	0.0	0	240.59324396849843	2901.8287246623076	1	0	1.0	2.832891761785701
209200.0	6000.0	2701.828724662011	0.0	0	435.607243365841	2901.8287246623076	1	0	1.0	2.832891761785701
210200.0	6000.0	2701.82872466201	0.0	0	519.0533835098322	2901.8287246623076	1	0	1.0	2.832891761785701
211200.0	6000.0	2701.828724662029	0.0	0	402.498837359366	2901.8287246623076	1	0	1.0	2.832891761785701
212200.0	6000.0	2701.8287246620353	0.0	0	108.82188622411923	2901.8287246623076	1	0	1.0	2.832891761785701
213200.0	6000.0	2701.828724662035	0.0	0	271.18980672894395	2901.8287246623076	1	0	1.0	2.832891761785701
214200.0	6000.0	2701.8287246620594	0.0	0	252.95260238854098	2901.8287246623368	1	0	1.0	2.832891761785696
215200.0	6000.0	2701.828724662045	0.0	0	321.04704511226737	2901.8287246623368	1	0	1.0	2.832891761785696
216200.0	6000.0	2701.8287246620444	0.0	0	458.24435409120633	2901.8287246623076	1	0	1.0	2.832891761785701
217200.0	6000.0	2701.8287246620084	0.0	0	362.96091290726326	2901.8287246623076	1	0	1.0	2.832891761785701
218348.31183120783	6000.0	2553.5168934541443	0.0	0	0.0	2901.8287246622785	1	0	1.0	2.8328917617857052
219200.0	6000.0	2701.828724661956	0.0	0	403.9230787367851	2901.8287246622785	1	0	1.0	2.8328917617857052
220200.0	6000.0	2701.8287246619825	0.0	0	292.1156663359434	2901.8287246622785	1	0	1.0	2.8328917617857052
221200.0	6000.0	2701.8287246619957	0.0	0	300.7858122299367	2901.8287246622494	1	0	1.0	2.83289176178571
222484.68820745207	6000.0	2417.1405172099116	0.0	0	0.0	2901.8287246622494	1	0	1.0	2.83289176178571
223200.0	6000.0	2701.8287246619707	0.0	0	219.8763318081037	2901.8287246622494	1	0	1.0	2.83289176178571
224200.0	6000.0	2701.82872466199	0.0	0	289.8277872937906	2901.8287246622494	1	0	1.0	2.83289176178571
225200.0	6000.0	2701.8287246619525	0.0	0	233.65427047695266	2901.8287246622494	1	0	1.0	2.83289176178571
226200.0	6000.0	2701.828724661993	0.0	0	266.2162093332445	2901.8287246622203	1	0	1.0	2.8328917617857154
227200.0	6000.0	2701.828724661985	0.0	0	512.759133421001	2901.8287246622494	1	0	1.0	2.83289176178571
228200.0	6000.0	2701.8287246619743	0.0	0	291.5494984538818	2901.8287246622203	1	0	1.0	2.8328917617857154
229200.0	6000.0	2701.8287246619952	0.0	0	180.37115569607704	2901.8287246622203	1	0	1.0	2.8328917617857154
231047.7598422723	6000.0	1854.068882389689	0.0	0	0.0	2901.8287246622203	1	0	1.0	2.8328917617857154
232199.95060726482	6000.0	1701.878117397174	0.0	0	0.0	2901.8287246622203	1	0	1.0	2.8328917617857154
233033.2809894789	6000.0	1868.5477351830755	0.0	0	0.0	2901.8287246622203	1	0	1.0	2.8328917617857154
234322.24479854648	6000.0	1579.5839261154651	0.0	0	0.0	2901.8287246621912	1	0	1.0	2.83289176178572
235175.38709720183	6000.0	1726.4416274601188	0.0	0	0.0	2901.828724662162	1	0	1.0	2.8328917617857248
235966.1293417833	6000.0	1935.6993828786453	0.0	0	0.0	2901.8287246621912	1	0	1.0	2.83289176178572
236734.44083269234	6000.0	2167.38789196958	0.0	0	0.0	2901.8287246621912	1	0	1.0	2.83289176178572
237478.72567332076	6000.0	2423.1030513411256	0.0	0	0.0	2901.8287246621912	1	0	1.0	2.83289176178572
238293.85717373336	6000.0	2607.9715509284997	0.0	0	0.0	2901.8287246621912	1	0	1.0	2.83289176178572
239409.0376580441	6000.0	2492.7910666177304	0.0	0	0.0	2901.8287246621912	1	0	1.0	2.83289176178572
240560.2477768781	6000.0	2341.5809477837465	0.0	0	0.0	2901.8287246622203	1	0	1.0	2.8328917617857154
241597.17012700887	6000.0	2304.658597652977	0.0	0	0.0	2901.8287246622203	1	0	1.0	2.8328917617857154
242617.90793233403	6000.0	2283.920792327778	0.0	0	0.0	2901.8287246621912	1	0	1.0	2.832891761785717
243367.77333655173	6000.0	2534.0553881100345	0.0	0	0.0	2901.8287246621912	1	0	1.0	2.83289176178572
244200.0	6000.0	2701.828724661751	0.0	0	161.44633210028405	2901.8287246622203	1	0	1.0	2.8328917617857154
245277.35984070748	6000.0	2624.4688839542555	0.0	0	0.0	2901.8287246621912	1	0	1.0	2.83289176178572
246200.0	6000.0	2701.8287246617324	0.0	0	6.581038243282819	2901.8287246621912	1	0	1.0	2.83289176178572
247272.96634097045	6000.0	2628.862383691287	0.0	0	0.0	2901.8287246622203	1	0	1.0	2.8328917617857154
248392.8915692486	6000.0	2508.9371554131285	0.0	0	0.0	2901.8287246622203	1	0	1.0	2.8328917617857154
249401.93450054398	6000.0	2499.894224117768	0.0	0	0.0	2901.8287246622203	1	0	1.0	2.8328917617857154
250220.19276866462	6000.0	2681.6359559971397	0.0	0	0.0	2901.8287246622494	1	0	1.0	2.83289176178571
251200.0	6000.0	2701.8287246617833	0.0	0	344.31004208279774	2901.8287246622494	1	0	1.0	2.83289176178571
252272.9688085422	6000.0	2628.859916119545	0.0	0	0.0	2901.8287246622494	1	0	1.0	2.83289176178571
253336.752363174	6000.0	2565.0763614877883	0.0	0	0.0	2901.8287246622785	1	0	1.0	2.8328917617857052
254200.0	6000.0	2701.8287246617842	0.0	0	257.062003534782	2901.8287246622785	1	0	1.0	2.8328917617857052
255200.0	6000.0	2701.828724661774	0.0	0	143.40971925397753	2901.8287246622785	1	0	1.0	2.8328917617857052
256398.44262802516	6000.0	2503.386096636627	0.0	0	0.0	2901.8287246622494	1	0	1.0	2.83289176178571
257200.0	6000.0	2701.8287246618265	0.0	0	156.20571274519898	2901.8287246622785	1	0	1.0	2.8328917617857052
258200.0	6000.0	2701.8287246618092	0.0	0	178.36164251179434	2901.8287246622785	1	0	1.0	2.8328917617857052
259200.0	6000.0	2701.8287246618	0.0	0	41.710239246778656	2901.8287246622494	1	0	1.0	2.83289176178571
260200.0	6000.0	2701.828724661797	0.0	0	210.061772857327	2901.8287246622494	1	0	1.0	2.83289176178571
261200.0	6000.0	2701.828724661817	0.0	0	215.16338519367855	2901.8287246622494	1	0	1.0	2.83289176178571
262475.21134118846	6000.0	2426.6173834733704	0.0	0	0.0	2901.8287246622494	1	0	1.0	2.83289176178571
263288.19841954764	6000.0	2613.6303051141767	0.0	0	0.0	2901.8287246622203	1	0	1.0	2.8328917617857092
264200.0	6000.0	2701.8287246618515	0.0	0	226.81411654892145	2901.8287246622785	1	0	1.0	2.8328917617857092
265226.53185247094	6000.0	2675.2968721908537	0.0	0	0.0	2901.8287246622494	1	0	1.0	2.832891761785711
266200.0	6000.0	2701.8287246617556	0.0	0	345.9849500161945	2901.8287246622494	1	0	1.0	2.83289176178571
267200.0	6000.0	2701.828724661779	0.0	0	499.86953586235177	2901.8287246623076	1	0	1.0	2.832891761785701
268200.0	6000.0	2701.828724661771	0.0	0	294.7820955197094	2901.8287246623076	1	0	1.0	2.832891761785701
269200.0	6000.0	2701.828724661737	0.0	0	267.03825373668224	2901.828724662366	1	0	1.0	2.8328917617856906
270200.0	6000.0	2701.8287246616746	0.0	0	69.25971601216588	2901.828724662366	1	0	1.0	2.8328917617856906
271408.86532124603	6000.0	2492.9634034156643	0.0	0	0.0	2901.828724662424	1	0	1.0	2.8328917617856813
272270.16145418794	6000.0	2631.6672704737457	0.0	0	0.0	2901.8287246624823	1	0	1.0	2.832891761785672
273200.0	6000.0	2701.8287246616446	0.0	0	119.26410543487873	2901.828724662424	1	0	1.0	2.8328917617856813
274200.0	6000.0	2701.8287246616856	0.0	0	31.33866484137252	2901.828724662424	1	0	1.0	2.8328917617856813
275200.0	6000.0	2701.828724661693	0.0	0	110.4313571996172	2901.8287246624823	1	0	1.0	2.832891761785672
276200.0	6000.0	2701.828724661683	0.0	0	542.4393025679165	2901.828724662366	1	0	1.0	2.832891761785689
277200.0	6000.0	2701.828724661749	0.0	0	448.5267738805269	2901.828724662366	1	0	1.0	2.8328917617856906
278200.0	6000.0	2701.828724661761	0.0	0	490.23004426207626	2901.828724662366	1	0	1.0	2.8328917617856906
279200.0	6000.0	2701.8287246617447	0.0	0	269.1451902183471	2901.828724662366	1	0	1.0	2.8328917617856906
280230.3813266843	6000.0	2671.4473979775007	0.0	0	0.0	2901.828724662366	1	0	1.0	2.8328917617856906
281245.15375244553	6000.0	2656.674972216277	0.0	0	0.0	2901.828724662366	1	0	1.0	2.8328917617856906
282200.0	6000.0	2701.8287246618174	0.0	0	54.558261175465304	2901.828724662366	1	0	1.0	2.8328917617856906
283200.0	6000.0	2701.828724661866	0.0	0	435.92419212753884	2901.828724662424	1	0	1.0	2.8328917617856813
284200.0	6000.0	2701.8287246619084	0.0	0	549.2409025310772	2901.828724662424	1	0	1.0	2.8328917617856813
285218.2126324305	6000.0	2683.6160922313557	0.0	0	0.0	2901.828724662424	1	0	1.0	2.8328917617856813
286393.46566639194	6000.0	2508.3630582699234	0.0	0	0.0	2901.828724662366	1	0	1.0	2.8328917617856906
287731.0561637181	6000.0	2170.772560943804	0.0	0	0.0	2901.828724662424	1	0	1.0	2.832891761785687
288847.8109242137	6000.0	2054.017800448175	0.0	0	0.0	2901.828724662424	1	0	1.0	2.8328917617856813
289611.44014550047	6000.0	2290.3885791614116	0.0	0	0.0	2901.8287246624823	1	0	1.0	2.8328917617856777
290324.8104035508	6000.0	2577.0183211111266	0.0	0	0.0	2901.8287246624823	1	0	1.0	2.832891761785672
291200.0	6000.0	2701.828724661936	0.0	0	50.19325423880946	2901.8287246624823	1	0	1.0	2.832891761785672
292309.5779836571	6000.0	2592.2507410048834	0.0	0	0.0	2901.8287246624823	1	0	1.0	2.832891761785672
293349.9829503104	6000.0	2551.8457743515282	0.0	0	0.0	2901.8287246624823	1	0	1.0	2.832891761785672
294200.0	6000.0	2701.828724661932	0.0	0	271.3813462348771	2901.8287246624823	1	0	1.0	2.832891761785672
295200.0	6000.0	2701.8287246619116	0.0	0	292.73762619897025	2901.8287246624823	1	0	1.0	2.832891761785672
296200.0	6000.0	2701.8287246619057	0.0	0	192.3631371727679	2901.8287246624823	1	0	1.0	2.832891761785672
297200.0	6000.0	2701.828724661867	0.0	0	49.186189548810944	2901.828724662424	1	0	1.0	2.8328917617856813
298200.0	6000.0	2701.8287246618506	0.0	0	236.89822060405277	2901.828724662424	1	0	1.0	2.8328917617856813
299200.0	6000.0	2701.8287246618447	0.0	0	100.17140900029335	2901.828724662424	1	0	1.0	2.8328917617856813
300200.7333792409	6000.0	2701.0953454209607	0.0	0	0.0	2901.828724662424	1	0	1.0	2.8328917617856813
301200.0	6000.0	2701.828724661844	0.0	0	255.7214147626073	2901.828724662424	1	0	1.0	2.8328917617856813
302200.0	6000.0	2701.8287246619334	0.0	0	278.0170579534606	2901.828724662424	1	0	1.0	2.8328917617856813
7.12	9.48	10.4	11.7	9.44	7.78	9.77	12.9	17.0	8.1	6.37	9.1	8.24	10.1	9.2	11.4	10.8	7.3	7.56	7.47	6.71	5.63	9.95	10.7	11.1	10.7	8.95	10.4	8.84	11.2	7.32	9.72	10.9	8.76	6.28	7.62	4.61	7.88	10.6	9.66	8.158904761904761	11.71090476190476	8.61490476190476	7.762904761904762	9.226904761904763	6.838904761904761	8.09890476190476	10.870904761904761	9.034904761904762	9.442904761904762	9.958904761904762	10.630904761904763	10.186904761904762	9.17890476190476	7.210904761904762	12.91090476190476	10.21090476190476	7.678904761904762	6.790904761904761	9.250904761904762	8.134904761904762	9.766904761904762	10.126904761904763	10.39090476190476	5.914904761904761	12.550904761904762	7.450904761904762	8.374904761904762	4.522904761904762	14.11090476190476	10.990904761904762	7.846904761904762	9.946904761904761	10.870904761904761	7.594904761904761	5.6149047619047625	3.2509047619047626	4.942904761904762	5.890904761904761	7.894904761904761	5.206904761904762	7.942904761904762	9.12	7.25	9.07	6.09	6.67	7.23	5.64	6.94	6.8	7.27	5.19	5.8	5.62	5.9	6.5	7.89	6.45	7.69	8.77	7.44	6.5	9.54	6.0	8.16	8.32	5.75	5.14	6.96	9.15	8.09	11.8	9.49	8.18	12.1	7.88	5.0	9.56	9.11	6.94	9.5	12.6	12.5	8.75	10.6	5.61	6.97	9.45	11.7	9.383368421052632	7.787368421052632	6.071368421052632	5.651368421052632	7.5953684210526315	7.739368421052632	9.21536842105263	6.083368421052632	6.791368421052631	7.331368421052632	11.567368421052631	9.359368421052633	6.527368421052632	6.815368421052632	5.771368421052632	7.775368421052632	7.415368421052632	7.763368421052633	7.0553684210526315	10.0	7.12	9.48	10.4	11.7	9.44	7.78	9.77	12.9	17.0	8.1	6.37	9.1	8.24	10.1	9.2	11.4	10.8	7.3	7.56	7.47	6.71	5.63	9.95	10.7	11.1	10.7	8.95	10.4	8.84	11.2	7.32	9.72	10.9	8.76	6.28	7.62	4.61	7.88	10.6	9.66	8.158904761904761	11.71090476190476	8.61490476190476	7.762904761904762	9.226904761904763	6.838904761904761	8.09890476190476	10.870904761904761	9.034904761904762	9.442904761904762	9.958904761904762	10.630904761904763	10.186904761904762	9.17890476190476	7.210904761904762	12.91090476190476	10.21090476190476	7.678904761904762	6.790904761904761	9.250904761904762	8.134904761904762	9.766904761904762	10.126904761904763	10.39090476190476	5.914904761904761	12.550904761904762	7.450904761904762	8.374904761904762	4.522904761904762	14.11090476190476	10.990904761904762	7.846904761904762	9.946904761904761	10.870904761904761	7.594904761904761	5.6149047619047625	3.2509047619047626	4.942904761904762	5.890904761904761	7.894904761904761	5.206904761904762	7.942904761904762	9.12	7.25	9.07	6.09	6.67	7.23	5.64	6.94	6.8	7.27	5.19	5.8	5.62	5.9	6.5	7.89	6.45	7.69	8.77	7.44	6.5	9.54	6.0	8.16	8.32	5.75	5.14	6.96	9.15	8.09	11.8	9.49	8.18	12.1	7.88	5.0	9.56	9.11	6.94	9.5	12.6	12.5	8.75	10.6	5.61	6.97	9.45	11.7	9.383368421052632	7.787368421052632	6.071368421052632	5.651368421052632	7.5953684210526315	7.739368421052632	9.21536842105263	6.083368421052632	6.791368421052631	7.331368421052632	11.567368421052631	9.359368421052633	6.527368421052632	6.815368421052632	5.771368421052632	7.775368421052632	7.415368421052632	7.763368421052633	7.0553684210526315	10.0	7.12	9.48	10.4
1.0	2.0	3.0	4.0	5.0	6.0	7.0	8.0	9.0	10.0	11.0	12.0	13.0	14.0	15.0	16.0	17.0	18.0	19.0	20.0	21.0	22.0	23.0	24.0	25.0	26.0	27.0	28.0	29.0	30.0	31.0	32.0	33.0	34.0	35.0	36.0	37.0	38.0	39.0	40.0	41.0	42.0	43.0	44.0	45.0	46.0	47.0	48.0	49.0	50.0	51.0	52.0	53.0	54.0	55.0	56.0	57.0	58.0	59.0	60.0	61.0	62.0	63.0	64.0	65.0	66.0	67.0	68.0	69.0	70.0	71.0	72.0	73.0	74.0	75.0	76.0	77.0	78.0	79.0	80.0	81.0	82.0	83.0	84.0	85.0	86.0	87.0	88.0	89.0	90.0	91.0	92.0	93.0	94.0	95.0	96.0	97.0	98.0	99.0	100.0	101.0	102.0	103.0	104.0	105.0	106.0	107.0	108.0	109.0	110.0	111.0	112.0	113.0	114.0	115.0	116.0	117.0	118.0	119.0	120.0	121.0	122.0	123.0	124.0	125.0	126.0	127.0	128.0	129.0	130.0	131.0	132.0	133.0	134.0	135.0	136.0	137.0	138.0	139.0	140.0	141.0	142.0	143.0	144.0	145.0	146.0	147.0	148.0	149.0	149.0	150.0	151.0	152.0	153.0	154.0	155.0	156.0	157.0	158.0	159.0	160.0	161.0	162.0	163.0	164.0	165.0	166.0	167.0	168.0	169.0	170.0	171.0	172.0	173.0	174.0	175.0	176.0	177.0	178.0	179.0	180.0	181.0	182.0	183.0	184.0	185.0	186.0	187.0	188.0	189.0	190.0	191.0	192.0	193.0	194.0	195.0	196.0	197.0	198.0	199.0	200.0	201.0	202.0	203.0	204.0	205.0	206.0	207.0	208.0	209.0	210.0	211.0	212.0	213.0	214.0	215.0	216.0	217.0	218.0	219.0	220.0	221.0	222.0	223.0	224.0	225.0	226.0	227.0	228.0	229.0	230.0	231.0	232.0	233.0	234.0	235.0	236.0	237.0	238.0	239.0	240.0	241.0	242.0	243.0	244.0	245.0	246.0	247.0	248.0	249.0	250.0	251.0	252.0	253.0	254.0	255.0	256.0	257.0	258.0	259.0	260.0	261.0	262.0	263.0	264.0	265.0	266.0	267.0	268.0	269.0	270.0	271.0	272.0	273.0	274.0	275.0	276.0	277.0	278.0	279.0	280.0	281.0	282.0	283.0	284.0	285.0	286.0	287.0	288.0	289.0	290.0	291.0	292.0	293.0	294.0	295.0	296.0	297.0	298.0	298.0	299.0	300.0	301.0
4456.955300557202
