2457.7157359885628	2000.0	2000.0	187.23546211160746	0	0.0	2457.7157359885628	1	0	1.0	-1.2214589212584408
3200.0	6000.0	2257.7157359885628	0.0	0	141.72735644596605	2457.715735988563	1	0	1.0	1.7944794141980318
4200.0	6000.0	2257.715735988563	0.0	0	288.06842462496206	2457.715735988563	1	0	1.0	2.8930917028661414
5200.0	6000.0	2257.715735988563	0.0	0	270.875558489387	2457.7157359885637	1	0	1.0	2.8930917028661414
6200.0	6000.0	2257.715735988564	0.0	0	353.46508638580144	2457.7157359885646	1	0	1.0	2.8930917028661414
7200.0	6000.0	2257.7157359885646	0.0	0	199.26627864639886	2457.715735988565	1	0	1.0	2.8930917028661414
8200.0	6000.0	2257.715735988565	0.0	0	465.0422218807571	2457.715735988565	1	0	1.0	2.8930917028661414
9200.0	6000.0	2257.715735988566	0.0	0	316.53652715769203	2457.715735988566	1	0	1.0	2.8930917028661414
10221.373538563372	6000.0	2236.3421974251933	0.0	0	0.0	2457.715735988565	1	0	1.0	2.893091702866141
11293.021377826126	6000.0	2164.69435816244	0.0	0	0.0	2457.715735988566	1	0	1.0	2.8930917028661405
12325.62277112693	6000.0	2132.0929648616357	0.0	0	0.0	2457.715735988566	1	0	1.0	2.8930917028661405
13200.0	6000.0	2257.715735988564	0.0	0	274.546478547265	2457.715735988566	1	0	1.0	2.8930917028661405
14200.0	6000.0	2257.7157359885655	0.0	0	378.0160809049521	2457.715735988566	1	0	1.0	2.8930917028661405
15200.0	6000.0	2257.715735988565	0.0	0	422.0278642479716	2457.715735988566	1	0	1.0	2.8930917028661405
16200.0	6000.0	2257.7157359885646	0.0	0	144.11903533541772	2457.715735988566	1	0	1.0	2.8930917028661405
17200.0	6000.0	2257.715735988567	0.0	0	252.07515944194165	2457.7157359885678	1	0	1.0	2.8930917028661405
18200.0	6000.0	2257.715735988566	0.0	0	102.2979989194755	2457.7157359885678	1	0	1.0	2.8930917028661405
19200.0	6000.0	2257.7157359885623	0.0	0	359.3876758417682	2457.715735988564	1	0	1.0	2.893091702866141
20200.0	6000.0	2257.715735988564	0.0	0	25.261610812030995	2457.715735988564	1	0	1.0	2.8930917028661414
21200.0	6000.0	2257.715735988563	0.0	0	168.5891916181281	2457.7157359885605	1	0	1.0	2.893091702866142
22200.0	6000.0	2257.7157359885628	0.0	0	254.8260503418096	2457.7157359885605	1	0	1.0	2.893091702866142
23200.0	6000.0	2257.715735988562	0.0	0	364.30228925788106	2457.7157359885605	1	0	1.0	2.893091702866142
24200.0	6000.0	2257.715735988564	0.0	0	54.025772409331694	2457.7157359885605	1	0	1.0	2.893091702866142
25200.0	6000.0	2257.715735988564	0.0	0	229.93948475271463	2457.715735988564	1	0	1.0	2.8930917028661414
26200.0	6000.0	2257.715735988567	0.0	0	105.32778992721796	2457.715735988564	1	0	1.0	2.8930917028661414
27200.0	6000.0	2257.715735988567	0.0	0	283.98743149487564	2457.715735988564	1	0	1.0	2.8930917028661414
28200.0	6000.0	2257.7157359885678	0.0	0	209.35543523681554	2457.715735988564	1	0	1.0	2.8930917028661414
29200.0	6000.0	2257.7157359885673	0.0	0	207.74468702187005	2457.715735988564	1	0	1.0	2.8930917028661414
30200.0	6000.0	2257.7157359885705	0.0	0	151.6358613669181	2457.715735988564	1	0	1.0	2.8930917028661414
31200.0	6000.0	2257.7157359885723	0.0	0	78.39612967324865	2457.7157359885605	1	0	1.0	2.893091702866142
32200.0	6000.0	2257.7157359885737	0.0	0	298.97768116042425	2457.7157359885605	1	0	1.0	2.893091702866142
33200.0	6000.0	2257.7157359885696	0.0	0	352.2336646588301	2457.715735988557	1	0	1.0	2.893091702866142
34200.0	6000.0	2257.7157359885737	0.0	0	407.14458563039807	2457.715735988557	1	0	1.0	2.893091702866142
35200.0	6000.0	2257.715735988576	0.0	0	230.73169431459974	2457.7157359885605	1	0	1.0	2.893091702866142
36200.0	6000.0	2257.715735988564	0.0	0	131.57150995340635	2457.715735988553	1	0	1.0	2.8930917028661423
37200.0	6000.0	2257.715735988562	0.0	0	367.649221685424	2457.715735988553	1	0	1.0	2.8930917028661423
38200.0	6000.0	2257.7157359885528	0.0	0	360.3196538123084	2457.715735988553	1	0	1.0	2.8930917028661423
39200.0	6000.0	2257.7157359885564	0.0	0	26.61842428471573	2457.715735988553	1	0	1.0	2.8930917028661423
40200.0	6000.0	2257.7157359885564	0.0	0	76.90373203974741	2457.715735988553	1	0	1.0	2.8930917028661423
41200.0	6000.0	2257.7157359885623	0.0	0	398.5827226104375	2457.715735988553	1	0	1.0	2.8930917028661423
42200.0	6000.0	2257.715735988567	0.0	0	195.21186843497708	2457.7157359885605	1	0	1.0	2.893091702866142
43200.0	6000.0	2257.7157359885646	0.0	0	199.02844079295755	2457.7157359885605	1	0	1.0	2.893091702866142
44200.0	6000.0	2257.7157359885587	0.0	0	402.594763236797	2457.7157359885605	1	0	1.0	2.893091702866142
45200.0	6000.0	2257.715735988557	0.0	0	376.9096126732329	2457.7157359885605	1	0	1.0	2.893091702866142
46200.0	6000.0	2257.715735988554	0.0	0	288.89824482105905	2457.7157359885605	1	0	1.0	2.893091702866142
47200.0	6000.0	2257.7157359885523	0.0	0	385.50078439700883	2457.7157359885605	1	0	1.0	2.893091702866142
48200.0	6000.0	2257.7157359885555	0.0	0	169.3968163476602	2457.7157359885678	1	0	1.0	2.8930917028661405
49200.0	6000.0	2257.715735988558	0.0	0	301.22553823013004	2457.7157359885678	1	0	1.0	2.8930917028661405
50200.0	6000.0	2257.7157359885487	0.0	0	49.08716240151989	2457.7157359885678	1	0	1.0	2.8930917028661405
51200.0	6000.0	2257.715735988545	0.0	0	290.7590995349965	2457.7157359885678	1	0	1.0	2.8930917028661405
52200.0	6000.0	2257.7157359885423	0.0	0	429.93372746678506	2457.7157359885678	1	0	1.0	2.8930917028661405
53200.0	6000.0	2257.715735988549	0.0	0	302.38842444954935	2457.7157359885678	1	0	1.0	2.8930917028661405
54200.0	6000.0	2257.715735988558	0.0	0	118.77216823759954	2457.7157359885678	1	0	1.0	2.8930917028661405
55200.0	6000.0	2257.7157359885623	0.0	0	282.03712497939705	2457.7157359885678	1	0	1.0	2.8930917028661405
56200.0	6000.0	2257.715735988558	0.0	0	366.1806331519765	2457.7157359885678	1	0	1.0	2.8930917028661405
57200.0	6000.0	2257.715735988559	0.0	0	153.20743816628965	2457.7157359885678	1	0	1.0	2.8930917028661405
58200.0	6000.0	2257.7157359885505	0.0	0	118.04161338257836	2457.7157359885678	1	0	1.0	2.8930917028661405
59200.0	6000.0	2257.7157359885587	0.0	0	105.57168179501605	2457.7157359885678	1	0	1.0	2.8930917028661405
60200.0	6000.0	2257.715735988553	0.0	0	310.0378001590725	2457.7157359885678	1	0	1.0	2.8930917028661405
61200.0	6000.0	2257.715735988558	0.0	0	312.70270336186513	2457.7157359885678	1	0	1.0	2.8930917028661405
62200.0	6000.0	2257.7157359885587	0.0	0	277.4944644927891	2457.7157359885678	1	0	1.0	2.8930917028661405
63200.0	6000.0	2257.7157359885655	0.0	0	22.526444388226082	2457.715735988575	1	0	1.0	2.89309170286614
64200.0	6000.0	2257.715735988572	0.0	0	121.71416868347296	2457.715735988575	1	0	1.0	2.89309170286614
65200.0	6000.0	2257.7157359885714	0.0	0	289.460269197436	2457.715735988575	1	0	1.0	2.89309170286614
66200.0	6000.0	2257.7157359885796	0.0	0	207.98423347089556	2457.715735988597	1	0	1.0	2.8930917028661383
67200.0	6000.0	2257.7157359885896	0.0	0	272.769194896362	2457.7157359886114	1	0	1.0	2.893091702866136
68200.0	6000.0	2257.7157359885937	0.0	0	220.84549165501085	2457.7157359886187	1	0	1.0	2.893091702866135
69200.0	6000.0	2257.715735988605	0.0	0	68.57402982427448	2457.715735988604	1	0	1.0	2.893091702866137
70200.0	6000.0	2257.7157359886146	0.0	0	32.30854307203845	2457.715735988604	1	0	1.0	2.893091702866137
71200.0	6000.0	2257.71573598861	0.0	0	92.22921826835955	2457.715735988604	1	0	1.0	2.893091702866137
72200.0	6000.0	2257.7157359885905	0.0	0	156.45895552710863	2457.715735988604	1	0	1.0	2.893091702866137
73200.0	6000.0	2257.7157359886023	0.0	0	438.890839762782	2457.7157359886187	1	0	1.0	2.893091702866135
74200.0	6000.0	2257.7157359885987	0.0	0	140.75504668275244	2457.7157359886187	1	0	1.0	2.893091702866135
75200.0	6000.0	2257.7157359885778	0.0	0	165.24472133495146	2457.7157359886187	1	0	1.0	2.893091702866135
76200.0	6000.0	2257.715735988569	0.0	0	449.6212360251375	2457.7157359886187	1	0	1.0	2.893091702866135
77200.0	6000.0	2257.7157359885614	0.0	0	344.67885740319616	2457.7157359886187	1	0	1.0	2.893091702866135
78200.0	6000.0	2257.715735988573	0.0	0	300.38222438655794	2457.7157359886187	1	0	1.0	2.893091702866135
79200.0	6000.0	2257.7157359885773	0.0	0	347.3211690878379	2457.7157359886187	1	0	1.0	2.893091702866135
80200.0	6000.0	2257.715735988578	0.0	0	220.2515574824647	2457.7157359886187	1	0	1.0	2.893091702866135
81200.0	6000.0	2257.7157359885964	0.0	0	35.96757858125784	2457.7157359886187	1	0	1.0	2.893091702866135
82200.0	6000.0	2257.7157359886023	0.0	0	291.0021582652116	2457.7157359886187	1	0	1.0	2.893091702866135
83200.0	6000.0	2257.715735988603	0.0	0	31.185516307872604	2457.7157359886187	1	0	1.0	2.893091702866135
84200.0	6000.0	2257.715735988602	0.0	0	371.5376534825191	2457.7157359886187	1	0	1.0	2.893091702866135
85200.0	6000.0	2257.7157359886196	0.0	0	219.35011626034975	2457.7157359886187	1	0	1.0	2.893091702866135
86200.0	6000.0	2257.7157359886173	0.0	0	61.39254298216838	2457.7157359886187	1	0	1.0	2.893091702866135
87200.0	6000.0	2257.715735988624	0.0	0	349.33962933444127	2457.7157359886187	1	0	1.0	2.893091702866135
88200.0	6000.0	2257.715735988611	0.0	0	417.8488893430913	2457.7157359886187	1	0	1.0	2.893091702866135
89200.0	6000.0	2257.7157359886105	0.0	0	358.6626216959412	2457.7157359886187	1	0	1.0	2.893091702866135
90200.0	6000.0	2257.7157359886173	0.0	0	107.47855204844382	2457.7157359886187	1	0	1.0	2.893091702866135
91200.0	6000.0	2257.715735988601	0.0	0	349.6389770350361	2457.7157359886187	1	0	1.0	2.893091702866135
92200.0	6000.0	2257.7157359885996	0.0	0	250.79405162208423	2457.7157359886332	1	0	1.0	2.8930917028661334
93200.0	6000.0	2257.715735988599	0.0	0	367.4544062232162	2457.7157359886332	1	0	1.0	2.8930917028661334
94200.0	6000.0	2257.7157359886073	0.0	0	166.80817089846823	2457.7157359886187	1	0	1.0	2.893091702866135
95200.0	6000.0	2257.7157359885937	0.0	0	263.8120894622407	2457.715735988604	1	0	1.0	2.893091702866137
96200.0	6000.0	2257.7157359885787	0.0	0	409.39147867821157	2457.7157359885896	1	0	1.0	2.8930917028661387
97200.0	6000.0	2257.71573598859	0.0	0	107.01177804156032	2457.7157359885896	1	0	1.0	2.8930917028661387
98200.0	6000.0	2257.7157359886014	0.0	0	249.66358117124764	2457.715735988604	1	0	1.0	2.893091702866137
99200.0	6000.0	2257.715735988596	0.0	0	286.12241529810126	2457.715735988604	1	0	1.0	2.893091702866137
100200.0	6000.0	2257.7157359886	0.0	0	95.22886981505144	2457.7157359886187	1	0	1.0	2.893091702866135
101200.0	6000.0	2257.7157359886	0.0	0	72.17732318482012	2457.7157359886187	1	0	1.0	2.893091702866135
102200.0	6000.0	2257.71573598858	0.0	0	255.6535854899994	2457.715735988604	1	0	1.0	2.893091702866137
103200.0	6000.0	2257.715735988572	0.0	0	144.0116413184296	2457.715735988604	1	0	1.0	2.893091702866137
104200.0	6000.0	2257.7157359885755	0.0	0	516.2906530896435	2457.715735988604	1	0	1.0	2.893091702866137
105200.0	6000.0	2257.715735988583	0.0	0	318.3927936795226	2457.715735988604	1	0	1.0	2.893091702866137
106200.0	6000.0	2257.7157359885737	0.0	0	337.87442615612235	2457.715735988604	1	0	1.0	2.893091702866137
107200.0	6000.0	2257.7157359885728	0.0	0	376.12798894448497	2457.715735988604	1	0	1.0	2.893091702866137
108200.0	6000.0	2257.7157359885564	0.0	0	444.67179729977215	2457.715735988604	1	0	1.0	2.893091702866137
109200.0	6000.0	2257.7157359885578	0.0	0	346.256184335798	2457.715735988604	1	0	1.0	2.893091702866137
110200.0	6000.0	2257.715735988553	0.0	0	448.46322181004507	2457.715735988604	1	0	1.0	2.893091702866137
111200.0	6000.0	2257.715735988563	0.0	0	317.25014680869936	2457.7157359886187	1	0	1.0	2.893091702866135
112200.0	6000.0	2257.715735988565	0.0	0	224.51155818685947	2457.7157359886187	1	0	1.0	2.893091702866135
113200.0	6000.0	2257.7157359885655	0.0	0	357.0170757169981	2457.7157359886332	1	0	1.0	2.8930917028661334
114200.0	6000.0	2257.7157359885523	0.0	0	464.41049539714004	2457.7157359886332	1	0	1.0	2.8930917028661334
115200.0	6000.0	2257.7157359885587	0.0	0	256.351933231781	2457.7157359886332	1	0	1.0	2.8930917028661334
116200.0	6000.0	2257.715735988558	0.0	0	109.58231161021104	2457.7157359886332	1	0	1.0	2.8930917028661334
117200.0	6000.0	2257.715735988563	0.0	0	415.26389771318645	2457.7157359886187	1	0	1.0	2.893091702866135
118200.0	6000.0	2257.715735988556	0.0	0	293.0783777522738	2457.7157359886187	1	0	1.0	2.893091702866135
119200.0	6000.0	2257.7157359885614	0.0	0	193.1668123632262	2457.7157359886332	1	0	1.0	2.8930917028661334
120200.0	6000.0	2257.7157359885564	0.0	0	448.79893447035283	2457.7157359886332	1	0	1.0	2.8930917028661334
121200.0	6000.0	2257.7157359885523	0.0	0	305.0314733569976	2457.715735988648	1	0	1.0	2.8930917028661316
122200.0	6000.0	2257.715735988545	0.0	0	172.00359014121932	2457.715735988648	1	0	1.0	2.8930917028661316
123200.0	6000.0	2257.7157359885405	0.0	0	100.5045409721206	2457.715735988648	1	0	1.0	2.8930917028661316
124200.0	6000.0	2257.715735988531	0.0	0	227.80417381657753	2457.715735988648	1	0	1.0	2.8930917028661316
125200.0	6000.0	2257.7157359885437	0.0	0	177.5474468373286	2457.715735988648	1	0	1.0	2.8930917028661316
126200.0	6000.0	2257.7157359885414	0.0	0	216.0259590411879	2457.715735988648	1	0	1.0	2.8930917028661316
127200.0	6000.0	2257.7157359885414	0.0	0	135.26470932482334	2457.7157359886332	1	0	1.0	2.8930917028661334
128200.0	6000.0	2257.7157359885427	0.0	0	245.45901640238299	2457.7157359886332	1	0	1.0	2.8930917028661334
129200.0	6000.0	2257.7157359885555	0.0	0	254.6449811852508	2457.7157359886332	1	0	1.0	2.8930917028661334
130200.0	6000.0	2257.7157359885446	0.0	0	186.86117141175782	2457.7157359886332	1	0	1.0	2.8930917028661334
131200.0	6000.0	2257.7157359885605	0.0	0	479.6926280336338	2457.7157359886332	1	0	1.0	2.8930917028661334
132200.0	6000.0	2257.7157359885423	0.0	0	290.6396844944102	2457.715735988604	1	0	1.0	2.893091702866136
133200.0	6000.0	2257.7157359885105	0.0	0	155.6600363093603	2457.7157359885605	1	0	1.0	2.8930917028661405
134200.0	6000.0	2257.7157359885023	0.0	0	273.7079482637055	2457.715735988575	1	0	1.0	2.89309170286614
135200.0	6000.0	2257.715735988488	0.0	0	119.45949205782381	2457.715735988575	1	0	1.0	2.89309170286614
136200.0	6000.0	2257.715735988503	0.0	0	385.3309629037394	2457.715735988575	1	0	1.0	2.89309170286614
137200.0	6000.0	2257.7157359885396	0.0	0	69.15647052205168	2457.715735988575	1	0	1.0	2.89309170286614
138200.0	6000.0	2257.7157359885337	0.0	0	131.00400929819443	2457.715735988575	1	0	1.0	2.89309170286614
139200.0	6000.0	2257.715735988558	0.0	0	314.843030063872	2457.715735988575	1	0	1.0	2.89309170286614
140232.48351132518	6000.0	2225.232224663384	0.0	0	0.0	2457.715735988604	1	0	1.0	2.893091702866137
141200.0	6000.0	2257.715735988545	0.0	0	204.49598458514083	2457.715735988604	1	0	1.0	2.893091702866137
142200.0	6000.0	2257.715735988531	0.0	0	537.3489796723588	2457.715735988604	1	0	1.0	2.893091702866137
143200.0	6000.0	2257.715735988541	0.0	0	479.03991472764756	2457.715735988604	1	0	1.0	2.893091702866137
144200.0	6000.0	2257.71573598852	0.0	0	96.67890691416687	2457.715735988604	1	0	1.0	2.893091702866137
145517.06693687505	6000.0	1940.6487991134816	0.0	0	0.0	2457.7157359886332	1	0	1.0	2.8930917028661334
146261.31806837424	6000.0	2196.3976676142997	0.0	0	0.0	2457.7157359886332	1	0	1.0	2.8930917028661334
147200.0	6000.0	2257.715735988519	0.0	0	191.33512996384525	2457.7157359886332	1	0	1.0	2.8930917028661334
148200.0	6000.0	2257.7157359885337	0.0	0	57.06429385396768	2457.7157359886332	1	0	1.0	2.8930917028661334
149200.0	6000.0	2257.7157359885464	0.0	0	171.01703226045356	2457.7157359886623	1	0	1.0	2.8930917028661307
150200.0	6000.0	2257.715735988551	0.0	0	227.42615918957745	2457.7157359886623	1	0	1.0	2.8930917028661307
151200.0	6000.0	2257.7157359885637	0.0	0	361.15156411516364	2457.7157359886623	1	0	1.0	2.8930917028661307
152200.0	6000.0	2257.715735988548	0.0	0	170.58158503539744	2457.7157359886623	1	0	1.0	2.8930917028661307
153200.0	6000.0	2257.7157359885714	0.0	0	201.9551171270723	2457.7157359886332	1	0	1.0	2.8930917028661334
154200.0	6000.0	2257.7157359885578	0.0	0	99.27443600894185	2457.7157359886332	1	0	1.0	2.8930917028661334
155200.0	6000.0	2257.715735988519	0.0	0	51.456618231517496	2457.715735988604	1	0	1.0	2.893091702866137
156200.0	6000.0	2257.7157359885123	0.0	0	248.83948046609294	2457.715735988604	1	0	1.0	2.893091702866137
157200.0	6000.0	2257.715735988469	0.0	0	296.4021854765597	2457.715735988604	1	0	1.0	2.893091702866137
158200.0	6000.0	2257.7157359884895	0.0	0	459.2668352003384	2457.715735988604	1	0	1.0	2.893091702866137
159200.0	6000.0	2257.71573598848	0.0	0	377.8291679089016	2457.715735988604	1	0	1.0	2.893091702866137
160200.0	6000.0	2257.715735988463	0.0	0	88.39209472309449	2457.715735988604	1	0	1.0	2.893091702866137
161200.0	6000.0	2257.7157359884704	0.0	0	358.1816014496435	2457.715735988575	1	0	1.0	2.89309170286614
162209.00519901735	6000.0	2248.7105369711385	0.0	0	0.0	2457.715735988575	1	0	1.0	2.89309170286614
163200.0	6000.0	2257.71573598849	0.0	0	81.36885146301938	2457.715735988546	1	0	1.0	2.893091702866143
164200.0	6000.0	2257.715735988497	0.0	0	328.86222058010753	2457.715735988546	1	0	1.0	2.893091702866143
165200.0	6000.0	2257.7157359885377	0.0	0	455.01568988821236	2457.715735988546	1	0	1.0	2.893091702866143
166200.0	6000.0	2257.7157359885473	0.0	0	324.25029811359127	2457.715735988546	1	0	1.0	2.893091702866143
167200.0	6000.0	2257.7157359885314	0.0	0	169.76654831395717	2457.715735988546	1	0	1.0	2.893091702866143
168200.0	6000.0	2257.7157359885246	0.0	0	194.26280421350384	2457.715735988546	1	0	1.0	2.893091702866143
169200.0	6000.0	2257.715735988528	0.0	0	247.70462029566988	2457.715735988546	1	0	1.0	2.893091702866143
170200.0	6000.0	2257.715735988535	0.0	0	106.2017072486924	2457.715735988546	1	0	1.0	2.893091702866143
171200.0	6000.0	2257.7157359885273	0.0	0	222.64649249846116	2457.715735988546	1	0	1.0	2.893091702866143
172200.0	6000.0	2257.7157359885246	0.0	0	138.62908008488012	2457.715735988517	1	0	1.0	2.8930917028661463
173200.0	6000.0	2257.7157359885173	0.0	0	352.35616007607314	2457.715735988517	1	0	1.0	2.8930917028661463
174200.0	6000.0	2257.715735988526	0.0	0	105.06149147826363	2457.715735988517	1	0	1.0	2.8930917028661463
175200.0	6000.0	2257.7157359884995	0.0	0	144.66756754936068	2457.715735988517	1	0	1.0	2.8930917028661463
176200.0	6000.0	2257.715735988512	0.0	0	388.7679181244748	2457.715735988546	1	0	1.0	2.893091702866143
177200.0	6000.0	2257.7157359885146	0.0	0	386.4835324496089	2457.715735988546	1	0	1.0	2.893091702866143
178200.0	6000.0	2257.715735988524	0.0	0	369.11660836439114	2457.715735988546	1	0	1.0	2.893091702866143
179200.0	6000.0	2257.7157359884864	0.0	0	318.3636879665719	2457.715735988517	1	0	1.0	2.8930917028661463
180200.0	6000.0	2257.715735988483	0.0	0	370.4213654960622	2457.715735988517	1	0	1.0	2.8930917028661463
181200.0	6000.0	2257.7157359884854	0.0	0	124.26326958293794	2457.715735988546	1	0	1.0	2.893091702866143
182200.0	6000.0	2257.715735988463	0.0	0	102.71840603044257	2457.715735988546	1	0	1.0	2.893091702866143
183200.0	6000.0	2257.715735988479	0.0	0	253.62256003543735	2457.715735988546	1	0	1.0	2.893091702866143
184200.0	6000.0	2257.7157359884627	0.0	0	310.85957242164295	2457.715735988546	1	0	1.0	2.893091702866143
185200.0	6000.0	2257.7157359884804	0.0	0	224.99780481943162	2457.715735988546	1	0	1.0	2.893091702866143
186200.0	6000.0	2257.715735988494	0.0	0	155.03446277353214	2457.715735988546	1	0	1.0	2.893091702866143
187200.0	6000.0	2257.715735988487	0.0	0	109.5111298977863	2457.715735988546	1	0	1.0	2.893091702866143
188200.0	6000.0	2257.7157359884704	0.0	0	188.869874977594	2457.715735988575	1	0	1.0	2.89309170286614
189200.0	6000.0	2257.715735988469	0.0	0	53.27399653024622	2457.715735988546	1	0	1.0	2.893091702866143
190200.0	6000.0	2257.715735988461	0.0	0	259.8264700715954	2457.715735988546	1	0	1.0	2.893091702866143
191200.0	6000.0	2257.715735988466	0.0	0	19.203128738416126	2457.715735988546	1	0	1.0	2.893091702866143
192200.0	6000.0	2257.7157359884573	0.0	0	196.82421475407318	2457.715735988546	1	0	1.0	2.893091702866143
193200.0	6000.0	2257.7157359884814	0.0	0	417.2881418907491	2457.715735988546	1	0	1.0	2.893091702866143
194200.0	6000.0	2257.715735988511	0.0	0	308.0432743681886	2457.715735988517	1	0	1.0	2.8930917028661463
195200.0	6000.0	2257.715735988521	0.0	0	51.558454077574424	2457.715735988546	1	0	1.0	2.893091702866143
196200.0	6000.0	2257.71573598854	0.0	0	24.26097858895082	2457.715735988546	1	0	1.0	2.893091702866143
197200.0	6000.0	2257.715735988531	0.0	0	190.1119295603712	2457.715735988517	1	0	1.0	2.8930917028661463
198200.0	6000.0	2257.7157359885455	0.0	0	82.44011748305638	2457.715735988517	1	0	1.0	2.8930917028661463
199200.0	6000.0	2257.715735988539	0.0	0	330.64416143632843	2457.715735988517	1	0	1.0	2.8930917028661463
200200.0	6000.0	2257.715735988533	0.0	0	9.909552622237243	2457.715735988517	1	0	1.0	2.8930917028661463
201200.0	6000.0	2257.7157359885364	0.0	0	378.1243500302662	2457.715735988517	1	0	1.0	2.8930917028661463
202200.0	6000.0	2257.7157359885423	0.0	0	246.96574245253578	2457.715735988546	1	0	1.0	2.893091702866143
203200.0	6000.0	2257.715735988525	0.0	0	367.5003116388689	2457.715735988546	1	0	1.0	2.893091702866143
204200.0	6000.0	2257.715735988503	0.0	0	61.1900926149392	2457.715735988546	1	0	1.0	2.893091702866143
205200.0	6000.0	2257.7157359885164	0.0	0	321.50865389360115	2457.715735988546	1	0	1.0	2.893091702866143
206200.0	6000.0	2257.715735988494	0.0	0	397.8915536852146	2457.715735988546	1	0	1.0	2.893091702866143
207200.0	6000.0	2257.715735988482	0.0	0	149.93299389918684	2457.715735988575	1	0	1.0	2.89309170286614
208200.0	6000.0	2257.7157359884677	0.0	0	425.07923731658957	2457.715735988546	1	0	1.0	2.893091702866143
209200.0	6000.0	2257.7157359884673	0.0	0	360.29484489624156	2457.715735988546	1	0	1.0	2.893091702866143
210200.0	6000.0	2257.7157359885136	0.0	0	34.837879697064636	2457.715735988546	1	0	1.0	2.893091702866143
211200.0	6000.0	2257.7157359885155	0.0	0	315.27463013184024	2457.715735988546	1	0	1.0	2.893091702866143
212200.0	6000.0	2257.715735988525	0.0	0	188.5118236085691	2457.715735988546	1	0	1.0	2.893091702866143
213200.0	6000.0	2257.715735988477	0.0	0	305.1345047232753	2457.715735988517	1	0	1.0	2.8930917028661463
214200.0	6000.0	2257.7157359884745	0.0	0	379.4310729118588	2457.715735988517	1	0	1.0	2.8930917028661463
215200.0	6000.0	2257.7157359884777	0.0	0	293.38622055514134	2457.715735988517	1	0	1.0	2.8930917028661463
216200.0	6000.0	2257.715735988498	0.0	0	7.412844597856747	2457.715735988546	1	0	1.0	2.893091702866143
217200.0	6000.0	2257.7157359884945	0.0	0	350.56744603739935	2457.715735988546	1	0	1.0	2.893091702866143
218200.0	6000.0	2257.7157359885036	0.0	0	15.58637911293772	2457.715735988517	1	0	1.0	2.8930917028661463
219200.0	6000.0	2257.7157359885014	0.0	0	16.10441824918962	2457.715735988517	1	0	1.0	2.8930917028661463
220200.0	6000.0	2257.715735988515	0.0	0	181.43266801294521	2457.715735988546	1	0	1.0	2.893091702866143
221200.0	6000.0	2257.715735988494	0.0	0	219.305398896744	2457.715735988546	1	0	1.0	2.893091702866143
222200.0	6000.0	2257.7157359884704	0.0	0	367.7997582985263	2457.715735988546	1	0	1.0	2.893091702866143
223200.0	6000.0	2257.7157359884654	0.0	0	314.41392779239686	2457.715735988546	1	0	1.0	2.893091702866143
224200.0	6000.0	2257.7157359884686	0.0	0	291.34065746871056	2457.715735988546	1	0	1.0	2.893091702866143
225200.0	6000.0	2257.715735988499	0.0	0	378.4149230607436	2457.715735988546	1	0	1.0	2.893091702866143
226200.0	6000.0	2257.715735988511	0.0	0	175.43159823087626	2457.715735988546	1	0	1.0	2.893091702866143
227200.0	6000.0	2257.7157359885077	0.0	0	158.95282776115346	2457.715735988546	1	0	1.0	2.893091702866143
228200.0	6000.0	2257.7157359885064	0.0	0	264.6109314629575	2457.715735988546	1	0	1.0	2.893091702866143
229200.0	6000.0	2257.715735988526	0.0	0	117.63371137954528	2457.715735988546	1	0	1.0	2.893091702866143
230200.0	6000.0	2257.7157359885086	0.0	0	351.4794878482644	2457.715735988546	1	0	1.0	2.893091702866143
231200.0	6000.0	2257.715735988513	0.0	0	428.97111107988167	2457.715735988546	1	0	1.0	2.893091702866143
232200.0	6000.0	2257.715735988496	0.0	0	351.19814818096347	2457.715735988546	1	0	1.0	2.893091702866143
233200.0	6000.0	2257.715735988491	0.0	0	30.3267803323688	2457.715735988517	1	0	1.0	2.8930917028661463
234200.0	6000.0	2257.715735988489	0.0	0	240.36870106158312	2457.7157359884877	1	0	1.0	2.8930917028661494
235200.0	6000.0	2257.7157359885005	0.0	0	109.87546327672317	2457.7157359884877	1	0	1.0	2.8930917028661494
236200.0	6000.0	2257.715735988491	0.0	0	152.16871587795322	2457.7157359884877	1	0	1.0	2.8930917028661494
237200.0	6000.0	2257.7157359884973	0.0	0	132.000685839972	2457.7157359884877	1	0	1.0	2.8930917028661494
238200.0	6000.0	2257.715735988463	0.0	0	488.6897589433938	2457.7157359884586	1	0	1.0	2.893091702866153
239200.0	6000.0	2257.715735988451	0.0	0	424.63245180112426	2457.7157359884295	1	0	1.0	2.8930917028661556
240200.0	6000.0	2257.715735988453	0.0	0	167.0548233005975	2457.7157359884295	1	0	1.0	2.8930917028661556
241200.0	6000.0	2257.715735988446	0.0	0	79.67801165781566	2457.7157359884004	1	0	1.0	2.893091702866159
242200.0	6000.0	2257.715735988449	0.0	0	199.58589055849006	2457.7157359884004	1	0	1.0	2.893091702866159
243200.0	6000.0	2257.715735988447	0.0	0	222.92377631619456	2457.7157359884004	1	0	1.0	2.893091702866159
244200.0	6000.0	2257.7157359884536	0.0	0	385.43203583490686	2457.7157359884004	1	0	1.0	2.893091702866159
245200.0	6000.0	2257.715735988461	0.0	0	462.9532624743297	2457.7157359884004	1	0	1.0	2.893091702866159
246200.0	6000.0	2257.7157359884304	0.0	0	336.86144976640935	2457.7157359884004	1	0	1.0	2.893091702866159
247200.0	6000.0	2257.7157359884463	0.0	0	370.389884425269	2457.7157359884295	1	0	1.0	2.8930917028661556
248200.0	6000.0	2257.715735988445	0.0	0	165.29192694919766	2457.7157359884295	1	0	1.0	2.8930917028661556
249200.0	6000.0	2257.71573598845	0.0	0	318.29003731760895	2457.7157359884295	1	0	1.0	2.8930917028661556
250200.0	6000.0	2257.7157359884536	0.0	0	246.23831672995584	2457.7157359884586	1	0	1.0	2.893091702866153
251200.0	6000.0	2257.715735988437	0.0	0	87.84143213307834	2457.7157359884586	1	0	1.0	2.893091702866153
252200.0	6000.0	2257.7157359884445	0.0	0	364.8361946911609	2457.7157359884877	1	0	1.0	2.8930917028661494
253200.0	6000.0	2257.7157359884177	0.0	0	490.4600951570319	2457.715735988517	1	0	1.0	2.893091702866147
254200.0	6000.0	2257.7157359884145	0.0	0	401.21563647547737	2457.715735988517	1	0	1.0	2.8930917028661463
255200.0	6000.0	2257.7157359884154	0.0	0	212.72804887482198	2457.715735988546	1	0	1.0	2.893091702866143
256200.0	6000.0	2257.7157359883963	0.0	0	240.56670338127878	2457.715735988546	1	0	1.0	2.893091702866143
257200.0	6000.0	2257.715735988418	0.0	0	318.8894642308587	2457.715735988546	1	0	1.0	2.893091702866143
258200.0	6000.0	2257.715735988423	0.0	0	213.6804458857805	2457.715735988546	1	0	1.0	2.893091702866143
259200.0	6000.0	2257.7157359884186	0.0	0	446.67360954204923	2457.715735988546	1	0	1.0	2.893091702866143
260200.0	6000.0	2257.7157359884086	0.0	0	342.31874179808074	2457.715735988575	1	0	1.0	2.89309170286614
261200.0	6000.0	2257.7157359884422	0.0	0	206.0167178303236	2457.715735988575	1	0	1.0	2.89309170286614
262200.0	6000.0	2257.7157359884613	0.0	0	443.57194872686523	2457.715735988575	1	0	1.0	2.89309170286614
263200.0	6000.0	2257.7157359884263	0.0	0	300.96774951851694	2457.715735988546	1	0	1.0	2.8930917028661423
264200.0	6000.0	2257.7157359883477	0.0	0	150.29123247694224	2457.7157359884586	1	0	1.0	2.893091702866149
265200.0	6000.0	2257.71573598835	0.0	0	492.30715450493153	2457.7157359884586	1	0	1.0	2.8930917028661534
266200.0	6000.0	2257.715735988348	0.0	0	503.50316160870716	2457.7157359884586	1	0	1.0	2.893091702866153
267200.0	6000.0	2257.715735988342	0.0	0	492.76587212469894	2457.7157359884004	1	0	1.0	2.893091702866159
268200.0	6000.0	2257.715735988344	0.0	0	225.06197848852025	2457.7157359884004	1	0	1.0	2.893091702866159
269200.0	6000.0	2257.7157359883554	0.0	0	252.50480652583065	2457.7157359884004	1	0	1.0	2.893091702866159
270200.0	6000.0	2257.7157359883304	0.0	0	450.61697297671344	2457.7157359884004	1	0	1.0	2.893091702866159
271200.0	6000.0	2257.7157359883504	0.0	0	270.07447200769093	2457.7157359884004	1	0	1.0	2.893091702866159
272200.0	6000.0	2257.7157359883745	0.0	0	323.5618569930666	2457.7157359884004	1	0	1.0	2.893091702866159
273200.0	6000.0	2257.7157359883836	0.0	0	307.73360020364635	2457.7157359884004	1	0	1.0	2.893091702866159
274200.0	6000.0	2257.7157359883972	0.0	0	257.14243122766493	2457.7157359884004	1	0	1.0	2.893091702866159
275200.0	6000.0	2257.7157359883877	0.0	0	191.06259822257562	2457.7157359884004	1	0	1.0	2.893091702866159
276200.0	6000.0	2257.715735988372	0.0	0	322.98615074309055	2457.7157359884004	1	0	1.0	2.893091702866159
277200.0	6000.0	2257.715735988321	0.0	0	141.91191189788515	2457.715735988342	1	0	1.0	2.893091702866166
278200.0	6000.0	2257.7157359883263	0.0	0	126.47672630299348	2457.7157359884004	1	0	1.0	2.893091702866159
279200.0	6000.0	2257.7157359883286	0.0	0	386.0928549390519	2457.7157359884004	1	0	1.0	2.893091702866159
280200.0	6000.0	2257.715735988396	0.0	0	160.87270125880605	2457.7157359884004	1	0	1.0	2.893091702866159
281200.0	6000.0	2257.7157359883813	0.0	0	284.90366442961385	2457.7157359884586	1	0	1.0	2.893091702866153
282200.0	6000.0	2257.715735988396	0.0	0	447.0816893847077	2457.7157359884586	1	0	1.0	2.893091702866153
283200.0	6000.0	2257.7157359884413	0.0	0	229.34968734602444	2457.7157359884586	1	0	1.0	2.893091702866153
284200.0	6000.0	2257.715735988402	0.0	0	86.52541214058874	2457.7157359884586	1	0	1.0	2.893091702866153
285200.0	6000.0	2257.715735988409	0.0	0	344.58868700132007	2457.7157359884586	1	0	1.0	2.893091702866153
286200.0	6000.0	2257.715735988353	0.0	0	163.13303126610117	2457.7157359884586	1	0	1.0	2.893091702866153
287200.0	6000.0	2257.715735988338	0.0	0	282.07064440700924	2457.7157359884586	1	0	1.0	2.893091702866153
288200.0	6000.0	2257.7157359883176	0.0	0	221.62984338367824	2457.7157359884586	1	0	1.0	2.893091702866153
289200.0	6000.0	2257.715735988347	0.0	0	295.19793129415484	2457.7157359884586	1	0	1.0	2.893091702866153
290200.0	6000.0	2257.715735988335	0.0	0	410.5754608733114	2457.7157359884586	1	0	1.0	2.893091702866153
291200.0	6000.0	2257.7157359883204	0.0	0	496.3515953614842	2457.7157359884586	1	0	1.0	2.893091702866153
292200.0	6000.0	2257.7157359882617	0.0	0	447.05046205117833	2457.7157359884004	1	0	1.0	2.893091702866159
293256.181274508	6000.0	2201.5344614803043	0.0	0	0.0	2457.7157359884004	1	0	1.0	2.893091702866159
294653.3894983081	6000.0	1804.3262376801847	0.0	0	0.0	2457.7157359884004	1	0	1.0	2.893091702866159
295439.9180665911	6000.0	2017.7976693972728	0.0	0	0.0	2457.7157359884004	1	0	1.0	2.893091702866159
296200.0	6000.0	2257.7157359883568	0.0	0	177.4047264062101	2457.7157359884004	1	0	1.0	2.893091702866159
297286.941300992	6000.0	2170.7744349963673	0.0	0	0.0	2457.7157359884586	1	0	1.0	2.893091702866158
298200.0	6000.0	2257.715735988374	0.0	0	236.62264530727407	2457.7157359884586	1	0	1.0	2.893091702866153
299200.0	6000.0	2257.715735988419	0.0	0	68.6523321706336	2457.7157359884586	1	0	1.0	2.893091702866153
300200.0	6000.0	2257.715735988334	0.0	0	354.2733614057652	2457.7157359884586	1	0	1.0	2.893091702866153
9.19972093023256	7.76172093023256	8.291720930232561	8.45172093023256	8.21572093023256	8.83972093023256	8.71972093023256	7.88372093023256	7.23572093023256	7.96172093023256	7.71772093023256	8.04772093023256	9.259720930232561	8.81972093023256	8.58772093023256	8.56772093023256	9.27972093023256	8.13172093023256	8.43772093023256	8.25372093023256	8.22172093023256	8.41972093023256	8.89972093023256	7.71772093023256	7.75772093023256	8.59172093023256	8.66972093023256	8.36772093023256	8.09972093023256	8.37772093023256	8.30772093023256	8.53172093023256	8.79972093023256	8.16372093023256	8.09172093023256	9.39972093023256	8.15772093023256	7.91172093023256	8.44572093023256	8.14372093023256	8.17772093023256	8.759720930232561	8.35704347826087	8.35504347826087	7.943043478260869	7.995043478260869	7.88504347826087	8.38304347826087	8.039043478260869	8.92104347826087	8.20704347826087	8.71704347826087	8.40504347826087	8.33504347826087	8.96104347826087	9.001043478260868	8.497043478260869	8.45304347826087	8.225043478260869	8.23904347826087	8.285043478260869	9.001043478260868	8.475043478260869	8.145043478260868	8.065043478260868	7.823043478260869	8.57504347826087	8.05704347826087	8.49904347826087	8.68104347826087	8.189043478260869	8.01704347826087	8.88104347826087	8.487043478260869	9.20104347826087	9.36104347826087	8.901043478260869	8.51504347826087	7.8130434782608695	8.481043478260869	8.395043478260868	8.12104347826087	8.253043478260869	8.331043478260868	8.13304347826087	9.10104347826087	9.301043478260869	8.753043478260869	8.960666666666667	9.144666666666666	8.944666666666667	9.180666666666665	9.104666666666667	9.506666666666666	9.386666666666667	9.446666666666665	9.078666666666667	8.810666666666666	8.328666666666667	8.778666666666666	9.186666666666666	9.966666666666667	9.100666666666665	9.326666666666666	8.990666666666666	8.776666666666666	8.906666666666666	9.148666666666665	8.628666666666666	8.958666666666666	8.976666666666667	9.166666666666666	9.326666666666666	9.306666666666667	9.646666666666667	10.086666666666666	9.426666666666666	8.618666666666666	8.630666666666666	8.154666666666666	8.730666666666666	9.586666666666666	8.952666666666666	8.576666666666666	8.930666666666665	8.594666666666665	8.710666666666667	9.082666666666666	9.014666666666667	8.726666666666667	8.650666666666666	8.484666666666666	7.992666666666666	8.720666666666666	8.440666666666665	9.000666666666666	9.637076923076922	7.249076923076923	11.041076923076922	15.001076923076923	10.441076923076922	5.2930769230769235	4.933076923076924	6.625076923076923	10.321076923076923	6.901076923076923	9.973076923076924	8.353076923076925	11.161076923076923	8.43172093023256	9.19972093023256	7.76172093023256	8.291720930232561	8.45172093023256	8.21572093023256	8.83972093023256	8.71972093023256	7.88372093023256	7.23572093023256	7.96172093023256	7.71772093023256	8.04772093023256	9.259720930232561	8.81972093023256	8.58772093023256	8.56772093023256	9.27972093023256	8.13172093023256	8.43772093023256	8.25372093023256	8.22172093023256	8.41972093023256	8.89972093023256	7.71772093023256	7.75772093023256	8.59172093023256	8.66972093023256	8.36772093023256	8.09972093023256	8.37772093023256	8.30772093023256	8.53172093023256	8.79972093023256	8.16372093023256	8.09172093023256	9.39972093023256	8.15772093023256	7.91172093023256	8.44572093023256	8.14372093023256	8.17772093023256	8.759720930232561	8.35704347826087	8.35504347826087	7.943043478260869	7.995043478260869	7.88504347826087	8.38304347826087	8.039043478260869	8.92104347826087	8.20704347826087	8.71704347826087	8.40504347826087	8.33504347826087	8.96104347826087	9.001043478260868	8.497043478260869	8.45304347826087	8.225043478260869	8.23904347826087	8.285043478260869	9.001043478260868	8.475043478260869	8.145043478260868	8.065043478260868	7.823043478260869	8.57504347826087	8.05704347826087	8.49904347826087	8.68104347826087	8.189043478260869	8.01704347826087	8.88104347826087	8.487043478260869	9.20104347826087	9.36104347826087	8.901043478260869	8.51504347826087	7.8130434782608695	8.481043478260869	8.395043478260868	8.12104347826087	8.253043478260869	8.331043478260868	8.13304347826087	9.10104347826087	9.301043478260869	8.753043478260869	8.960666666666667	9.144666666666666	8.944666666666667	9.180666666666665	9.104666666666667	9.506666666666666	9.386666666666667	9.446666666666665	9.078666666666667	8.810666666666666	8.328666666666667	8.778666666666666	9.186666666666666	9.966666666666667	9.100666666666665	9.326666666666666	8.990666666666666	8.776666666666666	8.906666666666666	9.148666666666665	8.628666666666666	8.958666666666666	8.976666666666667	9.166666666666666	9.326666666666666	9.306666666666667	9.646666666666667	10.086666666666666	9.426666666666666	8.618666666666666	8.630666666666666	8.154666666666666	8.730666666666666	9.586666666666666	8.952666666666666	8.576666666666666	8.930666666666665	8.594666666666665	8.710666666666667	9.082666666666666	9.014666666666667	8.726666666666667	8.650666666666666	8.484666666666666	7.992666666666666	8.720666666666666	8.440666666666665	9.000666666666666	9.637076923076922	7.249076923076923	11.041076923076922	15.001076923076923	10.441076923076922	5.2930769230769235	4.933076923076924	6.625076923076923	10.321076923076923	6.901076923076923	9.973076923076924	8.353076923076925	11.161076923076923	8.43172093023256	9.19972093023256	7.76172093023256	8.291720930232561
1.0	2.0	3.0	4.0	5.0	6.0	7.0	8.0	9.0	10.0	11.0	12.0	13.0	14.0	15.0	16.0	17.0	18.0	19.0	20.0	21.0	22.0	23.0	24.0	25.0	26.0	27.0	28.0	29.0	30.0	31.0	32.0	33.0	34.0	35.0	36.0	37.0	38.0	39.0	40.0	41.0	42.0	43.0	44.0	45.0	46.0	47.0	48.0	49.0	50.0	51.0	52.0	53.0	54.0	55.0	56.0	57.0	58.0	59.0	60.0	61.0	62.0	63.0	64.0	65.0	66.0	67.0	68.0	69.0	70.0	71.0	72.0	73.0	74.0	75.0	76.0	77.0	78.0	79.0	80.0	81.0	82.0	83.0	84.0	85.0	86.0	87.0	88.0	89.0	90.0	91.0	92.0	93.0	94.0	95.0	96.0	97.0	98.0	99.0	100.0	101.0	102.0	103.0	104.0	105.0	106.0	107.0	108.0	109.0	110.0	111.0	112.0	113.0	114.0	115.0	116.0	117.0	118.0	119.0	120.0	121.0	122.0	123.0	124.0	125.0	126.0	127.0	128.0	129.0	130.0	131.0	132.0	133.0	134.0	135.0	136.0	137.0	138.0	139.0	140.0	141.0	142.0	143.0	144.0	145.0	146.0	147.0	148.0	149.0	149.0	150.0	151.0	152.0	153.0	154.0	155.0	156.0	157.0	158.0	159.0	160.0	161.0	162.0	163.0	164.0	165.0	166.0	167.0	168.0	169.0	170.0	171.0	172.0	173.0	174.0	175.0	176.0	177.0	178.0	179.0	180.0	181.0	182.0	183.0	184.0	185.0	186.0	187.0	188.0	189.0	190.0	191.0	192.0	193.0	194.0	195.0	196.0	197.0	198.0	199.0	200.0	201.0	202.0	203.0	204.0	205.0	206.0	207.0	208.0	209.0	210.0	211.0	212.0	213.0	214.0	215.0	216.0	217.0	218.0	219.0	220.0	221.0	222.0	223.0	224.0	225.0	226.0	227.0	228.0	229.0	230.0	231.0	232.0	233.0	234.0	235.0	236.0	237.0	238.0	239.0	240.0	241.0	242.0	243.0	244.0	245.0	246.0	247.0	248.0	249.0	250.0	251.0	252.0	253.0	254.0	255.0	256.0	257.0	258.0	259.0	260.0	261.0	262.0	263.0	264.0	265.0	266.0	267.0	268.0	269.0	270.0	271.0	272.0	273.0	274.0	275.0	276.0	277.0	278.0	279.0	280.0	281.0	282.0	283.0	284.0	285.0	286.0	287.0	288.0	289.0	290.0	291.0	292.0	293.0	294.0	295.0	296.0	297.0	298.0	298.0	299.0	300.0	301.0
2209.1570681916382
