4750.2209124324745	2000.0	2000.0	332.9250151220889	0	0.0	4750.2209124324745	1	0	1.0	-2.8219220020991553
5691.29738630194	6000.0	2058.923526130535	0.0	0	0.0	2750.220912432475	1	0	1.0	-4.242328827817579
6723.176762424318	6000.0	2027.044150008156	0.0	0	0.0	2750.220912432475	1	0	1.0	2.8562834608505305
7949.198284968092	6000.0	1801.0226274643821	0.0	0	0.0	2750.2209124324745	1	0	1.0	2.8562834608505305
8816.805301103861	6000.0	1933.4156113286117	0.0	0	0.0	2750.220912432472	1	0	1.0	2.8562834608505305
9908.167747153004	6000.0	1842.0531652794675	0.0	0	0.0	2750.22091243247	1	0	1.0	2.856283460850531
10951.337064478017	6000.0	1798.8838479544552	0.0	0	0.0	2750.220912432471	1	0	1.0	2.856283460850531
12106.375101389696	6000.0	1643.8458110427766	0.0	0	0.0	2750.2209124324727	1	0	1.0	2.856283460850531
13046.798007489184	6000.0	1703.4229049432893	0.0	0	0.0	2750.2209124324727	1	0	1.0	2.856283460850531
14242.713353263642	6000.0	1507.5075591688292	0.0	0	0.0	2750.2209124324727	1	0	1.0	2.856283460850531
15385.956715232374	6000.0	1364.2641972000972	0.0	0	0.0	2750.2209124324727	1	0	1.0	2.856283460850531
16589.14437329345	6000.0	1161.0765391390237	0.0	0	0.0	2750.2209124324745	1	0	1.0	2.856283460850531
18162.372294506345	6000.0	587.8486179261267	0.0	0	0.0	2750.2209124324763	1	0	1.0	2.8562834608505305
18703.995325322285	3000.0	1046.225587110183	0.0	0	0.0	2750.220912432469	1	0	1.0	1.469989099730641
19348.862020402266	3000.0	1401.3588920302006	0.0	0	0.0	2750.2209124324654	1	0	1.0	2.163136280290587
19726.185684914777	3000.0	2024.0352275176908	0.0	0	0.0	2750.2209124324654	1	0	1.0	2.163136280290587
20462.535185423716	6000.0	2287.68572700875	0.0	0	0.0	2750.2209124324654	1	0	1.0	2.163136280290587
21479.857654119656	6000.0	2270.363258312805	0.0	0	0.0	2750.2209124324654	1	0	1.0	2.8562834608505314
22384.78760985373	6000.0	2365.433302578728	0.0	0	0.0	2750.2209124324654	1	0	1.0	2.8562834608505314
23789.805129457072	6000.0	1960.415782975388	0.0	0	0.0	2750.220912432469	1	0	1.0	2.856283460850531
24774.055952745824	6000.0	1976.1649596866341	0.0	0	0.0	2750.220912432469	1	0	1.0	2.856283460850531
25699.437126903544	6000.0	2050.783785528918	0.0	0	0.0	2750.2209124324654	1	0	1.0	2.8562834608505314
26611.083321632457	6000.0	2139.1375908000036	0.0	0	0.0	2750.2209124324654	1	0	1.0	2.8562834608505314
27600.513822717785	6000.0	2149.707089714674	0.0	0	0.0	2750.2209124324654	1	0	1.0	2.8562834608505314
28864.9257507156	6000.0	1885.295161716857	0.0	0	0.0	2750.2209124324654	1	0	1.0	2.8562834608505314
30247.032559401803	6000.0	1503.1883530306568	0.0	0	0.0	2750.2209124324654	1	0	1.0	2.8562834608505314
31709.822622947766	6000.0	1040.3982894846922	0.0	0	0.0	2750.220912432462	1	0	1.0	2.8562834608505323
33010.094083658405	6000.0	740.1268287740529	0.0	0	0.0	2750.220912432458	1	0	1.0	2.8562834608505323
33867.006206965154	6000.0	883.214705467307	0.0	0	0.0	2750.220912432462	1	0	1.0	2.8562834608505328
34831.34155567652	6000.0	918.8793567559408	0.0	0	0.0	2750.220912432458	1	0	1.0	2.8562834608505323
35701.71101178748	6000.0	1048.5099006449784	0.0	0	0.0	2750.220912432458	1	0	1.0	2.8562834608505328
36795.51154709429	6000.0	954.7093653381689	0.0	0	0.0	2750.2209124324654	1	0	1.0	2.8562834608505323
38260.045169610596	6000.0	490.17574282186763	0.0	0	0.0	2750.2209124324654	1	0	1.0	2.8562834608505314
38911.3415575966	3000.0	838.8793548358633	0.0	0	0.0	2750.2209124324654	1	0	1.0	1.4699890997306422
39603.005754839374	3000.0	1147.2151575930961	0.0	0	0.0	2750.2209124324654	1	0	1.0	2.163136280290587
40109.052636166394	3000.0	1641.1682762660837	0.0	0	0.0	2750.220912432458	1	0	1.0	2.1631362802905882
40625.232682683294	3000.0	2124.9882297491754	0.0	0	0.0	2750.220912432458	1	0	1.0	2.1631362802905882
41611.5183866043	6000.0	2138.7025258281633	0.0	0	0.0	2750.220912432458	1	0	1.0	2.163136280290588
42294.95412427911	6000.0	2455.2667881533557	0.0	0	0.0	2750.220912432458	1	0	1.0	2.8562834608505328
43588.05298667897	6000.0	2162.1679257534915	0.0	0	0.0	2750.220912432458	1	0	1.0	2.8562834608505328
44795.30182877596	6000.0	1954.9190836564944	0.0	0	0.0	2750.220912432458	1	0	1.0	2.8562834608505328
46649.624291430875	6000.0	1100.5966210015897	0.0	0	0.0	2750.220912432458	1	0	1.0	2.8562834608505328
47625.31181004412	6000.0	1124.9091023883348	0.0	0	0.0	2750.220912432451	1	0	1.0	2.856283460850534
48547.33096161876	6000.0	1202.8899508136956	0.0	0	0.0	2750.220912432458	1	0	1.0	2.8562834608505328
49413.643047814294	6000.0	1336.5778646181732	0.0	0	0.0	2750.2209124324654	1	0	1.0	2.8562834608505314
51348.70028160453	6000.0	401.5206308279304	0.0	0	0.0	2750.2209124324654	1	0	1.0	2.8562834608505314
51815.32092755159	3000.0	934.8999848808661	0.0	0	0.0	2750.2209124324654	1	0	1.0	1.4699890997306422
52407.84638844145	3000.0	1342.3745239910065	0.0	0	0.0	2750.2209124324654	1	0	1.0	2.163136280290587
52862.33452751387	3000.0	1887.886384918585	0.0	0	0.0	2750.2209124324727	1	0	1.0	2.163136280290586
53838.27663266418	6000.0	1911.9442797682818	0.0	0	0.0	2750.2209124324654	1	0	1.0	2.163136280290587
54988.20726333932	6000.0	1762.0136490931434	0.0	0	0.0	2750.220912432458	1	0	1.0	2.8562834608505328
55946.13467707313	6000.0	1804.0862353593216	0.0	0	0.0	2750.2209124324654	1	0	1.0	2.8562834608505314
57215.427966192474	6000.0	1534.7929462399816	0.0	0	0.0	2750.220912432458	1	0	1.0	2.8562834608505328
58444.65557240363	6000.0	1305.5653400288263	0.0	0	0.0	2750.220912432458	1	0	1.0	2.8562834608505328
59647.34558226515	6000.0	1102.8753301673023	0.0	0	0.0	2750.220912432451	1	0	1.0	2.856283460850534
60893.28811924185	6000.0	856.9327931906125	0.0	0	0.0	2750.220912432451	1	0	1.0	2.856283460850534
61822.366500168944	6000.0	927.8544122635149	0.0	0	0.0	2750.2209124324436	1	0	1.0	2.856283460850535
63058.89527262935	6000.0	691.3256398031047	0.0	0	0.0	2750.2209124324436	1	0	1.0	2.856283460850535
64277.641611707986	6000.0	472.57930072446914	0.0	0	0.0	2750.2209124324363	1	0	1.0	2.856283460850536
65055.81511162808	6000.0	694.4058008043836	0.0	0	0.0	2750.2209124324363	1	0	1.0	2.856283460850536
66290.45201886054	6000.0	459.7688935719251	0.0	0	0.0	2750.2209124324363	1	0	1.0	2.856283460850535
67339.14277974913	6000.0	426.1957424057364	15.117609722400744	0	0.0	2765.3385221548597	1	0	1.0	2.763389171819788
68454.37591015326	6000.0	401.2925094543555	90.32989745273494	0	0.0	2855.6684196076094	1	0	1.0	2.298382534922321
69748.96012386447	6000.0	337.3146396599628	230.60634391681344	0	0.0	3086.2747635244305	1	0	1.0	1.416067777788553
70822.5221324223	6000.0	459.95510355221114	196.20247245007562	0	0.0	3282.4772359744966	1	0	1.0	1.5806188841505735
71294.584330644	3000.0	987.8929053305231	0.0	0	0.0	3282.477235974511	1	0	1.0	1.371539357731134
72456.14550666745	6000.0	826.331729307055	0.0	0	0.0	3282.477235974511	1	0	1.0	2.064686538291079
73494.62609262217	6000.0	787.8511433523288	0.0	0	0.0	3282.477235974511	1	0	1.0	2.757833718851024
74302.65931535841	6000.0	979.8179206160968	0.0	0	0.0	3282.477235974511	1	0	1.0	2.757833718851024
75102.03124068803	6000.0	1180.4459952864759	0.0	0	0.0	3282.477235974511	1	0	1.0	2.757833718851024
75873.64878743402	6000.0	1408.828448540482	0.0	0	0.0	3282.4772359745257	1	0	1.0	2.7578337188510202
76971.44586881135	6000.0	1311.031367163144	0.0	0	0.0	3282.4772359745402	1	0	1.0	2.757833718851017
77773.70343026225	6000.0	1508.7738057122465	0.0	0	0.0	3282.4772359745402	1	0	1.0	2.757833718851017
78813.26501032262	6000.0	1469.2122256518853	0.0	0	0.0	3282.4772359745402	1	0	1.0	2.757833718851017
79852.08360289586	6000.0	1430.3936330786555	0.0	0	0.0	3282.477235974555	1	0	1.0	2.757833718851014
80893.93709151336	6000.0	1388.5401444611348	0.0	0	0.0	3282.477235974555	1	0	1.0	2.757833718851014
82015.95734762817	6000.0	1266.5198883463233	0.0	0	0.0	3282.477235974555	1	0	1.0	2.757833718851014
82976.81794723953	6000.0	1305.6592887349636	0.0	0	0.0	3282.477235974555	1	0	1.0	2.757833718851014
84197.8252480069	6000.0	1084.6519879675839	0.0	0	0.0	3282.4772359745402	1	0	1.0	2.757833718851017
85571.93387331605	6000.0	710.5433626584265	0.0	0	0.0	3282.4772359745402	1	0	1.0	2.757833718851017
86470.54305403045	6000.0	811.9341819440383	0.0	0	0.0	3282.4772359745402	1	0	1.0	2.757833718851017
87303.55789811345	6000.0	978.9193378610514	0.0	0	0.0	3282.4772359745402	1	0	1.0	2.757833718851017
88453.94433376948	6000.0	828.532902205008	0.0	0	0.0	3282.4772359745257	1	0	1.0	2.7578337188510202
89287.70561888981	6000.0	994.7716170846619	0.0	0	0.0	3282.4772359745257	1	0	1.0	2.7578337188510202
90026.20745640944	6000.0	1256.2697795650356	0.0	0	0.0	3282.4772359745257	1	0	1.0	2.7578337188510202
90863.83198604513	6000.0	1418.645249929339	0.0	0	0.0	3282.4772359745257	1	0	1.0	2.7578337188510202
92031.98369167624	6000.0	1250.4935442982287	0.0	0	0.0	3282.4772359745257	1	0	1.0	2.7578337188510202
93306.23462649375	6000.0	976.2426094807097	0.0	0	0.0	3282.477235974511	1	0	1.0	2.757833718851024
94231.95756196811	6000.0	1050.5196740063534	0.0	0	0.0	3282.477235974511	1	0	1.0	2.757833718851024
95421.53092252853	6000.0	860.946313445933	0.0	0	0.0	3282.4772359745257	1	0	1.0	2.7578337188510202
96704.16176827994	6000.0	578.3154676945264	0.0	0	0.0	3282.4772359745257	1	0	1.0	2.7578337188510202
97503.64735465619	6000.0	778.8298813182713	0.0	0	0.0	3282.477235974511	1	0	1.0	2.757833718851024
98302.1412661566	3000.0	980.3359698178706	0.0	0	0.0	3282.477235974511	1	0	1.0	1.371539357731134
98845.47403215397	3000.0	1437.0032038204915	0.0	0	0.0	3282.477235974511	1	0	1.0	2.064686538291079
99421.15036424834	3000.0	1861.326871726123	0.0	0	0.0	3282.477235974511	1	0	1.0	2.064686538291079
100250.0753088181	3000.0	2032.4019271563657	0.0	0	0.0	3282.4772359745257	1	0	1.0	2.0646865382910753
100719.22675133792	3000.0	2563.2504846365355	0.0	0	0.0	3282.4772359745257	1	0	1.0	2.0646865382910753
101446.12599642263	3000.0	2836.3512395518037	0.0	0	0.0	3282.477235974511	1	0	1.0	2.064686538291079
102425.80849713093	3000.0	2856.6687388434984	0.0	0	0.0	3282.477235974511	1	0	1.0	2.064686538291079
104053.24521773435	6000.0	2229.2320182400717	0.0	0	0.0	3282.477235974511	1	0	1.0	2.064686538291079
105442.31752215476	6000.0	1840.1597138196626	0.0	0	0.0	3282.477235974511	1	0	1.0	2.757833718851024
106293.13188825446	6000.0	1989.3453477199448	0.0	0	0.0	3282.477235974511	1	0	1.0	2.757833718851024
107505.18093096156	6000.0	1777.2963050128496	0.0	0	0.0	3282.4772359745257	1	0	1.0	2.7578337188510202
108604.46673501297	6000.0	1678.0105009614276	0.0	0	0.0	3282.4772359745257	1	0	1.0	2.7578337188510202
109487.73982249922	6000.0	1794.7374134751894	0.0	0	0.0	3282.4772359745257	1	0	1.0	2.7578337188510202
110565.99255403089	6000.0	1716.4846819435186	0.0	0	0.0	3282.4772359745257	1	0	1.0	2.7578337188510202
111481.1176043053	6000.0	1801.3596316691203	0.0	0	0.0	3282.4772359745257	1	0	1.0	2.7578337188510202
112741.63405929288	6000.0	1540.8431766815322	0.0	0	0.0	3282.4772359745257	1	0	1.0	2.7578337188510202
113385.3682896285	6000.0	1897.1089463458984	0.0	0	0.0	3282.477235974511	1	0	1.0	2.757833718851024
114415.83844206238	6000.0	1866.6387939120448	0.0	0	0.0	3282.477235974511	1	0	1.0	2.757833718851024
115528.809419684	6000.0	1753.6678162904175	0.0	0	0.0	3282.477235974511	1	0	1.0	2.757833718851024
116938.2438056171	6000.0	1344.2334303573432	0.0	0	0.0	3282.4772359745257	1	0	1.0	2.7578337188510202
118106.70744097607	6000.0	1175.7697949983603	0.0	0	0.0	3282.4772359745257	1	0	1.0	2.7578337188510202
119148.0530670003	6000.0	1134.4241689741111	0.0	0	0.0	3282.4772359745257	1	0	1.0	2.7578337188510202
120180.55718810149	6000.0	1101.9200478729301	0.0	0	0.0	3282.4772359745257	1	0	1.0	2.7578337188510202
121355.61097587475	6000.0	926.8662600996772	0.0	0	0.0	3282.4772359745257	1	0	1.0	2.7578337188510202
122278.61615287128	6000.0	1003.8610831031274	0.0	0	0.0	3282.4772359745257	1	0	1.0	2.7578337188510202
123508.08912440494	6000.0	774.3881115694617	0.0	0	0.0	3282.4772359745257	1	0	1.0	2.7578337188510202
124212.98748858062	6000.0	1069.489747393778	0.0	0	0.0	3282.477235974511	1	0	1.0	2.757833718851024
125409.83613572431	6000.0	872.6411002500848	0.0	0	0.0	3282.4772359745257	1	0	1.0	2.7578337188510202
126316.01876145245	6000.0	966.4584745219619	0.0	0	0.0	3282.4772359745257	1	0	1.0	2.7578337188510202
127528.72703272711	6000.0	753.7502032473006	0.0	0	0.0	3282.4772359745257	1	0	1.0	2.7578337188510202
128308.9320175942	6000.0	973.545218380224	0.0	0	0.0	3282.4772359745257	1	0	1.0	2.7578337188510202
129184.0163741589	6000.0	1098.4608618154955	0.0	0	0.0	3282.4772359745257	1	0	1.0	2.7578337188510202
129920.20290514869	6000.0	1362.274330825702	0.0	0	0.0	3282.4772359745257	1	0	1.0	2.7578337188510202
131093.20188720457	6000.0	1189.2753487698176	0.0	0	0.0	3282.4772359745257	1	0	1.0	2.7578337188510202
131869.44022293686	6000.0	1413.0370130375363	0.0	0	0.0	3282.4772359745402	1	0	1.0	2.7578337188510185
132761.54224472668	6000.0	1520.934991247717	0.0	0	0.0	3282.4772359745402	1	0	1.0	2.7578337188510162
133669.70025780657	6000.0	1612.7769781678423	0.0	0	0.0	3282.477235974555	1	0	1.0	2.7578337188510167
134288.95534178647	6000.0	1993.52189418796	0.0	0	0.0	3282.4772359745693	1	0	1.0	2.757833718851008
134973.3801595378	6000.0	2309.0970764366216	0.0	0	0.0	3282.4772359745693	1	0	1.0	2.75783371885101
135660.82189633083	6000.0	2621.655339643575	0.0	0	0.0	3282.477235974511	1	0	1.0	2.7578337188510225
136908.75409482213	6000.0	2373.7231411522985	0.0	0	0.0	3282.477235974511	1	0	1.0	2.757833718851024
138051.98128660553	6000.0	2230.4959493688884	0.0	0	0.0	3282.477235974511	1	0	1.0	2.757833718851024
139055.90638334863	6000.0	2226.570852625772	0.0	0	0.0	3282.477235974511	1	0	1.0	2.757833718851024
140346.70134577603	6000.0	1935.7758901983466	0.0	0	0.0	3282.477235974511	1	0	1.0	2.757833718851024
141467.79119594078	6000.0	1814.686040033612	0.0	0	0.0	3282.4772359745402	1	0	1.0	2.757833718851017
142141.11200158577	6000.0	2141.365234388638	0.0	0	0.0	3282.4772359745402	1	0	1.0	2.757833718851017
142872.01852425188	6000.0	2410.4587117225146	0.0	0	0.0	3282.4772359745402	1	0	1.0	2.757833718851017
144334.29002678572	6000.0	1948.1872091886517	0.0	0	0.0	3282.4772359745402	1	0	1.0	2.757833718851017
145613.70308055874	6000.0	1668.7741554156084	0.0	0	0.0	3282.4772359745402	1	0	1.0	2.757833718851017
146574.33371632142	6000.0	1708.1435196529437	0.0	0	0.0	3282.4772359745402	1	0	1.0	2.757833718851017
147291.4022041451	6000.0	1991.0750318292405	0.0	0	0.0	3282.4772359745402	1	0	1.0	2.757833718851017
148542.42674752852	6000.0	1740.0504884458132	0.0	0	0.0	3282.4772359745402	1	0	1.0	2.757833718851017
150042.44903763063	6000.0	1240.028198343683	0.0	0	0.0	3282.4772359745402	1	0	1.0	2.757833718851017
151006.48224487156	6000.0	1275.9949911027754	0.0	0	0.0	3282.4772359745693	1	0	1.0	2.75783371885101
151671.23727777254	6000.0	1611.239958201771	0.0	0	0.0	3282.4772359745402	1	0	1.0	2.757833718851017
152368.56005996428	6000.0	1913.9171760100273	0.0	0	0.0	3282.4772359745693	1	0	1.0	2.75783371885101
153222.50639597894	6000.0	2059.970839995389	0.0	0	0.0	3282.4772359745693	1	0	1.0	2.75783371885101
153955.86281703023	6000.0	2326.614418944068	0.0	0	0.0	3282.4772359745402	1	0	1.0	2.757833718851017
154832.709157982	6000.0	2449.7680779922816	0.0	0	0.0	3282.477235974511	1	0	1.0	2.757833718851024
155509.363321138	6000.0	2773.1139148362736	0.0	0	0.0	3282.477235974482	1	0	1.0	2.7578337188510305
156682.3136950868	6000.0	2600.1635408874336	0.0	0	0.0	3282.477235974482	1	0	1.0	2.7578337188510305
157526.52871617177	6000.0	2755.9485198024777	0.0	0	0.0	3282.477235974482	1	0	1.0	2.7578337188510305
158658.0791351125	6000.0	2624.398100861763	0.0	0	0.0	3282.477235974511	1	0	1.0	2.7578337188510265
159474.9905565181	6000.0	2807.4866794561635	0.0	0	0.0	3282.477235974511	1	0	1.0	2.757833718851024
160929.68433482831	6000.0	2352.7929011459737	0.0	0	0.0	3282.477235974511	1	0	1.0	2.757833718851024
161942.71662569718	6000.0	2339.7606102771206	0.0	0	0.0	3282.477235974511	1	0	1.0	2.757833718851024
163116.789885074	6000.0	2165.687350900321	0.0	0	0.0	3282.4772359745402	1	0	1.0	2.757833718851017
164173.9357247099	6000.0	2108.5415112644228	0.0	0	0.0	3282.4772359745402	1	0	1.0	2.757833718851017
165554.00798362377	6000.0	1728.4692523505905	0.0	0	0.0	3282.4772359745402	1	0	1.0	2.757833718851017
167190.7251396998	6000.0	1091.7520962745743	0.0	0	0.0	3282.477235974511	1	0	1.0	2.757833718851024
168038.794343917	6000.0	1243.682892057369	0.0	0	0.0	3282.477235974511	1	0	1.0	2.757833718851024
169096.46324483308	6000.0	1186.0139911412844	0.0	0	0.0	3282.477235974511	1	0	1.0	2.757833718851024
170039.1957734861	6000.0	1243.2814624882524	0.0	0	0.0	3282.477235974511	1	0	1.0	2.757833718851024
170958.33962468887	6000.0	1324.1376112854705	0.0	0	0.0	3282.477235974511	1	0	1.0	2.757833718851024
172330.76554862925	6000.0	951.7116873451079	0.0	0	0.0	3282.477235974511	1	0	1.0	2.757833718851024
173577.72183221468	6000.0	704.7554037596828	0.0	0	0.0	3282.477235974511	1	0	1.0	2.757833718851024
174882.68430560915	6000.0	399.79293036522046	0.0	0	0.0	3282.477235974511	1	0	1.0	2.757833718851024
175497.16172738708	3000.0	785.3155085873124	0.0	0	0.0	3282.477235974511	1	0	1.0	1.371539357731134
176284.2391686797	3000.0	998.2380672946742	0.0	0	0.0	3282.477235974511	1	0	1.0	2.064686538291079
176772.7438775551	3000.0	1509.7333584192536	0.0	0	0.0	3282.477235974511	1	0	1.0	2.064686538291079
177648.88136953796	6000.0	1633.5958664363732	0.0	0	0.0	3282.477235974511	1	0	1.0	2.064686538291079
178561.2393878676	3000.0	1721.2378481067292	0.0	0	0.0	3282.477235974511	1	0	1.0	1.371539357731134
179807.0153300996	6000.0	1475.4619058747235	0.0	0	0.0	3282.477235974511	1	0	1.0	2.064686538291079
181044.47279475714	6000.0	1238.0044412171485	0.0	0	0.0	3282.477235974511	1	0	1.0	2.757833718851024
181621.90547544172	3000.0	1660.5717605325808	0.0	0	0.0	3282.477235974511	1	0	1.0	1.371539357731134
182403.40883657575	6000.0	1879.0683993985485	0.0	0	0.0	3282.477235974482	1	0	1.0	2.0646865382910855
183469.88787753417	6000.0	1812.589358440146	0.0	0	0.0	3282.477235974482	1	0	1.0	2.757833718851025
184756.1220288115	6000.0	1526.355207162819	0.0	0	0.0	3282.477235974453	1	0	1.0	2.757833718851037
186064.03041292855	6000.0	1218.4468230457264	0.0	0	0.0	3282.477235974453	1	0	1.0	2.757833718851037
187702.39160373545	6000.0	580.0856322388556	0.0	0	0.0	3282.477235974424	1	0	1.0	2.757833718851041
188530.46955077228	6000.0	752.0076852020144	0.0	0	0.0	3282.477235974424	1	0	1.0	2.757833718851044
189208.8147505142	3000.0	1073.6624854601068	0.0	0	0.0	3282.477235974424	1	0	1.0	1.3715393577311543
189628.76794144406	3000.0	1653.709294530257	0.0	0	0.0	3282.477235974424	1	0	1.0	2.0646865382910993
190030.03715065922	3000.0	2252.4400853151055	0.0	0	0.0	3282.477235974424	1	0	1.0	2.0646865382910993
191102.658141678	6000.0	2179.819094296361	0.0	0	0.0	3282.477235974424	1	0	1.0	2.064686538291099
192166.0270152836	6000.0	2116.4502206907846	0.0	0	0.0	3282.477235974424	1	0	1.0	2.757833718851044
192938.7805384663	6000.0	2343.6966975080713	0.0	0	0.0	3282.477235974424	1	0	1.0	2.757833718851044
193720.47958625047	6000.0	2561.997649723907	0.0	0	0.0	3282.477235974424	1	0	1.0	2.757833718851044
195042.4384113636	6000.0	2240.038824610766	0.0	0	0.0	3282.477235974424	1	0	1.0	2.757833718851044
196538.5961413138	6000.0	1743.8810946605433	0.0	0	0.0	3282.4772359743947	1	0	1.0	2.7578337188510464
197219.83502186032	6000.0	2062.642214114062	0.0	0	0.0	3282.4772359743947	1	0	1.0	2.7578337188510504
198379.70566244295	6000.0	1902.7715735314089	0.0	0	0.0	3282.4772359743947	1	0	1.0	2.7578337188510504
200076.0696610749	6000.0	1206.4075748994874	0.0	0	0.0	3282.4772359743947	1	0	1.0	2.7578337188510504
201304.43947096888	6000.0	978.0377650055352	0.0	0	0.0	3282.477235974424	1	0	1.0	2.757833718851044
202381.39665120174	6000.0	901.0805847726862	0.0	0	0.0	3282.477235974424	1	0	1.0	2.757833718851044
203659.443232741	6000.0	623.0340032334307	0.0	0	0.0	3282.4772359743947	1	0	1.0	2.7578337188510464
204900.96110219567	6000.0	381.51613377875736	0.0	0	0.0	3282.4772359743947	1	0	1.0	2.7578337188510504
205792.82448172677	6000.0	547.4128285351588	57.76007428751228	0	0.0	3340.237310261902	1	0	1.0	2.397502980814462
207074.96959619588	6000.0	316.6166454105055	51.348931344438604	0	0.0	3391.586241606361	1	0	1.0	2.423133641098702
207652.62698604833	3000.0	738.9592555580675	0.0	0	0.0	3391.586241606361	1	0	1.0	1.3449328680454438
208067.56525771003	3000.0	1324.0209838963756	0.0	0	0.0	3391.586241606361	1	0	1.0	2.038080048605389
208596.51081179385	3000.0	1795.0754298125378	0.0	0	0.0	3391.586241606332	1	0	1.0	2.038080048605396
209082.76202376108	3000.0	2308.82421784529	0.0	0	0.0	3391.586241606332	1	0	1.0	2.038080048605396
210430.08683904292	6000.0	1961.499402563452	0.0	0	0.0	3391.586241606332	1	0	1.0	2.038080048605396
211418.93721137088	6000.0	1972.6490302354819	0.0	0	0.0	3391.586241606303	1	0	1.0	2.7312272291653485
212481.63681686457	6000.0	1909.94942474176	0.0	0	0.0	3391.586241606303	1	0	1.0	2.7312272291653485
213362.2656121487	6000.0	2029.3206294576385	0.0	0	0.0	3391.586241606303	1	0	1.0	2.7312272291653485
214610.47549084754	6000.0	1781.1107507587703	0.0	0	0.0	3391.5862416062446	1	0	1.0	2.7312272291653588
215679.43964734842	6000.0	1712.1465942578986	0.0	0	0.0	3391.5862416062446	1	0	1.0	2.731227229165363
216415.51287089658	6000.0	1976.0733707097502	0.0	0	0.0	3391.5862416062155	1	0	1.0	2.7312272291653645
217164.87608201944	6000.0	2226.7101595869044	0.0	0	0.0	3391.5862416062446	1	0	1.0	2.731227229165363
218253.5599810574	6000.0	2138.026260548946	0.0	0	0.0	3391.5862416062446	1	0	1.0	2.731227229165363
219137.35650218316	6000.0	2254.2297394232246	0.0	0	0.0	3391.5862416062446	1	0	1.0	2.731227229165363
220054.36146822394	6000.0	2337.2247733824393	0.0	0	0.0	3391.5862416062446	1	0	1.0	2.731227229165363
220776.1322961289	6000.0	2615.453945477449	0.0	0	0.0	3391.5862416062446	1	0	1.0	2.731227229165363
221769.3907446216	6000.0	2622.195496984747	0.0	0	0.0	3391.5862416062446	1	0	1.0	2.731227229165363
222893.56687928556	6000.0	2498.0193623207692	0.0	0	0.0	3391.5862416062155	1	0	1.0	2.7312272291653708
223696.09066027578	6000.0	2695.4955813305387	0.0	0	0.0	3391.5862416062155	1	0	1.0	2.7312272291653708
224448.58758862456	6000.0	2942.998652981718	0.0	0	0.0	3391.5862416061864	1	0	1.0	2.731227229165372
225307.78132964775	6000.0	3083.804911958545	0.0	0	0.0	3391.5862416061864	1	0	1.0	2.7312272291653783
226267.35576014617	6000.0	3124.230481460123	0.0	0	0.0	3391.5862416062155	1	0	1.0	2.7312272291653708
227456.77660975378	6000.0	2934.8096318525418	0.0	0	0.0	3391.5862416061864	1	0	1.0	2.7312272291653783
228536.91778391265	6000.0	2854.6684576937078	0.0	0	0.0	3391.5862416062155	1	0	1.0	2.7312272291653708
229669.8668116873	6000.0	2721.71942991903	0.0	0	0.0	3391.5862416061864	1	0	1.0	2.7312272291653783
230793.88972975145	6000.0	2597.6965118548987	0.0	0	0.0	3391.5862416062155	1	0	1.0	2.7312272291653734
232014.04459732503	6000.0	2377.541644281308	0.0	0	0.0	3391.5862416061864	1	0	1.0	2.7312272291653783
232862.1464645085	6000.0	2529.4397770978267	0.0	0	0.0	3391.5862416062155	1	0	1.0	2.7312272291653708
233659.10222903563	6000.0	2732.484012570702	0.0	0	0.0	3391.5862416062155	1	0	1.0	2.7312272291653708
234962.13728358134	6000.0	2429.4489580249888	0.0	0	0.0	3391.5862416062155	1	0	1.0	2.7312272291653725
235981.2218499865	6000.0	2410.3643916197984	0.0	0	0.0	3391.5862416062155	1	0	1.0	2.7312272291653708
236913.48724779856	6000.0	2478.098993807747	0.0	0	0.0	3391.5862416062155	1	0	1.0	2.7312272291653708
237911.70030768306	6000.0	2479.8859339232467	0.0	0	0.0	3391.5862416062155	1	0	1.0	2.7312272291653708
238771.03202203097	6000.0	2620.5542195753046	0.0	0	0.0	3391.5862416062155	1	0	1.0	2.7312272291653708
239597.54467943736	6000.0	2794.0415621689385	0.0	0	0.0	3391.5862416062446	1	0	1.0	2.731227229165363
240671.71046409366	6000.0	2719.87577751263	0.0	0	0.0	3391.5862416062446	1	0	1.0	2.731227229165363
241716.01862363942	6000.0	2675.567617966851	0.0	0	0.0	3391.5862416062155	1	0	1.0	2.731227229165368
242490.90145817937	6000.0	2900.6847834269174	0.0	0	0.0	3391.5862416062155	1	0	1.0	2.7312272291653663
243820.9519046122	6000.0	2570.6343369941483	0.0	0	0.0	3391.5862416062155	1	0	1.0	2.7312272291653708
244646.69769773597	6000.0	2744.888543870365	0.0	0	0.0	3391.5862416062155	1	0	1.0	2.7312272291653708
245816.23816965983	6000.0	2575.348071946522	0.0	0	0.0	3391.5862416062446	1	0	1.0	2.731227229165363
247472.07309507634	6000.0	1919.5131465300133	0.0	0	0.0	3391.5862416062737	1	0	1.0	2.731227229165356
248732.95767575223	6000.0	1658.6285658540874	0.0	0	0.0	3391.5862416062446	1	0	1.0	2.73122722916536
250226.1798476198	6000.0	1165.4063939865543	0.0	0	0.0	3391.5862416062446	1	0	1.0	2.731227229165363
251130.74816841696	3000.0	1260.8380731893726	0.0	0	0.0	3391.5862416062737	1	0	1.0	1.344932868045466
251668.89073999115	3000.0	1722.6955016151803	0.0	0	0.0	3391.5862416062737	1	0	1.0	2.038080048605411
252251.05830402754	3000.0	2140.527937578779	0.0	0	0.0	3391.5862416062737	1	0	1.0	2.038080048605411
253066.0967824177	3000.0	2325.4894591885964	0.0	0	0.0	3391.5862416062737	1	0	1.0	2.038080048605411
254026.56396940188	3000.0	2365.02227220444	0.0	0	0.0	3391.5862416062737	1	0	1.0	2.038080048605411
254679.75189498486	3000.0	2711.83434662148	0.0	0	0.0	3391.5862416062737	1	0	1.0	2.038080048605411
255547.15682261853	6000.0	2844.4294189878447	0.0	0	0.0	3391.5862416062737	1	0	1.0	2.038080048605411
256294.32002015063	6000.0	3097.2662214557363	0.0	0	0.0	3391.5862416062737	1	0	1.0	2.731227229165356
257200.0	6000.0	3191.586241606349	0.0	0	49.98306689891615	3391.5862416062446	1	0	1.0	2.731227229165363
258377.79450701564	6000.0	3013.7917345906776	0.0	0	0.0	3391.5862416062155	1	0	1.0	2.7312272291653645
259646.0965780688	6000.0	2745.4896635374917	0.0	0	0.0	3391.5862416061864	1	0	1.0	2.731227229165375
260249.625735035	6000.0	3141.9605065712867	0.0	0	0.0	3391.5862416061573	1	0	1.0	2.7312272291653854
261259.50804755607	6000.0	3132.0781940501793	0.0	0	0.0	3391.5862416061573	1	0	1.0	2.7312272291653854
262200.0	6000.0	3191.58624160622	0.0	0	192.48334582219832	3391.586241606128	1	0	1.0	2.7312272291653934
263352.6681844225	6000.0	3038.91805718372	0.0	0	0.0	3391.586241606128	1	0	1.0	2.7312272291653885
264200.0	6000.0	3191.586241606181	0.0	0	120.88560931960819	3391.586241606128	1	0	1.0	2.731227229165384
265200.0	6000.0	3191.5862416061987	0.0	0	45.57748696487397	3391.5862416061573	1	0	1.0	2.731227229165381
266657.032608745	6000.0	2734.553632861231	0.0	0	0.0	3391.5862416061573	1	0	1.0	2.7312272291653854
267584.3349237687	6000.0	2807.2513178375307	0.0	0	0.0	3391.5862416062155	1	0	1.0	2.7312272291653708
268441.5689581454	6000.0	2950.0172834608134	0.0	0	0.0	3391.5862416062155	1	0	1.0	2.7312272291653708
269200.0	6000.0	3191.586241606185	0.0	0	33.67676132370252	3391.5862416062155	1	0	1.0	2.7312272291653708
270470.16732953803	6000.0	2921.4189120681394	0.0	0	0.0	3391.5862416062155	1	0	1.0	2.7312272291653708
271200.0	6000.0	3191.586241606153	0.0	0	23.564922388002742	3391.5862416062737	1	0	1.0	2.731227229165356
272337.6148358563	6000.0	3053.9714057498395	0.0	0	0.0	3391.5862416062737	1	0	1.0	2.731227229165356
273200.0	6000.0	3191.5862416061714	0.0	0	59.48749593895627	3391.5862416062737	1	0	1.0	2.731227229165356
274321.25740773336	6000.0	3070.328833872833	0.0	0	0.0	3391.586241606332	1	0	1.0	2.731227229165341
275200.0	6000.0	3191.5862416062378	0.0	0	0.2708633945439942	3391.586241606332	1	0	1.0	2.731227229165341
276200.0	6000.0	3191.586241606218	0.0	0	50.96693435224006	3391.5862416062737	1	0	1.0	2.731227229165356
277200.0	6000.0	3191.5862416062378	0.0	0	239.26477077469463	3391.586241606332	1	0	1.0	2.731227229165341
278200.0	6000.0	3191.586241606144	0.0	0	154.22692448156886	3391.5862416062737	1	0	1.0	2.731227229165356
279200.0	6000.0	3191.586241606184	0.0	0	234.75589389901143	3391.586241606332	1	0	1.0	2.731227229165341
280278.06388720265	6000.0	3113.5223544035834	0.0	0	0.0	3391.58624160639	1	0	1.0	2.7312272291653263
281200.0	6000.0	3191.5862416063032	0.0	0	259.14924981369404	3391.58624160639	1	0	1.0	2.7312272291653263
282405.0220743752	6000.0	2986.5641672311995	0.0	0	0.0	3391.58624160639	1	0	1.0	2.7312272291653263
283282.4864665463	6000.0	3109.0997750600127	0.0	0	0.0	3391.586241606332	1	0	1.0	2.731227229165341
284376.05894271436	6000.0	3015.5272988919937	0.0	0	0.0	3391.58624160639	1	0	1.0	2.7312272291653263
285200.0	6000.0	3191.586241606347	0.0	0	76.93695398001	3391.58624160639	1	0	1.0	2.7312272291653263
286200.0	6000.0	3191.586241606357	0.0	0	267.85659029410454	3391.5862416064483	1	0	1.0	2.7312272291653112
287690.0800538673	6000.0	2701.5061877390717	0.0	0	0.0	3391.5862416065065	1	0	1.0	2.731227229165296
288603.8836302351	6000.0	2787.7026113712877	0.0	0	0.0	3391.5862416064483	1	0	1.0	2.7312272291653112
289778.1014121048	6000.0	2613.4848295015545	0.0	0	0.0	3391.5862416064483	1	0	1.0	2.7312272291653112
290577.92259049695	6000.0	2813.6636511094644	0.0	0	0.0	3391.5862416065647	1	0	1.0	2.7312272291652873
291346.91655488685	6000.0	3044.6696867195537	0.0	0	0.0	3391.5862416065647	1	0	1.0	2.731227229165282
292508.7316793512	6000.0	2882.8545622551997	0.0	0	0.0	3391.5862416065647	1	0	1.0	2.731227229165282
293592.63623213605	6000.0	2798.950009470335	0.0	0	0.0	3391.5862416065647	1	0	1.0	2.731227229165282
294852.20427585643	6000.0	2539.3819657499703	0.0	0	0.0	3391.5862416065647	1	0	1.0	2.731227229165282
296065.6939863895	6000.0	2325.892255216908	0.0	0	0.0	3391.5862416065647	1	0	1.0	2.731227229165282
297317.19664579723	6000.0	2074.3895958091184	0.0	0	0.0	3391.5862416065065	1	0	1.0	2.731227229165296
298939.6509372376	6000.0	1451.9353043687374	0.0	0	0.0	3391.5862416065065	1	0	1.0	2.731227229165296
299843.38924581435	6000.0	1548.1969957919828	0.0	0	0.0	3391.5862416065065	1	0	1.0	2.731227229165296
300786.9961021811	6000.0	1604.5901394252667	0.0	0	0.0	3391.5862416065065	1	0	1.0	2.731227229165296
301367.0370324089	6000.0	2024.5492091975043	0.0	0	0.0	3391.5862416065647	1	0	1.0	2.7312272291652935
302290.1936704096	6000.0	2101.3925711968277	0.0	0	0.0	3391.5862416065647	1	0	1.0	2.731227229165282
302940.6947547994	6000.0	2450.8914868070206	0.0	0	0.0	3391.5862416065647	1	0	1.0	2.731227229165282
7.32	8.87	5.62	6.83	4.34	6.32	5.76	3.95	7.04	5.94	4.98	5.55	4.47	5.53	5.19	7.48	7.04	6.3	5.54	4.87	5.98	4.97	4.84	7.65	3.73	4.66	5.55	5.77	6.2	7.69	5.72	6.87	4.03	4.74	5.9	5.51	6.39	8.02	5.99	8.53	3.28	4.99	4.0	7.55	6.6	4.58	3.85	6.006434782608696	6.450434782608696	5.8544347826086955	5.972434782608696	6.5404347826086955	6.328434782608696	6.098434782608696	6.070434782608696	6.046434782608696	6.176434782608696	6.396434782608696	5.670434782608696	6.068434782608696	5.956434782608696	6.370434782608696	6.410434782608696	6.2504347826086954	6.236434782608696	6.086434782608696	6.244434782608696	6.426434782608696	6.268434782608696	6.304434782608696	6.836434782608696	6.200434782608696	6.5884347826086955	6.750434782608696	6.320434782608696	6.866434782608696	6.162434782608696	6.452434782608696	5.8304347826086955	6.3064347826086955	6.010434782608696	6.054434782608696	6.3224347826086955	6.772434782608696	6.498434782608696	6.492434782608695	6.312434782608696	5.858434782608696	5.802434782608696	6.100434782608696	6.238434782608696	6.384434782608696	6.474434782608696	3.39	5.05	4.07	5.19	4.08	5.17	4.39	3.7	8.2	6.05	5.95	6.57	4.31	8.44	4.31	7.89	4.71	6.63	5.36	4.98	7.27	6.7	8.42	4.88	6.96	5.73	8.63	5.85	8.39	6.55	6.63	7.42	6.01	5.72	8.73	6.21	7.8	7.33	6.61	6.31	3.41	6.41	5.64	7.29	7.29	6.28	4.0	5.87	5.03	6.37	5.47	3.23	5.53	7.67	9.52	6.37	4.43	7.32	8.87	5.62	6.83	4.34	6.32	5.76	3.95	7.04	5.94	4.98	5.55	4.47	5.53	5.19	7.48	7.04	6.3	5.54	4.87	5.98	4.97	4.84	7.65	3.73	4.66	5.55	5.77	6.2	7.69	5.72	6.87	4.03	4.74	5.9	5.51	6.39	8.02	5.99	8.53	3.28	4.99	4.0	7.55	6.6	4.58	3.85	6.006434782608696	6.450434782608696	5.8544347826086955	5.972434782608696	6.5404347826086955	6.328434782608696	6.098434782608696	6.070434782608696	6.046434782608696	6.176434782608696	6.396434782608696	5.670434782608696	6.068434782608696	5.956434782608696	6.370434782608696	6.410434782608696	6.2504347826086954	6.236434782608696	6.086434782608696	6.244434782608696	6.426434782608696	6.268434782608696	6.304434782608696	6.836434782608696	6.200434782608696	6.5884347826086955	6.750434782608696	6.320434782608696	6.866434782608696	6.162434782608696	6.452434782608696	5.8304347826086955	6.3064347826086955	6.010434782608696	6.054434782608696	6.3224347826086955	6.772434782608696	6.498434782608696	6.492434782608695	6.312434782608696	5.858434782608696	5.802434782608696	6.100434782608696	6.238434782608696	6.384434782608696	6.474434782608696	3.39	5.05	4.07	5.19	4.08	5.17	4.39	3.7	8.2	6.05	5.95	6.57	4.31	8.44	4.31	7.89	4.71	6.63	5.36	4.98	7.27	6.7	8.42	4.88	6.96	5.73	8.63	5.85	8.39	6.55	6.63	7.42	6.01	5.72	8.73	6.21	7.8	7.33	6.61	6.31	3.41	6.41	5.64	7.29	7.29	6.28	4.0	5.87	5.03	6.37	5.47	3.23	5.53	7.67	9.52	6.37	4.43	7.32	8.87	5.62	6.83
1.0	2.0	3.0	4.0	5.0	6.0	7.0	8.0	9.0	10.0	11.0	12.0	13.0	14.0	15.0	16.0	17.0	18.0	19.0	20.0	21.0	22.0	23.0	24.0	25.0	26.0	27.0	28.0	29.0	30.0	31.0	32.0	33.0	34.0	35.0	36.0	37.0	38.0	39.0	40.0	41.0	42.0	43.0	44.0	45.0	46.0	47.0	48.0	49.0	50.0	51.0	52.0	53.0	54.0	55.0	56.0	57.0	58.0	59.0	60.0	61.0	62.0	63.0	64.0	65.0	66.0	67.0	68.0	69.0	70.0	71.0	72.0	73.0	74.0	75.0	76.0	77.0	78.0	79.0	80.0	81.0	82.0	83.0	84.0	85.0	86.0	87.0	88.0	89.0	90.0	91.0	92.0	93.0	94.0	95.0	96.0	97.0	98.0	99.0	100.0	101.0	102.0	103.0	104.0	105.0	106.0	107.0	108.0	109.0	110.0	111.0	112.0	113.0	114.0	115.0	116.0	117.0	118.0	119.0	120.0	121.0	122.0	123.0	124.0	125.0	126.0	127.0	128.0	129.0	130.0	131.0	132.0	133.0	134.0	135.0	136.0	137.0	138.0	139.0	140.0	141.0	142.0	143.0	144.0	145.0	146.0	147.0	148.0	149.0	149.0	150.0	151.0	152.0	153.0	154.0	155.0	156.0	157.0	158.0	159.0	160.0	161.0	162.0	163.0	164.0	165.0	166.0	167.0	168.0	169.0	170.0	171.0	172.0	173.0	174.0	175.0	176.0	177.0	178.0	179.0	180.0	181.0	182.0	183.0	184.0	185.0	186.0	187.0	188.0	189.0	190.0	191.0	192.0	193.0	194.0	195.0	196.0	197.0	198.0	199.0	200.0	201.0	202.0	203.0	204.0	205.0	206.0	207.0	208.0	209.0	210.0	211.0	212.0	213.0	214.0	215.0	216.0	217.0	218.0	219.0	220.0	221.0	222.0	223.0	224.0	225.0	226.0	227.0	228.0	229.0	230.0	231.0	232.0	233.0	234.0	235.0	236.0	237.0	238.0	239.0	240.0	241.0	242.0	243.0	244.0	245.0	246.0	247.0	248.0	249.0	250.0	251.0	252.0	253.0	254.0	255.0	256.0	257.0	258.0	259.0	260.0	261.0	262.0	263.0	264.0	265.0	266.0	267.0	268.0	269.0	270.0	271.0	272.0	273.0	274.0	275.0	276.0	277.0	278.0	279.0	280.0	281.0	282.0	283.0	284.0	285.0	286.0	287.0	288.0	289.0	290.0	291.0	292.0	293.0	294.0	295.0	296.0	297.0	298.0	298.0	299.0	300.0	301.0	302.0
4356.345191159009
