5365.665602619504	500.0	2000.0	202.92566612303793	0	0.0	3365.665602619504	1	0	1.0	-7.4641322815559406
5990.147731512922	2000.0	2375.5178711065814	0.0	0	0.0	3365.6656026195037	1	0	1.0	0.2528715558769463
6459.396928323515	2000.0	2906.2686742959895	0.0	0	0.0	3365.665602619504	1	0	1.0	1.639165916996837
7200.0	3000.0	3165.665602619504	0.0	0	70.99032410640666	3365.665602619504	1	0	1.0	1.639165916996837
8200.0	3000.0	3165.6656026195033	0.0	0	308.42745230852506	3365.6656026195033	1	0	1.0	2.044631025105002
9200.0	3000.0	3165.665602619502	0.0	0	91.9933507757869	3365.6656026195024	1	0	1.0	2.0446310251050015
10245.88646757134	3000.0	3119.779135048163	0.0	0	0.0	3365.6656026195024	1	0	1.0	2.044631025105002
11200.0	3000.0	3165.6656026195014	0.0	0	405.72465745853697	3365.6656026195033	1	0	1.0	2.0446310251050015
12200.0	3000.0	3165.6656026195005	0.0	0	279.93115184831004	3365.6656026195033	1	0	1.0	2.044631025105002
13200.0	3000.0	3165.665602619499	0.0	0	189.56266457633865	3365.6656026195033	1	0	1.0	2.044631025105002
14365.443371735917	3000.0	3000.2222308835826	0.0	0	0.0	3365.665602619505	1	0	1.0	2.0446310251050015
15345.795941910987	3000.0	3019.869660708513	0.0	0	0.0	3365.6656026195033	1	0	1.0	2.044631025105002
16707.31714247988	6000.0	2658.348460139624	0.0	0	0.0	3365.665602619505	1	0	1.0	2.044631025105002
17430.852186646385	3000.0	2934.8134159731203	0.0	0	0.0	3365.6656026195105	1	0	1.0	1.3514838445450554
18640.14953566855	6000.0	2725.516066950959	0.0	0	0.0	3365.6656026195124	1	0	1.0	2.0446310251049993
19597.72866075025	6000.0	2767.936941869257	0.0	0	0.0	3365.6656026195124	1	0	1.0	2.7377782056649447
20807.406265991685	6000.0	2558.2593366278234	0.0	0	0.0	3365.6656026195124	1	0	1.0	2.7377782056649447
21991.06437590038	6000.0	2374.6012267191277	0.0	0	0.0	3365.6656026195087	1	0	1.0	2.737778205664945
23466.49772943662	6000.0	1899.1678731828877	0.0	0	0.0	3365.6656026195087	1	0	1.0	2.737778205664945
24532.664243954612	6000.0	1833.0013586648943	0.0	0	0.0	3365.6656026195124	1	0	1.0	2.7377782056649447
25617.543107076905	6000.0	1748.1224955426048	0.0	0	0.0	3365.665602619516	1	0	1.0	2.7377782056649433
28008.703205802733	6000.0	356.96239681677935	0.0	0	0.0	3365.665602619516	1	0	1.0	2.7377782056649433
29034.587058844118	3000.0	476.20996620072276	145.1314224253279	0	0.0	3510.797025044845	1	0	1.0	0.44206560497238057
30007.69746444633	3000.0	503.0995605985139	0.0	0	0.0	3510.797025044845	1	0	1.0	2.0060013200842928
31249.090596171493	3000.0	331.57555587954187	69.86912700619268	0	0.0	3580.666152051039	1	0	1.0	1.5664199221219715
32109.57650939461	2000.0	561.9562875266117	90.86664487018652	0	0.0	3671.532796921223	1	0	1.0	0.6011750946853235
32690.32304521598	2000.0	981.2097517052376	0.0	0	0.0	3671.5327969212194	1	0	1.0	1.5518400720146084
33249.155677236624	2000.0	1422.3771196845978	0.0	0	0.0	3671.5327969212267	1	0	1.0	1.551840072014606
34279.52241577442	3000.0	1392.0103811467884	0.0	0	0.0	3671.5327969212194	1	0	1.0	1.5518400720146075
35040.14399329681	2000.0	1631.3888036244043	0.0	0	0.0	3671.5327969212267	1	0	1.0	1.146374963906442
35708.30743139791	3000.0	1963.2253655233078	0.0	0	0.0	3671.5327969212267	1	0	1.0	1.551840072014607
36191.55584980512	3000.0	2479.9769471161007	0.0	0	0.0	3671.5327969212303	1	0	1.0	1.9573051801227708
36816.96844257221	3000.0	2854.564354349006	0.0	0	0.0	3671.532796921223	1	0	1.0	1.957305180122772
38498.96662943097	6000.0	2172.5661674902385	0.0	0	0.0	3671.532796921223	1	0	1.0	1.9573051801227705
39733.989104292974	6000.0	1937.5436926282332	0.0	0	0.0	3671.532796921223	1	0	1.0	2.650452360682717
41052.78083793138	6000.0	1618.7519589898286	0.0	0	0.0	3671.532796921223	1	0	1.0	2.650452360682717
41969.15509332127	3000.0	1702.3777035999422	0.0	0	0.0	3671.532796921223	1	0	1.0	1.2641579995628272
42671.33867645252	3000.0	2000.1941204686893	0.0	0	0.0	3671.532796921223	1	0	1.0	1.957305180122772
43541.06129049866	3000.0	2130.4715064225484	0.0	0	0.0	3671.532796921216	1	0	1.0	1.9573051801227743
45067.36890928221	3000.0	1604.1638876390052	0.0	0	0.0	3671.532796921216	1	0	1.0	1.9573051801227743
45988.48731546323	3000.0	1683.0454814579869	0.0	0	0.0	3671.532796921216	1	0	1.0	1.9573051801227743
47010.656748550784	3000.0	1660.8760483704284	0.0	0	0.0	3671.5327969212085	1	0	1.0	1.9573051801227768
47995.81129740655	3000.0	1675.7214995146542	0.0	0	0.0	3671.5327969212085	1	0	1.0	1.9573051801227768
49186.11618709196	3000.0	1485.416609829245	0.0	0	0.0	3671.5327969212085	1	0	1.0	1.9573051801227768
49806.304967742566	3000.0	1865.227829178641	0.0	0	0.0	3671.5327969212085	1	0	1.0	1.9573051801227768
50672.52146977793	3000.0	1999.0113271432858	0.0	0	0.0	3671.5327969212085	1	0	1.0	1.9573051801227768
51801.26075852678	3000.0	1870.2720383944434	0.0	0	0.0	3671.5327969212085	1	0	1.0	1.9573051801227768
52569.41103762789	3000.0	2102.1217592933353	0.0	0	0.0	3671.532796921216	1	0	1.0	1.9573051801227743
53562.98307326049	3000.0	2108.5497236607357	0.0	0	0.0	3671.532796921223	1	0	1.0	1.957305180122772
54661.70967023832	3000.0	2009.823126682899	0.0	0	0.0	3671.532796921216	1	0	1.0	1.9573051801227743
55709.12666680194	3000.0	1962.4061301192748	0.0	0	0.0	3671.532796921216	1	0	1.0	1.9573051801227743
56284.58314373907	3000.0	2386.949653182135	0.0	0	0.0	3671.532796921216	1	0	1.0	1.9573051801227743
56821.01812250395	3000.0	2850.514674417259	0.0	0	0.0	3671.5327969212085	1	0	1.0	1.9573051801227768
57377.195539786495	3000.0	3294.337257134708	0.0	0	0.0	3671.5327969212085	1	0	1.0	1.9573051801227768
58329.91850232869	3000.0	3341.6142945925158	0.0	0	0.0	3671.5327969212085	1	0	1.0	1.9573051801227768
59200.0	3000.0	3471.532796921207	0.0	0	147.74014963310765	3671.5327969212085	1	0	1.0	1.9573051801227768
60200.0	3000.0	3471.5327969212044	0.0	0	297.65700754481077	3671.532796921201	1	0	1.0	1.9573051801227792
61433.829507849085	3000.0	3237.7032890721102	0.0	0	0.0	3671.532796921201	1	0	1.0	1.9573051801227792
62465.400554358814	3000.0	3206.1322425623857	0.0	0	0.0	3671.532796921201	1	0	1.0	1.9573051801227792
63693.48923969186	3000.0	2978.043557229347	0.0	0	0.0	3671.532796921201	1	0	1.0	1.9573051801227792
64680.21498271996	3000.0	2991.3178142012516	0.0	0	0.0	3671.532796921201	1	0	1.0	1.9573051801227792
65429.776948092236	3000.0	3241.755848828979	0.0	0	0.0	3671.532796921201	1	0	1.0	1.9573051801227792
66200.0	3000.0	3471.532796921218	0.0	0	14.18530226382427	3671.5327969212085	1	0	1.0	1.95730518012278
67200.0	3000.0	3471.532796921226	0.0	0	254.99008214431524	3671.532796921216	1	0	1.0	1.9573051801227748
68208.01212291722	3000.0	3463.520674004008	0.0	0	0.0	3671.532796921216	1	0	1.0	1.9573051801227725
69200.0	3000.0	3471.5327969212403	0.0	0	176.7927131064789	3671.5327969212376	1	0	1.0	1.9573051801227694
70378.9267762336	3000.0	3292.606020687649	0.0	0	0.0	3671.5327969212376	1	0	1.0	1.9573051801227672
71360.60018457475	3000.0	3310.9326123464925	0.0	0	0.0	3671.5327969212376	1	0	1.0	1.9573051801227672
72289.87824092804	3000.0	3381.6545559931997	0.0	0	0.0	3671.5327969212376	1	0	1.0	1.9573051801227672
73218.4955191432	3000.0	3453.037277778047	0.0	0	0.0	3671.5327969212376	1	0	1.0	1.9573051801227672
74299.23734760606	3000.0	3372.2954493151606	0.0	0	0.0	3671.5327969212376	1	0	1.0	1.9573051801227672
75359.07742601236	3000.0	3312.4553709088723	0.0	0	0.0	3671.532796921223	1	0	1.0	1.957305180122772
76316.29315591184	3000.0	3355.239641009397	0.0	0	0.0	3671.532796921223	1	0	1.0	1.957305180122772
77365.43313069102	3000.0	3306.099666230237	0.0	0	0.0	3671.532796921223	1	0	1.0	1.957305180122772
78411.57238078027	3000.0	3259.9604161409925	0.0	0	0.0	3671.532796921223	1	0	1.0	1.957305180122772
79200.0	3000.0	3471.532796921256	0.0	0	43.7391793152492	3671.532796921223	1	0	1.0	1.957305180122772
80605.90438875476	3000.0	3065.628408166495	0.0	0	0.0	3671.532796921223	1	0	1.0	1.957305180122772
81431.21153905599	3000.0	3240.321257865261	0.0	0	0.0	3671.532796921223	1	0	1.0	1.957305180122772
82200.0	3000.0	3471.5327969212462	0.0	0	23.582988904527156	3671.532796921223	1	0	1.0	1.957305180122772
83200.54537510472	3000.0	3470.9874218165246	0.0	0	0.0	3671.5327969212376	1	0	1.0	1.9573051801227672
84931.08376422347	6000.0	2740.449032697779	0.0	0	0.0	3671.5327969212376	1	0	1.0	1.9573051801227674
86308.55772560557	3000.0	2362.9750713156777	0.0	0	0.0	3671.5327969212376	1	0	1.0	1.2641579995628223
87467.62835727297	3000.0	2203.904439648275	0.0	0	0.0	3671.5327969212376	1	0	1.0	1.9573051801227672
88686.80300600901	3000.0	1984.7297909122485	0.0	0	0.0	3671.5327969212376	1	0	1.0	1.9573051801227672
89688.97506256936	3000.0	1982.5577343519042	0.0	0	0.0	3671.532796921223	1	0	1.0	1.957305180122772
91101.68566445251	3000.0	1569.8471324687432	0.0	0	0.0	3671.532796921223	1	0	1.0	1.957305180122772
92111.00046912802	3000.0	1560.5323277932375	0.0	0	0.0	3671.5327969212085	1	0	1.0	1.9573051801227768
92697.98561717354	3000.0	1973.547179747702	0.0	0	0.0	3671.5327969212085	1	0	1.0	1.9573051801227768
93755.0321237987	3000.0	1916.500673122539	0.0	0	0.0	3671.5327969212085	1	0	1.0	1.9573051801227768
94840.0242454168	3000.0	1831.5085515044216	0.0	0	0.0	3671.5327969212085	1	0	1.0	1.9573051801227768
95623.08502585469	3000.0	2048.4477710665333	0.0	0	0.0	3671.5327969212085	1	0	1.0	1.9573051801227768
96209.19689019198	3000.0	2462.3359067292436	0.0	0	0.0	3671.5327969212085	1	0	1.0	1.9573051801227768
96656.49026963155	3000.0	3015.042527289663	0.0	0	0.0	3671.5327969212085	1	0	1.0	1.9573051801227768
97885.7916213452	6000.0	2785.741175576027	0.0	0	0.0	3671.532796921223	1	0	1.0	1.9573051801227719
98457.31855976096	3000.0	3214.21423716028	0.0	0	0.0	3671.532796921223	1	0	1.0	1.2641579995628272
99200.0	3000.0	3471.532796921252	0.0	0	54.352674180379836	3671.5327969212376	1	0	1.0	1.9573051801227672
100200.0	3000.0	3471.532796921238	0.0	0	371.90239262422256	3671.532796921223	1	0	1.0	1.957305180122772
101419.21203338479	3000.0	3252.3207635364547	0.0	0	0.0	3671.532796921223	1	0	1.0	1.957305180122772
102286.10524594222	3000.0	3385.427550979015	0.0	0	0.0	3671.532796921223	1	0	1.0	1.957305180122772
103344.48192316097	3000.0	3327.0508737602627	0.0	0	0.0	3671.532796921223	1	0	1.0	1.957305180122772
104378.55401449352	3000.0	3292.9787824277073	0.0	0	0.0	3671.532796921223	1	0	1.0	1.957305180122772
105542.31417652585	6000.0	3129.218620395388	0.0	0	0.0	3671.532796921223	1	0	1.0	1.9573051801227719
106551.90347329843	3000.0	3119.629323622807	0.0	0	0.0	3671.5327969212376	1	0	1.0	1.2641579995628223
107282.24056554871	3000.0	3389.292231372514	0.0	0	0.0	3671.5327969212376	1	0	1.0	1.9573051801227672
108200.0	3000.0	3471.5327969212076	0.0	0	103.0164872641617	3671.5327969212376	1	0	1.0	1.9573051801227672
109200.0	3000.0	3471.5327969212112	0.0	0	235.62915116743534	3671.5327969212376	1	0	1.0	1.9573051801227672
110478.1525068054	6000.0	3193.3802901158247	0.0	0	0.0	3671.5327969212376	1	0	1.0	1.9573051801227674
111218.9469522314	3000.0	3452.5858446898324	0.0	0	0.0	3671.532796921252	1	0	1.0	1.2641579995628176
112200.0	3000.0	3471.532796921236	0.0	0	10.60988622365403	3671.532796921252	1	0	1.0	1.9573051801227626
113203.39485161653	3000.0	3468.137945304699	0.0	0	97.29585179268906	3671.532796921252	1	0	1.0	1.9573051801227626
114733.16121129956	3000.0	2938.3715856216527	0.0	0	0.0	3671.532796921252	1	0	1.0	1.9573051801227626
115858.67470977094	3000.0	2812.85808715026	0.0	0	0.0	3671.532796921252	1	0	1.0	1.9573051801227626
116892.98061447746	3000.0	2778.5521824437537	0.0	0	0.0	3671.532796921252	1	0	1.0	1.9573051801227626
117777.13126557376	3000.0	2894.4015313474665	0.0	0	0.0	3671.532796921252	1	0	1.0	1.9573051801227626
118441.06339543231	3000.0	3230.469401488922	0.0	0	0.0	3671.532796921252	1	0	1.0	1.9573051801227626
119268.09962481401	3000.0	3403.4331721072126	0.0	0	0.0	3671.5327969212376	1	0	1.0	1.9573051801227672
120444.20921144435	3000.0	3227.3235854768704	0.0	0	0.0	3671.5327969212376	1	0	1.0	1.9573051801227672
121233.15906460128	3000.0	3438.3737323199393	0.0	0	0.0	3671.532796921223	1	0	1.0	1.957305180122772
122415.99083036363	6000.0	3255.541966557571	0.0	0	0.0	3671.532796921223	1	0	1.0	1.9573051801227719
123310.70460717498	3000.0	3360.828189746214	0.0	0	0.0	3671.532796921223	1	0	1.0	1.2641579995628272
125015.04223199048	6000.0	2656.490564930707	0.0	0	0.0	3671.5327969212085	1	0	1.0	1.9573051801227763
126039.76483889589	3000.0	2631.7679580252984	0.0	0	0.0	3671.532796921223	1	0	1.0	1.2641579995628272
126571.19698248409	3000.0	3100.335814437106	0.0	0	0.0	3671.532796921223	1	0	1.0	1.957305180122772
127914.42233205464	6000.0	2757.1104648665514	0.0	0	0.0	3671.532796921223	1	0	1.0	1.9573051801227719
128644.09429217092	3000.0	3027.438504750276	0.0	0	0.0	3671.5327969212376	1	0	1.0	1.2641579995628223
129645.22110154253	3000.0	3026.3116953786703	0.0	0	0.0	3671.5327969212376	1	0	1.0	1.9573051801227672
130415.50498898	3000.0	3256.0278079411946	0.0	0	0.0	3671.5327969212376	1	0	1.0	1.9573051801227672
131214.0773682365	3000.0	3457.4554286846897	0.0	0	0.0	3671.532796921223	1	0	1.0	1.957305180122768
132200.0	3000.0	3471.532796921214	0.0	0	273.414947556128	3671.5327969212376	1	0	1.0	1.957305180122768
133200.0	3000.0	3471.5327969212344	0.0	0	146.35357205907349	3671.5327969212667	1	0	1.0	1.95730518012276
134597.98640693532	3000.0	3073.5463899859324	0.0	0	0.0	3671.5327969212667	1	0	1.0	1.957305180122757
135299.48271101053	3000.0	3372.0500859107324	0.0	0	0.0	3671.532796921296	1	0	1.0	1.9573051801227501
136285.40336063228	3000.0	3386.129436288983	0.0	0	0.0	3671.532796921296	1	0	1.0	1.9573051801227483
137200.0	3000.0	3471.5327969212344	0.0	0	155.16885113265016	3671.5327969212667	1	0	1.0	1.957305180122758
138257.2188545587	6000.0	3414.3139423625457	0.0	0	0.0	3671.5327969212667	1	0	1.0	1.9573051801227574
139670.53425406798	6000.0	3000.9985428532686	0.0	0	0.0	3671.5327969212667	1	0	1.0	2.6504523606827024
141096.03636717846	6000.0	2575.496429742793	0.0	0	0.0	3671.532796921296	1	0	1.0	2.6504523606826935
142307.7342842866	6000.0	2363.7985126346466	0.0	0	0.0	3671.532796921296	1	0	1.0	2.6504523606826935
144156.57061029735	6000.0	1514.962186623884	0.0	0	0.0	3671.532796921296	1	0	1.0	2.6504523606826935
145315.38336806133	6000.0	1356.1494288599224	0.0	0	0.0	3671.532796921325	1	0	1.0	2.650452360682684
146917.02912209483	6000.0	754.5036748264397	0.0	0	0.0	3671.532796921325	1	0	1.0	2.650452360682684
147810.57276484475	3000.0	860.9600320765255	0.0	0	0.0	3671.532796921325	1	0	1.0	1.264157999562794
148702.9767161039	3000.0	968.5560808173734	0.0	0	0.0	3671.532796921325	1	0	1.0	1.957305180122739
149754.66962881738	3000.0	916.8631681039095	0.0	0	0.0	3671.532796921325	1	0	1.0	1.957305180122739
150464.49091784447	2000.0	1207.0418790768508	0.0	0	0.0	3671.532796921325	1	0	1.0	1.1463749639064096
151230.21736564458	3000.0	1441.3154312767438	0.0	0	0.0	3671.532796921325	1	0	1.0	1.5518400720145744
152105.63933285407	3000.0	1565.8934640672426	0.0	0	0.0	3671.532796921325	1	0	1.0	1.957305180122739
153075.7837226723	3000.0	1595.7490742489992	0.0	0	0.0	3671.532796921296	1	0	1.0	1.9573051801227483
153790.50139569212	3000.0	1881.0314012291897	0.0	0	0.0	3671.532796921296	1	0	1.0	1.9573051801227483
154634.5107740146	3000.0	2037.0220229066945	0.0	0	0.0	3671.5327969212667	1	0	1.0	1.957305180122758
155539.77257297773	3000.0	2131.760223943598	0.0	0	0.0	3671.5327969212376	1	0	1.0	1.9573051801227672
156142.28360930106	3000.0	2529.249187620289	0.0	0	0.0	3671.5327969212376	1	0	1.0	1.9573051801227672
156788.93928453783	3000.0	2882.5935123834925	0.0	0	0.0	3671.5327969212376	1	0	1.0	1.9573051801227672
157559.31877371142	3000.0	3112.214023209873	0.0	0	0.0	3671.5327969212376	1	0	1.0	1.9573051801227672
158566.24087665015	3000.0	3105.291920271123	0.0	0	0.0	3671.5327969212376	1	0	1.0	1.9573051801227672
159288.44023434207	3000.0	3383.092562579233	0.0	0	0.0	3671.5327969212376	1	0	1.0	1.9573051801227672
160258.83220517027	3000.0	3412.7005917510073	0.0	0	0.0	3671.5327969212376	1	0	1.0	1.9573051801227672
161222.69373017462	3000.0	3448.839066746659	0.0	0	0.0	3671.5327969212376	1	0	1.0	1.9573051801227672
162200.0	3000.0	3471.53279692127	0.0	0	352.49104040436214	3671.5327969212085	1	0	1.0	1.9573051801227692
163359.5149783357	3000.0	3312.017818585552	0.0	0	0.0	3671.5327969212667	1	0	1.0	1.9573051801227617
164391.71108813988	3000.0	3279.8217087813837	0.0	0	0.0	3671.5327969212667	1	0	1.0	1.957305180122758
166123.24954521586	6000.0	2548.2832517053907	0.0	0	0.0	3671.5327969212667	1	0	1.0	1.9573051801227574
167643.817419871	6000.0	2027.7153770502755	0.0	0	0.0	3671.5327969212376	1	0	1.0	2.6504523606827126
168859.27378486522	6000.0	1812.2590120560603	0.0	0	0.0	3671.5327969212376	1	0	1.0	2.6504523606827126
169755.8599975736	6000.0	1915.6727993476695	0.0	0	0.0	3671.5327969212376	1	0	1.0	2.6504523606827126
171249.04376713227	6000.0	1422.489029788982	0.0	0	0.0	3671.5327969212376	1	0	1.0	2.6504523606827126
172112.52006909737	3000.0	1559.0127278238965	0.0	0	0.0	3671.5327969212376	1	0	1.0	1.2641579995628223
172679.01090457334	3000.0	1992.521892347922	0.0	0	0.0	3671.5327969212667	1	0	1.0	1.957305180122758
173715.37620375046	6000.0	1956.156593170761	0.0	0	0.0	3671.5327969212667	1	0	1.0	1.9573051801227574
175110.33983306712	6000.0	1561.19296385411	0.0	0	0.0	3671.5327969212667	1	0	1.0	2.6504523606827024
176066.88047676382	3000.0	1604.6523201573689	0.0	0	0.0	3671.5327969212667	1	0	1.0	1.264157999562813
177386.6773336871	3000.0	1284.8554632340652	0.0	0	0.0	3671.5327969212667	1	0	1.0	1.957305180122758
178148.98907440956	3000.0	1522.5437225116054	0.0	0	0.0	3671.5327969212667	1	0	1.0	1.957305180122758
178917.29537130301	3000.0	1754.2374256181715	0.0	0	0.0	3671.5327969212667	1	0	1.0	1.957305180122758
180232.94368873743	3000.0	1438.589108183742	0.0	0	0.0	3671.5327969212085	1	0	1.0	1.9573051801227712
181241.69879227423	3000.0	1429.8340046469502	0.0	0	0.0	3671.5327969212085	1	0	1.0	1.9573051801227768
182157.76971746213	3000.0	1513.7630794590493	0.0	0	0.0	3671.5327969212085	1	0	1.0	1.9573051801227825
183024.814895974	3000.0	1646.7179009471733	0.0	0	0.0	3671.5327969212085	1	0	1.0	1.9573051801227768
184207.8306018101	3000.0	1463.702195111075	0.0	0	0.0	3671.5327969212376	1	0	1.0	1.9573051801227672
184977.61027917426	3000.0	1693.922517746926	0.0	0	0.0	3671.5327969212376	1	0	1.0	1.9573051801227672
185603.90370678034	3000.0	2067.629090140819	0.0	0	0.0	3671.5327969212085	1	0	1.0	1.9573051801227768
186152.14149849955	3000.0	2519.3912984216	0.0	0	0.0	3671.5327969211794	1	0	1.0	1.9573051801227803
187461.05979576008	6000.0	2210.473001161075	0.0	0	0.0	3671.5327969211794	1	0	1.0	1.9573051801227863
188648.88651731587	6000.0	2022.6462796052629	0.0	0	0.0	3671.5327969211794	1	0	1.0	2.6504523606827313
189444.12968727472	3000.0	2227.403109646405	0.0	0	0.0	3671.5327969211794	1	0	1.0	1.2641579995628411
190391.6903578739	3000.0	2279.8424390472314	0.0	0	0.0	3671.5327969211503	1	0	1.0	1.9573051801227956
191291.29676079366	3000.0	2380.2360361274764	0.0	0	0.0	3671.5327969211503	1	0	1.0	1.9573051801227956
192016.0222598326	3000.0	2655.5105370885426	0.0	0	0.0	3671.5327969211503	1	0	1.0	1.9573051801227956
192775.52135259917	3000.0	2896.0114443219754	0.0	0	0.0	3671.5327969211503	1	0	1.0	1.9573051801227956
193903.47550541093	3000.0	2768.057291510198	0.0	0	0.0	3671.532796921121	1	0	1.0	1.957305180122805
194800.6201642798	3000.0	2870.9126326413366	0.0	0	0.0	3671.532796921121	1	0	1.0	1.957305180122805
195674.40113483736	3000.0	2997.131662083761	0.0	0	0.0	3671.532796921121	1	0	1.0	1.957305180122805
196972.9120270673	3000.0	2698.620769853809	0.0	0	0.0	3671.532796921121	1	0	1.0	1.957305180122805
198103.00432421212	3000.0	2568.528472709004	0.0	0	0.0	3671.532796921121	1	0	1.0	1.957305180122805
198910.50679033232	3000.0	2761.026006588783	0.0	0	0.0	3671.532796921092	1	0	1.0	1.9573051801228143
199915.02060223898	3000.0	2756.5121946820873	0.0	0	0.0	3671.532796921063	1	0	1.0	1.9573051801228236
201143.5646848365	3000.0	2527.9681120845357	0.0	0	0.0	3671.532796921063	1	0	1.0	1.9573051801228236
201707.82504496104	3000.0	2963.7077519600275	0.0	0	0.0	3671.532796921092	1	0	1.0	1.9573051801228143
202680.11398012942	3000.0	2991.4188167916463	0.0	0	0.0	3671.532796921092	1	0	1.0	1.9573051801228143
203876.72626708905	3000.0	2794.8065298320594	0.0	0	0.0	3671.532796921121	1	0	1.0	1.957305180122805
204881.87622752695	3000.0	2789.6565693941698	0.0	0	0.0	3671.532796921121	1	0	1.0	1.957305180122805
205596.45845880042	3000.0	3075.074338120687	0.0	0	0.0	3671.532796921121	1	0	1.0	1.957305180122805
207603.40570689455	6000.0	2068.127090026559	0.0	0	0.0	3671.5327969211503	1	0	1.0	1.957305180122801
208386.27701674588	3000.0	2285.2557801752246	0.0	0	0.0	3671.5327969211503	1	0	1.0	1.2641579995628507
209714.5429798815	3000.0	1956.9898170395873	0.0	0	0.0	3671.5327969211503	1	0	1.0	1.9573051801227956
210996.00525750214	3000.0	1675.5275394189703	0.0	0	0.0	3671.5327969211503	1	0	1.0	1.9573051801227956
211927.81498610202	3000.0	1743.7178108191056	0.0	0	0.0	3671.5327969211503	1	0	1.0	1.9573051801227956
212728.3421082832	3000.0	1943.1906886379422	0.0	0	0.0	3671.5327969211503	1	0	1.0	1.9573051801227956
213746.0995005762	3000.0	1925.4332963449356	0.0	0	0.0	3671.5327969211794	1	0	1.0	1.957305180122786
214754.49087420432	3000.0	1917.0419227168265	0.0	0	0.0	3671.5327969211794	1	0	1.0	1.957305180122786
215729.2311992961	3000.0	1942.3015976250226	0.0	0	0.0	3671.5327969211794	1	0	1.0	1.957305180122786
216366.40737793164	3000.0	2305.1254189895203	0.0	0	0.0	3671.5327969211503	1	0	1.0	1.9573051801227956
217074.0783350058	3000.0	2597.4544619154053	0.0	0	0.0	3671.5327969211794	1	0	1.0	1.957305180122786
218199.52200097122	3000.0	2472.0107959499855	0.0	0	0.0	3671.5327969211503	1	0	1.0	1.957305180122788
219366.52948756973	3000.0	2305.0033093514567	0.0	0	0.0	3671.532796921121	1	0	1.0	1.957305180122805
220096.0025393185	3000.0	2575.5302576026997	0.0	0	0.0	3671.532796921121	1	0	1.0	1.957305180122805
220967.88768839985	3000.0	2703.6451085213266	0.0	0	0.0	3671.532796921121	1	0	1.0	1.957305180122805
221622.69606768206	3000.0	3048.8367292391163	0.0	0	0.0	3671.532796921092	1	0	1.0	1.9573051801228143
222656.81632599866	3000.0	3014.716470922498	0.0	0	0.0	3671.532796921121	1	0	1.0	1.957305180122805
223563.24159603656	3000.0	3108.291200884613	0.0	0	0.0	3671.532796921121	1	0	1.0	1.957305180122805
224823.2520160435	3000.0	2848.2807808776665	0.0	0	0.0	3671.532796921121	1	0	1.0	1.957305180122805
225887.98503983358	3000.0	2783.547757087581	0.0	0	0.0	3671.5327969211503	1	0	1.0	1.9573051801227956
226959.52240360557	3000.0	2712.0103933155533	0.0	0	0.0	3671.5327969211503	1	0	1.0	1.9573051801227956
228074.04022456132	3000.0	2597.492572359809	0.0	0	0.0	3671.5327969211503	1	0	1.0	1.9573051801227956
229108.97861377525	3000.0	2562.5541831458804	0.0	0	0.0	3671.5327969211503	1	0	1.0	1.9573051801227956
230187.2565775088	3000.0	2484.2762194123397	0.0	0	0.0	3671.5327969211503	1	0	1.0	1.9573051801228014
231028.93833759273	3000.0	2642.594459328374	0.0	0	0.0	3671.5327969211503	1	0	1.0	1.9573051801227956
231885.46120077703	3000.0	2786.071596144081	0.0	0	0.0	3671.5327969211503	1	0	1.0	1.9573051801227956
232685.08917055756	3000.0	2986.4436263635725	0.0	0	0.0	3671.5327969211503	1	0	1.0	1.9573051801227956
233586.82069605502	3000.0	3084.712100866132	0.0	0	0.0	3671.5327969211503	1	0	1.0	1.9573051801227956
234819.82220505064	3000.0	2851.710591870503	0.0	0	0.0	3671.5327969211503	1	0	1.0	1.9573051801227956
235892.84570308862	3000.0	2778.687093832528	0.0	0	0.0	3671.5327969211503	1	0	1.0	1.9573051801227956
237183.6470352084	3000.0	2487.8857617127264	0.0	0	0.0	3671.5327969211794	1	0	1.0	1.9573051801227916
238160.27169979646	3000.0	2511.2610971246663	0.0	0	0.0	3671.5327969211794	1	0	1.0	1.957305180122786
239028.30349506723	3000.0	2643.229301853928	0.0	0	0.0	3671.5327969211794	1	0	1.0	1.957305180122786
240509.32022749571	3000.0	2162.212569425449	0.0	0	0.0	3671.5327969211794	1	0	1.0	1.957305180122786
241159.06953071695	3000.0	2512.4632662042236	0.0	0	0.0	3671.5327969211503	1	0	1.0	1.95730518012279
241931.633643751	3000.0	2739.899153170181	0.0	0	0.0	3671.5327969211794	1	0	1.0	1.957305180122786
243111.90932211766	3000.0	2559.623474803518	0.0	0	0.0	3671.5327969212376	1	0	1.0	1.9573051801227748
244066.42434460082	3000.0	2605.108452320359	0.0	0	0.0	3671.5327969212376	1	0	1.0	1.9573051801227672
244680.37132497045	3000.0	2991.1614719507083	0.0	0	0.0	3671.5327969212085	1	0	1.0	1.9573051801227768
245272.36633593013	3000.0	3399.166460991018	0.0	0	0.0	3671.5327969211794	1	0	1.0	1.957305180122786
247151.32975133092	6000.0	2520.2030455902423	0.0	0	0.0	3671.5327969212085	1	0	1.0	1.9573051801227843
247891.3850340241	3000.0	2780.147762897055	0.0	0	0.0	3671.5327969212085	1	0	1.0	1.2641579995628318
249054.32458175306	6000.0	2617.20821516813	0.0	0	0.0	3671.5327969212085	1	0	1.0	1.9573051801227763
250212.86174052177	3000.0	2458.671056399429	0.0	0	0.0	3671.5327969212376	1	0	1.0	1.264157999562828
250905.7268352111	3000.0	2765.8059617100703	0.0	0	0.0	3671.5327969212376	1	0	1.0	1.9573051801227672
251611.8548473347	3000.0	3059.677949586452	0.0	0	0.0	3671.5327969212376	1	0	1.0	1.9573051801227672
252596.99720180107	3000.0	3074.5355951201086	0.0	0	0.0	3671.5327969212667	1	0	1.0	1.957305180122758
253260.49734261763	3000.0	3411.035454303552	0.0	0	0.0	3671.532796921296	1	0	1.0	1.9573051801227501
254200.0	3000.0	3471.5327969212117	0.0	0	291.17321722899214	3671.532796921325	1	0	1.0	1.957305180122739
255295.45613207182	3000.0	3376.0766648494123	0.0	0	0.0	3671.532796921325	1	0	1.0	1.957305180122739
256283.69774672514	3000.0	3387.835050196096	0.0	0	0.0	3671.532796921325	1	0	1.0	1.957305180122739
257200.0	3000.0	3471.532796921248	0.0	0	396.1148863423732	3671.532796921325	1	0	1.0	1.957305180122739
258200.0	3000.0	3471.5327969212262	0.0	0	155.18293940130388	3671.532796921354	1	0	1.0	1.957305180122737
260015.32636859806	6000.0	2656.2064283231794	0.0	0	0.0	3671.532796921354	1	0	1.0	1.9573051801227297
260946.69354901923	3000.0	2724.8392479020295	0.0	0	0.0	3671.532796921354	1	0	1.0	1.264157999562785
262433.79056481953	3000.0	2237.742232101712	0.0	0	0.0	3671.532796921383	1	0	1.0	1.957305180122726
264141.05810571706	3000.0	1530.4746912040998	0.0	0	0.0	3671.532796921296	1	0	1.0	1.957305180122739
265198.041619706	3000.0	1473.4911772151502	0.0	0	0.0	3671.532796921296	1	0	1.0	1.9573051801227483
266342.5657618645	3000.0	1328.9670350567317	0.0	0	0.0	3671.5327969212667	1	0	1.0	1.957305180122758
267118.59062481136	2000.0	1552.9421721097956	0.0	0	0.0	3671.5327969212085	1	0	1.0	1.1463749639064473
267663.26704769547	3000.0	2008.2657492256242	0.0	0	0.0	3671.5327969211503	1	0	1.0	1.551840072014631
268432.1773375311	3000.0	2239.3554593899416	0.0	0	0.0	3671.5327969212085	1	0	1.0	1.9573051801227805
269146.3614894805	3000.0	2525.1713074405857	0.0	0	0.0	3671.5327969212085	1	0	1.0	1.9573051801227768
269915.0483738265	3000.0	2756.48442309454	0.0	0	0.0	3671.5327969212085	1	0	1.0	1.9573051801227768
270543.5166201966	3000.0	3128.0161767244686	0.0	0	0.0	3671.5327969212085	1	0	1.0	1.9573051801227768
271226.034051485	3000.0	3445.498745436049	0.0	0	0.0	3671.5327969212085	1	0	1.0	1.9573051801227768
272200.0	3000.0	3471.532796920989	0.0	0	176.04214079905069	3671.5327969211503	1	0	1.0	1.9573051801227956
273200.0	3000.0	3471.532796921014	0.0	0	207.33998515678104	3671.5327969212085	1	0	1.0	1.9573051801227919
274741.89216284675	3000.0	2929.6406340742597	0.0	0	0.0	3671.5327969212085	1	0	1.0	1.9573051801227768
275338.48075239937	3000.0	3333.052044521626	0.0	0	0.0	3671.5327969212085	1	0	1.0	1.9573051801227768
277288.38796935586	6000.0	2383.1448275651205	0.0	0	0.0	3671.5327969212085	1	0	1.0	1.9573051801227763
278248.57243700867	3000.0	2422.960359912249	0.0	0	0.0	3671.5327969212085	1	0	1.0	1.2641579995628318
279092.9518742899	3000.0	2578.5809226310816	0.0	0	0.0	3671.5327969212085	1	0	1.0	1.9573051801227617
279955.10008152586	3000.0	2716.4327153951535	0.0	0	0.0	3671.5327969212085	1	0	1.0	1.9573051801227768
280918.2558901513	3000.0	2753.2769067697204	0.0	0	0.0	3671.5327969212667	1	0	1.0	1.957305180122758
281957.0598640529	3000.0	2714.4729328681415	0.0	0	0.0	3671.5327969212667	1	0	1.0	1.957305180122758
282765.68372754136	3000.0	2905.8490693797235	0.0	0	0.0	3671.5327969212667	1	0	1.0	1.957305180122758
283955.14444947825	3000.0	2716.388347442921	0.0	0	0.0	3671.5327969212667	1	0	1.0	1.957305180122758
284909.7971512396	3000.0	2761.735645681557	0.0	0	0.0	3671.5327969212667	1	0	1.0	1.957305180122758
285702.71409240086	3000.0	2968.8187045203526	0.0	0	0.0	3671.5327969212085	1	0	1.0	1.9573051801227768
286461.58802862524	3000.0	3209.9447682959735	0.0	0	0.0	3671.5327969212085	1	0	1.0	1.9573051801227768
287451.6635710219	3000.0	3219.8692258993224	0.0	0	0.0	3671.5327969212085	1	0	1.0	1.9573051801227768
288262.9665689375	3000.0	3408.5662279837347	0.0	0	0.0	3671.5327969212667	1	0	1.0	1.957305180122758
289402.9430849213	6000.0	3268.589712000007	0.0	0	0.0	3671.5327969212667	1	0	1.0	1.9573051801227574
290218.8085167297	3000.0	3452.724280191614	0.0	0	0.0	3671.5327969212667	1	0	1.0	1.264157999562813
292217.79400672356	6000.0	2453.7387901976736	0.0	0	0.0	3671.5327969212667	1	0	1.0	1.9573051801227574
293421.44211988	6000.0	2250.0906770412234	0.0	0	0.0	3671.5327969212667	1	0	1.0	2.6504523606827024
294410.0941011635	6000.0	2261.4386957577094	0.0	0	0.0	3671.5327969212667	1	0	1.0	2.65045236068271
296523.9043370349	6000.0	1147.628459886297	0.0	0	0.0	3671.5327969212667	1	0	1.0	2.6504523606827024
297328.23257373355	3000.0	1343.3002231876737	0.0	0	0.0	3671.5327969212667	1	0	1.0	1.264157999562813
298268.2503877096	3000.0	1403.282409211601	0.0	0	0.0	3671.5327969212667	1	0	1.0	1.957305180122758
299261.562651685	3000.0	1409.9701452362128	0.0	0	0.0	3671.5327969212667	1	0	1.0	1.957305180122758
300053.55842272827	3000.0	1617.9743741929178	0.0	0	0.0	3671.5327969212667	1	0	1.0	1.957305180122758
300629.17881905905	3000.0	2042.3539778620789	0.0	0	0.0	3671.5327969212085	1	0	1.0	1.9573051801227768
301251.88441522233	3000.0	2419.6483816987907	0.0	0	0.0	3671.5327969211503	1	0	1.0	1.957305180122788
302163.57199399685	3000.0	2507.960802924284	0.0	0	0.0	3671.5327969212085	1	0	1.0	1.9573051801227768
303163.5104629458	3000.0	2508.0223339753124	0.0	0	0.0	3671.5327969212085	1	0	1.0	1.9573051801227768
2.798734693877551	4.214734693877551	4.166734693877551	3.7347346938775505	3.5187346938775512	4.166734693877551	3.554734693877551	3.938734693877551	2.702734693877551	3.5427346938775512	4.850734693877551	4.046734693877551	5.522734693877551	3.530734693877551	5.83473469387755	5.906734693877551	4.250734693877551	3.4347346938775507	6.1707346938775505	5.378734693877551	3.494734693877551	2.9307346938775507	2.678734693877551	3.986734693877551	4.13073469387755	2.894734693877551	3.1107346938775513	4.022734693877551	4.154734693877551	2.738734693877551	4.03473469387755	6.794734693877551	4.334734693877551	4.99473469387755	3.8547346938775506	3.5427346938775512	3.8787346938775507	4.238734693877551	4.334734693877551	1.6107346938775509	3.5427346938775512	3.530734693877551	2.882734693877551	2.438734693877551	3.770734693877551	3.254734693877551	3.1107346938775513	4.934734693877551	2.91	3.42	4.09	5.31	4.07	3.36	3.76	2.43	2.94	2.73	3.59	3.88	3.6	3.44	3.64	3.35	2.36	2.97	4.12	3.54	3.43	3.1	3.41	3.49	2.79	3.16	3.1	2.66	4.41	3.29	5.22	3.95	2.54	3.07	2.76	3.16	3.24	2.03	3.43	4.68	3.39	3.65	4.7	5.704081632653061	2.944081632653061	4.396081632653061	4.156081632653061	2.752081632653061	3.604081632653061	3.868081632653061	3.604081632653061	4.828081632653062	3.3400816326530616	3.580081632653061	4.396081632653061	4.108081632653061	4.6120816326530605	3.928081632653061	3.0280816326530613	3.0760816326530613	1.276081632653061	2.404081632653061	3.880081632653061	2.4760816326530612	3.0520816326530613	4.7800816326530615	3.400081632653061	3.424081632653061	4.672081632653061	3.400081632653061	5.032081632653061	2.3200816326530616	2.5720816326530613	6.292081632653061	2.5960816326530614	3.604081632653061	3.580081632653061	2.896081632653061	3.400081632653061	3.724081632653061	3.0040816326530613	2.8360816326530616	3.6160816326530614	4.792081632653061	4.744081632653061	3.256081632653061	4.444081632653061	4.1680816326530605	5.428081632653061	2.704081632653061	4.396081632653061	6.124081632653062	4.322000000000001	4.106	3.0380000000000003	3.7100000000000004	3.6860000000000004	3.8299999999999996	4.526000000000001	3.314	3.398	1.9347346938775507	2.798734693877551	4.214734693877551	4.166734693877551	3.7347346938775505	3.5187346938775512	4.166734693877551	3.554734693877551	3.938734693877551	2.702734693877551	3.5427346938775512	4.850734693877551	4.046734693877551	5.522734693877551	3.530734693877551	5.83473469387755	5.906734693877551	4.250734693877551	3.4347346938775507	6.1707346938775505	5.378734693877551	3.494734693877551	2.9307346938775507	2.678734693877551	3.986734693877551	4.13073469387755	2.894734693877551	3.1107346938775513	4.022734693877551	4.154734693877551	2.738734693877551	4.03473469387755	6.794734693877551	4.334734693877551	4.99473469387755	3.8547346938775506	3.5427346938775512	3.8787346938775507	4.238734693877551	4.334734693877551	1.6107346938775509	3.5427346938775512	3.530734693877551	2.882734693877551	2.438734693877551	3.770734693877551	3.254734693877551	3.1107346938775513	4.934734693877551	2.91	3.42	4.09	5.31	4.07	3.36	3.76	2.43	2.94	2.73	3.59	3.88	3.6	3.44	3.64	3.35	2.36	2.97	4.12	3.54	3.43	3.1	3.41	3.49	2.79	3.16	3.1	2.66	4.41	3.29	5.22	3.95	2.54	3.07	2.76	3.16	3.24	2.03	3.43	4.68	3.39	3.65	4.7	5.704081632653061	2.944081632653061	4.396081632653061	4.156081632653061	2.752081632653061	3.604081632653061	3.868081632653061	3.604081632653061	4.828081632653062	3.3400816326530616	3.580081632653061	4.396081632653061	4.108081632653061	4.6120816326530605	3.928081632653061	3.0280816326530613	3.0760816326530613	1.276081632653061	2.404081632653061	3.880081632653061	2.4760816326530612	3.0520816326530613	4.7800816326530615	3.400081632653061	3.424081632653061	4.672081632653061	3.400081632653061	5.032081632653061	2.3200816326530616	2.5720816326530613	6.292081632653061	2.5960816326530614	3.604081632653061	3.580081632653061	2.896081632653061	3.400081632653061	3.724081632653061	3.0040816326530613	2.8360816326530616	3.6160816326530614	4.792081632653061	4.744081632653061	3.256081632653061	4.444081632653061	4.1680816326530605	5.428081632653061	2.704081632653061	4.396081632653061	6.124081632653062	4.322000000000001	4.106	3.0380000000000003	3.7100000000000004	3.6860000000000004	3.8299999999999996	4.526000000000001	3.314	3.398	1.9347346938775507	2.798734693877551	4.214734693877551	4.166734693877551
1.0	2.0	3.0	4.0	5.0	6.0	7.0	8.0	9.0	10.0	11.0	12.0	13.0	14.0	15.0	16.0	17.0	18.0	19.0	20.0	21.0	22.0	23.0	24.0	25.0	26.0	27.0	28.0	29.0	30.0	31.0	32.0	33.0	34.0	35.0	36.0	37.0	38.0	39.0	40.0	41.0	42.0	43.0	44.0	45.0	46.0	47.0	48.0	49.0	50.0	51.0	52.0	53.0	54.0	55.0	56.0	57.0	58.0	59.0	60.0	61.0	62.0	63.0	64.0	65.0	66.0	67.0	68.0	69.0	70.0	71.0	72.0	73.0	74.0	75.0	76.0	77.0	78.0	79.0	80.0	81.0	82.0	83.0	84.0	85.0	86.0	87.0	88.0	89.0	90.0	91.0	92.0	93.0	94.0	95.0	96.0	97.0	98.0	99.0	100.0	101.0	102.0	103.0	104.0	105.0	106.0	107.0	108.0	109.0	110.0	111.0	112.0	113.0	114.0	115.0	116.0	117.0	118.0	119.0	120.0	121.0	122.0	123.0	124.0	125.0	126.0	127.0	128.0	129.0	130.0	131.0	132.0	133.0	134.0	135.0	136.0	137.0	138.0	139.0	140.0	141.0	142.0	143.0	144.0	145.0	146.0	147.0	148.0	149.0	149.0	150.0	151.0	152.0	153.0	154.0	155.0	156.0	157.0	158.0	159.0	160.0	161.0	162.0	163.0	164.0	165.0	166.0	167.0	168.0	169.0	170.0	171.0	172.0	173.0	174.0	175.0	176.0	177.0	178.0	179.0	180.0	181.0	182.0	183.0	184.0	185.0	186.0	187.0	188.0	189.0	190.0	191.0	192.0	193.0	194.0	195.0	196.0	197.0	198.0	199.0	200.0	201.0	202.0	203.0	204.0	205.0	206.0	207.0	208.0	209.0	210.0	211.0	212.0	213.0	214.0	215.0	216.0	217.0	218.0	219.0	220.0	221.0	222.0	223.0	224.0	225.0	226.0	227.0	228.0	229.0	230.0	231.0	232.0	233.0	234.0	235.0	236.0	237.0	238.0	239.0	240.0	241.0	242.0	243.0	244.0	245.0	246.0	247.0	248.0	249.0	250.0	251.0	252.0	253.0	254.0	255.0	256.0	257.0	258.0	259.0	260.0	261.0	262.0	263.0	264.0	265.0	266.0	267.0	268.0	269.0	270.0	271.0	272.0	273.0	274.0	275.0	276.0	277.0	278.0	279.0	280.0	281.0	282.0	283.0	284.0	285.0	286.0	287.0	288.0	289.0	290.0	291.0	292.0	293.0	294.0	295.0	296.0	297.0	298.0	298.0	299.0	300.0	301.0
5032.714780561606
