4203.780564707072	500.0	2000.0	185.80845103390718	0	0.0	4203.780564707072	1	0	1.0	-1.6538694902591011
5047.838673820124	3000.0	2155.941890886948	0.0	0	0.0	4203.780564707073	1	0	1.0	-0.04853145946458581
5563.1806608432125	2000.0	2640.5999038638593	0.0	0	0.0	4203.780564707073	1	0	1.0	0.9322977935471395
7614.471924082773	3000.0	1589.3086406242992	0.0	0	0.0	4203.780564707072	1	0	1.0	1.3377629016553048
8575.154028991397	2000.0	1628.6265357156744	0.0	0	0.0	4203.780564707072	1	0	1.0	0.9322977935471404
10218.450089995997	2000.0	985.330474711075	0.0	0	0.0	4203.780564707072	1	0	1.0	1.3377629016553045
11857.413261068596	2000.0	346.3673036384778	0.0	0	0.0	4203.780564707074	1	0	1.0	1.3377629016553036
13345.569887718546	2000.0	214.05088709159247	355.8402101030652	0	0.0	2559.6207748101388	1	0	1.0	-6.352259064246448
14195.618236378357	1000.0	671.2870787467281	307.28454031494664	0	0.0	2866.9053151250846	1	0	1.0	-1.4900414723777642
14917.681163478952	1000.0	949.2241516461322	0.0	0	0.0	2866.9053151250846	1	0	1.0	1.04681295007186
15654.2075911836	2000.0	1212.6977239414846	0.0	0	0.0	2866.9053151250846	1	0	1.0	1.04681295007186
17169.61156019808	2000.0	697.2937549270048	0.0	0	0.0	2866.905315125083	1	0	1.0	1.7399601306318053
17908.05273197463	2000.0	958.8525831504583	0.0	0	0.0	2866.9053151250846	1	0	1.0	1.7399601306318053
18983.671560013092	2000.0	883.2337551119956	0.0	0	0.0	2866.905315125083	1	0	1.0	1.7399601306318053
20250.944021284202	2000.0	615.9612938408853	0.0	0	0.0	2866.9053151250846	1	0	1.0	1.7399601306318053
21483.33537335509	2000.0	383.5699417699963	0.0	0	0.0	2866.9053151250882	1	0	1.0	1.7399601306318047
21951.02864258074	1000.0	915.8766725443438	0.0	0	0.0	2866.9053151250882	1	0	1.0	0.3536657695119143
22940.269895936315	2000.0	926.6354191887685	0.0	0	0.0	2866.9053151250882	1	0	1.0	1.0468129500718595
23800.026927374798	2000.0	1066.8783877502851	0.0	0	0.0	2866.9053151250846	1	0	1.0	1.7399601306318053
24441.592131544625	2000.0	1425.3131835804577	0.0	0	0.0	2866.9053151250846	1	0	1.0	1.7399601306318053
25189.317563619188	2000.0	1677.5877515058987	0.0	0	0.0	2866.9053151250882	1	0	1.0	1.7399601306318047
25779.17956496107	2000.0	2087.7257501640183	0.0	0	0.0	2866.9053151250882	1	0	1.0	1.7399601306318047
26986.602356647716	2000.0	1880.3029584773676	0.0	0	0.0	2866.9053151250882	1	0	1.0	1.7399601306318047
28305.79081580743	2000.0	1561.114499317652	0.0	0	0.0	2866.9053151250882	1	0	1.0	1.7399601306318047
29898.486035657268	2000.0	968.4192794678199	0.0	0	0.0	2866.905315125092	1	0	1.0	1.739960130631804
31178.6687259367	2000.0	688.236589188391	0.0	0	0.0	2866.9053151250882	1	0	1.0	1.7399601306318047
31953.728344819665	2000.0	913.1769703054243	0.0	0	0.0	2866.905315125092	1	0	1.0	1.739960130631804
33332.30843232324	2000.0	534.5968828018488	0.0	0	0.0	2866.9053151250882	1	0	1.0	1.7399601306318044
33965.912443850924	1000.0	900.9928712741599	0.0	0	0.0	2866.9053151250846	1	0	1.0	0.35366576951191475
34901.05600082812	2000.0	965.8493142969719	0.0	0	0.0	2866.9053151250882	1	0	1.0	1.04681295007186
35914.269489790626	2000.0	952.6358253344665	0.0	0	0.0	2866.905315125092	1	0	1.0	1.739960130631804
37083.50474555796	2000.0	783.4005695671351	0.0	0	0.0	2866.9053151250846	1	0	1.0	1.7399601306318053
38028.81012966943	2000.0	838.095185455677	0.0	0	0.0	2866.905315125092	1	0	1.0	1.739960130631804
38927.97612522783	2000.0	938.929189897274	0.0	0	0.0	2866.905315125099	1	0	1.0	1.739960130631803
39688.224305686934	2000.0	1178.681009438177	0.0	0	0.0	2866.905315125099	1	0	1.0	1.739960130631803
40831.50184492576	2000.0	1035.4034701993476	0.0	0	0.0	2866.905315125092	1	0	1.0	1.739960130631804
42104.19492989445	2000.0	762.7103852306551	0.0	0	0.0	2866.905315125092	1	0	1.0	1.739960130631804
42826.996706333855	2000.0	1039.9086087912601	0.0	0	0.0	2866.905315125092	1	0	1.0	1.739960130631804
43704.25454553271	2000.0	1162.6507695924056	0.0	0	0.0	2866.905315125099	1	0	1.0	1.739960130631803
44514.7566571848	2000.0	1352.1486579403258	0.0	0	0.0	2866.905315125099	1	0	1.0	1.739960130631803
45350.75888003412	2000.0	1516.1464350910023	0.0	0	0.0	2866.905315125099	1	0	1.0	1.739960130631803
46667.5404595634	2000.0	1199.3648555617178	0.0	0	0.0	2866.905315125099	1	0	1.0	1.739960130631803
47512.80632968236	2000.0	1354.0989854427526	0.0	0	0.0	2866.905315125099	1	0	1.0	1.739960130631803
48369.88856783414	2000.0	1497.0167472909768	0.0	0	0.0	2866.905315125099	1	0	1.0	1.739960130631803
49458.239286351534	2000.0	1408.666028773584	0.0	0	0.0	2866.905315125099	1	0	1.0	1.739960130631803
50688.37867619566	2000.0	1178.526638929461	0.0	0	0.0	2866.905315125099	1	0	1.0	1.739960130631803
51661.09447341798	2000.0	1205.8108417071364	0.0	0	0.0	2866.905315125099	1	0	1.0	1.739960130631803
52334.77922378769	2000.0	1532.1260913374201	0.0	0	0.0	2866.905315125099	1	0	1.0	1.739960130631803
53312.30905510291	2000.0	1554.5962600221962	0.0	0	0.0	2866.905315125099	1	0	1.0	1.739960130631803
54714.33784012009	2000.0	1152.567475005009	0.0	0	0.0	2866.905315125099	1	0	1.0	1.739960130631803
56132.95398323031	2000.0	733.9513318947807	0.0	0	0.0	2866.905315125099	1	0	1.0	1.739960130631803
56902.06582759464	2000.0	964.8394875304504	0.0	0	0.0	2866.905315125099	1	0	1.0	1.739960130631803
57999.85712073116	2000.0	867.0481943939371	0.0	0	0.0	2866.9053151251064	1	0	1.0	1.7399601306318015
58757.86323614429	2000.0	1109.042078980813	0.0	0	0.0	2866.9053151251064	1	0	1.0	1.7399601306318015
59745.82078372166	2000.0	1121.0845314034345	0.0	0	0.0	2866.905315125099	1	0	1.0	1.739960130631803
61378.30811051828	2000.0	488.5972046068185	0.0	0	0.0	2866.905315125092	1	0	1.0	1.739960130631804
62326.076076714504	2000.0	582.3122438317675	41.48300542118082	0	0.0	2908.388320546277	1	0	1.0	1.4842940685795527
63054.23511330285	2000.0	854.1532072434164	0.0	0	0.0	2908.388320546277	1	0	1.0	1.7331921011066376
63695.019459681746	1000.0	1213.3688608645216	0.0	0	0.0	2908.38832054627	1	0	1.0	0.3468977399867484
64500.42685657004	2000.0	1407.9614639762308	0.0	0	0.0	2908.38832054627	1	0	1.0	1.0400449205466935
65504.33028156205	2000.0	1404.058038984222	0.0	0	0.0	2908.388320546277	1	0	1.0	1.7331921011066376
66387.06504296882	2000.0	1521.323277577437	0.0	0	0.0	2908.38832054627	1	0	1.0	1.7331921011066382
67417.18048830121	2000.0	1491.2078322450639	0.0	0	0.0	2908.3883205462844	1	0	1.0	1.7331921011066376
68071.38491465175	2000.0	1837.0034058945205	0.0	0	0.0	2908.38832054627	1	0	1.0	1.733192101106638
69081.47349672431	2000.0	1826.9148238219523	0.0	0	0.0	2908.3883205462625	1	0	1.0	1.73319210110664
69851.40490667873	2000.0	2056.9834138675396	0.0	0	0.0	2908.3883205462625	1	0	1.0	1.73319210110664
71347.75343528006	2000.0	1560.6348852662159	0.0	0	0.0	2908.388320546277	1	0	1.0	1.7331921011066376
72372.87086075806	2000.0	1535.5174597882267	0.0	0	0.0	2908.388320546277	1	0	1.0	1.7331921011066376
73816.99639305909	2000.0	1091.3919274872037	0.0	0	0.0	2908.3883205462917	1	0	1.0	1.7331921011066351
74921.11654327571	2000.0	987.2717772705787	0.0	0	0.0	2908.3883205462917	1	0	1.0	1.7331921011066351
75983.64451976334	2000.0	924.7438007829466	0.0	0	0.0	2908.3883205462917	1	0	1.0	1.7331921011066351
76814.1192593571	2000.0	1094.2690611891935	0.0	0	0.0	2908.3883205462917	1	0	1.0	1.7331921011066351
78230.50692647714	2000.0	677.8813940691455	0.0	0	0.0	2908.3883205462917	1	0	1.0	1.7331921011066351
79139.05828476846	2000.0	769.3300357778354	0.0	0	0.0	2908.388320546306	1	0	1.0	1.7331921011066327
79970.46757360773	2000.0	937.9207469385528	0.0	0	0.0	2908.388320546306	1	0	1.0	1.7331921011066327
81031.44547723855	2000.0	876.9428433077281	0.0	0	0.0	2908.388320546306	1	0	1.0	1.7331921011066327
82475.02295524672	2000.0	433.3653652995666	0.0	0	0.0	2908.388320546306	1	0	1.0	1.7331921011066327
83121.9961171845	1000.0	786.3922033617716	0.0	0	0.0	2908.388320546306	1	0	1.0	0.3468977399867423
84650.30223495747	2000.0	258.08608558880644	0.0	0	0.0	2908.388320546306	1	0	1.0	1.0400449205466873
85391.94870781375	1000.0	692.3795108653208	175.93989813278193	0	0.0	3084.3282186790893	1	0	1.0	-0.7404603367712652
86292.09333887484	2000.0	792.2348798042186	0.0	0	0.0	3084.3282186790893	1	0	1.0	1.0083262325853717
86827.97178936726	2000.0	1256.3564293118068	0.0	0	0.0	3084.3282186790893	1	0	1.0	1.7014734131453169
87776.54889630116	2000.0	1307.7793223779165	0.0	0	0.0	3084.3282186790893	1	0	1.0	1.7014734131453169
89022.87103697313	2000.0	1061.457181705942	0.0	0	0.0	3084.3282186790893	1	0	1.0	1.7014734131453169
89818.4134061482	2000.0	1265.9148125308702	0.0	0	0.0	3084.3282186790893	1	0	1.0	1.7014734131453169
91001.12675525584	2000.0	1083.201463423235	0.0	0	0.0	3084.3282186790893	1	0	1.0	1.7014734131453169
91903.08015500219	2000.0	1181.2480636768992	0.0	0	0.0	3084.328218679104	1	0	1.0	1.7014734131453138
92875.44147839052	2000.0	1208.8867402885664	0.0	0	0.0	3084.328218679104	1	0	1.0	1.7014734131453138
93667.9484503377	2000.0	1416.379768341383	0.0	0	0.0	3084.328218679104	1	0	1.0	1.7014734131453138
94667.834776529	2000.0	1416.4934421500925	0.0	0	0.0	3084.3282186791184	1	0	1.0	1.701473413145311
95576.39188482541	2000.0	1507.9363338536768	0.0	0	0.0	3084.328218679133	1	0	1.0	1.7014734131453082
96601.57291394658	2000.0	1482.7553047325	0.0	0	0.0	3084.328218679133	1	0	1.0	1.7014734131453082
97981.99647269782	2000.0	1102.3317459812747	0.0	0	0.0	3084.3282186791475	1	0	1.0	1.7014734131453055
98792.57101733344	2000.0	1291.757201345658	0.0	0	0.0	3084.3282186791475	1	0	1.0	1.7014734131453055
99889.04741742396	2000.0	1195.2808012551325	0.0	0	0.0	3084.3282186791475	1	0	1.0	1.7014734131453055
100950.29994659443	2000.0	1134.0282720846772	0.0	0	0.0	3084.328218679162	1	0	1.0	1.7014734131453024
101790.05992016935	2000.0	1294.2682985097547	0.0	0	0.0	3084.328218679162	1	0	1.0	1.7014734131453024
102839.02751301265	2000.0	1245.3007056664574	0.0	0	0.0	3084.328218679162	1	0	1.0	1.7014734131453024
103931.28319763046	2000.0	1153.045021048661	0.0	0	0.0	3084.328218679162	1	0	1.0	1.7014734131453024
105619.75690756296	2000.0	464.5713111161522	0.0	0	0.0	3084.328218679162	1	0	1.0	1.7014734131453024
106152.55859412318	1000.0	931.7696245559389	0.0	0	0.0	3084.328218679162	1	0	1.0	0.3151790520254122
106821.41776030304	2000.0	1262.910458376087	0.0	0	0.0	3084.3282186791766	1	0	1.0	1.0083262325853544
107341.89271399645	2000.0	1742.435504682683	0.0	0	0.0	3084.328218679191	1	0	1.0	1.7014734131452969
108207.56276296351	2000.0	1876.7654557156088	0.0	0	0.0	3084.3282186791766	1	0	1.0	1.7014734131452998
108905.72286347546	2000.0	2178.6053552036738	0.0	0	0.0	3084.3282186791766	1	0	1.0	1.7014734131452998
109829.45181975407	2000.0	2254.876398925084	0.0	0	0.0	3084.328218679191	1	0	1.0	1.7014734131452969
111172.491854652	3000.0	1911.8363640271562	0.0	0	0.0	3084.328218679191	1	0	1.0	1.701473413145297
112080.55350930442	2000.0	2003.7747093747416	0.0	0	0.0	3084.328218679191	1	0	1.0	1.2960083050371323
113044.06026079711	2000.0	2040.2679578820384	0.0	0	0.0	3084.328218679191	1	0	1.0	1.7014734131452969
113798.9358434819	2000.0	2285.3923751972334	0.0	0	0.0	3084.3282186792057	1	0	1.0	1.701473413145294
114272.18320347906	2000.0	2812.1450152000716	0.0	0	0.0	3084.3282186792057	1	0	1.0	1.701473413145294
115200.0	3000.0	2884.3282186791243	0.0	0	17.28581002591818	3084.3282186792057	1	0	1.0	1.7014734131452942
116420.85798241216	3000.0	2663.47023626697	0.0	0	0.0	3084.3282186792057	1	0	1.0	2.106938521253459
117528.04480391358	3000.0	2556.2834147655435	0.0	0	0.0	3084.3282186792057	1	0	1.0	2.106938521253459
118999.82497815216	3000.0	2084.503240526954	0.0	0	0.0	3084.3282186792057	1	0	1.0	2.106938521253459
120380.32835677727	3000.0	1703.9998619018493	0.0	0	0.0	3084.3282186792057	1	0	1.0	2.106938521253459
121471.22545996685	2000.0	1613.1027587122653	0.0	0	0.0	3084.3282186792203	1	0	1.0	1.2960083050371265
122245.28530503003	2000.0	1839.0429136490818	0.0	0	0.0	3084.3282186792203	1	0	1.0	1.701473413145291
122814.5545831907	2000.0	2269.7736354884287	0.0	0	0.0	3084.328218679235	1	0	1.0	1.7014734131452882
123777.59972348202	2000.0	2306.7284951971014	0.0	0	0.0	3084.3282186792203	1	0	1.0	1.701473413145291
124548.21497644934	2000.0	2536.1132422298024	0.0	0	0.0	3084.3282186792203	1	0	1.0	1.701473413145291
125466.05422000564	2000.0	2618.273998673498	0.0	0	0.0	3084.3282186792203	1	0	1.0	1.701473413145291
126200.0	2000.0	2884.3282186791293	0.0	0	61.96967620686337	3084.3282186792203	1	0	1.0	1.701473413145291
127324.8985080506	3000.0	2759.4297106285217	0.0	0	0.0	3084.3282186792203	1	0	1.0	1.7014734131452913
128200.0	2000.0	2884.3282186791157	0.0	0	41.02495612978237	3084.3282186792057	1	0	1.0	1.2960083050371294
129200.0	3000.0	2884.3282186791193	0.0	0	29.693131330641336	3084.3282186792057	1	0	1.0	1.7014734131452942
131464.7205115201	3000.0	1619.6077071590023	0.0	0	0.0	3084.3282186792057	1	0	1.0	2.106938521253459
132462.53908981354	2000.0	1621.7891288655696	0.0	0	0.0	3084.328218679191	1	0	1.0	1.2960083050371307
133200.24069601347	2000.0	1884.0875226656365	0.0	0	0.0	3084.328218679191	1	0	1.0	1.701473413145295
134779.77461269824	2000.0	1304.553605980856	0.0	0	0.0	3084.3282186792057	1	0	1.0	1.7014734131452944
136045.70609702996	2000.0	1038.6221216491667	0.0	0	0.0	3084.328218679235	1	0	1.0	1.7014734131452882
136727.30244536616	2000.0	1357.0257733129733	0.0	0	0.0	3084.328218679235	1	0	1.0	1.7014734131452882
137719.25572380365	2000.0	1365.0724948754523	0.0	0	0.0	3084.328218679235	1	0	1.0	1.7014734131452882
138799.56352142213	2000.0	1284.7646972569735	0.0	0	0.0	3084.328218679235	1	0	1.0	1.7014734131452882
140073.76545578774	2000.0	1010.5627628913609	0.0	0	0.0	3084.328218679235	1	0	1.0	1.7014734131452882
140926.02686501452	2000.0	1158.3013536646204	0.0	0	0.0	3084.328218679235	1	0	1.0	1.7014734131452882
141621.51906276366	2000.0	1462.809155915485	0.0	0	0.0	3084.328218679235	1	0	1.0	1.7014734131452882
142585.6832493504	2000.0	1498.644969328769	0.0	0	0.0	3084.328218679235	1	0	1.0	1.7014734131452882
143505.69799439784	2000.0	1578.6302242813358	0.0	0	0.0	3084.328218679235	1	0	1.0	1.7014734131452882
145228.6620252696	2000.0	855.6661934095799	0.0	0	0.0	3084.328218679235	1	0	1.0	1.7014734131452882
146736.30234051633	2000.0	348.02587816286393	0.0	0	0.0	3084.328218679235	1	0	1.0	1.7014734131452882
147376.06979194263	1000.0	708.258426736573	0.0	0	0.0	3084.328218679235	1	0	1.0	0.315179052025398
147849.0589422646	1000.0	1235.2692764146184	0.0	0	0.0	3084.3282186792057	1	0	1.0	1.008326232585349
149247.28896767212	2000.0	837.0392510070634	0.0	0	0.0	3084.3282186792057	1	0	1.0	1.008326232585349
150688.11354963944	2000.0	396.21466903974283	0.0	0	0.0	3084.3282186792057	1	0	1.0	1.701473413145294
151507.27803487008	1000.0	584.3178533326371	7.267669523536966	0	0.0	3091.595888202719	1	0	1.0	0.27015138711121767
152103.88818205093	1000.0	987.7077061517783	0.0	0	0.0	3091.595888202719	1	0	1.0	1.0069045848123845
153202.2610778487	2000.0	889.3348103539968	0.0	0	0.0	3091.59588820269	1	0	1.0	1.0069045848123903
153735.68049746388	2000.0	1355.915390738834	0.0	0	0.0	3091.59588820269	1	0	1.0	1.7000517653723355
154459.15032977224	2000.0	1632.4455584304696	0.0	0	0.0	3091.5958882026607	1	0	1.0	1.7000517653723413
155372.4728980763	2000.0	1719.1229901263946	0.0	0	0.0	3091.5958882026316	1	0	1.0	1.7000517653723468
156699.45215699144	2000.0	1392.1437312112507	0.0	0	0.0	3091.5958882026316	1	0	1.0	1.7000517653723468
157834.82618811942	2000.0	1256.7697000832886	0.0	0	0.0	3091.5958882026316	1	0	1.0	1.7000517653723468
159403.25893385767	2000.0	688.3369543450211	0.0	0	0.0	3091.5958882026025	1	0	1.0	1.7000517653723526
160823.30359473985	2000.0	274.6241514732507	6.331858010439504	0	0.0	3097.9277462130412	1	0	1.0	1.6608144526697757
161762.02435080986	1000.0	488.7291620989715	152.82576669574098	0	0.0	3250.753512908792	1	0	1.0	-0.6367553632314766
162992.2609572796	1000.0	366.2235564683567	107.7310008391114	0	0.0	3358.484513747884	1	0	1.0	0.3014217818127495
163561.06563632347	1000.0	797.4188774245022	0.0	0	0.0	3358.484513747884	1	0	1.0	0.9478077868474178
164755.96425404982	2000.0	602.5202596981211	0.0	0	0.0	3358.484513747884	1	0	1.0	0.947807786847418
166372.01339913337	2000.0	492.008159845247	505.53704523067233	0	0.0	3864.021558978595	1	0	1.0	-1.5488068851866208
167167.99300436655	2000.0	696.0285546120413	0.0	0	0.0	3864.021558978595	1	0	1.0	1.484415386197406
168608.00025309902	2000.0	296.25500257868725	40.23369669907399	0	0.0	3904.255255677679	1	0	1.0	1.2275639053377505
169954.73191758097	2000.0	303.9418692333042	354.418531136563	0	0.0	4258.673786814237	1	0	1.0	-0.8160789458913176
171038.36226557932	2000.0	439.1588781016908	218.84735686676254	0	0.0	2477.5211436809623	1	0	1.0	-5.520791111873011
171543.14898948921	1000.0	934.3721541917714	0.0	0	0.0	2477.5211436809623	1	0	1.0	0.405998668207676
172668.4720202383	2000.0	809.0491234427036	0.0	0	0.0	2477.5211436809914	1	0	1.0	1.0991458487676178
173311.04629035149	2000.0	1166.4748533294983	0.0	0	0.0	2477.5211436810205	1	0	1.0	1.7922930293275596
174338.1984356908	2000.0	1139.3227079901767	0.0	0	0.0	2477.5211436810496	1	0	1.0	1.792293029327557
175092.738103421	2000.0	1384.7830402600027	0.0	0	0.0	2477.5211436810205	1	0	1.0	1.7922930293275596
176443.42311027815	2000.0	1034.0980334028482	0.0	0	0.0	2477.5211436810205	1	0	1.0	1.7922930293275596
177747.68414613814	2000.0	729.8369975428595	0.0	0	0.0	2477.5211436810205	1	0	1.0	1.7922930293275596
178714.33124278794	2000.0	763.1899008930457	0.0	0	0.0	2477.5211436810205	1	0	1.0	1.7922930293275596
179488.75801827115	1000.0	988.7631254098541	0.0	0	0.0	2477.5211436810496	1	0	1.0	0.4059986682076663
179996.63516299377	1000.0	1480.885980687247	0.0	0	0.0	2477.5211436810787	1	0	1.0	1.0991458487676082
180748.14127730392	2000.0	1729.3798663771104	0.0	0	0.0	2477.5211436810787	1	0	1.0	1.099145848767608
181912.28793369472	2000.0	1565.2332099862979	0.0	0	0.0	2477.5211436810787	1	0	1.0	1.7922930293275532
183131.53321831144	2000.0	1345.9879253695794	0.0	0	0.0	2477.5211436810787	1	0	1.0	1.7922930293275532
184099.16004690286	2000.0	1378.361096778146	0.0	0	0.0	2477.5211436810496	1	0	1.0	1.7922930293275565
185446.65685069043	2000.0	1030.8642929905652	0.0	0	0.0	2477.5211436810496	1	0	1.0	1.7922930293275565
186169.09614479737	2000.0	1308.4249988836093	0.0	0	0.0	2477.5211436810205	1	0	1.0	1.7922930293275596
187042.04260525818	2000.0	1435.4785384227905	0.0	0	0.0	2477.5211436810205	1	0	1.0	1.7922930293275596
187742.95967108052	2000.0	1734.5614726004515	0.0	0	0.0	2477.5211436810205	1	0	1.0	1.7922930293275596
188558.34431462377	2000.0	1919.176829057209	0.0	0	0.0	2477.5211436810205	1	0	1.0	1.7922930293275596
189386.84808814464	2000.0	2090.6730555363165	0.0	0	0.0	2477.5211436810205	1	0	1.0	1.7922930293275596
190554.55723187406	2000.0	1922.9639118069304	0.0	0	0.0	2477.5211436810205	1	0	1.0	1.7922930293275596
191472.63597058313	2000.0	2004.885173097863	0.0	0	0.0	2477.5211436810496	1	0	1.0	1.7922930293275565
192383.28748737564	2000.0	2094.233656305354	0.0	0	0.0	2477.5211436810205	1	0	1.0	1.7922930293275596
193200.0	2000.0	2277.5211436809877	0.0	0	316.8733245530166	2477.5211436810205	1	0	1.0	1.7922930293275596
194200.0	2000.0	2277.521143681015	0.0	0	437.3475175270287	2477.5211436810205	1	0	1.0	1.7922930293275596
195200.0	2000.0	2277.521143681027	0.0	0	107.87234205327695	2477.5211436810205	1	0	1.0	1.7922930293275579
196222.56184825583	2000.0	2254.9592954251816	0.0	0	0.0	2477.5211436810205	1	0	1.0	1.7922930293275596
197403.11929420114	3000.0	2074.4018494798884	0.0	0	0.0	2477.5211436810496	1	0	1.0	1.792293029327558
198236.787576157	2000.0	2240.73356752402	0.0	0	0.0	2477.5211436810496	1	0	1.0	1.386827921219392
199200.0	2000.0	2277.5211436810055	0.0	0	326.96507785338326	2477.5211436810496	1	0	1.0	1.7922930293275565
200288.8330590518	2000.0	2188.688084629197	0.0	0	0.0	2477.5211436810496	1	0	1.0	1.7922930293275565
201200.0	2000.0	2277.52114368097	0.0	0	174.74906293238746	2477.5211436810496	1	0	1.0	1.7922930293275565
202200.0	2000.0	2277.5211436809636	0.0	0	182.16892675080453	2477.5211436810496	1	0	1.0	1.7922930293275565
203778.02776761094	2000.0	1699.4933760700235	0.0	0	0.0	2477.5211436810787	1	0	1.0	1.7922930293275532
204752.16533042592	2000.0	1725.3558132550252	0.0	0	0.0	2477.5211436810787	1	0	1.0	1.7922930293275532
205396.77475801736	2000.0	2080.746385663579	0.0	0	0.0	2477.5211436810787	1	0	1.0	1.7922930293275532
206814.28496327458	2000.0	1663.2361804063403	0.0	0	0.0	2477.5211436810496	1	0	1.0	1.7922930293275565
207740.97064513955	2000.0	1736.5504985413868	0.0	0	0.0	2477.5211436810496	1	0	1.0	1.7922930293275565
208615.3327175345	2000.0	1862.1884261464575	0.0	0	0.0	2477.5211436810496	1	0	1.0	1.7922930293275565
210115.53718292536	2000.0	1361.9839607556273	0.0	0	0.0	2477.5211436810496	1	0	1.0	1.7922930293275565
211124.92076746316	2000.0	1352.6003762178398	0.0	0	0.0	2477.5211436810496	1	0	1.0	1.7922930293275565
212206.67369044884	2000.0	1270.84745323214	0.0	0	0.0	2477.5211436810496	1	0	1.0	1.7922930293275565
213206.3257822802	2000.0	1271.1953614007546	0.0	0	0.0	2477.5211436810205	1	0	1.0	1.792293029327559
214220.7920823982	2000.0	1256.729061282792	0.0	0	0.0	2477.5211436810496	1	0	1.0	1.7922930293275576
215240.6519650679	2000.0	1236.8691786130998	0.0	0	0.0	2477.5211436810496	1	0	1.0	1.7922930293275565
216223.75619934147	2000.0	1253.7649443395303	0.0	0	0.0	2477.5211436810496	1	0	1.0	1.7922930293275565
216823.81322339605	2000.0	1653.7079202849466	0.0	0	0.0	2477.5211436810496	1	0	1.0	1.7922930293275565
217889.53723339285	2000.0	1587.98391028812	0.0	0	0.0	2477.5211436810787	1	0	1.0	1.7922930293275532
218719.73485428456	2000.0	1757.7862893963957	0.0	0	0.0	2477.5211436810787	1	0	1.0	1.7922930293275532
220293.02356948968	2000.0	1184.4975741912667	0.0	0	0.0	2477.5211436810787	1	0	1.0	1.7922930293275532
221343.00263412026	2000.0	1134.5185095606803	0.0	0	0.0	2477.5211436810787	1	0	1.0	1.7922930293275532
222180.30543958957	2000.0	1297.2157040913773	0.0	0	0.0	2477.5211436810787	1	0	1.0	1.7922930293275532
222770.7212245414	1000.0	1706.799919139558	0.0	0	0.0	2477.5211436810787	1	0	1.0	0.40599866820766295
224011.6895983143	2000.0	1465.8315453666896	0.0	0	0.0	2477.5211436810787	1	0	1.0	1.099145848767608
224933.3063024513	2000.0	1544.214841229673	0.0	0	0.0	2477.521143681108	1	0	1.0	1.7922930293275525
225872.27517237855	2000.0	1605.2459713024298	0.0	0	0.0	2477.521143681108	1	0	1.0	1.7922930293275499
226953.55651317834	2000.0	1523.9646305026572	0.0	0	0.0	2477.521143681137	1	0	1.0	1.7922930293275492
228132.39857302487	2000.0	1345.1225706561304	0.0	0	0.0	2477.521143681137	1	0	1.0	1.792293029327547
228999.43471607816	2000.0	1478.086427602804	0.0	0	0.0	2477.521143681108	1	0	1.0	1.7922930293275474
229810.1350211878	2000.0	1667.3861224931475	0.0	0	0.0	2477.521143681108	1	0	1.0	1.7922930293275499
230764.6465891054	2000.0	1712.874554575568	0.0	0	0.0	2477.5211436810787	1	0	1.0	1.7922930293275532
232118.12800400125	2000.0	1359.3931396796977	0.0	0	0.0	2477.5211436810787	1	0	1.0	1.7922930293275532
233281.30648710945	2000.0	1196.2146565714902	0.0	0	0.0	2477.5211436810787	1	0	1.0	1.7922930293275532
234007.38320304579	1000.0	1470.1379406351487	0.0	0	0.0	2477.5211436810787	1	0	1.0	0.40599866820766295
234973.36648856616	2000.0	1504.1546551147978	0.0	0	0.0	2477.5211436810787	1	0	1.0	1.099145848767608
235808.18103265302	2000.0	1669.3401110279115	0.0	0	0.0	2477.521143681108	1	0	1.0	1.7922930293275499
236679.25852796173	2000.0	1798.262615719192	0.0	0	0.0	2477.521143681108	1	0	1.0	1.7922930293275499
237585.23176721722	2000.0	1892.2893764637167	0.0	0	0.0	2477.5211436810787	1	0	1.0	1.7922930293275532
238567.270182361	2000.0	1910.2509613199356	0.0	0	0.0	2477.5211436810787	1	0	1.0	1.7922930293275532
239641.42331625175	2000.0	1836.0978274292236	0.0	0	0.0	2477.521143681108	1	0	1.0	1.7922930293275499
240265.89839878582	2000.0	2211.62274489517	0.0	0	0.0	2477.5211436810787	1	0	1.0	1.7922930293275532
241200.0	2000.0	2277.521143680968	0.0	0	188.12928179564187	2477.5211436810496	1	0	1.0	1.7922930293275565
242200.0	2000.0	2277.5211436809636	0.0	0	115.70520938496338	2477.5211436810496	1	0	1.0	1.7922930293275565
243200.0	3000.0	2277.5211436809764	0.0	0	35.67922438881942	2477.5211436810205	1	0	1.0	1.792293029327558
244485.49952619057	3000.0	1992.0216174903992	0.0	0	0.0	2477.5211436809914	1	0	1.0	2.1977581374357276
245438.25104818615	3000.0	2039.2700954948032	0.0	0	0.0	2477.5211436809623	1	0	1.0	2.197758137435731
246200.0	2000.0	2277.52114368093	0.0	0	9.161263320129365	2477.5211436809623	1	0	1.0	1.3868279212194017
247200.0	2000.0	2277.521143680972	0.0	0	29.144540694076568	2477.5211436810205	1	0	1.0	1.792293029327561
249099.62634178327	3000.0	1377.8948018976819	0.0	0	0.0	2477.5211436810205	1	0	1.0	1.79229302932756
250169.2348746309	2000.0	1308.2862690500315	0.0	0	0.0	2477.5211436809914	1	0	1.0	1.386827921219397
250851.87977874873	2000.0	1625.6413649322253	0.0	0	0.0	2477.5211436809914	1	0	1.0	1.792293029327563
252536.83477392083	2000.0	940.6863697601076	0.0	0	0.0	2477.5211436809914	1	0	1.0	1.792293029327563
253998.9439296587	2000.0	478.5772140221941	0.0	0	0.0	2477.5211436810205	1	0	1.0	1.7922930293275596
254765.6207951922	1000.0	711.9003484887606	0.0	0	0.0	2477.5211436810205	1	0	1.0	0.4059986682076695
255377.8321338582	1000.0	1099.689009822778	0.0	0	0.0	2477.5211436810496	1	0	1.0	1.0991458487676113
256068.39739510824	2000.0	1409.1237485727243	0.0	0	0.0	2477.5211436810205	1	0	1.0	1.0991458487676145
256776.30679027396	2000.0	1701.2143534069965	0.0	0	0.0	2477.5211436809914	1	0	1.0	1.792293029327563
257599.61672152483	2000.0	1877.9044221561164	0.0	0	0.0	2477.5211436809623	1	0	1.0	1.7922930293275663
258376.35899830834	2000.0	2101.1621453725884	0.0	0	0.0	2477.521143680933	1	0	1.0	1.7922930293275696
260148.8394768428	3000.0	1328.6816668381352	0.0	0	0.0	2477.521143680933	1	0	1.0	1.7922930293275696
261068.00938118767	2000.0	1409.5117624932557	0.0	0	0.0	2477.521143680933	1	0	1.0	1.386827921219405
262252.9553303419	2000.0	1224.5658133390273	0.0	0	0.0	2477.521143680904	1	0	1.0	1.792293029327572
262769.38980802795	2000.0	1708.1313356528497	0.0	0	0.0	2477.5211436807876	1	0	1.0	1.792293029327579
263503.0137454412	2000.0	1974.5073982396075	0.0	0	0.0	2477.5211436808167	1	0	1.0	1.7922930293275843
264200.0	2000.0	2277.5211436808418	0.0	0	113.70188780932222	2477.521143680875	1	0	1.0	1.792293029327578
265563.08552714187	3000.0	1914.4356165390225	0.0	0	0.0	2477.521143680846	1	0	1.0	1.792293029327578
267394.80587133183	3000.0	1082.715272349061	0.0	0	0.0	2477.521143680846	1	0	1.0	2.197758137435744
268094.71409584675	2000.0	1382.807047834099	0.0	0	0.0	2477.5211436807876	1	0	1.0	1.386827921219421
268935.26412529405	2000.0	1542.2570183867333	0.0	0	0.0	2477.5211436806712	1	0	1.0	1.7922930293275934
270037.3584690944	2000.0	1440.1626745863823	0.0	0	0.0	2477.5211436807294	1	0	1.0	1.792293029327592
270752.5771906595	2000.0	1724.9439530212762	0.0	0	0.0	2477.5211436807294	1	0	1.0	1.792293029327592
271476.5416804872	2000.0	2000.9794631935363	0.0	0	0.0	2477.5211436807294	1	0	1.0	1.792293029327592
272516.7271127124	2000.0	1960.7940309683904	0.0	0	0.0	2477.5211436807294	1	0	1.0	1.792293029327592
273627.17170309933	2000.0	1850.3494405813892	0.0	0	0.0	2477.5211436806712	1	0	1.0	1.7922930293275987
274506.8822331401	2000.0	1970.6389105405997	0.0	0	0.0	2477.5211436806712	1	0	1.0	1.7922930293275987
275465.7095342158	2000.0	2011.8116094649142	0.0	0	0.0	2477.5211436806712	1	0	1.0	1.7922930293275987
276200.0	2000.0	2277.5211436807504	0.0	0	146.06288501771633	2477.5211436806712	1	0	1.0	1.7922930293275987
277221.9622220491	2000.0	2255.5589216316944	0.0	0	0.0	2477.521143680613	1	0	1.0	1.7922930293276051
278200.0	2000.0	2277.521143680773	0.0	0	32.09835346537875	2477.521143680613	1	0	1.0	1.7922930293276051
279308.6075853935	2000.0	2168.9135582873487	0.0	0	0.0	2477.521143680613	1	0	1.0	1.7922930293276051
280645.1988601734	2000.0	1832.3222835074437	0.0	0	0.0	2477.521143680613	1	0	1.0	1.7922930293276051
281475.64410074864	2000.0	2001.8770429322462	0.0	0	0.0	2477.521143680613	1	0	1.0	1.7922930293276051
282681.2852377609	2000.0	1796.2359059199396	0.0	0	0.0	2477.521143680613	1	0	1.0	1.7922930293276051
284187.93844068144	2000.0	1289.5827029994184	0.0	0	0.0	2477.5211436806712	1	0	1.0	1.7922930293276025
285488.2039340295	2000.0	989.3172096513681	0.0	0	0.0	2477.5211436806712	1	0	1.0	1.7922930293275987
286354.7854706604	2000.0	1122.7356730204206	0.0	0	0.0	2477.5211436806712	1	0	1.0	1.7922930293275987
287090.27105400094	2000.0	1387.2500896799688	0.0	0	0.0	2477.5211436806712	1	0	1.0	1.7922930293275987
288495.9105330502	2000.0	981.6106106307157	0.0	0	0.0	2477.5211436806712	1	0	1.0	1.7922930293275987
289624.61472306703	2000.0	852.9064206138671	0.0	0	0.0	2477.521143680613	1	0	1.0	1.7922930293276051
290337.1391904574	2000.0	1140.3819532235207	0.0	0	0.0	2477.521143680555	1	0	1.0	1.7922930293276116
290806.01576779137	2000.0	1671.5053758895554	0.0	0	0.0	2477.521143680555	1	0	1.0	1.7922930293276116
292028.21173431166	2000.0	1449.3094093693235	0.0	0	0.0	2477.521143680555	1	0	1.0	1.792293029327617
293123.87835692236	2000.0	1353.6427867586249	0.0	0	0.0	2477.521143680555	1	0	1.0	1.7922930293276116
294688.3601190639	2000.0	789.1610246171579	0.0	0	0.0	2477.521143680613	1	0	1.0	1.7922930293276065
296277.83040594734	2000.0	200.0	0.309262266343751	0	0.0	2477.8304059469374	1	0	1.0	1.7904305626652586
296946.96267910925	1000.0	677.7490604229515	146.88133358476657	0	0.0	2624.711739531718	1	0	1.0	-0.49287891633088937
297683.18755282206	1000.0	941.524186710183	0.0	0	0.0	2624.7117395317764	1	0	1.0	1.0815562657376476
298247.3252382669	1000.0	1377.386501265314	0.0	0	0.0	2624.7117395317764	1	0	1.0	1.0815562657376476
299617.0428389485	2000.0	1007.6689005837591	0.0	0	0.0	2624.7117395317764	1	0	1.0	1.0815562657376476
301163.936629144	2000.0	460.77511038827015	0.0	0	0.0	2624.7117395317764	1	0	1.0	1.7747034462975928
301939.9223077636	1000.0	684.7894317686411	0.0	0	0.0	2624.711739531718	1	0	1.0	0.38840908517770995
302463.7089159273	2000.0	1161.002823604909	0.0	0	0.0	2624.71173953166	1	0	1.0	1.0815562657376625
303044.7806240752	2000.0	1579.931115456922	0.0	0	0.0	2624.71173953166	1	0	1.0	1.7747034462976077
303730.648178753	2000.0	1894.0635607791894	0.0	0	0.0	2624.711739531718	1	0	1.0	1.7747034462976004
305312.2431227093	2000.0	1312.468616822882	0.0	0	0.0	2624.711739531718	1	0	1.0	1.7747034462976004
3.13	3.02	1.34	2.05	2.11	1.22	1.47	1.51	1.05	1.05	1.89	2.34	0.8300000000000001	2.48	1.76	1.81	1.83	1.85	1.9	2.34	2.46	2.76	2.19	1.34	1.54	1.58	1.58	2.51	1.76	1.36	2.0	1.68	2.26	2.63	2.79	2.84	1.56	1.75	2.53	3.1	3.15	2.36	1.69	2.93	2.2	2.72	1.66	2.34	2.63	1.6	1.83	1.61	2.63	1.48	2.84	1.84	1.19	1.81	2.39	1.6	2.76	2.5	2.49	2.61	2.15	2.29	1.53	1.34	2.11	1.31	2.14	2.35	2.44	1.44	2.17	1.89	2.0	1.87	1.19	1.75	1.2	1.89	2.94	1.73	2.06	2.13	2.17	2.75	2.79	3.2	2.22	2.61	2.34	1.63	2.62	1.666	2.158	2.65	1.762	1.3900000000000001	1.4020000000000001	1.4740000000000002	2.326	3.4779999999999998	2.566	2.782	1.5219999999999998	2.038	1.5459999999999998	3.2139999999999995	3.646	3.298	2.2659999999999996	1.942	2.446	2.2659999999999996	1.93	2.422	2.806	2.182	2.5420000000000003	2.098	3.1180000000000003	2.302	2.566	1.8339999999999999	1.942	0.6099999999999999	2.77	1.8459999999999999	1.4140000000000001	1.942	2.2899999999999996	2.326	2.026	1.1980000000000002	2.002	3.9339999999999997	2.182	1.6256	1.5355999999999999	1.6056	1.6176	1.6676	1.6456	1.7635999999999998	1.7196	1.6236	1.7156	2.5	3.13	3.02	1.34	2.05	2.11	1.22	1.47	1.51	1.05	1.05	1.89	2.34	0.8300000000000001	2.48	1.76	1.81	1.83	1.85	1.9	2.34	2.46	2.76	2.19	1.34	1.54	1.58	1.58	2.51	1.76	1.36	2.0	1.68	2.26	2.63	2.79	2.84	1.56	1.75	2.53	3.1	3.15	2.36	1.69	2.93	2.2	2.72	1.66	2.34	2.63	1.6	1.83	1.61	2.63	1.48	2.84	1.84	1.19	1.81	2.39	1.6	2.76	2.5	2.49	2.61	2.15	2.29	1.53	1.34	2.11	1.31	2.14	2.35	2.44	1.44	2.17	1.89	2.0	1.87	1.19	1.75	1.2	1.89	2.94	1.73	2.06	2.13	2.17	2.75	2.79	3.2	2.22	2.61	2.34	1.63	2.62	1.666	2.158	2.65	1.762	1.3900000000000001	1.4020000000000001	1.4740000000000002	2.326	3.4779999999999998	2.566	2.782	1.5219999999999998	2.038	1.5459999999999998	3.2139999999999995	3.646	3.298	2.2659999999999996	1.942	2.446	2.2659999999999996	1.93	2.422	2.806	2.182	2.5420000000000003	2.098	3.1180000000000003	2.302	2.566	1.8339999999999999	1.942	0.6099999999999999	2.77	1.8459999999999999	1.4140000000000001	1.942	2.2899999999999996	2.326	2.026	1.1980000000000002	2.002	3.9339999999999997	2.182	1.6256	1.5355999999999999	1.6056	1.6176	1.6676	1.6456	1.7635999999999998	1.7196	1.6236	1.7156	2.5	3.13	3.02	1.34	2.05	2.11
1.0	2.0	3.0	4.0	5.0	6.0	7.0	8.0	9.0	10.0	11.0	12.0	13.0	14.0	15.0	16.0	17.0	18.0	19.0	20.0	21.0	22.0	23.0	24.0	25.0	26.0	27.0	28.0	29.0	30.0	31.0	32.0	33.0	34.0	35.0	36.0	37.0	38.0	39.0	40.0	41.0	42.0	43.0	44.0	45.0	46.0	47.0	48.0	49.0	50.0	51.0	52.0	53.0	54.0	55.0	56.0	57.0	58.0	59.0	60.0	61.0	62.0	63.0	64.0	65.0	66.0	67.0	68.0	69.0	70.0	71.0	72.0	73.0	74.0	75.0	76.0	77.0	78.0	79.0	80.0	81.0	82.0	83.0	84.0	85.0	86.0	87.0	88.0	89.0	90.0	91.0	92.0	93.0	94.0	95.0	96.0	97.0	98.0	99.0	100.0	101.0	102.0	103.0	104.0	105.0	106.0	107.0	108.0	109.0	110.0	111.0	112.0	113.0	114.0	115.0	116.0	117.0	118.0	119.0	120.0	121.0	122.0	123.0	124.0	125.0	126.0	127.0	128.0	129.0	130.0	131.0	132.0	133.0	134.0	135.0	136.0	137.0	138.0	139.0	140.0	141.0	142.0	143.0	144.0	145.0	146.0	147.0	148.0	149.0	149.0	150.0	151.0	152.0	153.0	154.0	155.0	156.0	157.0	158.0	159.0	160.0	161.0	162.0	163.0	164.0	165.0	166.0	167.0	168.0	169.0	170.0	171.0	172.0	173.0	174.0	175.0	176.0	177.0	178.0	179.0	180.0	181.0	182.0	183.0	184.0	185.0	186.0	187.0	188.0	189.0	190.0	191.0	192.0	193.0	194.0	195.0	196.0	197.0	198.0	199.0	200.0	201.0	202.0	203.0	204.0	205.0	206.0	207.0	208.0	209.0	210.0	211.0	212.0	213.0	214.0	215.0	216.0	217.0	218.0	219.0	220.0	221.0	222.0	223.0	224.0	225.0	226.0	227.0	228.0	229.0	230.0	231.0	232.0	233.0	234.0	235.0	236.0	237.0	238.0	239.0	240.0	241.0	242.0	243.0	244.0	245.0	246.0	247.0	248.0	249.0	250.0	251.0	252.0	253.0	254.0	255.0	256.0	257.0	258.0	259.0	260.0	261.0	262.0	263.0	264.0	265.0	266.0	267.0	268.0	269.0	270.0	271.0	272.0	273.0	274.0	275.0	276.0	277.0	278.0	279.0	280.0	281.0	282.0	283.0	284.0	285.0	286.0	287.0	288.0	289.0	290.0	291.0	292.0	293.0	294.0	295.0	296.0	297.0	298.0	298.0	299.0	300.0	301.0	302.0	303.0
3903.8063290036857
