4205.975999782107	1000.0	2000.0	523.3661168157131	0	0.0	4205.975999782107	1	0	1.0	-3.6424709015100505
4721.63640601285	2000.0	2484.3395937692576	0.0	0	0.0	4205.9759997821075	1	0	1.0	0.6435429867675897
5622.311865674965	3000.0	2583.664134107143	0.0	0	0.0	4205.9759997821075	1	0	1.0	1.3366901673275349
6478.901392307275	3000.0	2727.074607474834	0.0	0	0.0	4205.975999782109	1	0	1.0	1.7421552754356988
6835.040564326443	3000.0	3370.935435455667	0.0	0	0.0	4205.975999782109	1	0	1.0	1.7421552754356986
7766.702083956823	6000.0	3439.2739158252875	0.0	0	0.0	4205.97599978211	1	0	1.0	1.7421552754356986
8581.072619280856	6000.0	3624.9033805012555	0.0	0	0.0	4205.975999782111	1	0	1.0	2.435302455995643
10017.848753061015	6000.0	3188.1272467210947	0.0	0	0.0	4205.975999782108	1	0	1.0	2.4353024559956435
11226.139576488325	6000.0	2979.83642329378	0.0	0	0.0	4205.975999782106	1	0	1.0	2.4353024559956444
12527.410361940741	6000.0	2678.565637841364	0.0	0	0.0	4205.975999782106	1	0	1.0	2.4353024559956453
13780.311130747288	6000.0	2425.664869034818	0.0	0	0.0	4205.975999782106	1	0	1.0	2.4353024559956453
15104.219865384748	6000.0	2101.756134397356	0.0	0	0.0	4205.975999782106	1	0	1.0	2.4353024559956453
15929.827075125626	3000.0	2276.1489246564793	0.0	0	0.0	4205.975999782106	1	0	1.0	1.0490080948757556
17276.66718932404	6000.0	1929.3088104580672	0.0	0	0.0	4205.9759997821075	1	0	1.0	1.7421552754357
17824.564983060016	3000.0	2381.4110167220906	0.0	0	0.0	4205.975999782106	1	0	1.0	1.049008094875755
18793.73282049365	6000.0	2412.2431792884545	0.0	0	0.0	4205.975999782102	1	0	1.0	1.7421552754357024
19647.35980505435	3000.0	2558.6161947277556	0.0	0	0.0	4205.975999782104	1	0	1.0	1.0490080948757574
20623.23241369944	3000.0	2582.74358608267	0.0	0	0.0	4205.975999782106	1	0	1.0	1.7421552754357015
21556.54156238029	6000.0	2649.43443740182	0.0	0	0.0	4205.975999782106	1	0	1.0	1.7421552754357004
22813.171465590753	6000.0	2392.8045341913557	0.0	0	0.0	4205.975999782102	1	0	1.0	2.435302455995647
23761.297641072353	6000.0	2444.6783587097593	0.0	0	0.0	4205.975999782102	1	0	1.0	2.435302455995647
24959.168814475735	6000.0	2246.8071853063784	0.0	0	0.0	4205.975999782102	1	0	1.0	2.435302455995647
26605.165053519428	6000.0	1600.8109462626826	0.0	0	0.0	4205.975999782095	1	0	1.0	2.4353024559956498
28083.43635585672	6000.0	1122.53964392539	0.0	0	0.0	4205.975999782095	1	0	1.0	2.43530245599565
29625.50131396136	6000.0	580.4746858207552	0.0	0	0.0	4205.975999782095	1	0	1.0	2.43530245599565
30291.793318155233	3000.0	914.1826816268808	0.0	0	0.0	4205.975999782098	1	0	1.0	1.049008094875759
30988.692717994185	3000.0	1217.2832817879303	0.0	0	0.0	2205.9759997820984	1	0	1.0	-3.775562567443095
31854.27755095577	3000.0	1351.6984488263502	0.0	0	0.0	2205.975999782102	1	0	1.0	2.224437432556905
32534.92746518626	3000.0	1671.0485345958593	0.0	0	0.0	2205.975999782102	1	0	1.0	2.224437432556905
33200.0	3000.0	2005.975999782127	0.0	0	267.9315475346011	2205.9759997821093	1	0	1.0	2.224437432556905
34354.14205498905	6000.0	1851.8339447930682	0.0	0	0.0	2205.9759997821056	1	0	1.0	2.2244374325569045
35332.56834133296	6000.0	1873.4076584491597	0.0	0	0.0	2205.9759997821093	1	0	1.0	2.9175846131168495
36768.636045926156	6000.0	1437.3399538559622	0.0	0	0.0	2205.9759997821093	1	0	1.0	2.9175846131168495
38448.17886056326	6000.0	757.7971392188481	0.0	0	0.0	2205.9759997821093	1	0	1.0	2.9175846131168495
39116.449703550556	3000.0	1089.526296231555	0.0	0	0.0	2205.9759997821166	1	0	1.0	1.531290251996959
39943.403993878674	3000.0	1262.5720059034334	0.0	0	0.0	2205.9759997821093	1	0	1.0	2.2244374325569045
40834.73969829408	3000.0	1371.2363014880268	0.0	0	0.0	2205.9759997821093	1	0	1.0	2.2244374325569045
41755.19877212803	3000.0	1450.777227654072	0.0	0	0.0	2205.975999782102	1	0	1.0	2.224437432556905
42270.59400234264	3000.0	1935.381997439462	0.0	0	0.0	2205.975999782102	1	0	1.0	2.224437432556905
43200.0	3000.0	2005.9759997820938	0.0	0	165.1555776980822	2205.975999782102	1	0	1.0	2.224437432556905
44200.0	3000.0	2005.975999782091	0.0	0	517.1762714935103	2205.9759997820947	1	0	1.0	2.224437432556906
45200.0	3000.0	2005.9759997820888	0.0	0	257.5589523061062	2205.9759997820947	1	0	1.0	2.224437432556906
46200.0	3000.0	2005.9759997820875	0.0	0	254.0926208742385	2205.9759997820947	1	0	1.0	2.224437432556906
47457.90863623837	6000.0	1748.0673635437154	0.0	0	0.0	2205.9759997820947	1	0	1.0	2.2244374325569054
48800.00824428444	6000.0	1405.9677554976395	0.0	0	0.0	2205.9759997820947	1	0	1.0	2.9175846131168504
49911.225625219486	6000.0	1294.7503745625932	0.0	0	0.0	2205.9759997820875	1	0	1.0	2.9175846131168512
50925.254682453895	6000.0	1280.7213173281893	0.0	0	0.0	2205.9759997820875	1	0	1.0	2.9175846131168512
52126.79748264937	6000.0	1079.1785171327163	0.0	0	0.0	2205.9759997820875	1	0	1.0	2.9175846131168512
52988.21767787418	6000.0	1217.7583219078977	0.0	0	0.0	2205.9759997820875	1	0	1.0	2.9175846131168512
54013.63510905804	6000.0	1192.340890724036	0.0	0	0.0	2205.9759997820875	1	0	1.0	2.9175846131168512
54817.81849717033	3000.0	1388.1575026117475	0.0	0	0.0	2205.9759997820947	1	0	1.0	1.531290251996961
55528.78852289371	3000.0	1677.1874768883706	0.0	0	0.0	2205.9759997820947	1	0	1.0	2.224437432556906
56327.823971528516	3000.0	1878.1520282535582	0.0	0	0.0	2205.9759997820947	1	0	1.0	2.224437432556906
57200.0	3000.0	2005.9759997820684	0.0	0	90.81550173688447	2205.9759997820875	1	0	1.0	2.2244374325569063
58200.0	3000.0	2005.975999782076	0.0	0	187.5760455960699	2205.9759997820947	1	0	1.0	2.224437432556906
59600.887553498425	6000.0	1605.0884462836484	0.0	0	0.0	2205.975999782102	1	0	1.0	2.224437432556905
60677.91429529282	6000.0	1528.0617044892492	0.0	0	0.0	2205.975999782102	1	0	1.0	2.91758461311685
62161.758117252924	6000.0	1044.217882529149	0.0	0	0.0	2205.975999782102	1	0	1.0	2.91758461311685
62996.94206166711	3000.0	1209.033938114972	0.0	0	0.0	2205.975999782102	1	0	1.0	1.53129025199696
63527.3493133356	3000.0	1678.6266864464822	0.0	0	0.0	2205.975999782102	1	0	1.0	2.224437432556905
64200.0	3000.0	2005.975999782083	0.0	0	19.01557950678398	2205.975999782102	1	0	1.0	2.224437432556905
65280.92938492633	6000.0	1925.0466148557557	0.0	0	0.0	2205.975999782102	1	0	1.0	2.224437432556905
66736.12368187682	6000.0	1469.8523179052602	0.0	0	0.0	2205.9759997820947	1	0	1.0	2.91758461311685
67781.3676038094	6000.0	1424.608395972677	0.0	0	0.0	2205.97599978208	1	0	1.0	2.9175846131168517
68950.45762826965	6000.0	1255.5183715124242	0.0	0	0.0	2205.97599978208	1	0	1.0	2.917584613116852
70186.06426530136	6000.0	1019.9117344807098	0.0	0	0.0	2205.97599978208	1	0	1.0	2.917584613116852
71767.51145662529	6000.0	438.46454315678164	0.0	0	0.0	2205.9759997820656	1	0	1.0	2.917584613116853
72605.86818522948	3000.0	600.1078145525803	0.0	0	0.0	2205.9759997820656	1	0	1.0	1.5312902519969633
73300.7902094525	3000.0	905.1857903295588	0.0	0	0.0	2205.9759997820656	1	0	1.0	2.2244374325569085
74056.11089199528	3000.0	1149.8651077867664	0.0	0	0.0	2205.975999782051	1	0	1.0	2.2244374325569094
74774.42581408286	3000.0	1431.5501856991996	0.0	0	0.0	2205.975999782051	1	0	1.0	2.2244374325569094
75480.29346687552	3000.0	1725.6825329065455	0.0	0	0.0	2205.975999782051	1	0	1.0	2.2244374325569094
76940.18932251267	6000.0	1265.7866772693926	0.0	0	0.0	2205.975999782051	1	0	1.0	2.2244374325569094
77699.49088300168	3000.0	1506.485116780377	0.0	0	0.0	2205.975999782051	1	0	1.0	1.5312902519969644
78419.01739508228	3000.0	1786.9586046997788	0.0	0	0.0	2205.975999782051	1	0	1.0	2.2244374325569094
79200.0	3000.0	2005.9759997820656	0.0	0	96.37845985930471	2205.975999782051	1	0	1.0	2.2244374325569094
80200.0	3000.0	2005.9759997820556	0.0	0	447.0232249394612	2205.975999782051	1	0	1.0	2.2244374325569094
81200.0	3000.0	2005.9759997820483	0.0	0	480.0041875902243	2205.975999782051	1	0	1.0	2.2244374325569094
82200.0	3000.0	2005.9759997820456	0.0	0	172.1884130842518	2205.975999782051	1	0	1.0	2.2244374325569094
83669.24285135174	6000.0	1536.733148430318	0.0	0	0.0	2205.9759997820656	1	0	1.0	2.224437432556908
84816.48233406566	6000.0	1389.4936657163923	0.0	0	0.0	2205.9759997820656	1	0	1.0	2.917584613116853
85757.84110893142	6000.0	1448.1348908506347	0.0	0	0.0	2205.97599978208	1	0	1.0	2.917584613116852
87257.48414073307	6000.0	948.4918590489773	0.0	0	0.0	2205.97599978208	1	0	1.0	2.917584613116852
88039.18273372558	3000.0	1166.7932660564397	0.0	0	0.0	2205.97599978208	1	0	1.0	1.531290251996962
88650.13337233635	3000.0	1555.8426274456824	0.0	0	0.0	2205.97599978208	1	0	1.0	2.2244374325569067
89510.23854261967	3000.0	1695.7374571623468	0.0	0	0.0	2205.9759997820656	1	0	1.0	2.2244374325569085
90245.98222941926	3000.0	1959.9937703627522	0.0	0	0.0	2205.9759997820656	1	0	1.0	2.2244374325569085
91200.0	3000.0	2005.9759997820083	0.0	0	438.1431842575839	2205.975999782051	1	0	1.0	2.2244374325569094
92296.50581303942	6000.0	1909.4701867425997	0.0	0	0.0	2205.9759997820365	1	0	1.0	2.2244374325569103
94153.26372363024	6000.0	1052.7122761517683	0.0	0	0.0	2205.9759997820365	1	0	1.0	2.9175846131168552
94908.31441598086	3000.0	1297.6615838011755	0.0	0	0.0	2205.975999782051	1	0	1.0	1.5312902519969644
95828.94957092487	3000.0	1377.0264288571707	0.0	0	0.0	2205.9759997820656	1	0	1.0	2.2244374325569085
96701.80623361995	3000.0	1504.1697661621015	0.0	0	0.0	2205.9759997820656	1	0	1.0	2.2244374325569085
97760.86575795172	3000.0	1445.1102418303226	0.0	0	0.0	2205.9759997820656	1	0	1.0	2.2244374325569085
98627.96422702489	3000.0	1578.0117727571496	0.0	0	0.0	2205.9759997820656	1	0	1.0	2.2244374325569085
99362.99965499846	3000.0	1842.9763447835749	0.0	0	0.0	2205.9759997820656	1	0	1.0	2.2244374325569085
100200.0	3000.0	2005.9759997820483	0.0	0	27.203812884632498	2205.975999782051	1	0	1.0	2.2244374325569094
101200.0	3000.0	2005.9759997820556	0.0	0	309.5331696508074	2205.975999782051	1	0	1.0	2.2244374325569094
102200.0	3000.0	2005.975999782052	0.0	0	311.9608126358944	2205.975999782051	1	0	1.0	2.2244374325569094
103200.0	3000.0	2005.9759997820536	0.0	0	31.38084320539201	2205.975999782051	1	0	1.0	2.2244374325569094
104200.0	3000.0	2005.975999782048	0.0	0	261.26081392753986	2205.975999782051	1	0	1.0	2.2244374325569094
105200.0	3000.0	2005.9759997820447	0.0	0	416.8975808112591	2205.975999782051	1	0	1.0	2.2244374325569094
106200.0	6000.0	2005.9759997820515	0.0	0	99.63833393905952	2205.975999782051	1	0	1.0	2.2244374325569094
107200.0	6000.0	2005.9759997820447	0.0	0	112.23023566890333	2205.975999782051	1	0	1.0	2.9175846131168544
108200.0	6000.0	2005.9759997820443	0.0	0	15.01183907687664	2205.9759997820365	1	0	1.0	2.9175846131168552
110018.77968695048	6000.0	1187.1963128315624	0.0	0	0.0	2205.9759997820365	1	0	1.0	2.9175846131168552
111899.68074400655	6000.0	306.29525577548543	0.0	0	0.0	2205.9759997820365	1	0	1.0	2.9175846131168552
112422.08838482478	3000.0	783.8876149572615	0.0	0	0.0	2205.975999782022	1	0	1.0	1.531290251996967
113532.87085647578	3000.0	673.1051433062584	0.0	0	0.0	2205.975999782022	1	0	1.0	2.224437432556912
114309.88993334274	3000.0	896.0860664392798	0.0	0	0.0	2205.975999782022	1	0	1.0	2.224437432556912
114993.80636426946	3000.0	1212.1696355125473	0.0	0	0.0	2205.9759997820365	1	0	1.0	2.2244374325569107
115768.45828150662	3000.0	1437.5177182753573	0.0	0	0.0	2205.9759997820365	1	0	1.0	2.2244374325569107
116401.86534969007	3000.0	1804.1106500919175	0.0	0	0.0	2205.9759997820365	1	0	1.0	2.2244374325569107
117200.0	3000.0	2005.9759997819874	0.0	0	79.41185729850258	2205.9759997820365	1	0	1.0	2.2244374325569107
118200.0	3000.0	2005.9759997819715	0.0	0	206.95319083238428	2205.975999782022	1	0	1.0	2.224437432556912
119200.0	3000.0	2005.9759997819706	0.0	0	510.7130244599539	2205.9759997820074	1	0	1.0	2.2244374325569134
120200.0	6000.0	2005.9759997819856	0.0	0	246.88083451014245	2205.975999782022	1	0	1.0	2.224437432556912
121200.0	6000.0	2005.9759997819792	0.0	0	318.38849160671816	2205.975999782022	1	0	1.0	2.917584613116857
122380.53335749968	6000.0	1825.4426422823105	0.0	0	0.0	2205.975999782022	1	0	1.0	2.917584613116857
123200.0	6000.0	2005.9759997819956	0.0	0	87.0519781975454	2205.975999782022	1	0	1.0	2.917584613116857
124409.6365031663	6000.0	1796.3394966156993	0.0	0	0.0	2205.975999782022	1	0	1.0	2.917584613116857
125226.627588317	6000.0	1979.348411465005	0.0	0	0.0	2205.975999782022	1	0	1.0	2.917584613116857
126246.12346522606	6000.0	1959.8525345559574	0.0	0	0.0	2205.975999782022	1	0	1.0	2.917584613116857
127200.0	6000.0	2005.9759997820177	0.0	0	39.39399567905639	2205.9759997820074	1	0	1.0	2.9175846131168583
128403.7665788292	6000.0	1802.2094209528077	0.0	0	0.0	2205.9759997820074	1	0	1.0	2.9175846131168583
129842.50595271846	6000.0	1363.4700470635598	0.0	0	0.0	2205.9759997820074	1	0	1.0	2.9175846131168583
130630.00547175932	6000.0	1575.9705280226879	0.0	0	0.0	2205.9759997820074	1	0	1.0	2.9175846131168583
131451.8741218302	6000.0	1754.1018779518167	0.0	0	0.0	2205.9759997820074	1	0	1.0	2.9175846131168583
132934.1228738545	6000.0	1271.8531259275069	0.0	0	0.0	2205.975999782022	1	0	1.0	2.9175846131168566
133904.04231822284	6000.0	1301.9336815591746	0.0	0	0.0	2205.9759997820074	1	0	1.0	2.9175846131168583
134673.0341110627	6000.0	1532.9418887193046	0.0	0	0.0	2205.9759997820365	1	0	1.0	2.917584613116857
135397.5178156504	6000.0	1808.4581841316074	0.0	0	0.0	2205.9759997820365	1	0	1.0	2.9175846131168552
136263.8800180847	6000.0	1942.0959816973293	0.0	0	0.0	2205.9759997820656	1	0	1.0	2.917584613116853
137531.045255506	6000.0	1674.9307442760362	0.0	0	0.0	2205.9759997820947	1	0	1.0	2.9175846131168504
138428.46786105537	6000.0	1777.5081387266644	0.0	0	0.0	2205.9759997820947	1	0	1.0	2.9175846131168504
139831.8856990522	6000.0	1374.090300729856	0.0	0	0.0	2205.975999782124	1	0	1.0	2.917584613116848
140751.89626139522	3000.0	1454.079738386823	0.0	0	0.0	2205.975999782124	1	0	1.0	1.5312902519969582
141420.0665260545	3000.0	1785.9094737275361	0.0	0	0.0	2205.975999782124	1	0	1.0	2.224437432556903
142381.28924888116	3000.0	1824.6867509008655	0.0	0	0.0	2205.975999782124	1	0	1.0	2.224437432556903
143212.9309573201	3000.0	1993.0450424619496	0.0	0	0.0	2205.975999782124	1	0	1.0	2.224437432556903
144200.0	3000.0	2005.9759997820302	0.0	0	108.7875867060211	2205.975999782124	1	0	1.0	2.224437432556903
145200.0	3000.0	2005.9759997820356	0.0	0	228.03958565444918	2205.975999782124	1	0	1.0	2.224437432556903
146200.0	3000.0	2005.9759997820338	0.0	0	220.05630915271468	2205.975999782124	1	0	1.0	2.224437432556903
147200.0	3000.0	2005.975999782038	0.0	0	463.78093389081187	2205.975999782124	1	0	1.0	2.224437432556903
148200.0	3000.0	2005.9759997820415	0.0	0	550.0446921646362	2205.975999782124	1	0	1.0	2.224437432556903
149383.7181708779	6000.0	1822.2578289041599	0.0	0	0.0	2205.975999782124	1	0	1.0	2.224437432556903
150668.46969423036	6000.0	1537.506305551718	0.0	0	0.0	2205.975999782153	1	0	1.0	2.9175846131168455
152240.759660733	6000.0	965.2163390491072	0.0	0	0.0	2205.975999782153	1	0	1.0	2.9175846131168455
154630.35574346248	6000.0	200.0	624.3797436804082	0	0.0	2830.35574346254	1	0	1.0	-0.8745004762261579
155399.52795347318	3000.0	586.4549921212583	155.6272021319724	0	0.0	2985.9829455945	1	0	1.0	0.4983786661151342
155919.62853347775	3000.0	1066.3544121166651	0.0	0	0.0	2985.9829455945	1	0	1.0	2.1252890594669136
156458.2846775171	3000.0	1527.698268077313	0.0	0	0.0	2985.9829455945	1	0	1.0	2.1252890594669136
157442.713093314	6000.0	1543.2698522804021	0.0	0	0.0	2985.9829455945	1	0	1.0	2.1252890594669136
158650.94476857982	6000.0	1335.038177014596	0.0	0	0.0	2985.982945594529	1	0	1.0	2.8184362400268532
159776.5718765727	6000.0	1209.4110690217	0.0	0	0.0	2985.982945594529	1	0	1.0	2.8184362400268554
161555.23806307375	6000.0	430.74488252065487	0.0	0	0.0	2985.9829455945	1	0	1.0	2.818436240026857
162131.98065152287	3000.0	854.0022940715282	0.0	0	0.0	2985.9829455945	1	0	1.0	1.4321418789069686
162675.16674465986	3000.0	1310.8162009345626	0.0	0	0.0	2985.9829455945	1	0	1.0	2.1252890594669136
163463.88171927482	3000.0	1522.1012263195714	0.0	0	0.0	2985.9829455945	1	0	1.0	2.1252890594669136
164400.37489007937	3000.0	1585.6080555149997	0.0	0	0.0	2985.982945594529	1	0	1.0	2.1252890594669083
165081.6537501917	3000.0	1904.3291954027	0.0	0	0.0	2985.9829455945583	1	0	1.0	2.1252890594669034
165708.9495613214	3000.0	2277.0333842730256	0.0	0	0.0	2985.9829455945874	1	0	1.0	2.1252890594669003
166478.50785595647	3000.0	2507.4750896379783	0.0	0	0.0	2985.9829455946165	1	0	1.0	2.1252890594668927
167946.31244598055	6000.0	2039.67049961387	0.0	0	0.0	2985.9829455946165	1	0	1.0	2.1252890594668927
169557.07151397585	6000.0	1428.9114316185612	0.0	0	0.0	2985.9829455946165	1	0	1.0	2.8184362400268377
170022.15109180892	3000.0	1963.831853785473	0.0	0	0.0	2985.9829455946165	1	0	1.0	1.4321418789069478
171444.96591549396	6000.0	1541.0170301004164	0.0	0	0.0	2985.9829455946165	1	0	1.0	2.1252890594668927
172517.96623044036	6000.0	1468.0167151539872	0.0	0	0.0	2985.9829455946165	1	0	1.0	2.8184362400268377
173770.23247563175	6000.0	1215.750469962618	0.0	0	0.0	2985.9829455946165	1	0	1.0	2.8184362400268377
174915.16105800463	6000.0	1070.8218875897444	0.0	0	0.0	2985.9829455945874	1	0	1.0	2.8184362400268426
176725.57492838832	6000.0	260.40801720607703	0.0	0	0.0	2985.9829455946165	1	0	1.0	2.8184362400268377
177484.01342618436	3000.0	632.0611451623233	130.09162575231392	0	0.0	3116.0745713469514	1	0	1.0	0.6269629262425711
178210.93673971153	3000.0	905.1378316351568	0.0	0	0.0	3116.0745713469514	1	0	1.0	2.1006598613164
178679.11417663435	3000.0	1436.9603947123385	0.0	0	0.0	3116.0745713469805	1	0	1.0	2.100659861316395
179227.84514275243	3000.0	1888.229428594262	0.0	0	0.0	3116.0745713469805	1	0	1.0	2.1006598613163936
180121.78068917006	3000.0	1994.293882176649	0.0	0	0.0	3116.0745713469805	1	0	1.0	2.1006598613163936
180883.1205611058	3000.0	2232.9540102409096	0.0	0	0.0	3116.0745713469805	1	0	1.0	2.1006598613163936
182169.85949531887	6000.0	1946.2150760278214	0.0	0	0.0	3116.0745713469805	1	0	1.0	2.1006598613163936
183081.2725552539	6000.0	2034.802016092781	0.0	0	0.0	3116.0745713469805	1	0	1.0	2.793807041876338
184050.40344078263	6000.0	2065.6711305640783	0.0	0	0.0	3116.0745713469805	1	0	1.0	2.793807041876338
185197.2884538636	6000.0	1918.7861174830782	0.0	0	0.0	3116.0745713469805	1	0	1.0	2.793807041876338
187061.31763639254	6000.0	1054.7569349541734	0.0	0	0.0	3116.0745713470096	1	0	1.0	2.7938070418763328
187959.11933517182	3000.0	1156.9552361748742	0.0	0	0.0	3116.0745713470096	1	0	1.0	1.4075126807564426
188582.44248176596	3000.0	1533.632089580748	0.0	0	0.0	3116.0745713470096	1	0	1.0	2.100659861316388
189163.61798726214	3000.0	1952.4565840845803	0.0	0	0.0	3116.0745713470387	1	0	1.0	2.100659861316382
190007.41187612494	3000.0	2108.6626952217775	0.0	0	0.0	3116.0745713470387	1	0	1.0	2.100659861316382
190705.7712050221	3000.0	2410.3033663245997	0.0	0	0.0	3116.0745713470387	1	0	1.0	2.100659861316382
191482.8817563517	3000.0	2633.1928149949476	0.0	0	0.0	3116.0745713470387	1	0	1.0	2.100659861316382
192200.0	3000.0	2916.07457134667	0.0	0	206.7261686141428	3116.074571347068	1	0	1.0	2.100659861316376
193275.6053625342	6000.0	2840.4692088124675	0.0	0	0.0	3116.074571347068	1	0	1.0	2.1006598613163763
194427.0565755105	6000.0	2689.0179958362028	0.0	0	0.0	3116.074571347068	1	0	1.0	2.7938070418763212
195752.7871960728	6000.0	2363.287375273915	0.0	0	0.0	3116.0745713470387	1	0	1.0	2.793807041876323
196700.035811711	6000.0	2416.038759635713	0.0	0	0.0	3116.0745713470387	1	0	1.0	2.7938070418763266
197583.97998283012	6000.0	2532.094588516572	0.0	0	0.0	3116.074571347068	1	0	1.0	2.7938070418763257
199109.78627966915	6000.0	2006.2882916775625	0.0	0	0.0	3116.074571347068	1	0	1.0	2.7938070418763212
200086.93180576642	6000.0	2029.1427655803013	0.0	0	0.0	3116.074571347068	1	0	1.0	2.7938070418763212
200974.522144875	6000.0	2141.5524264717415	0.0	0	0.0	3116.0745713470387	1	0	1.0	2.7938070418763266
202053.23068156838	6000.0	2062.843889778349	0.0	0	0.0	3116.0745713470387	1	0	1.0	2.7938070418763266
202958.80176355733	6000.0	2157.2728077893817	0.0	0	0.0	3116.0745713470096	1	0	1.0	2.7938070418763328
204527.74525407428	6000.0	1588.3293172724518	0.0	0	0.0	3116.074571347068	1	0	1.0	2.7938070418763257
206141.55952551184	6000.0	974.5150458348932	0.0	0	0.0	3116.074571347068	1	0	1.0	2.7938070418763212
206611.54040302194	3000.0	1504.5341683247755	0.0	0	0.0	3116.074571347097	1	0	1.0	1.4075126807564287
207730.70111880373	6000.0	1385.373452542991	0.0	0	0.0	3116.0745713470387	1	0	1.0	2.100659861316378
208784.69146748944	6000.0	1331.3831038572712	0.0	0	0.0	3116.0745713470387	1	0	1.0	2.7938070418763266
209582.3379956598	3000.0	1533.7365756869299	0.0	0	0.0	3116.0745713470387	1	0	1.0	1.4075126807564369
210994.60174656668	6000.0	1121.4728247800153	0.0	0	0.0	3116.0745713470387	1	0	1.0	2.1006598613163816
211746.1424827418	3000.0	1369.9320886049268	0.0	0	0.0	3116.074571347068	1	0	1.0	1.407512680756431
212319.18224131284	3000.0	1796.8923300338638	0.0	0	0.0	3116.074571347068	1	0	1.0	2.100659861316376
213042.1340853219	3000.0	2073.940486024786	0.0	0	0.0	3116.074571347068	1	0	1.0	2.100659861316376
213534.12397077054	3000.0	2581.950600576121	0.0	0	0.0	3116.074571347068	1	0	1.0	2.100659861316376
214986.95918663876	6000.0	2129.1153847079177	0.0	0	0.0	3116.074571347097	1	0	1.0	2.10065986131637
216067.50986491164	6000.0	2048.564706435016	0.0	0	0.0	3116.074571347126	1	0	1.0	2.7938070418763097
216977.5040918824	6000.0	2138.570479464248	0.0	0	0.0	3116.074571347126	1	0	1.0	2.7938070418763097
218062.95438594095	6000.0	2053.1201854057026	0.0	0	0.0	3116.074571347126	1	0	1.0	2.7938070418763097
219202.8078193625	6000.0	1913.2667519841561	0.0	0	0.0	3116.074571347126	1	0	1.0	2.7938070418763097
220306.51553530613	6000.0	1809.5590360405467	0.0	0	0.0	3116.074571347155	1	0	1.0	2.7938070418763035
221589.58308765764	6000.0	1526.491483689004	0.0	0	0.0	3116.074571347126	1	0	1.0	2.7938070418763132
222396.06704807232	3000.0	1720.007523274316	0.0	0	0.0	3116.074571347126	1	0	1.0	1.4075126807564193
223162.66381334944	3000.0	1953.4107579972103	0.0	0	0.0	3116.074571347126	1	0	1.0	2.1006598613163643
224665.24687486843	6000.0	1450.827696478215	0.0	0	0.0	3116.074571347126	1	0	1.0	2.1006598613163643
226302.07728003533	6000.0	813.9972913113143	0.0	0	0.0	3116.074571347126	1	0	1.0	2.7938070418763097
226883.30340304135	3000.0	1232.7711683052873	0.0	0	0.0	3116.074571347126	1	0	1.0	1.4075126807564193
227999.69939175138	6000.0	1116.3751795952849	0.0	0	0.0	3116.074571347126	1	0	1.0	2.1006598613163643
228547.80794894623	3000.0	1568.2666224004186	0.0	0	0.0	3116.074571347126	1	0	1.0	1.4075126807564193
229185.20382669877	3000.0	1930.8707446478616	0.0	0	0.0	3116.074571347126	1	0	1.0	2.1006598613163643
229920.5360661385	3000.0	2195.538505208108	0.0	0	0.0	3116.074571347126	1	0	1.0	2.1006598613163643
230573.74032759116	3000.0	2542.3342437554393	0.0	0	0.0	3116.074571347126	1	0	1.0	2.1006598613163643
231232.01508414416	3000.0	2884.05948720244	0.0	0	0.0	3116.074571347126	1	0	1.0	2.1006598613163643
232593.40422830827	6000.0	2522.6703430383195	0.0	0	0.0	3116.074571347126	1	0	1.0	2.1006598613163643
234182.43503421816	6000.0	1933.6395371284173	0.0	0	0.0	3116.074571347126	1	0	1.0	2.7938070418763097
235636.71467789734	6000.0	1479.3598934492338	0.0	0	0.0	3116.074571347126	1	0	1.0	2.7938070418763097
236988.6925911245	6000.0	1127.381980222071	0.0	0	0.0	3116.074571347126	1	0	1.0	2.7938070418763097
237963.5972355991	6000.0	1152.4773357474794	0.0	0	0.0	3116.074571347126	1	0	1.0	2.7938070418763097
238469.75177010338	3000.0	1646.3228012431923	0.0	0	0.0	3116.074571347126	1	0	1.0	1.4075126807564193
239214.64465156608	3000.0	1901.4299197805176	0.0	0	0.0	3116.074571347155	1	0	1.0	2.1006598613163585
239830.9791425344	3000.0	2285.095428812203	0.0	0	0.0	3116.074571347155	1	0	1.0	2.1006598613163585
240352.1760345257	3000.0	2763.8985368208714	0.0	0	0.0	3116.074571347126	1	0	1.0	2.1006598613163643
241664.39196789992	6000.0	2451.682603446692	0.0	0	0.0	3116.074571347126	1	0	1.0	2.1006598613163643
242564.57923175924	3000.0	2551.495339587347	0.0	0	0.0	3116.074571347126	1	0	1.0	1.4075126807564193
243592.0403607779	3000.0	2524.034210568675	0.0	0	0.0	3116.074571347097	1	0	1.0	2.1006598613163656
244306.93710795738	3000.0	2809.1374633892424	0.0	0	0.0	3116.074571347097	1	0	1.0	2.10065986131637
245200.0	3000.0	2916.0745713466654	0.0	0	279.9330498826166	3116.074571347097	1	0	1.0	2.10065986131637
246200.0	3000.0	2916.07457134668	0.0	0	88.11813179217279	3116.074571347097	1	0	1.0	2.10065986131637
247200.0	3000.0	2916.0745713466827	0.0	0	144.998828605545	3116.074571347097	1	0	1.0	2.10065986131637
248200.0	3000.0	2916.0745713467013	0.0	0	172.34611502912594	3116.074571347097	1	0	1.0	2.10065986131637
249200.0	3000.0	2916.0745713467136	0.0	0	367.9905967573868	3116.074571347068	1	0	1.0	2.100659861316376
250200.0	3000.0	2916.0745713466895	0.0	0	346.3069906134915	3116.074571347097	1	0	1.0	2.10065986131637
251200.0	6000.0	2916.0745713467086	0.0	0	16.062304209946888	3116.074571347068	1	0	1.0	2.1006598613163763
252993.9514567976	6000.0	2122.1231145490974	0.0	0	0.0	3116.074571347068	1	0	1.0	2.7938070418763212
254097.6014231573	6000.0	2018.473148189408	0.0	0	0.0	3116.074571347068	1	0	1.0	2.7938070418763212
254785.28339526607	6000.0	2330.7911760806182	0.0	0	0.0	3116.074571347068	1	0	1.0	2.7938070418763212
255648.66938658114	6000.0	2467.405184765583	0.0	0	0.0	3116.074571347068	1	0	1.0	2.7938070418763212
256612.9226661343	6000.0	2503.151905212391	0.0	0	0.0	3116.074571347068	1	0	1.0	2.7938070418763212
257365.11842525416	6000.0	2750.956146092533	0.0	0	0.0	3116.0745713470387	1	0	1.0	2.7938070418763266
259397.2659277798	6000.0	1718.8086435669027	0.0	0	0.0	3116.074571347068	1	0	1.0	2.7938070418763212
260966.21755487242	6000.0	1149.8570164742944	0.0	0	0.0	3116.074571347068	1	0	1.0	2.7938070418763234
261534.70525045524	3000.0	1581.3693208914722	0.0	0	0.0	3116.074571347068	1	0	1.0	1.407512680756431
262351.8938344676	3000.0	1764.1807368790517	0.0	0	0.0	3116.0745713470387	1	0	1.0	2.1006598613163785
262989.1235818646	3000.0	2126.9509894821085	0.0	0	0.0	3116.0745713470387	1	0	1.0	2.100659861316382
263712.4915803273	3000.0	2403.5829910194093	0.0	0	0.0	3116.074571347068	1	0	1.0	2.1006598613163807
264429.68015683844	3000.0	2686.3944145082755	0.0	0	0.0	3116.074571347097	1	0	1.0	2.100659861316375
265200.0	3000.0	2916.074571346756	0.0	0	11.764992830634583	3116.0745713472134	1	0	1.0	2.100659861316354
266266.70964174723	3000.0	2849.3649295995083	0.0	0	0.0	3116.0745713472134	1	0	1.0	2.100659861316347
267200.0	3000.0	2916.0745713467804	0.0	0	207.3187765312614	3116.0745713472134	1	0	1.0	2.100659861316347
268200.0	6000.0	2916.0745713468245	0.0	0	95.1176316846977	3116.0745713472134	1	0	1.0	2.1006598613163465
269200.0	6000.0	2916.0745713467995	0.0	0	200.22145169298165	3116.0745713472134	1	0	1.0	2.793807041876292
270331.2151729575	6000.0	2784.859398389237	0.0	0	0.0	3116.074571347155	1	0	1.0	2.7938070418763035
271519.0061916387	6000.0	2597.068379708032	0.0	0	0.0	3116.074571347155	1	0	1.0	2.7938070418763035
272283.3756238528	6000.0	2832.698947493995	0.0	0	0.0	3116.074571347155	1	0	1.0	2.7938070418763035
273200.0	6000.0	2916.074571346712	0.0	0	53.703246480901726	3116.074571347097	1	0	1.0	2.793807041876315
274459.563252839	6000.0	2656.5113185076566	0.0	0	0.0	3116.074571347097	1	0	1.0	2.793807041876315
275930.1251519506	6000.0	2185.9494193961964	0.0	0	0.0	3116.074571347097	1	0	1.0	2.793807041876315
277185.6039080707	6000.0	1930.4706632760456	0.0	0	0.0	3116.0745713470387	1	0	1.0	2.793807041876324
278352.2855023455	6000.0	1763.7890690012882	0.0	0	0.0	3116.0745713470387	1	0	1.0	2.7938070418763266
279178.9100988845	6000.0	1937.1644724623259	0.0	0	0.0	3116.0745713470387	1	0	1.0	2.7938070418763266
280213.8913892936	6000.0	1902.1831820532566	0.0	0	0.0	3116.074571347097	1	0	1.0	2.793807041876315
282019.8985185599	6000.0	1096.176052787014	0.0	0	0.0	3116.074571347097	1	0	1.0	2.793807041876315
283096.0815123146	6000.0	1019.993059032288	0.0	0	0.0	3116.074571347097	1	0	1.0	2.793807041876315
283868.5675278099	6000.0	1247.5070435370328	0.0	0	0.0	3116.0745713470387	1	0	1.0	2.793807041876324
284849.0029980128	6000.0	1267.0715733340733	0.0	0	0.0	3116.0745713470387	1	0	1.0	2.793807041876331
286085.377057863	6000.0	1030.6975134838358	0.0	0	0.0	3116.0745713469805	1	0	1.0	2.7938070418763337
287842.5011156291	6000.0	273.5734557177044	0.0	0	0.0	3116.0745713469223	1	0	1.0	2.793807041876343
288743.0440211957	3000.0	558.9815156259557	185.95096547491278	0	0.0	3302.025536821864	1	0	1.0	0.25125067538330415
289507.81446458626	3000.0	794.2110722353773	0.0	0	0.0	3302.025536821864	1	0	1.0	2.0601036487927207
290174.1564458871	3000.0	1127.869090934536	0.0	0	0.0	3302.025536821864	1	0	1.0	2.0601036487927207
291087.507817887	3000.0	1214.5177189346532	0.0	0	0.0	3302.025536821864	1	0	1.0	2.0601036487927207
291777.55418460316	3000.0	1524.4713522184954	0.0	0	0.0	3302.025536821864	1	0	1.0	2.0601036487927207
292745.874528311	3000.0	1556.151008510599	0.0	0	0.0	3302.025536821806	1	0	1.0	2.0601036487927287
293571.65804870357	3000.0	1730.3674881180314	0.0	0	0.0	3302.025536821806	1	0	1.0	2.060103648792734
294224.6281235624	3000.0	2077.39741325919	0.0	0	0.0	3302.025536821806	1	0	1.0	2.060103648792734
295170.1203071945	3000.0	2131.9052296270675	0.0	0	0.0	3302.025536821864	1	0	1.0	2.0601036487927207
295845.03293253714	3000.0	2456.992604284416	0.0	0	0.0	3302.025536821806	1	0	1.0	2.060103648792734
296860.0502232185	6000.0	2441.9753136030095	0.0	0	0.0	3302.0255368217477	1	0	1.0	2.0601036487927473
297458.2309443074	6000.0	2843.7945925141403	0.0	0	0.0	3302.0255368217477	1	0	1.0	2.7532508293526927
298200.0	6000.0	3102.0255368215785	0.0	0	14.671951022173744	3302.0255368217477	1	0	1.0	2.7532508293526927
299420.0708608125	6000.0	2881.9546760090643	0.0	0	0.0	3302.025536821806	1	0	1.0	2.7532508293526794
300415.81349934137	6000.0	2886.2120374802525	0.0	0	0.0	3302.025536821864	1	0	1.0	2.753250829352665
302542.74603172415	6000.0	1759.2795050974385	0.0	0	0.0	3302.025536821806	1	0	1.0	2.753250829352674
303324.48676180845	3000.0	1977.5387750131715	0.0	0	0.0	3302.025536821864	1	0	1.0	1.3669564682327755
2.6229	3.4389000000000003	4.0269	7.0869	5.8149	4.242900000000001	5.0829	5.4669	3.6309	5.7789	4.818899999999999	3.2709	5.2149	5.2869	5.5989	4.3629	3.4509	5.5389	5.886900000000001	6.9789	6.7989	6.0549	3.5109000000000004	3.2229	5.2629	4.6869000000000005	6.2349000000000006	3.9549	5.886900000000001	5.970899999999999	6.2109	4.482900000000001	4.926900000000001	2.6109000000000004	2.6949	3.7629	4.5429	3.2349000000000006	5.2149	5.2264489795918365	4.972448979591837	4.626448979591837	4.998448979591837	5.2424489795918365	5.626448979591837	5.370448979591837	5.282448979591837	4.842448979591837	5.330448979591837	5.350448979591837	4.876448979591837	4.7344489795918365	4.632448979591837	4.918448979591837	5.324448979591837	5.630448979591837	5.216448979591837	4.794448979591837	4.746448979591837	4.900448979591837	5.382448979591837	5.610448979591837	5.668448979591837	5.358448979591837	5.408448979591837	4.788448979591837	4.770448979591837	4.856448979591837	4.608448979591837	4.808448979591837	5.214448979591837	5.606448979591837	5.1704489795918365	4.566448979591837	4.792448979591837	4.872448979591837	4.818448979591837	4.876448979591837	4.852448979591837	5.040448979591837	5.022448979591837	4.948448979591837	4.910448979591837	4.7104489795918365	4.964448979591837	4.818448979591837	5.192448979591837	5.318448979591837	4.634577777777778	3.662577777777778	3.8065777777777776	3.242577777777778	4.850577777777778	3.518577777777778	3.782577777777778	4.490577777777778	4.154577777777778	4.994577777777778	4.838577777777778	3.218577777777778	4.010577777777778	6.734577777777778	9.842577777777777	6.530577777777778	6.146577777777778	2.738577777777778	4.298577777777778	3.686577777777778	4.550577777777778	3.4225777777777777	4.586577777777778	4.502577777777778	3.710577777777778	3.7465777777777776	5.462577777777778	8.330577777777778	11.186577777777778	5.774577777777778	6.6505777777777775	6.938577777777778	6.026577777777778	5.966577777777777	4.358577777777778	6.338577777777778	4.358577777777778	4.178577777777778	7.1665777777777775	6.458577777777777	3.218577777777778	5.054577777777777	7.994577777777778	8.390577777777779	5.462577777777778	3.57	5.13	4.16	4.05	5.24	4.16	4.04	4.61	4.02	4.12	5.99	8.57	6.46	4.01	5.35	4.39	3.7509	2.6229	3.4389000000000003	4.0269	7.0869	5.8149	4.242900000000001	5.0829	5.4669	3.6309	5.7789	4.818899999999999	3.2709	5.2149	5.2869	5.5989	4.3629	3.4509	5.5389	5.886900000000001	6.9789	6.7989	6.0549	3.5109000000000004	3.2229	5.2629	4.6869000000000005	6.2349000000000006	3.9549	5.886900000000001	5.970899999999999	6.2109	4.482900000000001	4.926900000000001	2.6109000000000004	2.6949	3.7629	4.5429	3.2349000000000006	5.2149	5.2264489795918365	4.972448979591837	4.626448979591837	4.998448979591837	5.2424489795918365	5.626448979591837	5.370448979591837	5.282448979591837	4.842448979591837	5.330448979591837	5.350448979591837	4.876448979591837	4.7344489795918365	4.632448979591837	4.918448979591837	5.324448979591837	5.630448979591837	5.216448979591837	4.794448979591837	4.746448979591837	4.900448979591837	5.382448979591837	5.610448979591837	5.668448979591837	5.358448979591837	5.408448979591837	4.788448979591837	4.770448979591837	4.856448979591837	4.608448979591837	4.808448979591837	5.214448979591837	5.606448979591837	5.1704489795918365	4.566448979591837	4.792448979591837	4.872448979591837	4.818448979591837	4.876448979591837	4.852448979591837	5.040448979591837	5.022448979591837	4.948448979591837	4.910448979591837	4.7104489795918365	4.964448979591837	4.818448979591837	5.192448979591837	5.318448979591837	4.634577777777778	3.662577777777778	3.8065777777777776	3.242577777777778	4.850577777777778	3.518577777777778	3.782577777777778	4.490577777777778	4.154577777777778	4.994577777777778	4.838577777777778	3.218577777777778	4.010577777777778	6.734577777777778	9.842577777777777	6.530577777777778	6.146577777777778	2.738577777777778	4.298577777777778	3.686577777777778	4.550577777777778	3.4225777777777777	4.586577777777778	4.502577777777778	3.710577777777778	3.7465777777777776	5.462577777777778	8.330577777777778	11.186577777777778	5.774577777777778	6.6505777777777775	6.938577777777778	6.026577777777778	5.966577777777777	4.358577777777778	6.338577777777778	4.358577777777778	4.178577777777778	7.1665777777777775	6.458577777777777	3.218577777777778	5.054577777777777	7.994577777777778	8.390577777777779	5.462577777777778	3.57	5.13	4.16	4.05	5.24	4.16	4.04	4.61	4.02	4.12	5.99	8.57	6.46	4.01	5.35	4.39	3.7509	2.6229	3.4389000000000003	4.0269	7.0869
1.0	2.0	3.0	4.0	5.0	6.0	7.0	8.0	9.0	10.0	11.0	12.0	13.0	14.0	15.0	16.0	17.0	18.0	19.0	20.0	21.0	22.0	23.0	24.0	25.0	26.0	27.0	28.0	29.0	30.0	31.0	32.0	33.0	34.0	35.0	36.0	37.0	38.0	39.0	40.0	41.0	42.0	43.0	44.0	45.0	46.0	47.0	48.0	49.0	50.0	51.0	52.0	53.0	54.0	55.0	56.0	57.0	58.0	59.0	60.0	61.0	62.0	63.0	64.0	65.0	66.0	67.0	68.0	69.0	70.0	71.0	72.0	73.0	74.0	75.0	76.0	77.0	78.0	79.0	80.0	81.0	82.0	83.0	84.0	85.0	86.0	87.0	88.0	89.0	90.0	91.0	92.0	93.0	94.0	95.0	96.0	97.0	98.0	99.0	100.0	101.0	102.0	103.0	104.0	105.0	106.0	107.0	108.0	109.0	110.0	111.0	112.0	113.0	114.0	115.0	116.0	117.0	118.0	119.0	120.0	121.0	122.0	123.0	124.0	125.0	126.0	127.0	128.0	129.0	130.0	131.0	132.0	133.0	134.0	135.0	136.0	137.0	138.0	139.0	140.0	141.0	142.0	143.0	144.0	145.0	146.0	147.0	148.0	149.0	149.0	150.0	151.0	152.0	153.0	154.0	155.0	156.0	157.0	158.0	159.0	160.0	161.0	162.0	163.0	164.0	165.0	166.0	167.0	168.0	169.0	170.0	171.0	172.0	173.0	174.0	175.0	176.0	177.0	178.0	179.0	180.0	181.0	182.0	183.0	184.0	185.0	186.0	187.0	188.0	189.0	190.0	191.0	192.0	193.0	194.0	195.0	196.0	197.0	198.0	199.0	200.0	201.0	202.0	203.0	204.0	205.0	206.0	207.0	208.0	209.0	210.0	211.0	212.0	213.0	214.0	215.0	216.0	217.0	218.0	219.0	220.0	221.0	222.0	223.0	224.0	225.0	226.0	227.0	228.0	229.0	230.0	231.0	232.0	233.0	234.0	235.0	236.0	237.0	238.0	239.0	240.0	241.0	242.0	243.0	244.0	245.0	246.0	247.0	248.0	249.0	250.0	251.0	252.0	253.0	254.0	255.0	256.0	257.0	258.0	259.0	260.0	261.0	262.0	263.0	264.0	265.0	266.0	267.0	268.0	269.0	270.0	271.0	272.0	273.0	274.0	275.0	276.0	277.0	278.0	279.0	280.0	281.0	282.0	283.0	284.0	285.0	286.0	287.0	288.0	289.0	290.0	291.0	292.0	293.0	294.0	295.0	296.0	297.0	298.0	298.0	299.0	300.0	301.0	302.0
3501.034557094322
