4866.981563485576	2000.0	2000.0	643.3881753740868	0	0.0	4866.981563485576	1	0	1.0	-4.706771707634885
5773.557599207167	3000.0	2093.423964278408	0.0	0	0.0	2866.981563485576	1	0	1.0	-4.260052075166501
6788.896444040239	3000.0	2078.085119445336	0.0	0	0.0	2866.981563485576	1	0	1.0	2.145413032941663
7908.880283134139	3000.0	1958.1012803514368	0.0	0	0.0	2866.9815634855768	1	0	1.0	2.1454130329416627
8922.814839874867	3000.0	1944.1667236107116	0.0	0	0.0	2866.9815634855813	1	0	1.0	2.1454130329416623
9642.73544343232	3000.0	2224.246120053259	0.0	0	0.0	2866.9815634855822	1	0	1.0	2.1454130329416623
10339.498755190818	3000.0	2527.48280829476	0.0	0	0.0	2866.9815634855804	1	0	1.0	2.1454130329416623
11200.0	3000.0	2666.9815634855786	0.0	0	116.54748847180963	2866.9815634855804	1	0	1.0	2.1454130329416623
12200.0	3000.0	2666.9815634855777	0.0	0	38.762552385933304	2866.9815634855804	1	0	1.0	2.1454130329416623
13311.492254131515	6000.0	2555.4893093540622	0.0	0	0.0	2866.9815634855822	1	0	1.0	2.145413032941662
14565.676767686353	6000.0	2301.304795799223	0.0	0	0.0	2866.9815634855822	1	0	1.0	2.838560213501607
16182.916386487434	6000.0	1684.0651769981432	0.0	0	0.0	2866.9815634855822	1	0	1.0	2.838560213501607
17206.609872985628	3000.0	1660.371690499948	0.0	0	0.0	2866.9815634855804	1	0	1.0	1.4522658523817176
18333.23416651438	3000.0	1533.7473969711943	0.0	0	0.0	2866.9815634855786	1	0	1.0	2.1454130329416623
19221.362695041647	2000.0	1645.6188684439273	0.0	0	0.0	2866.9815634855804	1	0	1.0	1.334482816725333
20075.280432673837	3000.0	1791.7011308117383	0.0	0	0.0	2866.9815634855804	1	0	1.0	1.7399479248334977
21028.183849432367	3000.0	1838.7977140532098	0.0	0	0.0	2866.9815634855804	1	0	1.0	2.1454130329416623
21867.06578386945	3000.0	1999.915779616127	0.0	0	0.0	2866.981563485584	1	0	1.0	2.145413032941662
22557.515901416253	3000.0	2309.4656620693236	0.0	0	0.0	2866.981563485584	1	0	1.0	2.145413032941662
23373.059134305666	3000.0	2493.922429179908	0.0	0	0.0	2866.981563485584	1	0	1.0	2.145413032941662
24200.0	3000.0	2666.9815634855704	0.0	0	14.849804363810108	2866.981563485584	1	0	1.0	2.145413032941662
26736.127094780106	6000.0	1130.8544687054684	0.0	0	0.0	2866.981563485584	1	0	1.0	2.1454130329416614
27285.282068437627	3000.0	1581.6994950479482	0.0	0	0.0	2866.981563485584	1	0	1.0	1.452265852381717
28636.26235890906	6000.0	1230.7192045765123	0.0	0	0.0	2866.9815634855877	1	0	1.0	2.145413032941661
29511.88620180718	3000.0	1355.0953616783952	0.0	0	0.0	2866.9815634855877	1	0	1.0	1.4522658523817162
30911.680176020178	3000.0	955.3013874654005	0.0	0	0.0	2866.9815634855877	1	0	1.0	2.1454130329416614
32411.759434709908	3000.0	455.2221287756698	0.0	0	0.0	2866.9815634855877	1	0	1.0	2.1454130329416614
33118.997947452466	2000.0	747.9836160331067	0.0	0	0.0	2866.981563485584	1	0	1.0	1.334482816725332
34140.99036750341	2000.0	725.9911959821666	0.0	0	0.0	2866.981563485584	1	0	1.0	1.7399479248334966
34616.53218435088	2000.0	1250.449379134695	0.0	0	0.0	2866.981563485584	1	0	1.0	1.7399479248334968
35159.68966264192	2000.0	1707.2919008436577	0.0	0	0.0	2866.9815634855913	1	0	1.0	1.7399479248334964
36206.3354833987	3000.0	1660.6460800868756	0.0	0	0.0	2866.9815634855986	1	0	1.0	1.739947924833496
37278.21687047538	3000.0	1588.764693010205	0.0	0	0.0	2866.9815634855986	1	0	1.0	2.145413032941659
37912.6257393402	3000.0	1954.355824145379	0.0	0	0.0	2866.9815634855986	1	0	1.0	2.145413032941659
39063.26296980684	3000.0	1803.7185936787441	0.0	0	0.0	2866.9815634855986	1	0	1.0	2.145413032941659
40322.20608314528	3000.0	1544.7754803403063	0.0	0	0.0	2866.981563485606	1	0	1.0	2.1454130329416583
41264.43073814336	3000.0	1602.5508253422336	0.0	0	0.0	2866.981563485606	1	0	1.0	2.1454130329416583
41885.91473846499	3000.0	1981.0668250205988	0.0	0	0.0	2866.981563485606	1	0	1.0	2.1454130329416583
42753.78496418485	3000.0	2113.1965993007416	0.0	0	0.0	2866.981563485606	1	0	1.0	2.1454130329416583
43847.69638762335	3000.0	2019.2851758622405	0.0	0	0.0	2866.981563485606	1	0	1.0	2.1454130329416583
44880.77243051925	3000.0	1986.2091329663374	0.0	0	0.0	2866.981563485606	1	0	1.0	2.1454130329416583
45680.81345011642	3000.0	2186.1681133691754	0.0	0	0.0	2866.981563485613	1	0	1.0	2.145413032941657
46701.51439001392	3000.0	2165.4671734716767	0.0	0	0.0	2866.981563485613	1	0	1.0	2.145413032941657
47928.750798976114	3000.0	1938.230764509478	0.0	0	0.0	2866.981563485613	1	0	1.0	2.145413032941657
48969.73297819607	3000.0	1897.2485852895227	0.0	0	0.0	2866.9815634856204	1	0	1.0	2.145413032941656
50431.8592322534	3000.0	1435.122331232188	0.0	0	0.0	2866.9815634856204	1	0	1.0	2.145413032941656
51284.975657817515	2000.0	1582.0059056680718	0.0	0	0.0	2866.9815634856204	1	0	1.0	1.3344828167253266
52164.94949819794	3000.0	1702.0320652876478	0.0	0	0.0	2866.9815634856204	1	0	1.0	1.7399479248334915
52912.60427585421	3000.0	1954.3772876313737	0.0	0	0.0	2866.9815634856204	1	0	1.0	2.145413032941656
53476.66010716713	2000.0	2390.3214563184474	0.0	0	0.0	2866.9815634856204	1	0	1.0	1.3344828167253266
54460.17813189977	3000.0	2406.8034315858154	0.0	0	0.0	2866.9815634856204	1	0	1.0	1.7399479248334915
55410.45812121459	3000.0	2456.523442270985	0.0	0	0.0	2866.9815634856204	1	0	1.0	2.145413032941656
56478.22532980851	3000.0	2388.7562336770743	0.0	0	0.0	2866.9815634856204	1	0	1.0	2.145413032941656
57303.73896019943	3000.0	2563.2426032861545	0.0	0	0.0	2866.9815634856204	1	0	1.0	2.145413032941656
58200.0	3000.0	2666.9815634855777	0.0	0	225.626262298254	2866.9815634856204	1	0	1.0	2.145413032941656
59200.0	3000.0	2666.981563485578	0.0	0	83.93859551902278	2866.9815634856204	1	0	1.0	2.145413032941656
60282.435609743865	3000.0	2584.545953741714	0.0	0	0.0	2866.9815634856204	1	0	1.0	2.145413032941656
61450.322566634735	3000.0	2416.6589968508465	0.0	0	0.0	2866.9815634856204	1	0	1.0	2.145413032941656
62253.31627786671	3000.0	2613.6652856188684	0.0	0	0.0	2866.9815634856204	1	0	1.0	2.145413032941656
63200.0	3000.0	2666.9815634855745	0.0	0	287.5491776944036	2866.9815634856204	1	0	1.0	2.145413032941656
64200.0	3000.0	2666.9815634855777	0.0	0	252.40198883921403	2866.9815634856277	1	0	1.0	2.1454130329416548
65200.0	3000.0	2666.9815634855827	0.0	0	80.87902626964933	2866.9815634856277	1	0	1.0	2.1454130329416548
66200.0	3000.0	2666.981563485588	0.0	0	43.42756162905425	2866.9815634856277	1	0	1.0	2.1454130329416548
67378.58968286838	3000.0	2488.391880617211	0.0	0	0.0	2866.981563485635	1	0	1.0	2.1454130329416543
68420.54481954272	3000.0	2446.4367439428693	0.0	0	0.0	2866.981563485635	1	0	1.0	2.1454130329416534
69536.94251035093	3000.0	2330.0390531346466	0.0	0	0.0	2866.981563485635	1	0	1.0	2.145413032941654
70759.07565306497	3000.0	2107.905910420624	0.0	0	0.0	2866.981563485635	1	0	1.0	2.145413032941654
71599.27818114049	3000.0	2267.7033823450993	0.0	0	0.0	2866.981563485635	1	0	1.0	2.145413032941654
72346.43020552777	3000.0	2520.5513579578237	0.0	0	0.0	2866.9815634856495	1	0	1.0	2.145413032941651
73200.0	3000.0	2666.9815634856027	0.0	0	127.4524807161506	2866.9815634856495	1	0	1.0	2.145413032941651
74323.01702039425	3000.0	2543.9645430913515	0.0	0	0.0	2866.981563485664	1	0	1.0	2.145413032941649
75200.0	3000.0	2666.981563485608	0.0	0	152.40377259450906	2866.981563485664	1	0	1.0	2.145413032941649
76200.0	3000.0	2666.981563485612	0.0	0	134.6499098259519	2866.9815634856495	1	0	1.0	2.145413032941651
77200.0	3000.0	2666.981563485612	0.0	0	126.69560921975062	2866.9815634856495	1	0	1.0	2.145413032941651
78200.0	3000.0	2666.981563485621	0.0	0	231.50364633189747	2866.9815634856495	1	0	1.0	2.145413032941651
79410.3182128629	3000.0	2456.663350622721	0.0	0	0.0	2866.981563485664	1	0	1.0	2.145413032941649
80249.94827747502	3000.0	2617.0332860105937	0.0	0	0.0	2866.981563485664	1	0	1.0	2.145413032941649
81200.0	3000.0	2666.981563485605	0.0	0	85.11511509110278	2866.981563485664	1	0	1.0	2.145413032941649
82200.0	3000.0	2666.981563485618	0.0	0	280.24347959102306	2866.981563485664	1	0	1.0	2.145413032941649
83274.97300658328	3000.0	2592.008556902342	0.0	0	0.0	2866.9815634856495	1	0	1.0	2.145413032941651
84385.55786713408	3000.0	2481.423696351573	0.0	0	0.0	2866.9815634856495	1	0	1.0	2.145413032941651
85200.0	3000.0	2666.9815634856595	0.0	0	88.77871159986535	2866.9815634856495	1	0	1.0	2.145413032941651
86200.0	3000.0	2666.9815634856727	0.0	0	201.9662546483305	2866.9815634856495	1	0	1.0	2.145413032941651
87200.0	3000.0	2666.981563485675	0.0	0	127.3756353220233	2866.9815634856495	1	0	1.0	2.145413032941651
88200.0	3000.0	2666.981563485665	0.0	0	53.869406723461	2866.9815634856495	1	0	1.0	2.145413032941651
89200.0	3000.0	2666.9815634856654	0.0	0	183.53127745284291	2866.981563485664	1	0	1.0	2.145413032941649
90200.0	3000.0	2666.9815634856586	0.0	0	331.18778208075673	2866.981563485664	1	0	1.0	2.145413032941649
91200.0	3000.0	2666.981563485673	0.0	0	214.62254224125354	2866.9815634856495	1	0	1.0	2.145413032941651
92200.0	3000.0	2666.9815634856764	0.0	0	322.0618506814644	2866.9815634856495	1	0	1.0	2.145413032941651
93200.0	3000.0	2666.9815634856845	0.0	0	337.1328948884766	2866.9815634856495	1	0	1.0	2.145413032941651
94200.0	3000.0	2666.981563485693	0.0	0	309.5271248124336	2866.9815634856495	1	0	1.0	2.145413032941651
95200.0	3000.0	2666.9815634856845	0.0	0	270.81323786509165	2866.9815634856495	1	0	1.0	2.145413032941651
96200.0	3000.0	2666.981563485688	0.0	0	92.64218455986702	2866.981563485635	1	0	1.0	2.145413032941654
97200.0	3000.0	2666.981563485699	0.0	0	264.19548332013073	2866.981563485635	1	0	1.0	2.145413032941654
98200.0	3000.0	2666.9815634857096	0.0	0	125.28030370284978	2866.981563485635	1	0	1.0	2.145413032941654
99223.2416746062	3000.0	2643.7398888795024	0.0	0	0.0	2866.981563485635	1	0	1.0	2.145413032941654
100218.10517652071	3000.0	2648.876386964964	0.0	0	0.0	2866.9815634856204	1	0	1.0	2.145413032941656
101200.0	3000.0	2666.9815634856723	0.0	0	291.47604710565065	2866.981563485635	1	0	1.0	2.145413032941654
102200.0	3000.0	2666.981563485688	0.0	0	73.25691050154273	2866.981563485635	1	0	1.0	2.145413032941654
103200.0	3000.0	2666.9815634856823	0.0	0	16.016405934802606	2866.981563485635	1	0	1.0	2.145413032941654
104200.0	3000.0	2666.9815634856823	0.0	0	44.93529859899718	2866.981563485635	1	0	1.0	2.145413032941654
105246.05801688999	3000.0	2620.9235465956867	0.0	0	0.0	2866.981563485635	1	0	1.0	2.145413032941654
106200.0	3000.0	2666.981563485679	0.0	0	197.62321248024818	2866.981563485635	1	0	1.0	2.145413032941654
107200.0	3000.0	2666.9815634856777	0.0	0	290.819793827628	2866.981563485635	1	0	1.0	2.145413032941654
108200.0	3000.0	2666.981563485689	0.0	0	302.60936282195325	2866.981563485635	1	0	1.0	2.145413032941654
109200.0	3000.0	2666.9815634856773	0.0	0	79.5236801647552	2866.9815634856204	1	0	1.0	2.145413032941656
110200.0	3000.0	2666.981563485664	0.0	0	137.30906432503252	2866.9815634856204	1	0	1.0	2.145413032941656
111200.0	3000.0	2666.9815634856427	0.0	0	292.33363305873354	2866.981563485606	1	0	1.0	2.1454130329416583
112200.0	3000.0	2666.981563485647	0.0	0	271.0614990438771	2866.9815634856204	1	0	1.0	2.145413032941656
113200.0	3000.0	2666.981563485645	0.0	0	282.1040296685969	2866.9815634856204	1	0	1.0	2.145413032941656
114200.0	3000.0	2666.981563485644	0.0	0	253.34434914552548	2866.9815634856204	1	0	1.0	2.145413032941656
115200.0	3000.0	2666.981563485643	0.0	0	69.96172195982945	2866.9815634856204	1	0	1.0	2.145413032941656
116286.7279492192	3000.0	2580.2536142664185	0.0	0	0.0	2866.9815634856204	1	0	1.0	2.145413032941656
117200.0	3000.0	2666.981563485609	0.0	0	160.81244912868715	2866.9815634856204	1	0	1.0	2.145413032941656
118200.0	3000.0	2666.981563485617	0.0	0	27.650582245143596	2866.9815634856204	1	0	1.0	2.145413032941656
119200.0	3000.0	2666.981563485602	0.0	0	245.95912942057475	2866.9815634856204	1	0	1.0	2.145413032941656
120200.0	3000.0	2666.9815634855977	0.0	0	329.0409333438147	2866.9815634856204	1	0	1.0	2.145413032941656
121200.0	3000.0	2666.9815634856004	0.0	0	249.0128291210567	2866.981563485635	1	0	1.0	2.145413032941654
122200.0	3000.0	2666.981563485614	0.0	0	29.36244820340653	2866.981563485635	1	0	1.0	2.145413032941654
123200.0	3000.0	2666.981563485627	0.0	0	249.11082911926496	2866.9815634856495	1	0	1.0	2.145413032941651
124382.28561468415	3000.0	2484.695948801469	0.0	0	0.0	2866.981563485635	1	0	1.0	2.145413032941654
125488.77569823158	3000.0	2378.205865254038	0.0	0	0.0	2866.981563485635	1	0	1.0	2.145413032941654
126653.22420076875	3000.0	2213.7573627168617	0.0	0	0.0	2866.981563485635	1	0	1.0	2.145413032941654
127655.14100852994	3000.0	2211.840554955653	0.0	0	0.0	2866.9815634856495	1	0	1.0	2.145413032941651
128495.77612470026	3000.0	2371.2054387853354	0.0	0	0.0	2866.9815634856495	1	0	1.0	2.145413032941651
129442.32155871036	3000.0	2424.660004775231	0.0	0	0.0	2866.9815634856495	1	0	1.0	2.145413032941651
130200.0	3000.0	2666.9815634855936	0.0	0	47.02162197395228	2866.9815634856495	1	0	1.0	2.145413032941651
131200.0	3000.0	2666.9815634856013	0.0	0	261.0331032718532	2866.9815634856495	1	0	1.0	2.145413032941651
132200.0	3000.0	2666.981563485609	0.0	0	207.0755782815686	2866.981563485664	1	0	1.0	2.145413032941647
133200.0	3000.0	2666.9815634856022	0.0	0	2.236557879456086	2866.9815634856495	1	0	1.0	2.1454130329416503
134239.77335515284	3000.0	2627.2082083327646	0.0	0	0.0	2866.981563485664	1	0	1.0	2.1454130329416494
135200.0	3000.0	2666.981563485594	0.0	0	409.9466875537764	2866.981563485664	1	0	1.0	2.145413032941649
136244.46188741553	6000.0	2622.5196760700815	0.0	0	0.0	2866.981563485635	1	0	1.0	2.1454130329416534
137200.0	6000.0	2666.981563485623	0.0	0	57.85354943253333	2866.981563485635	1	0	1.0	2.838560213501599
138690.7763947083	6000.0	2176.2051687772982	0.0	0	0.0	2866.981563485635	1	0	1.0	2.838560213501599
139850.8611660437	6000.0	2016.1203974418984	0.0	0	0.0	2866.981563485635	1	0	1.0	2.838560213501599
141294.77410269837	6000.0	1572.2074607872112	0.0	0	0.0	2866.981563485635	1	0	1.0	2.838560213501599
141903.4190610463	3000.0	1963.5625024393003	0.0	0	0.0	2866.981563485635	1	0	1.0	1.452265852381709
143999.5392340371	6000.0	867.4423294484839	0.0	0	0.0	2866.981563485635	1	0	1.0	2.1454130329416534
144977.73769364206	3000.0	889.243869843498	0.0	0	0.0	2866.981563485635	1	0	1.0	1.452265852381709
146434.3352911422	3000.0	432.6462723433158	0.0	0	0.0	2866.981563485635	1	0	1.0	2.145413032941654
147312.997233104	2000.0	603.022052300375	49.03772191888129	0	0.0	2916.019285404531	1	0	1.0	1.0322274683439872
147890.9718462924	3000.0	1025.0474391119415	0.0	0	0.0	2916.0192854045017	1	0	1.0	1.7319189079654447
148686.80971759814	2000.0	1229.2095678062396	0.0	0	0.0	2916.019285404531	1	0	1.0	1.326453799857275
149324.5222797361	2000.0	1591.4970056682719	0.0	0	0.0	2916.019285404531	1	0	1.0	1.7319189079654396
150282.14561163425	3000.0	1633.873673770111	0.0	0	0.0	2916.019285404531	1	0	1.0	1.7319189079654398
151459.69939621468	2000.0	1456.3198891897068	0.0	0	0.0	2916.019285404531	1	0	1.0	1.326453799857275
152413.53706829684	2000.0	1502.4822171075543	0.0	0	0.0	2916.019285404531	1	0	1.0	1.7319189079654396
153117.75614598815	2000.0	1798.2631394162033	0.0	0	0.0	2916.019285404531	1	0	1.0	1.7319189079654396
153639.8804211425	2000.0	2276.1388642618294	0.0	0	0.0	2916.019285404531	1	0	1.0	1.7319189079654396
154358.20967685853	3000.0	2557.8096085458205	0.0	0	0.0	2916.019285404531	1	0	1.0	1.7319189079654398
155732.43010815873	3000.0	2183.5891772456253	0.0	0	0.0	2916.019285404531	1	0	1.0	2.137384016073604
157055.42910761986	3000.0	1860.5901777845447	0.0	0	0.0	2916.019285404531	1	0	1.0	2.137384016073604
157950.62793153748	3000.0	1965.3913538669099	0.0	0	0.0	2916.019285404531	1	0	1.0	2.137384016073604
158952.17991901553	3000.0	1963.8393663888814	0.0	0	0.0	2916.01928540456	1	0	1.0	2.1373840160735997
159572.32832253948	3000.0	2343.6909628649396	0.0	0	0.0	2916.019285404589	1	0	1.0	2.137384016073595
160385.7247760563	3000.0	2530.294509348092	0.0	0	0.0	2916.019285404589	1	0	1.0	2.137384016073595
161200.0	3000.0	2716.019285404394	0.0	0	16.146696396754123	2916.019285404589	1	0	1.0	2.137384016073595
162200.0	6000.0	2716.01928540441	0.0	0	84.56833593227202	2916.019285404589	1	0	1.0	2.1373840160735944
163200.0	6000.0	2716.019285404409	0.0	0	78.32734875558526	2916.019285404589	1	0	1.0	2.8305311966335394
164783.57434939672	6000.0	2132.4449360076906	0.0	0	0.0	2916.01928540456	1	0	1.0	2.8305311966335447
167381.8936421483	6000.0	534.1256432560835	0.0	0	0.0	2916.019285404531	1	0	1.0	2.8305311966335447
168342.12685830132	3000.0	586.238428552576	12.346001449522191	0	0.0	2928.3652868540375	1	0	1.0	1.3680820867983732
169339.40197383528	3000.0	588.9633130186124	0.0	0	0.0	2928.3652868540375	1	0	1.0	2.135305276055451
169954.21119506282	2000.0	974.1540917910746	0.0	0	0.0	2928.3652868540375	1	0	1.0	1.324375059839122
170495.5933189388	2000.0	1432.7719679150996	0.0	0	0.0	2928.3652868540375	1	0	1.0	1.7298401679472866
171420.2531888213	3000.0	1508.1120980325709	0.0	0	0.0	2928.3652868540084	1	0	1.0	1.7298401679472897
172159.17865566412	3000.0	1769.1866311897656	0.0	0	0.0	2928.3652868540375	1	0	1.0	2.135305276055451
172792.17910323775	3000.0	2136.186183616138	0.0	0	0.0	2928.3652868540667	1	0	1.0	2.1353052760554467
173415.9726341643	3000.0	2512.392652689585	0.0	0	0.0	2928.3652868540375	1	0	1.0	2.135305276055451
174396.57518505282	3000.0	2531.7901018010607	0.0	0	0.0	2928.3652868540084	1	0	1.0	2.1353052760554565
175371.58284180597	3000.0	2556.782445047914	0.0	0	0.0	2928.3652868540084	1	0	1.0	2.1353052760554565
176200.0	3000.0	2728.3652868538697	0.0	0	41.916739590873476	2928.3652868540084	1	0	1.0	2.1353052760554565
177200.0	3000.0	2728.3652868539034	0.0	0	429.6842447325762	2928.3652868540375	1	0	1.0	2.135305276055451
178784.28025492717	6000.0	2144.0850319267065	0.0	0	0.0	2928.3652868540084	1	0	1.0	2.1353052760554565
181204.98221844304	6000.0	723.3830684108576	0.0	0	0.0	2928.3652868540084	1	0	1.0	2.828452456615401
182820.4642364281	3000.0	278.12192019793866	170.22086977212376	0	0.0	3098.5861566260282	1	0	1.0	0.3896683224588277
183373.19950382054	2000.0	755.8643846278857	30.477731822443246	0	0.0	3129.0638884484943	1	0	1.0	1.1042424250675127
184174.03794248152	2000.0	955.0259459669016	0.0	0	0.0	3129.0638884484943	1	0	1.0	1.6925739241103368
184844.06972203223	2000.0	1284.9941664161743	0.0	0	0.0	3129.063888448465	1	0	1.0	1.6925739241103428
185486.61239157247	2000.0	1642.451496875928	0.0	0	0.0	3129.063888448465	1	0	1.0	1.6925739241103428
186242.8149436162	3000.0	1886.2489448322062	0.0	0	0.0	3129.063888448436	1	0	1.0	1.692573924110345
187142.0503731835	3000.0	1987.0135152648907	0.0	0	0.0	3129.063888448436	1	0	1.0	2.098039032218513
188021.99488527313	3000.0	2107.0690031752683	0.0	0	0.0	3129.063888448436	1	0	1.0	2.098039032218513
189575.71619686222	3000.0	1553.3476915861706	0.0	0	0.0	3129.063888448436	1	0	1.0	2.098039032218513
190391.42758369332	3000.0	1737.6363047550492	0.0	0	0.0	3129.063888448436	1	0	1.0	2.098039032218513
191246.87602671966	3000.0	1882.1878617286861	0.0	0	0.0	3129.063888448378	1	0	1.0	2.0980390322185216
192304.98314744988	3000.0	1824.0807409984593	0.0	0	0.0	3129.0638884483196	1	0	1.0	2.0980390322185336
193316.88723229093	3000.0	1812.176656157426	0.0	0	0.0	3129.0638884483196	1	0	1.0	2.0980390322185367
194364.28780565818	3000.0	1764.7760827901614	0.0	0	0.0	3129.0638884482905	1	0	1.0	2.098039032218543
195554.95879713356	3000.0	1574.1050913147635	0.0	0	0.0	3129.0638884482614	1	0	1.0	2.0980390322185487
196937.92882242473	3000.0	1191.1350660236026	0.0	0	0.0	3129.0638884482323	1	0	1.0	2.0980390322185545
197724.85348203275	3000.0	1404.2104064155562	0.0	0	0.0	3129.0638884482614	1	0	1.0	2.0980390322185487
198958.10404116227	3000.0	1170.9598472860293	0.0	0	0.0	3129.0638884482614	1	0	1.0	2.0980390322185487
200159.69004592285	2000.0	969.373842525449	0.0	0	0.0	3129.0638884482614	1	0	1.0	1.2871088160022195
200951.60007425447	2000.0	1177.4638141938228	0.0	0	0.0	3129.0638884482323	1	0	1.0	1.6925739241103899
201578.6564183532	2000.0	1550.4074700950835	0.0	0	0.0	3129.0638884482323	1	0	1.0	1.6925739241103899
202133.53445213294	2000.0	1995.5294363153419	0.0	0	0.0	3129.0638884482323	1	0	1.0	1.6925739241103899
203217.0462832074	3000.0	1912.01760524088	0.0	0	0.0	3129.0638884482323	1	0	1.0	1.69257392411039
204344.73616579964	3000.0	1784.327722648656	0.0	0	0.0	3129.063888448203	1	0	1.0	2.0980390322185567
205170.43454590178	3000.0	1958.6293425465456	0.0	0	0.0	3129.063888448203	1	0	1.0	2.0980390322185603
205921.76077273706	3000.0	2207.303115711245	0.0	0	0.0	3129.063888448174	1	0	1.0	2.0980390322185665
206595.549616127	3000.0	2533.514272321272	0.0	0	0.0	3129.063888448203	1	0	1.0	2.0980390322185603
207710.95574751124	3000.0	2418.1081409370304	0.0	0	0.0	3129.063888448174	1	0	1.0	2.098039032218565
208711.0322902227	3000.0	2418.0315982255333	0.0	0	0.0	3129.063888448145	1	0	1.0	2.0980390322185722
209510.38124036125	3000.0	2618.682648086985	0.0	0	0.0	3129.063888448145	1	0	1.0	2.0980390322185722
210470.11694650727	3000.0	2658.9469419409784	0.0	0	0.0	3129.063888448145	1	0	1.0	2.0980390322185722
211371.66496478545	3000.0	2757.3989236628154	0.0	0	0.0	3129.063888448145	1	0	1.0	2.0980390322185722
212395.53452952928	3000.0	2733.52935891898	0.0	0	0.0	3129.063888448116	1	0	1.0	2.098039032218578
213471.01036698147	3000.0	2658.053521466806	0.0	0	0.0	3129.063888448087	1	0	1.0	2.0980390322185816
214513.52409989943	3000.0	2615.539788548853	0.0	0	0.0	3129.063888448116	1	0	1.0	2.098039032218578
215621.21161306003	3000.0	2507.852275388253	0.0	0	0.0	3129.063888448145	1	0	1.0	2.0980390322185722
216662.2666585809	3000.0	2466.7972298673744	0.0	0	0.0	3129.063888448116	1	0	1.0	2.098039032218578
217478.95587912347	3000.0	2650.1080093248256	0.0	0	0.0	3129.063888448145	1	0	1.0	2.0980390322185722
218200.0	3000.0	2929.063888448273	0.0	0	39.02448707653093	3129.063888448145	1	0	1.0	2.0980390322185722
219200.0	3000.0	2929.063888448259	0.0	0	174.70471776029444	3129.063888448174	1	0	1.0	2.0980390322185665
220200.0	3000.0	2929.0638884482305	0.0	0	198.20026948559098	3129.063888448174	1	0	1.0	2.0980390322185665
221200.0	3000.0	2929.0638884482046	0.0	0	96.95013698990806	3129.063888448174	1	0	1.0	2.0980390322185665
222200.0	3000.0	2929.0638884482014	0.0	0	117.5827267698478	3129.063888448174	1	0	1.0	2.0980390322185714
223200.0	3000.0	2929.0638884481928	0.0	0	86.9858486778976	3129.063888448203	1	0	1.0	2.0980390322185603
224200.0	3000.0	2929.0638884481878	0.0	0	119.39073137499508	3129.063888448174	1	0	1.0	2.0980390322185665
225200.0	3000.0	2929.0638884481696	0.0	0	305.3748908005073	3129.063888448174	1	0	1.0	2.0980390322185665
226200.0	3000.0	2929.0638884481623	0.0	0	8.858187986450503	3129.063888448145	1	0	1.0	2.0980390322185722
227200.0	3000.0	2929.0638884481377	0.0	0	300.27471881872043	3129.063888448145	1	0	1.0	2.0980390322185722
228200.0	3000.0	2929.063888448143	0.0	0	259.82321989518823	3129.063888448145	1	0	1.0	2.0980390322185722
229292.78815520767	3000.0	2836.275733240523	0.0	0	0.0	3129.063888448203	1	0	1.0	2.0980390322185642
230200.0	3000.0	2929.0638884482078	0.0	0	180.81093708312255	3129.0638884482323	1	0	1.0	2.0980390322185545
231354.8726309513	3000.0	2774.1912574968874	0.0	0	0.0	3129.0638884482323	1	0	1.0	2.0980390322185545
232266.34182350928	3000.0	2862.7220649388837	0.0	0	0.0	3129.0638884482323	1	0	1.0	2.0980390322185545
233200.0	3000.0	2929.0638884481673	0.0	0	229.4896389360074	3129.0638884482323	1	0	1.0	2.0980390322185545
234200.0	3000.0	2929.0638884481605	0.0	0	157.59333176453947	3129.0638884482614	1	0	1.0	2.0980390322185536
235200.0	3000.0	2929.06388844815	0.0	0	8.521588303148746	3129.0638884482323	1	0	1.0	2.09803903221855
236200.0	3000.0	2929.063888448153	0.0	0	253.08250912491349	3129.0638884482323	1	0	1.0	2.0980390322185545
237312.86928923868	3000.0	2816.194599209473	0.0	0	0.0	3129.0638884482323	1	0	1.0	2.0980390322185545
238308.41348012895	3000.0	2820.6504083191994	0.0	0	0.0	3129.0638884482323	1	0	1.0	2.0980390322185545
239293.5553587843	3000.0	2835.5085296638463	0.0	0	0.0	3129.0638884482614	1	0	1.0	2.0980390322185487
240200.0	3000.0	2929.0638884481536	0.0	0	45.76756735696108	3129.0638884482905	1	0	1.0	2.098039032218543
241337.88797850028	3000.0	2791.175909947893	0.0	0	0.0	3129.0638884482905	1	0	1.0	2.098039032218543
242374.32410217225	3000.0	2754.7397862759035	0.0	0	0.0	3129.0638884482614	1	0	1.0	2.0980390322185487
243252.27427330858	3000.0	2876.7896151395717	0.0	0	0.0	3129.0638884482614	1	0	1.0	2.0980390322185487
244234.6783196719	3000.0	2894.38556877627	0.0	0	0.0	3129.0638884482905	1	0	1.0	2.098039032218543
245200.0	3000.0	2929.0638884481687	0.0	0	245.6938710186514	3129.0638884482905	1	0	1.0	2.098039032218543
246221.5878510721	3000.0	2907.4760373760305	0.0	0	0.0	3129.0638884483196	1	0	1.0	2.0980390322185416
247200.0	3000.0	2929.0638884481323	0.0	0	177.8853492155904	3129.0638884482905	1	0	1.0	2.098039032218543
248200.0	3000.0	2929.063888448139	0.0	0	342.96572234880296	3129.0638884483196	1	0	1.0	2.0980390322185367
249200.0	3000.0	2929.063888448177	0.0	0	342.0103084174625	3129.0638884483196	1	0	1.0	2.0980390322185367
250200.0	3000.0	2929.063888448152	0.0	0	117.34689209540375	3129.0638884482905	1	0	1.0	2.098039032218538
251200.0	3000.0	2929.0638884481596	0.0	0	351.9780239951797	3129.0638884482905	1	0	1.0	2.098039032218543
252200.0	3000.0	2929.06388844814	0.0	0	331.7956015072996	3129.0638884482905	1	0	1.0	2.098039032218543
253267.76801770064	3000.0	2861.2958707474872	0.0	0	0.0	3129.0638884482905	1	0	1.0	2.098039032218543
254200.0	3000.0	2929.0638884481355	0.0	0	165.25285943225026	3129.0638884483487	1	0	1.0	2.098039032218536
255200.0	3000.0	2929.0638884481486	0.0	0	49.84094708238263	3129.0638884483487	1	0	1.0	2.098039032218531
256200.0	3000.0	2929.0638884481655	0.0	0	273.4135873717896	3129.0638884483196	1	0	1.0	2.0980390322185323
257256.29863090705	3000.0	2872.7652575410775	0.0	0	0.0	3129.0638884482905	1	0	1.0	2.098039032218543
258200.0	3000.0	2929.0638884481305	0.0	0	240.41683286908665	3129.0638884482905	1	0	1.0	2.098039032218543
259219.11995799688	3000.0	2909.9439304512516	0.0	0	0.0	3129.0638884483196	1	0	1.0	2.0980390322185367
260292.72352604166	3000.0	2836.34036240646	0.0	0	0.0	3129.0638884483196	1	0	1.0	2.0980390322185367
261216.3212943301	3000.0	2912.74259411803	0.0	0	0.0	3129.0638884483196	1	0	1.0	2.0980390322185367
262357.1513886001	3000.0	2771.9124998480024	0.0	0	0.0	3129.0638884483196	1	0	1.0	2.0980390322185407
263584.90708310617	3000.0	2544.156805341934	0.0	0	0.0	3129.0638884482614	1	0	1.0	2.098039032218543
264347.10083234595	3000.0	2781.963056102196	0.0	0	0.0	3129.0638884483196	1	0	1.0	2.0980390322185407
265200.0	3000.0	2929.0638884481605	0.0	0	28.91036575776525	3129.0638884483196	1	0	1.0	2.0980390322185345
266200.0	3000.0	2929.063888448174	0.0	0	307.8933347350103	3129.0638884482905	1	0	1.0	2.098039032218543
267200.0	3000.0	2929.063888448132	0.0	0	287.501260154997	3129.0638884482905	1	0	1.0	2.098039032218543
268413.910270192	3000.0	2715.1536182561576	0.0	0	0.0	3129.0638884482905	1	0	1.0	2.098039032218543
269200.0	3000.0	2929.063888448242	0.0	0	84.37444035394583	3129.0638884483487	1	0	1.0	2.0980390322185407
270200.0	3000.0	2929.063888448341	0.0	0	230.6329135367414	3129.0638884483487	1	0	1.0	2.098039032218531
271200.0	3000.0	2929.063888448302	0.0	0	175.81574702024227	3129.0638884482905	1	0	1.0	2.0980390322185336
272200.0	3000.0	2929.0638884482582	0.0	0	171.99808279401623	3129.0638884482905	1	0	1.0	2.098039032218543
273205.6011138972	3000.0	2923.4627745510456	0.0	0	0.0	3129.0638884482905	1	0	1.0	2.098039032218543
274200.0	3000.0	2929.0638884482987	0.0	0	79.72560051968321	3129.0638884483487	1	0	1.0	2.098039032218531
275200.0	3000.0	2929.063888448314	0.0	0	270.2096115289605	3129.063888448407	1	0	1.0	2.0980390322185194
276200.0	3000.0	2929.0638884482996	0.0	0	96.13396361429477	3129.063888448407	1	0	1.0	2.0980390322185194
277260.9319142423	3000.0	2868.131974206075	0.0	0	0.0	3129.063888448465	1	0	1.0	2.0980390322185074
278340.1946224514	3000.0	2788.869265996999	0.0	0	0.0	3129.063888448465	1	0	1.0	2.0980390322185074
279200.0	3000.0	2929.0638884483096	0.0	0	69.93116659810767	3129.063888448465	1	0	1.0	2.0980390322185074
280200.0	3000.0	2929.063888448263	0.0	0	80.83822533563944	3129.063888448465	1	0	1.0	2.0980390322185074
281269.14907911856	3000.0	2859.914809329702	0.0	0	0.0	3129.0638884485234	1	0	1.0	2.0980390322185025
282288.52234439825	3000.0	2840.5415440500083	0.0	0	0.0	3129.0638884485234	1	0	1.0	2.0980390322184954
283200.0	3000.0	2929.0638884483383	0.0	0	266.91975493973587	3129.0638884485234	1	0	1.0	2.0980390322184954
284200.0	3000.0	2929.0638884482664	0.0	0	574.7118778895237	3129.0638884485234	1	0	1.0	2.0980390322184954
285200.0	3000.0	2929.0638884482055	0.0	0	542.7161649214104	3129.0638884485234	1	0	1.0	2.0980390322184954
286767.15296988975	6000.0	2361.91091855844	0.0	0	0.0	3129.0638884485234	1	0	1.0	2.0980390322184954
288395.1637505759	6000.0	1733.900137872238	0.0	0	0.0	3129.0638884485234	1	0	1.0	2.7911862127784404
289170.2692882465	6000.0	1958.7946002016624	0.0	0	0.0	3129.0638884485816	1	0	1.0	2.791186212778429
290484.8860962306	6000.0	1644.1777922175884	0.0	0	0.0	3129.0638884485816	1	0	1.0	2.791186212778429
292523.81175249955	6000.0	605.2521359486268	0.0	0	0.0	3129.0638884485816	1	0	1.0	2.791186212778429
293526.28995919495	3000.0	602.7739292531527	0.0	0	0.0	3129.0638884485816	1	0	1.0	1.404891851658539
294314.28003898665	3000.0	814.7838494614041	0.0	0	0.0	3129.0638884485816	1	0	1.0	2.098039032218484
295261.4148467674	2000.0	867.6490416805851	0.0	0	0.0	3129.0638884485816	1	0	1.0	1.2871088160021544
295992.73703779076	2000.0	1136.3268506571753	0.0	0	0.0	3129.0638884485816	1	0	1.0	1.692573924110319
296703.43222246616	2000.0	1425.6316659817453	0.0	0	0.0	3129.0638884485234	1	0	1.0	1.6925739241103308
297636.48381694144	2000.0	1492.5800715064265	0.0	0	0.0	3129.063888448407	1	0	1.0	1.6925739241103521
298402.18567971216	2000.0	1726.8782087357451	0.0	0	0.0	3129.063888448407	1	0	1.0	1.6925739241103546
299282.00214918976	3000.0	1847.0617392580955	0.0	0	0.0	3129.063888448407	1	0	1.0	1.6925739241103548
300094.5616815855	2000.0	2034.5022068622973	0.0	0	0.0	3129.063888448407	1	0	1.0	1.28710881600219
300929.027088154	2000.0	2200.036800293875	0.0	0	0.0	3129.063888448465	1	0	1.0	1.6925739241103428
301906.33093215275	2000.0	2222.7329562950836	0.0	0	0.0	3129.063888448407	1	0	1.0	1.6925739241103546
302403.71415634156	2000.0	2725.349732106266	0.0	0	0.0	3129.063888448407	1	0	1.0	1.6925739241103546
4.25	2.95	2.87	3.07	4.1	4.14	4.61	4.31	5.24	6.09	4.22	2.99	3.06	2.36	2.42	3.88	3.42	3.93	4.44	5.22	3.12	2.56	3.97	6.43	4.72	4.0	1.3400000000000003	2.51	2.27	2.71	3.41	3.94	3.93	3.79	3.48	2.33	2.88	3.96	3.63	3.31	3.72	3.37	2.78	2.55	3.28	2.88	1.61	3.5181395348837206	3.38813953488372	3.36813953488372	3.4141395348837205	3.6041395348837204	3.5561395348837204	3.5001395348837203	3.3661395348837204	3.5141395348837206	3.4841395348837203	3.4621395348837205	3.59813953488372	3.6521395348837205	3.6901395348837203	3.3541395348837204	3.5381395348837206	3.30013953488372	3.6521395348837205	3.38013953488372	3.4001395348837202	3.35613953488372	3.2961395348837206	3.13013953488372	3.2061395348837203	3.39213953488372	3.1681395348837205	3.38013953488372	3.2661395348837203	3.4421395348837205	3.4241395348837202	3.4301395348837205	3.6361395348837204	3.9181395348837205	3.5461395348837206	3.7301395348837203	3.5681395348837204	3.5201395348837203	3.59013953488372	3.8181395348837204	3.61813953488372	3.5421395348837206	3.7801395348837206	3.9001395348837202	3.6033999999999997	3.8953999999999995	3.7733999999999996	3.1914	3.6213999999999995	4.0573999999999995	3.7234	3.6853999999999996	3.5534	3.2114	3.4734	3.5014	3.5673999999999997	3.6174	3.5913999999999997	3.3573999999999997	3.4593999999999996	3.7034	3.4934	3.3234	3.1513999999999998	3.2954	3.5313999999999997	3.3053999999999997	3.3074	3.4753999999999996	3.3394	3.7274	3.6073999999999997	3.3474	3.5094	3.5134	3.5313999999999997	3.5254	3.6273999999999997	3.6613999999999995	3.3533999999999997	3.3034	3.3793999999999995	3.6733999999999996	5.708421052631579	5.780421052631579	6.836421052631579	2.7084210526315786	3.896421052631579	6.0804210526315785	4.808421052631579	4.5324210526315785	3.716421052631579	3.8484210526315787	4.172421052631579	2.060421052631579	2.624421052631579	3.908421052631579	2.2404210526315786	3.2844210526315787	2.060421052631579	2.4924210526315793	2.5404210526315785	2.82	4.25	2.95	2.87	3.07	4.1	4.14	4.61	4.31	5.24	6.09	4.22	2.99	3.06	2.36	2.42	3.88	3.42	3.93	4.44	5.22	3.12	2.56	3.97	6.43	4.72	4.0	1.3400000000000003	2.51	2.27	2.71	3.41	3.94	3.93	3.79	3.48	2.33	2.88	3.96	3.63	3.31	3.72	3.37	2.78	2.55	3.28	2.88	1.61	3.5181395348837206	3.38813953488372	3.36813953488372	3.4141395348837205	3.6041395348837204	3.5561395348837204	3.5001395348837203	3.3661395348837204	3.5141395348837206	3.4841395348837203	3.4621395348837205	3.59813953488372	3.6521395348837205	3.6901395348837203	3.3541395348837204	3.5381395348837206	3.30013953488372	3.6521395348837205	3.38013953488372	3.4001395348837202	3.35613953488372	3.2961395348837206	3.13013953488372	3.2061395348837203	3.39213953488372	3.1681395348837205	3.38013953488372	3.2661395348837203	3.4421395348837205	3.4241395348837202	3.4301395348837205	3.6361395348837204	3.9181395348837205	3.5461395348837206	3.7301395348837203	3.5681395348837204	3.5201395348837203	3.59013953488372	3.8181395348837204	3.61813953488372	3.5421395348837206	3.7801395348837206	3.9001395348837202	3.6033999999999997	3.8953999999999995	3.7733999999999996	3.1914	3.6213999999999995	4.0573999999999995	3.7234	3.6853999999999996	3.5534	3.2114	3.4734	3.5014	3.5673999999999997	3.6174	3.5913999999999997	3.3573999999999997	3.4593999999999996	3.7034	3.4934	3.3234	3.1513999999999998	3.2954	3.5313999999999997	3.3053999999999997	3.3074	3.4753999999999996	3.3394	3.7274	3.6073999999999997	3.3474	3.5094	3.5134	3.5313999999999997	3.5254	3.6273999999999997	3.6613999999999995	3.3533999999999997	3.3034	3.3793999999999995	3.6733999999999996	5.708421052631579	5.780421052631579	6.836421052631579	2.7084210526315786	3.896421052631579	6.0804210526315785	4.808421052631579	4.5324210526315785	3.716421052631579	3.8484210526315787	4.172421052631579	2.060421052631579	2.624421052631579	3.908421052631579	2.2404210526315786	3.2844210526315787	2.060421052631579	2.4924210526315793	2.5404210526315785	2.82	4.25	2.95	2.87	3.07
1.0	2.0	3.0	4.0	5.0	6.0	7.0	8.0	9.0	10.0	11.0	12.0	13.0	14.0	15.0	16.0	17.0	18.0	19.0	20.0	21.0	22.0	23.0	24.0	25.0	26.0	27.0	28.0	29.0	30.0	31.0	32.0	33.0	34.0	35.0	36.0	37.0	38.0	39.0	40.0	41.0	42.0	43.0	44.0	45.0	46.0	47.0	48.0	49.0	50.0	51.0	52.0	53.0	54.0	55.0	56.0	57.0	58.0	59.0	60.0	61.0	62.0	63.0	64.0	65.0	66.0	67.0	68.0	69.0	70.0	71.0	72.0	73.0	74.0	75.0	76.0	77.0	78.0	79.0	80.0	81.0	82.0	83.0	84.0	85.0	86.0	87.0	88.0	89.0	90.0	91.0	92.0	93.0	94.0	95.0	96.0	97.0	98.0	99.0	100.0	101.0	102.0	103.0	104.0	105.0	106.0	107.0	108.0	109.0	110.0	111.0	112.0	113.0	114.0	115.0	116.0	117.0	118.0	119.0	120.0	121.0	122.0	123.0	124.0	125.0	126.0	127.0	128.0	129.0	130.0	131.0	132.0	133.0	134.0	135.0	136.0	137.0	138.0	139.0	140.0	141.0	142.0	143.0	144.0	145.0	146.0	147.0	148.0	149.0	149.0	150.0	151.0	152.0	153.0	154.0	155.0	156.0	157.0	158.0	159.0	160.0	161.0	162.0	163.0	164.0	165.0	166.0	167.0	168.0	169.0	170.0	171.0	172.0	173.0	174.0	175.0	176.0	177.0	178.0	179.0	180.0	181.0	182.0	183.0	184.0	185.0	186.0	187.0	188.0	189.0	190.0	191.0	192.0	193.0	194.0	195.0	196.0	197.0	198.0	199.0	200.0	201.0	202.0	203.0	204.0	205.0	206.0	207.0	208.0	209.0	210.0	211.0	212.0	213.0	214.0	215.0	216.0	217.0	218.0	219.0	220.0	221.0	222.0	223.0	224.0	225.0	226.0	227.0	228.0	229.0	230.0	231.0	232.0	233.0	234.0	235.0	236.0	237.0	238.0	239.0	240.0	241.0	242.0	243.0	244.0	245.0	246.0	247.0	248.0	249.0	250.0	251.0	252.0	253.0	254.0	255.0	256.0	257.0	258.0	259.0	260.0	261.0	262.0	263.0	264.0	265.0	266.0	267.0	268.0	269.0	270.0	271.0	272.0	273.0	274.0	275.0	276.0	277.0	278.0	279.0	280.0	281.0	282.0	283.0	284.0	285.0	286.0	287.0	288.0	289.0	290.0	291.0	292.0	293.0	294.0	295.0	296.0	297.0	298.0	298.0	299.0	300.0	301.0	302.0
4096.87566715327
