4592.012360341242	300.0	2000.0	223.52950788961687	0	0.0	4592.012360341242	1	0	1.0	-2.086986940626585
5629.5163205605695	2000.0	1962.4960397806713	0.0	0	0.0	4592.012360341241	1	0	1.0	-0.7763161171897874
6612.205818950705	2000.0	1979.8065413905356	0.0	0	0.0	4592.012360341241	1	0	1.0	1.120803867696094
7828.278514619706	2000.0	1763.7338457215355	0.0	0	0.0	2592.012360341242	1	0	1.0	-4.221176569244069
8854.142559065158	2000.0	1737.869801276082	0.0	0	0.0	2592.0123603412403	1	0	1.0	1.7788234307559334
9661.880212342561	2000.0	1930.132147998678	0.0	0	0.0	2592.0123603412403	1	0	1.0	1.7788234307559334
10735.702084307139	2000.0	1856.310276034101	0.0	0	0.0	2592.012360341241	1	0	1.0	1.7788234307559334
12047.260419250102	2000.0	1544.7519410911382	0.0	0	0.0	2592.012360341243	1	0	1.0	1.7788234307559332
13289.514131295513	2000.0	1302.4982290457262	0.0	0	0.0	2592.012360341241	1	0	1.0	1.7788234307559334
14444.801754402975	2000.0	1147.210605938264	0.0	0	0.0	2592.012360341241	1	0	1.0	1.7788234307559334
15146.278589835843	2000.0	1445.733770505395	0.0	0	0.0	2592.012360341241	1	0	1.0	1.7788234307559334
16455.468614151854	2000.0	1136.5437461893866	0.0	0	0.0	2592.012360341243	1	0	1.0	1.7788234307559332
17172.971010106412	2000.0	1419.0413502348274	0.0	0	0.0	2592.012360341241	1	0	1.0	1.7788234307559334
17677.736259020745	2000.0	1914.2761013204968	0.0	0	0.0	2592.0123603412467	1	0	1.0	1.778823430755933
18200.0	2000.0	2392.0123603412444	0.0	0	79.34250598937433	2592.0123603412467	1	0	1.0	1.7788234307559325
19407.470222301963	3000.0	2184.5421380392795	0.0	0	0.0	2592.0123603412467	1	0	1.0	1.7788234307559327
20416.126634529668	3000.0	2175.885725811573	0.0	0	0.0	2592.0123603412467	1	0	1.0	2.1842885388640974
21508.706151795574	3000.0	2083.306208545665	0.0	0	0.0	2592.0123603412467	1	0	1.0	2.1842885388640974
22200.0	2000.0	2392.012360341237	0.0	0	26.945642051829054	2592.012360341243	1	0	1.0	1.3733583226477686
23664.666007991054	3000.0	1927.3463523501832	0.0	0	0.0	2592.012360341243	1	0	1.0	1.7788234307559332
24774.42726338372	2000.0	1817.585096957514	0.0	0	0.0	2592.012360341243	1	0	1.0	1.3733583226477686
26038.79274395526	2000.0	1553.219616385974	0.0	0	0.0	2592.0123603412394	1	0	1.0	1.7788234307559334
26869.619821046253	2000.0	1722.3925392949775	0.0	0	0.0	2592.0123603412394	1	0	1.0	1.7788234307559334
28050.300424755267	2000.0	1541.7119355859643	0.0	0	0.0	2592.0123603412394	1	0	1.0	1.7788234307559334
29083.61318728755	2000.0	1508.3991730536818	0.0	0	0.0	2592.0123603412394	1	0	1.0	1.7788234307559334
29916.643697001156	2000.0	1675.3686633400773	0.0	0	0.0	2592.012360341243	1	0	1.0	1.7788234307559332
30912.276905937004	2000.0	1679.7354544042312	0.0	0	0.0	2592.012360341243	1	0	1.0	1.7788234307559332
31664.47266566834	2000.0	1927.5396946728958	0.0	0	0.0	2592.0123603412467	1	0	1.0	1.7788234307559325
32785.42030776343	2000.0	1806.5920525778126	0.0	0	0.0	2592.0123603412467	1	0	1.0	1.7788234307559325
33761.54195978582	2000.0	1830.4704005554233	0.0	0	0.0	2592.0123603412467	1	0	1.0	1.7788234307559325
35237.624527110835	2000.0	1354.3878332304073	0.0	0	0.0	2592.0123603412467	1	0	1.0	1.778823430755933
36464.77275527175	2000.0	1127.239605069487	0.0	0	0.0	2592.012360341243	1	0	1.0	1.7788234307559332
37235.81276265183	2000.0	1356.1995976894034	0.0	0	0.0	2592.012360341243	1	0	1.0	1.7788234307559332
38089.181238229176	2000.0	1502.8311221120623	0.0	0	0.0	2592.012360341243	1	0	1.0	1.7788234307559332
38676.25830372922	2000.0	1915.7540566120213	0.0	0	0.0	2592.012360341243	1	0	1.0	1.7788234307559332
39397.75614479967	2000.0	2194.256215541575	0.0	0	0.0	2592.012360341243	1	0	1.0	1.7788234307559332
40200.0	2000.0	2392.012360341246	0.0	0	189.0148539285001	2592.012360341243	1	0	1.0	1.7788234307559332
41200.0	3000.0	2392.012360341241	0.0	0	107.98360076717654	2592.012360341243	1	0	1.0	1.7788234307559332
42350.69027462543	3000.0	2241.3220857158103	0.0	0	0.0	2592.012360341243	1	0	1.0	2.184288538864098
43549.96395708513	3000.0	2042.0484032561192	0.0	0	0.0	2592.012360341243	1	0	1.0	2.184288538864098
45307.316474042476	3000.0	1284.6958862987694	0.0	0	0.0	2592.012360341243	1	0	1.0	2.184288538864098
46139.849776112285	2000.0	1452.162584228961	0.0	0	0.0	2592.012360341243	1	0	1.0	1.3733583226477686
47402.705115999066	2000.0	1189.3072443421838	0.0	0	0.0	2592.012360341243	1	0	1.0	1.7788234307559332
48316.79998026061	2000.0	1275.2123800806453	0.0	0	0.0	2592.0123603412503	1	0	1.0	1.7788234307559327
49368.633212760404	2000.0	1223.3791475808466	0.0	0	0.0	2592.0123603412503	1	0	1.0	1.7788234307559323
50309.35448033083	2000.0	1282.657880010419	0.0	0	0.0	2592.0123603412503	1	0	1.0	1.7788234307559323
51262.888912158225	2000.0	1329.1234481830297	0.0	0	0.0	2592.0123603412576	1	0	1.0	1.7788234307559312
52097.1772563418	2000.0	1494.8351039994554	0.0	0	0.0	2592.0123603412576	1	0	1.0	1.7788234307559312
52966.104133513574	2000.0	1625.9082268276827	0.0	0	0.0	2592.0123603412576	1	0	1.0	1.7788234307559312
53590.30834757221	2000.0	2001.704012769051	0.0	0	0.0	2592.0123603412576	1	0	1.0	1.7788234307559312
54584.05524870418	2000.0	2007.9571116370785	0.0	0	0.0	2592.0123603412576	1	0	1.0	1.7788234307559312
55269.99997341688	2000.0	2322.012386924382	0.0	0	0.0	2592.0123603412576	1	0	1.0	1.7788234307559312
56200.0	2000.0	2392.0123603412735	0.0	0	110.87412612293701	2592.0123603412576	1	0	1.0	1.7788234307559312
57261.62364022017	2000.0	2330.3887201211105	0.0	0	0.0	2592.012360341265	1	0	1.0	1.7788234307559303
58200.0	2000.0	2392.012360341286	0.0	0	107.22222547051206	2592.012360341265	1	0	1.0	1.7788234307559303
59227.33424537286	2000.0	2364.6781149684266	0.0	0	0.0	2592.012360341265	1	0	1.0	1.7788234307559303
60245.3227341294	2000.0	2346.6896262119026	0.0	0	0.0	2592.012360341265	1	0	1.0	1.7788234307559303
61200.0	2000.0	2392.012360341301	0.0	0	300.841774234279	2592.012360341265	1	0	1.0	1.7788234307559303
62200.0	2000.0	2392.012360341305	0.0	0	53.4300954779319	2592.012360341265	1	0	1.0	1.7788234307559303
63344.7763502227	2000.0	2247.2360101186014	0.0	0	0.0	2592.0123603412794	1	0	1.0	1.7788234307559292
64336.44469261294	2000.0	2255.5676677283695	0.0	0	0.0	2592.0123603412794	1	0	1.0	1.7788234307559287
65243.08984678762	2000.0	2348.9225135536885	0.0	0	0.0	2592.0123603412867	1	0	1.0	1.7788234307559274
66200.0	2000.0	2392.012360341306	0.0	0	127.83237299315806	2592.0123603412867	1	0	1.0	1.7788234307559274
67369.25761855647	2000.0	2222.754741784825	0.0	0	0.0	2592.012360341272	1	0	1.0	1.7788234307559287
68220.77457158627	2000.0	2371.237788755017	0.0	0	0.0	2592.012360341265	1	0	1.0	1.7788234307559296
69200.0	2000.0	2392.01236034129	0.0	0	324.52183018650976	2592.012360341265	1	0	1.0	1.7788234307559303
70200.0	2000.0	2392.0123603412817	0.0	0	65.54617314680945	2592.0123603412503	1	0	1.0	1.7788234307559323
71200.0	2000.0	2392.0123603412817	0.0	0	144.80409866358968	2592.0123603412503	1	0	1.0	1.7788234307559323
72200.0	2000.0	2392.012360341285	0.0	0	165.53596512271906	2592.0123603412503	1	0	1.0	1.7788234307559323
73346.86955738072	2000.0	2245.1428029605563	0.0	0	0.0	2592.0123603412503	1	0	1.0	1.7788234307559323
74436.54377795459	2000.0	2155.468582386692	0.0	0	0.0	2592.0123603412503	1	0	1.0	1.7788234307559323
75200.0	2000.0	2392.0123603412717	0.0	0	43.451632834010525	2592.0123603412503	1	0	1.0	1.7788234307559323
76200.0	2000.0	2392.0123603412603	0.0	0	373.5110766857688	2592.0123603412503	1	0	1.0	1.7788234307559323
77200.0	2000.0	2392.0123603412635	0.0	0	107.4762802580226	2592.0123603412503	1	0	1.0	1.7788234307559323
78200.0	2000.0	2392.012360341258	0.0	0	11.871360750374151	2592.012360341265	1	0	1.0	1.7788234307559303
79200.0	2000.0	2392.0123603412485	0.0	0	313.7254858395463	2592.0123603412503	1	0	1.0	1.7788234307559323
80200.0	2000.0	2392.012360341263	0.0	0	349.09308701330156	2592.012360341265	1	0	1.0	1.7788234307559303
81366.64739727428	2000.0	2225.3649630669815	0.0	0	0.0	2592.0123603412794	1	0	1.0	1.7788234307559287
82570.35731517113	2000.0	2021.6550451701248	0.0	0	0.0	2592.0123603412794	1	0	1.0	1.7788234307559287
83707.74584478448	2000.0	1884.266515556756	0.0	0	0.0	2592.0123603412794	1	0	1.0	1.7788234307559287
84785.86155532581	2000.0	1806.1508050154355	0.0	0	0.0	2592.0123603412794	1	0	1.0	1.7788234307559287
85796.80942442572	2000.0	1795.2029359155122	0.0	0	0.0	2592.0123603412794	1	0	1.0	1.7788234307559287
86521.04737781474	2000.0	2070.9649825264914	0.0	0	0.0	2592.012360341265	1	0	1.0	1.7788234307559303
87476.90286136487	2000.0	2115.1094989763697	0.0	0	0.0	2592.012360341265	1	0	1.0	1.7788234307559303
88569.08568324725	2000.0	2022.9266770939812	0.0	0	0.0	2592.0123603412794	1	0	1.0	1.7788234307559287
89222.58160270411	2000.0	2369.4307576371157	0.0	0	0.0	2592.0123603412794	1	0	1.0	1.7788234307559287
90200.0	2000.0	2392.0123603412467	0.0	0	269.93992292882467	2592.0123603412794	1	0	1.0	1.7788234307559287
91200.0	2000.0	2392.0123603412503	0.0	0	102.74530745619268	2592.0123603412794	1	0	1.0	1.7788234307559287
92393.98367249091	2000.0	2198.0286878503393	0.0	0	0.0	2592.0123603412794	1	0	1.0	1.7788234307559287
93291.02959368916	2000.0	2300.9827666520764	0.0	0	0.0	2592.0123603412794	1	0	1.0	1.7788234307559287
94200.0	2000.0	2392.012360341255	0.0	0	49.09687230731652	2592.012360341294	1	0	1.0	1.7788234307559267
95293.87787549882	2000.0	2298.1344848424255	0.0	0	0.0	2592.012360341294	1	0	1.0	1.7788234307559267
96280.5750185631	2000.0	2311.4373417781385	0.0	0	0.0	2592.012360341294	1	0	1.0	1.7788234307559267
97200.0	2000.0	2392.0123603412376	0.0	0	225.1719551654096	2592.012360341294	1	0	1.0	1.7788234307559267
98200.0	2000.0	2392.012360341237	0.0	0	248.88146629375115	2592.012360341294	1	0	1.0	1.7788234307559267
99568.40957409075	2000.0	2023.6027862504925	0.0	0	0.0	2592.012360341294	1	0	1.0	1.7788234307559267
100491.52906083842	2000.0	2100.4832995028364	0.0	0	0.0	2592.012360341294	1	0	1.0	1.7788234307559267
101617.64677017277	2000.0	1974.3655901684926	0.0	0	0.0	2592.012360341294	1	0	1.0	1.7788234307559267
102808.53239141926	2000.0	1783.4799689219883	0.0	0	0.0	2592.0123603412794	1	0	1.0	1.7788234307559287
103656.82914581636	2000.0	1935.183214524864	0.0	0	0.0	2592.012360341265	1	0	1.0	1.7788234307559292
104999.50149978754	2000.0	1592.510860553668	0.0	0	0.0	2592.012360341265	1	0	1.0	1.7788234307559303
105895.25295502544	2000.0	1696.7594053157559	0.0	0	0.0	2592.0123603412503	1	0	1.0	1.7788234307559323
106702.91184741192	2000.0	1889.1005129292744	0.0	0	0.0	2592.0123603412503	1	0	1.0	1.7788234307559323
107958.93169807301	2000.0	1633.0806622681891	0.0	0	0.0	2592.012360341265	1	0	1.0	1.7788234307559303
109138.81599330512	2000.0	1453.1963670360628	0.0	0	0.0	2592.012360341265	1	0	1.0	1.7788234307559303
110155.9516802023	2000.0	1436.060680138877	0.0	0	0.0	2592.012360341265	1	0	1.0	1.7788234307559303
111151.74810003379	2000.0	1440.2642603073932	0.0	0	0.0	2592.012360341265	1	0	1.0	1.7788234307559303
112279.92406069915	2000.0	1312.088299642013	0.0	0	0.0	2592.012360341265	1	0	1.0	1.7788234307559303
113189.0513928456	2000.0	1402.9609674955527	0.0	0	0.0	2592.012360341265	1	0	1.0	1.7788234307559303
113934.99042102805	2000.0	1657.0219393131	0.0	0	0.0	2592.012360341265	1	0	1.0	1.7788234307559303
115089.95423042208	2000.0	1502.0581299190683	0.0	0	0.0	2592.0123603412794	1	0	1.0	1.7788234307559287
115929.26302109368	2000.0	1662.7493392474728	0.0	0	0.0	2592.0123603412794	1	0	1.0	1.7788234307559287
116811.81349088885	2000.0	1780.1988694523102	0.0	0	0.0	2592.0123603412794	1	0	1.0	1.7788234307559287
117850.89459262749	2000.0	1741.1177677136639	0.0	0	0.0	2592.0123603412794	1	0	1.0	1.7788234307559287
118811.330698161	2000.0	1780.6816621801556	0.0	0	0.0	2592.0123603412794	1	0	1.0	1.7788234307559287
119980.8769475194	2000.0	1611.1354128217308	0.0	0	0.0	2592.0123603412794	1	0	1.0	1.7788234307559287
120837.78748646256	2000.0	1754.2248738785756	0.0	0	0.0	2592.012360341294	1	0	1.0	1.7788234307559267
121629.34613301558	2000.0	1962.6662273255665	0.0	0	0.0	2592.012360341294	1	0	1.0	1.7788234307559267
122894.88967859057	2000.0	1697.1226817505876	0.0	0	0.0	2592.012360341294	1	0	1.0	1.7788234307559267
123892.44798921894	2000.0	1699.5643711222203	0.0	0	0.0	2592.012360341294	1	0	1.0	1.7788234307559267
124716.25245537283	2000.0	1875.7599049683295	0.0	0	0.0	2592.0123603412794	1	0	1.0	1.7788234307559287
125952.92365402129	2000.0	1639.0887063198747	0.0	0	0.0	2592.0123603412794	1	0	1.0	1.7788234307559287
126830.41363177577	2000.0	1761.5987285654028	0.0	0	0.0	2592.0123603412794	1	0	1.0	1.7788234307559287
128241.97321708463	2000.0	1350.0391432565505	0.0	0	0.0	2592.0123603412794	1	0	1.0	1.7788234307559287
129289.24680328608	2000.0	1302.7655570551	0.0	0	0.0	2592.012360341294	1	0	1.0	1.7788234307559267
130487.15910097427	2000.0	1104.8532593669054	0.0	0	0.0	2592.012360341294	1	0	1.0	1.7788234307559267
131691.0867213628	2000.0	900.925638978371	0.0	0	0.0	2592.012360341294	1	0	1.0	1.778823430755926
132606.15588281598	2000.0	985.8564775252373	0.0	0	0.0	2592.012360341352	1	0	1.0	1.7788234307559216
133499.54562423017	2000.0	1092.4667361110246	0.0	0	0.0	2592.012360341323	1	0	1.0	1.7788234307559212
134335.97646435254	2000.0	1256.0358959886444	0.0	0	0.0	2592.012360341323	1	0	1.0	1.778823430755923
135270.36978416485	2000.0	1321.6425761763517	0.0	0	0.0	2592.012360341294	1	0	1.0	1.7788234307559267
136461.67054905658	2000.0	1130.341811284608	0.0	0	0.0	2592.012360341294	1	0	1.0	1.7788234307559267
137578.87794422611	2000.0	1013.1344161150528	0.0	0	0.0	2592.012360341294	1	0	1.0	1.7788234307559267
138474.4149177183	2000.0	1117.597442622847	0.0	0	0.0	2592.012360341265	1	0	1.0	1.7788234307559303
139494.74728934586	2000.0	1097.2650709952802	0.0	0	0.0	2592.012360341294	1	0	1.0	1.7788234307559267
140648.08242848323	2000.0	943.9299318578657	0.0	0	0.0	2592.012360341294	1	0	1.0	1.7788234307559267
141500.33700747308	2000.0	1091.6753528680304	0.0	0	0.0	2592.012360341294	1	0	1.0	1.7788234307559267
142839.33154804012	2000.0	752.6808123009815	0.0	0	0.0	2592.012360341294	1	0	1.0	1.7788234307559267
143996.38158686174	2000.0	595.6307734793459	0.0	0	0.0	2592.012360341294	1	0	1.0	1.7788234307559267
145194.3430053082	2000.0	397.6693550328521	0.0	0	0.0	2592.012360341294	1	0	1.0	1.7788234307559267
146062.76274215188	2000.0	553.058971031041	23.809352841870407	0	0.0	2615.8217131831625	1	0	1.0	1.6329799280958854
147350.19143138416	2000.0	299.5285953926938	33.8983135938787	0	0.0	2649.7200267770386	1	0	1.0	1.568076606855649
148098.35636159166	1000.0	609.1644547964386	57.80078961128709	0	0.0	2707.520816388307	1	0	1.0	0.030590976235736422
148622.3204615412	1000.0	1085.2003548468654	0.0	0	0.0	2707.520816388307	1	0	1.0	1.0705428944634041
149552.77395118834	2000.0	1154.7468651997215	0.0	0	0.0	2707.520816388307	1	0	1.0	1.070542894463404
150593.8286865935	2000.0	1113.6921297945696	0.0	0	0.0	2707.520816388278	1	0	1.0	1.7636900750233533
151517.60931520138	2000.0	1189.9115011867077	0.0	0	0.0	2707.520816388278	1	0	1.0	1.7636900750233533
152769.3042818574	2000.0	938.2165345306837	0.0	0	0.0	2707.520816388278	1	0	1.0	1.7636900750233533
154167.8929960771	2000.0	539.62782031096	0.0	0	0.0	2707.520816388278	1	0	1.0	1.7636900750233533
155575.77333212484	2000.0	381.89964201139946	250.15215774818097	0	0.0	2957.6729741364543	1	0	1.0	0.22446531687476434
156551.54866670063	2000.0	469.14760033795187	63.02329290235838	0	0.0	3020.6962670388166	1	0	1.0	1.335392048716158
157594.6908956328	2000.0	495.52679395887026	69.52142255311429	0	0.0	3090.2176895919256	1	0	1.0	1.2831935355087318
158791.63609310705	2000.0	428.09958567016986	129.51798918553072	0	0.0	3219.735678777215	1	0	1.0	0.8963024665381905
160022.30709193303	2000.0	340.2137388607913	142.7851520166045	0	0.0	3362.52083079383	1	0	1.0	0.7832398434384575
160816.62145226658	2000.0	615.93627721457	70.03689868733883	0	0.0	3432.5577294811665	1	0	1.0	1.201735478565194
161863.23007237713	2000.0	569.3276571040492	0.0	0	0.0	3432.5577294811665	1	0	1.0	1.621956870689227
163032.78438971902	2000.0	399.7733397621768	0.0	0	0.0	3432.5577294811956	1	0	1.0	1.6219568706892193
163839.3901541278	2000.0	619.1044403934209	25.936865039981342	0	0.0	3458.4945945211803	1	0	1.0	1.459392340860635
165231.82066736583	2000.0	226.6739271553442	0.0	0	0.0	3458.4945945212094	1	0	1.0	1.6150135311005154
166222.1029828655	2000.0	492.5223520122274	256.1307403565461	0	0.0	3714.6253348777536	1	0	1.0	0.0008600755530896453
166696.05497117262	2000.0	1018.5703637050958	0.0	0	0.0	3714.6253348777536	1	0	1.0	1.5376445176923665
167330.30424430626	2000.0	1384.3210905714654	0.0	0	0.0	3714.6253348777827	1	0	1.0	1.5376445176923568
168230.92902018587	2000.0	1483.6963146918297	0.0	0	0.0	3714.6253348777827	1	0	1.0	1.5376445176923568
169173.8321401905	2000.0	1540.793194687197	0.0	0	0.0	3714.6253348777827	1	0	1.0	1.5376445176923568
169907.00058135245	2000.0	1807.6247535252417	0.0	0	0.0	3714.6253348777827	1	0	1.0	1.5376445176923568
170935.30952292107	2000.0	1779.3158119566226	0.0	0	0.0	3714.6253348777827	1	0	1.0	1.5376445176923568
171822.65643743842	2000.0	1891.9688974392886	0.0	0	0.0	3714.6253348777827	1	0	1.0	1.5376445176923568
172618.60580468233	2000.0	2096.0195301953927	0.0	0	0.0	3714.6253348777827	1	0	1.0	1.5376445176923568
173835.5955848897	2000.0	1879.0297499880594	0.0	0	0.0	3714.625334877812	1	0	1.0	1.537644517692349
174828.2996327144	2000.0	1886.3257021633656	0.0	0	0.0	3714.625334877812	1	0	1.0	1.537644517692347
175654.44220538132	2000.0	2060.183129496462	0.0	0	0.0	3714.625334877841	1	0	1.0	1.5376445176923372
176435.14100272505	2000.0	2279.4843321527674	0.0	0	0.0	3714.625334877841	1	0	1.0	1.5376445176923372
177322.95483294682	2000.0	2391.6705019310057	0.0	0	0.0	3714.625334877841	1	0	1.0	1.5376445176923372
178802.8707802975	2000.0	1911.7545545803232	0.0	0	0.0	3714.625334877812	1	0	1.0	1.537644517692353
179622.8608938429	2000.0	2091.764441034904	0.0	0	0.0	3714.625334877812	1	0	1.0	1.537644517692347
180576.00179289602	2000.0	2138.6235419817976	0.0	0	0.0	3714.625334877841	1	0	1.0	1.5376445176923372
181582.4722706115	2000.0	2132.1530642662983	0.0	0	0.0	3714.625334877841	1	0	1.0	1.5376445176923372
183003.7586913626	2000.0	1710.8666435151836	0.0	0	0.0	3714.625334877812	1	0	1.0	1.537644517692347
184901.11645845312	2000.0	813.5088764246495	0.0	0	0.0	3714.625334877812	1	0	1.0	1.537644517692349
185857.54207753766	2000.0	857.083257340103	0.0	0	0.0	3714.625334877812	1	0	1.0	1.537644517692347
186644.967566271	2000.0	1069.657768606753	0.0	0	0.0	3714.625334877841	1	0	1.0	1.5376445176923372
187369.46387677925	2000.0	1345.1614580985322	0.0	0	0.0	3714.625334877841	1	0	1.0	1.5376445176923372
188034.51397094145	2000.0	1680.1113639363252	0.0	0	0.0	3714.625334877841	1	0	1.0	1.5376445176923372
188729.5335913828	2000.0	1985.0917434949652	0.0	0	0.0	3714.625334877812	1	0	1.0	1.537644517692347
189313.51451193978	2000.0	2401.1108229379806	0.0	0	0.0	3714.6253348777827	1	0	1.0	1.537644517692351
190548.40814147002	3000.0	2166.2171934077596	0.0	0	0.0	3714.6253348777536	1	0	1.0	1.5376445176923665
191965.499329493	3000.0	1749.1260053847843	0.0	0	0.0	3714.625334877812	1	0	1.0	1.9431096258005138
193022.46486224406	2000.0	1692.160472633747	0.0	0	0.0	3714.625334877812	1	0	1.0	1.1321794095841824
194010.18135825958	2000.0	1704.443976618211	0.0	0	0.0	3714.625334877841	1	0	1.0	1.5376445176923372
194700.01939135115	2000.0	2014.6059435266197	0.0	0	0.0	3714.625334877841	1	0	1.0	1.5376445176923372
196049.8298650976	2000.0	1664.7954697802024	0.0	0	0.0	3714.625334877841	1	0	1.0	1.5376445176923372
196839.3676201166	2000.0	1875.2577147612028	0.0	0	0.0	3714.625334877841	1	0	1.0	1.5376445176923372
197474.57626987796	2000.0	2240.049064999835	0.0	0	0.0	3714.625334877841	1	0	1.0	1.5376445176923372
198372.10964796285	2000.0	2342.5156869149564	0.0	0	0.0	3714.625334877841	1	0	1.0	1.5376445176923372
199191.06863524107	2000.0	2523.556699636721	0.0	0	0.0	3714.625334877841	1	0	1.0	1.5376445176923372
199965.4448220754	2000.0	2749.1805128024034	0.0	0	0.0	3714.625334877841	1	0	1.0	1.5376445176923372
200798.5877318587	2000.0	2916.037603019105	0.0	0	0.0	3714.625334877812	1	0	1.0	1.537644517692347
201436.81327911493	2000.0	3277.8120557628663	0.0	0	0.0	3714.625334877812	1	0	1.0	1.537644517692347
202645.24706647437	3000.0	3069.378268403416	0.0	0	0.0	3714.6253348777827	1	0	1.0	1.5376445176923528
203810.4898955351	3000.0	2904.1354393426823	0.0	0	0.0	3714.6253348777827	1	0	1.0	1.9431096258005214
204871.8710292796	3000.0	2842.75430559817	0.0	0	0.0	3714.6253348777827	1	0	1.0	1.9431096258005214
205955.1443876179	3000.0	2759.480947259848	0.0	0	0.0	3714.6253348777827	1	0	1.0	1.9431096258005214
207417.80609785396	3000.0	2296.8192370238335	0.0	0	0.0	3714.6253348777827	1	0	1.0	1.9431096258005214
208775.36968914638	3000.0	1939.2556457314274	0.0	0	0.0	3714.6253348777536	1	0	1.0	1.9431096258005291
209860.0116078404	2000.0	1854.6137270373893	0.0	0	0.0	3714.6253348777827	1	0	1.0	1.1321794095841922
210591.26856013507	2000.0	2123.3567747427533	0.0	0	0.0	3714.6253348777827	1	0	1.0	1.5376445176923568
211705.10416008136	2000.0	2009.5211747964916	0.0	0	0.0	3714.6253348777827	1	0	1.0	1.5376445176923568
212431.60806116604	2000.0	2283.0172737117905	0.0	0	0.0	3714.6253348777827	1	0	1.0	1.5376445176923568
213493.09001300507	2000.0	2221.535321872767	0.0	0	0.0	3714.6253348777827	1	0	1.0	1.5376445176923568
214487.72115720488	2000.0	2226.9041776729505	0.0	0	0.0	3714.6253348777827	1	0	1.0	1.5376445176923568
215552.54944501535	2000.0	2162.075889862506	0.0	0	0.0	3714.625334877812	1	0	1.0	1.537644517692351
216710.3329304743	2000.0	2004.2924044035171	0.0	0	0.0	3714.6253348777536	1	0	1.0	1.5376445176923643
217377.03397939852	2000.0	2337.591355479326	0.0	0	0.0	3714.6253348777827	1	0	1.0	1.5376445176923608
218173.35986931607	2000.0	2541.26546556179	0.0	0	0.0	3714.6253348777827	1	0	1.0	1.5376445176923568
219211.16778468507	2000.0	2503.4575501928202	0.0	0	0.0	3714.6253348777827	1	0	1.0	1.5376445176923568
219881.4704223061	2000.0	2833.1549125718157	0.0	0	0.0	3714.625334877812	1	0	1.0	1.537644517692347
221411.6289284249	3000.0	2302.996406453003	0.0	0	0.0	3714.625334877841	1	0	1.0	1.5376445176923432
222486.86141740618	2000.0	2227.7639174717197	0.0	0	0.0	3714.625334877841	1	0	1.0	1.1321794095841726
223113.12353166868	2000.0	2601.5018032092057	0.0	0	0.0	3714.625334877841	1	0	1.0	1.5376445176923372
224583.4676156532	3000.0	2131.1577192246687	0.0	0	0.0	3714.625334877841	1	0	1.0	1.5376445176923375
225308.61003529042	2000.0	2406.015299587472	0.0	0	0.0	3714.625334877841	1	0	1.0	1.1321794095841726
226258.6041334537	2000.0	2456.021201424191	0.0	0	0.0	3714.625334877841	1	0	1.0	1.5376445176923372
227151.19829400303	2000.0	2563.4270408748316	0.0	0	0.0	3714.625334877841	1	0	1.0	1.5376445176923372
227990.3198760864	2000.0	2724.3054587914603	0.0	0	0.0	3714.625334877841	1	0	1.0	1.5376445176923372
228687.26623976318	2000.0	3027.3590951146716	0.0	0	0.0	3714.625334877841	1	0	1.0	1.5376445176923372
230259.9305693912	3000.0	2454.6947654866613	0.0	0	0.0	3714.625334877899	1	0	1.0	1.5376445176923255
231265.13395025913	2000.0	2449.4913846187183	0.0	0	0.0	3714.625334877899	1	0	1.0	1.132179409584153
232196.0751465532	2000.0	2518.5501883246566	0.0	0	0.0	3714.625334877899	1	0	1.0	1.5376445176923177
232877.61643555842	2000.0	2837.0088993194404	0.0	0	0.0	3714.625334877899	1	0	1.0	1.5376445176923177
233986.5381083283	2000.0	2728.0872265495623	0.0	0	0.0	3714.625334877899	1	0	1.0	1.5376445176923177
235047.4679208589	2000.0	2667.157414018935	0.0	0	0.0	3714.625334877899	1	0	1.0	1.5376445176923177
235655.76513655455	2000.0	3058.8601983232934	0.0	0	0.0	3714.625334877899	1	0	1.0	1.5376445176923177
237213.8890922133	3000.0	2500.7362426645436	0.0	0	0.0	3714.6253348779283	1	0	1.0	1.537644517692308
238781.80290940256	3000.0	1932.8224254753181	0.0	0	0.0	3714.6253348779283	1	0	1.0	1.9431096258004725
239665.57719508634	2000.0	2049.048139791562	0.0	0	0.0	3714.6253348779574	1	0	1.0	1.1321794095841335
240545.61515057486	2000.0	2169.010184303076	0.0	0	0.0	3714.6253348779574	1	0	1.0	1.5376445176922982
241322.12574676948	2000.0	2392.4995881084224	0.0	0	0.0	3714.6253348779574	1	0	1.0	1.5376445176922982
242174.00642832284	2000.0	2540.618906555068	0.0	0	0.0	3714.6253348779574	1	0	1.0	1.5376445176922982
243221.7716747708	2000.0	2492.8536601071078	0.0	0	0.0	3714.6253348779574	1	0	1.0	1.5376445176922982
244128.73075710252	2000.0	2585.894577775369	0.0	0	0.0	3714.6253348779283	1	0	1.0	1.537644517692308
245105.36918272867	2000.0	2609.2561521492253	0.0	0	0.0	3714.6253348779574	1	0	1.0	1.5376445176922982
245895.52479097334	2000.0	2819.100543904539	0.0	0	0.0	3714.6253348779574	1	0	1.0	1.5376445176922982
247075.36938907357	2000.0	2639.2559458043065	0.0	0	0.0	3714.6253348779283	1	0	1.0	1.537644517692308
247830.90966831468	2000.0	2883.715666563225	0.0	0	0.0	3714.6253348779283	1	0	1.0	1.537644517692308
248744.17441380263	2000.0	2970.450921075286	0.0	0	0.0	3714.6253348779574	1	0	1.0	1.5376445176922982
249798.91726474895	2000.0	2915.7080701289437	0.0	0	0.0	3714.6253348779283	1	0	1.0	1.537644517692308
250972.62367793417	2000.0	2742.0016569436857	0.0	0	0.0	3714.6253348779283	1	0	1.0	1.537644517692308
252002.4405960976	2000.0	2712.1847387802927	0.0	0	0.0	3714.6253348779283	1	0	1.0	1.537644517692308
252883.3427829109	2000.0	2831.282551966985	0.0	0	0.0	3714.6253348779283	1	0	1.0	1.537644517692308
254035.642691461	2000.0	2678.982643416899	0.0	0	0.0	3714.625334877899	1	0	1.0	1.5376445176923177
255257.56219364356	2000.0	2457.0631412343196	0.0	0	0.0	3714.625334877899	1	0	1.0	1.5376445176923097
256265.6333043694	2000.0	2448.9920305084834	0.0	0	0.0	3714.625334877899	1	0	1.0	1.5376445176923177
257157.52507132164	2000.0	2557.1002635562395	0.0	0	0.0	3714.62533487787	1	0	1.0	1.5376445176923272
258492.986353616	2000.0	2221.638981261887	0.0	0	0.0	3714.62533487787	1	0	1.0	1.5376445176923272
259760.27504744634	2000.0	1954.3502874315295	0.0	0	0.0	3714.62533487787	1	0	1.0	1.5376445176923272
260619.1621229154	2000.0	2095.4632119624466	0.0	0	0.0	3714.62533487787	1	0	1.0	1.5376445176923272
261825.28303378067	2000.0	1889.3423010971924	0.0	0	0.0	3714.62533487787	1	0	1.0	1.5376445176923272
262586.8847816495	2000.0	2127.740553228371	0.0	0	0.0	3714.6253348779283	1	0	1.0	1.53764451769231
263842.66080358677	2000.0	1871.9645312911289	0.0	0	0.0	3714.6253348779283	1	0	1.0	1.5376445176923117
265254.4426431184	2000.0	1460.1826917595545	0.0	0	0.0	3714.6253348780156	1	0	1.0	1.5376445176922884
266319.40754635935	2000.0	1395.2177885186434	0.0	0	0.0	3714.6253348779865	1	0	1.0	1.5376445176922864
267368.9158503361	2000.0	1345.7094845419108	0.0	0	0.0	3714.6253348779865	1	0	1.0	1.5376445176922884
268589.3453456094	2000.0	1125.279989268588	0.0	0	0.0	3714.6253348779865	1	0	1.0	1.5376445176922884
269483.4291688451	2000.0	1231.196166032833	0.0	0	0.0	3714.6253348779283	1	0	1.0	1.537644517692308
270442.0114258584	2000.0	1272.6139090195431	0.0	0	0.0	3714.6253348779865	1	0	1.0	1.5376445176923
271531.375647789	2000.0	1183.2496870889395	0.0	0	0.0	3714.6253348779865	1	0	1.0	1.5376445176922884
272447.9161277611	2000.0	1266.7092071167683	0.0	0	0.0	3714.6253348779283	1	0	1.0	1.537644517692308
273644.43641419016	2000.0	1070.1889206876626	0.0	0	0.0	3714.6253348779283	1	0	1.0	1.537644517692308
274378.59021125385	2000.0	1336.0351236239799	0.0	0	0.0	3714.6253348779865	1	0	1.0	1.5376445176922884
275465.1777409797	2000.0	1249.4475938981564	0.0	0	0.0	3714.6253348779865	1	0	1.0	1.5376445176922884
276378.0446080436	2000.0	1336.580726834256	0.0	0	0.0	3714.6253348779865	1	0	1.0	1.5376445176922884
277261.40439323976	2000.0	1453.220941638071	0.0	0	0.0	3714.6253348779283	1	0	1.0	1.5376445176922924
278235.02750396053	2000.0	1479.5978309172951	0.0	0	0.0	3714.62533487787	1	0	1.0	1.5376445176923117
279247.3634469554	2000.0	1467.26188792244	0.0	0	0.0	3714.6253348779283	1	0	1.0	1.537644517692308
280005.2319156758	2000.0	1709.3934192019967	0.0	0	0.0	3714.6253348779865	1	0	1.0	1.5376445176922884
280904.7918437575	2000.0	1809.8334911203272	0.0	0	0.0	3714.6253348779865	1	0	1.0	1.5376445176922884
281786.70136944467	2000.0	1927.9239654331093	0.0	0	0.0	3714.6253348779865	1	0	1.0	1.5376445176922884
282808.06908517703	2000.0	1906.5562497007334	0.0	0	0.0	3714.6253348779865	1	0	1.0	1.5376445176922884
283959.92272916547	2000.0	1754.7026057122566	0.0	0	0.0	3714.6253348779865	1	0	1.0	1.5376445176922884
285235.60185039847	2000.0	1479.0234844793372	0.0	0	0.0	3714.6253348779865	1	0	1.0	1.5376445176922884
286647.07397540763	2000.0	1067.5513594701376	0.0	0	0.0	3714.6253348779865	1	0	1.0	1.5376445176922884
287401.6225896333	2000.0	1313.002745244479	0.0	0	0.0	3714.6253348779865	1	0	1.0	1.5376445176922884
288158.99126421695	2000.0	1555.6340706607905	0.0	0	0.0	3714.6253348780447	1	0	1.0	1.5376445176922688
288978.99634023965	2000.0	1735.628994638054	0.0	0	0.0	3714.6253348780447	1	0	1.0	1.5376445176922688
290387.51826434786	2000.0	1327.1070705297786	0.0	0	0.0	3714.6253348779865	1	0	1.0	1.5376445176922884
291702.05239955714	2000.0	1012.5729353205334	0.0	0	0.0	3714.6253348779865	1	0	1.0	1.5376445176922884
293015.4705534958	2000.0	699.1547813817979	0.0	0	0.0	3714.6253348780447	1	0	1.0	1.5376445176922688
294283.3742295782	2000.0	431.25110529938104	0.0	0	0.0	3714.6253348779865	1	0	1.0	1.5376445176922884
295569.2503876039	2000.0	352.15636076473015	206.78141349104328	0	0.0	3921.406748369045	1	0	1.0	0.2215423146172349
297276.4821304336	2000.0	200.0	555.0753820649786	0	0.0	4476.482130433607	1	0	1.0	-2.083657623310938
298169.0692916461	2000.0	574.6705767859962	267.25773799853584	0	0.0	2743.739868432167	1	0	1.0	-5.844946305389427
298946.17140095105	2000.0	797.5684674810154	0.0	0	0.0	2743.739868432167	1	0	1.0	1.7586001226017898
299770.4065637385	2000.0	973.3333046935718	0.0	0	0.0	2743.739868432167	1	0	1.0	1.7586001226017898
300668.53343976435	2000.0	1075.2064286678046	0.0	0	0.0	2743.739868432167	1	0	1.0	1.7586001226017898
301598.1595563036	2000.0	1145.5803121284994	0.0	0	0.0	2743.739868432109	1	0	1.0	1.7586001226017978
302465.09055176325	2000.0	1278.6493166687533	0.0	0	0.0	2743.739868432167	1	0	1.0	1.7586001226017898
303375.6715077799	2000.0	1368.0683606520479	0.0	0	0.0	2743.739868432167	1	0	1.0	1.7586001226017898
304510.34589805827	2000.0	1233.3939703737524	0.0	0	0.0	2743.739868432167	1	0	1.0	1.7586001226017898
305284.24336703954	2000.0	1459.4965013924289	0.0	0	0.0	2743.739868432167	1	0	1.0	1.7586001226017962
1.843590909090909	1.5315909090909092	2.299590909090909	1.9875909090909092	2.143590909090909	2.383590909090909	1.843590909090909	2.047590909090909	2.071590909090909	2.2515909090909094	2.971590909090909	1.4835909090909092	2.347590909090909	3.715590909090909	1.7235909090909092	2.887590909090909	3.0435909090909092	2.443590909090909	2.815590909090909	2.287590909090909	1.9035909090909091	1.9155909090909091	2.0235909090909088	1.7715909090909092	1.5915909090909093	1.9875909090909092	2.0235909090909088	2.0235909090909088	1.999590909090909	1.7835909090909092	0.9795909090909092	1.5555909090909092	2.491590909090909	2.311590909090909	2.983590909090909	3.2115909090909094	3.0435909090909092	2.359590909090909	1.843590909090909	2.491590909090909	2.0355909090909092	2.887590909090909	1.339590909090909	2.39704	2.37504	2.22504	2.27304	2.43904	2.45704	2.44904	2.57304	2.60304	2.26504	2.35704	2.24304	2.38304	2.41704	2.43704	2.30104	2.32904	2.30704	2.34104	2.23704	2.38904	2.39504	2.28304	2.44704	2.27704	2.16104	2.50104	2.42904	2.47104	2.45904	2.35504	2.27704	2.38504	2.42304	2.32704	2.32904	2.35104	2.39704	2.40304	2.49904	2.29104	2.40904	2.31104	2.19104	2.21704	2.35104	2.38504	2.34304	2.26904	2.20504	2.006042553191489	1.974042553191489	1.862042553191489	1.994042553191489	1.798042553191489	2.008042553191489	1.888042553191489	2.034042553191489	2.122042553191489	2.218042553191489	1.986042553191489	1.914042553191489	1.914042553191489	1.770042553191489	1.972042553191489	2.022042553191489	2.196042553191489	2.0760425531914892	1.9620425531914891	1.932042553191489	1.744042553191489	1.970042553191489	2.210042553191489	2.148042553191489	1.998042553191489	2.106042553191489	2.030042553191489	1.9580425531914891	2.006042553191489	1.990042553191489	1.926042553191489	2.050042553191489	2.184042553191489	2.218042553191489	1.886042553191489	2.048042553191489	2.034042553191489	1.988042553191489	2.056042553191489	1.772042553191489	1.932042553191489	2.100042553191489	1.910042553191489	1.892042553191489	1.988042553191489	1.914042553191489	1.942042553191489	2.07	2.32	2.03	1.26	2.21	2.49	2.8	2.19	2.2	1.327590909090909	1.843590909090909	1.5315909090909092	2.299590909090909	1.9875909090909092	2.143590909090909	2.383590909090909	1.843590909090909	2.047590909090909	2.071590909090909	2.2515909090909094	2.971590909090909	1.4835909090909092	2.347590909090909	3.715590909090909	1.7235909090909092	2.887590909090909	3.0435909090909092	2.443590909090909	2.815590909090909	2.287590909090909	1.9035909090909091	1.9155909090909091	2.0235909090909088	1.7715909090909092	1.5915909090909093	1.9875909090909092	2.0235909090909088	2.0235909090909088	1.999590909090909	1.7835909090909092	0.9795909090909092	1.5555909090909092	2.491590909090909	2.311590909090909	2.983590909090909	3.2115909090909094	3.0435909090909092	2.359590909090909	1.843590909090909	2.491590909090909	2.0355909090909092	2.887590909090909	1.339590909090909	2.39704	2.37504	2.22504	2.27304	2.43904	2.45704	2.44904	2.57304	2.60304	2.26504	2.35704	2.24304	2.38304	2.41704	2.43704	2.30104	2.32904	2.30704	2.34104	2.23704	2.38904	2.39504	2.28304	2.44704	2.27704	2.16104	2.50104	2.42904	2.47104	2.45904	2.35504	2.27704	2.38504	2.42304	2.32704	2.32904	2.35104	2.39704	2.40304	2.49904	2.29104	2.40904	2.31104	2.19104	2.21704	2.35104	2.38504	2.34304	2.26904	2.20504	2.006042553191489	1.974042553191489	1.862042553191489	1.994042553191489	1.798042553191489	2.008042553191489	1.888042553191489	2.034042553191489	2.122042553191489	2.218042553191489	1.986042553191489	1.914042553191489	1.914042553191489	1.770042553191489	1.972042553191489	2.022042553191489	2.196042553191489	2.0760425531914892	1.9620425531914891	1.932042553191489	1.744042553191489	1.970042553191489	2.210042553191489	2.148042553191489	1.998042553191489	2.106042553191489	2.030042553191489	1.9580425531914891	2.006042553191489	1.990042553191489	1.926042553191489	2.050042553191489	2.184042553191489	2.218042553191489	1.886042553191489	2.048042553191489	2.034042553191489	1.988042553191489	2.056042553191489	1.772042553191489	1.932042553191489	2.100042553191489	1.910042553191489	1.892042553191489	1.988042553191489	1.914042553191489	1.942042553191489	2.07	2.32	2.03	1.26	2.21	2.49	2.8	2.19	2.2	1.327590909090909	1.843590909090909	1.5315909090909092	2.299590909090909	1.9875909090909092	2.143590909090909
1.0	2.0	3.0	4.0	5.0	6.0	7.0	8.0	9.0	10.0	11.0	12.0	13.0	14.0	15.0	16.0	17.0	18.0	19.0	20.0	21.0	22.0	23.0	24.0	25.0	26.0	27.0	28.0	29.0	30.0	31.0	32.0	33.0	34.0	35.0	36.0	37.0	38.0	39.0	40.0	41.0	42.0	43.0	44.0	45.0	46.0	47.0	48.0	49.0	50.0	51.0	52.0	53.0	54.0	55.0	56.0	57.0	58.0	59.0	60.0	61.0	62.0	63.0	64.0	65.0	66.0	67.0	68.0	69.0	70.0	71.0	72.0	73.0	74.0	75.0	76.0	77.0	78.0	79.0	80.0	81.0	82.0	83.0	84.0	85.0	86.0	87.0	88.0	89.0	90.0	91.0	92.0	93.0	94.0	95.0	96.0	97.0	98.0	99.0	100.0	101.0	102.0	103.0	104.0	105.0	106.0	107.0	108.0	109.0	110.0	111.0	112.0	113.0	114.0	115.0	116.0	117.0	118.0	119.0	120.0	121.0	122.0	123.0	124.0	125.0	126.0	127.0	128.0	129.0	130.0	131.0	132.0	133.0	134.0	135.0	136.0	137.0	138.0	139.0	140.0	141.0	142.0	143.0	144.0	145.0	146.0	147.0	148.0	149.0	149.0	150.0	151.0	152.0	153.0	154.0	155.0	156.0	157.0	158.0	159.0	160.0	161.0	162.0	163.0	164.0	165.0	166.0	167.0	168.0	169.0	170.0	171.0	172.0	173.0	174.0	175.0	176.0	177.0	178.0	179.0	180.0	181.0	182.0	183.0	184.0	185.0	186.0	187.0	188.0	189.0	190.0	191.0	192.0	193.0	194.0	195.0	196.0	197.0	198.0	199.0	200.0	201.0	202.0	203.0	204.0	205.0	206.0	207.0	208.0	209.0	210.0	211.0	212.0	213.0	214.0	215.0	216.0	217.0	218.0	219.0	220.0	221.0	222.0	223.0	224.0	225.0	226.0	227.0	228.0	229.0	230.0	231.0	232.0	233.0	234.0	235.0	236.0	237.0	238.0	239.0	240.0	241.0	242.0	243.0	244.0	245.0	246.0	247.0	248.0	249.0	250.0	251.0	252.0	253.0	254.0	255.0	256.0	257.0	258.0	259.0	260.0	261.0	262.0	263.0	264.0	265.0	266.0	267.0	268.0	269.0	270.0	271.0	272.0	273.0	274.0	275.0	276.0	277.0	278.0	279.0	280.0	281.0	282.0	283.0	284.0	285.0	286.0	287.0	288.0	289.0	290.0	291.0	292.0	293.0	294.0	295.0	296.0	297.0	298.0	298.0	299.0	300.0	301.0	302.0	303.0
4188.9381133922425
