5312.961611635548	2000.0	2000.0	352.13932404566015	0	0.0	3312.9616116355483	1	0	1.0	-8.339920924447117
6057.67216658448	3000.0	2255.2894450510676	0.0	0	0.0	3312.961611635548	1	0	1.0	1.6520403278228428
6780.124158247618	3000.0	2532.8374533879296	0.0	0	0.0	3312.961611635548	1	0	1.0	2.057505435931007
7375.466970487028	3000.0	2937.49464114852	0.0	0	0.0	3312.9616116355483	1	0	1.0	2.057505435931007
8200.0	3000.0	3112.9616116355483	0.0	0	74.10698613133081	3312.9616116355483	1	0	1.0	2.0575054359310068
9200.0	3000.0	3112.9616116355483	0.0	0	232.89281568093247	3312.961611635549	1	0	1.0	2.0575054359310068
10200.0	3000.0	3112.9616116355505	0.0	0	340.13686534309454	3312.961611635551	1	0	1.0	2.0575054359310068
11200.0	3000.0	3112.9616116355487	0.0	0	203.06878324903664	3312.96161163555	1	0	1.0	2.0575054359310063
12980.671175104628	6000.0	2332.2904365309205	0.0	0	0.0	3312.96161163555	1	0	1.0	2.0575054359310063
14360.063647905272	6000.0	1952.8979637302764	0.0	0	0.0	3312.96161163555	1	0	1.0	2.7506526164909513
15389.84397465905	6000.0	1923.1176369765005	0.0	0	0.0	3312.96161163555	1	0	1.0	2.7506526164909513
16912.176503713526	6000.0	1400.785107922026	0.0	0	0.0	3312.9616116355537	1	0	1.0	2.7506526164909504
17537.02761259649	3000.0	1775.933999039069	0.0	0	0.0	3312.961611635559	1	0	1.0	1.3643582553710598
18338.463471768733	3000.0	1974.4981398668297	0.0	0	0.0	3312.9616116355664	1	0	1.0	2.0575054359310037
18926.22080759699	3000.0	2386.740804038572	0.0	0	0.0	3312.9616116355664	1	0	1.0	2.0575054359310023
19726.82670124388	3000.0	2586.1349103916805	0.0	0	0.0	3312.9616116355646	1	0	1.0	2.057505435931003
20368.823706600062	3000.0	2944.137905035503	0.0	0	0.0	3312.9616116355646	1	0	1.0	2.057505435931003
21200.0	3000.0	3112.9616116355637	0.0	0	262.32927756320714	3312.961611635561	1	0	1.0	2.057505435931004
22200.0	3000.0	3112.9616116355596	0.0	0	419.38809035254235	3312.961611635561	1	0	1.0	2.057505435931004
23200.0	3000.0	3112.9616116355605	0.0	0	130.75322505385702	3312.9616116355646	1	0	1.0	2.057505435931003
24200.0	3000.0	3112.9616116355633	0.0	0	248.12848384315657	3312.9616116355683	1	0	1.0	2.0575054359310023
25200.0	3000.0	3112.9616116355623	0.0	0	220.44906692035147	3312.9616116355683	1	0	1.0	2.0575054359310023
26331.78824095486	6000.0	2981.1733706807036	0.0	0	0.0	3312.9616116355683	1	0	1.0	2.057505435931002
27429.531704716665	6000.0	2883.4299069188955	0.0	0	0.0	3312.9616116355683	1	0	1.0	2.750652616490947
29274.135503109916	6000.0	2038.8261085256413	0.0	0	0.0	3312.9616116355683	1	0	1.0	2.750652616490947
30742.73797438369	6000.0	1570.2236372518687	0.0	0	0.0	3312.9616116355683	1	0	1.0	2.750652616490947
31773.954122492414	3000.0	1539.0074891431443	0.0	0	0.0	3312.9616116355683	1	0	1.0	1.3643582553710571
32504.009079895244	3000.0	1808.9525317403168	0.0	0	0.0	3312.9616116355683	1	0	1.0	2.0575054359310023
33514.781115144164	3000.0	1798.1804964913931	0.0	0	0.0	3312.9616116355646	1	0	1.0	2.057505435931003
34153.14992145802	3000.0	2159.8116901775393	0.0	0	0.0	3312.9616116355683	1	0	1.0	2.0575054359310023
34769.06966792704	3000.0	2543.8919437085183	0.0	0	0.0	3312.961611635572	1	0	1.0	2.057505435931002
35364.148502363474	3000.0	2948.8131092720837	0.0	0	0.0	3312.9616116355755	1	0	1.0	2.057505435931001
36200.0	3000.0	3112.961611635563	0.0	0	105.14117923435697	3312.961611635583	1	0	1.0	2.0575054359309997
37200.0	3000.0	3112.96161163557	0.0	0	314.1289330267391	3312.96161163559	1	0	1.0	2.057505435930997
38200.0	3000.0	3112.961611635564	0.0	0	118.07589542219648	3312.96161163559	1	0	1.0	2.057505435930997
39200.0	3000.0	3112.9616116355737	0.0	0	317.65729630240094	3312.9616116355974	1	0	1.0	2.057505435930995
40200.0	3000.0	3112.961611635573	0.0	0	198.31236294973496	3312.9616116355974	1	0	1.0	2.057505435930995
41260.04100516592	6000.0	3052.920606469651	0.0	0	0.0	3312.9616116355974	1	0	1.0	2.057505435930995
42824.66522063007	6000.0	2488.2963910055046	0.0	0	0.0	3312.9616116355974	1	0	1.0	2.75065261649094
44029.93441592284	6000.0	2283.0271957127356	0.0	0	0.0	3312.9616116355974	1	0	1.0	2.75065261649094
46686.27840967126	6000.0	626.6832019643273	0.0	0	0.0	3312.9616116355974	1	0	1.0	2.75065261649094
47351.1526926719	3000.0	961.8089189636838	0.0	0	0.0	3312.9616116355974	1	0	1.0	1.3643582553710503
48093.15674296042	3000.0	1219.8048686751715	0.0	0	0.0	3312.9616116355974	1	0	1.0	2.057505435930995
48826.61400872146	3000.0	1486.347602914135	0.0	0	0.0	3312.9616116355974	1	0	1.0	2.057505435930995
49542.94801874568	3000.0	1770.0135928899115	0.0	0	0.0	3312.9616116355974	1	0	1.0	2.057505435930995
50036.53978309165	3000.0	2276.42182854394	0.0	0	0.0	3312.96161163559	1	0	1.0	2.057505435930997
50874.65990717117	3000.0	2438.3017044644216	0.0	0	0.0	3312.96161163559	1	0	1.0	2.057505435930997
51461.468494664885	3000.0	2851.4931169707124	0.0	0	0.0	3312.96161163559	1	0	1.0	2.057505435930997
52798.092892512235	6000.0	2514.8687191233666	0.0	0	0.0	3312.96161163559	1	0	1.0	2.057505435930997
53980.69239240436	6000.0	2332.26921923124	0.0	0	0.0	3312.96161163559	1	0	1.0	2.7506526164909415
55343.23278903614	6000.0	1969.7288225994546	0.0	0	0.0	3312.96161163559	1	0	1.0	2.7506526164909415
57678.624305801444	6000.0	634.3373058341485	0.0	0	0.0	3312.96161163559	1	0	1.0	2.7506526164909415
58757.10736360564	3000.0	555.8542480299498	0.0	0	0.0	3312.96161163559	1	0	1.0	1.364358255371052
59665.551260586464	3000.0	647.4103510491316	0.0	0	0.0	3312.96161163559	1	0	1.0	2.057505435930997
60708.099862940624	3000.0	604.8617486949595	0.0	0	0.0	3312.961611635583	1	0	1.0	2.0575054359309988
61910.68603958842	2000.0	402.2755720471623	0.0	0	0.0	3312.961611635583	1	0	1.0	1.2465752197146696
62645.88099553683	2000.0	667.0806160987606	0.0	0	0.0	3312.961611635583	1	0	1.0	1.6520403278228342
63369.480472074516	2000.0	943.4811395610787	0.0	0	0.0	3312.96161163559	1	0	1.0	1.6520403278228322
64021.269407092164	2000.0	1291.692204543436	0.0	0	0.0	3312.9616116355974	1	0	1.0	1.6520403278228304
64596.711627312536	2000.0	1716.2499843230653	0.0	0	0.0	3312.9616116355974	1	0	1.0	1.6520403278228304
65139.394817883884	2000.0	2173.5667937517146	0.0	0	0.0	3312.9616116356046	1	0	1.0	1.6520403278228288
65779.42643253905	3000.0	2533.5351790965456	0.0	0	0.0	3312.9616116356046	1	0	1.0	1.6520403278228288
66201.89292204118	3000.0	3111.068689594426	0.0	0	0.0	3312.961611635612	1	0	1.0	2.0575054359309934
67360.69358919078	6000.0	2952.2680224448213	0.0	0	0.0	3312.9616116355974	1	0	1.0	2.0575054359309943
68630.66318723171	6000.0	2682.2984244038857	0.0	0	0.0	3312.9616116356046	1	0	1.0	2.750652616490937
70686.91151775424	6000.0	1626.0500938813411	0.0	0	0.0	3312.96161163559	1	0	1.0	2.7506526164909415
72217.01122298023	6000.0	1095.950388655341	0.0	0	0.0	3312.96161163559	1	0	1.0	2.7506526164909415
72878.15184638374	3000.0	1434.8097652518422	0.0	0	0.0	3312.96161163559	1	0	1.0	1.364358255371052
73560.36201578195	3000.0	1752.599595853643	0.0	0	0.0	3312.9616116356046	1	0	1.0	2.0575054359309934
74130.49719616001	3000.0	2182.4644154755997	0.0	0	0.0	3312.9616116356046	1	0	1.0	2.0575054359309934
74756.77448299545	3000.0	2556.1871286401724	0.0	0	0.0	3312.961611635619	1	0	1.0	2.0575054359309903
75749.25707557418	6000.0	2563.7045360614584	0.0	0	0.0	3312.961611635619	1	0	1.0	2.05750543593099
76678.29709159293	6000.0	2634.6645200426974	0.0	0	0.0	3312.961611635619	1	0	1.0	2.7506526164909353
77531.3244003938	6000.0	2781.6372112418258	0.0	0	0.0	3312.961611635619	1	0	1.0	2.7506526164909353
78200.0	6000.0	3112.961611635629	0.0	0	42.06645565079816	3312.961611635619	1	0	1.0	2.7506526164909353
79200.0	6000.0	3112.9616116356215	0.0	0	470.5118476540665	3312.9616116356046	1	0	1.0	2.7506526164909384
80200.0	6000.0	3112.9616116356287	0.0	0	487.75286509461876	3312.9616116356046	1	0	1.0	2.7506526164909384
82228.61744946362	6000.0	2084.3441621719967	0.0	0	0.0	3312.9616116356046	1	0	1.0	2.7506526164909384
84050.2819876565	6000.0	1262.679623979117	0.0	0	0.0	3312.9616116356046	1	0	1.0	2.7506526164909384
85201.60909713032	6000.0	1111.352514505315	0.0	0	0.0	3312.9616116356046	1	0	1.0	2.7506526164909384
86430.31418094381	6000.0	882.6474306918308	0.0	0	0.0	3312.9616116356046	1	0	1.0	2.7506526164909384
87421.48539639844	6000.0	891.4762152372127	0.0	0	0.0	3312.9616116356046	1	0	1.0	2.7506526164909384
87934.28318616428	3000.0	1378.6784254713778	0.0	0	0.0	3312.96161163559	1	0	1.0	1.364358255371052
88803.35367500731	6000.0	1509.6079366283323	0.0	0	0.0	3312.96161163559	1	0	1.0	2.057505435930997
90121.57904127381	6000.0	1191.3825703618427	0.0	0	0.0	3312.9616116355755	1	0	1.0	2.750652616490945
91181.73668043996	6000.0	1131.2249311956925	0.0	0	0.0	3312.9616116355755	1	0	1.0	2.750652616490945
92380.58163661003	6000.0	932.3799750256213	0.0	0	0.0	3312.9616116355755	1	0	1.0	2.750652616490945
93957.71761192338	6000.0	355.24399971228905	0.0	0	0.0	3312.9616116355755	1	0	1.0	2.750652616490945
94577.33252345969	3000.0	735.6290881759749	0.0	0	0.0	3312.9616116355755	1	0	1.0	1.3643582553710556
95429.3317553361	3000.0	883.6298562995617	0.0	0	0.0	3312.96161163559	1	0	1.0	2.057505435930997
96033.85529469188	3000.0	1279.1063169437814	0.0	0	0.0	3312.96161163559	1	0	1.0	2.057505435930997
97184.48905593324	3000.0	1128.472555702428	0.0	0	0.0	3312.96161163559	1	0	1.0	2.057505435930997
97986.60690036112	3000.0	1326.3547112745464	0.0	0	0.0	3312.9616116355755	1	0	1.0	2.0575054359310005
98616.95178482696	3000.0	1696.0098268086986	0.0	0	0.0	3312.9616116355755	1	0	1.0	2.0575054359310005
99214.47656576728	3000.0	2098.4850458683786	0.0	0	0.0	3312.9616116355755	1	0	1.0	2.0575054359310005
100474.43425522058	6000.0	1838.5273564150923	0.0	0	0.0	3312.9616116355755	1	0	1.0	2.057505435931
101229.00943078054	3000.0	2083.9521808551044	0.0	0	0.0	3312.9616116355755	1	0	1.0	1.3643582553710556
102311.17824961561	3000.0	2001.783362020039	0.0	0	0.0	3312.9616116355755	1	0	1.0	2.0575054359310005
103308.04533178033	3000.0	2004.9162798553227	0.0	0	0.0	3312.96161163559	1	0	1.0	2.057505435930997
103864.80834216703	3000.0	2448.1532694686393	0.0	0	0.0	3312.96161163559	1	0	1.0	2.057505435930997
104445.67243641196	3000.0	2867.2891752236874	0.0	0	0.0	3312.96161163559	1	0	1.0	2.057505435930997
105200.0	3000.0	3112.961611635656	0.0	0	149.05728928591998	3312.96161163559	1	0	1.0	2.057505435930997
106456.48013887748	6000.0	2856.481472758165	0.0	0	0.0	3312.9616116355755	1	0	1.0	2.057505435931
107415.7937252323	6000.0	2897.167886403345	0.0	0	0.0	3312.9616116355755	1	0	1.0	2.750652616490945
108637.9438555814	6000.0	2675.0177560542556	0.0	0	0.0	3312.9616116355755	1	0	1.0	2.750652616490945
109503.32824644286	6000.0	2809.6333651927944	0.0	0	0.0	3312.9616116355755	1	0	1.0	2.750652616490945
110257.0527234259	6000.0	3055.9088882097526	0.0	0	0.0	3312.9616116355755	1	0	1.0	2.750652616490945
111200.0	6000.0	3112.9616116356656	0.0	0	230.56115619034972	3312.96161163559	1	0	1.0	2.7506526164909415
113107.09997776446	6000.0	2205.8616338711972	0.0	0	0.0	3312.96161163559	1	0	1.0	2.7506526164909415
115082.35214423183	6000.0	1230.609467403828	0.0	0	0.0	3312.9616116356046	1	0	1.0	2.7506526164909384
116550.18592853582	6000.0	762.7756830998524	0.0	0	0.0	3312.961611635619	1	0	1.0	2.7506526164909353
116950.29519272193	3000.0	1362.6664189137748	0.0	0	0.0	3312.961611635619	1	0	1.0	1.3643582553710454
117461.1944119429	3000.0	1851.7671996928095	0.0	0	0.0	3312.961611635619	1	0	1.0	2.0575054359309903
118363.39702242399	6000.0	1949.5645892117175	0.0	0	0.0	3312.9616116356046	1	0	1.0	2.0575054359309934
119521.34891877162	6000.0	1791.6126928640856	0.0	0	0.0	3312.961611635619	1	0	1.0	2.7506526164909353
120914.17760760663	6000.0	1398.7840040290728	0.0	0	0.0	3312.961611635619	1	0	1.0	2.7506526164909353
122062.18478415643	6000.0	1250.776827479284	0.0	0	0.0	3312.961611635619	1	0	1.0	2.7506526164909353
122856.26983339975	3000.0	1456.691778235939	0.0	0	0.0	3312.9616116356046	1	0	1.0	1.3643582553710485
123443.15357653388	3000.0	1869.8080351018343	0.0	0	0.0	3312.9616116356046	1	0	1.0	2.0575054359309934
124308.36884051433	3000.0	2004.5927711213756	0.0	0	0.0	3312.9616116356046	1	0	1.0	2.0575054359309934
125296.53353875545	3000.0	2016.4280728802587	0.0	0	0.0	3312.9616116356046	1	0	1.0	2.0575054359309934
127172.88536144437	3000.0	1140.076250191349	0.0	0	0.0	3312.9616116356046	1	0	1.0	2.0575054359309934
127940.780031545	3000.0	1372.1815800907016	0.0	0	0.0	3312.9616116356046	1	0	1.0	2.0575054359309934
128468.33943461526	3000.0	1844.622177020453	0.0	0	0.0	3312.961611635619	1	0	1.0	2.0575054359309903
129385.51903285648	3000.0	1927.4425787792488	0.0	0	0.0	3312.961611635619	1	0	1.0	2.0575054359309903
130273.50312983789	3000.0	2039.458481797843	0.0	0	0.0	3312.961611635619	1	0	1.0	2.0575054359309903
131103.18692995532	3000.0	2209.7746816804233	0.0	0	0.0	3312.9616116356337	1	0	1.0	2.057505435930987
131863.08671307118	6000.0	2449.8748985645357	0.0	0	0.0	3312.9616116356046	1	0	1.0	2.0575054359309943
132541.9805673487	6000.0	2770.9810442870225	0.0	0	0.0	3312.961611635619	1	0	1.0	2.750652616490936
133200.0	6000.0	3112.9616116357006	0.0	0	33.26049664549646	3312.9616116355755	1	0	1.0	2.7506526164909433
134200.0	6000.0	3112.9616116356706	0.0	0	70.9489755036484	3312.961611635561	1	0	1.0	2.750652616490947
135200.0	6000.0	3112.9616116356756	0.0	0	79.51202697621193	3312.9616116355464	1	0	1.0	2.750652616490949
136200.0	6000.0	3112.9616116356506	0.0	0	64.46761762246024	3312.9616116355173	1	0	1.0	2.750652616490956
137200.0	6000.0	3112.961611635642	0.0	0	241.0388036892109	3312.9616116355173	1	0	1.0	2.750652616490959
138200.0	6000.0	3112.961611635637	0.0	0	301.79857116236235	3312.9616116355173	1	0	1.0	2.750652616490959
139200.0	6000.0	3112.9616116356424	0.0	0	61.89802379661705	3312.9616116355173	1	0	1.0	2.750652616490959
140634.9044135749	6000.0	2678.057198060755	0.0	0	0.0	3312.9616116355173	1	0	1.0	2.750652616490959
142049.39066583838	6000.0	2263.5709457972957	0.0	0	0.0	3312.9616116355173	1	0	1.0	2.750652616490959
143068.860722632	6000.0	2244.100889003665	0.0	0	0.0	3312.9616116355173	1	0	1.0	2.750652616490959
143908.723112866	6000.0	2404.238498769713	0.0	0	0.0	3312.9616116355173	1	0	1.0	2.750652616490959
145877.06366163734	6000.0	1435.8979499983338	0.0	0	0.0	3312.9616116355173	1	0	1.0	2.750652616490959
147132.4536540085	6000.0	1180.5079576271537	0.0	0	0.0	3312.9616116355173	1	0	1.0	2.750652616490959
148507.10073420918	6000.0	805.8608774264832	0.0	0	0.0	3312.9616116355173	1	0	1.0	2.750652616490959
149629.2936335878	3000.0	683.6679780478586	0.0	0	0.0	3312.9616116355173	1	0	1.0	1.3643582553710694
150722.97171182878	3000.0	589.98989980686	0.0	0	0.0	3312.9616116355173	1	0	1.0	2.0575054359310143
151476.02293899332	3000.0	836.9386726423251	0.0	0	0.0	3312.9616116355464	1	0	1.0	2.0575054359310077
152002.10137907503	3000.0	1310.8602325606287	0.0	0	0.0	3312.9616116355464	1	0	1.0	2.0575054359310077
152656.61340124698	3000.0	1656.3482103886809	0.0	0	0.0	3312.9616116355755	1	0	1.0	2.0575054359310005
153614.64832295093	3000.0	1698.3132886847286	0.0	0	0.0	3312.9616116355755	1	0	1.0	2.0575054359310005
154500.37656164385	3000.0	1812.5850499918065	0.0	0	0.0	3312.9616116355755	1	0	1.0	2.0575054359310005
155166.53400485456	3000.0	2146.427606781077	0.0	0	0.0	3312.9616116355464	1	0	1.0	2.0575054359310077
155925.67278511342	3000.0	2387.288826522227	0.0	0	0.0	3312.9616116355755	1	0	1.0	2.057505435931006
156684.62531053403	3000.0	2628.336301101604	0.0	0	0.0	3312.9616116355755	1	0	1.0	2.0575054359310005
157632.991888588	3000.0	2679.9697230476313	0.0	0	0.0	3312.9616116355755	1	0	1.0	2.0575054359310005
158411.03930984507	3000.0	2901.922301790588	0.0	0	0.0	3312.9616116356046	1	0	1.0	2.0575054359309934
159354.98887163098	3000.0	2957.9727400046813	0.0	0	0.0	3312.9616116355755	1	0	1.0	2.057505435930999
160200.0	3000.0	3112.96161163567	0.0	0	100.16683062587981	3312.9616116356337	1	0	1.0	2.0575054359309894
161811.1599794012	6000.0	2501.8016322344624	0.0	0	0.0	3312.9616116356337	1	0	1.0	2.0575054359309863
163081.02263765773	6000.0	2231.938973977939	0.0	0	0.0	3312.9616116356337	1	0	1.0	2.7506526164909313
164190.27564382798	6000.0	2122.685967807699	0.0	0	0.0	3312.9616116356337	1	0	1.0	2.7506526164909313
165459.05234916846	6000.0	1853.9092624671653	0.0	0	0.0	3312.9616116356046	1	0	1.0	2.7506526164909384
166201.4062035113	3000.0	2111.555408124308	0.0	0	0.0	3312.9616116355464	1	0	1.0	1.3643582553710611
167133.1170610562	3000.0	2179.8445505794116	0.0	0	0.0	3312.9616116355173	1	0	1.0	2.0575054359310143
167759.5793315949	3000.0	2553.3822800407	0.0	0	0.0	3312.9616116355173	1	0	1.0	2.0575054359310143
168448.14810411213	3000.0	2864.8135075234477	0.0	0	0.0	3312.9616116355173	1	0	1.0	2.0575054359310143
169312.1109100256	3000.0	3000.850701609953	0.0	0	0.0	3312.9616116355173	1	0	1.0	2.0575054359310143
170200.0	3000.0	3112.9616116355473	0.0	0	234.26905731100123	3312.9616116355464	1	0	1.0	2.0575054359310077
171200.0	3000.0	3112.961611635555	0.0	0	305.8564913897426	3312.9616116355755	1	0	1.0	2.0575054359310045
172200.0	3000.0	3112.961611635562	0.0	0	89.86062949890038	3312.9616116355755	1	0	1.0	2.0575054359310005
173200.0	3000.0	3112.961611635558	0.0	0	127.22762410639552	3312.9616116356046	1	0	1.0	2.0575054359309934
174900.5288937664	6000.0	2412.432717869157	0.0	0	0.0	3312.9616116355755	1	0	1.0	2.057505435931
176423.7740007052	6000.0	1889.18761093037	0.0	0	0.0	3312.9616116355755	1	0	1.0	2.750652616490945
178190.34840012505	6000.0	1122.6132115105147	0.0	0	0.0	3312.9616116355464	1	0	1.0	2.750652616490952
179034.42714241054	3000.0	1278.5344692249844	0.0	0	0.0	3312.9616116355173	1	0	1.0	1.3643582553710651
179965.44153226187	3000.0	1347.5200793736597	0.0	0	0.0	3312.9616116355173	1	0	1.0	2.0575054359310143
181067.2720766723	3000.0	1245.6895349632255	0.0	0	0.0	3312.9616116355173	1	0	1.0	2.0575054359310103
182045.64977860654	3000.0	1267.311833028979	0.0	0	0.0	3312.9616116355173	1	0	1.0	2.0575054359310143
182653.45277389197	3000.0	1659.5088377435438	0.0	0	0.0	3312.9616116355173	1	0	1.0	2.0575054359310143
183664.1006352596	3000.0	1648.8609763759348	0.0	0	0.0	3312.9616116355173	1	0	1.0	2.0575054359310143
184521.90690893587	3000.0	1791.054702699634	0.0	0	0.0	3312.9616116355173	1	0	1.0	2.0575054359310143
185263.15602835405	3000.0	2049.805583281448	0.0	0	0.0	3312.9616116355173	1	0	1.0	2.0575054359310143
186044.4434627853	3000.0	2268.518148850198	0.0	0	0.0	3312.9616116355173	1	0	1.0	2.0575054359310143
186587.92679029237	3000.0	2725.0348213431594	0.0	0	0.0	3312.9616116355173	1	0	1.0	2.0575054359310143
187411.51074240697	3000.0	2901.4508692285617	0.0	0	0.0	3312.9616116355173	1	0	1.0	2.0575054359310143
188303.27556878413	3000.0	3009.6860428513887	0.0	0	0.0	3312.9616116355173	1	0	1.0	2.0575054359310143
189281.98701777068	3000.0	3030.9745938648884	0.0	0	0.0	3312.9616116355464	1	0	1.0	2.0575054359310077
190457.77195211675	6000.0	2855.189659518813	0.0	0	0.0	3312.9616116355464	1	0	1.0	2.057505435931007
192207.27876238065	6000.0	2105.6828492549052	0.0	0	0.0	3312.9616116355173	1	0	1.0	2.750652616490955
192929.68721661752	3000.0	2383.274395018063	0.0	0	0.0	3312.961611635488	1	0	1.0	1.3643582553710707
193595.80723410947	3000.0	2717.1543775260925	0.0	0	0.0	3312.961611635459	1	0	1.0	2.057505435931028
195134.04695572853	3000.0	2178.914655907056	0.0	0	0.0	3312.961611635459	1	0	1.0	2.057505435931028
196180.07081280192	3000.0	2132.8907988337005	0.0	0	0.0	3312.961611635459	1	0	1.0	2.057505435931028
196900.09690658838	3000.0	2412.8647050472496	0.0	0	0.0	3312.961611635459	1	0	1.0	2.057505435931028
197603.6218259479	3000.0	2709.339785687739	0.0	0	0.0	3312.961611635459	1	0	1.0	2.057505435931028
198270.9643866392	3000.0	3041.997224996397	0.0	0	0.0	3312.961611635459	1	0	1.0	2.057505435931028
199811.68592272158	6000.0	2501.2756889140082	0.0	0	0.0	3312.961611635459	1	0	1.0	2.057505435931028
201112.44015115124	6000.0	2200.521460484355	0.0	0	0.0	3312.961611635459	1	0	1.0	2.7506526164909726
202265.21601666755	6000.0	2047.7455949680768	0.0	0	0.0	3312.961611635459	1	0	1.0	2.7506526164909726
203920.41461217537	6000.0	1392.5469994602904	0.0	0	0.0	3312.961611635488	1	0	1.0	2.7506526164909717
205866.92407655442	6000.0	446.0375350812532	0.0	0	0.0	3312.961611635488	1	0	1.0	2.7506526164909664
207122.02894263837	3000.0	423.8982928807506	232.96562388341917	0	0.0	3545.9272355189314	1	0	1.0	-0.09441903733565205
207783.01510577457	3000.0	762.9121297445565	0.0	0	0.0	3545.9272355189314	1	0	1.0	1.9959106837202807
208729.43089471967	3000.0	816.4963407994187	0.0	0	0.0	3545.9272355189605	1	0	1.0	1.995910683720272
209633.3616216456	3000.0	912.5656138735235	0.0	0	0.0	3545.9272355189896	1	0	1.0	1.9959106837202636
210655.50244636653	2000.0	890.424789152595	0.0	0	0.0	3545.9272355189896	1	0	1.0	1.1849804675039342
211468.3981661138	2000.0	1077.5290694053465	0.0	0	0.0	3545.9272355189896	1	0	1.0	1.5904455756120988
212183.18060433175	2000.0	1362.746631187397	0.0	0	0.0	3545.9272355189896	1	0	1.0	1.5904455756120988
212829.00649507696	2000.0	1716.920740442171	0.0	0	0.0	3545.9272355189896	1	0	1.0	1.5904455756120988
213390.41024188892	2000.0	2155.5169936302427	0.0	0	0.0	3545.9272355189896	1	0	1.0	1.5904455756120988
214161.70727954953	3000.0	2384.2199559696387	0.0	0	0.0	3545.9272355189896	1	0	1.0	1.590445575612099
214946.6017293681	3000.0	2599.325506151079	0.0	0	0.0	3545.9272355189896	1	0	1.0	1.9959106837202636
215480.75727435408	3000.0	3065.1699611651047	0.0	0	0.0	3545.9272355190187	1	0	1.0	1.995910683720255
216616.5646331012	6000.0	2929.3626024180094	0.0	0	0.0	3545.927235519048	1	0	1.0	1.9959106837202465
218285.05110546225	6000.0	2260.8761300569595	0.0	0	0.0	3545.927235519077	1	0	1.0	2.6890578642801835
220630.0038180585	6000.0	915.9234174607022	0.0	0	0.0	3545.927235519077	1	0	1.0	2.68905786428018
221384.17516909845	3000.0	1161.752066420768	0.0	0	0.0	3545.927235519077	1	0	1.0	1.302763503160293
222221.43700257564	3000.0	1324.4902329435806	0.0	0	0.0	3545.927235519106	1	0	1.0	1.9959106837202296
222832.92166570073	3000.0	1713.0055698185026	0.0	0	0.0	3545.927235519106	1	0	1.0	1.9959106837202296
223410.81415996965	3000.0	2135.113075549567	0.0	0	0.0	3545.927235519106	1	0	1.0	1.9959106837202296
224291.0931832446	6000.0	2254.8340522746053	0.0	0	0.0	3545.927235519106	1	0	1.0	1.9959106837202294
225359.54027566843	6000.0	2186.3869598507777	0.0	0	0.0	3545.927235519135	1	0	1.0	2.689057864280166
226456.49304386543	6000.0	2089.4341916537805	0.0	0	0.0	3545.927235519135	1	0	1.0	2.689057864280166
227073.64920351809	6000.0	2472.278032001158	0.0	0	0.0	3545.927235519135	1	0	1.0	2.689057864280166
227714.6397569518	6000.0	2831.2874785674344	0.0	0	0.0	3545.927235519135	1	0	1.0	2.689057864280166
228244.93673977503	6000.0	3300.9904957442136	0.0	0	0.0	3545.927235519135	1	0	1.0	2.689057864280166
229200.0	6000.0	3345.9272355192315	0.0	0	418.73479912398034	3545.927235519135	1	0	1.0	2.689057864280166
230376.30277246085	6000.0	3169.6244630583665	0.0	0	0.0	3545.927235519106	1	0	1.0	2.6890578642801692
232646.52182710692	6000.0	1899.4054084123027	0.0	0	0.0	3545.927235519106	1	0	1.0	2.6890578642801746
233894.6043613083	6000.0	1651.3228742109304	0.0	0	0.0	3545.927235519106	1	0	1.0	2.6890578642801746
235199.28772905248	6000.0	1346.6395064667931	0.0	0	0.0	3545.927235519135	1	0	1.0	2.689057864280166
236176.53016253654	6000.0	1369.3970729826922	0.0	0	0.0	3545.927235519135	1	0	1.0	2.689057864280166
237602.1942753178	6000.0	943.7329602014341	0.0	0	0.0	3545.927235519135	1	0	1.0	2.689057864280166
238538.3414219402	6000.0	1007.5858135790635	0.0	0	0.0	3545.927235519135	1	0	1.0	2.689057864280166
239782.32736578988	6000.0	763.5998697293658	0.0	0	0.0	3545.927235519106	1	0	1.0	2.6890578642801746
240757.27143516758	6000.0	788.6558003516614	0.0	0	0.0	3545.927235519106	1	0	1.0	2.6890578642801746
241338.28673172145	3000.0	1207.6405037977809	0.0	0	0.0	3545.927235519106	1	0	1.0	1.3027635031602847
242740.22985936372	6000.0	805.6973761555186	0.0	0	0.0	3545.927235519135	1	0	1.0	1.9959106837202212
243654.41610063254	3000.0	891.5111348866784	0.0	0	0.0	3545.927235519106	1	0	1.0	1.3027635031602847
244155.546906289	3000.0	1390.3803292301823	0.0	0	0.0	3545.927235519106	1	0	1.0	1.9959106837202296
244877.60734111836	3000.0	1668.3198944008284	0.0	0	0.0	3545.927235519135	1	0	1.0	1.9959106837202278
245864.3599076879	3000.0	1681.5673278312865	0.0	0	0.0	3545.9272355191642	1	0	1.0	1.9959106837202125
246658.99486601294	3000.0	1886.9323695062321	0.0	0	0.0	3545.927235519135	1	0	1.0	1.9959106837202212
247118.21497982246	3000.0	2427.7122556967242	0.0	0	0.0	3545.9272355191642	1	0	1.0	1.9959106837202125
247627.19335861882	3000.0	2918.7338769003863	0.0	0	0.0	3545.9272355191642	1	0	1.0	1.9959106837202125
248599.56185381452	6000.0	2946.3653817046884	0.0	0	0.0	3545.9272355191642	1	0	1.0	1.9959106837202127
250292.76595688798	6000.0	2253.1612786312257	0.0	0	0.0	3545.9272355191642	1	0	1.0	2.6890578642801506
251173.5518229888	3000.0	2372.375412530393	0.0	0	0.0	3545.9272355191642	1	0	1.0	1.3027635031602676
252338.32454381493	3000.0	2207.60269170425	0.0	0	0.0	3545.9272355191642	1	0	1.0	1.9959106837202125
253085.8472214155	3000.0	2460.080014103709	0.0	0	0.0	3545.9272355191642	1	0	1.0	1.9959106837202125
253673.43420369216	3000.0	2872.493031827019	0.0	0	0.0	3545.927235519135	1	0	1.0	1.9959106837202212
254783.5238321323	6000.0	2762.403403386877	0.0	0	0.0	3545.927235519135	1	0	1.0	1.9959106837202212
256112.42758359248	6000.0	2433.499651926737	0.0	0	0.0	3545.9272355191933	1	0	1.0	2.689057864280154
257170.68541622107	6000.0	2375.2418192981527	0.0	0	0.0	3545.9272355191933	1	0	1.0	2.689057864280149
258300.32498839725	6000.0	2245.602247121944	0.0	0	0.0	3545.9272355191642	1	0	1.0	2.6890578642801577
258916.92774780132	6000.0	2628.999487717847	0.0	0	0.0	3545.927235519135	1	0	1.0	2.689057864280166
259448.56431970434	6000.0	3097.362915814798	0.0	0	0.0	3545.927235519135	1	0	1.0	2.689057864280166
260301.06210651583	6000.0	3244.8651290032667	0.0	0	0.0	3545.9272355191642	1	0	1.0	2.6890578642801577
261217.9632911967	6000.0	3327.9639443224146	0.0	0	133.87848993536318	3545.927235519135	1	0	1.0	2.6890578642801612
263454.6787367863	6000.0	2091.2484987328344	0.0	0	0.0	3545.927235519135	1	0	1.0	2.689057864280173
265311.6559628065	6000.0	1234.2712727126282	0.0	0	0.0	3545.927235519106	1	0	1.0	2.689057864280171
265940.92712896573	3000.0	1605.0001065534207	0.0	0	0.0	3545.927235519106	1	0	1.0	1.3027635031602847
266611.8979072204	3000.0	1934.0293282987775	0.0	0	0.0	3545.927235519106	1	0	1.0	1.9959106837202296
267235.1868447084	6000.0	2310.7403908108304	0.0	0	0.0	3545.927235519106	1	0	1.0	1.9959106837202294
268210.7592386804	6000.0	2335.167996838875	0.0	0	0.0	3545.9272355191642	1	0	1.0	2.6890578642801577
269862.7640787602	6000.0	1683.1631567591396	0.0	0	0.0	3545.9272355191642	1	0	1.0	2.6890578642801577
271358.1841304147	6000.0	1187.7431051046929	0.0	0	0.0	3545.9272355191642	1	0	1.0	2.6890578642801577
272065.04152793414	3000.0	1480.8857075852823	0.0	0	0.0	3545.9272355191642	1	0	1.0	1.3027635031602676
272669.53314764996	3000.0	1876.3940878694068	0.0	0	0.0	3545.9272355191642	1	0	1.0	1.9959106837202125
273575.3936914809	3000.0	1970.533544038449	0.0	0	0.0	3545.9272355191642	1	0	1.0	1.9959106837202125
275074.65751234326	3000.0	1471.26972317611	0.0	0	0.0	3545.9272355191642	1	0	1.0	1.9959106837202125
276426.27499255125	3000.0	1119.6522429681443	0.0	0	0.0	3545.927235519106	1	0	1.0	1.9959106837202296
277125.54704464594	3000.0	1420.3801908733763	0.0	0	0.0	3545.927235519048	1	0	1.0	1.9959106837202434
277900.1184079375	3000.0	1645.8088275817172	0.0	0	0.0	3545.9272355189896	1	0	1.0	1.99591068372025
278854.9467209812	3000.0	1690.980514538001	0.0	0	0.0	3545.9272355189896	1	0	1.0	1.9959106837202636
279508.68609294575	3000.0	2037.24114257349	0.0	0	0.0	3545.9272355189896	1	0	1.0	1.9959106837202636
280022.3769669925	3000.0	2523.550268526714	0.0	0	0.0	3545.9272355189896	1	0	1.0	1.9959106837202636
280488.4630585202	3000.0	3057.4641769990308	0.0	0	0.0	3545.927235519048	1	0	1.0	1.9959106837202467
281290.99951757246	6000.0	3254.9277179468336	0.0	0	0.0	3545.927235519048	1	0	1.0	1.9959106837202465
282200.0	6000.0	3345.9272355192957	0.0	0	105.69818385510007	3545.927235519106	1	0	1.0	2.6890578642801852
283499.75696200825	6000.0	3046.170273510998	0.0	0	0.0	3545.927235519048	1	0	1.0	2.689057864280188
284311.77751129394	6000.0	3234.14972422531	0.0	0	0.0	3545.9272355189896	1	0	1.0	2.6890578642802083
285200.0	6000.0	3345.9272355192325	0.0	0	73.67975433764514	3545.9272355189314	1	0	1.0	2.689057864280225
286200.0	6000.0	3345.9272355192325	0.0	0	444.54097699187696	3545.9272355189314	1	0	1.0	2.689057864280225
287354.78279163816	6000.0	3191.1444438810604	0.0	0	0.0	3545.9272355189314	1	0	1.0	2.689057864280225
288519.0959647566	6000.0	3026.831270762607	0.0	0	0.0	3545.927235518873	1	0	1.0	2.689057864280242
290557.5233395603	6000.0	1988.4038959588725	0.0	0	0.0	3545.927235518873	1	0	1.0	2.689057864280242
291808.2450439519	6000.0	1737.682191567299	0.0	0	0.0	3545.927235518873	1	0	1.0	2.689057864280242
293110.8773639726	6000.0	1435.0498715465676	0.0	0	0.0	3545.927235518815	1	0	1.0	2.6890578642802456
294369.8325669397	6000.0	1176.094668579458	0.0	0	0.0	3545.927235518873	1	0	1.0	2.6890578642802456
295753.7938236918	6000.0	792.1334118273724	0.0	0	0.0	3545.9272355189314	1	0	1.0	2.689057864280225
296640.77366848354	6000.0	905.1535670356296	0.0	0	0.0	3545.9272355189314	1	0	1.0	2.689057864280225
297487.597015162	3000.0	1058.3302203572075	0.0	0	0.0	3545.9272355189314	1	0	1.0	1.3027635031603357
298417.98228259484	3000.0	1127.9449529244193	0.0	0	0.0	3545.9272355189314	1	0	1.0	1.9959106837202807
299374.28586461395	3000.0	1171.6413709052676	0.0	0	0.0	3545.9272355189896	1	0	1.0	1.9959106837202636
300229.34343909484	3000.0	1316.5837964243879	0.0	0	0.0	3545.927235519048	1	0	1.0	1.99591068372025
300669.13605534413	3000.0	1876.7911801750824	0.0	0	0.0	3545.927235519048	1	0	1.0	1.9959106837202467
301336.73649248143	3000.0	2209.1907430378187	0.0	0	0.0	3545.927235519048	1	0	1.0	1.9959106837202467
302229.4841879687	3000.0	2316.443047550526	0.0	0	0.0	3545.927235519048	1	0	1.0	1.9959106837202467
303153.36925994774	3000.0	2392.5579755715257	0.0	0	0.0	3545.9272355189896	1	0	1.0	1.9959106837202567
4.5474000000000006	4.1714	3.8174	4.1894	4.4754000000000005	4.2054	4.5114	4.313400000000001	3.9854000000000003	4.3874	4.8814	4.3894	3.8474000000000004	3.9274000000000004	4.1854000000000005	4.1174	4.0514	3.9234000000000004	4.2954	4.409400000000001	4.4454	4.6214	4.3394	4.143400000000001	4.417400000000001	4.2194	3.8094	3.9994000000000005	4.0354	4.1494	4.1334	4.361400000000001	4.393400000000001	4.0274	4.103400000000001	4.2934	4.2134	4.2214	4.1934000000000005	4.091469387755103	2.4954693877551017	1.7514693877551015	4.451469387755102	5.2314693877551015	5.099469387755102	4.907469387755102	5.8434693877551025	6.227469387755102	6.191469387755102	2.675469387755102	4.571469387755101	3.5874693877551023	2.171469387755102	4.103469387755102	4.103469387755102	3.371469387755102	1.8474693877551016	2.279469387755102	3.767469387755102	3.347469387755102	4.7394693877551015	7.115469387755102	6.155469387755102	3.6594693877551023	3.335469387755102	4.007469387755102	2.771469387755102	4.835469387755102	4.751469387755102	5.927469387755101	7.595469387755102	5.435469387755101	8.195469387755102	11.2554693877551	10.787469387755102	5.735469387755101	1.9674693877551017	3.455469387755102	4.367469387755102	5.7714693877551015	6.023469387755101	5.975469387755101	4.835469387755102	5.759469387755102	6.119469387755101	5.927469387755101	5.411469387755102	7.1754693877551015	3.8167727272727276	4.008772727272728	4.824772727272728	3.1807727272727275	4.416772727272727	6.168772727272727	5.136772727272727	3.612772727272727	2.964772727272727	2.6047727272727275	4.344772727272727	5.724772727272727	6.276772727272727	5.028772727272727	6.936772727272727	5.184772727272727	7.368772727272727	10.536772727272728	7.344772727272726	2.7487727272727276	2.7727727272727276	2.304772727272727	3.4447727272727278	5.808772727272728	6.288772727272727	8.400772727272727	6.324772727272727	2.328772727272727	4.272772727272727	3.1087727272727275	5.232772727272727	4.080772727272727	1.2247727272727276	1.6687727272727275	3.828772727272727	4.560772727272727	4.008772727272728	4.128772727272727	6.9967727272727265	9.888772727272727	6.432772727272727	5.808772727272728	8.136772727272728	10.944772727272728	7.18	5.0	6.36	3.17	3.28	6.65	6.43	3.06	4.92	6.37	6.2	4.38	2.86	3.87	5.83	4.97	3.39	4.417400000000001	4.5474000000000006	4.1714	3.8174	4.1894	4.4754000000000005	4.2054	4.5114	4.313400000000001	3.9854000000000003	4.3874	4.8814	4.3894	3.8474000000000004	3.9274000000000004	4.1854000000000005	4.1174	4.0514	3.9234000000000004	4.2954	4.409400000000001	4.4454	4.6214	4.3394	4.143400000000001	4.417400000000001	4.2194	3.8094	3.9994000000000005	4.0354	4.1494	4.1334	4.361400000000001	4.393400000000001	4.0274	4.103400000000001	4.2934	4.2134	4.2214	4.1934000000000005	4.091469387755103	2.4954693877551017	1.7514693877551015	4.451469387755102	5.2314693877551015	5.099469387755102	4.907469387755102	5.8434693877551025	6.227469387755102	6.191469387755102	2.675469387755102	4.571469387755101	3.5874693877551023	2.171469387755102	4.103469387755102	4.103469387755102	3.371469387755102	1.8474693877551016	2.279469387755102	3.767469387755102	3.347469387755102	4.7394693877551015	7.115469387755102	6.155469387755102	3.6594693877551023	3.335469387755102	4.007469387755102	2.771469387755102	4.835469387755102	4.751469387755102	5.927469387755101	7.595469387755102	5.435469387755101	8.195469387755102	11.2554693877551	10.787469387755102	5.735469387755101	1.9674693877551017	3.455469387755102	4.367469387755102	5.7714693877551015	6.023469387755101	5.975469387755101	4.835469387755102	5.759469387755102	6.119469387755101	5.927469387755101	5.411469387755102	7.1754693877551015	3.8167727272727276	4.008772727272728	4.824772727272728	3.1807727272727275	4.416772727272727	6.168772727272727	5.136772727272727	3.612772727272727	2.964772727272727	2.6047727272727275	4.344772727272727	5.724772727272727	6.276772727272727	5.028772727272727	6.936772727272727	5.184772727272727	7.368772727272727	10.536772727272728	7.344772727272726	2.7487727272727276	2.7727727272727276	2.304772727272727	3.4447727272727278	5.808772727272728	6.288772727272727	8.400772727272727	6.324772727272727	2.328772727272727	4.272772727272727	3.1087727272727275	5.232772727272727	4.080772727272727	1.2247727272727276	1.6687727272727275	3.828772727272727	4.560772727272727	4.008772727272728	4.128772727272727	6.9967727272727265	9.888772727272727	6.432772727272727	5.808772727272728	8.136772727272728	10.944772727272728	7.18	5.0	6.36	3.17	3.28	6.65	6.43	3.06	4.92	6.37	6.2	4.38	2.86	3.87	5.83	4.97	3.39	4.417400000000001	4.5474000000000006	4.1714	3.8174
1.0	2.0	3.0	4.0	5.0	6.0	7.0	8.0	9.0	10.0	11.0	12.0	13.0	14.0	15.0	16.0	17.0	18.0	19.0	20.0	21.0	22.0	23.0	24.0	25.0	26.0	27.0	28.0	29.0	30.0	31.0	32.0	33.0	34.0	35.0	36.0	37.0	38.0	39.0	40.0	41.0	42.0	43.0	44.0	45.0	46.0	47.0	48.0	49.0	50.0	51.0	52.0	53.0	54.0	55.0	56.0	57.0	58.0	59.0	60.0	61.0	62.0	63.0	64.0	65.0	66.0	67.0	68.0	69.0	70.0	71.0	72.0	73.0	74.0	75.0	76.0	77.0	78.0	79.0	80.0	81.0	82.0	83.0	84.0	85.0	86.0	87.0	88.0	89.0	90.0	91.0	92.0	93.0	94.0	95.0	96.0	97.0	98.0	99.0	100.0	101.0	102.0	103.0	104.0	105.0	106.0	107.0	108.0	109.0	110.0	111.0	112.0	113.0	114.0	115.0	116.0	117.0	118.0	119.0	120.0	121.0	122.0	123.0	124.0	125.0	126.0	127.0	128.0	129.0	130.0	131.0	132.0	133.0	134.0	135.0	136.0	137.0	138.0	139.0	140.0	141.0	142.0	143.0	144.0	145.0	146.0	147.0	148.0	149.0	149.0	150.0	151.0	152.0	153.0	154.0	155.0	156.0	157.0	158.0	159.0	160.0	161.0	162.0	163.0	164.0	165.0	166.0	167.0	168.0	169.0	170.0	171.0	172.0	173.0	174.0	175.0	176.0	177.0	178.0	179.0	180.0	181.0	182.0	183.0	184.0	185.0	186.0	187.0	188.0	189.0	190.0	191.0	192.0	193.0	194.0	195.0	196.0	197.0	198.0	199.0	200.0	201.0	202.0	203.0	204.0	205.0	206.0	207.0	208.0	209.0	210.0	211.0	212.0	213.0	214.0	215.0	216.0	217.0	218.0	219.0	220.0	221.0	222.0	223.0	224.0	225.0	226.0	227.0	228.0	229.0	230.0	231.0	232.0	233.0	234.0	235.0	236.0	237.0	238.0	239.0	240.0	241.0	242.0	243.0	244.0	245.0	246.0	247.0	248.0	249.0	250.0	251.0	252.0	253.0	254.0	255.0	256.0	257.0	258.0	259.0	260.0	261.0	262.0	263.0	264.0	265.0	266.0	267.0	268.0	269.0	270.0	271.0	272.0	273.0	274.0	275.0	276.0	277.0	278.0	279.0	280.0	281.0	282.0	283.0	284.0	285.0	286.0	287.0	288.0	289.0	290.0	291.0	292.0	293.0	294.0	295.0	296.0	297.0	298.0	298.0	299.0	300.0	301.0
4866.131824926395
