3134.0816162056176	1000.0	2000.0	314.22259692875076	0	0.0	3134.0816162056176	1	0	1.0	-2.077095244671274
4227.115569741234	3000.0	1906.966046464384	0.0	0	0.0	3134.081616205618	1	0	1.0	0.9984061580572813
5378.047006408264	3000.0	1756.034609797354	0.0	0	0.0	3134.081616205618	1	0	1.0	2.097018446725391
6166.37207983634	3000.0	1967.7095363692788	0.0	0	0.0	3134.081616205619	1	0	1.0	2.0970184467253907
6820.933695460535	3000.0	2313.1479207450834	0.0	0	0.0	3134.081616205618	1	0	1.0	2.097018446725391
7484.799553459518	3000.0	2649.2820627460997	0.0	0	0.0	3134.081616205618	1	0	1.0	2.097018446725391
8517.43925624858	3000.0	2616.642359957039	0.0	0	0.0	3134.081616205618	1	0	1.0	2.097018446725391
9429.945635705377	3000.0	2704.1359805002407	0.0	0	0.0	3134.081616205617	1	0	1.0	2.097018446725391
10288.476210320761	3000.0	2845.6054058848554	0.0	0	0.0	3134.0816162056162	1	0	1.0	2.0970184467253916
11200.0	3000.0	2934.0816162056176	0.0	0	86.51964002511158	3134.081616205618	1	0	1.0	2.097018446725391
12200.0	3000.0	2934.0816162056176	0.0	0	59.230612391511386	3134.081616205618	1	0	1.0	2.097018446725391
13200.0	3000.0	2934.0816162056176	0.0	0	184.97985133760812	3134.08161620562	1	0	1.0	2.0970184467253903
14200.0	3000.0	2934.0816162056185	0.0	0	250.92491913848426	3134.0816162056217	1	0	1.0	2.0970184467253903
15200.0	3000.0	2934.081616205619	0.0	0	3.8307952245959314	3134.0816162056217	1	0	1.0	2.0970184467253903
16311.067675022365	3000.0	2823.0139411832524	0.0	0	0.0	3134.0816162056235	1	0	1.0	2.09701844672539
17481.903617784003	3000.0	2652.177998421613	0.0	0	0.0	3134.0816162056235	1	0	1.0	2.09701844672539
18619.543606320218	3000.0	2514.5380098853943	0.0	0	0.0	3134.081616205618	1	0	1.0	2.0970184467253903
19326.090512586634	3000.0	2807.9911036189783	0.0	0	0.0	3134.081616205618	1	0	1.0	2.097018446725391
20200.0	3000.0	2934.0816162056103	0.0	0	25.776914545567706	3134.081616205618	1	0	1.0	2.097018446725391
21200.0	3000.0	2934.081616205608	0.0	0	98.04603257671988	3134.081616205618	1	0	1.0	2.097018446725391
22200.0	3000.0	2934.0816162056058	0.0	0	38.57261817343897	3134.0816162056144	1	0	1.0	2.0970184467253916
23200.0	3000.0	2934.0816162056053	0.0	0	138.74678702789606	3134.0816162056144	1	0	1.0	2.0970184467253916
24306.25786304089	3000.0	2827.823753164715	0.0	0	0.0	3134.0816162056144	1	0	1.0	2.0970184467253916
25200.0	3000.0	2934.081616205603	0.0	0	73.37668740887966	3134.0816162056144	1	0	1.0	2.0970184467253916
26200.0	3000.0	2934.0816162056058	0.0	0	280.0856578080784	3134.0816162056144	1	0	1.0	2.0970184467253916
27200.0	3000.0	2934.0816162056094	0.0	0	133.4162328847924	3134.081616205618	1	0	1.0	2.097018446725391
28200.0	3000.0	2934.0816162056067	0.0	0	299.202843863859	3134.081616205618	1	0	1.0	2.097018446725391
29212.644791477436	3000.0	2921.4368247281723	0.0	0	0.0	3134.081616205618	1	0	1.0	2.097018446725391
30200.0	3000.0	2934.0816162056044	0.0	0	230.82537568503903	3134.0816162056144	1	0	1.0	2.0970184467253916
31370.154124109224	3000.0	2763.927492096378	0.0	0	0.0	3134.0816162056144	1	0	1.0	2.0970184467253916
32200.0	3000.0	2934.0816162056076	0.0	0	84.24280230834847	3134.0816162056144	1	0	1.0	2.0970184467253916
33200.0	3000.0	2934.0816162056144	0.0	0	158.31302176038298	3134.0816162056253	1	0	1.0	2.0970184467253903
34200.0	3000.0	2934.0816162056253	0.0	0	46.06151181511086	3134.0816162056362	1	0	1.0	2.0970184467253885
35200.0	3000.0	2934.081616205629	0.0	0	43.91851113692974	3134.08161620564	1	0	1.0	2.0970184467253876
36200.0	3000.0	2934.081616205636	0.0	0	302.7001303966754	3134.081616205651	1	0	1.0	2.097018446725385
37200.0	3000.0	2934.081616205627	0.0	0	22.300843783668824	3134.0816162056435	1	0	1.0	2.097018446725386
38200.0	3000.0	2934.0816162056267	0.0	0	214.49149220229447	3134.0816162056362	1	0	1.0	2.097018446725387
39212.81102996084	3000.0	2921.270586244788	0.0	0	0.0	3134.0816162056362	1	0	1.0	2.097018446725387
40330.343370530856	3000.0	2803.7382456747773	0.0	0	0.0	3134.0816162056362	1	0	1.0	2.097018446725387
41449.43278626301	3000.0	2684.6488299426237	0.0	0	0.0	3134.081616205629	1	0	1.0	2.097018446725389
42200.6221278858	3000.0	2933.459488319835	0.0	0	0.0	3134.0816162056362	1	0	1.0	2.097018446725387
43200.0	3000.0	2934.0816162056376	0.0	0	260.02841859513137	3134.0816162056362	1	0	1.0	2.097018446725387
44200.0	3000.0	2934.0816162056303	0.0	0	23.158822449717263	3134.0816162056435	1	0	1.0	2.097018446725386
45212.345894387	3000.0	2921.73572181863	0.0	0	0.0	3134.081616205651	1	0	1.0	2.0970184467253845
46200.0	3000.0	2934.081616205629	0.0	0	278.5915152425878	3134.0816162056435	1	0	1.0	2.097018446725386
47200.0	3000.0	2934.0816162056212	0.0	0	12.995166572996823	3134.0816162056435	1	0	1.0	2.097018446725386
48270.60278632387	3000.0	2863.4788298817516	0.0	0	0.0	3134.0816162056435	1	0	1.0	2.097018446725386
49366.3755591998	3000.0	2767.70605700583	0.0	0	0.0	3134.081616205651	1	0	1.0	2.0970184467253845
50200.0	3000.0	2934.08161620563	0.0	0	119.99315907534765	3134.081616205651	1	0	1.0	2.0970184467253845
51200.0	3000.0	2934.0816162056262	0.0	0	96.20630024578713	3134.0816162056435	1	0	1.0	2.097018446725386
52200.0	3000.0	2934.0816162056285	0.0	0	98.45375211333157	3134.081616205651	1	0	1.0	2.0970184467253845
53200.0	3000.0	2934.0816162056194	0.0	0	26.183464729583648	3134.081616205651	1	0	1.0	2.0970184467253845
54251.68337807622	3000.0	2882.3982381294063	0.0	0	0.0	3134.081616205651	1	0	1.0	2.0970184467253845
55200.0	3000.0	2934.0816162056262	0.0	0	100.30166914585425	3134.081616205651	1	0	1.0	2.0970184467253845
56200.0	3000.0	2934.081616205625	0.0	0	22.275825923446973	3134.081616205651	1	0	1.0	2.0970184467253845
57200.0	3000.0	2934.08161620562	0.0	0	70.58866319197841	3134.081616205651	1	0	1.0	2.0970184467253845
58342.33618421821	3000.0	2791.745431987411	0.0	0	0.0	3134.081616205651	1	0	1.0	2.0970184467253845
59200.0	3000.0	2934.0816162056267	0.0	0	147.99904943664296	3134.081616205651	1	0	1.0	2.0970184467253845
60200.0	3000.0	2934.0816162056253	0.0	0	175.15296463166305	3134.081616205651	1	0	1.0	2.0970184467253845
61273.977107068014	3000.0	2860.1045091376086	0.0	0	0.0	3134.081616205651	1	0	1.0	2.0970184467253845
62317.02459422609	3000.0	2817.0570219795354	0.0	0	0.0	3134.081616205651	1	0	1.0	2.0970184467253845
63466.45389597896	3000.0	2667.6277202266665	0.0	0	0.0	3134.081616205651	1	0	1.0	2.0970184467253845
64339.55531667656	3000.0	2794.526299529059	0.0	0	0.0	3134.081616205651	1	0	1.0	2.0970184467253845
65475.96636863826	3000.0	2658.115247567357	0.0	0	0.0	3134.0816162056435	1	0	1.0	2.097018446725386
66657.27297147996	3000.0	2476.808644725672	0.0	0	0.0	3134.081616205658	1	0	1.0	2.097018446725383
67766.67940290397	3000.0	2367.4022133016756	0.0	0	0.0	3134.0816162056726	1	0	1.0	2.0970184467253814
68502.67423372652	3000.0	2631.407382479139	0.0	0	0.0	3134.0816162056726	1	0	1.0	2.097018446725379
69450.40654706473	3000.0	2683.6750691409275	0.0	0	0.0	3134.081616205687	1	0	1.0	2.097018446725377
70353.1302254362	3000.0	2780.9513907694673	0.0	0	0.0	3134.081616205687	1	0	1.0	2.097018446725377
71228.00923356901	3000.0	2906.0723826366675	0.0	0	0.0	3134.0816162057017	1	0	1.0	2.097018446725374
72200.0	3000.0	2934.0816162056726	0.0	0	17.736777378289844	3134.0816162057017	1	0	1.0	2.097018446725374
73320.24132552522	3000.0	2813.8402906804563	0.0	0	0.0	3134.0816162057017	1	0	1.0	2.097018446725374
74586.4716030282	3000.0	2547.6100131774806	0.0	0	0.0	3134.0816162057017	1	0	1.0	2.097018446725374
75669.05508951408	3000.0	2465.02652669161	0.0	0	0.0	3134.081616205687	1	0	1.0	2.097018446725377
76578.61773277906	3000.0	2555.4638834266043	0.0	0	0.0	3134.0816162057017	1	0	1.0	2.097018446725374
77303.18809144525	3000.0	2830.893524760413	0.0	0	0.0	3134.081616205687	1	0	1.0	2.097018446725377
78554.0377264996	3000.0	2580.043889706064	0.0	0	0.0	3134.0816162057017	1	0	1.0	2.097018446725374
79399.38729529834	3000.0	2734.6943209073056	0.0	0	0.0	3134.0816162057017	1	0	1.0	2.097018446725374
80380.69417146404	3000.0	2753.3874447415956	0.0	0	0.0	3134.0816162057017	1	0	1.0	2.097018446725374
81336.52762295997	3000.0	2797.55399324567	0.0	0	0.0	3134.0816162057017	1	0	1.0	2.097018446725374
82200.0	3000.0	2934.081616205635	0.0	0	55.067310741505935	3134.0816162057017	1	0	1.0	2.097018446725374
83200.0	3000.0	2934.081616205641	0.0	0	348.9993955457321	3134.0816162057017	1	0	1.0	2.097018446725374
84271.28555249491	3000.0	2862.7960637107476	0.0	0	0.0	3134.0816162057017	1	0	1.0	2.097018446725374
85354.4076800066	3000.0	2779.673936199059	0.0	0	0.0	3134.0816162057017	1	0	1.0	2.097018446725374
86308.86324205302	3000.0	2825.218374152645	0.0	0	0.0	3134.0816162057163	1	0	1.0	2.097018446725371
87321.04049547153	3000.0	2813.0411207341244	0.0	0	0.0	3134.0816162057163	1	0	1.0	2.097018446725371
88200.0	3000.0	2934.081616205653	0.0	0	130.36323457064282	3134.0816162057163	1	0	1.0	2.097018446725371
89200.0	3000.0	2934.081616205649	0.0	0	238.61866985612141	3134.081616205731	1	0	1.0	2.097018446725368
90200.0	3000.0	2934.081616205633	0.0	0	325.3603844522004	3134.081616205731	1	0	1.0	2.097018446725368
91303.3051049268	6000.0	2830.7765112788397	0.0	0	0.0	3134.081616205731	1	0	1.0	2.0970184467253676
92926.28675292233	6000.0	2207.7948632833004	0.0	0	0.0	3134.081616205731	1	0	1.0	2.7901656272853126
94218.37877785387	6000.0	1915.7028383517606	0.0	0	0.0	3134.0816162057454	1	0	1.0	2.79016562728531
95101.1812307605	6000.0	2032.9003854451205	0.0	0	0.0	3134.0816162057454	1	0	1.0	2.79016562728531
96468.73754637582	6000.0	1665.3440698297923	0.0	0	0.0	3134.081616205731	1	0	1.0	2.7901656272853126
97247.69008357642	3000.0	1886.3915326291922	0.0	0	0.0	3134.081616205731	1	0	1.0	1.4038712661654231
97925.6414043158	3000.0	2208.4402118898033	0.0	0	0.0	3134.081616205731	1	0	1.0	2.097018446725368
98515.10169767025	3000.0	2618.9799185353495	0.0	0	0.0	3134.081616205731	1	0	1.0	2.097018446725368
99339.47832808168	3000.0	2794.6032881239125	0.0	0	0.0	3134.0816162057454	1	0	1.0	2.097018446725365
100246.63037885675	3000.0	2887.451237348838	0.0	0	0.0	3134.0816162057454	1	0	1.0	2.097018446725365
101692.49833294879	3000.0	2441.58328325678	0.0	0	0.0	3134.0816162057454	1	0	1.0	2.097018446725365
102439.82450305528	3000.0	2694.2571131502746	0.0	0	0.0	3134.0816162057454	1	0	1.0	2.097018446725365
103248.880073936	3000.0	2885.201542269566	0.0	0	0.0	3134.0816162057454	1	0	1.0	2.097018446725365
104360.41381874832	3000.0	2773.66779745725	0.0	0	0.0	3134.0816162057454	1	0	1.0	2.097018446725365
105475.77150008861	3000.0	2658.310116116952	0.0	0	0.0	3134.0816162057454	1	0	1.0	2.097018446725365
106457.53074331167	3000.0	2676.550872893885	0.0	0	0.0	3134.0816162057454	1	0	1.0	2.097018446725365
107200.0	3000.0	2934.0816162055553	0.0	0	22.996430813567713	3134.0816162057454	1	0	1.0	2.097018446725365
108205.70901498488	3000.0	2928.372601220681	0.0	0	0.0	3134.0816162057454	1	0	1.0	2.097018446725365
109200.0	3000.0	2934.0816162055617	0.0	0	260.8827804047469	3134.0816162057454	1	0	1.0	2.097018446725365
110200.0	3000.0	2934.0816162055753	0.0	0	119.73364714498166	3134.0816162057454	1	0	1.0	2.097018446725365
111200.0	3000.0	2934.0816162055767	0.0	0	216.01842850775574	3134.0816162057454	1	0	1.0	2.097018446725365
112200.0	3000.0	2934.0816162055835	0.0	0	409.3635458397039	3134.0816162057454	1	0	1.0	2.097018446725365
113200.0	3000.0	2934.0816162055808	0.0	0	341.9414286918618	3134.0816162057454	1	0	1.0	2.097018446725365
114237.59683358888	3000.0	2896.4847826167234	0.0	0	0.0	3134.0816162057454	1	0	1.0	2.097018446725365
115200.0	3000.0	2934.0816162055994	0.0	0	73.7869925552368	3134.0816162057454	1	0	1.0	2.097018446725365
116200.0	3000.0	2934.0816162056017	0.0	0	476.1327877146541	3134.0816162057454	1	0	1.0	2.097018446725365
117200.0	3000.0	2934.08161620559	0.0	0	400.4800070954225	3134.081616205731	1	0	1.0	2.097018446725368
118543.52380168952	3000.0	2590.5578145160766	0.0	0	0.0	3134.081616205731	1	0	1.0	2.097018446725368
119418.58502583898	3000.0	2715.4965903666052	0.0	0	0.0	3134.081616205731	1	0	1.0	2.097018446725368
120592.78716784887	3000.0	2541.2944483567203	0.0	0	0.0	3134.081616205731	1	0	1.0	2.097018446725368
121760.73909471519	3000.0	2373.3425214903896	0.0	0	0.0	3134.081616205731	1	0	1.0	2.097018446725368
122458.50808122738	3000.0	2675.573534978204	0.0	0	0.0	3134.0816162057454	1	0	1.0	2.097018446725365
123200.0	3000.0	2934.0816162055835	0.0	0	53.430761247480405	3134.0816162057454	1	0	1.0	2.097018446725365
124200.0	3000.0	2934.081616205582	0.0	0	278.4443264289148	3134.081616205731	1	0	1.0	2.097018446725368
125219.82753381875	6000.0	2914.254082386828	0.0	0	0.0	3134.081616205731	1	0	1.0	2.0970184467253676
126200.0	3000.0	2934.081616205578	0.0	0	221.06514251045883	3134.081616205731	1	0	1.0	1.4038712661654231
128262.05513780095	6000.0	1872.0264784046117	0.0	0	0.0	3134.081616205731	1	0	1.0	2.0970184467253676
129111.65981800444	3000.0	2022.4217982011228	0.0	0	0.0	3134.081616205731	1	0	1.0	1.4038712661654231
130046.0248170642	3000.0	2088.0567991413664	0.0	0	0.0	3134.081616205731	1	0	1.0	2.097018446725368
130866.06795165848	3000.0	2268.0136645470893	0.0	0	0.0	3134.081616205731	1	0	1.0	2.097018446725368
131810.0133551335	3000.0	2324.0682610720246	0.0	0	0.0	3134.0816162056726	1	0	1.0	2.0970184467253747
132750.3822101485	3000.0	2383.699406057024	0.0	0	0.0	3134.0816162056726	1	0	1.0	2.0970184467253814
133788.3303236425	3000.0	2345.751292563019	0.0	0	0.0	3134.0816162056726	1	0	1.0	2.0970184467253787
134588.80964033166	3000.0	2545.2719758738335	0.0	0	0.0	3134.081616205658	1	0	1.0	2.0970184467253823
135804.55034637867	3000.0	2329.5312698267994	0.0	0	0.0	3134.081616205658	1	0	1.0	2.0970184467253827
137140.14004980976	3000.0	1993.941566395747	0.0	0	0.0	3134.081616205658	1	0	1.0	2.0970184467253827
137950.59852804762	3000.0	2183.4830881578746	0.0	0	0.0	3134.081616205658	1	0	1.0	2.0970184467253827
139247.52396631576	3000.0	1886.5576498897306	0.0	0	0.0	3134.081616205658	1	0	1.0	2.0970184467253827
140168.0782134196	3000.0	1966.0034027858703	0.0	0	0.0	3134.081616205658	1	0	1.0	2.0970184467253827
141243.79794513911	3000.0	1890.2836710663394	0.0	0	0.0	3134.081616205658	1	0	1.0	2.0970184467253827
142162.51711379617	3000.0	1971.5645024092453	0.0	0	0.0	3134.081616205658	1	0	1.0	2.0970184467253827
142771.40957798736	3000.0	2362.6720382180874	0.0	0	0.0	3134.081616205687	1	0	1.0	2.097018446725377
143467.8963838648	3000.0	2666.1852323406197	0.0	0	0.0	3134.081616205658	1	0	1.0	2.0970184467253827
144493.37404452474	3000.0	2640.707571680681	0.0	0	0.0	3134.081616205658	1	0	1.0	2.0970184467253827
145628.48828959386	3000.0	2505.593326611565	0.0	0	0.0	3134.081616205658	1	0	1.0	2.0970184467253827
146730.78582760142	3000.0	2403.295788604	0.0	0	0.0	3134.081616205658	1	0	1.0	2.0970184467253827
147612.8514908808	3000.0	2521.2301253246255	0.0	0	0.0	3134.081616205658	1	0	1.0	2.0970184467253827
148559.7751004612	3000.0	2574.30651574421	0.0	0	0.0	3134.081616205658	1	0	1.0	2.0970184467253827
149553.41399176326	3000.0	2580.6676244421783	0.0	0	0.0	3134.081616205658	1	0	1.0	2.0970184467253827
150317.70277526125	3000.0	2816.378840944178	0.0	0	0.0	3134.081616205658	1	0	1.0	2.0970184467253827
151561.09440486992	3000.0	2572.987211335515	0.0	0	0.0	3134.081616205687	1	0	1.0	2.097018446725377
152310.2339312809	3000.0	2823.847684924522	0.0	0	0.0	3134.081616205687	1	0	1.0	2.097018446725377
153200.0	3000.0	2934.0816162053825	0.0	0	216.25062815536512	3134.081616205687	1	0	1.0	2.097018446725377
154362.69924488637	3000.0	2771.3823713189995	0.0	0	0.0	3134.081616205687	1	0	1.0	2.097018446725377
155200.0	3000.0	2934.0816162053643	0.0	0	149.08980520738987	3134.081616205658	1	0	1.0	2.0970184467253827
156200.0	3000.0	2934.0816162053416	0.0	0	294.26053407936706	3134.081616205658	1	0	1.0	2.0970184467253827
157200.0	3000.0	2934.0816162053434	0.0	0	127.33917949674651	3134.0816162057163	1	0	1.0	2.0970184467253725
158200.0	3000.0	2934.0816162053848	0.0	0	337.48661070733215	3134.0816162057454	1	0	1.0	2.097018446725365
159269.99402238036	3000.0	2864.087593825005	0.0	0	0.0	3134.0816162057163	1	0	1.0	2.09701844672537
160354.52300850843	3000.0	2779.5586076969557	0.0	0	0.0	3134.081616205687	1	0	1.0	2.097018446725377
161200.0	3000.0	2934.081616205374	0.0	0	145.7123268437863	3134.081616205687	1	0	1.0	2.097018446725377
162200.0	3000.0	2934.0816162053907	0.0	0	309.01525459016557	3134.081616205687	1	0	1.0	2.097018446725377
163235.9359212241	3000.0	2898.1456949812987	0.0	0	0.0	3134.081616205687	1	0	1.0	2.097018446725377
164200.0	3000.0	2934.081616205411	0.0	0	238.84428739975556	3134.081616205658	1	0	1.0	2.0970184467253805
165200.0	3000.0	2934.0816162053993	0.0	0	194.66890669302666	3134.081616205658	1	0	1.0	2.0970184467253827
166356.92699580893	3000.0	2777.1546203964517	0.0	0	0.0	3134.081616205658	1	0	1.0	2.0970184467253827
167356.47911510916	3000.0	2777.6025010962658	0.0	0	0.0	3134.081616205658	1	0	1.0	2.0970184467253827
168200.0	3000.0	2934.081616205407	0.0	0	156.1741703627922	3134.081616205658	1	0	1.0	2.0970184467253827
169200.0	3000.0	2934.0816162054157	0.0	0	296.23058461080655	3134.081616205658	1	0	1.0	2.0970184467253827
170200.0	3000.0	2934.081616205409	0.0	0	294.80115429646685	3134.081616205658	1	0	1.0	2.0970184467253827
171200.0	3000.0	2934.0816162053616	0.0	0	141.35706426983234	3134.081616205629	1	0	1.0	2.097018446725389
172281.16530863434	3000.0	2852.916307571043	0.0	0	0.0	3134.081616205629	1	0	1.0	2.097018446725389
173225.63947349042	3000.0	2908.4421427149596	0.0	0	0.0	3134.081616205658	1	0	1.0	2.097018446725384
174200.0	3000.0	2934.0816162053857	0.0	0	152.56588753432152	3134.081616205658	1	0	1.0	2.0970184467253827
175200.0	3000.0	2934.0816162053907	0.0	0	153.81990128487814	3134.081616205687	1	0	1.0	2.097018446725377
176200.0	3000.0	2934.081616205404	0.0	0	92.52646669527167	3134.081616205687	1	0	1.0	2.097018446725377
177200.0	3000.0	2934.0816162053825	0.0	0	246.24047154994332	3134.081616205658	1	0	1.0	2.0970184467253805
178244.28940103194	3000.0	2889.79221517343	0.0	0	0.0	3134.081616205629	1	0	1.0	2.097018446725389
179200.0	3000.0	2934.081616205384	0.0	0	250.03802148957038	3134.0816162056	1	0	1.0	2.0970184467253947
180211.2031643201	3000.0	2922.8784518852954	0.0	0	0.0	3134.0816162056	1	0	1.0	2.0970184467253947
181318.56721886047	3000.0	2815.514397344907	0.0	0	0.0	3134.0816162056	1	0	1.0	2.0970184467253947
182200.0	3000.0	2934.081616205328	0.0	0	202.5146495840745	3134.0816162055416	1	0	1.0	2.0970184467254054
183200.0	3000.0	2934.0816162053384	0.0	0	101.89360175508773	3134.0816162055708	1	0	1.0	2.097018446725402
184313.31979529338	3000.0	2820.7618209119523	0.0	0	0.0	3134.0816162055708	1	0	1.0	2.0970184467254005
185258.57405537076	3000.0	2875.507560834564	0.0	0	0.0	3134.0816162055708	1	0	1.0	2.0970184467254005
186200.0	3000.0	2934.081616205348	0.0	0	103.61561996550881	3134.0816162056	1	0	1.0	2.097018446725396
187317.58037225401	3000.0	2816.501243951366	0.0	0	0.0	3134.0816162056	1	0	1.0	2.0970184467253947
188200.0	3000.0	2934.081616205392	0.0	0	5.9673450703849085	3134.0816162056	1	0	1.0	2.0970184467253947
189412.65906808616	3000.0	2721.4225481192125	0.0	0	0.0	3134.0816162056	1	0	1.0	2.0970184467253947
190332.55320230403	3000.0	2801.52841390136	0.0	0	0.0	3134.0816162056	1	0	1.0	2.0970184467253947
191200.0	3000.0	2934.0816162053843	0.0	0	19.285858817689586	3134.0816162056	1	0	1.0	2.0970184467253947
192200.0	3000.0	2934.081616205383	0.0	0	315.8055366661283	3134.0816162056	1	0	1.0	2.0970184467253947
193315.10031644304	3000.0	2818.9812997623067	0.0	0	0.0	3134.0816162056	1	0	1.0	2.0970184467253947
194200.0	3000.0	2934.0816162053484	0.0	0	186.1671515306516	3134.0816162056	1	0	1.0	2.097018446725396
195456.3042630887	3000.0	2677.7773531166513	0.0	0	0.0	3134.0816162056	1	0	1.0	2.0970184467253947
196569.50881994318	3000.0	2564.572796262211	0.0	0	0.0	3134.0816162056	1	0	1.0	2.0970184467253947
197454.26804491514	3000.0	2679.8135712902426	0.0	0	0.0	3134.0816162056	1	0	1.0	2.0970184467253947
198200.0	3000.0	2934.081616205371	0.0	0	68.22466068036738	3134.0816162056	1	0	1.0	2.0970184467253947
199362.1572563374	3000.0	2771.924359867972	0.0	0	0.0	3134.0816162056	1	0	1.0	2.0970184467253947
200483.30096858187	3000.0	2650.7806476235337	0.0	0	0.0	3134.081616205629	1	0	1.0	2.097018446725389
201203.16719845883	3000.0	2930.9144177465814	0.0	0	0.0	3134.081616205629	1	0	1.0	2.097018446725389
202347.9204097422	3000.0	2786.1612064632436	0.0	0	0.0	3134.0816162056	1	0	1.0	2.0970184467253947
203200.0	3000.0	2934.081616205448	0.0	0	109.32394837000174	3134.0816162056	1	0	1.0	2.0970184467253947
204372.12287079927	3000.0	2761.9587454061707	0.0	0	0.0	3134.0816162055708	1	0	1.0	2.0970184467254005
205489.0932481078	3000.0	2644.98836809767	0.0	0	0.0	3134.0816162055708	1	0	1.0	2.0970184467254005
206600.61024684468	3000.0	2533.4713693607528	0.0	0	0.0	3134.0816162055416	1	0	1.0	2.0970184467254067
207556.278965564	3000.0	2577.8026506414244	0.0	0	0.0	3134.0816162055416	1	0	1.0	2.0970184467254067
208736.1376217474	3000.0	2397.943994458056	0.0	0	0.0	3134.0816162055708	1	0	1.0	2.0970184467254005
209787.0522778816	3000.0	2347.0293383238673	0.0	0	0.0	3134.0816162055708	1	0	1.0	2.0970184467254005
210931.45688618586	3000.0	2202.6247300195855	0.0	0	0.0	3134.0816162055708	1	0	1.0	2.0970184467254005
211729.8685910576	3000.0	2404.213025147832	0.0	0	0.0	3134.0816162055708	1	0	1.0	2.0970184467254005
212417.50098781026	3000.0	2716.580628395168	0.0	0	0.0	3134.0816162055708	1	0	1.0	2.0970184467254005
213592.731943774	3000.0	2541.3496724314004	0.0	0	0.0	3134.0816162055708	1	0	1.0	2.0970184467254005
214457.5706803755	3000.0	2676.510935829921	0.0	0	0.0	3134.0816162055708	1	0	1.0	2.0970184467254005
215689.70731976474	3000.0	2444.374296440646	0.0	0	0.0	3134.0816162055416	1	0	1.0	2.0970184467254067
216445.47238264213	3000.0	2688.609233563237	0.0	0	0.0	3134.0816162055125	1	0	1.0	2.0970184467254125
217200.0	3000.0	2934.081616205351	0.0	0	7.309083936997922	3134.0816162055125	1	0	1.0	2.0970184467254125
218247.24024463072	3000.0	2886.841371574647	0.0	0	0.0	3134.0816162055125	1	0	1.0	2.0970184467254125
219280.7763014087	3000.0	2853.3053147966702	0.0	0	0.0	3134.0816162054834	1	0	1.0	2.0970184467254183
220200.0	3000.0	2934.0816162054093	0.0	0	151.04567788244458	3134.0816162055416	1	0	1.0	2.097018446725408
221265.33243915427	3000.0	2868.7491770511433	0.0	0	0.0	3134.0816162055125	1	0	1.0	2.0970184467254125
222315.86859411254	3000.0	2818.2130220928702	0.0	0	0.0	3134.0816162055416	1	0	1.0	2.0970184467254067
223200.0	3000.0	2934.081616205372	0.0	0	186.71839355432894	3134.0816162055416	1	0	1.0	2.0970184467254067
224387.5974432362	3000.0	2746.484172969121	0.0	0	0.0	3134.0816162055125	1	0	1.0	2.0970184467254125
225563.5206430456	3000.0	2570.5609731597146	0.0	0	0.0	3134.0816162055125	1	0	1.0	2.0970184467254125
226386.87650913824	3000.0	2747.205107067098	0.0	0	0.0	3134.0816162055125	1	0	1.0	2.0970184467254125
227200.0	3000.0	2934.0816162053375	0.0	0	36.79074045558809	3134.0816162055125	1	0	1.0	2.0970184467254125
228231.14266560684	3000.0	2902.938950598496	0.0	0	0.0	3134.0816162054834	1	0	1.0	2.0970184467254183
229200.0	3000.0	2934.0816162053397	0.0	0	111.64309500949457	3134.0816162055125	1	0	1.0	2.097018446725414
230288.3551903312	3000.0	2845.7264258741525	0.0	0	0.0	3134.0816162055125	1	0	1.0	2.0970184467254125
231200.0	3000.0	2934.081616205335	0.0	0	173.46702408467536	3134.0816162055125	1	0	1.0	2.0970184467254125
232200.0	3000.0	2934.0816162053206	0.0	0	15.895081147435121	3134.0816162054834	1	0	1.0	2.097018446725417
233244.50563272764	3000.0	2889.575983477675	0.0	0	0.0	3134.0816162054834	1	0	1.0	2.0970184467254183
234200.0	3000.0	2934.0816162053325	0.0	0	229.77403128007427	3134.0816162054834	1	0	1.0	2.0970184467254183
235315.83037579994	3000.0	2818.2512404053873	0.0	0	0.0	3134.0816162054834	1	0	1.0	2.0970184467254183
236200.0	3000.0	2934.0816162052997	0.0	0	124.70031623748946	3134.0816162054543	1	0	1.0	2.097018446725423
237200.0	3000.0	2934.081616205326	0.0	0	157.49974274027045	3134.0816162054834	1	0	1.0	2.0970184467254183
238200.0	3000.0	2934.0816162053347	0.0	0	355.7841575186758	3134.0816162054834	1	0	1.0	2.0970184467254183
239200.0	3000.0	2934.0816162053384	0.0	0	334.1672027070017	3134.0816162054834	1	0	1.0	2.0970184467254183
240200.0	3000.0	2934.081616205335	0.0	0	256.92534285914735	3134.0816162055125	1	0	1.0	2.0970184467254147
241414.20854655618	6000.0	2719.873069649153	0.0	0	0.0	3134.0816162055416	1	0	1.0	2.0970184467254063
242823.5796330249	6000.0	2310.501983180426	0.0	0	0.0	3134.0816162055125	1	0	1.0	2.7901656272853574
243947.1070801588	6000.0	2186.974536046514	0.0	0	0.0	3134.0816162055416	1	0	1.0	2.790165627285355
245849.5670722351	6000.0	1284.5145439701992	0.0	0	0.0	3134.0816162055125	1	0	1.0	2.790165627285356
246944.85018518788	3000.0	1189.231431017471	0.0	0	0.0	3134.0816162055125	1	0	1.0	1.4038712661654675
247645.49412836973	3000.0	1488.5874878356149	0.0	0	0.0	3134.0816162055125	1	0	1.0	2.0970184467254125
248642.45786904477	3000.0	1491.6237471605384	0.0	0	0.0	3134.0816162055416	1	0	1.0	2.0970184467254067
249330.91217907448	3000.0	1803.1694371308458	0.0	0	0.0	3134.0816162055125	1	0	1.0	2.0970184467254125
250405.28807812778	3000.0	1728.7935380775482	0.0	0	0.0	3134.0816162055125	1	0	1.0	2.0970184467254125
251193.2136220393	3000.0	1940.8679941660166	0.0	0	0.0	3134.0816162054834	1	0	1.0	2.0970184467254183
251941.13529222904	3000.0	2192.9463239762817	0.0	0	0.0	3134.0816162055125	1	0	1.0	2.0970184467254125
252728.75730131217	3000.0	2405.3243148931806	0.0	0	0.0	3134.0816162055125	1	0	1.0	2.0970184467254125
254187.47607110708	3000.0	1946.60554509827	0.0	0	0.0	3134.0816162055125	1	0	1.0	2.0970184467254125
254881.86698760255	3000.0	2252.2146286028033	0.0	0	0.0	3134.0816162055125	1	0	1.0	2.0970184467254125
255804.06132093063	3000.0	2330.0202952747077	0.0	0	0.0	3134.0816162055125	1	0	1.0	2.0970184467254125
256812.7250722755	3000.0	2321.35654392984	0.0	0	0.0	3134.0816162055125	1	0	1.0	2.0970184467254125
257712.3959924021	3000.0	2421.6856238032515	0.0	0	0.0	3134.0816162055125	1	0	1.0	2.0970184467254125
258437.66660132527	3000.0	2696.4150148800736	0.0	0	0.0	3134.0816162054834	1	0	1.0	2.0970184467254183
259236.1784012919	3000.0	2897.903214913474	0.0	0	0.0	3134.0816162054834	1	0	1.0	2.0970184467254183
260209.2263477907	3000.0	2924.8552684146202	0.0	0	0.0	3134.0816162054543	1	0	1.0	2.0970184467254245
261200.0	3000.0	2934.0816162053434	0.0	0	391.43540944199776	3134.0816162054834	1	0	1.0	2.0970184467254183
262200.0	3000.0	2934.0816162053443	0.0	0	266.58671441461775	3134.0816162054834	1	0	1.0	2.0970184467254183
263200.0	3000.0	2934.081616205323	0.0	0	88.75330945395399	3134.0816162054543	1	0	1.0	2.0970184467254196
264200.0	3000.0	2934.0816162053266	0.0	0	75.61730647244258	3134.0816162054543	1	0	1.0	2.0970184467254294
265200.0	3000.0	2934.0816162053343	0.0	0	302.4566505177645	3134.0816162054543	1	0	1.0	2.097018446725428
266200.0	3000.0	2934.081616205359	0.0	0	158.98081911046756	3134.0816162055125	1	0	1.0	2.0970184467254174
267832.6096959638	3000.0	2301.471920241578	0.0	0	0.0	3134.0816162055125	1	0	1.0	2.0970184467254125
269035.93409400544	3000.0	2098.147522199937	0.0	0	0.0	3134.0816162055708	1	0	1.0	2.0970184467254005
270063.8994174451	3000.0	2070.182198760248	0.0	0	0.0	3134.0816162055125	1	0	1.0	2.0970184467254076
270827.812977373	3000.0	2306.26863883236	0.0	0	0.0	3134.0816162055125	1	0	1.0	2.0970184467254125
271746.83774931927	3000.0	2387.243866886121	0.0	0	0.0	3134.0816162054543	1	0	1.0	2.0970184467254147
272738.4207520098	3000.0	2395.6608641956673	0.0	0	0.0	3134.0816162055125	1	0	1.0	2.097018446725422
273429.5219682018	3000.0	2704.5596480036743	0.0	0	0.0	3134.0816162055125	1	0	1.0	2.0970184467254125
275086.345715454	6000.0	2047.7359007514578	0.0	0	0.0	3134.0816162055708	1	0	1.0	2.0970184467254076
276109.7840493048	3000.0	2024.2975669007108	0.0	0	0.0	3134.081616205629	1	0	1.0	1.403871266165444
277700.47661983833	6000.0	1433.6049963671549	0.0	0	0.0	3134.0816162055708	1	0	1.0	2.0970184467254005
278784.26263960614	3000.0	1349.8189765992938	0.0	0	0.0	3134.0816162055125	1	0	1.0	1.4038712661654675
279596.94660433166	3000.0	1537.1350118738208	0.0	0	0.0	3134.0816162055125	1	0	1.0	2.0970184467254125
280653.64568198076	3000.0	1480.4359342247183	0.0	0	0.0	3134.0816162055125	1	0	1.0	2.0970184467254125
281724.34572113666	3000.0	1409.7358950688142	0.0	0	0.0	3134.0816162054543	1	0	1.0	2.0970184467254245
282367.5176682784	2000.0	1766.5639479270108	0.0	0	0.0	3134.0816162054543	1	0	1.0	1.286088230509095
283389.45073397364	3000.0	1744.6308822317942	0.0	0	0.0	3134.0816162054543	1	0	1.0	1.6915533386172599
284448.33143788925	3000.0	1685.750178316189	0.0	0	0.0	3134.0816162054543	1	0	1.0	2.0970184467254245
285541.9334770387	3000.0	1592.1481391668112	0.0	0	0.0	3134.0816162054543	1	0	1.0	2.0970184467254245
286523.564597912	3000.0	1610.5170182934983	0.0	0	0.0	3134.0816162054543	1	0	1.0	2.0970184467254245
287316.9281581568	2000.0	1817.153458048724	0.0	0	0.0	3134.0816162055125	1	0	1.0	1.286088230509083
288084.27908017236	2000.0	2049.802536033152	0.0	0	0.0	3134.0816162054543	1	0	1.0	1.6915533386172596
288823.55464315816	2000.0	2310.526973047343	0.0	0	0.0	3134.081616205396	1	0	1.0	1.6915533386172643
289988.2457360335	3000.0	2145.835880172024	0.0	0	0.0	3134.0816162054543	1	0	1.0	1.691553338617267
291232.13740065385	3000.0	1901.94421555171	0.0	0	0.0	3134.0816162055125	1	0	1.0	2.0970184467254125
291845.8102924184	3000.0	2288.271323787178	0.0	0	0.0	3134.0816162055125	1	0	1.0	2.0970184467254125
292739.5100836872	3000.0	2394.571532518321	0.0	0	0.0	3134.0816162055708	1	0	1.0	2.09701844672541
293311.21650040423	3000.0	2822.8651158012904	0.0	0	0.0	3134.0816162055708	1	0	1.0	2.0970184467254005
294200.0	3000.0	2934.081616205494	0.0	0	122.87793733319268	3134.0816162055125	1	0	1.0	2.0970184467254125
295371.45873714966	3000.0	2762.622879055848	0.0	0	0.0	3134.0816162055125	1	0	1.0	2.0970184467254125
296338.60487854853	3000.0	2795.4767376570335	0.0	0	0.0	3134.0816162055125	1	0	1.0	2.0970184467254125
297200.0	3000.0	2934.08161620553	0.0	0	36.7194702301058	3134.0816162055125	1	0	1.0	2.0970184467254125
298200.0	3000.0	2934.081616205519	0.0	0	263.7067042940762	3134.0816162055125	1	0	1.0	2.0970184467254125
299200.0	3000.0	2934.081616205499	0.0	0	441.14739394787466	3134.0816162055125	1	0	1.0	2.0970184467254125
300200.0	3000.0	2934.0816162055144	0.0	0	329.35214417334646	3134.0816162055125	1	0	1.0	2.0970184467254125
3.710311111111112	3.496311111111112	3.470311111111112	3.676311111111112	3.5863111111111117	3.5663111111111117	3.7023111111111118	3.104311111111112	3.394311111111112	3.714311111111112	3.6423111111111117	3.508311111111112	3.6023111111111117	3.338311111111112	3.446311111111112	3.538311111111112	3.688311111111112	3.6543111111111117	3.458311111111112	3.490311111111112	3.608311111111112	3.184311111111112	3.470311111111112	3.3203111111111117	3.370311111111112	3.4483111111111118	3.3483111111111117	3.476311111111112	3.484311111111112	3.486311111111112	3.4363111111111118	3.704311111111112	3.492311111111112	3.4363111111111118	3.6663111111111117	3.712311111111112	3.4203111111111117	3.326311111111112	3.6423111111111117	3.414311111111112	3.306311111111112	3.4363111111111118	3.3883111111111117	3.156311111111112	3.332487804878049	3.7704878048780492	3.444487804878049	3.236487804878049	3.304487804878049	3.1044878048780493	3.658487804878049	3.276487804878049	3.166487804878049	3.288487804878049	3.542487804878049	3.6124878048780493	3.388487804878049	3.452487804878049	3.424487804878049	3.666487804878049	3.420487804878049	3.376487804878049	3.222487804878049	3.216487804878049	3.222487804878049	3.2624878048780492	3.348487804878049	3.464487804878049	3.558487804878049	3.456487804878049	3.484487804878049	3.372487804878049	3.360487804878049	3.280487804878049	3.424487804878049	3.198487804878049	3.408487804878049	3.582487804878049	3.900487804878049	4.348487804878049	3.8544878048780493	3.3184878048780493	3.094487804878049	3.464487804878049	3.5484878048780493	4.95	4.37	3.74	4.53	5.06	3.96	6.21	4.55	2.63	3.13	4.89	4.02	4.12	1.93	3.99	4.37	2.37	3.28	4.58	3.94	3.48	4.44	3.56	4.45	4.78	3.22	2.7	4.32	4.67	3.29	1.83	3.24	3.51	3.31	3.72	3.81	5.84	4.15	3.74	4.12	3.08	3.15	3.96	3.0	2.68	3.54	3.86	2.68	2.698	2.65	3.034	2.9859999999999998	4.03	2.074	4.138	3.9579999999999997	3.946	3.0940000000000003	2.998	4.582	2.9379999999999997	4.222	3.682	2.89	3.656311111111112	3.710311111111112	3.496311111111112	3.470311111111112	3.676311111111112	3.5863111111111117	3.5663111111111117	3.7023111111111118	3.104311111111112	3.394311111111112	3.714311111111112	3.6423111111111117	3.508311111111112	3.6023111111111117	3.338311111111112	3.446311111111112	3.538311111111112	3.688311111111112	3.6543111111111117	3.458311111111112	3.490311111111112	3.608311111111112	3.184311111111112	3.470311111111112	3.3203111111111117	3.370311111111112	3.4483111111111118	3.3483111111111117	3.476311111111112	3.484311111111112	3.486311111111112	3.4363111111111118	3.704311111111112	3.492311111111112	3.4363111111111118	3.6663111111111117	3.712311111111112	3.4203111111111117	3.326311111111112	3.6423111111111117	3.414311111111112	3.306311111111112	3.4363111111111118	3.3883111111111117	3.156311111111112	3.332487804878049	3.7704878048780492	3.444487804878049	3.236487804878049	3.304487804878049	3.1044878048780493	3.658487804878049	3.276487804878049	3.166487804878049	3.288487804878049	3.542487804878049	3.6124878048780493	3.388487804878049	3.452487804878049	3.424487804878049	3.666487804878049	3.420487804878049	3.376487804878049	3.222487804878049	3.216487804878049	3.222487804878049	3.2624878048780492	3.348487804878049	3.464487804878049	3.558487804878049	3.456487804878049	3.484487804878049	3.372487804878049	3.360487804878049	3.280487804878049	3.424487804878049	3.198487804878049	3.408487804878049	3.582487804878049	3.900487804878049	4.348487804878049	3.8544878048780493	3.3184878048780493	3.094487804878049	3.464487804878049	3.5484878048780493	4.95	4.37	3.74	4.53	5.06	3.96	6.21	4.55	2.63	3.13	4.89	4.02	4.12	1.93	3.99	4.37	2.37	3.28	4.58	3.94	3.48	4.44	3.56	4.45	4.78	3.22	2.7	4.32	4.67	3.29	1.83	3.24	3.51	3.31	3.72	3.81	5.84	4.15	3.74	4.12	3.08	3.15	3.96	3.0	2.68	3.54	3.86	2.68	2.698	2.65	3.034	2.9859999999999998	4.03	2.074	4.138	3.9579999999999997	3.946	3.0940000000000003	2.998	4.582	2.9379999999999997	4.222	3.682	2.89	3.656311111111112	3.710311111111112	3.496311111111112	3.470311111111112
1.0	2.0	3.0	4.0	5.0	6.0	7.0	8.0	9.0	10.0	11.0	12.0	13.0	14.0	15.0	16.0	17.0	18.0	19.0	20.0	21.0	22.0	23.0	24.0	25.0	26.0	27.0	28.0	29.0	30.0	31.0	32.0	33.0	34.0	35.0	36.0	37.0	38.0	39.0	40.0	41.0	42.0	43.0	44.0	45.0	46.0	47.0	48.0	49.0	50.0	51.0	52.0	53.0	54.0	55.0	56.0	57.0	58.0	59.0	60.0	61.0	62.0	63.0	64.0	65.0	66.0	67.0	68.0	69.0	70.0	71.0	72.0	73.0	74.0	75.0	76.0	77.0	78.0	79.0	80.0	81.0	82.0	83.0	84.0	85.0	86.0	87.0	88.0	89.0	90.0	91.0	92.0	93.0	94.0	95.0	96.0	97.0	98.0	99.0	100.0	101.0	102.0	103.0	104.0	105.0	106.0	107.0	108.0	109.0	110.0	111.0	112.0	113.0	114.0	115.0	116.0	117.0	118.0	119.0	120.0	121.0	122.0	123.0	124.0	125.0	126.0	127.0	128.0	129.0	130.0	131.0	132.0	133.0	134.0	135.0	136.0	137.0	138.0	139.0	140.0	141.0	142.0	143.0	144.0	145.0	146.0	147.0	148.0	149.0	149.0	150.0	151.0	152.0	153.0	154.0	155.0	156.0	157.0	158.0	159.0	160.0	161.0	162.0	163.0	164.0	165.0	166.0	167.0	168.0	169.0	170.0	171.0	172.0	173.0	174.0	175.0	176.0	177.0	178.0	179.0	180.0	181.0	182.0	183.0	184.0	185.0	186.0	187.0	188.0	189.0	190.0	191.0	192.0	193.0	194.0	195.0	196.0	197.0	198.0	199.0	200.0	201.0	202.0	203.0	204.0	205.0	206.0	207.0	208.0	209.0	210.0	211.0	212.0	213.0	214.0	215.0	216.0	217.0	218.0	219.0	220.0	221.0	222.0	223.0	224.0	225.0	226.0	227.0	228.0	229.0	230.0	231.0	232.0	233.0	234.0	235.0	236.0	237.0	238.0	239.0	240.0	241.0	242.0	243.0	244.0	245.0	246.0	247.0	248.0	249.0	250.0	251.0	252.0	253.0	254.0	255.0	256.0	257.0	258.0	259.0	260.0	261.0	262.0	263.0	264.0	265.0	266.0	267.0	268.0	269.0	270.0	271.0	272.0	273.0	274.0	275.0	276.0	277.0	278.0	279.0	280.0	281.0	282.0	283.0	284.0	285.0	286.0	287.0	288.0	289.0	290.0	291.0	292.0	293.0	294.0	295.0	296.0	297.0	298.0	298.0	299.0	300.0	301.0
2720.7171344196595
