5425.935059008345	2000.0	2000.0	690.7193765593812	0	0.0	3425.935059008345	1	0	1.0	-10.37468124750869
6247.551596302345	3000.0	2178.3834627059987	0.0	0	0.0	3425.935059008344	1	0	1.0	1.6237051840786298
6864.226203889913	3000.0	2561.7088551184306	0.0	0	0.0	3425.935059008344	1	0	1.0	2.029170292186795
7710.425747221134	3000.0	2715.5093117872098	0.0	0	0.0	3425.935059008343	1	0	1.0	2.029170292186795
8563.409477397854	3000.0	2862.525581610491	0.0	0	0.0	3425.935059008344	1	0	1.0	2.029170292186795
9701.841984532777	3000.0	2724.0930744755688	0.0	0	0.0	3425.935059008344	1	0	1.0	2.0291702921867945
10596.808785822883	3000.0	2829.126273185462	0.0	0	0.0	3425.935059008344	1	0	1.0	2.029170292186795
11200.0	3000.0	3225.9350590083463	0.0	0	21.092596149623205	3425.935059008345	1	0	1.0	2.0291702921867945
12200.0	3000.0	3225.935059008347	0.0	0	334.1288091269889	3425.935059008347	1	0	1.0	2.029170292186794
13200.0	3000.0	3225.9350590083477	0.0	0	68.92445009819494	3425.935059008347	1	0	1.0	2.0291702921867936
14279.112384601605	3000.0	3146.8226744067415	0.0	0	0.0	3425.935059008345	1	0	1.0	2.0291702921867945
15430.259639763677	3000.0	2995.675419244666	0.0	0	0.0	3425.935059008343	1	0	1.0	2.029170292186795
16479.532174410186	3000.0	2946.4028845981584	0.0	0	0.0	3425.935059008345	1	0	1.0	2.029170292186795
17440.54498970227	3000.0	2985.390069306074	0.0	0	0.0	3425.935059008345	1	0	1.0	2.029170292186794
18483.86113416138	3000.0	2942.073924846968	0.0	0	0.0	3425.935059008347	1	0	1.0	2.029170292186794
19418.981139522526	3000.0	3006.9539194858226	0.0	0	0.0	3425.935059008347	1	0	1.0	2.0291702921867936
20380.063643849924	3000.0	3045.871415158428	0.0	0	0.0	3425.935059008345	1	0	1.0	2.0291702921867945
21421.492591325434	3000.0	3004.442467682918	0.0	0	0.0	3425.935059008345	1	0	1.0	2.0291702921867945
22299.36426922044	3000.0	3126.570789787909	0.0	0	0.0	3425.935059008345	1	0	1.0	2.0291702921867945
23261.262524081205	3000.0	3164.672534927149	0.0	0	0.0	3425.935059008345	1	0	1.0	2.0291702921867945
24200.0	3000.0	3225.935059008354	0.0	0	198.71203847696597	3425.935059008345	1	0	1.0	2.0291702921867945
25200.0	3000.0	3225.93505900835	0.0	0	34.688559502144926	3425.9350590083413	1	0	1.0	2.0291702921867953
26200.0	3000.0	3225.9350590083486	0.0	0	3.8989485261627124	3425.935059008345	1	0	1.0	2.0291702921867945
27200.0	3000.0	3225.935059008348	0.0	0	119.61610984665822	3425.935059008345	1	0	1.0	2.0291702921867945
28369.510443256175	3000.0	3056.4246157521734	0.0	0	0.0	3425.9350590083413	1	0	1.0	2.0291702921867953
29200.0	3000.0	3225.935059008348	0.0	0	84.91034054091506	3425.9350590083413	1	0	1.0	2.0291702921867953
30200.0	3000.0	3225.9350590083486	0.0	0	102.39514101478926	3425.9350590083377	1	0	1.0	2.0291702921867962
31200.0	3000.0	3225.935059008351	0.0	0	177.39074139441436	3425.9350590083377	1	0	1.0	2.0291702921867962
32200.0	3000.0	3225.93505900835	0.0	0	81.75651210888464	3425.9350590083377	1	0	1.0	2.0291702921867962
33354.16936549554	3000.0	3071.7656935128102	0.0	0	0.0	3425.935059008334	1	0	1.0	2.0291702921867962
34370.23914687737	3000.0	3055.69591213097	0.0	0	0.0	3425.9350590083304	1	0	1.0	2.029170292186797
35449.27011465369	3000.0	2976.6649443546517	0.0	0	0.0	3425.935059008334	1	0	1.0	2.029170292186798
36200.0	3000.0	3225.935059008333	0.0	0	64.47662176913582	3425.9350590083195	1	0	1.0	2.0291702921868
37200.0	3000.0	3225.9350590083304	0.0	0	28.848725390773325	3425.9350590083122	1	0	1.0	2.029170292186803
38200.0	3000.0	3225.935059008318	0.0	0	389.3276968351274	3425.9350590083122	1	0	1.0	2.029170292186803
39200.0	3000.0	3225.9350590083213	0.0	0	140.42155390320113	3425.9350590083122	1	0	1.0	2.029170292186803
40200.0	3000.0	3225.9350590083245	0.0	0	239.07084630263125	3425.9350590083195	1	0	1.0	2.029170292186801
41200.0	3000.0	3225.9350590083245	0.0	0	93.52495496291522	3425.9350590083195	1	0	1.0	2.029170292186801
42200.0	3000.0	3225.9350590083254	0.0	0	218.66675820352248	3425.9350590083195	1	0	1.0	2.029170292186801
43200.0	3000.0	3225.9350590083222	0.0	0	175.56538091380935	3425.935059008327	1	0	1.0	2.029170292186799
44200.0	3000.0	3225.935059008323	0.0	0	86.92393518213066	3425.935059008327	1	0	1.0	2.029170292186799
45200.0	3000.0	3225.9350590083222	0.0	0	62.181099292189174	3425.935059008334	1	0	1.0	2.029170292186797
46418.90646199745	3000.0	3007.028597010869	0.0	0	0.0	3425.9350590083413	1	0	1.0	2.0291702921867953
47363.187075093265	3000.0	3062.747983915065	0.0	0	0.0	3425.9350590083413	1	0	1.0	2.0291702921867953
48399.30918687002	3000.0	3026.6258721383088	0.0	0	0.0	3425.9350590083413	1	0	1.0	2.0291702921867953
49446.590074977066	3000.0	2979.344984031263	0.0	0	0.0	3425.9350590083413	1	0	1.0	2.0291702921867953
50505.1424588531	3000.0	2920.79260015523	0.0	0	0.0	3425.9350590083413	1	0	1.0	2.0291702921867953
51465.528660867574	3000.0	2960.4063981407567	0.0	0	0.0	3425.9350590083413	1	0	1.0	2.0291702921867953
52430.089810344696	3000.0	2995.8452486636356	0.0	0	0.0	3425.935059008334	1	0	1.0	2.029170292186797
53645.06694468886	3000.0	2780.868114319474	0.0	0	0.0	3425.935059008334	1	0	1.0	2.029170292186797
54770.51921010445	3000.0	2655.415848903877	0.0	0	0.0	3425.935059008334	1	0	1.0	2.029170292186797
55605.684990897076	3000.0	2820.250068111246	0.0	0	0.0	3425.935059008334	1	0	1.0	2.029170292186797
56865.40538892613	3000.0	2560.5296700822014	0.0	0	0.0	3425.935059008334	1	0	1.0	2.029170292186797
58060.64236217943	3000.0	2365.292696828901	0.0	0	0.0	3425.935059008334	1	0	1.0	2.029170292186797
58953.115733978106	3000.0	2472.8193250302197	0.0	0	0.0	3425.935059008334	1	0	1.0	2.029170292186797
59966.65551218011	3000.0	2459.2795468282234	0.0	0	0.0	3425.9350590083413	1	0	1.0	2.0291702921867953
60870.10292234181	3000.0	2555.8321366665286	0.0	0	0.0	3425.9350590083413	1	0	1.0	2.0291702921867953
61812.04243402929	3000.0	2613.892624979041	0.0	0	0.0	3425.935059008334	1	0	1.0	2.029170292186797
62612.20911666367	3000.0	2813.7259423446662	0.0	0	0.0	3425.935059008334	1	0	1.0	2.029170292186797
63844.588488399386	3000.0	2581.3465706089487	0.0	0	0.0	3425.935059008334	1	0	1.0	2.029170292186797
64864.396186392936	3000.0	2561.538872615409	0.0	0	0.0	3425.935059008334	1	0	1.0	2.029170292186797
65760.87518779685	3000.0	2665.0598712115075	0.0	0	0.0	3425.9350590083413	1	0	1.0	2.0291702921867967
66848.867727398	3000.0	2577.0673316103566	0.0	0	0.0	3425.935059008334	1	0	1.0	2.029170292186796
67942.08790694294	3000.0	2483.847152065431	0.0	0	0.0	3425.9350590083413	1	0	1.0	2.0291702921867962
68900.17991863424	3000.0	2525.7551403741113	0.0	0	0.0	3425.935059008327	1	0	1.0	2.0291702921867967
69722.57136757864	3000.0	2703.363691429724	0.0	0	0.0	3425.9350590083195	1	0	1.0	2.029170292186798
70939.7385556143	3000.0	2486.1965033940824	0.0	0	0.0	3425.9350590083195	1	0	1.0	2.029170292186801
71730.35347370205	3000.0	2695.581585306331	0.0	0	0.0	3425.9350590083195	1	0	1.0	2.029170292186801
72879.48598770855	3000.0	2546.4490712998377	0.0	0	0.0	3425.9350590083195	1	0	1.0	2.029170292186801
74098.78309699488	3000.0	2327.151962013511	0.0	0	0.0	3425.935059008334	1	0	1.0	2.029170292186797
75352.28833412426	3000.0	2073.6467248841527	0.0	0	0.0	3425.9350590083195	1	0	1.0	2.029170292186801
76374.67834455245	3000.0	2051.2567144559634	0.0	0	0.0	3425.9350590083195	1	0	1.0	2.029170292186801
77649.6519219055	3000.0	1776.2831371029165	0.0	0	0.0	3425.935059008334	1	0	1.0	2.029170292186797
78640.43826783808	3000.0	1785.4967911703325	0.0	0	0.0	3425.935059008334	1	0	1.0	2.029170292186797
79840.24645598924	3000.0	1585.688603019169	0.0	0	0.0	3425.935059008334	1	0	1.0	2.029170292186797
80945.9775626021	3000.0	1479.9574964062974	0.0	0	0.0	3425.9350590083195	1	0	1.0	2.029170292186801
81937.89633021962	3000.0	1488.0387287887697	0.0	0	0.0	3425.9350590083195	1	0	1.0	2.029170292186801
82630.46679927991	3000.0	1795.4682597284886	0.0	0	0.0	3425.9350590083195	1	0	1.0	2.029170292186801
83349.60857665939	3000.0	2076.326482349009	0.0	0	0.0	3425.9350590083195	1	0	1.0	2.029170292186801
84254.86325160511	3000.0	2171.0718074032566	0.0	0	0.0	3425.9350590083195	1	0	1.0	2.029170292186801
85307.40643037956	3000.0	2118.5286286287965	0.0	0	0.0	3425.9350590083195	1	0	1.0	2.029170292186801
86191.5268678983	3000.0	2234.4081911100657	0.0	0	0.0	3425.935059008334	1	0	1.0	2.029170292186797
87148.77437835393	3000.0	2277.160680654431	0.0	0	0.0	3425.935059008334	1	0	1.0	2.029170292186797
87929.23028000572	3000.0	2496.704779002631	0.0	0	0.0	3425.935059008334	1	0	1.0	2.029170292186797
89135.37695306711	3000.0	2290.5581059412293	0.0	0	0.0	3425.935059008334	1	0	1.0	2.029170292186797
90462.42032720856	3000.0	1963.514731799773	0.0	0	0.0	3425.935059008334	1	0	1.0	2.029170292186797
91712.25822572745	3000.0	1713.6768332808813	0.0	0	0.0	3425.935059008334	1	0	1.0	2.029170292186797
92469.90027702384	3000.0	1956.0347819844928	0.0	0	0.0	3425.935059008334	1	0	1.0	2.029170292186797
93323.66157996446	3000.0	2102.273479043879	0.0	0	0.0	3425.935059008334	1	0	1.0	2.029170292186797
94314.16223853984	3000.0	2111.772820468502	0.0	0	0.0	3425.9350590083195	1	0	1.0	2.029170292186801
95253.3589870707	3000.0	2172.5760719376417	0.0	0	0.0	3425.935059008305	1	0	1.0	2.029170292186805
96282.66284533893	3000.0	2143.2722136694156	0.0	0	0.0	3425.9350590083195	1	0	1.0	2.029170292186801
97435.5024359151	3000.0	1990.4326230932445	0.0	0	0.0	3425.935059008305	1	0	1.0	2.029170292186805
98324.4072763498	3000.0	2101.527782658556	0.0	0	0.0	3425.935059008305	1	0	1.0	2.029170292186805
99468.15816574742	3000.0	1957.7768932609463	0.0	0	0.0	3425.935059008305	1	0	1.0	2.029170292186805
100523.39671024587	3000.0	1902.5383487624927	0.0	0	0.0	3425.935059008305	1	0	1.0	2.029170292186805
101523.77058600742	3000.0	1902.164473000957	0.0	0	0.0	3425.935059008305	1	0	1.0	2.029170292186805
102299.9993854388	3000.0	2125.935673569588	0.0	0	0.0	3425.9350590083195	1	0	1.0	2.029170292186801
103120.58811153087	3000.0	2305.346947477523	0.0	0	0.0	3425.935059008334	1	0	1.0	2.029170292186797
103945.5957001241	3000.0	2480.3393588842864	0.0	0	0.0	3425.935059008334	1	0	1.0	2.029170292186797
104959.98729105508	3000.0	2465.947767953315	0.0	0	0.0	3425.935059008334	1	0	1.0	2.029170292186797
105972.78507942345	3000.0	2453.149979584929	0.0	0	0.0	3425.935059008334	1	0	1.0	2.029170292186797
106948.84671904283	3000.0	2477.088339965564	0.0	0	0.0	3425.935059008334	1	0	1.0	2.029170292186797
108021.52456922717	3000.0	2404.4104897812213	0.0	0	0.0	3425.9350590083195	1	0	1.0	2.029170292186801
109019.7301379967	3000.0	2406.2049210116948	0.0	0	0.0	3425.935059008305	1	0	1.0	2.029170292186805
110277.18034794297	3000.0	2148.754711065427	0.0	0	0.0	3425.935059008305	1	0	1.0	2.029170292186805
111187.08876867482	3000.0	2238.84629033357	0.0	0	0.0	3425.935059008305	1	0	1.0	2.029170292186805
112052.2978457331	3000.0	2373.6372132752817	0.0	0	0.0	3425.935059008305	1	0	1.0	2.029170292186805
112941.85196599834	3000.0	2484.083093010046	0.0	0	0.0	3425.935059008305	1	0	1.0	2.029170292186805
114209.50235124491	3000.0	2216.432707763475	0.0	0	0.0	3425.935059008305	1	0	1.0	2.029170292186805
115038.69895128832	3000.0	2387.2361077200767	0.0	0	0.0	3425.935059008305	1	0	1.0	2.029170292186805
115900.02599843549	3000.0	2525.9090605729034	0.0	0	0.0	3425.935059008305	1	0	1.0	2.029170292186805
117097.37486824274	3000.0	2328.5601907656574	0.0	0	0.0	3425.935059008305	1	0	1.0	2.029170292186805
118236.43701871231	3000.0	2189.4980402960873	0.0	0	0.0	3425.935059008305	1	0	1.0	2.029170292186805
119106.72039905036	3000.0	2319.214659958041	0.0	0	0.0	3425.935059008305	1	0	1.0	2.029170292186805
120351.36751429002	3000.0	2074.567544718379	0.0	0	0.0	3425.935059008305	1	0	1.0	2.029170292186805
121530.79200854509	3000.0	1895.1430504633086	0.0	0	0.0	3425.935059008305	1	0	1.0	2.029170292186805
122566.0004408235	3000.0	1859.934618184915	0.0	0	0.0	3425.935059008305	1	0	1.0	2.029170292186805
123666.86035721628	3000.0	1759.0747017921476	0.0	0	0.0	3425.935059008305	1	0	1.0	2.029170292186805
124713.23322998905	3000.0	1712.7018290193648	0.0	0	0.0	3425.935059008305	1	0	1.0	2.029170292186805
125840.83030684051	3000.0	1585.1047521679052	0.0	0	0.0	3425.935059008305	1	0	1.0	2.029170292186805
126666.74933069786	3000.0	1759.18572831055	0.0	0	0.0	3425.935059008305	1	0	1.0	2.029170292186805
127676.33581406224	3000.0	1749.5992449461564	0.0	0	0.0	3425.935059008305	1	0	1.0	2.029170292186805
128860.26666421263	3000.0	1565.6683947957708	0.0	0	0.0	3425.935059008305	1	0	1.0	2.029170292186805
129654.68613672108	3000.0	1771.248922287318	0.0	0	0.0	3425.935059008305	1	0	1.0	2.029170292186805
130807.31404184792	3000.0	1618.6210171604966	0.0	0	0.0	3425.935059008305	1	0	1.0	2.029170292186805
131608.61844846152	2000.0	1817.316610546893	0.0	0	0.0	3425.9350590083195	1	0	1.0	1.2182400759704717
132733.69369509077	3000.0	1692.241363917659	0.0	0	0.0	3425.935059008334	1	0	1.0	1.6237051840786347
134015.31161886736	3000.0	1410.6234401410754	0.0	0	0.0	3425.9350590083195	1	0	1.0	2.0291702921868
134702.61154610774	2000.0	1723.3235129006655	0.0	0	0.0	3425.935059008334	1	0	1.0	1.2182400759704692
135374.71364108386	3000.0	2051.221417924522	0.0	0	0.0	3425.935059008334	1	0	1.0	1.6237051840786325
136165.27480648426	3000.0	2260.6602525241556	0.0	0	0.0	3425.935059008363	1	0	1.0	2.0291702921867896
136860.58110456148	3000.0	2565.3539544469377	0.0	0	0.0	3425.935059008363	1	0	1.0	2.0291702921867896
138101.6988189627	3000.0	2324.2362400457423	0.0	0	0.0	3425.935059008363	1	0	1.0	2.0291702921867896
139418.80888476945	3000.0	2007.126174239018	0.0	0	0.0	3425.9350590083923	1	0	1.0	2.029170292186782
140495.4414852011	3000.0	1930.4935738073243	0.0	0	0.0	3425.9350590083923	1	0	1.0	2.029170292186782
141234.18634127086	3000.0	2191.748717737546	0.0	0	0.0	3425.9350590083923	1	0	1.0	2.029170292186782
142428.04353570993	3000.0	1997.8915232984416	0.0	0	0.0	3425.9350590083923	1	0	1.0	2.029170292186782
143222.44849615992	3000.0	2203.48656284843	0.0	0	0.0	3425.9350590083923	1	0	1.0	2.029170292186782
144526.76056721306	3000.0	1899.1744917953147	0.0	0	0.0	3425.9350590083923	1	0	1.0	2.029170292186782
145714.43934730176	3000.0	1711.4957117066215	0.0	0	0.0	3425.9350590083923	1	0	1.0	2.029170292186782
146963.31476922004	3000.0	1462.6202897883427	0.0	0	0.0	3425.9350590083923	1	0	1.0	2.029170292186782
147932.77633792796	3000.0	1493.1587210804307	0.0	0	0.0	3425.9350590083923	1	0	1.0	2.029170292186782
148848.75600907166	3000.0	1577.1790499367194	0.0	0	0.0	3425.9350590083923	1	0	1.0	2.029170292186782
149744.12088228003	3000.0	1681.8141767283753	0.0	0	0.0	3425.9350590084214	1	0	1.0	2.0291702921867745
150938.18566137995	3000.0	1487.7493976284375	0.0	0	0.0	3425.9350590084214	1	0	1.0	2.0291702921867745
151676.42021517368	3000.0	1749.514843834689	0.0	0	0.0	3425.9350590084505	1	0	1.0	2.0291702921867665
152627.40177037203	3000.0	1798.5332886363776	0.0	0	0.0	3425.9350590084505	1	0	1.0	2.0291702921867665
153324.55264492927	3000.0	2101.382414079137	0.0	0	0.0	3425.9350590084505	1	0	1.0	2.0291702921867665
154208.26763598068	3000.0	2217.667423027731	0.0	0	0.0	3425.9350590084505	1	0	1.0	2.0291702921867665
155172.02855508612	3000.0	2253.9065039222955	0.0	0	0.0	3425.9350590084505	1	0	1.0	2.0291702921867665
155803.1903928957	3000.0	2622.7446661127424	0.0	0	0.0	3425.9350590084796	1	0	1.0	2.029170292186759
156519.93520124204	3000.0	2905.9998577664114	0.0	0	0.0	3425.9350590084796	1	0	1.0	2.029170292186759
157632.91361174226	3000.0	2793.0214472661655	0.0	0	0.0	3425.9350590084796	1	0	1.0	2.029170292186759
158638.02259485508	3000.0	2787.912464153342	0.0	0	0.0	3425.9350590084796	1	0	1.0	2.029170292186759
159659.44857000437	3000.0	2766.486489004043	0.0	0	0.0	3425.9350590084796	1	0	1.0	2.029170292186759
160277.4917283946	3000.0	3148.443330613819	0.0	0	0.0	3425.9350590084796	1	0	1.0	2.029170292186759
161200.0	3000.0	3225.9350590084523	0.0	0	254.18096904095728	3425.9350590084796	1	0	1.0	2.029170292186759
162266.45539912677	3000.0	3159.479659881653	0.0	0	0.0	3425.9350590085087	1	0	1.0	2.0291702921867514
163251.88659702206	3000.0	3174.0484619864033	0.0	0	0.0	3425.9350590085087	1	0	1.0	2.0291702921867514
164213.30204569822	3000.0	3212.633013310231	0.0	0	0.0	3425.9350590085087	1	0	1.0	2.0291702921867514
165200.0	3000.0	3225.93505900843	0.0	0	92.18235544997151	3425.9350590085087	1	0	1.0	2.0291702921867514
166276.0821720457	3000.0	3149.8528869627435	0.0	0	0.0	3425.9350590085087	1	0	1.0	2.0291702921867514
167200.0	3000.0	3225.9350590084296	0.0	0	2.5963801344041713	3425.9350590085087	1	0	1.0	2.0291702921867514
168286.50945420784	3000.0	3139.4256048005714	0.0	0	0.0	3425.9350590085087	1	0	1.0	2.0291702921867514
169414.5058817455	3000.0	3011.429177262893	0.0	0	0.0	3425.9350590085087	1	0	1.0	2.0291702921867514
170274.61785174836	3000.0	3151.3172072600614	0.0	0	0.0	3425.9350590085087	1	0	1.0	2.0291702921867514
171276.8528275545	3000.0	3149.0822314539337	0.0	0	0.0	3425.9350590085087	1	0	1.0	2.0291702921867514
172302.16399303672	3000.0	3123.7710659717527	0.0	0	0.0	3425.9350590085087	1	0	1.0	2.0291702921867514
173200.0	3000.0	3225.9350590084987	0.0	0	197.5759245439549	3425.935059008538	1	0	1.0	2.0291702921867434
174200.0	3000.0	3225.9350590084564	0.0	0	258.24569730920484	3425.935059008538	1	0	1.0	2.0291702921867434
175200.0	3000.0	3225.935059008488	0.0	0	320.0696154082252	3425.935059008538	1	0	1.0	2.0291702921867434
176200.0	3000.0	3225.9350590084555	0.0	0	210.25284876013757	3425.9350590085087	1	0	1.0	2.0291702921867496
177255.3977213719	3000.0	3170.5373376365515	0.0	0	0.0	3425.9350590084796	1	0	1.0	2.029170292186759
178200.0	3000.0	3225.935059008433	0.0	0	260.52407448994927	3425.9350590084796	1	0	1.0	2.029170292186759
179200.0	3000.0	3225.9350590084387	0.0	0	47.87410019477829	3425.9350590084796	1	0	1.0	2.029170292186759
180200.0	3000.0	3225.935059008462	0.0	0	39.915671777765965	3425.9350590084796	1	0	1.0	2.029170292186759
181327.46301727198	3000.0	3098.472041736503	0.0	0	0.0	3425.9350590084796	1	0	1.0	2.029170292186759
182513.77356826505	3000.0	2912.1614907434137	0.0	0	0.0	3425.9350590084796	1	0	1.0	2.029170292186759
183636.6284366533	3000.0	2789.3066223551427	0.0	0	0.0	3425.9350590084505	1	0	1.0	2.0291702921867665
184738.80330253506	3000.0	2687.13175647335	0.0	0	0.0	3425.9350590084505	1	0	1.0	2.0291702921867665
185862.4305796117	3000.0	2563.504479396718	0.0	0	0.0	3425.9350590084505	1	0	1.0	2.0291702921867665
186679.10120967813	3000.0	2746.833849330315	0.0	0	0.0	3425.9350590084214	1	0	1.0	2.0291702921867683
187361.5365435689	3000.0	3064.398515439574	0.0	0	0.0	3425.9350590084505	1	0	1.0	2.0291702921867665
188466.44459831502	3000.0	2959.4904606934315	0.0	0	0.0	3425.9350590084505	1	0	1.0	2.0291702921867665
189626.65346976445	3000.0	2799.2815892439994	0.0	0	0.0	3425.9350590084505	1	0	1.0	2.0291702921867665
190336.652449338	3000.0	3089.2826096704184	0.0	0	0.0	3425.9350590084505	1	0	1.0	2.0291702921867665
191200.0	3000.0	3225.935059008437	0.0	0	75.2433563664963	3425.9350590084505	1	0	1.0	2.0291702921867665
192200.0	3000.0	3225.935059008413	0.0	0	262.94544961472275	3425.9350590084505	1	0	1.0	2.0291702921867665
193261.70682689405	3000.0	3164.2282321143744	0.0	0	0.0	3425.9350590084796	1	0	1.0	2.029170292186759
194200.0	3000.0	3225.9350590084655	0.0	0	142.93955995282158	3425.9350590084796	1	0	1.0	2.029170292186759
195447.9838257536	3000.0	2977.95123325486	0.0	0	0.0	3425.9350590084796	1	0	1.0	2.029170292186759
196343.62572007612	3000.0	3082.309338932351	0.0	0	0.0	3425.9350590085087	1	0	1.0	2.0291702921867514
197263.82715103193	3000.0	3162.1079079765477	0.0	0	0.0	3425.9350590085087	1	0	1.0	2.0291702921867514
198200.0	3000.0	3225.93505900849	0.0	0	295.24983487444115	3425.9350590085087	1	0	1.0	2.0291702921867514
199282.96686015523	3000.0	3142.968198853303	0.0	0	0.0	3425.9350590085087	1	0	1.0	2.0291702921867514
200200.0	3000.0	3225.935059008542	0.0	0	40.28453985537635	3425.9350590085087	1	0	1.0	2.0291702921867514
201200.0	3000.0	3225.9350590085774	0.0	0	164.8882592942682	3425.935059008538	1	0	1.0	2.0291702921867434
202200.0	3000.0	3225.9350590085633	0.0	0	273.9786635936762	3425.9350590085087	1	0	1.0	2.0291702921867514
203202.14348124285	3000.0	3223.7915777656813	0.0	0	0.0	3425.9350590085087	1	0	1.0	2.0291702921867514
204200.0	3000.0	3225.9350590085114	0.0	0	89.40523761691293	3425.9350590085087	1	0	1.0	2.0291702921867514
205200.0	3000.0	3225.9350590084914	0.0	0	56.92517344246153	3425.9350590085087	1	0	1.0	2.0291702921867514
206305.46049793912	3000.0	3120.474561069413	0.0	0	0.0	3425.9350590085087	1	0	1.0	2.0291702921867514
207325.5057448304	3000.0	3100.429314178125	0.0	0	0.0	3425.9350590085087	1	0	1.0	2.0291702921867514
208664.26200455287	3000.0	2761.673054455657	0.0	0	0.0	3425.935059008538	1	0	1.0	2.0291702921867434
209634.31471388193	3000.0	2791.6203451266038	0.0	0	0.0	3425.935059008538	1	0	1.0	2.0291702921867434
210697.4194562045	3000.0	2728.51560280404	0.0	0	0.0	3425.9350590085087	1	0	1.0	2.029170292186745
211424.2879375251	3000.0	3001.647121483411	0.0	0	0.0	3425.9350590085087	1	0	1.0	2.0291702921867514
212283.94886110842	3000.0	3141.9861979000907	0.0	0	0.0	3425.9350590084796	1	0	1.0	2.029170292186759
213407.89159802653	3000.0	3018.0434609819695	0.0	0	0.0	3425.9350590084796	1	0	1.0	2.029170292186759
214666.44735323865	3000.0	2759.4877057698527	0.0	0	0.0	3425.9350590084796	1	0	1.0	2.029170292186759
215677.37914166178	3000.0	2748.555917346746	0.0	0	0.0	3425.9350590085087	1	0	1.0	2.0291702921867514
216512.58219011582	3000.0	2913.3528688926945	0.0	0	0.0	3425.9350590085087	1	0	1.0	2.0291702921867514
217642.64225529326	3000.0	2783.292803715259	0.0	0	0.0	3425.935059008567	1	0	1.0	2.029170292186742
218410.95432812523	3000.0	3014.980730883293	0.0	0	0.0	3425.935059008567	1	0	1.0	2.029170292186736
219760.23299459004	3000.0	2665.7020644184663	0.0	0	0.0	3425.935059008596	1	0	1.0	2.0291702921867283
220807.50463868462	3000.0	2618.430420323859	0.0	0	0.0	3425.935059008567	1	0	1.0	2.029170292186736
221640.48966856158	3000.0	2785.4453904469037	0.0	0	0.0	3425.935059008567	1	0	1.0	2.029170292186736
222543.58064620133	3000.0	2882.3544128071494	0.0	0	0.0	3425.935059008538	1	0	1.0	2.0291702921867434
223653.9716521269	3000.0	2771.9634068815935	0.0	0	0.0	3425.935059008538	1	0	1.0	2.0291702921867434
224645.04202703483	3000.0	2780.8930319736583	0.0	0	0.0	3425.9350590085087	1	0	1.0	2.029170292186745
225781.54992954308	3000.0	2644.3851294654164	0.0	0	0.0	3425.9350590085087	1	0	1.0	2.0291702921867514
226968.20961001597	3000.0	2457.725448992481	0.0	0	0.0	3425.9350590084796	1	0	1.0	2.029170292186759
227753.98618804122	3000.0	2671.9488709672596	0.0	0	0.0	3425.9350590084796	1	0	1.0	2.029170292186759
228836.50060912396	3000.0	2589.434449884499	0.0	0	0.0	3425.9350590084796	1	0	1.0	2.029170292186759
229928.87293904377	3000.0	2497.0621199646803	0.0	0	0.0	3425.9350590084796	1	0	1.0	2.029170292186759
230673.39471447992	3000.0	2752.5403445285233	0.0	0	0.0	3425.9350590084796	1	0	1.0	2.029170292186759
231459.3284457949	3000.0	2966.6066132135097	0.0	0	0.0	3425.9350590084796	1	0	1.0	2.029170292186759
232638.1587598142	3000.0	2787.776299194241	0.0	0	0.0	3425.9350590085087	1	0	1.0	2.0291702921867514
233881.96478775254	3000.0	2543.9702712558874	0.0	0	0.0	3425.9350590085087	1	0	1.0	2.0291702921867514
234976.77782737807	3000.0	2449.1572316303445	0.0	0	0.0	3425.9350590084796	1	0	1.0	2.029170292186756
235763.476163311	3000.0	2662.4588956974562	0.0	0	0.0	3425.9350590084796	1	0	1.0	2.029170292186759
236628.10164926108	3000.0	2797.8334097473717	0.0	0	0.0	3425.9350590084796	1	0	1.0	2.029170292186759
237585.038763387	3000.0	2840.896295621443	0.0	0	0.0	3425.9350590084796	1	0	1.0	2.029170292186759
238533.66418443	3000.0	2892.2708745784366	0.0	0	0.0	3425.9350590084796	1	0	1.0	2.029170292186759
239536.41414761572	3000.0	2889.520911392734	0.0	0	0.0	3425.9350590085087	1	0	1.0	2.0291702921867514
240402.23058776566	3000.0	3023.704471242804	0.0	0	0.0	3425.9350590085087	1	0	1.0	2.0291702921867514
241340.97640189272	3000.0	3084.9586571157593	0.0	0	0.0	3425.935059008538	1	0	1.0	2.0291702921867434
242440.45360028034	3000.0	2985.4814587281758	0.0	0	0.0	3425.935059008567	1	0	1.0	2.029170292186736
243547.48142765192	3000.0	2878.4536313566105	0.0	0	0.0	3425.935059008596	1	0	1.0	2.0291702921867283
244458.48572171453	3000.0	2967.4493372940224	0.0	0	0.0	3425.935059008596	1	0	1.0	2.0291702921867283
245353.90773634354	3000.0	3072.027322665015	0.0	0	0.0	3425.935059008596	1	0	1.0	2.0291702921867283
246200.0	3000.0	3225.9350590085282	0.0	0	97.43604621873237	3425.935059008567	1	0	1.0	2.029170292186736
247287.17291681614	3000.0	3138.7621421923964	0.0	0	0.0	3425.935059008538	1	0	1.0	2.0291702921867434
248200.0	3000.0	3225.9350590085255	0.0	0	39.93435386350029	3425.935059008538	1	0	1.0	2.0291702921867434
249200.0	3000.0	3225.9350590085046	0.0	0	88.48752552343649	3425.9350590085087	1	0	1.0	2.0291702921867514
250331.4262052979	3000.0	3094.508853710597	0.0	0	0.0	3425.9350590085087	1	0	1.0	2.0291702921867514
251200.0	3000.0	3225.935059008516	0.0	0	89.91524480649969	3425.9350590084796	1	0	1.0	2.029170292186759
252323.07440190326	3000.0	3102.860657105274	0.0	0	0.0	3425.9350590084505	1	0	1.0	2.0291702921867665
253233.86812438982	3000.0	3192.066934618691	0.0	0	0.0	3425.9350590084505	1	0	1.0	2.0291702921867665
254200.0	3000.0	3225.935059008473	0.0	0	138.41971837411984	3425.9350590084214	1	0	1.0	2.0291702921867745
255200.0	3000.0	3225.9350590084737	0.0	0	253.2352705790836	3425.9350590084505	1	0	1.0	2.029170292186768
256200.0	3000.0	3225.9350590084678	0.0	0	18.749203906860203	3425.9350590084505	1	0	1.0	2.0291702921867665
257200.0	3000.0	3225.935059008499	0.0	0	57.2575905782287	3425.9350590084505	1	0	1.0	2.0291702921867665
258200.0	3000.0	3225.9350590084755	0.0	0	12.652660351421218	3425.9350590084505	1	0	1.0	2.0291702921867665
259200.0	3000.0	3225.9350590085005	0.0	0	145.0148929793504	3425.9350590084505	1	0	1.0	2.0291702921867665
260200.0	3000.0	3225.9350590085223	0.0	0	208.4793683118478	3425.9350590084505	1	0	1.0	2.0291702921867665
261350.39038229088	3000.0	3075.5446767176213	0.0	0	0.0	3425.9350590084505	1	0	1.0	2.0291702921867665
262345.65569656406	3000.0	3080.279362444465	0.0	0	0.0	3425.9350590084505	1	0	1.0	2.0291702921867665
263245.70681721077	3000.0	3180.2282417978	0.0	0	0.0	3425.9350590085087	1	0	1.0	2.029170292186756
264200.0	3000.0	3225.9350590085123	0.0	0	121.9883923366433	3425.9350590084505	1	0	1.0	2.0291702921867603
265261.5063560944	3000.0	3164.4287029141483	0.0	0	0.0	3425.9350590084796	1	0	1.0	2.0291702921867607
266200.0	3000.0	3225.9350590085273	0.0	0	210.93046844482888	3425.9350590084214	1	0	1.0	2.0291702921867714
267279.4322507459	3000.0	3146.5028082626804	0.0	0	0.0	3425.9350590084796	1	0	1.0	2.029170292186759
268200.0	3000.0	3225.9350590085614	0.0	0	35.72503351100022	3425.9350590084796	1	0	1.0	2.029170292186759
269320.13025376503	3000.0	3105.804805243529	0.0	0	0.0	3425.9350590084796	1	0	1.0	2.029170292186759
270502.85728454066	3000.0	2923.0777744679317	0.0	0	0.0	3425.9350590084796	1	0	1.0	2.029170292186759
271501.1298437513	3000.0	2924.8052152572986	0.0	0	0.0	3425.935059008538	1	0	1.0	2.0291702921867434
272571.43901969126	3000.0	2854.4960393173815	0.0	0	0.0	3425.935059008538	1	0	1.0	2.0291702921867434
273481.00197376934	3000.0	2944.933085239294	0.0	0	0.0	3425.935059008596	1	0	1.0	2.0291702921867283
274603.05700535333	3000.0	2822.8780536553636	0.0	0	0.0	3425.935059008596	1	0	1.0	2.0291702921867283
275654.7413453443	3000.0	2771.1937136643946	0.0	0	0.0	3425.935059008538	1	0	1.0	2.0291702921867434
276941.6786627601	3000.0	2484.256396248609	0.0	0	0.0	3425.935059008538	1	0	1.0	2.0291702921867434
278015.9830861472	3000.0	2409.9519728615355	0.0	0	0.0	3425.935059008538	1	0	1.0	2.0291702921867434
279028.57189915056	3000.0	2397.3631598581414	0.0	0	0.0	3425.935059008538	1	0	1.0	2.0291702921867434
280107.8484295065	3000.0	2318.0866295021506	0.0	0	0.0	3425.935059008596	1	0	1.0	2.0291702921867283
281294.6094215731	3000.0	2131.325637435558	0.0	0	0.0	3425.935059008596	1	0	1.0	2.0291702921867283
282361.08780545933	3000.0	2064.8472535493356	0.0	0	0.0	3425.935059008538	1	0	1.0	2.0291702921867434
283523.28496066155	3000.0	1902.6500983471183	0.0	0	0.0	3425.9350590084796	1	0	1.0	2.029170292186759
284584.8860122058	3000.0	1841.049046802957	0.0	0	0.0	3425.9350590084796	1	0	1.0	2.029170292186759
285237.61500555085	3000.0	2188.3200534578846	0.0	0	0.0	3425.935059008538	1	0	1.0	2.0291702921867434
286118.06485695305	3000.0	2307.8702020556366	0.0	0	0.0	3425.9350590084796	1	0	1.0	2.029170292186759
287122.9861697064	3000.0	2302.948889302298	0.0	0	0.0	3425.9350590084796	1	0	1.0	2.029170292186759
287935.90199105296	3000.0	2490.033067955714	0.0	0	0.0	3425.9350590084796	1	0	1.0	2.029170292186759
289120.13578493724	3000.0	2305.799274071476	0.0	0	0.0	3425.9350590084796	1	0	1.0	2.029170292186759
289894.93272235553	3000.0	2531.002336653175	0.0	0	0.0	3425.9350590084214	1	0	1.0	2.0291702921867745
290921.1510506163	3000.0	2504.784008392411	0.0	0	0.0	3425.935059008363	1	0	1.0	2.0291702921867834
291971.4853452927	3000.0	2454.4497137159783	0.0	0	0.0	3425.935059008363	1	0	1.0	2.0291702921867896
292983.00512385997	3000.0	2442.9299351487293	0.0	0	0.0	3425.935059008305	1	0	1.0	2.029170292186799
293764.6195762656	3000.0	2661.315482743044	0.0	0	0.0	3425.935059008305	1	0	1.0	2.029170292186805
294586.6046908829	3000.0	2839.3303681256743	0.0	0	0.0	3425.935059008305	1	0	1.0	2.029170292186805
295627.7032177153	3000.0	2798.231841293275	0.0	0	0.0	3425.935059008305	1	0	1.0	2.029170292186805
296476.1438544857	3000.0	2949.791204522881	0.0	0	0.0	3425.935059008305	1	0	1.0	2.029170292186805
297660.0850827786	3000.0	2765.8499762299857	0.0	0	0.0	3425.9350590082468	1	0	1.0	2.029170292186808
298368.30260160775	3000.0	3057.632457400863	0.0	0	0.0	3425.9350590082468	1	0	1.0	2.02917029218682
299342.0914860577	3000.0	3083.8435729509365	0.0	0	0.0	3425.9350590082468	1	0	1.0	2.02917029218682
300276.3075903829	3000.0	3149.6274686256893	0.0	0	0.0	3425.9350590082468	1	0	1.0	2.02917029218682
301200.0	3000.0	3225.9350590085837	0.0	0	44.27263919648249	3425.935059008305	1	0	1.0	2.029170292186805
302397.65809370717	3000.0	3028.276965301384	0.0	0	0.0	3425.935059008305	1	0	1.0	2.029170292186805
3.87864	4.04864	3.46264	3.49864	3.24064	3.64464	4.07664	3.8106400000000002	3.49464	3.34264	3.54864	3.68264	3.56064	3.65864	3.47664	3.76864	3.58264	3.86864	3.54064	3.55664	3.7266399999999997	3.56464	3.30264	3.71064	3.97064	3.89064	3.42064	3.42064	3.15864	3.41464	3.81664	3.44064	3.79064	4.05264	3.51064	3.40064	3.61664	3.63864	3.38264	3.2026399999999997	3.24064	3.32264	3.38864	3.55464	3.63464	3.89864	3.42264	3.36664	3.37664	3.1991489361702126	3.3151489361702127	3.2591489361702126	3.3271489361702127	3.1471489361702125	3.205148936170213	3.349148936170213	3.3971489361702125	3.3911489361702127	3.1331489361702127	3.1051489361702127	3.0131489361702126	3.1991489361702126	3.2711489361702126	3.1711489361702125	2.9731489361702126	3.0931489361702127	2.9271489361702128	3.035148936170213	3.1331489361702127	3.0991489361702125	3.0531489361702127	3.027148936170213	2.9211489361702125	3.1191489361702125	3.2871489361702126	3.313148936170213	3.5951489361702125	3.5611489361702127	3.3311489361702127	2.967148936170213	3.1151489361702125	3.1331489361702127	3.0891489361702127	3.2151489361702126	3.027148936170213	2.9211489361702125	3.0531489361702127	3.1151489361702125	2.8771489361702125	3.289148936170213	3.3391489361702127	3.305148936170213	3.495148936170213	3.2071489361702126	3.1051489361702127	3.2031489361702126	3.0586399999999996	3.13664	3.47064	3.51464	3.2846399999999996	3.32664	3.4246399999999997	3.49864	3.1906399999999997	3.3646399999999996	3.78264	3.4006399999999997	3.23264	3.0586399999999996	3.2806399999999996	3.3606399999999996	3.20064	3.3286399999999996	3.13264	3.14864	3.3446399999999996	3.3686399999999996	3.2926399999999996	3.3326399999999996	3.0086399999999998	3.3366399999999996	3.29464	3.0466399999999996	3.1946399999999997	3.2346399999999997	2.83464	3.0666399999999996	3.09664	3.1906399999999997	3.53664	3.65264	3.4166399999999997	3.09664	3.24864	3.37464	3.41064	3.3206399999999996	3.39864	3.10464	3.2926399999999996	3.2106399999999997	3.39464	3.3366399999999996	3.2966399999999996	3.10864	3.5399999999999996	3.4559999999999995	3.3839999999999995	3.65864	3.87864	4.04864	3.46264	3.49864	3.24064	3.64464	4.07664	3.8106400000000002	3.49464	3.34264	3.54864	3.68264	3.56064	3.65864	3.47664	3.76864	3.58264	3.86864	3.54064	3.55664	3.7266399999999997	3.56464	3.30264	3.71064	3.97064	3.89064	3.42064	3.42064	3.15864	3.41464	3.81664	3.44064	3.79064	4.05264	3.51064	3.40064	3.61664	3.63864	3.38264	3.2026399999999997	3.24064	3.32264	3.38864	3.55464	3.63464	3.89864	3.42264	3.36664	3.37664	3.1991489361702126	3.3151489361702127	3.2591489361702126	3.3271489361702127	3.1471489361702125	3.205148936170213	3.349148936170213	3.3971489361702125	3.3911489361702127	3.1331489361702127	3.1051489361702127	3.0131489361702126	3.1991489361702126	3.2711489361702126	3.1711489361702125	2.9731489361702126	3.0931489361702127	2.9271489361702128	3.035148936170213	3.1331489361702127	3.0991489361702125	3.0531489361702127	3.027148936170213	2.9211489361702125	3.1191489361702125	3.2871489361702126	3.313148936170213	3.5951489361702125	3.5611489361702127	3.3311489361702127	2.967148936170213	3.1151489361702125	3.1331489361702127	3.0891489361702127	3.2151489361702126	3.027148936170213	2.9211489361702125	3.0531489361702127	3.1151489361702125	2.8771489361702125	3.289148936170213	3.3391489361702127	3.305148936170213	3.495148936170213	3.2071489361702126	3.1051489361702127	3.2031489361702126	3.0586399999999996	3.13664	3.47064	3.51464	3.2846399999999996	3.32664	3.4246399999999997	3.49864	3.1906399999999997	3.3646399999999996	3.78264	3.4006399999999997	3.23264	3.0586399999999996	3.2806399999999996	3.3606399999999996	3.20064	3.3286399999999996	3.13264	3.14864	3.3446399999999996	3.3686399999999996	3.2926399999999996	3.3326399999999996	3.0086399999999998	3.3366399999999996	3.29464	3.0466399999999996	3.1946399999999997	3.2346399999999997	2.83464	3.0666399999999996	3.09664	3.1906399999999997	3.53664	3.65264	3.4166399999999997	3.09664	3.24864	3.37464	3.41064	3.3206399999999996	3.39864	3.10464	3.2926399999999996	3.2106399999999997	3.39464	3.3366399999999996	3.2966399999999996	3.10864	3.5399999999999996	3.4559999999999995	3.3839999999999995	3.65864	3.87864	4.04864	3.46264
1.0	2.0	3.0	4.0	5.0	6.0	7.0	8.0	9.0	10.0	11.0	12.0	13.0	14.0	15.0	16.0	17.0	18.0	19.0	20.0	21.0	22.0	23.0	24.0	25.0	26.0	27.0	28.0	29.0	30.0	31.0	32.0	33.0	34.0	35.0	36.0	37.0	38.0	39.0	40.0	41.0	42.0	43.0	44.0	45.0	46.0	47.0	48.0	49.0	50.0	51.0	52.0	53.0	54.0	55.0	56.0	57.0	58.0	59.0	60.0	61.0	62.0	63.0	64.0	65.0	66.0	67.0	68.0	69.0	70.0	71.0	72.0	73.0	74.0	75.0	76.0	77.0	78.0	79.0	80.0	81.0	82.0	83.0	84.0	85.0	86.0	87.0	88.0	89.0	90.0	91.0	92.0	93.0	94.0	95.0	96.0	97.0	98.0	99.0	100.0	101.0	102.0	103.0	104.0	105.0	106.0	107.0	108.0	109.0	110.0	111.0	112.0	113.0	114.0	115.0	116.0	117.0	118.0	119.0	120.0	121.0	122.0	123.0	124.0	125.0	126.0	127.0	128.0	129.0	130.0	131.0	132.0	133.0	134.0	135.0	136.0	137.0	138.0	139.0	140.0	141.0	142.0	143.0	144.0	145.0	146.0	147.0	148.0	149.0	149.0	150.0	151.0	152.0	153.0	154.0	155.0	156.0	157.0	158.0	159.0	160.0	161.0	162.0	163.0	164.0	165.0	166.0	167.0	168.0	169.0	170.0	171.0	172.0	173.0	174.0	175.0	176.0	177.0	178.0	179.0	180.0	181.0	182.0	183.0	184.0	185.0	186.0	187.0	188.0	189.0	190.0	191.0	192.0	193.0	194.0	195.0	196.0	197.0	198.0	199.0	200.0	201.0	202.0	203.0	204.0	205.0	206.0	207.0	208.0	209.0	210.0	211.0	212.0	213.0	214.0	215.0	216.0	217.0	218.0	219.0	220.0	221.0	222.0	223.0	224.0	225.0	226.0	227.0	228.0	229.0	230.0	231.0	232.0	233.0	234.0	235.0	236.0	237.0	238.0	239.0	240.0	241.0	242.0	243.0	244.0	245.0	246.0	247.0	248.0	249.0	250.0	251.0	252.0	253.0	254.0	255.0	256.0	257.0	258.0	259.0	260.0	261.0	262.0	263.0	264.0	265.0	266.0	267.0	268.0	269.0	270.0	271.0	272.0	273.0	274.0	275.0	276.0	277.0	278.0	279.0	280.0	281.0	282.0	283.0	284.0	285.0	286.0	287.0	288.0	289.0	290.0	291.0	292.0	293.0	294.0	295.0	296.0	297.0	298.0	298.0	299.0	300.0	301.0
4639.41106288215
