2672.2981177930824	2000.0	2000.0	345.80711112583833	0	0.0	2672.2981177930824	1	0	1.0	-2.1932298501251033
3217.603505182742	3000.0	2454.6946126103408	0.0	0	0.0	2672.298117793083	1	0	1.0	1.7684785479955045
4200.0	3000.0	2472.2981177930833	0.0	0	171.40443468820786	2672.298117793083	1	0	1.0	2.173943656103669
5200.0	3000.0	2472.2981177930833	0.0	0	415.11128407443175	2672.2981177930833	1	0	1.0	2.173943656103669
6957.518756580978	6000.0	1714.779361212104	0.0	0	0.0	2672.2981177930824	1	0	1.0	2.1739436561036687
8074.458803595804	3000.0	1597.8393141972772	0.0	0	0.0	2672.2981177930824	1	0	1.0	1.4807964755437244
8971.0901603222	3000.0	1701.207957470885	0.0	0	0.0	2672.298117793086	1	0	1.0	2.173943656103669
9931.061161241096	3000.0	1741.2369565519878	0.0	0	0.0	2672.298117793084	1	0	1.0	2.173943656103669
11119.995598329167	3000.0	1552.3025194639183	0.0	0	0.0	2672.298117793085	1	0	1.0	2.173943656103669
12003.70071653265	3000.0	1668.597401260434	0.0	0	0.0	2672.298117793085	1	0	1.0	2.173943656103669
13525.37270959728	3000.0	1146.9254081958036	0.0	0	0.0	2672.298117793085	1	0	1.0	2.173943656103669
14306.039468468758	2000.0	1366.2586493243266	0.0	0	0.0	2672.298117793085	1	0	1.0	1.3630134398873395
14881.455892210273	2000.0	1790.8422255828104	0.0	0	0.0	2672.2981177930833	1	0	1.0	1.7684785479955043
15769.95174563457	2000.0	1902.3463721585135	0.0	0	0.0	2672.2981177930833	1	0	1.0	1.7684785479955043
16444.81531865084	2000.0	2227.4827991422458	0.0	0	0.0	2672.298117793085	1	0	1.0	1.768478547995504
17675.583288585905	3000.0	1996.7148292071827	0.0	0	0.0	2672.2981177930906	1	0	1.0	1.7684785479955039
18416.229870150495	2000.0	2256.068247642592	0.0	0	0.0	2672.2981177930906	1	0	1.0	1.3630134398873388
19627.139981791915	3000.0	2045.1581360011737	0.0	0	0.0	2672.2981177930924	1	0	1.0	1.7684785479955032
20569.63838871856	3000.0	2102.659729074532	0.0	0	0.0	2672.298117793096	1	0	1.0	2.1739436561036674
21252.55710302321	3000.0	2419.741014769881	0.0	0	0.0	2672.298117793096	1	0	1.0	2.1739436561036674
22205.89435178394	3000.0	2466.403766009153	0.0	0	0.0	2672.298117793096	1	0	1.0	2.1739436561036674
23200.0	3000.0	2472.298117793092	0.0	0	60.14185372693464	2672.298117793096	1	0	1.0	2.1739436561036674
24200.0	3000.0	2472.298117793089	0.0	0	244.69151333683112	2672.2981177930924	1	0	1.0	2.173943656103668
25522.55530456266	3000.0	2149.7428132304317	0.0	0	0.0	2672.2981177930924	1	0	1.0	2.173943656103668
26771.610197048063	3000.0	1900.6879207450254	0.0	0	0.0	2672.298117793096	1	0	1.0	2.1739436561036674
28728.01525774784	3000.0	944.2828600452499	0.0	0	0.0	2672.298117793096	1	0	1.0	2.1739436561036674
29360.243422086285	2000.0	1312.0546957068073	0.0	0	0.0	2672.2981177930924	1	0	1.0	1.3630134398873386
29914.729058929177	2000.0	1757.5690588639104	0.0	0	0.0	2672.2981177930924	1	0	1.0	1.7684785479955032
30496.41787531908	2000.0	2175.8802424740124	0.0	0	0.0	2672.298117793096	1	0	1.0	1.7684785479955025
31253.44861235774	3000.0	2418.8495054353525	0.0	0	0.0	2672.298117793096	1	0	1.0	1.7684785479955027
32200.0	3000.0	2472.298117793093	0.0	0	243.68764598308553	2672.298117793096	1	0	1.0	2.1739436561036674
33200.0	3000.0	2472.2981177930847	0.0	0	75.16151219636959	2672.298117793085	1	0	1.0	2.1739436561036682
34200.0	3000.0	2472.298117793091	0.0	0	57.34424575059529	2672.2981177930924	1	0	1.0	2.1739436561036687
35200.0	3000.0	2472.298117793091	0.0	0	118.66144180161791	2672.2981177930887	1	0	1.0	2.1739436561036682
36200.0	3000.0	2472.2981177930933	0.0	0	383.8240883568651	2672.2981177930924	1	0	1.0	2.173943656103668
37200.0	3000.0	2472.298117793089	0.0	0	282.3346699460817	2672.2981177930997	1	0	1.0	2.173943656103667
38238.927758477366	3000.0	2433.370359315723	0.0	0	0.0	2672.2981177930997	1	0	1.0	2.173943656103667
39200.0	3000.0	2472.2981177930887	0.0	0	102.78597695515055	2672.2981177930997	1	0	1.0	2.173943656103667
40200.0	3000.0	2472.2981177930897	0.0	0	160.39406153610616	2672.2981177930997	1	0	1.0	2.173943656103667
41264.62533234671	3000.0	2407.6727854463784	0.0	0	0.0	2672.2981177930997	1	0	1.0	2.173943656103667
42200.0	3000.0	2472.2981177930915	0.0	0	56.7227908201894	2672.2981177930997	1	0	1.0	2.173943656103667
43200.0	3000.0	2472.298117793092	0.0	0	299.6648490067746	2672.2981177930997	1	0	1.0	2.173943656103667
44200.0	3000.0	2472.2981177930887	0.0	0	445.5551219237823	2672.2981177930924	1	0	1.0	2.173943656103668
45492.580905453746	3000.0	2179.717212339332	0.0	0	0.0	2672.2981177930924	1	0	1.0	2.173943656103668
46948.87255034525	3000.0	1723.425567447831	0.0	0	0.0	2672.2981177930924	1	0	1.0	2.173943656103668
47729.66322317527	3000.0	1942.6348946178166	0.0	0	0.0	2672.2981177930924	1	0	1.0	2.173943656103668
48509.04033462664	3000.0	2163.25778316645	0.0	0	0.0	2672.2981177930924	1	0	1.0	2.173943656103668
49474.40219156052	3000.0	2197.895926232566	0.0	0	0.0	2672.2981177930997	1	0	1.0	2.173943656103667
50525.65476490025	3000.0	2146.643352892823	0.0	0	0.0	2672.2981177930997	1	0	1.0	2.173943656103667
51447.49232495604	3000.0	2224.805792837032	0.0	0	0.0	2672.2981177930997	1	0	1.0	2.173943656103667
52254.45940031932	3000.0	2417.8387174737577	0.0	0	0.0	2672.2981177930997	1	0	1.0	2.173943656103667
53350.38465920264	3000.0	2321.913458590441	0.0	0	0.0	2672.2981177930997	1	0	1.0	2.173943656103667
54355.04339391152	3000.0	2317.254723881563	0.0	0	0.0	2672.298117793107	1	0	1.0	2.173943656103666
55422.42294130621	3000.0	2249.8751764868703	0.0	0	0.0	2672.298117793107	1	0	1.0	2.173943656103666
56477.91619638997	3000.0	2194.3819214031164	0.0	0	0.0	2672.298117793107	1	0	1.0	2.173943656103666
57387.61565109234	3000.0	2284.6824667007463	0.0	0	0.0	2672.2981177930997	1	0	1.0	2.173943656103667
58563.44859162903	3000.0	2108.849526164054	0.0	0	0.0	2672.2981177930997	1	0	1.0	2.173943656103667
59385.0410842791	3000.0	2287.257033513974	0.0	0	0.0	2672.2981177930997	1	0	1.0	2.173943656103667
60234.06311503938	3000.0	2438.2350027537	0.0	0	0.0	2672.2981177930997	1	0	1.0	2.173943656103667
61200.0	3000.0	2472.298117793085	0.0	0	210.95419368327566	2672.2981177930997	1	0	1.0	2.173943656103667
62783.37680123445	3000.0	1888.9213165586373	0.0	0	0.0	2672.298117793107	1	0	1.0	2.173943656103666
63986.114135448144	3000.0	1686.1839823449473	0.0	0	0.0	2672.298117793114	1	0	1.0	2.1739436561036647
64840.531907329365	3000.0	1831.7662104637222	0.0	0	0.0	2672.298117793114	1	0	1.0	2.1739436561036647
65544.23108435542	3000.0	2128.0670334376764	0.0	0	0.0	2672.2981177931288	1	0	1.0	2.173943656103664
66205.24204884104	3000.0	2467.0560689520466	0.0	0	0.0	2672.2981177931288	1	0	1.0	2.1739436561036625
67200.0	3000.0	2472.2981177931106	0.0	0	390.54032041382743	2672.2981177931506	1	0	1.0	2.1739436561036616
68200.0	3000.0	2472.2981177931047	0.0	0	158.64952873314905	2672.2981177931506	1	0	1.0	2.1739436561036607
69200.0	3000.0	2472.298117793101	0.0	0	187.70371042702754	2672.2981177931506	1	0	1.0	2.1739436561036602
70200.0	3000.0	2472.298117793096	0.0	0	112.02740238969272	2672.2981177931506	1	0	1.0	2.1739436561036602
71526.0364095839	3000.0	2146.261708209184	0.0	0	0.0	2672.2981177931506	1	0	1.0	2.1739436561036602
72882.37552637546	3000.0	1789.9225914176386	0.0	0	0.0	2672.298117793165	1	0	1.0	2.1739436561036594
74454.22945187805	3000.0	1218.068665915024	0.0	0	0.0	2672.2981177931506	1	0	1.0	2.1739436561036602
75463.55103103467	2000.0	1208.7470867584143	0.0	0	0.0	2672.2981177931506	1	0	1.0	1.3630134398873308
76297.68270650458	2000.0	1374.6154112885015	0.0	0	0.0	2672.2981177931506	1	0	1.0	1.7684785479954954
77149.40800458573	3000.0	1522.8901132073636	0.0	0	0.0	2672.2981177931506	1	0	1.0	1.7684785479954956
77955.98519481336	3000.0	1716.3129229797246	0.0	0	0.0	2672.2981177931506	1	0	1.0	2.1739436561036602
79064.31854581226	3000.0	1607.979571980815	0.0	0	0.0	2672.298117793136	1	0	1.0	2.173943656103662
79994.31546957778	3000.0	1677.98264821529	0.0	0	0.0	2672.2981177931215	1	0	1.0	2.1739436561036642
80568.22587269302	3000.0	2104.072245100054	0.0	0	0.0	2672.2981177931215	1	0	1.0	2.1739436561036642
81758.92713347416	3000.0	1913.370984318915	0.0	0	0.0	2672.2981177931215	1	0	1.0	2.1739436561036642
82925.92273966914	3000.0	1746.375378123926	0.0	0	0.0	2672.2981177931215	1	0	1.0	2.1739436561036642
83638.08416814689	3000.0	2034.21394964618	0.0	0	0.0	2672.298117793107	1	0	1.0	2.173943656103666
84519.85412145602	3000.0	2152.443996337045	0.0	0	0.0	2672.298117793107	1	0	1.0	2.173943656103666
85400.6660699095	3000.0	2271.632047883569	0.0	0	0.0	2672.298117793107	1	0	1.0	2.173943656103666
86773.43820296042	3000.0	1898.8599148326398	0.0	0	0.0	2672.298117793107	1	0	1.0	2.173943656103666
88081.34187280874	3000.0	1590.9562449843193	0.0	0	0.0	2672.298117793107	1	0	1.0	2.173943656103666
89523.15066999242	3000.0	1149.1474478006353	0.0	0	0.0	2672.2981177931215	1	0	1.0	2.1739436561036642
90292.80920087293	2000.0	1379.488916920127	0.0	0	0.0	2672.298117793107	1	0	1.0	1.3630134398873366
91215.66340161348	3000.0	1456.6347161795888	0.0	0	0.0	2672.298117793107	1	0	1.0	1.7684785479955014
91988.58010311406	2000.0	1683.7180146790113	0.0	0	0.0	2672.2981177930924	1	0	1.0	1.3630134398873386
92954.23275809367	3000.0	1718.0653596994073	0.0	0	0.0	2672.2981177930924	1	0	1.0	1.7684785479955032
94786.85811332219	3000.0	885.4400044708729	0.0	0	0.0	2672.2981177930924	1	0	1.0	2.173943656103668
95858.34930422033	2000.0	813.9488135727141	0.0	0	0.0	2672.2981177930924	1	0	1.0	1.3630134398873386
96449.76373127832	2000.0	1222.5343865147152	0.0	0	0.0	2672.2981177930924	1	0	1.0	1.7684785479955032
97167.87834113618	2000.0	1504.4197766568495	0.0	0	0.0	2672.2981177930924	1	0	1.0	1.7684785479955032
98026.302461246	2000.0	1645.995656547043	0.0	0	0.0	2672.298117793107	1	0	1.0	1.7684785479955012
98854.15175135307	2000.0	1818.1463664399741	0.0	0	0.0	2672.2981177930924	1	0	1.0	1.7684785479955032
99467.09649475268	2000.0	2205.201623040375	0.0	0	0.0	2672.298117793107	1	0	1.0	1.7684785479955012
100422.91889194438	2000.0	2249.379225848662	0.0	0	0.0	2672.298117793107	1	0	1.0	1.7684785479955012
101299.22855654455	3000.0	2373.069561248498	0.0	0	0.0	2672.298117793107	1	0	1.0	1.7684785479955014
102200.0	3000.0	2472.2981177930455	0.0	0	281.05725459854875	2672.298117793107	1	0	1.0	2.173943656103666
103200.0	3000.0	2472.2981177930324	0.0	0	161.96221042868274	2672.298117793107	1	0	1.0	2.173943656103666
104200.69253240962	3000.0	2471.605585383413	0.0	0	0.0	2672.298117793107	1	0	1.0	2.173943656103666
105215.7592276472	3000.0	2456.5388901458514	0.0	0	0.0	2672.2981177931215	1	0	1.0	2.1739436561036642
106359.95050166837	3000.0	2312.34761612468	0.0	0	0.0	2672.2981177931215	1	0	1.0	2.1739436561036642
107200.0	3000.0	2472.2981177930465	0.0	0	319.7238879321667	2672.2981177931215	1	0	1.0	2.1739436561036642
108200.0	3000.0	2472.298117793045	0.0	0	593.6662726162904	2672.2981177931215	1	0	1.0	2.1739436561036642
109200.0	6000.0	2472.2981177930565	0.0	0	151.63915363948036	2672.298117793136	1	0	1.0	2.1739436561036616
110200.0	6000.0	2472.2981177930587	0.0	0	159.728845861624	2672.2981177931215	1	0	1.0	2.8670908366636088
111482.02061076506	6000.0	2190.277507027987	0.0	0	0.0	2672.2981177931215	1	0	1.0	2.8670908366636088
114061.2760326081	6000.0	611.0220851849365	0.0	0	0.0	2672.2981177931215	1	0	1.0	2.8670908366636088
114717.52049157271	3000.0	954.7776262203204	0.0	0	0.0	2672.2981177931215	1	0	1.0	1.480796475543719
115201.45838351603	3000.0	1470.8397342769942	0.0	0	0.0	2672.298117793136	1	0	1.0	2.173943656103662
115782.5495271326	3000.0	1889.7485906603983	0.0	0	0.0	2672.298117793136	1	0	1.0	2.173943656103662
116527.389043028	3000.0	2144.90907476499	0.0	0	0.0	2672.2981177931215	1	0	1.0	2.1739436561036642
117553.72637642913	6000.0	2118.5717413638536	0.0	0	0.0	2672.2981177931215	1	0	1.0	2.173943656103664
118482.74370929116	6000.0	2189.554408501808	0.0	0	0.0	2672.2981177931215	1	0	1.0	2.8670908366636088
119673.86488434776	6000.0	1998.4332334451992	0.0	0	0.0	2672.298117793107	1	0	1.0	2.8670908366636105
121644.87658698444	6000.0	1027.4215308085145	0.0	0	0.0	2672.298117793107	1	0	1.0	2.8670908366636105
122589.16709527289	3000.0	1083.131022520059	0.0	0	0.0	2672.298117793107	1	0	1.0	1.480796475543721
123098.23184634157	3000.0	1574.0662714513744	0.0	0	0.0	2672.298117793107	1	0	1.0	2.173943656103666
123698.78430903696	3000.0	1973.5138087559926	0.0	0	0.0	2672.2981177931215	1	0	1.0	2.1739436561036642
125667.72377400628	6000.0	1004.574343786666	0.0	0	0.0	2672.2981177931215	1	0	1.0	2.173943656103664
126523.07609443573	3000.0	1149.2220233572107	0.0	0	0.0	2672.2981177931215	1	0	1.0	1.480796475543719
127129.70983986181	3000.0	1542.588277931121	0.0	0	0.0	2672.2981177931215	1	0	1.0	2.1739436561036642
127901.00748269663	3000.0	1771.290635096304	0.0	0	0.0	2672.2981177931215	1	0	1.0	2.1739436561036642
128751.19921194711	3000.0	1921.0989058458176	0.0	0	0.0	2672.2981177931215	1	0	1.0	2.1739436561036642
129417.73948190565	3000.0	2254.5586358872756	0.0	0	0.0	2672.2981177931215	1	0	1.0	2.1739436561036642
130217.28587616436	3000.0	2455.012241628582	0.0	0	0.0	2672.2981177931215	1	0	1.0	2.1739436561036642
131200.0	3000.0	2472.2981177929587	0.0	0	440.04655712429667	2672.298117793136	1	0	1.0	2.173943656103662
133298.09213239502	6000.0	1374.2059853979197	0.0	0	0.0	2672.2981177931215	1	0	1.0	2.173943656103663
134373.6640919883	3000.0	1298.6340258046503	0.0	0	0.0	2672.298117793107	1	0	1.0	1.480796475543721
135167.25037211453	3000.0	1505.0477456784029	0.0	0	0.0	2672.298117793107	1	0	1.0	2.173943656103666
136257.23785780097	3000.0	1415.0602599919657	0.0	0	0.0	2672.298117793136	1	0	1.0	2.173943656103662
136796.36017330506	2000.0	1875.9379444878666	0.0	0	0.0	2672.298117793107	1	0	1.0	1.3630134398873366
137510.97722754822	3000.0	2161.3208902447477	0.0	0	0.0	2672.298117793136	1	0	1.0	1.7684785479954974
138522.47263147804	3000.0	2149.8254863149496	0.0	0	0.0	2672.298117793136	1	0	1.0	2.173943656103662
139378.9691816555	3000.0	2293.3289361374796	0.0	0	0.0	2672.298117793165	1	0	1.0	2.173943656103658
140509.3932711886	3000.0	2162.904846604375	0.0	0	0.0	2672.2981177931943	1	0	1.0	2.1739436561036545
141339.44737987485	3000.0	2332.8507379181137	0.0	0	0.0	2672.298117793165	1	0	1.0	2.173943656103658
142487.0153497307	3000.0	2185.2827680622863	0.0	0	0.0	2672.298117793165	1	0	1.0	2.173943656103658
143243.36396305452	3000.0	2428.934154738483	0.0	0	0.0	2672.298117793165	1	0	1.0	2.173943656103658
144200.0	3000.0	2472.298117793008	0.0	0	60.979381318727974	2672.298117793165	1	0	1.0	2.173943656103658
145200.0	3000.0	2472.2981177930233	0.0	0	201.25228774145944	2672.298117793165	1	0	1.0	2.173943656103658
146200.0	3000.0	2472.298117793029	0.0	0	42.02755502707441	2672.298117793165	1	0	1.0	2.173943656103658
147209.01718031138	3000.0	2463.280937481665	0.0	0	0.0	2672.298117793136	1	0	1.0	2.173943656103662
148348.59668470308	3000.0	2323.701433089949	0.0	0	0.0	2672.298117793136	1	0	1.0	2.173943656103662
149200.0	3000.0	2472.298117793049	0.0	0	52.03570759372087	2672.298117793136	1	0	1.0	2.173943656103662
150200.0	3000.0	2472.298117793032	0.0	0	37.408214363997104	2672.298117793136	1	0	1.0	2.173943656103662
151319.6023740463	3000.0	2352.6957437467427	0.0	0	0.0	2672.298117793136	1	0	1.0	2.173943656103662
152200.0	3000.0	2472.2981177930387	0.0	0	266.6918689967715	2672.298117793136	1	0	1.0	2.173943656103662
153200.0	3000.0	2472.2981177930437	0.0	0	336.46616017632186	2672.298117793136	1	0	1.0	2.173943656103662
154200.0	3000.0	2472.2981177930287	0.0	0	499.22728611386265	2672.298117793107	1	0	1.0	2.173943656103666
156140.47389430171	6000.0	1531.8242234913255	0.0	0	0.0	2672.298117793136	1	0	1.0	2.1739436561036616
156911.41845419878	3000.0	1760.8796635942658	0.0	0	0.0	2672.298117793136	1	0	1.0	1.480796475543717
158230.7787581562	3000.0	1441.5193596368813	0.0	0	0.0	2672.298117793136	1	0	1.0	2.173943656103662
159273.64074607549	3000.0	1398.6573717175932	0.0	0	0.0	2672.298117793078	1	0	1.0	2.173943656103667
159986.04644818563	3000.0	1686.2516696074326	0.0	0	0.0	2672.298117793078	1	0	1.0	2.17394365610367
161162.19771735763	3000.0	1510.1004004354375	0.0	0	0.0	2672.298117793078	1	0	1.0	2.17394365610367
162143.89774393433	3000.0	1528.400373858712	0.0	0	0.0	2672.298117793107	1	0	1.0	2.173943656103666
163006.25002819076	2000.0	1666.0480896023232	0.0	0	0.0	2672.298117793107	1	0	1.0	1.3630134398873366
163673.76005453797	2000.0	1998.538063255091	0.0	0	0.0	2672.298117793107	1	0	1.0	1.7684785479955012
164879.73456286962	2000.0	1792.5635549233996	0.0	0	0.0	2672.298117793107	1	0	1.0	1.7684785479955012
165656.69011921072	2000.0	2015.6079985823028	0.0	0	0.0	2672.298117793107	1	0	1.0	1.7684785479955012
166672.61514876818	3000.0	1999.6829690248435	0.0	0	0.0	2672.298117793078	1	0	1.0	1.7684785479955052
167936.22700514772	3000.0	1736.071112645293	0.0	0	0.0	2672.298117793078	1	0	1.0	2.17394365610367
168646.4530863172	2000.0	2025.8450314758516	0.0	0	0.0	2672.298117793107	1	0	1.0	1.3630134398873366
169549.0060481901	3000.0	2123.292069602968	0.0	0	0.0	2672.298117793107	1	0	1.0	1.7684785479955014
170419.45938539246	3000.0	2252.8387324005707	0.0	0	0.0	2672.298117793107	1	0	1.0	2.173943656103666
171200.0	3000.0	2472.298117793028	0.0	0	64.01360471878434	2672.298117793107	1	0	1.0	2.173943656103666
172200.0	3000.0	2472.298117793018	0.0	0	183.86350099765696	2672.298117793107	1	0	1.0	2.173943656103666
173200.0	3000.0	2472.2981177930374	0.0	0	1.9928779630863573	2672.298117793107	1	0	1.0	2.173943656103666
174679.2806732266	3000.0	1993.0174445664707	0.0	0	0.0	2672.298117793107	1	0	1.0	2.173943656103666
176239.33840277005	3000.0	1432.9597150230247	0.0	0	0.0	2672.298117793107	1	0	1.0	2.173943656103666
178236.63617010342	3000.0	435.6619476896742	0.0	0	0.0	2672.298117793107	1	0	1.0	2.173943656103669
178983.12743182198	2000.0	689.1706859711298	0.0	0	0.0	2672.298117793107	1	0	1.0	1.3630134398873366
179479.12884934916	2000.0	1193.1692684439236	0.0	0	0.0	2672.298117793107	1	0	1.0	1.7684785479955012
180048.85907898424	3000.0	1623.4390388088634	0.0	0	0.0	2672.298117793136	1	0	1.0	1.7684785479954974
180986.55363661924	3000.0	1685.7444811738312	0.0	0	0.0	2672.298117793107	1	0	1.0	2.173943656103666
181684.13084504745	3000.0	1988.1672727456416	0.0	0	0.0	2672.298117793107	1	0	1.0	2.173943656103666
182587.6598218193	3000.0	2084.638295973738	0.0	0	0.0	2672.298117793107	1	0	1.0	2.173943656103666
183603.6633488469	3000.0	2068.6347689461645	0.0	0	0.0	2672.298117793107	1	0	1.0	2.173943656103666
184495.1959689382	3000.0	2177.102148854823	0.0	0	0.0	2672.298117793107	1	0	1.0	2.173943656103666
185279.86925376457	3000.0	2392.428864028456	0.0	0	0.0	2672.298117793136	1	0	1.0	2.173943656103665
186200.0	3000.0	2472.2981177930483	0.0	0	33.46393425637507	2672.298117793136	1	0	1.0	2.173943656103662
187659.99225829347	3000.0	2012.3058594996132	0.0	0	0.0	2672.298117793165	1	0	1.0	2.173943656103659
188877.31546104208	3000.0	1794.9826567510017	0.0	0	0.0	2672.2981177931943	1	0	1.0	2.1739436561036545
189682.1006052217	3000.0	1990.1975125713727	0.0	0	0.0	2672.2981177931943	1	0	1.0	2.1739436561036545
190742.60180568913	3000.0	1929.696312103967	0.0	0	0.0	2672.298117793165	1	0	1.0	2.1739436561036576
191759.5082578536	3000.0	1912.7898599395198	0.0	0	0.0	2672.298117793165	1	0	1.0	2.173943656103658
192405.8362391055	3000.0	2266.4618786875935	0.0	0	0.0	2672.298117793165	1	0	1.0	2.17394365610366
193200.0	3000.0	2472.2981177930938	0.0	0	241.66723440759233	2672.2981177931943	1	0	1.0	2.1739436561036545
194200.0	3000.0	2472.2981177930533	0.0	0	172.8030995162262	2672.2981177931943	1	0	1.0	2.1739436561036545
195449.55549068155	3000.0	2222.7426271114996	0.0	0	0.0	2672.2981177931943	1	0	1.0	2.1739436561036545
196485.43865033542	3000.0	2186.859467457648	0.0	0	0.0	2672.2981177932234	1	0	1.0	2.173943656103652
197447.3999964134	3000.0	2224.8981213796646	0.0	0	0.0	2672.2981177932234	1	0	1.0	2.1739436561036505
198200.0	3000.0	2472.298117793048	0.0	0	189.721409805672	2672.2981177931943	1	0	1.0	2.1739436561036545
199268.90365543836	3000.0	2403.3944623546636	0.0	0	0.0	2672.2981177931943	1	0	1.0	2.1739436561036545
200200.0	3000.0	2472.2981177930446	0.0	0	207.0240755402192	2672.2981177932234	1	0	1.0	2.1739436561036505
201200.0	3000.0	2472.2981177930246	0.0	0	126.45325879310258	2672.2981177932234	1	0	1.0	2.1739436561036505
202207.05320107233	3000.0	2465.2449167206946	0.0	0	0.0	2672.2981177932234	1	0	1.0	2.1739436561036505
203200.0	3000.0	2472.2981177930455	0.0	0	263.8221647582832	2672.2981177932525	1	0	1.0	2.1739436561036465
204215.5689728109	3000.0	2456.7291449821573	0.0	0	0.0	2672.2981177932525	1	0	1.0	2.1739436561036496
205892.0824896935	3000.0	1780.2156280995614	0.0	0	0.0	2672.2981177932525	1	0	1.0	2.1739436561036465
207306.7473921663	3000.0	1365.550725626803	0.0	0	0.0	2672.2981177932816	1	0	1.0	2.1739436561036425
208085.00363462645	3000.0	1587.2944831666287	0.0	0	0.0	2672.2981177932816	1	0	1.0	2.1739436561036425
208816.01581517525	3000.0	1856.2823026178305	0.0	0	0.0	2672.2981177933107	1	0	1.0	2.173943656103639
209718.8858903374	3000.0	1953.4122274556898	0.0	0	0.0	2672.2981177933107	1	0	1.0	2.173943656103639
211212.12035253728	3000.0	1460.1777652558403	0.0	0	0.0	2672.2981177933107	1	0	1.0	2.173943656103642
212797.63287461424	3000.0	874.6652431788717	0.0	0	0.0	2672.2981177933107	1	0	1.0	2.173943656103639
213481.2957967307	3000.0	1191.002321062382	0.0	0	0.0	2672.2981177933107	1	0	1.0	2.173943656103639
213980.3594319168	2000.0	1691.9386858762946	0.0	0	0.0	2672.2981177933107	1	0	1.0	1.3630134398873093
214505.40121211187	2000.0	2166.8969056812293	0.0	0	0.0	2672.2981177933107	1	0	1.0	1.7684785479954739
215374.01956938152	3000.0	2298.278548411602	0.0	0	0.0	2672.2981177933107	1	0	1.0	1.768478547995474
216443.79463958897	3000.0	2228.5034782041166	0.0	0	0.0	2672.2981177932816	1	0	1.0	2.1739436561036425
217793.07676875463	3000.0	1879.2213490384522	0.0	0	0.0	2672.2981177932816	1	0	1.0	2.1739436561036425
218725.67106238139	3000.0	1946.6270554117198	0.0	0	0.0	2672.2981177933107	1	0	1.0	2.173943656103639
219907.2685497409	3000.0	1765.0295680521913	0.0	0	0.0	2672.2981177933107	1	0	1.0	2.173943656103639
221304.19766573	3000.0	1368.1004520631138	0.0	0	0.0	2672.2981177933107	1	0	1.0	2.173943656103639
222338.27345505223	2000.0	1334.0246627408867	0.0	0	0.0	2672.2981177933398	1	0	1.0	1.3630134398873055
222954.30982962213	2000.0	1717.988288170984	0.0	0	0.0	2672.2981177933398	1	0	1.0	1.76847854799547
223891.3444812167	2000.0	1780.9536365763902	0.0	0	0.0	2672.2981177933107	1	0	1.0	1.7684785479954739
224678.6842649521	2000.0	1993.6138528409758	0.0	0	0.0	2672.2981177933107	1	0	1.0	1.7684785479954739
225252.92358073217	2000.0	2419.3745370608767	0.0	0	0.0	2672.2981177932816	1	0	1.0	1.7684785479954748
226200.0	3000.0	2472.2981177930296	0.0	0	232.6539449582342	2672.2981177932816	1	0	1.0	1.768478547995478
227355.8369906296	3000.0	2316.461127163436	0.0	0	0.0	2672.2981177932525	1	0	1.0	2.1739436561036443
228200.0	3000.0	2472.2981177930383	0.0	0	236.47126957707223	2672.2981177932525	1	0	1.0	2.1739436561036465
229200.0	3000.0	2472.2981177930405	0.0	0	377.689784009679	2672.2981177932525	1	0	1.0	2.1739436561036465
230200.0	3000.0	2472.298117793031	0.0	0	312.07671569869854	2672.2981177932234	1	0	1.0	2.1739436561036505
231691.5014190679	3000.0	1980.7966987251457	0.0	0	0.0	2672.2981177932234	1	0	1.0	2.1739436561036505
232323.64324019192	3000.0	2348.6548776011296	0.0	0	0.0	2672.2981177932525	1	0	1.0	2.1739436561036465
233215.2726797442	3000.0	2457.0254380488286	0.0	0	0.0	2672.2981177932525	1	0	1.0	2.1739436561036465
234200.0	3000.0	2472.2981177930274	0.0	0	107.54390764821437	2672.2981177932816	1	0	1.0	2.1739436561036425
235200.0	3000.0	2472.298117793026	0.0	0	25.861680272879312	2672.2981177932816	1	0	1.0	2.1739436561036425
236444.2270605356	3000.0	2228.0710572574476	0.0	0	0.0	2672.2981177932816	1	0	1.0	2.1739436561036425
237458.29330528437	3000.0	2214.004812508688	0.0	0	0.0	2672.2981177932525	1	0	1.0	2.1739436561036434
238659.06841408546	2000.0	2013.2297037076187	0.0	0	0.0	2672.2981177932816	1	0	1.0	1.3630134398873133
239438.40729659118	3000.0	2233.890821201895	0.0	0	0.0	2672.2981177932816	1	0	1.0	1.768478547995478
240291.16765143743	3000.0	2381.1304663556675	0.0	0	0.0	2672.2981177932525	1	0	1.0	2.1739436561036434
241201.97626368154	3000.0	2470.3218541115593	0.0	0	0.0	2672.2981177932525	1	0	1.0	2.1739436561036465
242200.0	3000.0	2472.2981177931083	0.0	0	103.37139240684337	2672.2981177932525	1	0	1.0	2.1739436561036465
243949.98262685392	3000.0	1722.3154909391978	0.0	0	0.0	2672.2981177932816	1	0	1.0	2.1739436561036434
245238.28510364867	3000.0	1434.0130141444574	0.0	0	0.0	2672.2981177933107	1	0	1.0	2.173943656103642
246049.41559494365	3000.0	1622.8825228494675	0.0	0	0.0	2672.2981177933398	1	0	1.0	2.173943656103635
246612.82708191796	2000.0	2059.47103587513	0.0	0	0.0	2672.2981177933107	1	0	1.0	1.3630134398873093
247544.48195933402	2000.0	2127.8161584591053	0.0	0	0.0	2672.2981177933107	1	0	1.0	1.7684785479954739
248804.43916793316	3000.0	1867.8589498599424	0.0	0	0.0	2672.2981177932816	1	0	1.0	1.768478547995478
249541.0749512189	2000.0	2131.2231665741847	0.0	0	0.0	2672.2981177932816	1	0	1.0	1.3630134398873133
250357.53214143837	3000.0	2314.765976354731	0.0	0	0.0	2672.2981177932525	1	0	1.0	1.7684785479954819
251230.64606576724	3000.0	2441.6520520258587	0.0	0	0.0	2672.2981177932525	1	0	1.0	2.1739436561036465
252200.84599793726	3000.0	2471.452119855887	0.0	0	0.0	2672.2981177932525	1	0	1.0	2.1739436561036465
253208.75752336858	3000.0	2463.5405944245867	0.0	0	0.0	2672.2981177932816	1	0	1.0	2.1739436561036425
254721.17369542585	3000.0	1951.124422367278	0.0	0	0.0	2672.2981177932816	1	0	1.0	2.1739436561036425
255439.41648938003	3000.0	2232.8816284130826	0.0	0	0.0	2672.2981177932816	1	0	1.0	2.1739436561036425
256200.0	3000.0	2472.298117793121	0.0	0	291.94768186777947	2672.2981177932816	1	0	1.0	2.1739436561036425
257200.0	3000.0	2472.2981177931038	0.0	0	570.6753465215152	2672.2981177932816	1	0	1.0	2.1739436561036425
258200.0	6000.0	2472.2981177931065	0.0	0	112.76935652719112	2672.2981177932525	1	0	1.0	2.173943656103646
259200.0	6000.0	2472.2981177931315	0.0	0	125.53063932133955	2672.2981177932525	1	0	1.0	2.867090836663591
261281.08526412176	6000.0	1391.2128536713738	0.0	0	0.0	2672.2981177932816	1	0	1.0	2.86709083666359
262497.26059080916	3000.0	1175.0375269839678	0.0	0	0.0	2672.2981177932525	1	0	1.0	1.4807964755437015
263455.38136331615	3000.0	1216.916754476998	0.0	0	0.0	2672.2981177932816	1	0	1.0	2.1739436561036403
264226.4486922771	3000.0	1445.8494255160238	0.0	0	0.0	2672.2981177931943	1	0	1.0	2.1739436561036496
264971.70082329103	3000.0	1700.597294502066	0.0	0	0.0	2672.2981177932234	1	0	1.0	2.1739436561036527
265491.8459266154	3000.0	2180.45219117766	0.0	0	0.0	2672.2981177932816	1	0	1.0	2.1739436561036425
266458.65736240306	6000.0	2213.640755390017	0.0	0	0.0	2672.2981177932234	1	0	1.0	2.17394365610365
267676.47595905047	6000.0	1995.8221587426142	0.0	0	0.0	2672.2981177932816	1	0	1.0	2.8670908366635874
269733.09883071866	6000.0	939.1992870744148	0.0	0	0.0	2672.2981177932816	1	0	1.0	2.8670908366635874
270581.40018193016	3000.0	1090.897935862881	0.0	0	0.0	2672.2981177933398	1	0	1.0	1.48079647554369
271370.5141701506	3000.0	1301.7839476424547	0.0	0	0.0	2672.2981177933398	1	0	1.0	2.173943656103635
271870.49313166563	3000.0	1801.8049861274567	0.0	0	0.0	2672.2981177933398	1	0	1.0	2.173943656103635
272421.62923819607	3000.0	2250.6688795970063	0.0	0	0.0	2672.2981177932816	1	0	1.0	2.1739436561036425
274411.04427920416	6000.0	1261.2538385889125	0.0	0	0.0	2672.2981177932816	1	0	1.0	2.173943656103642
275133.5450165138	3000.0	1538.753101279291	0.0	0	0.0	2672.2981177932816	1	0	1.0	1.4807964755436978
275822.2005395295	3000.0	1850.0975782635837	0.0	0	0.0	2672.2981177932816	1	0	1.0	2.1739436561036425
276589.00045294594	3000.0	2083.297664847163	0.0	0	0.0	2672.2981177933398	1	0	1.0	2.1739436561036363
277200.0	3000.0	2472.2981177931388	0.0	0	34.83705583034316	2672.2981177933398	1	0	1.0	2.173943656103635
278367.8872862942	3000.0	2304.410831498885	0.0	0	0.0	2672.2981177933398	1	0	1.0	2.173943656103635
279200.0	3000.0	2472.298117793047	0.0	0	123.80817495146766	2672.298117793398	1	0	1.0	2.173943656103627
280200.0	3000.0	2472.2981177930983	0.0	0	578.4357960115303	2672.298117793398	1	0	1.0	2.173943656103627
282294.0311034186	6000.0	1378.2670143744485	0.0	0	0.0	2672.2981177933398	1	0	1.0	2.1739436561036283
283547.8102549814	3000.0	1124.4878628116894	0.0	0	0.0	2672.2981177933398	1	0	1.0	1.48079647554369
284440.2278597003	3000.0	1232.0702580928012	0.0	0	0.0	2672.2981177933398	1	0	1.0	2.1739436561036394
285377.4977256402	3000.0	1294.8003921528584	0.0	0	0.0	2672.2981177932816	1	0	1.0	2.1739436561036425
285863.94993882865	2000.0	1808.348178964357	0.0	0	0.0	2672.2981177932234	1	0	1.0	1.363013439887321
286865.5350331906	3000.0	1806.763084602393	0.0	0	0.0	2672.2981177932234	1	0	1.0	1.7684785479954859
287768.6797749098	3000.0	1903.618342883309	0.0	0	0.0	2672.2981177932234	1	0	1.0	2.1739436561036505
288865.3082866698	3000.0	1806.989831123317	0.0	0	0.0	2672.2981177932234	1	0	1.0	2.1739436561036505
289662.41227898706	3000.0	2009.8858388059368	0.0	0	0.0	2672.2981177932234	1	0	1.0	2.1739436561036505
290508.5063333372	3000.0	2163.791784455756	0.0	0	0.0	2672.298117793165	1	0	1.0	2.173943656103658
291200.0	3000.0	2472.29811779298	0.0	0	21.90486845531268	2672.2981177932234	1	0	1.0	2.1739436561036505
292200.0	3000.0	2472.298117792955	0.0	0	255.1532000018051	2672.2981177932234	1	0	1.0	2.1739436561036505
293200.0	3000.0	2472.2981177929178	0.0	0	113.29282927478198	2672.298117793165	1	0	1.0	2.173943656103658
294200.0	3000.0	2472.2981177929214	0.0	0	106.38404989615083	2672.298117793165	1	0	1.0	2.173943656103658
295200.0	3000.0	2472.2981177929296	0.0	0	53.60138324851869	2672.298117793165	1	0	1.0	2.173943656103658
296298.05411547003	3000.0	2374.2440023228155	0.0	0	0.0	2672.298117793165	1	0	1.0	2.173943656103658
297200.0	3000.0	2472.2981177928355	0.0	0	0.07643026945879683	2672.298117793165	1	0	1.0	2.173943656103658
298294.26221862185	3000.0	2378.035899170956	0.0	0	0.0	2672.298117793165	1	0	1.0	2.173943656103658
299200.0	3000.0	2472.2981177928314	0.0	0	300.48007940669777	2672.298117793165	1	0	1.0	2.173943656103658
300200.0	3000.0	2472.2981177927786	0.0	0	196.57122262840858	2672.298117793107	1	0	1.0	2.173943656103666
4.62	4.29	6.31	2.63	2.84	3.6	2.98	3.3	3.31	2.83	2.69	2.37	2.98	1.82	3.1	3.23	3.05	3.5	3.81	3.87	4.24	4.02	2.63	2.58	2.39	1.73	2.25	2.98	5.36	3.29	3.6	3.87	3.68	4.6	3.88	2.27	3.16	3.36	3.6	3.85	3.785608695652174	4.2656086956521735	2.9456086956521736	1.8536086956521738	2.885608695652174	3.9656086956521737	4.697608695652174	3.413608695652174	3.641608695652174	3.9656086956521737	3.113608695652174	3.437608695652174	3.4496086956521737	2.333608695652174	2.417608695652174	2.9936086956521737	4.373608695652174	3.4736086956521737	3.4496086956521737	2.4536086956521737	1.7096086956521739	3.5696086956521738	3.125608695652174	4.949608695652174	4.157608695652174	2.9576086956521737	2.9216086956521736	3.173608695652174	3.185608695652174	2.393608695652174	2.297608695652174	2.6096086956521742	1.973608695652174	2.8736086956521736	4.169608695652173	3.0656086956521738	3.8816086956521736	3.8816086956521736	4.121608695652174	2.1776086956521734	3.617608695652174	4.349608695652174	3.9056086956521736	2.561608695652174	2.441608695652174	3.5216086956521737	1.3323404255319153	2.7843404255319153	3.540340425531915	3.540340425531915	3.984340425531915	1.7643404255319153	2.256340425531915	1.7763404255319148	3.792340425531915	2.7363404255319153	2.7603404255319153	2.7003404255319152	3.4323404255319154	4.164340425531915	3.168340425531915	2.508340425531915	2.412340425531915	3.1803404255319148	5.064340425531914	6.072340425531916	6.264340425531914	5.652340425531914	4.080340425531915	2.676340425531915	3.516340425531915	3.012340425531915	4.836340425531915	4.440340425531915	6.504340425531915	4.932340425531915	5.232340425531915	3.4803404255319146	2.640340425531915	3.5283404255319146	5.928340425531916	6.864340425531914	1.896340425531915	4.068340425531915	4.248340425531915	4.452340425531915	3.108340425531915	4.608340425531915	6.4083404255319145	4.500340425531915	2.316340425531915	2.064340425531915	3.348340425531915	3.317	3.4290000000000003	3.477	3.783	3.523	3.3970000000000002	3.521	3.415	3.481	3.295	3.561	3.4090000000000003	3.579	3.527	3.947	3.7590000000000003	4.66	4.62	4.29	6.31	2.63	2.84	3.6	2.98	3.3	3.31	2.83	2.69	2.37	2.98	1.82	3.1	3.23	3.05	3.5	3.81	3.87	4.24	4.02	2.63	2.58	2.39	1.73	2.25	2.98	5.36	3.29	3.6	3.87	3.68	4.6	3.88	2.27	3.16	3.36	3.6	3.85	3.785608695652174	4.2656086956521735	2.9456086956521736	1.8536086956521738	2.885608695652174	3.9656086956521737	4.697608695652174	3.413608695652174	3.641608695652174	3.9656086956521737	3.113608695652174	3.437608695652174	3.4496086956521737	2.333608695652174	2.417608695652174	2.9936086956521737	4.373608695652174	3.4736086956521737	3.4496086956521737	2.4536086956521737	1.7096086956521739	3.5696086956521738	3.125608695652174	4.949608695652174	4.157608695652174	2.9576086956521737	2.9216086956521736	3.173608695652174	3.185608695652174	2.393608695652174	2.297608695652174	2.6096086956521742	1.973608695652174	2.8736086956521736	4.169608695652173	3.0656086956521738	3.8816086956521736	3.8816086956521736	4.121608695652174	2.1776086956521734	3.617608695652174	4.349608695652174	3.9056086956521736	2.561608695652174	2.441608695652174	3.5216086956521737	1.3323404255319153	2.7843404255319153	3.540340425531915	3.540340425531915	3.984340425531915	1.7643404255319153	2.256340425531915	1.7763404255319148	3.792340425531915	2.7363404255319153	2.7603404255319153	2.7003404255319152	3.4323404255319154	4.164340425531915	3.168340425531915	2.508340425531915	2.412340425531915	3.1803404255319148	5.064340425531914	6.072340425531916	6.264340425531914	5.652340425531914	4.080340425531915	2.676340425531915	3.516340425531915	3.012340425531915	4.836340425531915	4.440340425531915	6.504340425531915	4.932340425531915	5.232340425531915	3.4803404255319146	2.640340425531915	3.5283404255319146	5.928340425531916	6.864340425531914	1.896340425531915	4.068340425531915	4.248340425531915	4.452340425531915	3.108340425531915	4.608340425531915	6.4083404255319145	4.500340425531915	2.316340425531915	2.064340425531915	3.348340425531915	3.317	3.4290000000000003	3.477	3.783	3.523	3.3970000000000002	3.521	3.415	3.481	3.295	3.561	3.4090000000000003	3.579	3.527	3.947	3.7590000000000003	4.66	4.62	4.29	6.31
1.0	2.0	3.0	4.0	5.0	6.0	7.0	8.0	9.0	10.0	11.0	12.0	13.0	14.0	15.0	16.0	17.0	18.0	19.0	20.0	21.0	22.0	23.0	24.0	25.0	26.0	27.0	28.0	29.0	30.0	31.0	32.0	33.0	34.0	35.0	36.0	37.0	38.0	39.0	40.0	41.0	42.0	43.0	44.0	45.0	46.0	47.0	48.0	49.0	50.0	51.0	52.0	53.0	54.0	55.0	56.0	57.0	58.0	59.0	60.0	61.0	62.0	63.0	64.0	65.0	66.0	67.0	68.0	69.0	70.0	71.0	72.0	73.0	74.0	75.0	76.0	77.0	78.0	79.0	80.0	81.0	82.0	83.0	84.0	85.0	86.0	87.0	88.0	89.0	90.0	91.0	92.0	93.0	94.0	95.0	96.0	97.0	98.0	99.0	100.0	101.0	102.0	103.0	104.0	105.0	106.0	107.0	108.0	109.0	110.0	111.0	112.0	113.0	114.0	115.0	116.0	117.0	118.0	119.0	120.0	121.0	122.0	123.0	124.0	125.0	126.0	127.0	128.0	129.0	130.0	131.0	132.0	133.0	134.0	135.0	136.0	137.0	138.0	139.0	140.0	141.0	142.0	143.0	144.0	145.0	146.0	147.0	148.0	149.0	149.0	150.0	151.0	152.0	153.0	154.0	155.0	156.0	157.0	158.0	159.0	160.0	161.0	162.0	163.0	164.0	165.0	166.0	167.0	168.0	169.0	170.0	171.0	172.0	173.0	174.0	175.0	176.0	177.0	178.0	179.0	180.0	181.0	182.0	183.0	184.0	185.0	186.0	187.0	188.0	189.0	190.0	191.0	192.0	193.0	194.0	195.0	196.0	197.0	198.0	199.0	200.0	201.0	202.0	203.0	204.0	205.0	206.0	207.0	208.0	209.0	210.0	211.0	212.0	213.0	214.0	215.0	216.0	217.0	218.0	219.0	220.0	221.0	222.0	223.0	224.0	225.0	226.0	227.0	228.0	229.0	230.0	231.0	232.0	233.0	234.0	235.0	236.0	237.0	238.0	239.0	240.0	241.0	242.0	243.0	244.0	245.0	246.0	247.0	248.0	249.0	250.0	251.0	252.0	253.0	254.0	255.0	256.0	257.0	258.0	259.0	260.0	261.0	262.0	263.0	264.0	265.0	266.0	267.0	268.0	269.0	270.0	271.0	272.0	273.0	274.0	275.0	276.0	277.0	278.0	279.0	280.0	281.0	282.0	283.0	284.0	285.0	286.0	287.0	288.0	289.0	290.0	291.0	292.0	293.0	294.0	295.0	296.0	297.0	298.0	298.0	299.0	300.0	301.0
2211.914513515345
