3926.2612795172518	500.0	2000.0	220.05546946660564	0	0.0	3926.2612795172518	1	0	1.0	-1.7377502044225195
5181.959924423659	3000.0	1744.301355093593	0.0	0	0.0	3926.2612795172518	1	0	1.0	0.07401370402922447
6018.620235106846	2000.0	1907.6410444104063	0.0	0	0.0	3926.261279517252	1	0	1.0	1.0548429570409503
6917.977711501871	2000.0	2008.2835680153817	0.0	0	0.0	3926.2612795172527	1	0	1.0	1.460308065149115
7865.653108155935	3000.0	2060.608171361317	0.0	0	0.0	3926.2612795172518	1	0	1.0	1.460308065149115
9141.247448747665	3000.0	1785.013830769586	0.0	0	0.0	3926.26127951725	1	0	1.0	1.86577317325728
10106.10229082071	3000.0	1820.1589886965412	0.0	0	0.0	3926.2612795172518	1	0	1.0	1.8657731732572795
10915.142282301738	3000.0	2011.1189972155123	0.0	0	0.0	3926.26127951725	1	0	1.0	1.86577317325728
11894.902898491635	3000.0	2031.3583810256148	0.0	0	0.0	3926.261279517249	1	0	1.0	1.8657731732572804
12695.350642199026	3000.0	2230.9106373182235	0.0	0	0.0	3926.261279517248	1	0	1.0	1.8657731732572813
13397.771213429198	3000.0	2528.4900660880553	0.0	0	0.0	3926.261279517248	1	0	1.0	1.8657731732572813
14609.513068010352	3000.0	2316.7482115069	0.0	0	0.0	3926.261279517248	1	0	1.0	1.8657731732572813
15676.50923158182	3000.0	2249.7520479354316	0.0	0	0.0	3926.2612795172463	1	0	1.0	1.8657731732572818
16931.382778888557	3000.0	1994.878500628698	0.0	0	0.0	3926.2612795172518	1	0	1.0	1.8657731732572809
17782.614082565768	3000.0	2143.647196951485	0.0	0	0.0	3926.261279517248	1	0	1.0	1.8657731732572809
18821.94945512929	3000.0	2104.311824387963	0.0	0	0.0	3926.261279517248	1	0	1.0	1.8657731732572813
19659.820283834415	3000.0	2266.4409956828367	0.0	0	0.0	3926.261279517248	1	0	1.0	1.8657731732572809
20457.5396749106	3000.0	2468.7216046066546	0.0	0	0.0	3926.26127951725	1	0	1.0	1.8657731732572802
21617.517874847927	3000.0	2308.7434046693256	0.0	0	0.0	3926.26127951725	1	0	1.0	1.8657731732572804
22740.18243028906	3000.0	2186.078849228198	0.0	0	0.0	3926.2612795172536	1	0	1.0	1.8657731732572802
23613.505633588695	3000.0	2312.7556459285656	0.0	0	0.0	3926.2612795172536	1	0	1.0	1.865773173257279
24900.951011521942	3000.0	2025.3102679953188	0.0	0	0.0	3926.2612795172536	1	0	1.0	1.865773173257279
25672.15682546913	3000.0	2254.1044540481307	0.0	0	0.0	3926.2612795172536	1	0	1.0	1.865773173257279
26471.968760806474	3000.0	2454.2925187107867	0.0	0	0.0	3926.2612795172536	1	0	1.0	1.865773173257279
27599.88009795476	3000.0	2326.3811815625004	0.0	0	0.0	3926.2612795172536	1	0	1.0	1.865773173257279
28752.753367809873	3000.0	2173.507911707384	0.0	0	0.0	3926.26127951725	1	0	1.0	1.8657731732572804
30080.763146712226	3000.0	1845.4981328050299	0.0	0	0.0	3926.26127951725	1	0	1.0	1.8657731732572804
31426.23668961218	3000.0	1500.02458990508	0.0	0	0.0	3926.26127951725	1	0	1.0	1.8657731732572804
32217.38233492002	3000.0	1708.8789445972352	0.0	0	0.0	3926.26127951725	1	0	1.0	1.8657731732572804
33446.858609883246	3000.0	1479.402669634002	0.0	0	0.0	3926.2612795172463	1	0	1.0	1.8657731732572809
34317.52681027102	3000.0	1608.7344692462316	0.0	0	0.0	3926.2612795172463	1	0	1.0	1.8657731732572818
35259.556991329686	3000.0	1666.7042881875677	0.0	0	0.0	3926.2612795172536	1	0	1.0	1.8657731732572802
36600.172691647625	3000.0	1326.0885878696247	0.0	0	0.0	3926.26127951725	1	0	1.0	1.865773173257279
37152.166409629506	2000.0	1774.0948698877492	0.0	0	0.0	3926.2612795172536	1	0	1.0	1.0548429570409497
37881.125818932014	2000.0	2045.1354605852448	0.0	0	0.0	3926.2612795172536	1	0	1.0	1.4603080651491143
38432.824739518874	2000.0	2493.4365399983926	0.0	0	0.0	3926.2612795172536	1	0	1.0	1.4603080651491143
39749.04763845462	3000.0	2177.2136410626454	0.0	0	0.0	3926.261279517261	1	0	1.0	1.4603080651491118
40730.85470517578	3000.0	2195.406574341485	0.0	0	0.0	3926.261279517261	1	0	1.0	1.8657731732572764
41994.79451202037	3000.0	1931.4667674968825	0.0	0	0.0	3926.261279517261	1	0	1.0	1.8657731732572764
42751.00204295174	3000.0	2175.2592365655214	0.0	0	0.0	3926.261279517261	1	0	1.0	1.8657731732572764
43602.41546876786	3000.0	2323.845810749402	0.0	0	0.0	3926.261279517261	1	0	1.0	1.8657731732572764
44526.89401280455	3000.0	2399.367266712717	0.0	0	0.0	3926.261279517268	1	0	1.0	1.8657731732572733
45828.21207826222	3000.0	2098.0492012550444	0.0	0	0.0	3926.261279517268	1	0	1.0	1.8657731732572733
46774.016897304944	3000.0	2152.244382212317	0.0	0	0.0	3926.261279517268	1	0	1.0	1.8657731732572733
47659.34720738267	3000.0	2266.9140721345916	0.0	0	0.0	3926.2612795172754	1	0	1.0	1.8657731732572702
48601.70001718868	3000.0	2324.561262328577	0.0	0	0.0	3926.2612795172754	1	0	1.0	1.8657731732572702
49379.56748880979	3000.0	2546.693790707476	0.0	0	0.0	3926.2612795172754	1	0	1.0	1.8657731732572702
50433.261523487905	3000.0	2492.9997560293577	0.0	0	0.0	3926.261279517268	1	0	1.0	1.8657731732572733
51575.143915308	3000.0	2351.1173642092604	0.0	0	0.0	3926.261279517268	1	0	1.0	1.8657731732572733
52427.012927195465	3000.0	2499.2483523218007	0.0	0	0.0	3926.261279517268	1	0	1.0	1.8657731732572733
53267.16223365286	3000.0	2659.0990458643996	0.0	0	0.0	3926.261279517268	1	0	1.0	1.8657731732572733
54595.91820106189	3000.0	2330.343078455363	0.0	0	0.0	3926.261279517268	1	0	1.0	1.8657731732572733
55365.20782428976	3000.0	2561.053455227494	0.0	0	0.0	3926.261279517268	1	0	1.0	1.8657731732572733
56603.2208824102	3000.0	2323.040397107065	0.0	0	0.0	3926.261279517268	1	0	1.0	1.8657731732572733
58210.66835803479	3000.0	1715.5929214824814	0.0	0	0.0	3926.2612795172754	1	0	1.0	1.8657731732572702
59155.82959404528	3000.0	1770.4316854719916	0.0	0	0.0	3926.2612795172827	1	0	1.0	1.8657731732572675
60169.48517383191	3000.0	1756.7761056853606	0.0	0	0.0	3926.2612795172827	1	0	1.0	1.8657731732572675
61665.88563391356	3000.0	1260.3756456037147	0.0	0	0.0	3926.2612795172827	1	0	1.0	1.8657731732572675
62617.861579774675	2000.0	1308.3996997425968	0.0	0	0.0	3926.2612795172827	1	0	1.0	1.0548429570409381
63515.18826749257	2000.0	1411.0730120247	0.0	0	0.0	3926.2612795172827	1	0	1.0	1.4603080651491027
64099.263387571846	2000.0	1826.9978919454256	0.0	0	0.0	3926.26127951729	1	0	1.0	1.4603080651490998
64780.19629473706	2000.0	2146.06498478021	0.0	0	0.0	3926.26127951729	1	0	1.0	1.4603080651490998
65605.00237790743	3000.0	2321.2589016098486	0.0	0	0.0	3926.261279517297	1	0	1.0	1.4603080651490972
66254.4121873472	3000.0	2671.849092170067	0.0	0	0.0	3926.26127951729	1	0	1.0	1.865773173257266
66751.02434706023	3000.0	3175.23693245705	0.0	0	0.0	3926.2612795173045	1	0	1.0	1.8657731732572636
67426.18130264552	3000.0	3500.079976871758	0.0	0	0.0	3926.261279517297	1	0	1.0	1.8657731732572609
68496.67940657298	6000.0	3429.5818729443063	0.0	0	0.0	3926.2612795173045	1	0	1.0	1.8657731732572616
70102.19409415983	6000.0	2824.067185357454	0.0	0	0.0	3926.2612795173045	1	0	1.0	2.5589203538172045
71099.73921804994	3000.0	2826.5220614673262	0.0	0	0.0	3926.2612795173045	1	0	1.0	1.172625992697314
72272.0896233273	3000.0	2654.171656189975	0.0	0	0.0	3926.261279517319	1	0	1.0	1.8657731732572533
73296.25718946698	3000.0	2630.004090050289	0.0	0	0.0	3926.261279517319	1	0	1.0	1.8657731732572533
73923.32469142953	3000.0	3002.9365880877453	0.0	0	0.0	3926.261279517319	1	0	1.0	1.8657731732572533
74486.50952711684	3000.0	3439.7517524004434	0.0	0	0.0	3926.261279517319	1	0	1.0	1.8657731732572533
76067.3815219085	3000.0	2858.8797576087786	0.0	0	0.0	3926.261279517319	1	0	1.0	1.8657731732572533
76912.18233862038	3000.0	3014.0789408968867	0.0	0	0.0	3926.2612795173045	1	0	1.0	1.8657731732572589
77524.76336160551	3000.0	3401.497917911754	0.0	0	0.0	3926.2612795173045	1	0	1.0	1.8657731732572589
78408.47983535845	3000.0	3517.7814441588175	0.0	0	0.0	3926.2612795173045	1	0	1.0	1.8657731732572589
79440.38986990697	3000.0	3485.8714096103076	0.0	0	0.0	3926.261279517319	1	0	1.0	1.8657731732572533
80215.03072086569	3000.0	3711.2305586515986	0.0	0	0.0	3926.2612795173336	1	0	1.0	1.8657731732572476
81372.54327544828	3000.0	3553.718004069002	0.0	0	0.0	3926.2612795173336	1	0	1.0	1.8657731732572476
82476.07010154155	3000.0	3450.191177975715	0.0	0	0.0	3926.2612795173336	1	0	1.0	1.8657731732572476
83529.12690120208	3000.0	3397.134378315194	0.0	0	0.0	3926.2612795173336	1	0	1.0	1.8657731732572476
84629.40797394421	3000.0	3296.8533055730595	0.0	0	0.0	3926.261279517348	1	0	1.0	1.8657731732572413
85356.73169803664	3000.0	3569.529581480628	0.0	0	0.0	3926.2612795173336	1	0	1.0	1.8657731732572476
86223.77335696203	3000.0	3702.4879225552345	0.0	0	0.0	3926.261279517319	1	0	1.0	1.8657731732572533
87362.55544324497	3000.0	3563.7058362722983	0.0	0	0.0	3926.261279517319	1	0	1.0	1.8657731732572533
88212.1677031224	3000.0	3714.0935763948714	0.0	0	0.0	3926.261279517319	1	0	1.0	1.8657731732572533
89200.0	3000.0	3726.261279517282	0.0	0	298.12229658139404	3926.2612795173336	1	0	1.0	1.8657731732572476
90613.68011529303	3000.0	3312.581164224255	0.0	0	0.0	3926.2612795173336	1	0	1.0	1.8657731732572476
91335.91924116552	3000.0	3590.3420383517587	0.0	0	0.0	3926.2612795173336	1	0	1.0	1.8657731732572476
92439.39140966957	6000.0	3486.8698698477087	0.0	0	0.0	3926.261279517319	1	0	1.0	1.865773173257253
93359.94404122599	6000.0	3566.3172382912853	0.0	0	0.0	3926.261279517319	1	0	1.0	2.558920353817198
94477.08201064204	6000.0	3449.179268875218	0.0	0	0.0	3926.261279517319	1	0	1.0	2.558920353817198
96333.34336777864	6000.0	2592.91791173863	0.0	0	0.0	3926.261279517319	1	0	1.0	2.558920353817198
98746.70395120015	6000.0	1179.5573283171354	0.0	0	0.0	3926.2612795173336	1	0	1.0	2.558920353817192
99470.7847575749	3000.0	1455.4765219423714	0.0	0	0.0	3926.261279517319	1	0	1.0	1.1726259926973084
100606.18473464991	3000.0	1320.0765448673542	0.0	0	0.0	3926.2612795173045	1	0	1.0	1.8657731732572589
101148.1143611072	3000.0	1778.1469184100592	0.0	0	0.0	3926.2612795173045	1	0	1.0	1.8657731732572589
101779.87812498839	3000.0	2146.3831545288467	0.0	0	0.0	3926.2612795173045	1	0	1.0	1.8657731732572589
102319.89731906207	3000.0	2606.3639604551554	0.0	0	0.0	3926.2612795173045	1	0	1.0	1.8657731732572589
103025.87499508825	3000.0	2900.386284428972	0.0	0	0.0	3926.2612795173045	1	0	1.0	1.8657731732572589
103816.82050696702	3000.0	3109.4407725501883	0.0	0	0.0	3926.261279517319	1	0	1.0	1.8657731732572533
104688.2062433127	3000.0	3238.055036204528	0.0	0	0.0	3926.261279517319	1	0	1.0	1.8657731732572533
105457.11635547559	3000.0	3469.1449240416405	0.0	0	0.0	3926.261279517319	1	0	1.0	1.8657731732572533
106415.90727243818	3000.0	3510.354007079047	0.0	0	0.0	3926.261279517319	1	0	1.0	1.8657731732572533
107200.0	3000.0	3726.261279517229	0.0	0	253.92348099999072	3926.261279517319	1	0	1.0	1.8657731732572533
108501.47415191961	6000.0	3424.787127597617	0.0	0	0.0	3926.261279517319	1	0	1.0	1.865773173257253
109244.86427535642	3000.0	3681.397004160801	0.0	0	0.0	3926.261279517319	1	0	1.0	1.1726259926973084
110200.0	3000.0	3726.2612795172054	0.0	0	262.00952634857094	3926.261279517319	1	0	1.0	1.8657731732572533
111200.0	3000.0	3726.2612795171913	0.0	0	304.85819837676536	3926.261279517319	1	0	1.0	1.8657731732572533
112200.0	3000.0	3726.2612795171867	0.0	0	20.562444331982988	3926.261279517319	1	0	1.0	1.8657731732572533
113200.0	3000.0	3726.261279517191	0.0	0	281.08554941712646	3926.261279517319	1	0	1.0	1.8657731732572533
114200.0	3000.0	3726.2612795171963	0.0	0	314.80883788673964	3926.261279517319	1	0	1.0	1.8657731732572533
115200.0	3000.0	3726.2612795172017	0.0	0	189.634175958563	3926.261279517319	1	0	1.0	1.8657731732572533
116626.6082057083	6000.0	3299.6530738089123	0.0	0	0.0	3926.261279517319	1	0	1.0	1.865773173257253
117561.1139452722	3000.0	3365.1473342450154	0.0	0	0.0	3926.2612795173336	1	0	1.0	1.1726259926973026
119664.43146833738	6000.0	2261.829811179834	0.0	0	0.0	3926.2612795173336	1	0	1.0	1.8657731732572473
120295.0954010345	3000.0	2631.1658784827064	0.0	0	0.0	3926.2612795173336	1	0	1.0	1.1726259926973026
121613.19260122512	6000.0	2313.0686782920966	0.0	0	0.0	3926.2612795173336	1	0	1.0	1.8657731732572473
123377.23934279487	6000.0	1549.0219367223524	0.0	0	0.0	3926.261279517348	1	0	1.0	2.5589203538171863
123974.32790468766	3000.0	1951.933374829571	0.0	0	0.0	3926.261279517348	1	0	1.0	1.1726259926972964
124516.83356960196	3000.0	2409.42770991525	0.0	0	0.0	3926.261279517348	1	0	1.0	1.8657731732572413
125301.15983028377	3000.0	2625.1014492334652	0.0	0	0.0	3926.2612795173627	1	0	1.0	1.8657731732572358
126002.33941827601	3000.0	2923.9218612412274	0.0	0	0.0	3926.2612795173627	1	0	1.0	1.8657731732572358
127168.92602229568	3000.0	2757.3352572215686	0.0	0	0.0	3926.2612795173773	1	0	1.0	1.86577317325723
127934.21965106844	3000.0	2992.041628448808	0.0	0	0.0	3926.2612795173627	1	0	1.0	1.8657731732572358
128558.07977748645	3000.0	3368.1815020308154	0.0	0	0.0	3926.2612795173627	1	0	1.0	1.8657731732572358
129413.88403139163	3000.0	3512.3772481256374	0.0	0	0.0	3926.261279517348	1	0	1.0	1.8657731732572413
130257.30196233375	3000.0	3668.959317183528	0.0	0	0.0	3926.261279517348	1	0	1.0	1.8657731732572413
131200.0	3000.0	3726.261279517295	0.0	0	80.42324507187004	3926.2612795173773	1	0	1.0	1.8657731732572347
132200.0	3000.0	3726.2612795172927	0.0	0	343.8636629738612	3926.2612795173773	1	0	1.0	1.865773173257229
133200.0	3000.0	3726.2612795173086	0.0	0	458.8291037296585	3926.2612795173773	1	0	1.0	1.86577317325723
134603.93086100888	6000.0	3322.3304185084608	0.0	0	0.0	3926.2612795174064	1	0	1.0	1.8657731732572207
136959.6491306429	6000.0	1966.6121488744184	0.0	0	0.0	3926.2612795174064	1	0	1.0	2.5589203538171637
138289.59926980358	6000.0	1636.6620097137263	0.0	0	0.0	3926.2612795174064	1	0	1.0	2.5589203538171637
139133.945047208	6000.0	1792.3162323093457	0.0	0	0.0	3926.2612795174064	1	0	1.0	2.5589203538171637
139637.14054498103	3000.0	2289.1207345363127	0.0	0	0.0	3926.2612795173773	1	0	1.0	1.172625992697285
141474.4387910835	6000.0	1451.8224884338274	0.0	0	0.0	3926.2612795173773	1	0	1.0	1.8657731732572296
142162.34694451946	3000.0	1763.9143349978633	0.0	0	0.0	3926.2612795173773	1	0	1.0	1.172625992697285
142776.04554434455	3000.0	2150.2157351727656	0.0	0	0.0	3926.2612795173773	1	0	1.0	1.86577317325723
143272.81405989506	3000.0	2653.4472196222405	0.0	0	0.0	3926.2612795173773	1	0	1.0	1.86577317325723
144027.93989972843	3000.0	2898.321379788825	0.0	0	0.0	3926.2612795173773	1	0	1.0	1.86577317325723
144847.07942049915	3000.0	3079.1818590180887	0.0	0	0.0	3926.2612795173773	1	0	1.0	1.86577317325723
145751.23644151643	3000.0	3175.0248380008034	0.0	0	0.0	3926.2612795173773	1	0	1.0	1.86577317325723
146828.30010219335	3000.0	3097.961177323912	0.0	0	0.0	3926.2612795173773	1	0	1.0	1.86577317325723
147780.3771594588	3000.0	3145.8841200584807	0.0	0	0.0	3926.2612795173773	1	0	1.0	1.86577317325723
148542.07286522165	3000.0	3384.18841429563	0.0	0	0.0	3926.2612795173773	1	0	1.0	1.86577317325723
149677.98138446888	3000.0	3248.279895048406	0.0	0	0.0	3926.2612795173773	1	0	1.0	1.86577317325723
150623.67486590325	3000.0	3302.586413614045	0.0	0	0.0	3926.2612795173773	1	0	1.0	1.86577317325723
151631.34806955323	3000.0	3294.9132099640815	0.0	0	0.0	3926.2612795173773	1	0	1.0	1.86577317325723
152512.26206992267	3000.0	3413.999209594641	0.0	0	0.0	3926.2612795173773	1	0	1.0	1.86577317325723
153584.5853683521	3000.0	3341.6759111652373	0.0	0	0.0	3926.2612795174064	1	0	1.0	1.8657731732572276
154479.88513142624	3000.0	3446.3761480910493	0.0	0	0.0	3926.2612795173773	1	0	1.0	1.86577317325723
155768.7772458415	3000.0	3157.484033675777	0.0	0	0.0	3926.2612795174064	1	0	1.0	1.8657731732572254
157088.35673325296	3000.0	2837.9045462643553	0.0	0	0.0	3926.2612795174064	1	0	1.0	1.8657731732572187
158072.53088194228	3000.0	2853.730397575055	0.0	0	0.0	3926.2612795174355	1	0	1.0	1.8657731732572094
159231.3538217582	3000.0	2694.907457759142	0.0	0	0.0	3926.2612795174646	1	0	1.0	1.8657731732571952
160065.79274734948	3000.0	2860.468532167881	0.0	0	0.0	3926.2612795174937	1	0	1.0	1.8657731732571836
161361.9589685485	3000.0	2564.3023109688575	0.0	0	0.0	3926.2612795174937	1	0	1.0	1.8657731732571836
162540.0933019937	3000.0	2386.167977523628	0.0	0	0.0	3926.2612795174937	1	0	1.0	1.8657731732571836
163779.8945460556	3000.0	2146.366733461717	0.0	0	0.0	3926.261279517523	1	0	1.0	1.8657731732571792
164566.21976804224	3000.0	2360.041511475071	0.0	0	0.0	3926.2612795174937	1	0	1.0	1.8657731732571836
165350.4715490812	3000.0	2575.7897304361363	0.0	0	0.0	3926.2612795174937	1	0	1.0	1.8657731732571836
166426.79374400454	3000.0	2499.4675355127697	0.0	0	0.0	3926.2612795174937	1	0	1.0	1.8657731732571836
167380.53379901216	3000.0	2545.727480505173	0.0	0	0.0	3926.2612795174937	1	0	1.0	1.8657731732571836
168228.52854030335	3000.0	2697.7327392140105	0.0	0	0.0	3926.261279517523	1	0	1.0	1.8657731732571723
169349.4233187999	3000.0	2576.8379607174197	0.0	0	0.0	3926.2612795174937	1	0	1.0	1.8657731732571836
170226.4283429398	3000.0	2699.832936577557	0.0	0	0.0	3926.2612795174937	1	0	1.0	1.8657731732571836
171304.3434855464	3000.0	2621.917793970985	0.0	0	0.0	3926.2612795174937	1	0	1.0	1.8657731732571836
172113.66406905625	3000.0	2812.5972104611155	0.0	0	0.0	3926.2612795174937	1	0	1.0	1.8657731732571836
173225.96071573842	3000.0	2700.3005637789242	0.0	0	0.0	3926.2612795174937	1	0	1.0	1.8657731732571836
174380.48744544253	3000.0	2545.7738340747846	0.0	0	0.0	3926.2612795174646	1	0	1.0	1.8657731732571952
175420.8113178449	3000.0	2505.4499616724065	0.0	0	0.0	3926.2612795174646	1	0	1.0	1.8657731732571952
176197.87976408013	3000.0	2728.381515437161	0.0	0	0.0	3926.2612795174646	1	0	1.0	1.8657731732571952
177378.24153426543	3000.0	2548.019745251863	0.0	0	0.0	3926.2612795174646	1	0	1.0	1.8657731732571952
178218.05164921732	3000.0	2708.209630299973	0.0	0	0.0	3926.2612795174646	1	0	1.0	1.8657731732571952
179130.3240860227	3000.0	2795.9371934945957	0.0	0	0.0	3926.2612795174646	1	0	1.0	1.8657731732571952
180201.32484542532	3000.0	2724.936434091986	0.0	0	0.0	3926.2612795174355	1	0	1.0	1.865773173257207
181156.39647217173	3000.0	2769.8648073455815	0.0	0	0.0	3926.2612795174646	1	0	1.0	1.8657731732571952
182175.51840748088	3000.0	2750.742872036459	0.0	0	0.0	3926.2612795174937	1	0	1.0	1.8657731732571836
182995.21954864264	3000.0	2931.0417308747424	0.0	0	0.0	3926.261279517523	1	0	1.0	1.8657731732571747
183881.81458546346	3000.0	3044.446694053937	0.0	0	0.0	3926.261279517523	1	0	1.0	1.8657731732571723
184996.2365772083	3000.0	2930.0247023090888	0.0	0	0.0	3926.261279517523	1	0	1.0	1.8657731732571723
186371.45090539256	3000.0	2554.8103741247855	0.0	0	0.0	3926.2612795174937	1	0	1.0	1.8657731732571836
187261.52231837265	3000.0	2664.7389611446824	0.0	0	0.0	3926.261279517523	1	0	1.0	1.8657731732571723
188684.83141783174	3000.0	2241.4298616856004	0.0	0	0.0	3926.2612795174937	1	0	1.0	1.8657731732571836
189670.27480632934	3000.0	2255.98647318799	0.0	0	0.0	3926.261279517523	1	0	1.0	1.8657731732571723
190699.6449270677	3000.0	2226.6163524496324	0.0	0	0.0	3926.261279517523	1	0	1.0	1.8657731732571723
191996.45270882975	3000.0	1929.8085706876116	0.0	0	0.0	3926.261279517552	1	0	1.0	1.8657731732571652
192940.34971284206	3000.0	1985.9115666752741	0.0	0	0.0	3926.261279517552	1	0	1.0	1.8657731732571605
194178.9476652102	3000.0	1747.3136143071292	0.0	0	0.0	3926.261279517552	1	0	1.0	1.8657731732571605
195389.54304160704	3000.0	1536.71823791025	0.0	0	0.0	3926.261279517552	1	0	1.0	1.8657731732571605
196597.25810433406	3000.0	1329.0031751832003	0.0	0	0.0	3926.261279517552	1	0	1.0	1.8657731732571698
197542.15677460417	3000.0	1384.1045049130823	0.0	0	0.0	3926.261279517552	1	0	1.0	1.8657731732571605
198327.47530915408	2000.0	1598.7859703631586	0.0	0	0.0	3926.261279517523	1	0	1.0	1.0548429570408429
199578.46177009572	3000.0	1347.799509421552	0.0	0	0.0	3926.261279517523	1	0	1.0	1.4603080651490077
200198.88655029127	2000.0	1727.3747292259704	0.0	0	0.0	3926.261279517523	1	0	1.0	1.0548429570408429
201280.14210221698	3000.0	1646.1191773002768	0.0	0	0.0	3926.261279517523	1	0	1.0	1.4603080651490077
202334.57287161928	3000.0	1591.6884078979897	0.0	0	0.0	3926.2612795174937	1	0	1.0	1.8657731732571836
203145.656492166	3000.0	1780.6047873512666	0.0	0	0.0	3926.2612795174937	1	0	1.0	1.8657731732571836
204261.58599426004	3000.0	1664.6752852572074	0.0	0	0.0	3926.2612795174937	1	0	1.0	1.8657731732571836
205024.7386460066	3000.0	1901.5226335106522	0.0	0	0.0	3926.2612795174937	1	0	1.0	1.8657731732571836
205816.97858419584	3000.0	2109.282695321368	0.0	0	0.0	3926.2612795174355	1	0	1.0	1.8657731732572023
206729.31398426436	3000.0	2196.9472952528595	0.0	0	0.0	3926.2612795174355	1	0	1.0	1.865773173257207
207605.5792221278	2000.0	2320.6820573894224	0.0	0	0.0	3926.2612795174355	1	0	1.0	1.0548429570408775
208477.57389466086	3000.0	2448.687384856358	0.0	0	0.0	3926.2612795174646	1	0	1.0	1.4603080651490306
209539.55730969994	3000.0	2386.703969817278	0.0	0	0.0	3926.2612795174355	1	0	1.0	1.865773173257207
211103.70560483672	3000.0	1822.5556746804868	0.0	0	0.0	3926.2612795174646	1	0	1.0	1.8657731732571952
212662.4598795353	3000.0	1263.8013999819166	0.0	0	0.0	3926.2612795174646	1	0	1.0	1.8657731732571952
213291.55669979594	2000.0	1634.7045797213138	0.0	0	0.0	3926.2612795174646	1	0	1.0	1.0548429570408662
214001.23437276695	2000.0	1925.026906750297	0.0	0	0.0	3926.2612795174646	1	0	1.0	1.4603080651490308
214629.50181440613	3000.0	2296.7594651111112	0.0	0	0.0	3926.2612795174646	1	0	1.0	1.4603080651490306
215271.11780736706	3000.0	2655.143472150204	0.0	0	0.0	3926.2612795174646	1	0	1.0	1.8657731732571952
215986.22714335384	3000.0	2940.034136163398	0.0	0	0.0	3926.2612795174355	1	0	1.0	1.865773173257207
216850.05096642964	3000.0	3076.2103130875953	0.0	0	0.0	3926.2612795174064	1	0	1.0	1.8657731732572143
218805.06615922495	6000.0	2121.195120292253	0.0	0	0.0	3926.2612795173773	1	0	1.0	1.8657731732572207
219516.16769473167	3000.0	2410.093584785531	0.0	0	0.0	3926.261279517348	1	0	1.0	1.1726259926972964
220278.69632367435	3000.0	2647.5649558428668	0.0	0	0.0	3926.2612795173773	1	0	1.0	1.86577317325723
221188.6874242756	3000.0	2737.5738552416337	0.0	0	0.0	3926.2612795173773	1	0	1.0	1.86577317325723
221879.5963197823	3000.0	3046.6649597349856	0.0	0	0.0	3926.2612795173773	1	0	1.0	1.86577317325723
222632.0843932951	3000.0	3294.176886222133	0.0	0	0.0	3926.2612795173773	1	0	1.0	1.86577317325723
223578.1677324775	3000.0	3348.093547039719	0.0	0	0.0	3926.2612795173773	1	0	1.0	1.86577317325723
225176.33627551375	3000.0	2749.9250040035254	0.0	0	0.0	3926.2612795173773	1	0	1.0	1.86577317325723
225876.88944253302	3000.0	3049.3718369842354	0.0	0	0.0	3926.261279517348	1	0	1.0	1.8657731732572413
226507.8421416475	3000.0	3418.419137869723	0.0	0	0.0	3926.261279517348	1	0	1.0	1.8657731732572413
227430.73694705535	3000.0	3495.5243324618523	0.0	0	0.0	3926.261279517348	1	0	1.0	1.8657731732572413
228795.7129252436	3000.0	3130.5483542735888	0.0	0	0.0	3926.261279517319	1	0	1.0	1.8657731732572462
229667.09044966265	3000.0	3259.1708298544995	0.0	0	0.0	3926.26127951729	1	0	1.0	1.8657731732572647
230942.41442919546	3000.0	2983.8468503217046	0.0	0	0.0	3926.26127951729	1	0	1.0	1.86577317325726
232029.63456982185	3000.0	2896.6267096953306	0.0	0	0.0	3926.261279517319	1	0	1.0	1.8657731732572533
233329.88490823878	3000.0	2596.3763712784175	0.0	0	0.0	3926.261279517319	1	0	1.0	1.8657731732572533
234238.9673389189	3000.0	2687.2939405983084	0.0	0	0.0	3926.261279517319	1	0	1.0	1.8657731732572533
235112.62883537618	3000.0	2813.632444141014	0.0	0	0.0	3926.261279517319	1	0	1.0	1.8657731732572533
235996.44873072434	3000.0	2929.812548792841	0.0	0	0.0	3926.261279517319	1	0	1.0	1.8657731732572533
237114.0687001546	3000.0	2812.192579362617	0.0	0	0.0	3926.261279517348	1	0	1.0	1.8657731732572413
238027.22556936723	3000.0	2899.035710150005	0.0	0	0.0	3926.261279517348	1	0	1.0	1.8657731732572438
238747.0472391614	3000.0	3179.2140403558656	0.0	0	0.0	3926.261279517348	1	0	1.0	1.8657731732572413
239942.48890739476	3000.0	2983.772372122493	0.0	0	0.0	3926.261279517348	1	0	1.0	1.8657731732572413
240692.57903110038	3000.0	3233.682248416857	0.0	0	0.0	3926.261279517348	1	0	1.0	1.8657731732572413
241419.7589757416	3000.0	3506.5023037756437	0.0	0	0.0	3926.261279517348	1	0	1.0	1.8657731732572413
242816.31027848838	6000.0	3109.951001028863	0.0	0	0.0	3926.2612795173773	1	0	1.0	1.8657731732572296
244832.3923733274	6000.0	2093.8689061898112	0.0	0	0.0	3926.261279517348	1	0	1.0	2.558920353817179
247307.38408596028	6000.0	618.8771935569381	0.0	0	0.0	3926.261279517319	1	0	1.0	2.558920353817198
247944.89137541482	3000.0	981.3699041023974	0.0	0	0.0	3926.26127951729	1	0	1.0	1.1726259926973197
248549.51104958923	3000.0	1376.7502299279843	0.0	0	0.0	3926.26127951729	1	0	1.0	1.8657731732572647
249646.86874906678	3000.0	1279.3925304504119	0.0	0	0.0	3926.261279517261	1	0	1.0	1.8657731732572764
250336.81302925292	3000.0	1589.448250264308	0.0	0	0.0	3926.261279517261	1	0	1.0	1.8657731732572764
250840.69216301554	3000.0	2085.5691165017056	0.0	0	0.0	3926.261279517261	1	0	1.0	1.8657731732572764
251607.13230727313	3000.0	2319.128972244131	0.0	0	0.0	3926.261279517261	1	0	1.0	1.8657731732572764
252658.44275012412	3000.0	2267.8185293931547	0.0	0	0.0	3926.261279517261	1	0	1.0	1.8657731732572764
253352.93140823717	3000.0	2573.329871280098	0.0	0	0.0	3926.261279517261	1	0	1.0	1.8657731732572764
254264.42388872567	3000.0	2661.837390791594	0.0	0	0.0	3926.26127951729	1	0	1.0	1.8657731732572647
255299.1468023636	3000.0	2627.1144771536788	0.0	0	0.0	3926.26127951729	1	0	1.0	1.8657731732572647
256189.7836161259	3000.0	2736.477663391355	0.0	0	0.0	3926.261279517261	1	0	1.0	1.8657731732572764
257697.0527878771	6000.0	2229.208491640178	0.0	0	0.0	3926.261279517261	1	0	1.0	1.865773173257285
258586.6367851074	3000.0	2339.624494409886	0.0	0	0.0	3926.2612795172317	1	0	1.0	1.1726259926973428
259428.96108958797	3000.0	2497.3001899293117	0.0	0	0.0	3926.2612795172317	1	0	1.0	1.8657731732572878
260472.39604010567	3000.0	2453.8652394116307	0.0	0	0.0	3926.2612795172317	1	0	1.0	1.8657731732572878
261210.24715962732	3000.0	2716.0141198900083	0.0	0	0.0	3926.2612795172317	1	0	1.0	1.8657731732572878
261959.50846185468	3000.0	2966.7528176626433	0.0	0	0.0	3926.2612795172026	1	0	1.0	1.8657731732572993
262520.1340926527	3000.0	3406.1271868646395	0.0	0	0.0	3926.2612795172026	1	0	1.0	1.865773173257297
263308.453939354	3000.0	3617.807340163326	0.0	0	0.0	3926.2612795171444	1	0	1.0	1.8657731732573155
264200.0	3000.0	3726.2612795172918	0.0	0	220.18146683607483	3926.2612795171153	1	0	1.0	1.8657731732573362
266021.50553894683	6000.0	2904.7557405704133	0.0	0	0.0	3926.261279517057	1	0	1.0	1.865773173257343
266700.10028784454	3000.0	3226.1609916727266	0.0	0	0.0	3926.261279517028	1	0	1.0	1.1726259926974234
267672.6719843563	3000.0	3253.589295160994	0.0	0	0.0	3926.26127951697	1	0	1.0	1.8657731732573732
268638.4566605957	3000.0	3287.8046189216334	0.0	0	0.0	3926.26127951697	1	0	1.0	1.865773173257392
269200.0	3000.0	3726.2612795173864	0.0	0	72.55409384262748	3926.26127951697	1	0	1.0	1.865773173257392
270526.3381458321	6000.0	3399.92313368527	0.0	0	0.0	3926.26127951697	1	0	1.0	1.8657731732573917
272083.8080790642	6000.0	2842.4532004531943	0.0	0	0.0	3926.2612795169116	1	0	1.0	2.5589203538173506
273882.16473751975	6000.0	2044.0965419976824	0.0	0	0.0	3926.2612795169116	1	0	1.0	2.55892035381736
275446.1858581847	6000.0	1480.0754213327953	0.0	0	0.0	3926.2612795169116	1	0	1.0	2.55892035381736
276307.19820358494	3000.0	1619.0630759326173	0.0	0	0.0	3926.2612795169116	1	0	1.0	1.1726259926974698
277075.3938322025	3000.0	1850.867447315047	0.0	0	0.0	3926.2612795168534	1	0	1.0	1.865773173257424
277828.6802686214	3000.0	2097.581010896194	0.0	0	0.0	3926.2612795168534	1	0	1.0	1.8657731732574379
278952.3331322937	3000.0	1973.9281472239236	0.0	0	0.0	3926.2612795168534	1	0	1.0	1.8657731732574379
279936.43434202194	3000.0	1989.8269374956608	0.0	0	0.0	3926.2612795168534	1	0	1.0	1.8657731732574379
280584.1543164902	3000.0	2342.1069630274374	0.0	0	0.0	3926.261279516795	1	0	1.0	1.865773173257461
281040.26759564487	3000.0	2885.9936838727813	0.0	0	0.0	3926.261279516795	1	0	1.0	1.865773173257461
281580.0348236576	3000.0	3346.2264558600846	0.0	0	0.0	3926.261279516795	1	0	1.0	1.865773173257461
282213.56657146633	3000.0	3712.6947080512755	0.0	0	0.0	3926.261279516795	1	0	1.0	1.865773173257461
283231.7973354089	6000.0	3694.463944108732	0.0	0	0.0	3926.261279516795	1	0	1.0	1.8657731732574605
285080.5595491974	6000.0	2845.7017303202397	0.0	0	0.0	3926.2612795168534	1	0	1.0	2.5589203538173826
286313.5324527673	6000.0	2612.728826750314	0.0	0	0.0	3926.2612795169116	1	0	1.0	2.55892035381736
287755.958771012	6000.0	2170.3025085055765	0.0	0	0.0	3926.2612795169116	1	0	1.0	2.55892035381736
288687.31869125343	6000.0	2238.942588264164	0.0	0	0.0	3926.2612795169116	1	0	1.0	2.55892035381736
290111.19230675825	6000.0	1815.0689727592746	0.0	0	0.0	3926.2612795169116	1	0	1.0	2.55892035381736
291019.09161928203	3000.0	1907.1696602354798	0.0	0	0.0	3926.2612795168534	1	0	1.0	1.172625992697493
291655.51926114707	3000.0	2270.7420183704394	0.0	0	0.0	3926.2612795168534	1	0	1.0	1.8657731732574379
292274.7735340417	3000.0	2651.487745475782	0.0	0	0.0	3926.2612795169116	1	0	1.0	1.8657731732574148
292884.3725328112	3000.0	3041.8887467063296	0.0	0	0.0	3926.2612795169116	1	0	1.0	1.8657731732574054
294046.45658555615	3000.0	2879.804693961368	0.0	0	0.0	3926.26127951697	1	0	1.0	1.8657731732573968
295189.3434691497	3000.0	2736.9178103678273	0.0	0	0.0	3926.26127951697	1	0	1.0	1.865773173257392
296222.1976369566	3000.0	2704.0636425609587	0.0	0	0.0	3926.2612795169116	1	0	1.0	1.8657731732574148
297193.77474301116	3000.0	2732.486536506362	0.0	0	0.0	3926.2612795169116	1	0	1.0	1.8657731732574148
297834.60524472204	3000.0	3091.6560347954623	0.0	0	0.0	3926.2612795168534	1	0	1.0	1.8657731732574288
298566.693621845	3000.0	3359.567657672521	0.0	0	0.0	3926.2612795169116	1	0	1.0	1.8657731732574148
299539.89012554876	3000.0	3386.3711539686888	0.0	0	0.0	3926.2612795169116	1	0	1.0	1.8657731732574148
300391.3281357555	3000.0	3534.933143761917	0.0	0	0.0	3926.2612795169116	1	0	1.0	1.8657731732574148
2.9676799999999997	3.12368	2.94968	2.8796799999999996	3.14768	3.06568	3.2096799999999996	3.02968	3.25168	3.38168	3.2576799999999997	3.18768	2.9596799999999996	2.95368	3.02968	3.23168	3.42568	2.99368	3.3336799999999998	3.42168	3.0636799999999997	3.0856799999999995	3.0076799999999997	3.17968	3.5516799999999997	3.0936799999999995	2.8456799999999998	3.13168	3.06168	3.0996799999999998	3.17568	2.9076799999999996	2.79568	2.92168	2.92968	3.0236799999999997	2.94968	2.86568	2.9876799999999997	3.2976799999999997	3.04168	3.03768	3.0556799999999997	3.2896799999999997	3.02168	3.0516799999999997	3.0956799999999998	3.23168	3.36768	3.5268695652173916	2.9868695652173916	3.490869565217392	2.9868695652173916	2.6748695652173917	1.9428695652173917	3.8508695652173914	3.3348695652173914	1.4148695652173915	2.4468695652173915	2.110869565217391	3.1668695652173917	4.246869565217391	5.218869565217391	4.858869565217391	4.9068695652173915	2.746869565217392	3.6228695652173917	3.1068695652173917	3.442869565217392	3.4308695652173915	4.270869565217391	1.7868695652173914	3.5748695652173916	4.870869565217391	3.250869565217392	2.7108695652173913	4.330869565217392	3.0468695652173916	2.9748695652173915	2.5548695652173916	3.3588695652173914	4.402869565217392	2.9988695652173916	2.9148695652173915	4.3668695652173914	3.8388695652173914	2.4108695652173915	4.9068695652173915	5.614869565217392	5.710869565217392	4.450869565217392	2.8308695652173914	4.042869565217392	2.8068695652173914	2.794869565217392	4.34	3.0	4.81	4.65	3.94	4.08	4.43	3.37	5.18	3.85	3.23	4.0	3.64	3.93	4.16	4.11	5.13	2.62	3.76	3.67	3.02	5.42	5.64	3.54	4.05	4.52	4.71	2.43	4.17	4.45	3.09	3.17	3.81	5.28	6.41	4.83	2.49	3.54	3.92	5.1	6.07	5.2	2.36	4.21	5.75	3.1	3.16	2.88	3.7066666666666666	3.9846666666666666	3.6546666666666665	3.8226666666666667	3.6486666666666667	3.462666666666667	3.00968	2.9676799999999997	3.12368	2.94968	2.8796799999999996	3.14768	3.06568	3.2096799999999996	3.02968	3.25168	3.38168	3.2576799999999997	3.18768	2.9596799999999996	2.95368	3.02968	3.23168	3.42568	2.99368	3.3336799999999998	3.42168	3.0636799999999997	3.0856799999999995	3.0076799999999997	3.17968	3.5516799999999997	3.0936799999999995	2.8456799999999998	3.13168	3.06168	3.0996799999999998	3.17568	2.9076799999999996	2.79568	2.92168	2.92968	3.0236799999999997	2.94968	2.86568	2.9876799999999997	3.2976799999999997	3.04168	3.03768	3.0556799999999997	3.2896799999999997	3.02168	3.0516799999999997	3.0956799999999998	3.23168	3.36768	3.5268695652173916	2.9868695652173916	3.490869565217392	2.9868695652173916	2.6748695652173917	1.9428695652173917	3.8508695652173914	3.3348695652173914	1.4148695652173915	2.4468695652173915	2.110869565217391	3.1668695652173917	4.246869565217391	5.218869565217391	4.858869565217391	4.9068695652173915	2.746869565217392	3.6228695652173917	3.1068695652173917	3.442869565217392	3.4308695652173915	4.270869565217391	1.7868695652173914	3.5748695652173916	4.870869565217391	3.250869565217392	2.7108695652173913	4.330869565217392	3.0468695652173916	2.9748695652173915	2.5548695652173916	3.3588695652173914	4.402869565217392	2.9988695652173916	2.9148695652173915	4.3668695652173914	3.8388695652173914	2.4108695652173915	4.9068695652173915	5.614869565217392	5.710869565217392	4.450869565217392	2.8308695652173914	4.042869565217392	2.8068695652173914	2.794869565217392	4.34	3.0	4.81	4.65	3.94	4.08	4.43	3.37	5.18	3.85	3.23	4.0	3.64	3.93	4.16	4.11	5.13	2.62	3.76	3.67	3.02	5.42	5.64	3.54	4.05	4.52	4.71	2.43	4.17	4.45	3.09	3.17	3.81	5.28	6.41	4.83	2.49	3.54	3.92	5.1	6.07	5.2	2.36	4.21	5.75	3.1	3.16	2.88	3.7066666666666666	3.9846666666666666	3.6546666666666665	3.8226666666666667	3.6486666666666667	3.462666666666667	3.00968	2.9676799999999997	3.12368	2.94968
1.0	2.0	3.0	4.0	5.0	6.0	7.0	8.0	9.0	10.0	11.0	12.0	13.0	14.0	15.0	16.0	17.0	18.0	19.0	20.0	21.0	22.0	23.0	24.0	25.0	26.0	27.0	28.0	29.0	30.0	31.0	32.0	33.0	34.0	35.0	36.0	37.0	38.0	39.0	40.0	41.0	42.0	43.0	44.0	45.0	46.0	47.0	48.0	49.0	50.0	51.0	52.0	53.0	54.0	55.0	56.0	57.0	58.0	59.0	60.0	61.0	62.0	63.0	64.0	65.0	66.0	67.0	68.0	69.0	70.0	71.0	72.0	73.0	74.0	75.0	76.0	77.0	78.0	79.0	80.0	81.0	82.0	83.0	84.0	85.0	86.0	87.0	88.0	89.0	90.0	91.0	92.0	93.0	94.0	95.0	96.0	97.0	98.0	99.0	100.0	101.0	102.0	103.0	104.0	105.0	106.0	107.0	108.0	109.0	110.0	111.0	112.0	113.0	114.0	115.0	116.0	117.0	118.0	119.0	120.0	121.0	122.0	123.0	124.0	125.0	126.0	127.0	128.0	129.0	130.0	131.0	132.0	133.0	134.0	135.0	136.0	137.0	138.0	139.0	140.0	141.0	142.0	143.0	144.0	145.0	146.0	147.0	148.0	149.0	149.0	150.0	151.0	152.0	153.0	154.0	155.0	156.0	157.0	158.0	159.0	160.0	161.0	162.0	163.0	164.0	165.0	166.0	167.0	168.0	169.0	170.0	171.0	172.0	173.0	174.0	175.0	176.0	177.0	178.0	179.0	180.0	181.0	182.0	183.0	184.0	185.0	186.0	187.0	188.0	189.0	190.0	191.0	192.0	193.0	194.0	195.0	196.0	197.0	198.0	199.0	200.0	201.0	202.0	203.0	204.0	205.0	206.0	207.0	208.0	209.0	210.0	211.0	212.0	213.0	214.0	215.0	216.0	217.0	218.0	219.0	220.0	221.0	222.0	223.0	224.0	225.0	226.0	227.0	228.0	229.0	230.0	231.0	232.0	233.0	234.0	235.0	236.0	237.0	238.0	239.0	240.0	241.0	242.0	243.0	244.0	245.0	246.0	247.0	248.0	249.0	250.0	251.0	252.0	253.0	254.0	255.0	256.0	257.0	258.0	259.0	260.0	261.0	262.0	263.0	264.0	265.0	266.0	267.0	268.0	269.0	270.0	271.0	272.0	273.0	274.0	275.0	276.0	277.0	278.0	279.0	280.0	281.0	282.0	283.0	284.0	285.0	286.0	287.0	288.0	289.0	290.0	291.0	292.0	293.0	294.0	295.0	296.0	297.0	298.0	298.0	299.0	300.0	301.0
3580.1635649571476
