6134.342040776649	300.0	2000.0	256.3904109701103	0	0.0	4134.342040776649	1	0	1.0	-8.039336434516857
7396.848400725279	2000.0	1737.4936400513695	0.0	0	0.0	4134.342040776649	1	0	1.0	-0.5262892382928945
7986.161128034135	2000.0	2148.180912742514	0.0	0	0.0	4134.342040776648	1	0	1.0	1.3708307465929876
8851.960651789163	2000.0	2282.3813889874873	0.0	0	0.0	4134.34204077665	1	0	1.0	1.3708307465929868
9931.869485660527	2000.0	2202.472555116122	0.0	0	0.0	4134.34204077665	1	0	1.0	1.3708307465929859
11006.666456379962	2000.0	2127.6755843966876	0.0	0	0.0	4134.342040776651	1	0	1.0	1.370830746592986
11888.636014628753	2000.0	2245.7060261478982	0.0	0	0.0	4134.3420407766525	1	0	1.0	1.3708307465929859
12922.20796082191	2000.0	2212.1340799547415	0.0	0	0.0	4134.342040776652	1	0	1.0	1.3708307465929859
13989.64661303536	2000.0	2144.6954277412915	0.0	0	0.0	4134.342040776652	1	0	1.0	1.3708307465929859
14824.854882043906	2000.0	2309.4871587327434	0.0	0	0.0	4134.34204077665	1	0	1.0	1.3708307465929863
15606.032080797979	2000.0	2528.309959978672	0.0	0	0.0	4134.34204077665	1	0	1.0	1.3708307465929863
16642.669504298927	2000.0	2491.672536477724	0.0	0	0.0	4134.342040776652	1	0	1.0	1.3708307465929863
17623.749009785835	2000.0	2510.5930309908176	0.0	0	0.0	4134.342040776653	1	0	1.0	1.3708307465929859
18476.564477274427	2000.0	2657.7775635022263	0.0	0	0.0	4134.342040776652	1	0	1.0	1.3708307465929856
19450.308443453756	2000.0	2684.033597322899	0.0	0	0.0	4134.342040776652	1	0	1.0	1.3708307465929863
20640.48442527837	3000.0	2493.857615498284	0.0	0	0.0	4134.342040776653	1	0	1.0	1.3708307465929854
22430.613642636396	3000.0	1703.7283981402563	0.0	0	0.0	4134.342040776653	1	0	1.0	1.7762958547011498
24357.594602890844	3000.0	776.7474378858049	0.0	0	0.0	4134.342040776653	1	0	1.0	1.7762958547011498
25386.23918065677	2000.0	748.1028601198766	0.0	0	0.0	4134.342040776653	1	0	1.0	0.9653656384848202
26451.86256006341	2000.0	682.4794807132319	0.0	0	0.0	4134.342040776653	1	0	1.0	1.3708307465929848
27431.24249567095	2000.0	703.0995451056929	0.0	0	0.0	4134.342040776653	1	0	1.0	1.3708307465929848
28346.481834660193	2000.0	787.8602061164478	0.0	0	0.0	4134.342040776653	1	0	1.0	1.3708307465929848
29256.074105144296	2000.0	878.2679356323472	0.0	0	0.0	4134.342040776653	1	0	1.0	1.3708307465929848
30022.584357920263	2000.0	1111.7576828563842	0.0	0	0.0	4134.342040776657	1	0	1.0	1.3708307465929832
30497.3307170433	2000.0	1637.011323733346	0.0	0	0.0	4134.342040776661	1	0	1.0	1.3708307465929814
31917.315547417293	2000.0	1217.0264933593535	0.0	0	0.0	4134.342040776657	1	0	1.0	1.3708307465929832
33070.92995855204	2000.0	1063.4120822246048	0.0	0	0.0	4134.342040776657	1	0	1.0	1.3708307465929837
34051.73933773335	2000.0	1082.602703043286	0.0	0	0.0	4134.342040776646	1	0	1.0	1.3708307465929854
35182.246934275514	2000.0	952.095106501129	0.0	0	0.0	4134.342040776653	1	0	1.0	1.3708307465929868
36048.32757056393	2000.0	1086.0144702127109	0.0	0	0.0	4134.342040776657	1	0	1.0	1.3708307465929845
36733.02251388736	2000.0	1401.319526889289	0.0	0	0.0	4134.342040776657	1	0	1.0	1.3708307465929845
37561.97070888152	2000.0	1572.371331895127	0.0	0	0.0	4134.342040776653	1	0	1.0	1.3708307465929848
38718.32648679199	2000.0	1416.0155539846476	0.0	0	0.0	4134.342040776653	1	0	1.0	1.3708307465929848
39854.78015880087	2000.0	1279.5618819757663	0.0	0	0.0	4134.342040776646	1	0	1.0	1.370830746592988
41021.78124950161	2000.0	1112.5607912750265	0.0	0	0.0	4134.342040776646	1	0	1.0	1.370830746592988
41673.19710087694	2000.0	1461.1449398996947	0.0	0	0.0	4134.342040776646	1	0	1.0	1.370830746592988
42135.322958445686	2000.0	1999.0190823309472	0.0	0	0.0	4134.342040776639	1	0	1.0	1.3708307465929914
43096.656582168034	2000.0	2037.6854586085974	0.0	0	0.0	4134.342040776639	1	0	1.0	1.3708307465929914
44616.34058110714	2000.0	1518.0014596694903	0.0	0	0.0	4134.342040776639	1	0	1.0	1.3708307465929914
45705.55413420094	2000.0	1428.7879065756845	0.0	0	0.0	4134.342040776639	1	0	1.0	1.3708307465929914
46293.86626704362	2000.0	1840.4757737330028	0.0	0	0.0	4134.342040776639	1	0	1.0	1.3708307465929914
47254.3346215743	2000.0	1880.007419202324	0.0	0	0.0	4134.342040776639	1	0	1.0	1.3708307465929914
48759.002060939885	2000.0	1375.3399798367418	0.0	0	0.0	4134.342040776639	1	0	1.0	1.3708307465929914
49967.24237383028	2000.0	1167.0996669463489	0.0	0	0.0	4134.342040776639	1	0	1.0	1.3708307465929914
51131.026155853215	2000.0	1003.3158849234133	0.0	0	0.0	4134.342040776639	1	0	1.0	1.3708307465929914
52193.82534215435	2000.0	940.5166986222716	0.0	0	0.0	4134.342040776632	1	0	1.0	1.3708307465929948
53151.231932178016	2000.0	983.1101085986103	0.0	0	0.0	4134.342040776632	1	0	1.0	1.3708307465929948
53927.950092677944	2000.0	1206.391948098686	0.0	0	0.0	4134.342040776632	1	0	1.0	1.3708307465929948
55220.45760578345	2000.0	913.8844349931803	0.0	0	0.0	4134.342040776632	1	0	1.0	1.3708307465929948
56867.74139952493	2000.0	313.5621446464873	46.96150339478982	0	0.0	4181.303544171416	1	0	1.0	1.0746953504578085
57863.17513323456	2000.0	532.4808077398666	214.35239680301277	0	0.0	2395.6559409744223	1	0	1.0	-5.485042937870057
58645.10465415778	2000.0	750.5512868166371	0.0	0	0.0	2395.655940974415	1	0	1.0	1.8010714429480201
59290.403243368615	2000.0	1105.2526976057989	0.0	0	0.0	2395.655940974415	1	0	1.0	1.8010714429480201
60073.85872399642	2000.0	1321.797216977995	0.0	0	0.0	2395.655940974415	1	0	1.0	1.8010714429480201
61039.824732674446	2000.0	1355.8312082999673	0.0	0	0.0	2395.655940974415	1	0	1.0	1.8010714429480201
62194.3945779164	2000.0	1201.2613630580192	0.0	0	0.0	2395.655940974415	1	0	1.0	1.8010714429480201
63102.42938722986	2000.0	1293.2265537445658	0.0	0	0.0	2395.6559409744223	1	0	1.0	1.8010714429480195
64392.66578931408	2000.0	1002.9901516603427	0.0	0	0.0	2395.6559409744295	1	0	1.0	1.8010714429480188
65880.94709927862	2000.0	514.7088416957915	0.0	0	0.0	2395.6559409744077	1	0	1.0	1.8010714429480201
66622.9438565738	2000.0	772.7120844006197	0.0	0	0.0	2395.655940974415	1	0	1.0	1.8010714429480206
67233.37863096577	2000.0	1162.277310008656	0.0	0	0.0	2395.6559409744295	1	0	1.0	1.80107144294802
68234.78224147564	2000.0	1160.873699498791	0.0	0	0.0	2395.655940974437	1	0	1.0	1.8010714429480181
68958.60141451476	2000.0	1437.0545264596508	0.0	0	0.0	2395.655940974437	1	0	1.0	1.801071442948018
70089.03028912035	2000.0	1306.6256518540608	0.0	0	0.0	2395.655940974437	1	0	1.0	1.801071442948018
70972.8087314174	2000.0	1422.8472095569887	0.0	0	0.0	2395.655940974437	1	0	1.0	1.801071442948018
71577.89670802878	2000.0	1817.7592329455993	0.0	0	0.0	2395.6559409744223	1	0	1.0	1.8010714429480195
72829.49985979396	2000.0	1566.1560811804225	0.0	0	0.0	2395.6559409744077	1	0	1.0	1.801071442948021
73529.69658068015	2000.0	1865.9593602942368	0.0	0	0.0	2395.6559409744077	1	0	1.0	1.801071442948021
74893.79550338803	3000.0	1501.8604375863642	0.0	0	0.0	2395.6559409744077	1	0	1.0	1.8010714429480212
75755.68557688325	2000.0	1639.970364091149	0.0	0	0.0	2395.6559409744077	1	0	1.0	1.3956063348398564
76609.13877316081	2000.0	1786.517167813598	0.0	0	0.0	2395.6559409744077	1	0	1.0	1.801071442948021
77200.0	2000.0	2195.655940974416	0.0	0	31.79639415575366	2395.6559409744077	1	0	1.0	1.801071442948021
78200.0	2000.0	2195.6559409743986	0.0	0	14.987077409183257	2395.655940974393	1	0	1.0	1.8010714429480226
79608.24849703682	2000.0	1787.4074439375675	0.0	0	0.0	2395.655940974393	1	0	1.0	1.8010714429480226
80671.31332369652	2000.0	1724.342617277858	0.0	0	0.0	2395.655940974393	1	0	1.0	1.8010714429480226
81980.04509917628	2000.0	1415.610841798123	0.0	0	0.0	2395.655940974393	1	0	1.0	1.8010714429480226
83504.81766385627	2000.0	890.8382771181244	0.0	0	0.0	2395.655940974393	1	0	1.0	1.8010714429480226
84212.02506965584	2000.0	1183.6308713185613	0.0	0	0.0	2395.655940974393	1	0	1.0	1.8010714429480226
84858.32705140753	2000.0	1537.3288895668527	0.0	0	0.0	2395.655940974393	1	0	1.0	1.8010714429480226
85596.70184444338	2000.0	1798.9540965310086	0.0	0	0.0	2395.655940974393	1	0	1.0	1.8010714429480226
86303.68115354487	2000.0	2091.974787429526	0.0	0	0.0	2395.655940974393	1	0	1.0	1.8010714429480226
87685.07314879385	2000.0	1710.5827921805396	0.0	0	0.0	2395.655940974393	1	0	1.0	1.8010714429480226
88811.0227153636	2000.0	1584.63322561079	0.0	0	0.0	2395.655940974393	1	0	1.0	1.8010714429480226
90170.66419936382	2000.0	1224.9917416105723	0.0	0	0.0	2395.655940974393	1	0	1.0	1.8010714429480226
91091.97297718126	2000.0	1303.682963793139	0.0	0	0.0	2395.655940974393	1	0	1.0	1.8010714429480226
92352.86466166227	2000.0	1042.791279312123	0.0	0	0.0	2395.655940974393	1	0	1.0	1.8010714429480226
93543.85574103743	2000.0	851.800199936951	0.0	0	0.0	2395.655940974393	1	0	1.0	1.8010714429480226
94366.00392244656	2000.0	1029.6520185278239	0.0	0	0.0	2395.655940974393	1	0	1.0	1.8010714429480226
95128.99262020273	2000.0	1266.663320771664	0.0	0	0.0	2395.655940974393	1	0	1.0	1.8010714429480226
95984.3006741387	2000.0	1411.3552668356906	0.0	0	0.0	2395.655940974393	1	0	1.0	1.8010714429480226
97299.62268959846	2000.0	1096.0332513759522	0.0	0	0.0	2395.655940974393	1	0	1.0	1.8010714429480226
98637.18983429571	2000.0	758.4661066787078	0.0	0	0.0	2395.6559409744077	1	0	1.0	1.801071442948021
99837.95052169925	2000.0	557.7054192751687	0.0	0	0.0	2395.6559409744077	1	0	1.0	1.801071442948021
100845.24962480037	2000.0	550.406316174051	0.0	0	0.0	2395.6559409744077	1	0	1.0	1.801071442948021
101838.87634643978	2000.0	556.7795945346662	0.0	0	0.0	2395.6559409744223	1	0	1.0	1.8010714429480195
103162.66104931338	2000.0	273.39966662831876	40.40477496723645	0	0.0	2436.060715941654	1	0	1.0	1.5543950251903653
104030.82659228033	2000.0	571.6480672490799	166.4139435877089	0	0.0	2602.474659529398	1	0	1.0	0.7790352420155062
105243.930761809	2000.0	358.54389772040133	0.0	0	0.0	2602.474659529398	1	0	1.0	1.7775189035417596
106232.49886437139	2000.0	531.1250710588395	161.14927590083246	0	0.0	2763.6239354302234	1	0	1.0	0.7888366538716035
107470.37960409242	2000.0	359.51437642693656	66.27004508913248	0	0.0	2829.893980519366	1	0	1.0	1.3481649501477286
108807.9463904343	2000.0	332.37844169633354	310.4308516112637	0	0.0	3140.3248321306164	1	0	1.0	-0.1723080117895358
109789.40408288041	2000.0	496.61348331130534	145.69273406109056	0	0.0	3286.017566191702	1	0	1.0	0.7842408369794998
110738.23083696343	2000.0	547.7867292282899	0.0	0	0.0	3286.017566191702	1	0	1.0	1.6583972413460433
111630.7083868175	2000.0	655.3091793741975	0.0	0	0.0	3286.0175661916874	1	0	1.0	1.6583972413460466
112574.7872904975	2000.0	711.2302756941995	0.0	0	0.0	3286.0175661916874	1	0	1.0	1.6583972413460466
113752.44689135047	2000.0	533.5706748412227	0.0	0	0.0	3286.0175661916874	1	0	1.0	1.6583972413460466
114625.20362014433	2000.0	660.8139460473712	0.0	0	0.0	3286.017566191673	1	0	1.0	1.65839724134605
115442.07374541253	2000.0	843.9438207791533	0.0	0	0.0	3286.017566191673	1	0	1.0	1.65839724134605
116716.90190476565	2000.0	569.1156614260348	0.0	0	0.0	3286.017566191673	1	0	1.0	1.65839724134605
117631.04919808406	2000.0	654.9683681076186	0.0	0	0.0	3286.017566191673	1	0	1.0	1.65839724134605
118680.90740231988	2000.0	605.1101638717939	0.0	0	0.0	3286.0175661916874	1	0	1.0	1.6583972413460466
119466.85565596721	2000.0	819.1619102244567	0.0	0	0.0	3286.0175661916874	1	0	1.0	1.6583972413460466
120862.5290676725	2000.0	423.4884985191649	0.0	0	0.0	3286.017566191702	1	0	1.0	1.6583972413460433
121843.05222677896	2000.0	477.86102375183043	34.895684339133766	0	0.0	3320.913250530837	1	0	1.0	1.440761427173607
123082.12055026703	2000.0	330.9281414906121	92.13544122685141	0	0.0	3413.0486917576927	1	0	1.0	1.0742660379308777
124145.05752998887	2000.0	414.3623169100382	146.37115514126288	0	0.0	3559.4198468989634	1	0	1.0	0.7082629903606051
125505.40284621058	2000.0	281.6356709261893	227.61867023785717	0	0.0	3787.038517136767	1	0	1.0	0.14692818806765656
126327.06498651559	2000.0	597.2137987104311	137.24026808926166	0	0.0	3924.2787852260226	1	0	1.0	0.6376525379360632
127307.74705995736	2000.0	616.5317252686632	0.0	0	0.0	3924.2787852260226	1	0	1.0	1.4610941464716332
128057.97334486955	2000.0	866.3054403564786	0.0	0	0.0	3924.278785226037	1	0	1.0	1.4610941464716276
129265.80392046823	2000.0	658.4748647578015	0.0	0	0.0	3924.278785226037	1	0	1.0	1.4610941464716276
130307.57320839012	2000.0	616.705576835921	0.0	0	0.0	3924.278785226037	1	0	1.0	1.4610941464716276
131471.8778338686	2000.0	452.4009513574291	0.0	0	0.0	3924.278785226008	1	0	1.0	1.4610941464716345
132608.19340775558	2000.0	452.2246535559153	136.13927608543634	0	0.0	4060.418061311473	1	0	1.0	0.5873996525318921
133496.36312206415	2000.0	564.0549392473216	0.0	0	0.0	4060.418061311444	1	0	1.0	1.4042353090445088
134413.30623861717	2000.0	647.111822694286	0.0	0	0.0	4060.418061311415	1	0	1.0	1.404235309044527
135447.18021331943	2000.0	613.2378479920012	0.0	0	0.0	4060.418061311415	1	0	1.0	1.404235309044528
136660.09287948525	2000.0	400.3251818261755	0.0	0	0.0	4060.418061311415	1	0	1.0	1.4042353090445268
137796.04251014534	2000.0	421.9116963649987	157.53614519890021	0	0.0	4217.954206510331	1	0	1.0	0.3855907910379629
138739.0549014466	2000.0	506.07260723246327	27.173302168716134	0	0.0	2245.1275086790556	1	0	1.0	-4.347502292379509
139913.6975433134	2000.0	446.1086730936993	114.6787077280444	0	0.0	2359.8062164071016	1	0	1.0	1.1166343974383044
141120.43606058537	2000.0	341.9188566746635	102.54870085294715	0	0.0	2462.3549172600615	1	0	1.0	1.1786787316610716
142163.3239587272	2000.0	504.7169862409831	205.6860277081388	0	0.0	2668.0409449681756	1	0	1.0	0.5349305846078238
143140.1471689779	2000.0	527.8937759902809	0.0	0	0.0	2668.0409449681756	1	0	1.0	1.7690467508566565
144393.27877976137	2000.0	342.94033336956346	68.178168162742	0	0.0	2736.2191131309373	1	0	1.0	1.3506021256357457
145413.73243904684	2000.0	505.77725532802805	183.29058124392338	0	0.0	2919.509694374865	1	0	1.0	0.6315900992517003
146341.675775192	2000.0	577.8339191828525	0.0	0	0.0	2919.509694374836	1	0	1.0	1.7313335867152455
147033.84176684075	2000.0	885.6679275340921	0.0	0	0.0	2919.509694374836	1	0	1.0	1.7313335867152455
148028.28696806263	2000.0	891.222726312216	0.0	0	0.0	2919.5096943748067	1	0	1.0	1.7313335867152504
149134.15622607854	2000.0	785.3534682962994	0.0	0	0.0	2919.5096943748067	1	0	1.0	1.7313335867152504
150195.23867920422	2000.0	724.2710151706351	0.0	0	0.0	2919.509694374836	1	0	1.0	1.7313335867152455
150929.48718649213	2000.0	990.022507882753	0.0	0	0.0	2919.509694374865	1	0	1.0	1.7313335867152406
151941.18674524865	2000.0	978.3229491262305	0.0	0	0.0	2919.509694374894	1	0	1.0	1.7313335867152357
152908.42695268535	2000.0	1011.0827416895445	0.0	0	0.0	2919.509694374865	1	0	1.0	1.7313335867152406
153621.50957327013	2000.0	1298.0001211047456	0.0	0	0.0	2919.509694374836	1	0	1.0	1.7313335867152455
154344.03687869204	2000.0	1575.4728156827948	0.0	0	0.0	2919.509694374836	1	0	1.0	1.7313335867152455
155421.07121360995	2000.0	1498.4384807648853	0.0	0	0.0	2919.509694374836	1	0	1.0	1.7313335867152455
156396.88359332693	2000.0	1522.6261010478822	0.0	0	0.0	2919.509694374836	1	0	1.0	1.7313335867152455
157275.21306404672	2000.0	1644.2966303281141	0.0	0	0.0	2919.509694374836	1	0	1.0	1.7313335867152455
158134.99915028058	2000.0	1784.5105440942564	0.0	0	0.0	2919.509694374836	1	0	1.0	1.7313335867152455
159366.01419756687	2000.0	1553.495496807975	0.0	0	0.0	2919.509694374836	1	0	1.0	1.7313335867152455
160374.09176856073	2000.0	1545.4179258141041	0.0	0	0.0	2919.509694374836	1	0	1.0	1.7313335867152455
161388.23737724227	2000.0	1531.2723171325567	0.0	0	0.0	2919.509694374836	1	0	1.0	1.7313335867152455
162375.85598414717	2000.0	1543.6537102276513	0.0	0	0.0	2919.509694374865	1	0	1.0	1.7313335867152406
163377.8817873141	2000.0	1541.6279070607168	0.0	0	0.0	2919.509694374894	1	0	1.0	1.7313335867152357
164404.38772217263	2000.0	1515.1219722022029	0.0	0	0.0	2919.509694374894	1	0	1.0	1.7313335867152357
165432.09091970886	2000.0	1487.4187746659668	0.0	0	0.0	2919.509694374894	1	0	1.0	1.7313335867152357
166307.0488424248	2000.0	1612.4608519500448	0.0	0	0.0	2919.509694374894	1	0	1.0	1.7313335867152357
167141.75288182285	2000.0	1777.7568125519858	0.0	0	0.0	2919.509694374894	1	0	1.0	1.7313335867152357
168114.47919685039	2000.0	1805.030497524456	0.0	0	0.0	2919.509694374894	1	0	1.0	1.7313335867152357
169014.83005502124	2000.0	1904.6796393535808	0.0	0	0.0	2919.509694374894	1	0	1.0	1.7313335867152357
169791.86178911827	2000.0	2127.6479052565696	0.0	0	0.0	2919.509694374894	1	0	1.0	1.7313335867152357
170760.18449822167	2000.0	2159.325196153136	0.0	0	0.0	2919.509694374865	1	0	1.0	1.7313335867152375
172140.14479360945	2000.0	1779.3649007653482	0.0	0	0.0	2919.5096943748067	1	0	1.0	1.7313335867152493
173438.0381816303	2000.0	1481.4715127445052	0.0	0	0.0	2919.5096943748067	1	0	1.0	1.7313335867152504
174566.67572119416	2000.0	1352.8339731806673	0.0	0	0.0	2919.5096943748067	1	0	1.0	1.7313335867152504
175267.2517923971	2000.0	1652.2579019777486	0.0	0	0.0	2919.5096943748067	1	0	1.0	1.7313335867152504
176132.1988752336	2000.0	1787.310819141272	0.0	0	0.0	2919.5096943748067	1	0	1.0	1.7313335867152504
176941.28062399582	2000.0	1978.2290703790609	0.0	0	0.0	2919.5096943748067	1	0	1.0	1.7313335867152504
177678.1342968739	2000.0	2241.375397500948	0.0	0	0.0	2919.5096943748067	1	0	1.0	1.7313335867152504
178351.92338028812	2000.0	2567.586314086717	0.0	0	0.0	2919.5096943748067	1	0	1.0	1.7313335867152504
179200.0	2000.0	2719.5096943748495	0.0	0	216.29232677345863	2919.5096943748067	1	0	1.0	1.7313335867152504
180908.47239468142	3000.0	2011.0372996934395	0.0	0	0.0	2919.509694374836	1	0	1.0	1.7313335867152455
182095.25737022352	2000.0	1824.2523241513304	0.0	0	0.0	2919.509694374836	1	0	1.0	1.325868478607081
182966.36117975137	3000.0	1953.148514623515	0.0	0	0.0	2919.509694374836	1	0	1.0	1.7313335867152455
183756.82224394925	2000.0	2162.687450425621	0.0	0	0.0	2919.5096943748067	1	0	1.0	1.3258684786070818
184941.40438459694	2000.0	1978.1053097779204	0.0	0	0.0	2919.5096943748067	1	0	1.0	1.7313335867152504
185606.58577336947	2000.0	2312.92392100538	0.0	0	0.0	2919.509694374836	1	0	1.0	1.7313335867152455
186552.14129564952	2000.0	2367.368398725369	0.0	0	0.0	2919.509694374836	1	0	1.0	1.7313335867152455
187405.26519161425	2000.0	2514.2445027606877	0.0	0	0.0	2919.509694374836	1	0	1.0	1.7313335867152455
188250.3528189079	2000.0	2669.1568754670216	0.0	0	0.0	2919.509694374865	1	0	1.0	1.7313335867152406
189274.15467800188	2000.0	2645.355016373011	0.0	0	0.0	2919.509694374836	1	0	1.0	1.7313335867152455
190345.62446735863	2000.0	2573.885227016262	0.0	0	0.0	2919.509694374836	1	0	1.0	1.7313335867152455
191200.0	2000.0	2719.509694374886	0.0	0	72.87650777987437	2919.509694374836	1	0	1.0	1.7313335867152455
192892.0720592711	3000.0	2027.4376351037897	0.0	0	0.0	2919.509694374865	1	0	1.0	1.7313335867152446
193881.57562638665	2000.0	2037.9340679882635	0.0	0	0.0	2919.509694374865	1	0	1.0	1.325868478607076
195095.62692075892	3000.0	1823.8827736159699	0.0	0	0.0	2919.509694374836	1	0	1.0	1.7313335867152446
197127.98811911172	3000.0	791.521575263163	0.0	0	0.0	2919.509694374836	1	0	1.0	2.13679869482341
197965.20958608718	2000.0	954.3001082877108	0.0	0	0.0	2919.5096943748067	1	0	1.0	1.3258684786070858
199375.51122669148	2000.0	543.9984676833807	0.0	0	0.0	2919.509694374836	1	0	1.0	1.7313335867152455
200958.9835324596	2000.0	200.0	239.47383808474314	0	0.0	3158.9835324595915	1	0	1.0	0.26171894714521976
201836.89346753818	1000.0	637.7370654280437	315.64700050663396	0	0.0	3474.630532966228	1	0	1.0	-1.6695607377383612
203075.05054133027	2000.0	399.57999163595014	0.0	0	0.0	3474.630532966199	1	0	1.0	0.9174684458613924
204138.44878895796	2000.0	415.8888553827746	79.70711137453543	0	0.0	3554.3376443407324	1	0	1.0	1.1097424814985906
205719.09872166885	2000.0	270.5431403487401	435.30421767685596	0	0.0	3989.6418620175973	1	0	1.0	-1.165969221489301
206578.1422665568	2000.0	571.8204192905954	160.32082382977688	0	0.0	4149.962685847364	1	0	1.0	0.4016114706947709
207461.33407057196	2000.0	688.6286152754134	0.0	0	0.0	4149.962685847364	1	0	1.0	1.3635364136734323
208279.45947273297	2000.0	870.5032131143672	0.0	0	0.0	4149.962685847364	1	0	1.0	1.3635364136734323
209177.4457828752	2000.0	972.5169029721269	0.0	0	0.0	4149.962685847364	1	0	1.0	1.3635364136734323
209981.44408078748	2000.0	1168.5186050598304	0.0	0	0.0	4149.962685847335	1	0	1.0	1.3635364136734462
211096.01335418917	2000.0	1053.9493316581493	0.0	0	0.0	4149.962685847335	1	0	1.0	1.3635364136734462
212648.79529459705	2000.0	501.1673912502739	0.0	0	0.0	4149.962685847335	1	0	1.0	1.3635364136734462
213435.4285044228	2000.0	714.5341814244972	0.0	0	0.0	4149.962685847306	1	0	1.0	1.3635364136734598
214502.3185876606	2000.0	647.6440981867038	0.0	0	0.0	4149.962685847277	1	0	1.0	1.3635364136734738
215719.88562918393	2000.0	430.07705666337114	0.0	0	0.0	4149.962685847335	1	0	1.0	1.3635364136734545
216582.73922122605	2000.0	588.912250031188	21.68878540993552	0	0.0	4171.651471257268	1	0	1.0	1.2231372532426026
217514.80038884777	2000.0	656.8510824094789	0.0	0	0.0	4171.651471257268	1	0	1.0	1.3532699657022156
218243.17431683975	2000.0	928.4771544174989	0.0	0	0.0	4171.651471257268	1	0	1.0	1.3532699657022156
219171.4910522274	2000.0	1000.1604190298691	0.0	0	0.0	4171.651471257268	1	0	1.0	1.3532699657022156
219882.90071136982	2000.0	1288.7507598874192	0.0	0	0.0	4171.651471257268	1	0	1.0	1.3532699657022156
220577.43390368554	2000.0	1594.217567571666	0.0	0	0.0	4171.651471257268	1	0	1.0	1.3532699657022156
221681.04124606054	2000.0	1490.6102251966663	0.0	0	0.0	4171.651471257239	1	0	1.0	1.353269965702221
222148.5861186435	2000.0	2023.0653526136798	0.0	0	0.0	4171.651471257239	1	0	1.0	1.353269965702229
223275.17977764632	3000.0	1896.471693610845	0.0	0	0.0	4171.651471257239	1	0	1.0	1.3532699657022293
224400.75329379193	2000.0	1770.8981774652425	0.0	0	0.0	4171.651471257239	1	0	1.0	0.9478048575940644
225363.90107452462	2000.0	1807.750396732554	0.0	0	0.0	4171.65147125721	1	0	1.0	1.3532699657022431
226210.1966519978	2000.0	1961.4548192593918	0.0	0	0.0	4171.651471257181	1	0	1.0	1.353269965702257
227166.6212266695	2000.0	2005.0302445877187	0.0	0	0.0	4171.65147125721	1	0	1.0	1.3532699657022431
228155.45753510372	2000.0	2016.1939361534667	0.0	0	0.0	4171.65147125721	1	0	1.0	1.3532699657022431
229253.00029288136	2000.0	1918.6511783758422	0.0	0	0.0	4171.651471257239	1	0	1.0	1.353269965702229
230557.94120832227	2000.0	1613.710262934935	0.0	0	0.0	4171.651471257268	1	0	1.0	1.3532699657022156
231970.87431379658	2000.0	1200.7771574606172	0.0	0	0.0	4171.651471257239	1	0	1.0	1.353269965702229
232916.42297786276	2000.0	1255.2284933944395	0.0	0	0.0	4171.651471257239	1	0	1.0	1.353269965702229
233481.57924102506	2000.0	1690.0722302321194	0.0	0	0.0	4171.651471257239	1	0	1.0	1.353269965702229
234323.31545245202	2000.0	1848.3360188051504	0.0	0	0.0	4171.651471257239	1	0	1.0	1.353269965702229
235124.36638972771	2000.0	2047.2850815294607	0.0	0	0.0	4171.651471257239	1	0	1.0	1.353269965702229
236385.22963491222	2000.0	1786.4218363449154	0.0	0	0.0	4171.65147125721	1	0	1.0	1.3532699657022402
237282.06831454617	2000.0	1889.5831567110044	0.0	0	0.0	4171.65147125721	1	0	1.0	1.3532699657022431
238143.58093670136	2000.0	2028.0705345558115	0.0	0	0.0	4171.651471257181	1	0	1.0	1.353269965702257
239797.01261390583	2000.0	1374.6388573513373	0.0	0	0.0	4171.651471257181	1	0	1.0	1.353269965702257
240860.2298591719	2000.0	1311.4216120852866	0.0	0	0.0	4171.651471257181	1	0	1.0	1.353269965702257
241859.66868915854	2000.0	1311.9827820986495	0.0	0	0.0	4171.651471257181	1	0	1.0	1.353269965702257
242659.01368645337	2000.0	1512.6377848038303	0.0	0	0.0	4171.651471257181	1	0	1.0	1.353269965702257
243355.7282186175	2000.0	1815.923252639698	0.0	0	0.0	4171.651471257181	1	0	1.0	1.353269965702257
244375.42486947245	2000.0	1796.2266017847253	0.0	0	0.0	4171.651471257181	1	0	1.0	1.353269965702257
245330.74295618964	2000.0	1840.908515067533	0.0	0	0.0	4171.651471257181	1	0	1.0	1.353269965702257
246619.93958493302	2000.0	1551.7118863241194	0.0	0	0.0	4171.651471257181	1	0	1.0	1.353269965702257
247428.04220298445	2000.0	1743.609268272693	0.0	0	0.0	4171.651471257181	1	0	1.0	1.353269965702257
248636.06621654992	2000.0	1535.585254707235	0.0	0	0.0	4171.651471257152	1	0	1.0	1.353269965702271
249608.5195562777	2000.0	1563.1319149794729	0.0	0	0.0	4171.6514712571225	1	0	1.0	1.3532699657022844
250851.73596082415	2000.0	1319.9155104330096	0.0	0	0.0	4171.6514712571225	1	0	1.0	1.3532699657022844
252222.00093361706	2000.0	949.6505376400638	0.0	0	0.0	4171.651471257152	1	0	1.0	1.353269965702271
253136.97114129606	2000.0	1034.6803299610324	0.0	0	0.0	4171.651471257152	1	0	1.0	1.353269965702271
254455.64541230723	2000.0	716.0060589498624	0.0	0	0.0	4171.651471257181	1	0	1.0	1.353269965702257
255146.76775282918	2000.0	1024.8837184279087	0.0	0	0.0	4171.651471257181	1	0	1.0	1.353269965702257
256225.662874807	2000.0	945.9885964501016	0.0	0	0.0	4171.651471257181	1	0	1.0	1.353269965702257
257045.25245183005	2000.0	1126.3990194270414	0.0	0	0.0	4171.651471257181	1	0	1.0	1.353269965702257
257947.77203337237	2000.0	1223.8794378847124	0.0	0	0.0	4171.651471257181	1	0	1.0	1.353269965702257
258735.2746640082	2000.0	1436.3768072488936	0.0	0	0.0	4171.651471257181	1	0	1.0	1.353269965702257
259730.45173309784	2000.0	1441.1997381592487	0.0	0	0.0	4171.6514712571225	1	0	1.0	1.3532699657022764
260601.69696380815	2000.0	1569.9545074489367	0.0	0	0.0	4171.651471257093	1	0	1.0	1.3532699657022873
261698.22864549173	2000.0	1473.422825765354	0.0	0	0.0	4171.651471257093	1	0	1.0	1.3532699657022986
262430.3034431083	2000.0	1741.3480281488587	0.0	0	0.0	4171.651471257152	1	0	1.0	1.3532699657022875
263475.55624061095	2000.0	1696.0952306461784	0.0	0	0.0	4171.6514712571225	1	0	1.0	1.3532699657022764
264453.29292012134	2000.0	1718.358551135822	0.0	0	0.0	4171.651471257181	1	0	1.0	1.3532699657022682
265439.42405427864	2000.0	1732.227416978528	0.0	0	0.0	4171.651471257181	1	0	1.0	1.3532699657022573
266555.91872277146	2000.0	1615.7327484856557	0.0	0	0.0	4171.651471257152	1	0	1.0	1.3532699657022653
267452.18359010894	2000.0	1719.467881148112	0.0	0	0.0	4171.651471257152	1	0	1.0	1.353269965702271
268679.6311049409	2000.0	1492.0203663161485	0.0	0	0.0	4171.65147125721	1	0	1.0	1.3532699657022431
269711.5529295161	2000.0	1460.09854174095	0.0	0	0.0	4171.65147125721	1	0	1.0	1.3532699657022431
270541.8969738408	2000.0	1629.754497416322	0.0	0	0.0	4171.65147125721	1	0	1.0	1.3532699657022431
271577.35816669924	2000.0	1594.2933045578566	0.0	0	0.0	4171.65147125721	1	0	1.0	1.3532699657022431
272379.617810003	2000.0	1792.0336612541114	0.0	0	0.0	4171.65147125721	1	0	1.0	1.3532699657022431
273206.67310877267	2000.0	1964.9783624844667	0.0	0	0.0	4171.651471257268	1	0	1.0	1.3532699657022156
274524.22130259307	2000.0	1647.4301686641152	0.0	0	0.0	4171.651471257268	1	0	1.0	1.3532699657022156
275656.50783409656	2000.0	1515.1436371607222	0.0	0	0.0	4171.651471257268	1	0	1.0	1.3532699657022156
276989.69485479814	2000.0	1181.9566164591195	0.0	0	0.0	4171.651471257268	1	0	1.0	1.3532699657022156
277863.5124777786	2000.0	1308.1389934787087	0.0	0	0.0	4171.651471257326	1	0	1.0	1.3532699657021987
279004.5468842702	2000.0	1167.1045869870238	0.0	0	0.0	4171.651471257326	1	0	1.0	1.3532699657021876
279775.13321836985	2000.0	1396.5182528873916	0.0	0	0.0	4171.651471257384	1	0	1.0	1.35326996570216
280976.3653107971	2000.0	1195.286160460123	0.0	0	0.0	4171.651471257326	1	0	1.0	1.3532699657021765
281730.3422573138	2000.0	1441.309213943528	0.0	0	0.0	4171.651471257326	1	0	1.0	1.3532699657021876
282665.3404435446	2000.0	1506.3110277127346	0.0	0	0.0	4171.651471257326	1	0	1.0	1.3532699657021876
283891.59344604897	2000.0	1280.0580252083716	0.0	0	0.0	4171.651471257326	1	0	1.0	1.3532699657021876
284617.38250785175	2000.0	1554.2689634055912	0.0	0	0.0	4171.651471257326	1	0	1.0	1.3532699657021876
285650.47566098504	2000.0	1521.1758102722533	0.0	0	0.0	4171.651471257326	1	0	1.0	1.3532699657021876
286546.39620571065	2000.0	1625.2552655466477	0.0	0	0.0	4171.651471257384	1	0	1.0	1.35326996570216
287870.02483345184	2000.0	1301.6266378054966	0.0	0	0.0	4171.651471257384	1	0	1.0	1.35326996570216
289089.4853627188	2000.0	1082.1661085385342	0.0	0	0.0	4171.651471257384	1	0	1.0	1.35326996570216
290227.10161325085	2000.0	944.5498580065344	0.0	0	0.0	4171.651471257384	1	0	1.0	1.35326996570216
290880.406835844	2000.0	1291.2446354133306	0.0	0	0.0	4171.651471257326	1	0	1.0	1.3532699657021876
291888.2304554725	2000.0	1283.4210157848113	0.0	0	0.0	4171.651471257384	1	0	1.0	1.35326996570216
292789.60109247314	2000.0	1382.0503787842079	0.0	0	0.0	4171.651471257443	1	0	1.0	1.353269965702149
293516.013131805	2000.0	1655.6383394523114	0.0	0	0.0	4171.651471257443	1	0	1.0	1.353269965702132
294498.625871099	2000.0	1673.0256001583327	0.0	0	0.0	4171.651471257501	1	0	1.0	1.3532699657021041
295551.9230854725	2000.0	1619.728385784854	0.0	0	0.0	4171.651471257559	1	0	1.0	1.3532699657020766
296632.8132139768	2000.0	1538.838257280553	0.0	0	0.0	4171.651471257559	1	0	1.0	1.3532699657020766
297794.1726353227	2000.0	1377.4788359346135	0.0	0	0.0	4171.651471257501	1	0	1.0	1.3532699657020877
298587.79138544534	2000.0	1583.8600858119594	0.0	0	0.0	4171.651471257501	1	0	1.0	1.3532699657021041
299462.5758855655	2000.0	1709.0755856918145	0.0	0	0.0	4171.651471257501	1	0	1.0	1.3532699657021041
300285.1307327767	2000.0	1886.520738480606	0.0	0	0.0	4171.651471257443	1	0	1.0	1.353269965702132
300951.79330904374	2000.0	2219.858162213566	0.0	0	0.0	4171.651471257443	1	0	1.0	1.353269965702132
301968.40129888814	2000.0	2203.2501723691576	0.0	0	0.0	4171.651471257443	1	0	1.0	1.353269965702132
302744.63172060106	2000.0	2427.019750656213	0.0	0	0.0	4171.651471257443	1	0	1.0	1.353269965702132
303497.03470441315	2000.0	2674.6167668440407	0.0	0	0.0	4171.651471257384	1	0	1.0	1.35326996570216
304735.0606365187	2000.0	2436.5908347384757	0.0	0	0.0	4171.651471257326	1	0	1.0	1.3532699657021712
305637.7075816406	2000.0	2533.943889616451	0.0	0	0.0	4171.651471257268	1	0	1.0	1.3532699657022156
306394.16153544275	2000.0	2777.489935814337	0.0	0	0.0	4171.651471257268	1	0	1.0	1.3532699657022156
307272.9659885364	3000.0	2898.685482720654	0.0	0	0.0	4171.65147125721	1	0	1.0	1.3532699657022433
1.48	2.54	3.13	2.66	1.48	1.68	1.95	1.81	2.13	2.0	2.37	2.31	2.35	2.55	3.53	2.42	1.93	1.92	1.77	2.43	2.33	2.06	2.85	2.27	3.48	1.29	1.58	2.55	2.88	1.51	2.62	2.4	2.18	1.92	2.15	2.48	3.34	2.36	1.11	2.41	3.04	1.39	1.9	2.09	1.85	1.7	1.37	2.06	1.83	1.67	1.38	2.35	2.66	3.02	2.12	2.22	2.37	1.22	2.37	1.66	2.12	2.68	2.39	2.53	2.14	3.12	1.84	3.41	2.55	1.98	2.63	2.71	2.07	1.85	2.51	1.84	1.12	1.98	2.72	3.3	2.85	1.73	2.17	1.85	1.31	2.003833333333333	2.1558333333333333	2.2478333333333333	2.3878333333333335	2.095833333333333	2.047833333333333	2.0498333333333334	1.9158333333333333	2.063833333333333	2.1298333333333335	2.0578333333333334	2.051833333333333	1.9698333333333333	1.9418333333333333	2.019833333333333	2.3578333333333332	2.1258333333333335	2.0138333333333334	2.0098333333333334	1.9918333333333333	1.9998333333333334	2.011833333333333	2.1638333333333333	2.1558333333333333	2.1078333333333332	2.043833333333333	1.9338333333333333	1.9358333333333333	2.0338333333333334	2.007833333333333	1.9898333333333333	1.9998333333333334	2.1078333333333332	1.9938333333333333	2.0578333333333334	2.071833333333333	1.9058333333333333	2.3038333333333334	2.1518333333333333	2.0058333333333334	1.8598333333333332	2.2838333333333334	2.1018333333333334	2.1498333333333335	2.1098333333333334	2.1738333333333335	2.1358333333333333	2.0338333333333334	2.001	2.2329999999999997	2.3089999999999997	2.469	2.247	2.195	2.227	2.125	2.2089999999999996	2.0949999999999998	2.131	2.267	2.1689999999999996	2.4389999999999996	2.2809999999999997	2.263	0.72	1.48	2.54	3.13	2.66	1.48	1.68	1.95	1.81	2.13	2.0	2.37	2.31	2.35	2.55	3.53	2.42	1.93	1.92	1.77	2.43	2.33	2.06	2.85	2.27	3.48	1.29	1.58	2.55	2.88	1.51	2.62	2.4	2.18	1.92	2.15	2.48	3.34	2.36	1.11	2.41	3.04	1.39	1.9	2.09	1.85	1.7	1.37	2.06	1.83	1.67	1.38	2.35	2.66	3.02	2.12	2.22	2.37	1.22	2.37	1.66	2.12	2.68	2.39	2.53	2.14	3.12	1.84	3.41	2.55	1.98	2.63	2.71	2.07	1.85	2.51	1.84	1.12	1.98	2.72	3.3	2.85	1.73	2.17	1.85	1.31	2.003833333333333	2.1558333333333333	2.2478333333333333	2.3878333333333335	2.095833333333333	2.047833333333333	2.0498333333333334	1.9158333333333333	2.063833333333333	2.1298333333333335	2.0578333333333334	2.051833333333333	1.9698333333333333	1.9418333333333333	2.019833333333333	2.3578333333333332	2.1258333333333335	2.0138333333333334	2.0098333333333334	1.9918333333333333	1.9998333333333334	2.011833333333333	2.1638333333333333	2.1558333333333333	2.1078333333333332	2.043833333333333	1.9338333333333333	1.9358333333333333	2.0338333333333334	2.007833333333333	1.9898333333333333	1.9998333333333334	2.1078333333333332	1.9938333333333333	2.0578333333333334	2.071833333333333	1.9058333333333333	2.3038333333333334	2.1518333333333333	2.0058333333333334	1.8598333333333332	2.2838333333333334	2.1018333333333334	2.1498333333333335	2.1098333333333334	2.1738333333333335	2.1358333333333333	2.0338333333333334	2.001	2.2329999999999997	2.3089999999999997	2.469	2.247	2.195	2.227	2.125	2.2089999999999996	2.0949999999999998	2.131	2.267	2.1689999999999996	2.4389999999999996	2.2809999999999997	2.263	0.72	1.48	2.54	3.13	2.66	1.48	1.68	1.95
1.0	2.0	3.0	4.0	5.0	6.0	7.0	8.0	9.0	10.0	11.0	12.0	13.0	14.0	15.0	16.0	17.0	18.0	19.0	20.0	21.0	22.0	23.0	24.0	25.0	26.0	27.0	28.0	29.0	30.0	31.0	32.0	33.0	34.0	35.0	36.0	37.0	38.0	39.0	40.0	41.0	42.0	43.0	44.0	45.0	46.0	47.0	48.0	49.0	50.0	51.0	52.0	53.0	54.0	55.0	56.0	57.0	58.0	59.0	60.0	61.0	62.0	63.0	64.0	65.0	66.0	67.0	68.0	69.0	70.0	71.0	72.0	73.0	74.0	75.0	76.0	77.0	78.0	79.0	80.0	81.0	82.0	83.0	84.0	85.0	86.0	87.0	88.0	89.0	90.0	91.0	92.0	93.0	94.0	95.0	96.0	97.0	98.0	99.0	100.0	101.0	102.0	103.0	104.0	105.0	106.0	107.0	108.0	109.0	110.0	111.0	112.0	113.0	114.0	115.0	116.0	117.0	118.0	119.0	120.0	121.0	122.0	123.0	124.0	125.0	126.0	127.0	128.0	129.0	130.0	131.0	132.0	133.0	134.0	135.0	136.0	137.0	138.0	139.0	140.0	141.0	142.0	143.0	144.0	145.0	146.0	147.0	148.0	149.0	149.0	150.0	151.0	152.0	153.0	154.0	155.0	156.0	157.0	158.0	159.0	160.0	161.0	162.0	163.0	164.0	165.0	166.0	167.0	168.0	169.0	170.0	171.0	172.0	173.0	174.0	175.0	176.0	177.0	178.0	179.0	180.0	181.0	182.0	183.0	184.0	185.0	186.0	187.0	188.0	189.0	190.0	191.0	192.0	193.0	194.0	195.0	196.0	197.0	198.0	199.0	200.0	201.0	202.0	203.0	204.0	205.0	206.0	207.0	208.0	209.0	210.0	211.0	212.0	213.0	214.0	215.0	216.0	217.0	218.0	219.0	220.0	221.0	222.0	223.0	224.0	225.0	226.0	227.0	228.0	229.0	230.0	231.0	232.0	233.0	234.0	235.0	236.0	237.0	238.0	239.0	240.0	241.0	242.0	243.0	244.0	245.0	246.0	247.0	248.0	249.0	250.0	251.0	252.0	253.0	254.0	255.0	256.0	257.0	258.0	259.0	260.0	261.0	262.0	263.0	264.0	265.0	266.0	267.0	268.0	269.0	270.0	271.0	272.0	273.0	274.0	275.0	276.0	277.0	278.0	279.0	280.0	281.0	282.0	283.0	284.0	285.0	286.0	287.0	288.0	289.0	290.0	291.0	292.0	293.0	294.0	295.0	296.0	297.0	298.0	298.0	299.0	300.0	301.0	302.0	303.0	304.0	305.0
5580.683106524938
