5079.397807671821	300.0	2000.0	514.2507960262107	0	0.0	3079.3978076718213	1	0	1.0	-9.25604076032505
5643.263476049473	1000.0	2436.1343316223483	0.0	0	0.0	3079.3978076718213	1	0	1.0	-0.19468738496673899
6906.274931095344	2000.0	2173.122876576477	0.0	0	0.0	3079.3978076718213	1	0	1.0	1.009285419359197
8379.387663936874	2000.0	1700.0101437349479	0.0	0	0.0	3079.397807671822	1	0	1.0	1.7024325999191423
9837.209553937846	2000.0	1242.1882537339743	0.0	0	0.0	3079.3978076718213	1	0	1.0	1.7024325999191423
11614.286546695046	2000.0	465.1112609767761	0.0	0	0.0	3079.397807671823	1	0	1.0	1.7024325999191419
12457.29226610016	1000.0	622.1055415716623	0.0	0	0.0	3079.397807671823	1	0	1.0	0.3161382387992514
13133.872404177175	1000.0	945.5254034946465	0.0	0	0.0	3079.397807671823	1	0	1.0	1.0092854193591967
13732.46835483414	1000.0	1346.9294528376818	0.0	0	0.0	3079.397807671823	1	0	1.0	1.0092854193591967
14583.89022133973	2000.0	1495.5075863320903	0.0	0	0.0	3079.397807671823	1	0	1.0	1.009285419359197
15194.961376596364	2000.0	1884.4364310754552	0.0	0	0.0	3079.3978076718213	1	0	1.0	1.7024325999191423
16460.00169290756	3000.0	1619.396114764259	0.0	0	0.0	3079.397807671825	1	0	1.0	1.7024325999191419
17456.06099780781	2000.0	1623.3368098640121	0.0	0	0.0	3079.3978076718286	1	0	1.0	1.2969674918109768
18657.366575417916	2000.0	1422.0312322539048	0.0	0	0.0	3079.397807671825	1	0	1.0	1.7024325999191412
20007.7924022622	2000.0	1071.6054054096196	0.0	0	0.0	3079.397807671823	1	0	1.0	1.7024325999191419
20984.58360750653	2000.0	1094.8142001652927	0.0	0	0.0	3079.3978076718195	1	0	1.0	1.7024325999191425
22514.62511264872	2000.0	564.7726950231036	0.0	0	0.0	3079.3978076718195	1	0	1.0	1.7024325999191425
24554.30495424521	2000.0	200.0	674.9071465733933	0	0.0	3754.30495424521	1	0	1.0	-2.455870963191003
25717.72956869267	1000.0	431.31695539012753	394.74156983758917	0	0.0	4149.046524082798	1	0	1.0	-2.3907772501471554
26797.515315726938	1000.0	382.83953236934786	31.30832401348721	0	0.0	4180.354848096285	1	0	1.0	0.4681075234050445
27442.4556129204	500.0	737.899235175888	0.0	0	0.0	4180.354848096285	1	0	1.0	-0.7303368936339232
28105.294311082056	1000.0	1075.060537014233	0.0	0	0.0	4180.354848096285	1	0	1.0	-0.03718971307397756
29018.37591489558	2000.0	1161.978933200706	0.0	0	0.0	4180.354848096285	1	0	1.0	0.6559574674859677
31256.812227702278	2000.0	253.21170620251428	329.66908580850725	0	0.0	4510.023933904791	1	0	1.0	-0.7737255195666274
32211.53491508912	2000.0	516.9611164752673	218.47209765959633	0	0.0	2728.4960315643875	1	0	1.0	-5.550069364340248
32825.233933623764	2000.0	903.2620979406244	0.0	0	0.0	2728.496031564391	1	0	1.0	1.760763221617329
33921.36271082971	2000.0	807.1333207346826	0.0	0	0.0	2728.496031564391	1	0	1.0	1.7607632216173281
35763.65857974299	2000.0	200.0	235.16254817860064	0	0.0	2963.658579742987	1	0	1.0	0.34033957999513054
36457.506962005486	500.0	755.1200759567271	248.96845821922486	0	0.0	3212.6270379622147	1	0	1.0	-2.591430368319007
37347.73386309489	1000.0	864.8931748673275	0.0	0	0.0	3212.627037962222	1	0	1.0	0.28867474211623056
38357.48305120437	1000.0	855.1439867578472	0.0	0	0.0	3212.627037962222	1	0	1.0	0.981821922676176
38842.16863395022	1000.0	1370.4584040119912	0.0	0	0.0	3212.627037962222	1	0	1.0	0.981821922676176
40019.93625996379	2000.0	1192.6907779984126	0.0	0	0.0	3212.627037962222	1	0	1.0	0.981821922676176
40758.8029984276	2000.0	1453.8240395346004	0.0	0	0.0	3212.627037962222	1	0	1.0	1.6749691032361211
41630.643538593664	2000.0	1581.983499368537	0.0	0	0.0	3212.627037962222	1	0	1.0	1.6749691032361211
43575.80910022653	2000.0	636.8179377356703	0.0	0	0.0	3212.6270379622147	1	0	1.0	1.6749691032361227
44255.11352634073	2000.0	957.5135116214681	0.0	0	0.0	3212.6270379622147	1	0	1.0	1.6749691032361227
45010.81685548961	2000.0	1201.8101824725836	0.0	0	0.0	3212.6270379622147	1	0	1.0	1.6749691032361227
45910.42845877608	2000.0	1302.1985791861173	0.0	0	0.0	3212.6270379622147	1	0	1.0	1.6749691032361227
47099.46140335808	2000.0	1113.1656346041168	0.0	0	0.0	3212.627037962222	1	0	1.0	1.6749691032361211
48661.15551715591	2000.0	551.4715208062773	0.0	0	0.0	3212.627037962222	1	0	1.0	1.6749691032361211
49261.58356096938	2000.0	951.0434769927973	0.0	0	0.0	3212.627037962222	1	0	1.0	1.6749691032361211
49794.28145299195	2000.0	1418.345584970231	0.0	0	0.0	3212.627037962222	1	0	1.0	1.6749691032361211
50502.28549676337	2000.0	1710.341541198817	0.0	0	0.0	3212.627037962222	1	0	1.0	1.6749691032361211
51904.63329007836	2000.0	1307.9937478838256	0.0	0	0.0	3212.627037962222	1	0	1.0	1.6749691032361211
53617.64457385659	2000.0	594.9824641055955	0.0	0	0.0	3212.627037962222	1	0	1.0	1.6749691032361211
54498.53486208812	1000.0	745.0838112076843	30.991635333614532	0	0.0	3243.6186732958377	1	0	1.0	0.09585723680181613
55427.16167655334	2000.0	816.4569967424607	0.0	0	0.0	3243.6186732958304	1	0	1.0	0.9749542293634502
56297.571755109784	1000.0	946.0469181860201	0.0	0	0.0	3243.6186732958304	1	0	1.0	0.2818070488035051
56923.685232441414	1000.0	1319.9334408543878	0.0	0	0.0	3243.6186732958304	1	0	1.0	0.9749542293634503
57891.43617386668	2000.0	1352.1824994291292	0.0	0	0.0	3243.6186732958304	1	0	1.0	0.9749542293634502
58625.679735957274	2000.0	1617.9389373385313	0.0	0	0.0	3243.6186732958304	1	0	1.0	1.6681014099233953
59286.626092417064	2000.0	1956.9925808787461	0.0	0	0.0	3243.6186732958304	1	0	1.0	1.6681014099233953
60290.36323233573	2000.0	1953.2554409600752	0.0	0	0.0	3243.618673295823	1	0	1.0	1.668101409923397
62139.69485977833	2000.0	1103.923813517481	0.0	0	0.0	3243.618673295823	1	0	1.0	1.668101409923397
65517.2486154244	2000.0	200.0	1473.6299421285992	0	0.0	4717.248615424403	1	0	1.0	-7.649968124815927
66823.51556910806	1000.0	200.0	306.2669536836641	0	0.0	3023.515569108058	1	0	1.0	-7.510527168334936
67428.84492422936	500.0	748.024985748005	153.3543408692917	0	0.0	3176.8699099773658	1	0	1.0	-1.3169050785160386
68354.54457815767	1000.0	822.3253318197035	0.0	0	0.0	3176.8699099773803	1	0	1.0	0.2963681472596543
69256.73659932252	1000.0	920.133310654853	0.0	0	0.0	3176.8699099773803	1	0	1.0	0.9895153278195976
70282.9935431731	1000.0	893.8763668042645	0.0	0	0.0	3176.8699099773803	1	0	1.0	0.9895153278195976
71293.64561736958	1000.0	883.2242926077913	0.0	0	0.0	3176.8699099773803	1	0	1.0	0.9895153278195976
72054.01306062091	1000.0	1122.85684935645	0.0	0	0.0	3176.8699099773803	1	0	1.0	0.9895153278195976
72739.00911165836	1000.0	1437.8607983189995	0.0	0	0.0	3176.8699099773803	1	0	1.0	0.9895153278195976
74127.62861260535	2000.0	1049.2412973720106	0.0	0	0.0	3176.8699099773803	1	0	1.0	0.9895153278195975
74649.54964182843	1000.0	1527.320268148932	0.0	0	0.0	3176.8699099773803	1	0	1.0	0.2963681472596524
75835.65666189019	2000.0	1341.2132480871876	0.0	0	0.0	3176.869909977395	1	0	1.0	0.9895153278195945
77803.33241296126	2000.0	373.5374970161156	0.0	0	0.0	3176.869909977395	1	0	1.0	1.6826625083795397
78882.46869327727	2000.0	495.47984827614374	201.0786315760373	0	0.0	3377.9485415534145	1	0	1.0	0.42960813025616984
79982.83040695537	2000.0	398.766858792652	3.648724194610253	0	0.0	3381.5972657480306	1	0	1.0	1.6132645259932312
81367.82797605213	2000.0	283.06788071441827	269.2985910185105	0	0.0	3650.895856766554	1	0	1.0	-0.056210580303868274
82340.19345193583	2000.0	432.33675927021244	121.63435443949712	0	0.0	3772.53021120606	1	0	1.0	0.7879616640861347
83782.82222309001	1000.0	314.002387121638	324.2943990056088	0	0.0	4096.824610211668	1	0	1.0	-1.9440482970518462
84146.3872488999	300.0	950.4373613117518	0.0	0	0.0	2096.824610211668	1	0	1.0	-7.273196907869369
85349.62375053183	1000.0	747.2008596798388	0.0	0	0.0	2096.824610211668	1	0	1.0	-0.06922410354343034
85906.56667501015	1000.0	1190.2579352015086	0.0	0	0.0	2096.824610211668	1	0	1.0	1.134748700782506
86724.66984482355	1000.0	1372.15476538811	0.0	0	0.0	2096.8246102116536	1	0	1.0	1.1347487007825068
87660.54027403967	2000.0	1436.2843361719983	0.0	0	0.0	2096.8246102116536	1	0	1.0	1.1347487007825068
88724.10524381278	2000.0	1372.719366398876	0.0	0	0.0	2096.8246102116536	1	0	1.0	1.827895881342452
89622.49090324965	2000.0	1474.333706962018	0.0	0	0.0	2096.8246102116536	1	0	1.0	1.827895881342452
90384.60589674317	2000.0	1712.2187134684818	0.0	0	0.0	2096.8246102116536	1	0	1.0	1.827895881342452
92121.49084051455	2000.0	975.3337696970964	0.0	0	0.0	2096.8246102116536	1	0	1.0	1.827895881342452
94340.79489563308	2000.0	200.0	443.97028542142505	0	0.0	2540.79489563308	1	0	1.0	-0.849706598632338
95511.98234304463	1000.0	456.7895587013005	427.9770061128462	0	0.0	2968.7719017459312	1	0	1.0	-2.231285377161373
96039.35378632246	1000.0	929.4181154234647	0.0	0	0.0	2968.7719017459167	1	0	1.0	1.0297238400756523
97177.77751965223	1000.0	790.9943820937174	0.0	0	0.0	2968.7719017459167	1	0	1.0	1.0297238400756523
97779.3525328849	1000.0	1189.419368861039	0.0	0	0.0	2968.7719017459167	1	0	1.0	1.0297238400756523
98819.25818008954	1000.0	1149.5137216564162	0.0	0	0.0	2968.7719017459312	1	0	1.0	1.0297238400756497
99647.81830161191	1000.0	1320.9536001340266	0.0	0	0.0	2968.7719017459312	1	0	1.0	1.0297238400756497
100361.33021948376	1000.0	1607.44168226218	0.0	0	0.0	2968.7719017459167	1	0	1.0	1.0297238400756523
101391.21137219066	1000.0	1577.5605295552912	0.0	0	0.0	2968.7719017459167	1	0	1.0	1.0297238400756523
102306.61140743482	1000.0	1662.1604943111527	0.0	0	0.0	2968.7719017459167	1	0	1.0	1.0297238400756523
103035.8963105786	1000.0	1932.8755911673836	0.0	0	0.0	2968.7719017459312	1	0	1.0	1.0297238400756497
103814.06737319486	1000.0	2154.704528551114	0.0	0	0.0	2968.7719017459312	1	0	1.0	1.0297238400756497
105845.94689844419	2000.0	1122.8250033017835	0.0	0	0.0	2968.7719017459312	1	0	1.0	1.0297238400756497
106794.86035383299	1000.0	1173.9115479129964	0.0	0	0.0	2968.771901745946	1	0	1.0	0.3365766595157021
107470.47814817868	1000.0	1498.2937535673032	0.0	0	0.0	2968.771901745946	1	0	1.0	1.0297238400756472
108156.55373631454	1000.0	1812.2181654314288	0.0	0	0.0	2968.7719017459312	1	0	1.0	1.0297238400756497
108984.39557310626	1000.0	1984.376328639723	0.0	0	0.0	2968.7719017459312	1	0	1.0	1.0297238400756497
109933.82042385745	1000.0	2034.9514778885175	0.0	0	0.0	2968.7719017459312	1	0	1.0	1.0297238400756497
110723.93778718004	1000.0	2244.834114565948	0.0	0	0.0	2968.771901745946	1	0	1.0	1.0297238400756472
112097.12606067424	2000.0	1871.6458410717373	0.0	0	0.0	2968.771901745946	1	0	1.0	1.0297238400756472
113175.26850655934	1000.0	1793.503395186654	0.0	0	0.0	2968.7719017459603	1	0	1.0	0.3365766595156995
114249.14306889084	1000.0	1719.628832855139	0.0	0	0.0	2968.7719017459603	1	0	1.0	1.0297238400756445
115136.71896318858	1000.0	1832.0529385573996	0.0	0	0.0	2968.771901745946	1	0	1.0	1.0297238400756472
116078.63591971474	1000.0	1890.135982031246	0.0	0	0.0	2968.7719017459603	1	0	1.0	1.0297238400756445
116831.91411951472	1000.0	2136.85778223126	0.0	0	0.0	2968.7719017459603	1	0	1.0	1.0297238400756445
117753.49532670328	1000.0	2215.2765750427006	0.0	0	0.0	2968.7719017459603	1	0	1.0	1.0297238400756445
118863.13282463017	1000.0	2105.639077115812	0.0	0	0.0	2968.7719017459603	1	0	1.0	1.0297238400756445
120029.4409641419	1000.0	1939.3309376040788	0.0	0	0.0	2968.771901745946	1	0	1.0	1.0297238400756472
120876.58740148797	1000.0	2092.184500258025	0.0	0	0.0	2968.7719017459603	1	0	1.0	1.0297238400756445
122008.47915320379	1000.0	1960.2927485421908	0.0	0	0.0	2968.7719017459603	1	0	1.0	1.0297238400756445
122712.07717530271	1000.0	2256.694726443267	0.0	0	0.0	2968.7719017459603	1	0	1.0	1.0297238400756445
123744.64599360542	1000.0	2224.125908140576	0.0	0	0.0	2968.7719017459603	1	0	1.0	1.0297238400756445
125772.16786081086	2000.0	1196.6040409351199	0.0	0	0.0	2968.7719017459603	1	0	1.0	1.0297238400756448
126911.83288370083	1000.0	1056.9390180451664	0.0	0	0.0	2968.7719017459603	1	0	1.0	0.3365766595156995
127679.7663477787	1000.0	1289.0055539672735	0.0	0	0.0	2968.771901745946	1	0	1.0	1.0297238400756472
128776.60281688467	1000.0	1192.1690848613043	0.0	0	0.0	2968.7719017459603	1	0	1.0	1.0297238400756445
129790.7264998396	1000.0	1178.0454019063757	0.0	0	0.0	2968.7719017459603	1	0	1.0	1.0297238400756445
130487.90625759037	1000.0	1480.865644155595	0.0	0	0.0	2968.7719017459603	1	0	1.0	1.0297238400756445
131448.9999894515	1000.0	1519.771912294466	0.0	0	0.0	2968.7719017459603	1	0	1.0	1.0297238400756452
132526.0845924763	1000.0	1442.6873092696244	0.0	0	0.0	2968.7719017459312	1	0	1.0	1.0297238400756483
133142.69194571712	1000.0	1826.0799560288265	0.0	0	0.0	2968.771901745946	1	0	1.0	1.0297238400756468
133886.83120062854	1000.0	2081.940701117399	0.0	0	0.0	2968.7719017459603	1	0	1.0	1.0297238400756463
134873.56651843732	1000.0	2095.205383308593	0.0	0	0.0	2968.7719017459603	1	0	1.0	1.0297238400756445
135865.67475380396	1000.0	2103.0971479419395	0.0	0	0.0	2968.7719017459312	1	0	1.0	1.0297238400756497
136891.30814323836	2000.0	2077.463758507515	0.0	0	0.0	2968.7719017459312	1	0	1.0	1.0297238400756497
138575.4685023149	2000.0	1393.3033994309517	0.0	0	0.0	2968.7719017459312	1	0	1.0	1.7228710206355948
139330.7759342207	1000.0	1637.9959675251723	0.0	0	0.0	2968.7719017459312	1	0	1.0	0.3365766595157046
140303.69324785657	1000.0	1665.0786538892996	0.0	0	0.0	2968.7719017459312	1	0	1.0	1.0297238400756497
141432.09963717256	1000.0	1536.6722645733041	0.0	0	0.0	2968.7719017459312	1	0	1.0	1.0297238400756497
142061.14650310198	1000.0	1907.6253986438624	0.0	0	0.0	2968.7719017459603	1	0	1.0	1.0297238400756445
143043.8636448788	1000.0	1924.9082568670399	0.0	0	0.0	2968.7719017459603	1	0	1.0	1.0297238400756445
144471.92905630203	2000.0	1496.8428454437794	0.0	0	0.0	2968.7719017459603	1	0	1.0	1.0297238400756448
145341.9153195368	1000.0	1626.8565822090193	0.0	0	0.0	2968.7719017459312	1	0	1.0	0.3365766595157046
146353.49590853424	1000.0	1615.2759932115944	0.0	0	0.0	2968.7719017459312	1	0	1.0	1.0297238400756497
147004.47551102552	1000.0	1964.2963907203184	0.0	0	0.0	2968.7719017459312	1	0	1.0	1.0297238400756497
147638.48919040512	1000.0	2330.2827113407075	0.0	0	0.0	2968.7719017459312	1	0	1.0	1.0297238400756497
148822.50058496266	2000.0	2146.2713167831716	0.0	0	0.0	2968.7719017459603	1	0	1.0	1.0297238400756448
150823.71397042577	2000.0	1145.0579313200503	0.0	0	0.0	2968.7719017459895	1	0	1.0	1.7228710206355846
151804.62781671618	1000.0	1164.144085029632	0.0	0	0.0	2968.7719017459895	1	0	1.0	0.3365766595156943
152475.3156855793	1000.0	1493.4562161665199	0.0	0	0.0	2968.7719017459895	1	0	1.0	1.0297238400756394
153294.38491836618	1000.0	1674.3869833796086	0.0	0	0.0	2968.7719017459895	1	0	1.0	1.0297238400756394
154344.1671315284	1000.0	1624.6047702174133	0.0	0	0.0	2968.7719017460186	1	0	1.0	1.0297238400756374
155725.91668411513	2000.0	1242.8552176307173	0.0	0	0.0	2968.7719017460477	1	0	1.0	1.0297238400756312
157406.77074512225	2000.0	562.0011566235773	0.0	0	0.0	2968.7719017460477	1	0	1.0	1.7228710206355744
158311.4976553323	1000.0	657.2742464135302	0.0	0	0.0	2968.7719017460768	1	0	1.0	0.33657665951567906
158747.75288111228	1000.0	1221.019020633595	0.0	0	0.0	2968.771901746106	1	0	1.0	1.029723840075619
160536.13351738238	2000.0	432.638384363496	0.0	0	0.0	2968.771901746106	1	0	1.0	1.0297238400756221
161543.74887189837	1000.0	457.514109557626	32.4910797101366	0	0.0	3001.262981456239	1	0	1.0	0.1358377857891132
162294.97231420496	1000.0	706.290667251053	0.0	0	0.0	3001.262981456239	1	0	1.0	1.023931444609878
163048.5011936192	2000.0	952.761787836849	0.0	0	0.0	3001.262981456268	1	0	1.0	1.0239314446098726
163588.21070466336	2000.0	1413.0522767926816	0.0	0	0.0	3001.262981456268	1	0	1.0	1.7170786251698178
164069.0961158819	2000.0	1932.1668655741316	0.0	0	0.0	3001.262981456268	1	0	1.0	1.7170786251698178
164601.815276906	2000.0	2399.4477045500453	0.0	0	0.0	3001.262981456268	1	0	1.0	1.7170786251698178
166529.52592080325	3000.0	1471.7370606527943	0.0	0	0.0	3001.262981456239	1	0	1.0	1.7170786251698202
167999.21817184275	2000.0	1002.0448096132926	0.0	0	0.0	3001.262981456239	1	0	1.0	1.3116135170616585
169303.7443187056	2000.0	697.5186627504522	0.0	0	0.0	3001.262981456239	1	0	1.0	1.7170786251698231
170006.0340781035	2000.0	995.2289033526075	0.0	0	0.0	3001.262981456268	1	0	1.0	1.7170786251698178
171589.21322283623	2000.0	412.0497586198612	0.0	0	0.0	3001.262981456239	1	0	1.0	1.7170786251698231
172156.32094209787	1000.0	844.9420393582276	0.0	0	0.0	3001.262981456239	1	0	1.0	0.3307842640499328
173581.93839597882	1000.0	419.3245854772699	0.0	0	0.0	3001.2629814562097	1	0	1.0	1.0239314446098833
174744.1014986184	1000.0	410.28061292483545	153.11913008713384	0	0.0	3154.382111543353	1	0	1.0	0.07551540977397936
175429.13877434997	1000.0	725.2433371932888	0.0	0	0.0	3154.382111543382	1	0	1.0	0.9942301902967763
176627.13074523842	1000.0	527.2513663048284	0.0	0	0.0	3154.382111543382	1	0	1.0	0.9942301902967752
177418.81903534094	1000.0	735.563076202319	0.0	0	0.0	3154.382111543382	1	0	1.0	0.9942301902967763
178157.70996348734	1000.0	996.6721480558984	0.0	0	0.0	3154.382111543382	1	0	1.0	0.9942301902967763
179589.55440848123	1000.0	564.8277030620095	0.0	0	0.0	3154.382111543382	1	0	1.0	0.9942301902967763
180473.3210307147	1000.0	758.2380082373694	77.17692740882937	0	0.0	3231.5590389520803	1	0	1.0	0.5145873969194065
181276.08815280092	2000.0	955.4708861512022	0.0	0	0.0	3231.5590389521094	1	0	1.0	0.9776489613723813
182006.83712683324	2000.0	1224.72191211887	0.0	0	0.0	3231.5590389521385	1	0	1.0	1.6707961419323147
183716.3289463627	2000.0	515.2300925894373	0.0	0	0.0	3231.5590389521967	1	0	1.0	1.670796141932306
184987.0480856362	1000.0	244.51095331596068	0.0	0	0.0	3231.559038952226	1	0	1.0	0.2845017808124052
185611.47820717547	500.0	712.363846366465	92.28301458979213	0	0.0	3323.842053542001	1	0	1.0	-0.9837090172458361
187042.00134743782	1000.0	281.84070610412823	0.0	0	0.0	3323.842053542001	1	0	1.0	0.26313625085286196
187480.54513215044	500.0	843.2969213915082	0.0	0	0.0	3323.842053542001	1	0	1.0	-0.43001092970708354
188250.0972817266	1000.0	1073.7447718153535	0.0	0	0.0	3323.842053541972	1	0	1.0	0.2631362508528634
189235.7722411061	2000.0	1088.0698124358269	0.0	0	0.0	3323.842053541972	1	0	1.0	0.9562834314128146
190059.5282741282	2000.0	1264.3137794137238	0.0	0	0.0	3323.842053541972	1	0	1.0	1.6494306119727598
191089.09823375512	2000.0	1234.7438197868266	0.0	0	0.0	3323.842053541972	1	0	1.0	1.6494306119727598
192715.66107117507	2000.0	608.1809823668834	0.0	0	0.0	3323.842053541972	1	0	1.0	1.6494306119727598
193280.41557072353	2000.0	1043.4264828184093	0.0	0	0.0	3323.8420535419427	1	0	1.0	1.6494306119727664
194087.23899741346	2000.0	1236.6030561284674	0.0	0	0.0	3323.8420535419427	1	0	1.0	1.6494306119727664
194808.7923401808	2000.0	1515.0497133611143	0.0	0	0.0	3323.8420535419427	1	0	1.0	1.6494306119727664
196684.71251669998	2000.0	639.129536841928	0.0	0	0.0	3323.8420535419427	1	0	1.0	1.6494306119727664
197641.2874149411	2000.0	682.554638600833	0.0	0	0.0	3323.8420535419136	1	0	1.0	1.6494306119727735
198552.36768836246	2000.0	771.4743651794672	0.0	0	0.0	3323.8420535419136	1	0	1.0	1.6494306119727735
199442.09423275632	2000.0	881.7478207856026	0.0	0	0.0	3323.8420535419136	1	0	1.0	1.6494306119727735
200321.45767933858	2000.0	1002.3843742033307	0.0	0	0.0	3323.8420535419427	1	0	1.0	1.6494306119727664
201237.91955625394	2000.0	1085.9224972879483	0.0	0	0.0	3323.8420535419136	1	0	1.0	1.6494306119727677
202172.99679608105	2000.0	1150.8452574608236	0.0	0	0.0	3323.8420535419136	1	0	1.0	1.6494306119727735
204340.26446710658	2000.0	200.0	216.42241356474557	0	0.0	3540.264467106608	1	0	1.0	0.2995911213597343
205015.59955093454	1000.0	651.231812937943	126.56689676589431	0	0.0	3666.8313638725085	1	0	1.0	-0.5923370652421822
205830.2022593167	1000.0	836.6291045557703	0.0	0	0.0	3666.8313638724794	1	0	1.0	0.860211495913138
206412.08465785143	1000.0	1254.7467060210301	0.0	0	0.0	3666.8313638725085	1	0	1.0	0.8602114959131288
207687.83129361927	2000.0	979.0000702532002	0.0	0	0.0	3666.8313638725085	1	0	1.0	0.8602114959131287
208766.2835104136	2000.0	900.5478534588567	0.0	0	0.0	3666.8313638725085	1	0	1.0	1.5533586764730738
210139.16609684104	2000.0	527.6652670314267	0.0	0	0.0	3666.8313638725085	1	0	1.0	1.5533586764730738
211885.01857321485	2000.0	200.0	418.18720934237956	0	0.0	4085.018573214911	1	0	1.0	-1.0431959133699065
212606.28320085487	300.0	635.5245526316216	156.78918027168785	0	0.0	2241.8077534865297	1	0	1.0	-8.919141276820628
213784.43833872947	1000.0	530.2085074738407	72.83909271682569	0	0.0	2314.646846203337	1	0	1.0	-0.5250412411350404
214939.2395635896	1000.0	445.763212327221	70.35592971353765	0	0.0	2385.002775916859	1	0	1.0	0.6868818550302996
216437.71882155433	1000.0	241.69964291018044	294.415688547675	0	0.0	2679.418464464572	1	0	1.0	-0.6883966082362157
217287.26887163593	1000.0	567.1158114843195	174.9662186557487	0	0.0	2854.3846831203264	1	0	1.0	-0.0009915949417570458
217995.8375151067	1000.0	858.5471680135588	0.0	0	0.0	2854.3846831203264	1	0	1.0	1.0488057169927352
218855.4143027164	1000.0	998.9703804038331	0.0	0	0.0	2854.3846831203264	1	0	1.0	1.0488057169927352
219771.23182565797	1000.0	1083.1528574623035	0.0	0	0.0	2854.3846831203555	1	0	1.0	1.0488057169927305
220457.7512972346	1000.0	1396.6333858856951	0.0	0	0.0	2854.3846831203264	1	0	1.0	1.0488057169927343
221279.91591782914	1000.0	1574.4687652910914	0.0	0	0.0	2854.3846831202973	1	0	1.0	1.0488057169927398
221972.20250505846	1000.0	1882.1821780618006	0.0	0	0.0	2854.3846831203264	1	0	1.0	1.0488057169927352
223572.24837666415	2000.0	1282.1363064560787	0.0	0	0.0	2854.3846831202973	1	0	1.0	1.0488057169927396
224597.97808227543	2000.0	1256.406600844834	0.0	0	0.0	2854.3846831202973	1	0	1.0	1.741952897552685
226276.494604333	2000.0	577.8900787872344	0.0	0	0.0	2854.3846831202973	1	0	1.0	1.741952897552685
226717.72138903386	1000.0	1136.6632940863765	0.0	0	0.0	2854.3846831202973	1	0	1.0	0.3556585364327946
227453.92688433724	2000.0	1400.457798783023	0.0	0	0.0	2854.3846831202973	1	0	1.0	1.0488057169927396
228591.68579487735	2000.0	1262.698888242894	0.0	0	0.0	2854.384683120268	1	0	1.0	1.7419528975526894
230363.8964043505	2000.0	490.48827876976793	0.0	0	0.0	2854.384683120268	1	0	1.0	1.7419528975526894
232785.82719234805	2000.0	200.0	1131.442509227803	0	0.0	3985.8271923480497	1	0	1.0	-5.167833694955228
233134.84004240012	300.0	850.9871499479237	0.0	0	0.0	1985.8271923480497	1	0	1.0	-7.958179822187013
234513.7805736925	1000.0	472.046618655542	0.0	0	0.0	1985.8271923479915	1	0	1.0	-0.061059837301130515
235355.01448695333	1000.0	630.8127053947214	0.0	0	0.0	1985.8271923479624	1	0	1.0	1.1429129670248086
235856.2134834412	1000.0	1129.6137089068484	0.0	0	0.0	1985.8271923479624	1	0	1.0	1.1429129670248086
236424.33794818693	1000.0	1561.4892441611394	0.0	0	0.0	1985.8271923479624	1	0	1.0	1.1429129670248086
237568.98645561628	2000.0	1416.8407367317852	0.0	0	0.0	1985.8271923480206	1	0	1.0	1.1429129670248053
238478.3435288052	2000.0	1507.4836635428303	0.0	0	0.0	1985.8271923479915	1	0	1.0	1.836060147584751
240081.72118967277	2000.0	904.1060026752734	0.0	0	0.0	1985.8271923479624	1	0	1.0	1.8360601475847538
241503.04738529059	2000.0	482.77980705745074	0.0	0	0.0	1985.8271923479624	1	0	1.0	1.8360601475847538
242989.0187543392	1000.0	200.0	203.19156199114764	0	0.0	2189.0187543391075	1	0	1.0	-0.7760044029397206
243537.21577334884	500.0	766.0046833072752	114.20170231693805	0	0.0	2303.2204566561268	1	0	1.0	-0.9544531304342712
244372.18958347515	1000.0	931.0308731809411	0.0	0	0.0	2303.2204566561268	1	0	1.0	0.42390426402730247
245086.39507427652	1000.0	1216.8253823795394	0.0	0	0.0	2303.2204566561268	1	0	1.0	1.117051444587248
246225.3629748876	1000.0	1077.8574817684557	0.0	0	0.0	2303.2204566560977	1	0	1.0	1.1170514445872484
247005.4152779229	1000.0	1297.8051787331615	0.0	0	0.0	2303.2204566560977	1	0	1.0	1.1170514445872506
247718.28193011804	1000.0	1584.9385265380477	0.0	0	0.0	2303.2204566560977	1	0	1.0	1.1170514445872506
248461.414601506	1000.0	1841.8058551500767	0.0	0	0.0	2303.2204566560977	1	0	1.0	1.1170514445872506
249364.97432813497	1000.0	1938.2461285211104	0.0	0	0.0	2303.2204566560977	1	0	1.0	1.1170514445872506
250200.0	1000.0	2103.220456656064	0.0	0	173.19349924163544	2303.2204566561268	1	0	1.0	1.117051444587248
251200.0	1000.0	2103.2204566560613	0.0	0	303.24765382660553	2303.2204566561268	1	0	1.0	1.117051444587248
253249.6082626555	2000.0	1053.6121940005407	0.0	0	0.0	2303.2204566560686	1	0	1.0	1.1170514445872528
254361.7018323005	1000.0	941.5186243555511	0.0	0	0.0	2303.2204566560395	1	0	1.0	0.423904264027311
255243.5419186213	1000.0	1059.6785380347278	0.0	0	0.0	2303.2204566560104	1	0	1.0	1.1170514445872568
255905.17655204944	1000.0	1398.0439046065899	0.0	0	0.0	2303.2204566559813	1	0	1.0	1.1170514445872617
257057.68603698342	1000.0	1245.5344196726237	0.0	0	0.0	2303.2204566559813	1	0	1.0	1.1170514445872617
258202.7257369518	1000.0	1100.4947197042356	0.0	0	0.0	2303.2204566559813	1	0	1.0	1.1170514445872617
259055.73283308375	1000.0	1247.4876235723186	0.0	0	0.0	2303.2204566559813	1	0	1.0	1.1170514445872617
260146.73550528867	1000.0	1156.4849513673769	0.0	0	0.0	2303.2204566559813	1	0	1.0	1.1170514445872617
261181.89623606982	1000.0	1121.3242205862018	0.0	0	0.0	2303.2204566560104	1	0	1.0	1.117051444587259
262304.7729456144	1000.0	998.4475110416338	0.0	0	0.0	2303.2204566560395	1	0	1.0	1.1170514445872584
263008.4366411109	1000.0	1294.7838155451966	0.0	0	0.0	2303.2204566560977	1	0	1.0	1.117051444587255
264021.0884923442	1000.0	1282.1319643119396	0.0	0	0.0	2303.2204566560686	1	0	1.0	1.1170514445872535
265148.71527402464	1000.0	1154.505182631468	0.0	0	0.0	2303.2204566560104	1	0	1.0	1.117051444587259
265817.3249990684	1000.0	1485.8954575877838	0.0	0	0.0	2303.2204566560104	1	0	1.0	1.117051444587259
266769.9845851087	1000.0	1533.2358715474365	0.0	0	0.0	2303.220456655952	1	0	1.0	1.1170514445872644
267929.3142590045	1000.0	1373.9061976516655	0.0	0	0.0	2303.220456655952	1	0	1.0	1.1170514445872644
269117.1386427229	1000.0	1186.0818139332257	0.0	0	0.0	2303.220456655952	1	0	1.0	1.1170514445872644
269888.6331573084	1000.0	1414.5872993477303	0.0	0	0.0	2303.220456655952	1	0	1.0	1.1170514445872644
271015.72976393	1000.0	1287.4906927261113	0.0	0	0.0	2303.220456655952	1	0	1.0	1.1170514445872644
271865.43994607957	1000.0	1437.7805105765308	0.0	0	0.0	2303.220456655952	1	0	1.0	1.1170514445872644
272670.9838244064	1000.0	1632.236632249651	0.0	0	0.0	2303.220456655952	1	0	1.0	1.1170514445872644
273370.1493112386	1000.0	1933.071145417424	0.0	0	0.0	2303.220456655894	1	0	1.0	1.11705144458727
274200.0	1000.0	2103.220456655979	0.0	0	78.30113661393989	2303.220456655894	1	0	1.0	1.11705144458727
275747.95637540455	2000.0	1555.2640812514455	0.0	0	0.0	2303.220456655894	1	0	1.0	1.1170514445872697
276764.65285470063	1000.0	1538.5676019553991	0.0	0	0.0	2303.220456655952	1	0	1.0	0.42390426402731923
277493.8033825814	1000.0	1809.4170740746804	0.0	0	0.0	2303.2204566560104	1	0	1.0	1.117051444587259
278200.0	1000.0	2103.22045665607	0.0	0	43.86409310728777	2303.2204566560104	1	0	1.0	1.117051444587259
279380.1003932625	1000.0	1923.1200633935516	0.0	0	0.0	2303.2204566560686	1	0	1.0	1.1170514445872535
280200.0	1000.0	2103.220456656086	0.0	0	90.19891556852963	2303.2204566560686	1	0	1.0	1.1170514445872535
281200.0	1000.0	2103.220456656035	0.0	0	21.92498629214242	2303.2204566560104	1	0	1.0	1.117051444587259
282200.0	1000.0	2103.2204566559976	0.0	0	116.1213449886418	2303.220456655952	1	0	1.0	1.1170514445872644
283200.0	1000.0	2103.220456655992	0.0	0	212.51118007913465	2303.220456655952	1	0	1.0	1.1170514445872644
284200.0	1000.0	2103.2204566560363	0.0	0	13.758854265441187	2303.220456655952	1	0	1.0	1.1170514445872644
285200.0	1000.0	2103.220456656085	0.0	0	95.74158992955927	2303.220456655952	1	0	1.0	1.1170514445872644
287020.35843717883	2000.0	1282.862019477292	0.0	0	0.0	2303.220456655952	1	0	1.0	1.1170514445872644
287772.7720878438	1000.0	1530.4483688123637	0.0	0	0.0	2303.220456655952	1	0	1.0	0.42390426402731923
288492.5747473493	1000.0	1810.6457093069025	0.0	0	0.0	2303.2204566560104	1	0	1.0	1.1170514445872601
289417.76814637217	1000.0	1885.452310284053	0.0	0	0.0	2303.2204566560104	1	0	1.0	1.117051444587259
290406.5090130515	1000.0	1896.7114436046927	0.0	0	0.0	2303.2204566560104	1	0	1.0	1.117051444587259
291200.0	1000.0	2103.2204566562414	0.0	0	93.02656902710441	2303.2204566560104	1	0	1.0	1.117051444587259
292781.4817674746	2000.0	1521.7386891815986	0.0	0	0.0	2303.220456655952	1	0	1.0	1.1170514445872644
293430.86193834094	1000.0	1872.3585183152202	0.0	0	0.0	2303.2204566558357	1	0	1.0	0.42390426402732795
294430.761919022	1000.0	1872.4585376341633	0.0	0	0.0	2303.2204566558357	1	0	1.0	1.1170514445872755
295381.3134079494	1000.0	1921.9070487067788	0.0	0	0.0	2303.220456655894	1	0	1.0	1.1170514445872732
296200.0	1000.0	2103.220456656166	0.0	0	63.5757022734615	2303.220456655894	1	0	1.0	1.11705144458727
297200.0	1000.0	2103.220456656174	0.0	0	323.0574837079621	2303.220456655894	1	0	1.0	1.11705144458727
299216.1574043252	2000.0	1087.0630523309983	0.0	0	0.0	2303.220456655952	1	0	1.0	1.1170514445872644
300259.9093544953	1000.0	1043.3111021609311	0.0	0	0.0	2303.220456655894	1	0	1.0	0.42390426402732473
301134.5278198089	1000.0	1168.6926368473003	0.0	0	0.0	2303.220456655952	1	0	1.0	1.1170514445872644
301866.50167376536	1000.0	1436.7187828908673	0.0	0	0.0	2303.220456655894	1	0	1.0	1.11705144458727
303175.63999018027	1000.0	1127.5804664759235	0.0	0	0.0	2303.220456655894	1	0	1.0	1.11705144458727
303849.41198686784	1000.0	1453.8084697883	0.0	0	0.0	2303.220456655894	1	0	1.0	1.11705144458727
305058.3459517561	2000.0	1244.8745049000713	0.0	0	0.0	2303.220456655894	1	0	1.0	1.1170514445872697
306055.2255268801	1000.0	1247.9949297760033	0.0	0	0.0	2303.220456655894	1	0	1.0	0.42390426402732473
306858.68455799343	1000.0	1444.5358986626543	0.0	0	0.0	2303.220456655894	1	0	1.0	1.11705144458727
307463.8287650997	1000.0	1839.3916915564303	0.0	0	0.0	2303.220456655894	1	0	1.0	1.11705144458727
308409.84661453293	2000.0	1893.3738421232583	0.0	0	0.0	2303.220456655894	1	0	1.0	1.1170514445872697
310167.82354989316	2000.0	1135.3969067630155	0.0	0	0.0	2303.220456655894	1	0	1.0	1.8101986251472149
311055.4809756271	1000.0	1247.7394810290461	0.0	0	0.0	2303.220456655894	1	0	1.0	0.42390426402732473
311518.2987232051	1000.0	1784.9217334509958	0.0	0	0.0	2303.220456655894	1	0	1.0	1.11705144458727
312293.4066329404	2000.0	2009.8138237156822	0.0	0	0.0	2303.220456655894	1	0	1.0	1.1170514445872697
0.8248695652173914	1.7128695652173913	1.5688695652173914	1.2568695652173916	1.3168695652173916	1.8928695652173915	1.4968695652173913	1.2568695652173916	1.3168695652173916	2.3608695652173917	3.680869565217391	3.104869565217391	1.4968695652173913	2.108869565217391	1.6768695652173913	2.0608695652173914	2.2888695652173916	1.3048695652173916	1.4248695652173913	0.6448695652173915	1.0048695652173916	1.2208695652173915	0.9088695652173915	1.3408695652173912	1.7968695652173914	0.40486956521739126	0.8248695652173914	2.4208695652173913	2.636869565217392	1.2208695652173915	0.8848695652173915	0.5608695652173914	0.9568695652173915	0.7048695652173914	1.7608695652173914	2.4688695652173913	2.732869565217391	1.8688695652173914	0.7768695652173915	2.684869565217391	2.9248695652173913	2.636869565217392	0.9688695652173915	1.2808695652173916	2.6248695652173915	3.1936	1.8376	1.7415999999999998	1.7175999999999998	0.6736000000000001	1.7415999999999998	1.4656	1.6096000000000001	2.0056	2.3415999999999997	1.7295999999999998	1.6456000000000002	1.1056	0.5296000000000001	0.6256	1.0936	1.2616	0.6975999999999999	1.0336	1.3456000000000001	0.9256	1.0096	1.4776	1.6695999999999998	1.1416	1.7175999999999998	1.6576	0.7936	2.0896	2.6056	1.7895999999999999	1.2376	1.9815999999999998	0.5656	0.7095999999999999	0.8655999999999999	1.4176	1.7415999999999998	1.4776	2.0296	2.2816	1.2736	1.6216000000000002	1.2376	0.6856000000000001	0.9976	1.5616	1.0336	1.3216	1.2856	1.2399200000000001	1.2299200000000001	1.2239200000000001	1.2519200000000001	1.2539200000000001	1.13192	1.29392	1.30192	1.15392	1.2379200000000001	1.2639200000000002	1.2439200000000001	1.20992	1.10792	1.11192	1.2619200000000002	1.16392	1.2299200000000001	1.15392	1.16392	1.15592	1.17792	1.16992	1.2199200000000001	1.31792	1.30592	1.2279200000000001	1.20992	1.17792	1.15192	1.17792	1.2239200000000001	1.20392	1.19792	1.31192	1.2339200000000001	1.33992	1.56392	1.31792	1.28192	1.34392	1.18392	1.28392	1.39992	1.2379200000000001	1.18192	1.2619200000000002	1.2559200000000001	1.2299200000000001	1.29192	1.38	1.03	1.61	1.45	0.8248695652173914	0.8248695652173914	1.7128695652173913	1.5688695652173914	1.2568695652173916	1.3168695652173916	1.8928695652173915	1.4968695652173913	1.2568695652173916	1.3168695652173916	2.3608695652173917	3.680869565217391	3.104869565217391	1.4968695652173913	2.108869565217391	1.6768695652173913	2.0608695652173914	2.2888695652173916	1.3048695652173916	1.4248695652173913	0.6448695652173915	1.0048695652173916	1.2208695652173915	0.9088695652173915	1.3408695652173912	1.7968695652173914	0.40486956521739126	0.8248695652173914	2.4208695652173913	2.636869565217392	1.2208695652173915	0.8848695652173915	0.5608695652173914	0.9568695652173915	0.7048695652173914	1.7608695652173914	2.4688695652173913	2.732869565217391	1.8688695652173914	0.7768695652173915	2.684869565217391	2.9248695652173913	2.636869565217392	0.9688695652173915	1.2808695652173916	2.6248695652173915	3.1936	1.8376	1.7415999999999998	1.7175999999999998	0.6736000000000001	1.7415999999999998	1.4656	1.6096000000000001	2.0056	2.3415999999999997	1.7295999999999998	1.6456000000000002	1.1056	0.5296000000000001	0.6256	1.0936	1.2616	0.6975999999999999	1.0336	1.3456000000000001	0.9256	1.0096	1.4776	1.6695999999999998	1.1416	1.7175999999999998	1.6576	0.7936	2.0896	2.6056	1.7895999999999999	1.2376	1.9815999999999998	0.5656	0.7095999999999999	0.8655999999999999	1.4176	1.7415999999999998	1.4776	2.0296	2.2816	1.2736	1.6216000000000002	1.2376	0.6856000000000001	0.9976	1.5616	1.0336	1.3216	1.2856	1.2399200000000001	1.2299200000000001	1.2239200000000001	1.2519200000000001	1.2539200000000001	1.13192	1.29392	1.30192	1.15392	1.2379200000000001	1.2639200000000002	1.2439200000000001	1.20992	1.10792	1.11192	1.2619200000000002	1.16392	1.2299200000000001	1.15392	1.16392	1.15592	1.17792	1.16992	1.2199200000000001	1.31792	1.30592	1.2279200000000001	1.20992	1.17792	1.15192	1.17792	1.2239200000000001	1.20392	1.19792	1.31192	1.2339200000000001	1.33992	1.56392	1.31792	1.28192	1.34392	1.18392	1.28392	1.39992	1.2379200000000001	1.18192	1.2619200000000002	1.2559200000000001	1.2299200000000001	1.29192	1.38	1.03	1.61	1.45	0.8248695652173914	0.8248695652173914	1.7128695652173913	1.5688695652173914	1.2568695652173916	1.3168695652173916	1.8928695652173915	1.4968695652173913	1.2568695652173916	1.3168695652173916	2.3608695652173917	3.680869565217391	3.104869565217391	1.4968695652173913
1.0	2.0	3.0	4.0	5.0	6.0	7.0	8.0	9.0	10.0	11.0	12.0	13.0	14.0	15.0	16.0	17.0	18.0	19.0	20.0	21.0	22.0	23.0	24.0	25.0	26.0	27.0	28.0	29.0	30.0	31.0	32.0	33.0	34.0	35.0	36.0	37.0	38.0	39.0	40.0	41.0	42.0	43.0	44.0	45.0	46.0	47.0	48.0	49.0	50.0	51.0	52.0	53.0	54.0	55.0	56.0	57.0	58.0	59.0	60.0	61.0	62.0	63.0	64.0	65.0	66.0	67.0	68.0	69.0	70.0	71.0	72.0	73.0	74.0	75.0	76.0	77.0	78.0	79.0	80.0	81.0	82.0	83.0	84.0	85.0	86.0	87.0	88.0	89.0	90.0	91.0	92.0	93.0	94.0	95.0	96.0	97.0	98.0	99.0	100.0	101.0	102.0	103.0	104.0	105.0	106.0	107.0	108.0	109.0	110.0	111.0	112.0	113.0	114.0	115.0	116.0	117.0	118.0	119.0	120.0	121.0	122.0	123.0	124.0	125.0	126.0	127.0	128.0	129.0	130.0	131.0	132.0	133.0	134.0	135.0	136.0	137.0	138.0	139.0	140.0	141.0	142.0	143.0	144.0	145.0	146.0	147.0	148.0	149.0	149.0	150.0	151.0	152.0	153.0	154.0	155.0	156.0	157.0	158.0	159.0	160.0	161.0	162.0	163.0	164.0	165.0	166.0	167.0	168.0	169.0	170.0	171.0	172.0	173.0	174.0	175.0	176.0	177.0	178.0	179.0	180.0	181.0	182.0	183.0	184.0	185.0	186.0	187.0	188.0	189.0	190.0	191.0	192.0	193.0	194.0	195.0	196.0	197.0	198.0	199.0	200.0	201.0	202.0	203.0	204.0	205.0	206.0	207.0	208.0	209.0	210.0	211.0	212.0	213.0	214.0	215.0	216.0	217.0	218.0	219.0	220.0	221.0	222.0	223.0	224.0	225.0	226.0	227.0	228.0	229.0	230.0	231.0	232.0	233.0	234.0	235.0	236.0	237.0	238.0	239.0	240.0	241.0	242.0	243.0	244.0	245.0	246.0	247.0	248.0	249.0	250.0	251.0	252.0	253.0	254.0	255.0	256.0	257.0	258.0	259.0	260.0	261.0	262.0	263.0	264.0	265.0	266.0	267.0	268.0	269.0	270.0	271.0	272.0	273.0	274.0	275.0	276.0	277.0	278.0	279.0	280.0	281.0	282.0	283.0	284.0	285.0	286.0	287.0	288.0	289.0	290.0	291.0	292.0	293.0	294.0	295.0	296.0	297.0	298.0	298.0	299.0	300.0	301.0	302.0	303.0	304.0	305.0	306.0	307.0	308.0	309.0	310.0	311.0
4208.793434051123
