4283.868823437517	300.0	2000.0	365.9867442292066	0	0.0	4283.868823437517	1	0	1.0	-2.7528317701577785
5617.189478928942	2000.0	1666.6793445085752	0.0	0	0.0	4283.868823437517	1	0	1.0	-0.5995901633581668
6288.935464241744	2000.0	1994.9333591957732	0.0	0	0.0	4283.868823437517	1	0	1.0	1.2975298215277147
7321.829754821577	2000.0	1962.039068615939	0.0	0	0.0	4283.868823437516	1	0	1.0	1.297529821527715
8837.396639928606	2000.0	1446.472183508911	0.0	0	0.0	4283.868823437517	1	0	1.0	1.2975298215277147
9792.435462394464	2000.0	1491.4333610430513	0.0	0	0.0	4283.868823437515	1	0	1.0	1.2975298215277156
11263.878079056047	2000.0	1019.9907443814661	0.0	0	0.0	4283.868823437513	1	0	1.0	1.2975298215277167
12982.048597896475	2000.0	301.8202255410371	0.0	0	0.0	4283.868823437513	1	0	1.0	1.2975298215277167
13392.884415921877	300.0	890.9844075156354	0.0	0	0.0	2283.868823437513	1	0	1.0	-7.982229955433005
14135.660299151292	1000.0	1148.2085242862213	0.0	0	0.0	2283.868823437513	1	0	1.0	-0.085109970547122
14662.844311271416	1000.0	1621.024512166099	0.0	0	0.0	2283.868823437513	1	0	1.0	1.118862833778814
15935.031521038982	2000.0	1348.8373023985334	0.0	0	0.0	2283.868823437513	1	0	1.0	1.118862833778814
16967.758315151463	2000.0	1316.110508286049	0.0	0	0.0	2283.8688234375095	1	0	1.0	1.8120100143387594
19077.40860383187	2000.0	206.46021960564133	0.0	0	0.0	2283.8688234375077	1	0	1.0	1.8120100143387596
19916.418031842863	1000.0	541.385465772188	173.93467417753686	0	0.0	2457.8034976150448	1	0	1.0	-0.6354325904570708
20902.76364456109	1000.0	555.0398530539578	0.0	0	0.0	2457.8034976150448	1	0	1.0	1.1013226351680956
21920.603083793187	1000.0	537.2004138218593	0.0	0	0.0	2457.803497615041	1	0	1.0	1.101322635168096
22708.037404856434	1000.0	749.7660927586132	0.0	0	0.0	2457.803497615041	1	0	1.0	1.101322635168096
23910.31095141982	1000.0	547.4925461952284	0.0	0	0.0	2457.803497615041	1	0	1.0	1.101322635168096
25036.539558335415	1000.0	554.5352362158146	133.2712969361799	0	0.0	2591.0747945512267	1	0	1.0	0.2861647498419969
25750.563442465373	1000.0	840.5113520858597	0.0	0	0.0	2591.0747945512267	1	0	1.0	1.0857925314590764
26379.61406385966	1000.0	1211.4607306915755	0.0	0	0.0	2591.0747945512267	1	0	1.0	1.0857925314590764
27022.970341805416	1000.0	1568.1044527458148	0.0	0	0.0	2591.0747945512267	1	0	1.0	1.0857925314590764
27950.729107889325	1000.0	1640.3456866619026	0.0	0	0.0	2591.074794551223	1	0	1.0	1.0857925314590768
28900.189661181008	2000.0	1690.8851333702187	0.0	0	0.0	2591.0747945512267	1	0	1.0	1.0857925314590764
29833.0740991854	2000.0	1758.0006953658255	0.0	0	0.0	2591.0747945512267	1	0	1.0	1.7789397120190213
31044.040163502676	2000.0	1547.0346310485493	0.0	0	0.0	2591.0747945512267	1	0	1.0	1.7789397120190213
32352.78992119111	2000.0	1238.2848733601124	0.0	0	0.0	2591.074794551223	1	0	1.0	1.778939712019022
33525.08521512061	2000.0	1065.9895794306158	0.0	0	0.0	2591.0747945512303	1	0	1.0	1.778939712019021
34968.268836787116	2000.0	622.8059577641104	0.0	0	0.0	2591.0747945512303	1	0	1.0	1.778939712019021
35915.87383430736	1000.0	675.2009602438691	0.0	0	0.0	2591.0747945512267	1	0	1.0	0.392645350899131
36935.53067713006	1000.0	655.5441174211605	0.0	0	0.0	2591.0747945512267	1	0	1.0	1.0857925314590764
37719.41338467395	1000.0	871.6614098772675	0.0	0	0.0	2591.0747945512267	1	0	1.0	1.0857925314590764
38716.2732136235	1000.0	874.8015809277147	0.0	0	0.0	2591.0747945512267	1	0	1.0	1.0857925314590764
39367.10525188829	1000.0	1223.9695426629225	0.0	0	0.0	2591.0747945512267	1	0	1.0	1.0857925314590764
39902.17439263455	1000.0	1688.9004019166716	0.0	0	0.0	2591.074794551241	1	0	1.0	1.0857925314590753
40443.094292917085	1000.0	2147.980501634137	0.0	0	0.0	2591.0747945512485	1	0	1.0	1.0857925314590735
41434.998627787645	2000.0	2156.076166763573	0.0	0	0.0	2591.074794551241	1	0	1.0	1.0857925314590744
42623.24830292341	2000.0	1967.8264916278015	0.0	0	0.0	2591.074794551241	1	0	1.0	1.7789397120190196
44280.68533424696	2000.0	1310.3894603042563	0.0	0	0.0	2591.074794551241	1	0	1.0	1.7789397120190196
46161.09375466351	2000.0	429.9810398877017	0.0	0	0.0	2591.074794551241	1	0	1.0	1.7789397120190196
46837.57971980118	1000.0	753.4950747500317	0.0	0	0.0	2591.074794551241	1	0	1.0	0.39264535089912933
47386.461394070204	1000.0	1204.6134004810083	0.0	0	0.0	2591.074794551241	1	0	1.0	1.0857925314590746
48060.224220697884	1000.0	1530.8505738533208	0.0	0	0.0	2591.074794551241	1	0	1.0	1.0857925314590746
48762.822566986964	1000.0	1828.2522275642425	0.0	0	0.0	2591.074794551241	1	0	1.0	1.0857925314590746
49898.01577595047	2000.0	1693.059018600738	0.0	0	0.0	2591.074794551241	1	0	1.0	1.0857925314590744
50793.00680378309	2000.0	1798.0679907681158	0.0	0	0.0	2591.074794551241	1	0	1.0	1.7789397120190196
52364.43915870725	2000.0	1226.6356358439596	0.0	0	0.0	2591.074794551241	1	0	1.0	1.7789397120190196
53604.52518467936	2000.0	986.5496098718561	0.0	0	0.0	2591.074794551234	1	0	1.0	1.7789397120190207
54748.88087442577	2000.0	842.1939201254523	0.0	0	0.0	2591.074794551234	1	0	1.0	1.7789397120190207
56122.023084062195	2000.0	469.0517104890246	0.0	0	0.0	2591.074794551241	1	0	1.0	1.77893971201902
57938.01159812449	2000.0	303.7911153212492	650.7279188945129	0	0.0	3241.802713445759	1	0	1.0	-2.2312440569353775
59135.69736576479	2000.0	200.0	93.89465231905405	0	0.0	3335.6973657648123	1	0	1.0	1.0893637528234352
60515.3777080405	1000.0	340.8585537499447	520.5388960256519	0	0.0	3856.2362617904437	1	0	1.0	-3.022178930991905
61384.046841056675	1000.0	528.7728145059139	56.58339377215191	0	0.0	3912.819655562591	1	0	1.0	0.43296660604536
62303.38495597211	1000.0	609.4346995904839	0.0	0	0.0	3912.819655562598	1	0	1.0	0.7724669686782684
63345.992717008965	1000.0	566.8269385536352	0.0	0	0.0	3912.819655562598	1	0	1.0	0.7724669686782684
64230.09190619723	1000.0	682.727749365369	0.0	0	0.0	3912.8196555626055	1	0	1.0	0.7724669686782657
65016.599918300686	1000.0	896.2197372619088	0.0	0	0.0	3912.819655562598	1	0	1.0	0.7724669686782684
66675.02626203583	2000.0	237.79339352677403	0.0	0	0.0	3912.819655562598	1	0	1.0	0.7724669686782696
67567.39886982407	1000.0	521.3697381430129	175.94895240449196	0	0.0	4088.768607967075	1	0	1.0	-1.0503478974613782
68413.18677474608	1000.0	675.5818332210022	0.0	0	0.0	4088.7686079670675	1	0	1.0	0.6984929975255236
69284.57689648977	1000.0	804.1917114773142	0.0	0	0.0	4088.768607967075	1	0	1.0	0.698492997525523
70712.14159841843	2000.0	376.6270095486502	0.0	0	0.0	4088.7686079670675	1	0	1.0	0.6984929975255235
71645.83581491803	2000.0	551.1947569283495	108.26196387929838	0	0.0	4197.030571846364	1	0	1.0	0.6914787636537401
72862.6112500616	2000.0	449.0928407839674	114.67351899921186	0	0.0	4311.704090845567	1	0	1.0	0.5949690590088093
73540.4289883962	2000.0	771.2751024493515	0.0	0	0.0	2311.704090845553	1	0	1.0	-4.190606056164653
74529.76539284708	2000.0	781.9386979984615	0.0	0	0.0	2311.704090845553	1	0	1.0	1.8093939438353464
76205.34290495503	2000.0	200.0	93.63881410950617	0	0.0	2405.3429049550323	1	0	1.0	1.2416752203321992
77169.18419859398	1000.0	462.8563219643362	226.69761560328848	0	0.0	2632.040520558323	1	0	1.0	-0.9727174000056621
78114.42400584173	1000.0	517.6165147165858	0.0	0	0.0	2632.040520558323	1	0	1.0	1.0806154741740142
79069.28998573334	1000.0	562.7505348249722	0.0	0	0.0	2632.0405205583083	1	0	1.0	1.0806154741740162
80165.51023553254	1000.0	520.9876834494507	54.4573984236587	0	0.0	2686.4979189819715	1	0	1.0	0.7466753785217598
80734.28799775882	1000.0	952.2099212231832	0.0	0	0.0	2686.497918981986	1	0	1.0	1.0734197690637102
81359.784723616	1000.0	1326.713195365989	0.0	0	0.0	2686.4979189820006	1	0	1.0	1.0734197690637082
82125.82657902819	1000.0	1560.671339953796	0.0	0	0.0	2686.4979189820006	1	0	1.0	1.0734197690637082
83653.95911043591	2000.0	1032.5388085460618	0.0	0	0.0	2686.497918981986	1	0	1.0	1.07341976906371
84532.7096674629	1000.0	1153.7882515190759	0.0	0	0.0	2686.497918981986	1	0	1.0	0.38027258850376494
87100.36354155537	2000.0	200.0	613.8656225734092	0	0.0	3300.363541555387	1	0	1.0	-2.6867980307514796
88054.51976931922	1000.0	400.3834213908433	154.53964915467998	0	0.0	3454.9031907100725	1	0	1.0	-0.697548088309579
88849.57699015466	500.0	678.8927853748805	73.56658481949182	0	0.0	3528.469775529564	1	0	1.0	-0.9253436680144957
90238.71542579227	1000.0	289.7543497372659	0.0	0	0.0	3528.469775529564	1	0	1.0	0.2092030214624007
90894.96490831052	500.0	705.4242070697021	71.91933985071338	0	0.0	3600.3891153802397	1	0	1.0	-0.9367565964712818
91715.7710828461	1000.0	884.6180325341168	0.0	0	0.0	3600.3891153802397	1	0	1.0	0.18790662319294382
92434.56692566685	1000.0	1165.8221897133703	0.0	0	0.0	3600.3891153802397	1	0	1.0	0.8810538037528892
93173.74011289778	1000.0	1426.6490024824534	0.0	0	0.0	3600.3891153802397	1	0	1.0	0.8810538037528892
94485.59375999696	2000.0	1114.7953553832754	0.0	0	0.0	3600.3891153802397	1	0	1.0	0.8810538037528892
95821.37149934699	2000.0	779.01761603324	0.0	0	0.0	3600.389115380225	1	0	1.0	1.5742009843128388
97429.93515302215	2000.0	200.0	29.54603764192754	0	0.0	3629.9351530221466	1	0	1.0	1.39471938780401
98182.71249154693	1000.0	627.6939842736776	180.47132279845573	0	0.0	3810.4064758206077	1	0	1.0	-0.9648673973442166
99400.92502059233	2000.0	409.48145522827383	0.0	0	0.0	3810.4064758206077	1	0	1.0	0.8111077200064631
100255.82923094445	1000.0	555.7380897162805	1.160844840126174	0	0.0	3811.5673206607316	1	0	1.0	0.11057481448626094
100928.17966456912	1000.0	883.3876560916192	0.0	0	0.0	3811.5673206607316	1	0	1.0	0.8106870640869632
102208.33213649355	2000.0	603.235184167186	0.0	0	0.0	3811.5673206607316	1	0	1.0	0.8106870640869631
103870.59947049181	2000.0	200.0	259.03214983107205	0	0.0	4070.5994704917975	1	0	1.0	-0.1254009376629368
104698.05207693795	1000.0	547.8139844099677	175.26659085612056	0	0.0	2245.866061347915	1	0	1.0	-6.622422421564181
105416.8223711005	1000.0	829.0436902474144	0.0	0	0.0	2245.866061347915	1	0	1.0	1.122324304132487
105911.78300999665	1000.0	1334.0830513512717	0.0	0	0.0	2245.866061347915	1	0	1.0	1.122324304132487
107044.68760959173	2000.0	1201.1784517562023	0.0	0	0.0	2245.866061347915	1	0	1.0	1.122324304132487
108075.11413078994	2000.0	1170.7519305579904	0.0	0	0.0	2245.866061347915	1	0	1.0	1.8154714846924322
109690.06255149034	2000.0	555.8035098575854	0.0	0	0.0	2245.8660613479005	1	0	1.0	1.8154714846924336
110555.70178074791	1000.0	690.164280600021	0.0	0	0.0	2245.8660613479005	1	0	1.0	0.4291771235725433
111096.97692411556	1000.0	1148.8891372323858	0.0	0	0.0	2245.8660613479005	1	0	1.0	1.1223243041324884
111808.53162412914	1000.0	1437.334437218799	0.0	0	0.0	2245.8660613479005	1	0	1.0	1.1223243041324884
112803.88374369453	2000.0	1441.9823176534208	0.0	0	0.0	2245.8660613479005	1	0	1.0	1.1223243041324884
114328.12932117781	2000.0	917.7367401701383	0.0	0	0.0	2245.8660613479005	1	0	1.0	1.8154714846924336
115140.41563088681	1000.0	1105.4504304611364	0.0	0	0.0	2245.866061347915	1	0	1.0	0.4291771235725419
116480.22424551044	2000.0	765.6418158375226	0.0	0	0.0	2245.866061347915	1	0	1.0	1.122324304132487
117028.7675138044	1000.0	1217.0985475435646	0.0	0	0.0	2245.8660613479005	1	0	1.0	0.4291771235725433
118297.19942973705	2000.0	948.6666316109116	0.0	0	0.0	2245.8660613479005	1	0	1.0	1.1223243041324884
119405.79929540069	2000.0	840.0667659472701	0.0	0	0.0	2245.8660613479005	1	0	1.0	1.8154714846924336
119982.72775552933	1000.0	1263.1383058186293	0.0	0	0.0	2245.8660613479005	1	0	1.0	0.4291771235725433
121399.413142823	2000.0	846.4529185249503	0.0	0	0.0	2245.866061347915	1	0	1.0	1.122324304132487
122020.36778353441	1000.0	1225.4982778135395	0.0	0	0.0	2245.866061347915	1	0	1.0	0.4291771235725419
123118.93998753949	2000.0	1126.9260738084504	0.0	0	0.0	2245.866061347915	1	0	1.0	1.122324304132487
124617.73309704509	2000.0	628.1329643028669	0.0	0	0.0	2245.866061347915	1	0	1.0	1.8154714846924322
125127.20147889845	1000.0	1118.6645824494994	0.0	0	0.0	2245.866061347915	1	0	1.0	0.4291771235725419
126371.87049903467	2000.0	873.9955623132789	0.0	0	0.0	2245.866061347915	1	0	1.0	1.122324304132487
127135.63270213145	1000.0	1110.2333592164778	0.0	0	0.0	2245.866061347915	1	0	1.0	0.4291771235725419
128731.21380380711	2000.0	514.6522575408015	0.0	0	0.0	2245.866061347915	1	0	1.0	1.122324304132487
129288.32074237715	1000.0	957.5453189707607	0.0	0	0.0	2245.866061347915	1	0	1.0	0.4291771235725419
130939.99974056795	2000.0	305.86632077995387	0.0	0	0.0	2245.866061347915	1	0	1.0	1.122324304132487
131714.62829369836	1000.0	610.5381756462899	79.3004079967663	0	0.0	2325.1664693446655	1	0	1.0	-0.05399318727427038
132492.78138989303	1000.0	832.3850794516248	0.0	0	0.0	2325.166469344651	1	0	1.0	1.1149564412662747
133293.96927660215	1000.0	1031.1971927425077	0.0	0	0.0	2325.1664693446655	1	0	1.0	1.1149564412662727
134091.93487621867	1000.0	1233.2315931259868	0.0	0	0.0	2325.1664693446655	1	0	1.0	1.1149564412662731
134872.01605258064	1000.0	1453.1504167640346	0.0	0	0.0	2325.1664693446946	1	0	1.0	1.114956441266271
136180.71984737876	2000.0	1144.4466219659307	0.0	0	0.0	2325.1664693446655	1	0	1.0	1.1149564412662731
136810.642199027	1000.0	1514.5242703176834	0.0	0	0.0	2325.1664693446655	1	0	1.0	0.42180926070632807
137503.75679090302	1000.0	1821.409678441634	0.0	0	0.0	2325.1664693446655	1	0	1.0	1.1149564412662731
138595.25668179154	2000.0	1729.9097875531156	0.0	0	0.0	2325.1664693446655	1	0	1.0	1.1149564412662731
139502.60024812934	2000.0	1822.5662212152897	0.0	0	0.0	2325.1664693446655	1	0	1.0	1.8081036218262183
140956.9806486861	2000.0	1368.185820658517	0.0	0	0.0	2325.1664693446655	1	0	1.0	1.8081036218262183
142325.34793872762	2000.0	999.8185306169567	0.0	0	0.0	2325.1664693446655	1	0	1.0	1.8081036218262183
143681.52947007498	2000.0	643.6369992695829	0.0	0	0.0	2325.1664693446655	1	0	1.0	1.8081036218262183
144348.5710194223	1000.0	976.5954499222584	0.0	0	0.0	2325.1664693446364	1	0	1.0	0.42180926070633085
145118.3020235657	1000.0	1206.8644457788796	0.0	0	0.0	2325.1664693446364	1	0	1.0	1.114956441266276
145880.7921032973	1000.0	1444.3743660472942	0.0	0	0.0	2325.1664693446364	1	0	1.0	1.114956441266276
146659.25168243767	1000.0	1665.9147869069384	0.0	0	0.0	2325.1664693446364	1	0	1.0	1.114956441266276
147822.08639047804	2000.0	1503.0800788665415	0.0	0	0.0	2325.1664693446364	1	0	1.0	1.114956441266276
149290.72646182965	2000.0	1034.4400075148847	0.0	0	0.0	2325.1664693446073	1	0	1.0	1.8081036218262239
150155.37839514494	2000.0	1169.7880741995825	0.0	0	0.0	2325.166469344578	1	0	1.0	1.8081036218262267
151517.4856911961	2000.0	807.6807781484276	0.0	0	0.0	2325.166469344578	1	0	1.0	1.8081036218262267
152243.73849795465	1000.0	1081.4279713898957	0.0	0	0.0	2325.166469344578	1	0	1.0	0.4218092607063364
153351.4837044678	1000.0	973.682764876741	0.0	0	0.0	2325.166469344578	1	0	1.0	1.1149564412662816
154152.3788271565	1000.0	1172.7876421880528	0.0	0	0.0	2325.166469344578	1	0	1.0	1.1149564412662816
155261.54985844548	2000.0	1063.6166108991122	0.0	0	0.0	2325.166469344549	1	0	1.0	1.1149564412662842
156781.23051570382	2000.0	543.9359536407613	0.0	0	0.0	2325.16646934452	1	0	1.0	1.8081036218262323
157530.94637857564	1000.0	794.2200907689322	0.0	0	0.0	2325.16646934452	1	0	1.0	0.42180926070634206
158058.22060764692	1000.0	1266.9458616976647	0.0	0	0.0	2325.166469344491	1	0	1.0	1.11495644126629
159825.04318509536	2000.0	500.1232842492452	0.0	0	0.0	2325.16646934452	1	0	1.0	1.1149564412662887
160666.88910131247	1000.0	658.2773680321427	0.0	0	0.0	2325.16646934452	1	0	1.0	0.42180926070634206
161271.27918715862	1000.0	1053.8872821860057	0.0	0	0.0	2325.16646934452	1	0	1.0	1.1149564412662873
162491.8525768942	1000.0	833.3138924504616	0.0	0	0.0	2325.16646934452	1	0	1.0	1.1149564412662873
163165.1120483306	1000.0	1160.054421014071	0.0	0	0.0	2325.166469344549	1	0	1.0	1.1149564412662842
163826.39032096067	1000.0	1498.7761483840136	0.0	0	0.0	2325.166469344578	1	0	1.0	1.114956441266282
164757.09841922173	2000.0	1568.0680501229635	0.0	0	0.0	2325.1664693446073	1	0	1.0	1.1149564412662787
165864.75249868	2000.0	1460.4139706646638	0.0	0	0.0	2325.1664693446364	1	0	1.0	1.8081036218262212
168098.0034681808	2000.0	227.16300116385895	0.0	0	0.0	2325.1664693446364	1	0	1.0	1.8081036218262212
169241.86906102594	1000.0	385.9362597384809	302.63885141972526	0	0.0	2627.805320764397	1	0	1.0	-1.4278203596659425
169911.68419120632	1000.0	716.121129558123	0.0	0	0.0	2627.805320764397	1	0	1.0	1.0811599294123542
170804.52336389254	1000.0	823.2819568719485	0.0	0	0.0	2627.805320764397	1	0	1.0	1.0811599294123542
172197.19158992486	1000.0	430.61373083964645	0.0	0	0.0	2627.805320764397	1	0	1.0	1.0811599294123542
172828.49974759476	500.0	799.3055731697513	0.0	0	0.0	2627.805320764397	1	0	1.0	-0.3051344317075366
173851.85285138822	1000.0	775.952469376305	0.0	0	0.0	2627.805320764368	1	0	1.0	0.38801274885241177
174620.0129746063	1000.0	1007.7923461582203	0.0	0	0.0	2627.805320764368	1	0	1.0	1.081159929412358
175356.66056168114	1000.0	1271.144759083405	0.0	0	0.0	2627.805320764368	1	0	1.0	1.081159929412358
176076.44410812887	1000.0	1551.3612126356534	0.0	0	0.0	2627.805320764339	1	0	1.0	1.0811599294123617
177050.01353780972	1000.0	1577.791782954812	0.0	0	0.0	2627.805320764368	1	0	1.0	1.081159929412358
177865.48395813417	2000.0	1762.321362630362	0.0	0	0.0	2627.805320764368	1	0	1.0	1.081159929412358
178649.86249784502	2000.0	1977.9428229194666	0.0	0	0.0	2627.805320764339	1	0	1.0	1.774307109972304
179966.23690532625	2000.0	1661.5684154382259	0.0	0	0.0	2627.805320764339	1	0	1.0	1.7743071099723067
180810.57521854914	2000.0	1817.2301022153242	0.0	0	0.0	2627.805320764339	1	0	1.0	1.7743071099723067
182148.45177906047	2000.0	1479.3535417040302	0.0	0	0.0	2627.805320764339	1	0	1.0	1.7743071099723067
183144.2295934455	2000.0	1483.5757273189931	0.0	0	0.0	2627.805320764339	1	0	1.0	1.7743071099723067
184632.42024846622	2000.0	995.3850722982734	0.0	0	0.0	2627.805320764368	1	0	1.0	1.774307109972306
185368.31565647395	1000.0	1259.4896642905455	0.0	0	0.0	2627.805320764397	1	0	1.0	0.388012748852409
186017.99716120143	1000.0	1609.8081595630679	0.0	0	0.0	2627.805320764426	1	0	1.0	1.0811599294123504
187009.9601250291	1000.0	1617.8451957354096	0.0	0	0.0	2627.805320764397	1	0	1.0	1.0811599294123533
187918.19435375452	1000.0	1709.6109670100186	0.0	0	0.0	2627.805320764397	1	0	1.0	1.0811599294123542
188796.6766210355	1000.0	1831.1286997290506	0.0	0	0.0	2627.805320764368	1	0	1.0	1.0811599294123564
189345.51597698822	1000.0	2282.2893437763296	0.0	0	0.0	2627.805320764339	1	0	1.0	1.0811599294123617
190683.84703849343	2000.0	1943.9582822711302	0.0	0	0.0	2627.805320764339	1	0	1.0	1.0811599294123617
191414.98634568352	2000.0	2212.818975081046	0.0	0	0.0	2627.805320764339	1	0	1.0	1.7743071099723067
193122.90036996224	2000.0	1504.904950802309	0.0	0	0.0	2627.805320764339	1	0	1.0	1.7743071099723067
194803.19400139022	2000.0	824.6113193743462	0.0	0	0.0	2627.8053207643097	1	0	1.0	1.7743071099723084
195699.34057029034	1000.0	928.4647504741973	0.0	0	0.0	2627.8053207642806	1	0	1.0	0.38801274885242165
196254.54006939047	1000.0	1373.2652513740613	0.0	0	0.0	2627.8053207642806	1	0	1.0	1.0811599294123693
198281.54394545863	2000.0	346.26137530586334	0.0	0	0.0	2627.8053207643097	1	0	1.0	1.0811599294123662
198876.89567300119	1000.0	750.9096477633034	0.0	0	0.0	2627.8053207643097	1	0	1.0	0.3880127488524202
199625.22765664425	2000.0	1002.5776641202408	0.0	0	0.0	2627.8053207643097	1	0	1.0	1.0811599294123655
200421.91068969932	2000.0	1205.8946310651586	0.0	0	0.0	2627.805320764339	1	0	1.0	1.7743071099723067
201519.5925830467	2000.0	1108.2127377178167	0.0	0	0.0	2627.805320764339	1	0	1.0	1.7743071099723067
202501.49764168123	2000.0	1126.3076790833013	0.0	0	0.0	2627.805320764339	1	0	1.0	1.7743071099723067
203902.18899480524	2000.0	725.6163259592958	0.0	0	0.0	2627.805320764339	1	0	1.0	1.7743071099723067
204817.95458530023	1000.0	809.8507354643075	0.0	0	0.0	2627.805320764339	1	0	1.0	0.3880127488524165
206456.6571812072	2000.0	200.0	28.851860442670187	0	0.0	2656.6571812070324	1	0	1.0	0.9072983684058347
207075.12370721676	1000.0	700.4305408473482	118.89706685690084	0	0.0	2775.5542480639415	1	0	1.0	-0.34569059974187044
208973.0833039706	2000.0	200.0	397.52905590650334	0	0.0	3173.0833039704303	1	0	1.0	-1.3621984482516203
209746.4145276273	1000.0	628.0546582328843	201.38588188958406	0	0.0	3374.4691858600127	1	0	1.0	-0.9576522387187528
210841.90847036	1000.0	532.5607155001445	0.0	0	0.0	3374.4691858599836	1	0	1.0	0.9438102331787008
212014.8803429912	1000.0	371.72180852297123	12.132965654006	0	0.0	3386.602151513973	1	0	1.0	0.8679410258377096
212529.7433940445	500.0	856.858757469694	0.0	0	0.0	3386.602151513973	1	0	1.0	-0.44555554135814524
213359.75570653757	1000.0	1026.8464449766088	0.0	0	0.0	3386.602151513973	1	0	1.0	0.24759163920180025
214038.85561551468	1000.0	1347.746535999517	0.0	0	0.0	3386.602151513973	1	0	1.0	0.9407388197617457
215922.56919501963	2000.0	464.0329564945709	0.0	0	0.0	3386.602151513973	1	0	1.0	0.9407388197617454
216660.78402142445	1000.0	725.8181300897735	0.0	0	0.0	3386.602151513973	1	0	1.0	0.24759163920180047
217592.5474453411	1000.0	794.0547061731147	0.0	0	0.0	3386.602151513973	1	0	1.0	0.9407388197617457
218215.37340082708	1000.0	1171.2287506871367	0.0	0	0.0	3386.602151513973	1	0	1.0	0.9407388197617457
218919.62963307434	1000.0	1466.9725184398744	0.0	0	0.0	3386.602151513973	1	0	1.0	0.9407388197617457
219888.7552677794	2000.0	1497.8468837347853	0.0	0	0.0	3386.602151513973	1	0	1.0	0.9407388197617454
220977.34352507137	2000.0	1409.258626442806	0.0	0	0.0	3386.602151514002	1	0	1.0	1.6338860003216835
222027.88162777244	2000.0	1358.7205237417475	0.0	0	0.0	3386.602151514002	1	0	1.0	1.6338860003216835
222704.19173318843	2000.0	1682.4104183257894	0.0	0	0.0	3386.602151514002	1	0	1.0	1.6338860003216835
223602.99224118888	2000.0	1783.6099103253118	0.0	0	0.0	3386.602151514002	1	0	1.0	1.6338860003216835
224924.17270328998	2000.0	1462.4294482242162	0.0	0	0.0	3386.602151514002	1	0	1.0	1.6338860003216835
226854.70093383937	2000.0	531.9012176748321	0.0	0	0.0	3386.602151514031	1	0	1.0	1.633886000321676
227996.37997035045	1000.0	390.2221811637508	0.0	0	0.0	3386.602151514031	1	0	1.0	0.24759163920178573
228924.01911515245	1000.0	637.8554513914386	175.272415029713	0	0.0	3561.8745665439055	1	0	1.0	-0.15901623853590932
229639.20591025034	1000.0	922.6686562935776	0.0	0	0.0	3561.8745665439055	1	0	1.0	0.8926182516423685
230497.1405959468	1000.0	1064.733970597099	0.0	0	0.0	3561.8745665438764	1	0	1.0	0.8926182516423773
231223.15997793496	1000.0	1338.714588608944	0.0	0	0.0	3561.8745665439055	1	0	1.0	0.8926182516423685
232243.5859315287	2000.0	1318.2886350151937	0.0	0	0.0	3561.8745665439055	1	0	1.0	0.8926182516423683
233288.182297466	2000.0	1273.6922690778952	0.0	0	0.0	3561.8745665439346	1	0	1.0	1.5857654322023051
235789.87043654767	2000.0	200.0	427.99587000376664	0	0.0	3989.8704365477024	1	0	1.0	-1.0645282133987828
236809.65568575164	1000.0	432.4333641361839	252.21861334019331	0	0.0	4242.0890498878725	1	0	1.0	-1.5808042502326045
237336.9269269391	300.0	905.1621229487164	0.0	0	0.0	2242.0890498878725	1	0	1.0	-7.285284081055948
238671.95172905517	1000.0	570.1373208326668	0.0	0	0.0	2242.0890498878434	1	0	1.0	-0.08131127673000893
240051.7128581538	1000.0	417.4194831027155	227.04329136867307	0	0.0	2469.1323412565107	1	0	1.0	-0.2621828434755351
240829.53654461837	1000.0	639.5957966381739	0.0	0	0.0	2469.13234125654	1	0	1.0	1.1000769047365007
241346.13111326378	1000.0	1123.0012279927837	0.0	0	0.0	2469.13234125654	1	0	1.0	1.1000769047365
242073.0147520962	1000.0	1396.117589160352	0.0	0	0.0	2469.1323412565107	1	0	1.0	1.1000769047365033
243064.22611134834	2000.0	1404.906229908212	0.0	0	0.0	2469.1323412565107	1	0	1.0	1.1000769047365033
244271.77293598792	2000.0	1197.3594052686194	0.0	0	0.0	2469.1323412565107	1	0	1.0	1.7932240852964485
245245.83275559684	2000.0	1223.2995856596967	0.0	0	0.0	2469.1323412565107	1	0	1.0	1.7932240852964485
246348.47706777495	2000.0	1120.6552734815568	0.0	0	0.0	2469.1323412564816	1	0	1.0	1.7932240852964516
247027.28268945884	1000.0	1441.8496517976778	0.0	0	0.0	2469.1323412564525	1	0	1.0	0.40692972417656453
247901.37892441705	1000.0	1567.7534168394575	0.0	0	0.0	2469.1323412564525	1	0	1.0	1.1000769047365098
249621.31125821912	2000.0	847.8210830374069	0.0	0	0.0	2469.1323412564816	1	0	1.0	1.1000769047365089
250231.87781230875	1000.0	1237.254528947779	0.0	0	0.0	2469.1323412564816	1	0	1.0	0.40692972417656137
251344.02398262854	2000.0	1125.1083586279588	0.0	0	0.0	2469.1323412564816	1	0	1.0	1.1000769047365062
252874.02817313772	2000.0	595.1041681187752	0.0	0	0.0	2469.1323412564816	1	0	1.0	1.7932240852964498
253695.16731316992	1000.0	773.9650280865649	0.0	0	0.0	2469.1323412564816	1	0	1.0	0.40692972417656137
254322.85304338764	1000.0	1146.2792978688535	0.0	0	0.0	2469.1323412564816	1	0	1.0	1.1000769047365064
255086.2299409025	1000.0	1382.902400353996	0.0	0	0.0	2469.1323412564816	1	0	1.0	1.1000769047365064
255985.1175083549	2000.0	1484.0148329016229	0.0	0	0.0	2469.1323412564816	1	0	1.0	1.1000769047365062
257524.55357776574	2000.0	944.5787634907738	0.0	0	0.0	2469.1323412564816	1	0	1.0	1.7932240852964516
258848.14205396135	2000.0	620.9902872951769	0.0	0	0.0	2469.1323412564816	1	0	1.0	1.7932240852964516
259522.40316117174	1000.0	946.7291800847826	0.0	0	0.0	2469.1323412564816	1	0	1.0	0.40692972417656137
260201.81568304994	1000.0	1267.316658206591	0.0	0	0.0	2469.1323412565107	1	0	1.0	1.1000769047365033
260727.58917994564	1000.0	1741.543161310872	0.0	0	0.0	2469.1323412564816	1	0	1.0	1.1000769047365064
261841.69942676098	2000.0	1627.4329144955495	0.0	0	0.0	2469.1323412565107	1	0	1.0	1.1000769047365044
263458.9538267557	2000.0	1010.1785145008611	0.0	0	0.0	2469.1323412564816	1	0	1.0	1.7932240852964525
264409.55082625814	2000.0	1059.5815149984178	0.0	0	0.0	2469.1323412564525	1	0	1.0	1.7932240852964534
265938.8842232756	2000.0	530.248117980967	0.0	0	0.0	2469.1323412564816	1	0	1.0	1.7932240852964516
266644.3585719746	1000.0	824.7737692819295	0.0	0	0.0	2469.13234125654	1	0	1.0	0.4069297241765548
267269.7951500794	1000.0	1199.3371911771276	0.0	0	0.0	2469.1323412564816	1	0	1.0	1.1000769047365064
268301.4430054395	2000.0	1167.6893358170312	0.0	0	0.0	2469.1323412564816	1	0	1.0	1.1000769047365062
269533.4631982439	2000.0	935.6691430125952	0.0	0	0.0	2469.1323412564816	1	0	1.0	1.7932240852964516
270149.25965158106	1000.0	1319.8726896753387	0.0	0	0.0	2469.1323412564816	1	0	1.0	0.40692972417656137
271276.6105036896	2000.0	1192.5218375667737	0.0	0	0.0	2469.1323412564816	1	0	1.0	1.1000769047365062
272401.2479573622	2000.0	1067.8843838941493	0.0	0	0.0	2469.1323412564816	1	0	1.0	1.7932240852964516
272908.3080770079	1000.0	1560.824264248496	0.0	0	0.0	2469.1323412564816	1	0	1.0	0.40692972417656137
274529.0502385994	2000.0	940.0821026569212	0.0	0	0.0	2469.1323412564234	1	0	1.0	1.1000769047365129
276138.6937379657	2000.0	330.438603290655	0.0	0	0.0	2469.1323412564234	1	0	1.0	1.7932240852964583
276797.46566378354	1000.0	680.3663235720296	8.699646099255801	0	0.0	2477.831987355661	1	0	1.0	0.3537661500269488
277256.5952129656	1000.0	1221.236774389873	0.0	0	0.0	2477.831987355661	1	0	1.0	1.0991112071824287
278676.4743684217	2000.0	801.3576189338091	0.0	0	0.0	2477.8319873557193	1	0	1.0	1.099111207182422
279447.5226240753	1000.0	1030.3093632802713	0.0	0	0.0	2477.8319873557193	1	0	1.0	0.405964026622477
280107.89114537893	1000.0	1369.940841976652	0.0	0	0.0	2477.8319873557193	1	0	1.0	1.099111207182422
281255.52840654633	2000.0	1222.3035808092754	0.0	0	0.0	2477.831987355661	1	0	1.0	1.0991112071824285
282089.45116362645	1000.0	1388.3808237291416	0.0	0	0.0	2477.8319873557193	1	0	1.0	0.405964026622477
282691.2600970955	1000.0	1786.5718902600775	0.0	0	0.0	2477.8319873557193	1	0	1.0	1.099111207182422
284216.28060856665	2000.0	1261.5513787889454	0.0	0	0.0	2477.831987355661	1	0	1.0	1.0991112071824272
285472.53087127104	2000.0	1005.3011160845571	0.0	0	0.0	2477.831987355661	1	0	1.0	1.7922583877423737
286280.66146903596	1000.0	1197.1705183196627	0.0	0	0.0	2477.831987355661	1	0	1.0	0.40596402662248343
286841.26881591073	1000.0	1636.5631714449448	0.0	0	0.0	2477.831987355603	1	0	1.0	1.0991112071824352
288459.87570428004	2000.0	1017.9562830756698	0.0	0	0.0	2477.831987355603	1	0	1.0	1.0991112071824352
289945.03732689505	2000.0	532.7946604607182	0.0	0	0.0	2477.831987355603	1	0	1.0	1.7922583877423803
290698.5308538429	1000.0	779.3011335128743	0.0	0	0.0	2477.831987355603	1	0	1.0	0.40596402662249004
291446.12125553464	1000.0	1031.7107318211556	0.0	0	0.0	2477.831987355603	1	0	1.0	1.0991112071824352
292189.83815613395	1000.0	1287.9938312218649	0.0	0	0.0	2477.831987355603	1	0	1.0	1.0991112071824352
293566.7843749921	2000.0	911.0476123637989	0.0	0	0.0	2477.831987355603	1	0	1.0	1.0991112071824352
294297.95205564325	1000.0	1179.8799317126386	0.0	0	0.0	2477.831987355603	1	0	1.0	0.40596402662249004
295005.3961220073	1000.0	1472.4358653486463	0.0	0	0.0	2477.8319873555447	1	0	1.0	1.0991112071824416
295599.827142253	1000.0	1878.0048451029072	0.0	0	0.0	2477.8319873554283	1	0	1.0	1.0991112071824494
297226.3986495076	2000.0	1251.433337848289	0.0	0	0.0	2477.8319873554283	1	0	1.0	1.0991112071824545
298539.65397783223	2000.0	938.1780095237716	0.0	0	0.0	2477.8319873555447	1	0	1.0	1.7922583877423919
299480.90773418924	2000.0	996.9242531667865	0.0	0	0.0	2477.8319873555447	1	0	1.0	1.7922583877423868
300887.51513694803	2000.0	590.3168504080204	0.0	0	0.0	2477.8319873555447	1	0	1.0	1.7922583877423868
301615.99344455753	1000.0	861.8385427985191	0.0	0	0.0	2477.8319873555447	1	0	1.0	0.4059640266224964
302650.4601716854	1000.0	827.3718156706907	0.0	0	0.0	2477.8319873555447	1	0	1.0	1.0991112071824416
303178.5740443285	1000.0	1299.2579430275823	0.0	0	0.0	2477.8319873555447	1	0	1.0	1.0991112071824416
304067.3165382544	2000.0	1410.515449101668	0.0	0	0.0	2477.831987355603	1	0	1.0	1.0991112071824352
305301.00099036464	2000.0	1176.8309969913903	0.0	0	0.0	2477.8319873555447	1	0	1.0	1.7922583877423868
306926.8511195971	2000.0	550.9808677588826	0.0	0	0.0	2477.8319873555447	1	0	1.0	1.7922583877423868
308028.1406028296	2000.0	449.6913845263689	0.0	0	0.0	2477.8319873555447	1	0	1.0	1.7922583877423868
308929.95419003576	1000.0	547.8777973201211	0.0	0	0.0	2477.8319873554865	1	0	1.0	0.40596402662250297
309797.75431168487	1000.0	680.0776756710827	0.0	0	0.0	2477.8319873554865	1	0	1.0	1.099111207182448
1.1093617021276594	1.7093617021276595	2.5613617021276593	1.3013617021276596	1.4333617021276595	1.9973617021276593	1.2053617021276595	1.3373617021276596	1.4453617021276595	1.0373617021276598	1.3853617021276594	1.6133617021276596	2.4413617021276592	1.8773617021276596	0.7853617021276595	1.0853617021276594	1.0013617021276597	1.3013617021276596	1.2053617021276595	0.6173617021276595	0.8573617021276595	1.4453617021276595	1.5173617021276595	1.2053617021276595	1.5173617021276595	2.5013617021276593	1.1093617021276594	2.3213617021276596	1.9493617021276597	1.8413617021276596	1.4693617021276595	1.3973617021276594	1.3733617021276594	1.2533617021276595	1.1093617021276594	1.2773617021276595	1.4333617021276595	1.6373617021276596	2.1533617021276594	1.1693617021276594	1.6373617021276596	1.3013617021276596	1.3853617021276594	1.6493617021276596	1.1453617021276594	1.4333617021276595	2.21	1.91	1.65	2.26	2.09	1.25	1.55	1.15	2.22	0.61	1.04	0.94	1.04	0.96	1.41	1.93	1.15	1.44	1.1	1.59	1.91	1.85	1.91	2.55	1.8	1.39	1.61	1.3	1.26	0.75	1.47	1.61	1.68	1.78	1.53	0.73	1.27	1.12	0.66	0.93	0.86	1.24	1.577	1.661	1.639	1.751	1.609	1.4469999999999998	1.4929999999999999	1.525	1.563	1.603	1.621	1.605	1.509	1.619	1.7069999999999999	1.7109999999999999	1.641	1.591	1.635	1.523	1.595	1.605	1.595	1.7169999999999999	1.7269999999999999	1.633	1.7069999999999999	1.633	1.577	1.629	1.605	1.625	1.549	1.6989999999999998	1.583	1.7049999999999998	1.751	1.6929999999999998	1.509	1.565	1.525	1.511	1.4869999999999999	1.563	1.595	1.515	1.551	1.7409999999999999	1.5526153846153847	1.4506153846153849	1.6626153846153848	1.6726153846153848	1.5546153846153847	1.5186153846153847	1.4786153846153847	1.5986153846153848	1.6006153846153848	1.6766153846153848	1.7166153846153847	1.5666153846153847	1.5006153846153847	1.6973617021276595	1.1093617021276594	1.7093617021276595	2.5613617021276593	1.3013617021276596	1.4333617021276595	1.9973617021276593	1.2053617021276595	1.3373617021276596	1.4453617021276595	1.0373617021276598	1.3853617021276594	1.6133617021276596	2.4413617021276592	1.8773617021276596	0.7853617021276595	1.0853617021276594	1.0013617021276597	1.3013617021276596	1.2053617021276595	0.6173617021276595	0.8573617021276595	1.4453617021276595	1.5173617021276595	1.2053617021276595	1.5173617021276595	2.5013617021276593	1.1093617021276594	2.3213617021276596	1.9493617021276597	1.8413617021276596	1.4693617021276595	1.3973617021276594	1.3733617021276594	1.2533617021276595	1.1093617021276594	1.2773617021276595	1.4333617021276595	1.6373617021276596	2.1533617021276594	1.1693617021276594	1.6373617021276596	1.3013617021276596	1.3853617021276594	1.6493617021276596	1.1453617021276594	1.4333617021276595	2.21	1.91	1.65	2.26	2.09	1.25	1.55	1.15	2.22	0.61	1.04	0.94	1.04	0.96	1.41	1.93	1.15	1.44	1.1	1.59	1.91	1.85	1.91	2.55	1.8	1.39	1.61	1.3	1.26	0.75	1.47	1.61	1.68	1.78	1.53	0.73	1.27	1.12	0.66	0.93	0.86	1.24	1.577	1.661	1.639	1.751	1.609	1.4469999999999998	1.4929999999999999	1.525	1.563	1.603	1.621	1.605	1.509	1.619	1.7069999999999999	1.7109999999999999	1.641	1.591	1.635	1.523	1.595	1.605	1.595	1.7169999999999999	1.7269999999999999	1.633	1.7069999999999999	1.633	1.577	1.629	1.605	1.625	1.549	1.6989999999999998	1.583	1.7049999999999998	1.751	1.6929999999999998	1.509	1.565	1.525	1.511	1.4869999999999999	1.563	1.595	1.515	1.551	1.7409999999999999	1.5526153846153847	1.4506153846153849	1.6626153846153848	1.6726153846153848	1.5546153846153847	1.5186153846153847	1.4786153846153847	1.5986153846153848	1.6006153846153848	1.6766153846153848	1.7166153846153847	1.5666153846153847	1.5006153846153847	1.6973617021276595	1.1093617021276594	1.7093617021276595	2.5613617021276593	1.3013617021276596	1.4333617021276595	1.9973617021276593	1.2053617021276595	1.3373617021276596	1.4453617021276595
1.0	2.0	3.0	4.0	5.0	6.0	7.0	8.0	9.0	10.0	11.0	12.0	13.0	14.0	15.0	16.0	17.0	18.0	19.0	20.0	21.0	22.0	23.0	24.0	25.0	26.0	27.0	28.0	29.0	30.0	31.0	32.0	33.0	34.0	35.0	36.0	37.0	38.0	39.0	40.0	41.0	42.0	43.0	44.0	45.0	46.0	47.0	48.0	49.0	50.0	51.0	52.0	53.0	54.0	55.0	56.0	57.0	58.0	59.0	60.0	61.0	62.0	63.0	64.0	65.0	66.0	67.0	68.0	69.0	70.0	71.0	72.0	73.0	74.0	75.0	76.0	77.0	78.0	79.0	80.0	81.0	82.0	83.0	84.0	85.0	86.0	87.0	88.0	89.0	90.0	91.0	92.0	93.0	94.0	95.0	96.0	97.0	98.0	99.0	100.0	101.0	102.0	103.0	104.0	105.0	106.0	107.0	108.0	109.0	110.0	111.0	112.0	113.0	114.0	115.0	116.0	117.0	118.0	119.0	120.0	121.0	122.0	123.0	124.0	125.0	126.0	127.0	128.0	129.0	130.0	131.0	132.0	133.0	134.0	135.0	136.0	137.0	138.0	139.0	140.0	141.0	142.0	143.0	144.0	145.0	146.0	147.0	148.0	149.0	149.0	150.0	151.0	152.0	153.0	154.0	155.0	156.0	157.0	158.0	159.0	160.0	161.0	162.0	163.0	164.0	165.0	166.0	167.0	168.0	169.0	170.0	171.0	172.0	173.0	174.0	175.0	176.0	177.0	178.0	179.0	180.0	181.0	182.0	183.0	184.0	185.0	186.0	187.0	188.0	189.0	190.0	191.0	192.0	193.0	194.0	195.0	196.0	197.0	198.0	199.0	200.0	201.0	202.0	203.0	204.0	205.0	206.0	207.0	208.0	209.0	210.0	211.0	212.0	213.0	214.0	215.0	216.0	217.0	218.0	219.0	220.0	221.0	222.0	223.0	224.0	225.0	226.0	227.0	228.0	229.0	230.0	231.0	232.0	233.0	234.0	235.0	236.0	237.0	238.0	239.0	240.0	241.0	242.0	243.0	244.0	245.0	246.0	247.0	248.0	249.0	250.0	251.0	252.0	253.0	254.0	255.0	256.0	257.0	258.0	259.0	260.0	261.0	262.0	263.0	264.0	265.0	266.0	267.0	268.0	269.0	270.0	271.0	272.0	273.0	274.0	275.0	276.0	277.0	278.0	279.0	280.0	281.0	282.0	283.0	284.0	285.0	286.0	287.0	288.0	289.0	290.0	291.0	292.0	293.0	294.0	295.0	296.0	297.0	298.0	298.0	299.0	300.0	301.0	302.0	303.0	304.0	305.0	306.0	307.0
3539.4906499426115
