3732.2948291754656	300.0	2000.0	313.5953051190329	0	0.0	3732.2948291754656	1	0	1.0	-2.2237015090807617
5546.754293922288	2000.0	1185.540535253177	0.0	0	0.0	3732.2948291754647	1	0	1.0	-0.36544213265068537
7148.916940314462	2000.0	583.3778888610032	0.0	0	0.0	3732.294829175466	1	0	1.0	1.5316778522351955
7950.860974109336	1000.0	781.4338550661289	0.0	0	0.0	3732.2948291754656	1	0	1.0	0.1453834911153053
8691.920021000822	1000.0	1040.374808174644	0.0	0	0.0	3732.2948291754674	1	0	1.0	0.8385306716752502
10198.626469171988	2000.0	533.6683600034776	0.0	0	0.0	3732.2948291754665	1	0	1.0	0.8385306716752499
10710.939492433428	1000.0	1021.3553367420345	0.0	0	0.0	3732.2948291754637	1	0	1.0	0.1453834911153054
11945.519617009662	2000.0	786.7752121657995	0.0	0	0.0	3732.294829175462	1	0	1.0	0.8385306716752514
13645.381793059341	2000.0	200.0	113.08696388387955	0	0.0	3845.3817930593414	1	0	1.0	0.8359830315409842
14499.155396726159	1000.0	599.2900633503859	253.06366701720256	0	0.0	4098.445460076544	1	0	1.0	-1.5173964148226773
16121.168177998721	2000.0	200.0	222.72271792217427	0	0.0	4321.168177998721	1	0	1.0	-0.7306938659391883
16734.1993375587	1000.0	697.7298924786041	110.76105203858256	0	0.0	2431.929230037307	1	0	1.0	-6.253595166419835
17391.42107369134	1000.0	1040.5081563459626	0.0	0	0.0	2431.929230037307	1	0	1.0	1.1041183263716063
18234.4501576679	1000.0	1197.4790723694027	0.0	0	0.0	2431.9292300373054	1	0	1.0	1.1041183263716066
18900.430764139095	1000.0	1531.4984658982066	0.0	0	0.0	2431.9292300373054	1	0	1.0	1.1041183263716066
19846.750986211002	1000.0	1585.1782438263028	0.0	0	0.0	2431.9292300373054	1	0	1.0	1.1041183263716066
20656.65457943671	1000.0	1775.2746506005947	0.0	0	0.0	2431.9292300373054	1	0	1.0	1.1041183263716066
21591.135423932483	1000.0	1840.7938061048226	0.0	0	0.0	2431.929230037309	1	0	1.0	1.1041183263716061
23408.716231746548	2000.0	1023.2129982907559	0.0	0	0.0	2431.929230037309	1	0	1.0	1.1041183263716061
23935.140410378488	1000.0	1496.788819658814	0.0	0	0.0	2431.929230037309	1	0	1.0	0.410971145811661
25110.27451651796	2000.0	1321.6547135193455	0.0	0	0.0	2431.929230037309	1	0	1.0	1.1041183263716061
26338.711648499106	2000.0	1093.2175815382004	0.0	0	0.0	2431.929230037309	1	0	1.0	1.7972655069315513
27784.013180469574	2000.0	647.9160495677327	0.0	0	0.0	2431.929230037309	1	0	1.0	1.7972655069315513
28260.667076105336	1000.0	1171.2621539319732	0.0	0	0.0	2431.929230037309	1	0	1.0	0.410971145811661
29118.861473233042	1000.0	1313.0677568042656	0.0	0	0.0	2431.929230037309	1	0	1.0	1.1041183263716061
30723.78317674657	2000.0	708.1460532907438	0.0	0	0.0	2431.929230037309	1	0	1.0	1.1041183263716061
31441.630412907816	1000.0	990.2988171295009	0.0	0	0.0	2431.9292300373127	1	0	1.0	0.41097114581166083
31985.6613895016	1000.0	1446.2678405357133	0.0	0	0.0	2431.9292300373127	1	0	1.0	1.104118326371606
32854.690849834675	1000.0	1577.2383802026354	0.0	0	0.0	2431.9292300373127	1	0	1.0	1.1041183263716055
33636.823409819335	1000.0	1795.105820217975	0.0	0	0.0	2431.9292300373163	1	0	1.0	1.1041183263716057
34824.04805435198	2000.0	1607.8811756853318	0.0	0	0.0	2431.92923003732	1	0	1.0	1.1041183263716052
35829.02242936365	2000.0	1602.9068006736625	0.0	0	0.0	2431.92923003732	1	0	1.0	1.7972655069315502
37173.51609191581	2000.0	1258.4131381215018	0.0	0	0.0	2431.92923003732	1	0	1.0	1.7972655069315502
38979.90791146568	2000.0	452.0213185716307	0.0	0	0.0	2431.92923003732	1	0	1.0	1.7972655069315502
39563.71508478946	1000.0	868.2141452478469	0.0	0	0.0	2431.9292300373127	1	0	1.0	0.4109711458116607
40455.96942826766	1000.0	975.9598017696524	0.0	0	0.0	2431.92923003732	1	0	1.0	1.104118326371605
41264.68698632048	1000.0	1167.2422437168304	0.0	0	0.0	2431.92923003732	1	0	1.0	1.104118326371605
41911.025184690516	1000.0	1520.9040453467917	0.0	0	0.0	2431.92923003732	1	0	1.0	1.104118326371605
42529.7101002136	1000.0	1902.2191298237074	0.0	0	0.0	2431.92923003732	1	0	1.0	1.104118326371605
44030.3320921004	2000.0	1401.5971379369103	0.0	0	0.0	2431.929230037327	1	0	1.0	1.1041183263716041
44966.184951188145	1000.0	1465.7442788491678	0.0	0	0.0	2431.929230037327	1	0	1.0	0.41097114581165906
45532.640423529425	1000.0	1899.2888065078778	0.0	0	0.0	2431.929230037327	1	0	1.0	1.1041183263716041
47244.40260514184	2000.0	1187.526624895468	0.0	0	0.0	2431.929230037327	1	0	1.0	1.1041183263716041
47889.46873403351	1000.0	1542.4604960037932	0.0	0	0.0	2431.929230037327	1	0	1.0	0.41097114581165906
48805.89496729478	1000.0	1626.0342627425232	0.0	0	0.0	2431.9292300373345	1	0	1.0	1.1041183263716035
49586.4510732749	1000.0	1845.4781567624009	0.0	0	0.0	2431.929230037327	1	0	1.0	1.1041183263716041
50712.6589841736	1000.0	1719.270245863694	0.0	0	0.0	2431.929230037327	1	0	1.0	1.1041183263716041
52453.14295879075	2000.0	978.7862712465396	0.0	0	0.0	2431.92923003732	1	0	1.0	1.104118326371605
54142.048616916596	1000.0	289.88061312069635	0.0	0	0.0	2431.92923003732	1	0	1.0	0.4109711458116599
54868.04182822386	500.0	628.510283644402	64.62288183096592	0	0.0	2496.552111868281	1	0	1.0	-0.6770255029769932
55449.02624373769	500.0	1047.5258681305802	0.0	0	0.0	2496.552111868288	1	0	1.0	0.40385896856874703
56311.0998769006	1000.0	1185.45223496767	0.0	0	0.0	2496.5521118682955	1	0	1.0	0.4038589685687463
57496.09009494735	1000.0	1000.462016920913	0.0	0	0.0	2496.5521118682955	1	0	1.0	1.0970061491286918
58771.97891258277	1000.0	724.5731992854918	0.0	0	0.0	2496.5521118682955	1	0	1.0	1.0970061491286918
59741.31615461072	1000.0	755.2359572575306	0.0	0	0.0	2496.552111868288	1	0	1.0	1.0970061491286924
60536.17442774848	1000.0	960.3776841197632	0.0	0	0.0	2496.552111868288	1	0	1.0	1.0970061491286924
61624.89038214902	1000.0	871.6617297192325	0.0	0	0.0	2496.552111868281	1	0	1.0	1.0970061491286933
62342.12263621829	1000.0	1154.4294756499621	0.0	0	0.0	2496.552111868281	1	0	1.0	1.0970061491286933
63152.94799408336	1000.0	1343.6041177848906	0.0	0	0.0	2496.5521118682736	1	0	1.0	1.0970061491286942
63981.425906175304	1000.0	1515.1262056929556	0.0	0	0.0	2496.5521118682736	1	0	1.0	1.0970061491286942
64962.406542453435	1000.0	1534.145569414825	0.0	0	0.0	2496.5521118682736	1	0	1.0	1.0970061491286942
65765.77476787439	1000.0	1730.7773439938637	0.0	0	0.0	2496.5521118682736	1	0	1.0	1.0970061491286935
66655.79296143944	2000.0	1840.7591504288248	0.0	0	0.0	2496.552111868281	1	0	1.0	1.0970061491286938
67875.06943317293	2000.0	1621.4826786953302	0.0	0	0.0	2496.552111868281	1	0	1.0	1.7901533296886383
69145.52716649926	2000.0	1351.0249453690094	0.0	0	0.0	2496.552111868281	1	0	1.0	1.7901533296886385
70633.94030561963	2000.0	862.6118062486436	0.0	0	0.0	2496.5521118682955	1	0	1.0	1.790153329688637
71642.00258750739	2000.0	854.5495243608884	0.0	0	0.0	2496.55211186831	1	0	1.0	1.7901533296886352
72901.63798007373	2000.0	594.9141317945425	0.0	0	0.0	2496.55211186831	1	0	1.0	1.7901533296886352
73487.0804437574	1000.0	1009.4716681108785	0.0	0	0.0	2496.55211186831	1	0	1.0	0.40385896856874487
74218.4925068811	1000.0	1278.0596049871576	0.0	0	0.0	2496.55211186831	1	0	1.0	1.09700614912869
75506.59469972047	2000.0	989.9574121477785	0.0	0	0.0	2496.55211186831	1	0	1.0	1.09700614912869
76312.34746643396	1000.0	1184.2046454343015	0.0	0	0.0	2496.55211186831	1	0	1.0	0.40385896856874487
77088.7877176375	1000.0	1407.7643942307716	0.0	0	0.0	2496.55211186831	1	0	1.0	1.09700614912869
77916.3663217929	1000.0	1580.1857900753726	0.0	0	0.0	2496.55211186831	1	0	1.0	1.09700614912869
78524.29356138402	1000.0	1972.2585504842546	0.0	0	0.0	2496.55211186831	1	0	1.0	1.09700614912869
79536.88728201453	2000.0	1959.6648298537436	0.0	0	0.0	2496.55211186831	1	0	1.0	1.09700614912869
80695.5469280563	2000.0	1801.0051838119794	0.0	0	0.0	2496.5521118683246	1	0	1.0	1.7901533296886334
82005.48805318092	2000.0	1491.0640586873535	0.0	0	0.0	2496.5521118683246	1	0	1.0	1.7901533296886334
83778.37128572358	2000.0	718.1808261446948	0.0	0	0.0	2496.5521118683246	1	0	1.0	1.7901533296886334
84781.60140584102	2000.0	714.9507060272633	0.0	0	0.0	2496.552111868339	1	0	1.0	1.7901533296886318
85544.23132731442	1000.0	952.3207845538657	0.0	0	0.0	2496.552111868339	1	0	1.0	0.40385896856874154
86355.92402043776	1000.0	1140.6280914305366	0.0	0	0.0	2496.5521118683246	1	0	1.0	1.0970061491286884
87352.56241398475	1000.0	1143.9896978835395	0.0	0	0.0	2496.5521118683246	1	0	1.0	1.0970061491286884
88953.9266028326	2000.0	542.6255090356898	0.0	0	0.0	2496.5521118683246	1	0	1.0	1.0970061491286884
89842.0083581596	1000.0	654.5437537086912	0.0	0	0.0	2496.5521118683246	1	0	1.0	0.4038589685687432
90688.45086389441	1000.0	808.1012479738906	0.0	0	0.0	2496.552111868339	1	0	1.0	1.0970061491286867
91738.14338613165	1000.0	758.4087257366496	0.0	0	0.0	2496.552111868339	1	0	1.0	1.0970061491286867
92441.51710772727	1000.0	1055.035004141029	0.0	0	0.0	2496.552111868339	1	0	1.0	1.0970061491286867
93120.56639720908	1000.0	1375.9857146592162	0.0	0	0.0	2496.552111868339	1	0	1.0	1.0970061491286867
93884.85159839693	1000.0	1611.7005134713768	0.0	0	0.0	2496.552111868339	1	0	1.0	1.0970061491286867
94879.10237167726	2000.0	1617.4497401910558	0.0	0	0.0	2496.552111868339	1	0	1.0	1.0970061491286867
96321.84471480646	2000.0	1174.7073970618535	0.0	0	0.0	2496.552111868339	1	0	1.0	1.7901533296886318
98388.87992593477	2000.0	200.0	92.32781406646168	0	0.0	2588.8799259347725	1	0	1.0	1.231867559826402
99397.77295914198	1000.0	571.5939627181011	380.4869959253141	0	0.0	2969.3669218600844	1	0	1.0	-1.9464498670676353
100472.66023765322	2000.0	533.6477078394485	36.941023632584916	0	0.0	3006.3079454926774	1	0	1.0	0.8013705151369904
101560.62044665909	2000.0	445.6874988335838	0.0	0	0.0	3006.3079454926774	1	0	1.0	1.716163837492445
102243.96939527204	1000.0	762.3385502206364	0.0	0	0.0	3006.3079454926774	1	0	1.0	0.3298694763725548
103089.08566298042	2000.0	917.2222825122748	0.0	0	0.0	3006.3079454926774	1	0	1.0	1.0230166569324999
104460.31950832254	2000.0	545.9884371701436	0.0	0	0.0	3006.3079454926774	1	0	1.0	1.716163837492445
105173.57813846969	1000.0	832.7298070230016	0.0	0	0.0	3006.3079454926774	1	0	1.0	0.3298694763725548
105667.05577493696	1000.0	1339.2521705557313	0.0	0	0.0	3006.307945492692	1	0	1.0	1.0230166569324974
106680.9527795763	2000.0	1325.3551659163784	0.0	0	0.0	3006.307945492692	1	0	1.0	1.0230166569324974
108392.1931306685	2000.0	614.1148148241874	0.0	0	0.0	3006.307945492692	1	0	1.0	1.7161638374924426
109290.68878890383	1000.0	715.6191565888463	0.0	0	0.0	3006.307945492692	1	0	1.0	0.3298694763725523
110239.90790303088	1000.0	766.4000424618027	0.0	0	0.0	3006.3079454927065	1	0	1.0	1.0230166569324948
110937.92156636975	1000.0	1068.3863791229269	0.0	0	0.0	3006.3079454927065	1	0	1.0	1.0230166569324948
111672.06624264082	1000.0	1334.2417028518478	0.0	0	0.0	3006.307945492692	1	0	1.0	1.0230166569324974
112765.7182743364	1000.0	1240.5896711562664	0.0	0	0.0	3006.3079454927065	1	0	1.0	1.0230166569324948
113541.55872238128	1000.0	1464.7492231113754	0.0	0	0.0	3006.307945492692	1	0	1.0	1.0230166569324974
114733.92755815372	1000.0	1272.380387338927	0.0	0	0.0	3006.307945492692	1	0	1.0	1.0230166569324974
115876.03960459934	1000.0	1130.2683408933199	0.0	0	0.0	3006.307945492692	1	0	1.0	1.0230166569324974
116963.27027837755	1000.0	1043.037667115103	0.0	0	0.0	3006.3079454926774	1	0	1.0	1.0230166569325
118367.1124870048	1000.0	639.1954584878532	0.0	0	0.0	3006.307945492663	1	0	1.0	1.0230166569325025
119511.42374533453	1000.0	494.8842001581217	0.0	0	0.0	3006.307945492663	1	0	1.0	1.0230166569325025
120079.09249728412	1000.0	927.215448208534	0.0	0	0.0	3006.307945492663	1	0	1.0	1.0230166569325025
120562.50474242271	1000.0	1443.8032030699383	0.0	0	0.0	3006.307945492663	1	0	1.0	1.0230166569325025
121658.27425034958	2000.0	1348.033695143071	0.0	0	0.0	3006.307945492663	1	0	1.0	1.0230166569325028
122915.49633601961	2000.0	1090.8116094730449	0.0	0	0.0	3006.307945492663	1	0	1.0	1.716163837492448
124000.7471295457	1000.0	1005.5608159469414	0.0	0	0.0	3006.307945492663	1	0	1.0	0.3298694763725575
124753.68109337662	1000.0	1252.626852116042	0.0	0	0.0	3006.307945492663	1	0	1.0	1.0230166569325025
125429.1791921147	1000.0	1577.128753377962	0.0	0	0.0	3006.307945492663	1	0	1.0	1.0230166569325025
126266.5904946791	1000.0	1739.7174508135743	0.0	0	0.0	3006.307945492663	1	0	1.0	1.0230166569325025
127303.81681738654	1000.0	1702.4911281061359	0.0	0	0.0	3006.307945492663	1	0	1.0	1.0230166569325025
128324.75114528603	1000.0	1681.556800206648	0.0	0	0.0	3006.307945492663	1	0	1.0	1.0230166569325025
129289.35271361585	1000.0	1716.9552318768287	0.0	0	0.0	3006.307945492663	1	0	1.0	1.0230166569325025
130319.03205678612	2000.0	1687.275888706546	0.0	0	0.0	3006.3079454926483	1	0	1.0	1.0230166569325052
131982.45856467308	2000.0	1023.8493808196002	0.0	0	0.0	3006.307945492663	1	0	1.0	1.716163837492449
133294.3072821821	2000.0	712.0006633106229	0.0	0	0.0	3006.3079454927065	1	0	1.0	1.7161638374924428
133982.39253817216	1000.0	1023.9154073205557	0.0	0	0.0	3006.3079454927065	1	0	1.0	0.3298694763725485
134703.36124309662	1000.0	1302.946702396089	0.0	0	0.0	3006.3079454926774	1	0	1.0	1.0230166569325
135478.16674267533	1000.0	1528.141202817353	0.0	0	0.0	3006.3079454926774	1	0	1.0	1.0230166569325
136434.88302810397	1000.0	1571.4249173886926	0.0	0	0.0	3006.3079454926774	1	0	1.0	1.0230166569325
137315.4002220356	1000.0	1690.9077234570782	0.0	0	0.0	3006.3079454926774	1	0	1.0	1.0230166569325
138594.96800557917	2000.0	1411.3399399135283	0.0	0	0.0	3006.3079454926774	1	0	1.0	1.0230166569324999
139384.202223695	2000.0	1622.1057217976788	0.0	0	0.0	3006.3079454926774	1	0	1.0	1.716163837492445
141058.7097883391	2000.0	947.5981571535721	0.0	0	0.0	3006.3079454926774	1	0	1.0	1.716163837492445
142939.90892356876	2000.0	200.0	133.60097807610518	0	0.0	3139.908923568786	1	0	1.0	0.8924516589956386
143466.1036403684	1000.0	778.6091203098231	104.80383710948888	0	0.0	3244.7127606782597	1	0	1.0	-0.3472618677168062
144151.94021118182	2000.0	1092.7725494964418	0.0	0	0.0	3244.7127606782597	1	0	1.0	0.9747083355000721
145037.83546529326	2000.0	1206.8772953849923	0.0	0	0.0	3244.7127606782597	1	0	1.0	1.6678555160600173
146652.93909043918	2000.0	591.773670239082	0.0	0	0.0	3244.7127606782597	1	0	1.0	1.6678555160600173
147931.63311258718	2000.0	404.45915828866185	91.37951019758827	0	0.0	3336.0922708758735	1	0	1.0	1.0981855329443997
149551.248049871	2000.0	200.0	415.1557789951791	0	0.0	3751.2480498710356	1	0	1.0	-0.9487713601376212
150473.19741175693	1000.0	540.723412585667	262.67277447156255	0	0.0	4013.920824342611	1	0	1.0	-1.5380096690676135
151363.14681955846	1000.0	650.7740047841564	0.0	0	0.0	4013.920824342611	1	0	1.0	0.7311741583217067
152566.75701164588	2000.0	447.1638126967408	0.0	0	0.0	4013.920824342582	1	0	1.0	0.7311741583217187
153558.7344641119	1000.0	501.5587255503349	46.37236531966818	0	0.0	4060.2931896622176	1	0	1.0	-0.2602383555479477
155186.56109547624	2000.0	200.0	326.26790581402406	0	0.0	4386.561095476238	1	0	1.0	-1.3937114189440782
155768.73073242893	1000.0	715.4616100186703	97.63124697133034	0	0.0	2484.1923424475826	1	0	1.0	-6.180534510028214
156509.20276045802	1000.0	974.9895819896104	0.0	0	0.0	2484.1923424475826	1	0	1.0	1.0984001523597113
157131.61344109522	1000.0	1352.5789013524034	0.0	0	0.0	2484.1923424475826	1	0	1.0	1.0984001523597113
158722.08973272657	2000.0	762.1026097210547	0.0	0	0.0	2484.1923424476117	1	0	1.0	1.098400152359708
159538.98921830373	1000.0	945.2031241439107	0.0	0	0.0	2484.1923424476117	1	0	1.0	0.40525297179976305
160206.08803979546	1000.0	1278.104302652145	0.0	0	0.0	2484.1923424476117	1	0	1.0	1.0984001523597082
160991.3174388658	1000.0	1492.8749035817937	0.0	0	0.0	2484.1923424476117	1	0	1.0	1.0984001523597082
161671.89723051403	1000.0	1812.2951119335523	0.0	0	0.0	2484.1923424476117	1	0	1.0	1.0984001523597082
163283.0679827274	2000.0	1201.1243597201742	0.0	0	0.0	2484.192342447641	1	0	1.0	1.0984001523597073
164005.70717640285	1000.0	1478.4851660446952	0.0	0	0.0	2484.192342447641	1	0	1.0	0.4052529717997599
165265.77773039887	2000.0	1218.4146120486696	0.0	0	0.0	2484.1923424476117	1	0	1.0	1.0984001523597056
165905.01307442258	1000.0	1579.1792680249678	0.0	0	0.0	2484.1923424476117	1	0	1.0	0.40525297179976305
166878.67222767268	1000.0	1605.520114774875	0.0	0	0.0	2484.192342447641	1	0	1.0	1.0984001523597051
167645.87497093496	1000.0	1838.317371512566	0.0	0	0.0	2484.192342447641	1	0	1.0	1.0984001523597051
168382.3735512871	1000.0	2101.818791160447	0.0	0	0.0	2484.1923424476117	1	0	1.0	1.0984001523597082
169623.73377836443	2000.0	1860.4585640831447	0.0	0	0.0	2484.1923424476117	1	0	1.0	1.098400152359708
171097.72745921	2000.0	1386.4648832375838	0.0	0	0.0	2484.1923424476117	1	0	1.0	1.7915473329196532
171841.9768973231	1000.0	1642.2154451244776	0.0	0	0.0	2484.1923424475826	1	0	1.0	0.40525297179976627
172457.31656940878	1000.0	2026.875773038781	0.0	0	0.0	2484.1923424475826	1	0	1.0	1.0984001523597113
173977.01029139885	2000.0	1507.1820510486816	0.0	0	0.0	2484.1923424475826	1	0	1.0	1.0984001523597113
174956.63777747325	2000.0	1527.5545649742742	0.0	0	0.0	2484.1923424475826	1	0	1.0	1.7915473329196565
176116.50488542957	2000.0	1367.6874570179875	0.0	0	0.0	2484.1923424475826	1	0	1.0	1.7915473329196565
177398.48858440307	2000.0	1085.703758044493	0.0	0	0.0	2484.1923424475535	1	0	1.0	1.7915473329196598
178646.81886533878	2000.0	837.3734771087775	0.0	0	0.0	2484.1923424475826	1	0	1.0	1.7915473329196572
179247.5786529097	1000.0	1236.613689537853	0.0	0	0.0	2484.1923424475826	1	0	1.0	0.40525297179976627
179927.0285182624	1000.0	1557.1638241851526	0.0	0	0.0	2484.1923424475826	1	0	1.0	1.0984001523597113
181475.65744596889	2000.0	1008.5348964786638	0.0	0	0.0	2484.1923424475826	1	0	1.0	1.0984001523597113
182264.24163683734	1000.0	1219.95070561023	0.0	0	0.0	2484.1923424475826	1	0	1.0	0.40525297179976627
182994.17419121953	1000.0	1490.0181512280042	0.0	0	0.0	2484.1923424475535	1	0	1.0	1.0984001523597149
184435.4664949461	2000.0	1048.7258475014219	0.0	0	0.0	2484.1923424475535	1	0	1.0	1.0984001523597127
185053.49197485094	1000.0	1430.700367596584	0.0	0	0.0	2484.1923424475535	1	0	1.0	0.4052529717997696
186466.37542363428	2000.0	1017.8169188132395	0.0	0	0.0	2484.1923424475244	1	0	1.0	1.098400152359718
187223.41473609532	1000.0	1260.7776063522256	0.0	0	0.0	2484.1923424475535	1	0	1.0	0.4052529717997696
188122.97163514022	1000.0	1361.2207073073052	0.0	0	0.0	2484.1923424475535	1	0	1.0	1.0984001523597149
189001.385341291	1000.0	1482.807001156551	0.0	0	0.0	2484.1923424475826	1	0	1.0	1.0984001523597113
189568.5504996886	1000.0	1915.6418427589401	0.0	0	0.0	2484.1923424475826	1	0	1.0	1.0984001523597113
191267.51087696073	2000.0	1216.6814654868376	0.0	0	0.0	2484.1923424476117	1	0	1.0	1.098400152359708
192050.74149557593	1000.0	1433.4508468716763	0.0	0	0.0	2484.1923424476117	1	0	1.0	0.40525297179976305
192882.6602356454	1000.0	1601.5321068021979	0.0	0	0.0	2484.1923424476117	1	0	1.0	1.0984001523597082
193525.4545483069	1000.0	1958.7377941407262	0.0	0	0.0	2484.192342447641	1	0	1.0	1.0984001523597051
195077.55660205884	2000.0	1406.635740388797	0.0	0	0.0	2484.192342447641	1	0	1.0	1.0984001523597051
196365.1912742083	2000.0	1119.00106823932	0.0	0	0.0	2484.192342447641	1	0	1.0	1.7915473329196479
197322.0750169038	1000.0	1162.1173255438177	0.0	0	0.0	2484.192342447641	1	0	1.0	0.4052529717997599
198101.86359272944	1000.0	1382.3287497182218	0.0	0	0.0	2484.192342447641	1	0	1.0	1.0984001523597051
198996.28835087537	1000.0	1487.903991572252	0.0	0	0.0	2484.192342447641	1	0	1.0	1.0984001523597051
199975.4963642674	1000.0	1508.695978180187	0.0	0	0.0	2484.1923424476117	1	0	1.0	1.0984001523597082
201239.30960733938	1000.0	1244.8827351082175	0.0	0	0.0	2484.1923424475826	1	0	1.0	1.098400152359709
202317.30992701527	1000.0	1166.8824154323293	0.0	0	0.0	2484.1923424475826	1	0	1.0	1.0984001523597113
203894.98794328768	1000.0	589.2043991598887	0.0	0	0.0	2484.1923424475826	1	0	1.0	1.0984001523597113
204434.75826169463	500.0	1049.4340807529402	0.0	0	0.0	2484.1923424475826	1	0	1.0	-0.28789420876017935
205213.92314965517	1000.0	1270.269192792422	0.0	0	0.0	2484.1923424476117	1	0	1.0	0.40525297179976283
206491.9630683212	1000.0	992.2292741264071	0.0	0	0.0	2484.192342447641	1	0	1.0	1.0984001523597051
207417.75730402666	1000.0	1066.4350384209692	0.0	0	0.0	2484.192342447641	1	0	1.0	1.0984001523597051
208424.63512935792	1000.0	1059.557213089688	0.0	0	0.0	2484.1923424476117	1	0	1.0	1.0984001523597082
209620.4296092277	1000.0	863.7627332199079	0.0	0	0.0	2484.1923424476117	1	0	1.0	1.0984001523597082
210537.26414442775	1000.0	946.9281980198343	0.0	0	0.0	2484.1923424476117	1	0	1.0	1.0984001523597082
211238.4138295194	1000.0	1245.7785129281483	0.0	0	0.0	2484.1923424476117	1	0	1.0	1.0984001523597082
212049.75929004786	1000.0	1434.4330523997373	0.0	0	0.0	2484.1923424476117	1	0	1.0	1.0984001523597082
212794.31460625725	1000.0	1689.877736190351	0.0	0	0.0	2484.192342447641	1	0	1.0	1.0984001523597051
213762.9958200973	1000.0	1721.196522350323	0.0	0	0.0	2484.19234244767	1	0	1.0	1.0984001523597018
214420.47933613328	1000.0	2063.7130063143586	0.0	0	0.0	2484.19234244767	1	0	1.0	1.0984001523597025
215734.99488648548	2000.0	1749.197455962169	0.0	0	0.0	2484.19234244767	1	0	1.0	1.0984001523597016
216505.98164524697	2000.0	1978.2106972006945	0.0	0	0.0	2484.192342447699	1	0	1.0	1.7915473329196439
217702.30466699018	2000.0	1781.8876754574708	0.0	0	0.0	2484.19234244767	1	0	1.0	1.7915473329196465
218756.6208441237	2000.0	1727.5714983239277	0.0	0	0.0	2484.19234244767	1	0	1.0	1.791547332919647
219797.0780783368	2000.0	1687.1142641107956	0.0	0	0.0	2484.192342447641	1	0	1.0	1.79154733291965
221137.95321008778	2000.0	1346.2391323598413	0.0	0	0.0	2484.192342447641	1	0	1.0	1.79154733291965
222480.8024688259	2000.0	1003.3898736217197	0.0	0	0.0	2484.192342447641	1	0	1.0	1.7915473329196479
223382.2967351159	1000.0	1101.8956073316967	0.0	0	0.0	2484.192342447641	1	0	1.0	0.4052529717997599
224835.27346572574	2000.0	648.918876721865	0.0	0	0.0	2484.192342447641	1	0	1.0	1.0984001523597051
225504.08158262254	1000.0	980.1107598250527	0.0	0	0.0	2484.192342447641	1	0	1.0	0.4052529717997599
226227.00751243095	1000.0	1257.1848300166096	0.0	0	0.0	2484.192342447641	1	0	1.0	1.0984001523597051
227045.59858848076	1000.0	1438.5937539668207	0.0	0	0.0	2484.192342447641	1	0	1.0	1.0984001523597051
227650.60725662683	1000.0	1833.585085820795	0.0	0	0.0	2484.19234244767	1	0	1.0	1.0984001523597018
228727.00637112386	2000.0	1757.185971323757	0.0	0	0.0	2484.192342447728	1	0	1.0	1.0984001523596958
229770.60061582306	2000.0	1713.5917266245488	0.0	0	0.0	2484.192342447699	1	0	1.0	1.7915473329196434
230778.1165840854	2000.0	1706.0757583621973	0.0	0	0.0	2484.192342447699	1	0	1.0	1.7915473329196434
232462.44835138824	2000.0	1021.7439910593591	0.0	0	0.0	2484.192342447728	1	0	1.0	1.7915473329196425
233567.10774096518	2000.0	917.084601482382	0.0	0	0.0	2484.192342447728	1	0	1.0	1.7915473329196403
234491.23158186575	1000.0	992.960760581801	0.0	0	0.0	2484.192342447699	1	0	1.0	0.4052529717997519
235119.39875131118	1000.0	1364.793591136376	0.0	0	0.0	2484.192342447699	1	0	1.0	1.0984001523596985
235907.61670577593	1000.0	1576.5756366716066	0.0	0	0.0	2484.192342447699	1	0	1.0	1.0984001523596985
236528.44344939396	1000.0	1955.7488930535676	0.0	0	0.0	2484.19234244767	1	0	1.0	1.0984001523597018
238341.27456581302	2000.0	1142.917776634526	0.0	0	0.0	2484.192342447699	1	0	1.0	1.0984001523596985
239075.72023864315	1000.0	1408.472103804385	0.0	0	0.0	2484.19234244767	1	0	1.0	0.40525297179975656
240187.38907813837	1000.0	1296.8032643091308	0.0	0	0.0	2484.19234244767	1	0	1.0	1.0984001523597018
241186.50876439302	1000.0	1297.6835780544766	0.0	0	0.0	2484.192342447641	1	0	1.0	1.0984001523597025
242112.13272459115	1000.0	1372.0596178563371	0.0	0	0.0	2484.19234244767	1	0	1.0	1.0984001523597018
242667.38042757116	1000.0	1816.811914876356	0.0	0	0.0	2484.192342447699	1	0	1.0	1.0984001523596985
243956.66474161058	2000.0	1527.5276008369083	0.0	0	0.0	2484.192342447699	1	0	1.0	1.0984001523596985
244862.86789448996	2000.0	1621.324447957565	0.0	0	0.0	2484.19234244767	1	0	1.0	1.791547332919647
247172.88108011277	2000.0	311.3112623347632	0.0	0	0.0	2484.19234244767	1	0	1.0	1.791547332919647
248148.9087286026	1000.0	501.97846520246907	166.69485135755968	0	0.0	2650.887193805218	1	0	1.0	-0.6151499056513945
248616.1749844678	1000.0	1034.7122093372568	0.0	0	0.0	2650.887193805218	1	0	1.0	1.0781663830539088
249440.0254112818	2000.0	1210.8617825232552	0.0	0	0.0	2650.887193805218	1	0	1.0	1.0781663830539086
250058.24779793218	2000.0	1592.639395872867	0.0	0	0.0	2650.887193805218	1	0	1.0	1.771313563613854
251541.13034914545	2000.0	1109.7568446595792	0.0	0	0.0	2650.887193805189	1	0	1.0	1.7713135636138577
252676.8972880734	2000.0	973.9899057315986	0.0	0	0.0	2650.8871938051598	1	0	1.0	1.7713135636138597
253931.60641284648	2000.0	719.2807809585195	0.0	0	0.0	2650.8871938051598	1	0	1.0	1.7713135636138615
254627.283348787	1000.0	1023.6038450180029	0.0	0	0.0	2650.8871938051598	1	0	1.0	0.38501920249397115
256273.1784163095	2000.0	377.7087774954946	0.0	0	0.0	2650.8871938051598	1	0	1.0	1.0781663830539165
257204.44384458518	1000.0	506.34707395699115	59.90372473715763	0	0.0	2710.790918542363	1	0	1.0	0.017520799161903022
258042.06230293523	1000.0	668.7286156069613	0.0	0	0.0	2710.790918542363	1	0	1.0	1.0700903281447907
258974.17680339623	1000.0	736.61411514595	0.0	0	0.0	2710.790918542363	1	0	1.0	1.0700903281447907
259996.22189278528	1000.0	714.5690257569047	0.0	0	0.0	2710.790918542363	1	0	1.0	1.0700903281447907
260894.36818902806	1000.0	816.4227295141332	0.0	0	0.0	2710.790918542363	1	0	1.0	1.0700903281447907
261936.9393653664	1000.0	773.8515531758351	0.0	0	0.0	2710.7909185423923	1	0	1.0	1.0700903281447869
262776.57993639226	1000.0	934.210982149955	0.0	0	0.0	2710.7909185424214	1	0	1.0	1.070090328144778
263791.20513679285	1000.0	919.5857817493538	0.0	0	0.0	2710.7909185423923	1	0	1.0	1.0700903281447844
264927.22699264577	1000.0	783.5639258964412	0.0	0	0.0	2710.7909185424214	1	0	1.0	1.0700903281447836
265836.57654162927	1000.0	874.2143769129543	0.0	0	0.0	2710.7909185424214	1	0	1.0	1.0700903281447827
267199.34983518044	1000.0	511.44108336180966	0.0	0	0.0	2710.7909185424214	1	0	1.0	1.0700903281447827
268100.6263364005	1000.0	610.1645821417461	0.0	0	0.0	2710.7909185424214	1	0	1.0	1.0700903281447827
268783.1625305431	1000.0	927.6283879991825	0.0	0	0.0	2710.7909185424214	1	0	1.0	1.0700903281447827
269392.16502981464	1000.0	1318.6258887276758	0.0	0	0.0	2710.7909185424214	1	0	1.0	1.0700903281447827
270787.958789753	2000.0	922.8321287893771	0.0	0	0.0	2710.790918542363	1	0	1.0	1.0700903281447907
271813.2479906742	1000.0	897.542927868125	0.0	0	0.0	2710.790918542363	1	0	1.0	0.37694314758484554
272865.46359816147	1000.0	845.3273203809263	0.0	0	0.0	2710.790918542363	1	0	1.0	1.0700903281447907
273664.84209124645	1000.0	1045.9488272959425	0.0	0	0.0	2710.790918542363	1	0	1.0	1.0700903281447907
274715.311083632	1000.0	995.4798349104258	0.0	0	0.0	2710.7909185424214	1	0	1.0	1.0700903281447827
275663.32322400925	1000.0	1047.4676945331535	0.0	0	0.0	2710.7909185424214	1	0	1.0	1.0700903281447827
276646.2074163013	1000.0	1064.583502241088	0.0	0	0.0	2710.7909185424214	1	0	1.0	1.0700903281447827
277416.126381397	1000.0	1294.6645371453556	0.0	0	0.0	2710.7909185424214	1	0	1.0	1.0700903281447827
278306.2252831024	1000.0	1404.56563543995	0.0	0	0.0	2710.7909185424214	1	0	1.0	1.0700903281447827
279114.60419421236	2000.0	1596.1867243300146	0.0	0	0.0	2710.7909185424214	1	0	1.0	1.0700903281447827
280117.27622697625	2000.0	1593.5146915661326	0.0	0	0.0	2710.7909185424214	1	0	1.0	1.7632375087047278
281475.5570205048	2000.0	1235.233898037587	0.0	0	0.0	2710.7909185424214	1	0	1.0	1.7632375087047278
282964.3308099561	2000.0	746.4601085861408	0.0	0	0.0	2710.790918542363	1	0	1.0	1.7632375087047343
283826.26337476616	1000.0	884.5275437761147	0.0	0	0.0	2710.790918542363	1	0	1.0	0.37694314758484554
284753.7832954144	1000.0	957.0076231278867	0.0	0	0.0	2710.790918542363	1	0	1.0	1.0700903281447907
285650.7210035405	1000.0	1060.0699150018154	0.0	0	0.0	2710.790918542363	1	0	1.0	1.0700903281447907
286550.79405928025	1000.0	1159.9968592620762	0.0	0	0.0	2710.7909185424214	1	0	1.0	1.0700903281447842
287211.7640250394	1000.0	1499.0268935029133	0.0	0	0.0	2710.790918542363	1	0	1.0	1.0700903281447842
288543.18286861863	2000.0	1167.608049923694	0.0	0	0.0	2710.7909185424214	1	0	1.0	1.0700903281447827
290022.4020379252	2000.0	688.3888806172358	0.0	0	0.0	2710.7909185424796	1	0	1.0	1.7632375087047216
291188.3362310781	1000.0	522.4546874643815	0.0	0	0.0	2710.790918542596	1	0	1.0	0.3769431475848198
291704.50564948336	1000.0	1006.2852690590453	0.0	0	0.0	2710.790918542538	1	0	1.0	1.0700903281447665
292401.42080197716	1000.0	1309.370116565295	0.0	0	0.0	2710.7909185426543	1	0	1.0	1.070090328144752
293166.6721883188	2000.0	1544.1187302236444	0.0	0	0.0	2710.7909185426543	1	0	1.0	1.0700903281447505
293907.2151414052	2000.0	1803.5757771372134	0.0	0	0.0	2710.7909185426543	1	0	1.0	1.7632375087046956
295011.80813344894	2000.0	1698.9827850934994	0.0	0	0.0	2710.7909185426543	1	0	1.0	1.7632375087046956
296699.8530192268	2000.0	1010.9378993155814	0.0	0	0.0	2710.7909185426543	1	0	1.0	1.7632375087046956
298033.1043891423	2000.0	677.686529400118	0.0	0	0.0	2710.7909185426543	1	0	1.0	1.7632375087046956
299528.64486854046	2000.0	216.00142549850364	33.85537549649891	0	0.0	2744.6462940391502	1	0	1.0	1.5564851269763562
300197.57599842857	1000.0	660.8591384886481	113.78884287825099	0	0.0	2858.4351369174547	1	0	1.0	-0.3277166836092215
300591.2567215638	1000.0	1267.1784153534154	0.0	0	0.0	2858.4351369174547	1	0	1.0	1.0481635542202297
301663.8090457135	2000.0	1194.6260912037037	0.0	0	0.0	2858.4351369174547	1	0	1.0	1.0481635542202297
302974.775551246	2000.0	883.6595856712639	0.0	0	0.0	2858.435136917513	1	0	1.0	1.7413107347801655
304209.52831766556	2000.0	648.9068192516859	0.0	0	0.0	2858.435136917513	1	0	1.0	1.7413107347801655
305122.6043602086	1000.0	735.8307767086549	0.0	0	0.0	2858.435136917513	1	0	1.0	0.3550163736602753
305760.55240872846	1000.0	1097.882728188736	0.0	0	0.0	2858.435136917513	1	0	1.0	1.0481635542202203
1.35931914893617	1.40131914893617	1.32931914893617	1.42731914893617	1.58131914893617	1.60731914893617	1.39131914893617	1.57331914893617	1.35931914893617	1.4933191489361701	1.44931914893617	1.59331914893617	1.35731914893617	1.32331914893617	1.34331914893617	1.38531914893617	1.31331914893617	1.46731914893617	1.42731914893617	1.4813191489361701	1.61131914893617	1.64531914893617	1.61331914893617	1.62131914893617	1.7653191489361701	1.5473191489361702	1.61931914893617	1.5373191489361702	1.43331914893617	1.47531914893617	1.5493191489361702	1.4933191489361701	1.5153191489361701	1.5573191489361702	1.4813191489361701	1.44131914893617	1.43131914893617	1.45731914893617	1.4893191489361701	1.41731914893617	1.42731914893617	1.44331914893617	1.61331914893617	1.47531914893617	1.40331914893617	1.41731914893617	1.03	1.42	0.8	0.88	0.67	0.67	1.23	1.02	0.85	0.98	1.25	0.85	1.23	1.36	1.08	1.27	1.63	1.98	2.15	1.88	1.14	1.62	1.81	1.62	1.54	1.64	1.42	1.1	1.33	2.34	2.2	2.05	1.69	1.15	1.7	1.6	1.29	1.07	1.69	1.3	1.55	1.11	1.16	1.37	1.69	2.19	1.71	1.03	0.52	1.0	1.8	2.51	1.32	1.93	1.38	1.32	2.2	1.19	1.18	1.1	1.12	1.36	1.47	0.93	1.04	0.75	1.0	1.14	0.81	0.93	1.58	1.85	1.38	1.05	1.25	1.1	1.44	1.34	0.94	1.26	1.95	1.62	1.53	1.81	1.47	1.22	1.08	1.16	1.81	2.24	1.67	1.09	1.19	1.63	2.55	2.44	1.26	1.44	2.04	1.76	1.17	1.26	2.22	1.37331914893617	1.35931914893617	1.40131914893617	1.32931914893617	1.42731914893617	1.58131914893617	1.60731914893617	1.39131914893617	1.57331914893617	1.35931914893617	1.4933191489361701	1.44931914893617	1.59331914893617	1.35731914893617	1.32331914893617	1.34331914893617	1.38531914893617	1.31331914893617	1.46731914893617	1.42731914893617	1.4813191489361701	1.61131914893617	1.64531914893617	1.61331914893617	1.62131914893617	1.7653191489361701	1.5473191489361702	1.61931914893617	1.5373191489361702	1.43331914893617	1.47531914893617	1.5493191489361702	1.4933191489361701	1.5153191489361701	1.5573191489361702	1.4813191489361701	1.44131914893617	1.43131914893617	1.45731914893617	1.4893191489361701	1.41731914893617	1.42731914893617	1.44331914893617	1.61331914893617	1.47531914893617	1.40331914893617	1.41731914893617	1.03	1.42	0.8	0.88	0.67	0.67	1.23	1.02	0.85	0.98	1.25	0.85	1.23	1.36	1.08	1.27	1.63	1.98	2.15	1.88	1.14	1.62	1.81	1.62	1.54	1.64	1.42	1.1	1.33	2.34	2.2	2.05	1.69	1.15	1.7	1.6	1.29	1.07	1.69	1.3	1.55	1.11	1.16	1.37	1.69	2.19	1.71	1.03	0.52	1.0	1.8	2.51	1.32	1.93	1.38	1.32	2.2	1.19	1.18	1.1	1.12	1.36	1.47	0.93	1.04	0.75	1.0	1.14	0.81	0.93	1.58	1.85	1.38	1.05	1.25	1.1	1.44	1.34	0.94	1.26	1.95	1.62	1.53	1.81	1.47	1.22	1.08	1.16	1.81	2.24	1.67	1.09	1.19	1.63	2.55	2.44	1.26	1.44	2.04	1.76	1.17	1.26	2.22	1.37331914893617	1.35931914893617	1.40131914893617	1.32931914893617	1.42731914893617	1.58131914893617	1.60731914893617
1.0	2.0	3.0	4.0	5.0	6.0	7.0	8.0	9.0	10.0	11.0	12.0	13.0	14.0	15.0	16.0	17.0	18.0	19.0	20.0	21.0	22.0	23.0	24.0	25.0	26.0	27.0	28.0	29.0	30.0	31.0	32.0	33.0	34.0	35.0	36.0	37.0	38.0	39.0	40.0	41.0	42.0	43.0	44.0	45.0	46.0	47.0	48.0	49.0	50.0	51.0	52.0	53.0	54.0	55.0	56.0	57.0	58.0	59.0	60.0	61.0	62.0	63.0	64.0	65.0	66.0	67.0	68.0	69.0	70.0	71.0	72.0	73.0	74.0	75.0	76.0	77.0	78.0	79.0	80.0	81.0	82.0	83.0	84.0	85.0	86.0	87.0	88.0	89.0	90.0	91.0	92.0	93.0	94.0	95.0	96.0	97.0	98.0	99.0	100.0	101.0	102.0	103.0	104.0	105.0	106.0	107.0	108.0	109.0	110.0	111.0	112.0	113.0	114.0	115.0	116.0	117.0	118.0	119.0	120.0	121.0	122.0	123.0	124.0	125.0	126.0	127.0	128.0	129.0	130.0	131.0	132.0	133.0	134.0	135.0	136.0	137.0	138.0	139.0	140.0	141.0	142.0	143.0	144.0	145.0	146.0	147.0	148.0	149.0	149.0	150.0	151.0	152.0	153.0	154.0	155.0	156.0	157.0	158.0	159.0	160.0	161.0	162.0	163.0	164.0	165.0	166.0	167.0	168.0	169.0	170.0	171.0	172.0	173.0	174.0	175.0	176.0	177.0	178.0	179.0	180.0	181.0	182.0	183.0	184.0	185.0	186.0	187.0	188.0	189.0	190.0	191.0	192.0	193.0	194.0	195.0	196.0	197.0	198.0	199.0	200.0	201.0	202.0	203.0	204.0	205.0	206.0	207.0	208.0	209.0	210.0	211.0	212.0	213.0	214.0	215.0	216.0	217.0	218.0	219.0	220.0	221.0	222.0	223.0	224.0	225.0	226.0	227.0	228.0	229.0	230.0	231.0	232.0	233.0	234.0	235.0	236.0	237.0	238.0	239.0	240.0	241.0	242.0	243.0	244.0	245.0	246.0	247.0	248.0	249.0	250.0	251.0	252.0	253.0	254.0	255.0	256.0	257.0	258.0	259.0	260.0	261.0	262.0	263.0	264.0	265.0	266.0	267.0	268.0	269.0	270.0	271.0	272.0	273.0	274.0	275.0	276.0	277.0	278.0	279.0	280.0	281.0	282.0	283.0	284.0	285.0	286.0	287.0	288.0	289.0	290.0	291.0	292.0	293.0	294.0	295.0	296.0	297.0	298.0	298.0	299.0	300.0	301.0	302.0	303.0	304.0
3178.049527689673
