4906.126380229926	2000.0	2000.0	621.4306537637104	0	0.0	4906.126380229926	1	0	1.0	-4.6173126417924655
5947.06133260298	3000.0	1959.0650476269464	0.0	0	0.0	2906.126380229926	1	0	1.0	-4.266432205134501
6961.187120124873	3000.0	1944.939260105054	0.0	0	0.0	2906.126380229927	1	0	1.0	2.139032902973665
7644.698136644985	3000.0	2261.428243584942	0.0	0	0.0	2906.1263802299272	1	0	1.0	2.1390329029736646
8512.604182150833	3000.0	2393.5221980790943	0.0	0	0.0	2906.1263802299272	1	0	1.0	2.1390329029736646
9533.491502158788	3000.0	2372.634878071139	0.0	0	0.0	2906.1263802299263	1	0	1.0	2.1390329029736646
10333.814133778867	3000.0	2572.312246451059	0.0	0	0.0	2906.1263802299263	1	0	1.0	2.139032902973665
11288.039058577837	3000.0	2618.08732165209	0.0	0	0.0	2906.1263802299254	1	0	1.0	2.139032902973665
12200.0	3000.0	2706.1263802299263	0.0	0	160.06005875731535	2906.1263802299254	1	0	1.0	2.139032902973665
13200.0	3000.0	2706.126380229927	0.0	0	171.16590772593554	2906.1263802299272	1	0	1.0	2.1390329029736646
14200.0	3000.0	2706.1263802299272	0.0	0	212.79490844506472	2906.1263802299272	1	0	1.0	2.1390329029736646
15200.0	3000.0	2706.1263802299263	0.0	0	188.51307844846087	2906.1263802299272	1	0	1.0	2.1390329029736646
16200.0	3000.0	2706.126380229927	0.0	0	120.58791825456501	2906.1263802299272	1	0	1.0	2.1390329029736646
17276.410424642996	3000.0	2629.71595558693	0.0	0	0.0	2906.1263802299254	1	0	1.0	2.1390329029736646
18200.0	3000.0	2706.1263802299295	0.0	0	2.8258683993990417	2906.126380229929	1	0	1.0	2.1390329029736646
19268.192990919637	3000.0	2637.933389310294	0.0	0	0.0	2906.126380229929	1	0	1.0	2.1390329029736646
20200.0	3000.0	2706.1263802299313	0.0	0	16.58536223396004	2906.126380229929	1	0	1.0	2.139032902973665
21200.0	3000.0	2706.1263802299304	0.0	0	15.541600660730182	2906.1263802299254	1	0	1.0	2.139032902973665
22200.0	3000.0	2706.126380229929	0.0	0	109.01484188484756	2906.126380229922	1	0	1.0	2.1390329029736654
23200.0	3000.0	2706.126380229927	0.0	0	134.3762926469426	2906.126380229922	1	0	1.0	2.1390329029736654
24200.0	3000.0	2706.1263802299254	0.0	0	393.3292141263737	2906.126380229918	1	0	1.0	2.139032902973666
25200.0	3000.0	2706.126380229923	0.0	0	187.8640237921536	2906.126380229918	1	0	1.0	2.139032902973666
26200.0	3000.0	2706.1263802299222	0.0	0	36.40366461169833	2906.126380229918	1	0	1.0	2.139032902973666
28259.578835501434	6000.0	1646.5475447284905	0.0	0	0.0	2906.126380229918	1	0	1.0	2.139032902973666
28890.070017271624	3000.0	2016.0563629583016	0.0	0	0.0	2906.126380229918	1	0	1.0	1.445885722413721
29802.228767970788	3000.0	2103.897612259137	0.0	0	0.0	2906.126380229918	1	0	1.0	2.139032902973666
30561.895392052636	3000.0	2344.230988177289	0.0	0	0.0	2906.126380229918	1	0	1.0	2.139032902973666
31566.30193175312	3000.0	2339.824448476808	0.0	0	0.0	2906.126380229918	1	0	1.0	2.139032902973666
32260.258737086446	3000.0	2645.8676431434847	0.0	0	0.0	2906.126380229918	1	0	1.0	2.139032902973666
33200.0	3000.0	2706.1263802299322	0.0	0	179.87142726079037	2906.126380229922	1	0	1.0	2.1390329029736654
34200.0	3000.0	2706.1263802299313	0.0	0	78.57547590463219	2906.126380229922	1	0	1.0	2.1390329029736654
35200.0	3000.0	2706.1263802299404	0.0	0	149.72503599429183	2906.1263802299327	1	0	1.0	2.1390329029736646
36200.0	3000.0	2706.1263802299463	0.0	0	282.22842865646817	2906.1263802299363	1	0	1.0	2.139032902973663
37544.56004057564	6000.0	2361.56633965431	0.0	0	0.0	2906.1263802299363	1	0	1.0	2.139032902973663
38557.43284207383	3000.0	2348.6935381561234	0.0	0	0.0	2906.126380229929	1	0	1.0	1.4458857224137194
39350.593012293466	3000.0	2555.533367936484	0.0	0	0.0	2906.126380229922	1	0	1.0	2.1390329029736654
40280.1486023685	3000.0	2625.977777861455	0.0	0	0.0	2906.126380229922	1	0	1.0	2.1390329029736654
41200.0	3000.0	2706.126380229957	0.0	0	15.154282874849741	2906.126380229922	1	0	1.0	2.1390329029736654
42200.0	3000.0	2706.1263802299454	0.0	0	422.8224382417684	2906.126380229922	1	0	1.0	2.1390329029736654
43200.0	3000.0	2706.126380229945	0.0	0	145.71685250513838	2906.126380229922	1	0	1.0	2.1390329029736654
44200.0	3000.0	2706.1263802299436	0.0	0	227.97601552608103	2906.126380229922	1	0	1.0	2.1390329029736654
45200.0	3000.0	2706.1263802299436	0.0	0	185.283506417858	2906.126380229922	1	0	1.0	2.1390329029736654
47329.70296503356	6000.0	1576.4234151963872	0.0	0	0.0	2906.126380229922	1	0	1.0	2.1390329029736654
48601.19869353837	3000.0	1304.9276866915777	0.0	0	0.0	2906.126380229922	1	0	1.0	1.4458857224137205
50014.20761191099	3000.0	891.9187683189562	0.0	0	0.0	2906.1263802299145	1	0	1.0	2.1390329029736668
50796.47876330035	2000.0	1109.6476169295934	0.0	0	0.0	2906.126380229907	1	0	1.0	1.3281026867573384
51916.686728751636	2000.0	989.4396514783105	0.0	0	0.0	2906.126380229907	1	0	1.0	1.733567794865503
52965.606938460034	2000.0	940.5194417699122	0.0	0	0.0	2906.126380229907	1	0	1.0	1.733567794865503
53959.19176708777	2000.0	946.9346131421768	0.0	0	0.0	2906.126380229907	1	0	1.0	1.733567794865503
54686.65531019053	2000.0	1219.4710700394166	0.0	0	0.0	2906.126380229907	1	0	1.0	1.733567794865503
55514.32619053465	2000.0	1391.8001896952876	0.0	0	0.0	2906.126380229907	1	0	1.0	1.733567794865503
56017.3487272995	2000.0	1888.77765293044	0.0	0	0.0	2906.126380229907	1	0	1.0	1.733567794865503
56757.471168380034	3000.0	2148.6552118499076	0.0	0	0.0	2906.126380229907	1	0	1.0	1.7335677948655033
57494.628272206275	3000.0	2411.4981080236703	0.0	0	0.0	2906.126380229907	1	0	1.0	2.139032902973668
58200.0	3000.0	2706.126380229952	0.0	0	176.26063568023528	2906.1263802299	1	0	1.0	2.139032902973669
59200.0	3000.0	2706.126380229958	0.0	0	343.1842476413294	2906.1263802299	1	0	1.0	2.139032902973669
61118.3708829724	6000.0	1787.7554972575472	0.0	0	0.0	2906.1263802299	1	0	1.0	2.1390329029736694
61786.712973511574	3000.0	2119.4134067183663	0.0	0	0.0	2906.1263802299	1	0	1.0	1.445885722413724
62451.61976627458	3000.0	2454.506613955355	0.0	0	0.0	2906.1263802299	1	0	1.0	2.139032902973669
63319.98419689554	3000.0	2586.142183334405	0.0	0	0.0	2906.1263802299	1	0	1.0	2.139032902973669
64412.00887889451	3000.0	2494.117501335439	0.0	0	0.0	2906.126380229907	1	0	1.0	2.139032902973668
65599.49216468613	3000.0	2306.6342155438124	0.0	0	0.0	2906.126380229907	1	0	1.0	2.139032902973668
66934.76879707423	3000.0	1971.357583155721	0.0	0	0.0	2906.1263802299145	1	0	1.0	2.1390329029736677
68190.4630551698	3000.0	1715.6633250601426	0.0	0	0.0	2906.126380229922	1	0	1.0	2.139032902973666
69026.43360126736	3000.0	1879.692778962577	0.0	0	0.0	2906.126380229922	1	0	1.0	2.1390329029736654
69703.55480465505	3000.0	2202.571575574878	0.0	0	0.0	2906.126380229922	1	0	1.0	2.1390329029736654
70624.23952520137	3000.0	2281.886855028557	0.0	0	0.0	2906.126380229922	1	0	1.0	2.1390329029736654
71846.66529056606	3000.0	2059.4610896638596	0.0	0	0.0	2906.126380229922	1	0	1.0	2.1390329029736654
72969.3180325849	3000.0	1936.8083476450254	0.0	0	0.0	2906.126380229922	1	0	1.0	2.1390329029736654
73674.67835973177	3000.0	2231.4480204981674	0.0	0	0.0	2906.126380229922	1	0	1.0	2.1390329029736654
74200.0	3000.0	2706.1263802299304	0.0	0	54.12852507088974	2906.126380229922	1	0	1.0	2.1390329029736654
75200.0	3000.0	2706.1263802299195	0.0	0	430.1260772052774	2906.126380229907	1	0	1.0	2.139032902973668
77230.79736043651	6000.0	1675.3290197934116	0.0	0	0.0	2906.126380229907	1	0	1.0	2.139032902973668
78086.8021098897	3000.0	1819.3242703402143	0.0	0	0.0	2906.126380229907	1	0	1.0	1.445885722413723
79780.54155978445	3000.0	1125.5848204454664	0.0	0	0.0	2906.126380229907	1	0	1.0	2.139032902973668
80713.67904969884	2000.0	1192.4473305310948	0.0	0	0.0	2906.126380229922	1	0	1.0	1.328102686757336
81650.47290593179	2000.0	1255.653474298138	0.0	0	0.0	2906.1263802299363	1	0	1.0	1.7335677948654982
82318.14079456562	2000.0	1587.9855856643007	0.0	0	0.0	2906.126380229922	1	0	1.0	1.7335677948655006
83033.58924977847	3000.0	1872.5371304514565	0.0	0	0.0	2906.126380229922	1	0	1.0	1.7335677948655008
83616.83191136736	3000.0	2289.2944688625576	0.0	0	0.0	2906.126380229922	1	0	1.0	2.1390329029736654
84200.0	3000.0	2706.126380229925	0.0	0	120.19897601295088	2906.126380229922	1	0	1.0	2.1390329029736654
85289.6974194173	6000.0	2616.428960812628	0.0	0	0.0	2906.126380229922	1	0	1.0	2.1390329029736654
86315.24353842737	6000.0	2590.8828418025473	0.0	0	0.0	2906.126380229922	1	0	1.0	2.8321800835336104
89219.74479339247	6000.0	686.3815868374566	0.0	0	0.0	2906.1263802299363	1	0	1.0	2.832180083533608
90392.2071906512	3000.0	513.9191895787168	0.0	0	0.0	2906.1263802299363	1	0	1.0	1.4458857224137183
91448.32287585954	3000.0	516.7582546561334	58.95475028574475	0	0.0	2965.081130515682	1	0	1.0	1.7752548723983952
92223.74495386635	2000.0	741.3361766493125	0.0	0	0.0	2965.081130515682	1	0	1.0	1.3180531578965342
93058.74404367688	3000.0	906.3370868387709	0.0	0	0.0	2965.081130515682	1	0	1.0	1.723518266004699
94786.52806340963	3000.0	200.0	21.44693289395832	0	0.0	2986.5280634096416	1	0	1.0	1.9995434562849888
96243.21967225685	2000.0	218.91875230951388	475.6103611567175	0	0.0	3462.1384245663503	1	0	1.0	-1.6451015968629576
97425.83612039076	2000.0	505.2727922004835	468.97048802489445	0	0.0	3931.1089125912404	1	0	1.0	-1.355442108699869
98431.22690564198	2000.0	520.5323063060474	20.650299356775747	0	0.0	3951.7592119480105	1	0	1.0	1.3261876390281844
99086.9135886711	2000.0	864.8456232769083	0.0	0	0.0	3951.7592119480105	1	0	1.0	1.450089435168839
99630.29841311798	2000.0	1321.4607988300272	0.0	0	0.0	3951.7592119480105	1	0	1.0	1.450089435168839
100405.65042987173	2000.0	1546.1087820762757	0.0	0	0.0	3951.759211947996	1	0	1.0	1.4500894351688447
100900.61200898267	2000.0	2051.1472029653305	0.0	0	0.0	3951.7592119479814	1	0	1.0	1.4500894351688507
101893.38936198986	3000.0	2058.36984995815	0.0	0	0.0	3951.7592119479814	1	0	1.0	1.450089435168851
103813.14886695659	3000.0	1138.610344991423	0.0	0	0.0	3951.7592119479814	1	0	1.0	1.8555545432770155
104752.18150560964	2000.0	1199.5777063383548	0.0	0	0.0	3951.759211947967	1	0	1.0	1.044624327060692
105432.58285334673	2000.0	1519.1763586012678	0.0	0	0.0	3951.759211947967	1	0	1.0	1.4500894351688567
105928.04395906131	2000.0	2023.7152528866889	0.0	0	0.0	3951.759211947967	1	0	1.0	1.4500894351688567
106471.31368168913	2000.0	2480.4455302588626	0.0	0	0.0	3951.7592119479523	1	0	1.0	1.4500894351688625
107155.9837730147	3000.0	2795.775438933296	0.0	0	0.0	3951.7592119479523	1	0	1.0	1.4500894351688627
107785.66460447699	3000.0	3166.0946074710214	0.0	0	0.0	3951.7592119479523	1	0	1.0	1.8555545432770273
109590.65801559354	6000.0	2361.10119635448	0.0	0	0.0	3951.7592119479523	1	0	1.0	1.8555545432770275
110726.64160468256	3000.0	2225.1176072654534	0.0	0	0.0	3951.7592119479523	1	0	1.0	1.1624073627170823
111402.251010049	3000.0	2549.5082018990056	0.0	0	0.0	3951.7592119479523	1	0	1.0	1.8555545432770273
111997.50400748702	3000.0	2954.255204460995	0.0	0	0.0	3951.7592119479523	1	0	1.0	1.8555545432770273
112920.41578391026	3000.0	3031.343428037763	0.0	0	0.0	3951.7592119479523	1	0	1.0	1.8555545432770273
113764.62176899928	3000.0	3187.137442948732	0.0	0	0.0	3951.759211947967	1	0	1.0	1.8555545432770215
114670.44495175767	3000.0	3281.3142601903423	0.0	0	0.0	3951.759211947967	1	0	1.0	1.8555545432770215
115286.68772676388	3000.0	3665.0714851841444	0.0	0	0.0	3951.759211947967	1	0	1.0	1.8555545432770215
116200.0	3000.0	3751.7592119480187	0.0	0	153.27874145486567	3951.7592119479814	1	0	1.0	1.8555545432770155
119340.71774722845	6000.0	1611.0414647195703	0.0	0	0.0	3951.7592119479814	1	0	1.0	1.8555545432770153
120605.25555545959	3000.0	1346.503656488427	0.0	0	0.0	3951.7592119479814	1	0	1.0	1.1624073627170706
121466.06397484186	3000.0	1485.6952371061534	0.0	0	0.0	3951.7592119479814	1	0	1.0	1.8555545432770155
123066.85921178336	3000.0	884.9000001646414	0.0	0	0.0	3951.759211947967	1	0	1.0	1.8555545432770215
124067.77601234776	2000.0	883.9831996002537	0.0	0	0.0	3951.759211947967	1	0	1.0	1.044624327060692
125069.87745664509	2000.0	881.8817553029311	0.0	0	0.0	3951.759211947967	1	0	1.0	1.4500894351688567
125863.38725637218	2000.0	1088.3719555758385	0.0	0	0.0	3951.759211947967	1	0	1.0	1.4500894351688567
126453.13338366919	2000.0	1498.625828278825	0.0	0	0.0	3951.759211947967	1	0	1.0	1.4500894351688567
127286.45490153301	2000.0	1665.304310414995	0.0	0	0.0	3951.759211947967	1	0	1.0	1.4500894351688567
127954.51465012068	2000.0	1997.2445618273225	0.0	0	0.0	3951.759211947967	1	0	1.0	1.4500894351688567
129082.50701042944	2000.0	1869.252201518561	0.0	0	0.0	3951.759211947967	1	0	1.0	1.4500894351688567
130595.03081440084	2000.0	1356.7283975471628	0.0	0	0.0	3951.759211947967	1	0	1.0	1.4500894351688567
131707.05083315494	2000.0	1244.7083787930671	0.0	0	0.0	3951.7592119479814	1	0	1.0	1.4500894351688542
132480.26162174856	2000.0	1471.4975901994019	0.0	0	0.0	3951.7592119479377	1	0	1.0	1.4500894351688627
133093.60102838284	2000.0	1858.1581835650973	0.0	0	0.0	3951.7592119479086	1	0	1.0	1.450089435168878
133503.919206995	2000.0	2447.8400049529287	0.0	0	0.0	3951.759211947894	1	0	1.0	1.4500894351688887
134228.91257982526	3000.0	2722.8466321226474	0.0	0	0.0	3951.7592119478795	1	0	1.0	1.4500894351688889
134814.03798138647	3000.0	3137.721230561425	0.0	0	0.0	3951.759211947865	1	0	1.0	1.855554543277064
135543.570745047	3000.0	3408.1884669008623	0.0	0	0.0	3951.7592119478504	1	0	1.0	1.8555545432770688
136979.3070596787	6000.0	2972.4521522692007	0.0	0	0.0	3951.7592119478504	1	0	1.0	1.8555545432770686
138694.29312266025	6000.0	2257.4660892876727	0.0	0	0.0	3951.7592119478504	1	0	1.0	2.5487017238370138
140361.4976767807	6000.0	1590.2615351672237	0.0	0	0.0	3951.7592119478504	1	0	1.0	2.5487017238370138
141771.4759143272	3000.0	1180.2832976207233	0.0	0	0.0	3951.7592119478213	1	0	1.0	1.1624073627171354
142683.4069464753	3000.0	1268.3522654726164	0.0	0	0.0	3951.7592119478213	1	0	1.0	1.8555545432770804
143316.65639944677	3000.0	1635.1028125011585	0.0	0	0.0	3951.7592119478213	1	0	1.0	1.8555545432770804
143858.77271503638	3000.0	2092.986496911535	0.0	0	0.0	3951.7592119478213	1	0	1.0	1.8555545432770804
144871.61014753216	3000.0	2080.149064415775	0.0	0	0.0	3951.7592119478504	1	0	1.0	1.8555545432770688
145970.18539587772	3000.0	1981.5738160702385	0.0	0	0.0	3951.7592119478795	1	0	1.0	1.8555545432770568
147079.1318212066	3000.0	1872.6273907413536	0.0	0	0.0	3951.7592119479086	1	0	1.0	1.8555545432770448
148317.65480081362	3000.0	1634.1044111343456	0.0	0	0.0	3951.7592119479086	1	0	1.0	1.8555545432770448
149134.36695110248	3000.0	1817.3922608454989	0.0	0	0.0	3951.7592119479086	1	0	1.0	1.8555545432770448
149972.3801358283	3000.0	1979.3790761196585	0.0	0	0.0	3951.7592119479086	1	0	1.0	1.8555545432770448
150856.02997868092	3000.0	2095.729233267055	0.0	0	0.0	3951.7592119479086	1	0	1.0	1.8555545432770448
151542.40738335214	3000.0	2409.351828595853	0.0	0	0.0	3951.7592119479377	1	0	1.0	1.8555545432770333
152698.40024226045	3000.0	2253.3589696875674	0.0	0	0.0	3951.7592119479377	1	0	1.0	1.8555545432770333
153766.27525754724	3000.0	2185.4839544007887	0.0	0	0.0	3951.7592119479377	1	0	1.0	1.8555545432770333
154656.2893251966	3000.0	2295.4698867514685	0.0	0	0.0	3951.759211947967	1	0	1.0	1.8555545432770215
155396.7830319692	3000.0	2554.9761799789007	0.0	0	0.0	3951.759211947967	1	0	1.0	1.8555545432770215
156274.85804668814	3000.0	2676.9011652599156	0.0	0	0.0	3951.759211947967	1	0	1.0	1.8555545432770215
156876.1470825376	3000.0	3075.612129410457	0.0	0	0.0	3951.759211947967	1	0	1.0	1.8555545432770215
157771.37289238602	3000.0	3180.386319562005	0.0	0	0.0	3951.759211947967	1	0	1.0	1.8555545432770215
158431.86406523985	3000.0	3519.8951467082015	0.0	0	0.0	3951.759211947996	1	0	1.0	1.8555545432770117
159303.92985259768	3000.0	3647.829359350372	0.0	0	0.0	3951.759211948025	1	0	1.0	1.855554543276998
160200.0	3000.0	3751.759211948038	0.0	0	107.34620852355147	3951.759211948054	1	0	1.0	1.855554543276986
161200.0	3000.0	3751.759211948059	0.0	0	268.69248706271173	3951.7592119480832	1	0	1.0	1.8555545432769742
162253.9506013462	3000.0	3697.8086106018404	0.0	0	0.0	3951.7592119481124	1	0	1.0	1.8555545432769625
163200.0	3000.0	3751.75921194807	0.0	0	306.50340934094856	3951.7592119481415	1	0	1.0	1.8555545432769507
164200.0	3000.0	3751.759211948092	0.0	0	319.329839099315	3951.7592119481415	1	0	1.0	1.8555545432769507
165200.0	3000.0	3751.759211948055	0.0	0	356.09120132538374	3951.7592119481415	1	0	1.0	1.8555545432769507
166200.0	3000.0	3751.7592119480237	0.0	0	298.02702602540376	3951.7592119481124	1	0	1.0	1.8555545432769625
167200.0	3000.0	3751.759211948029	0.0	0	302.4364738679724	3951.7592119481124	1	0	1.0	1.8555545432769625
168200.0	3000.0	3751.7592119480387	0.0	0	249.79736546898494	3951.7592119481415	1	0	1.0	1.8555545432769507
169200.0	3000.0	3751.7592119480432	0.0	0	268.6359741940978	3951.7592119481415	1	0	1.0	1.8555545432769507
170200.0	3000.0	3751.759211948051	0.0	0	164.57428726452054	3951.7592119481124	1	0	1.0	1.8555545432769625
171200.0	3000.0	3751.7592119480482	0.0	0	14.412507466069655	3951.7592119480832	1	0	1.0	1.8555545432769742
172200.0	3000.0	3751.7592119480914	0.0	0	363.44774728946504	3951.7592119480832	1	0	1.0	1.8555545432769742
173200.0	3000.0	3751.7592119480987	0.0	0	352.51525051670615	3951.7592119480832	1	0	1.0	1.8555545432769742
174200.0	3000.0	3751.7592119480987	0.0	0	77.88094851945061	3951.7592119480832	1	0	1.0	1.8555545432769742
175200.0	3000.0	3751.7592119480983	0.0	0	396.24878596985945	3951.7592119480832	1	0	1.0	1.8555545432769742
176200.0	3000.0	3751.7592119480764	0.0	0	220.47109343743068	3951.759211948054	1	0	1.0	1.855554543276986
177200.0	3000.0	3751.759211948074	0.0	0	266.0713389312732	3951.759211948054	1	0	1.0	1.855554543276986
178200.0	3000.0	3751.759211948059	0.0	0	306.6492903153121	3951.759211948054	1	0	1.0	1.855554543276986
179200.0	3000.0	3751.759211948062	0.0	0	163.19442308467114	3951.759211948054	1	0	1.0	1.855554543276986
180200.0	3000.0	3751.7592119480532	0.0	0	332.8725619429897	3951.7592119480832	1	0	1.0	1.8555545432769742
181200.0	3000.0	3751.759211948048	0.0	0	103.24472893544589	3951.7592119480832	1	0	1.0	1.8555545432769742
182253.61550505456	3000.0	3698.143706893433	0.0	0	0.0	3951.759211948025	1	0	1.0	1.8555545432769884
183200.0	3000.0	3751.759211947971	0.0	0	241.4612844075018	3951.759211947996	1	0	1.0	1.8555545432770095
185031.1117065139	6000.0	2920.647505434043	0.0	0	0.0	3951.759211947996	1	0	1.0	1.8555545432770097
186124.4262802698	6000.0	2827.332931678125	0.0	0	0.0	3951.759211947996	1	0	1.0	2.5487017238369547
187546.23237355132	6000.0	2405.526838396627	0.0	0	0.0	3951.759211948054	1	0	1.0	2.548701723836935
188520.9727796964	3000.0	2430.7864322515625	0.0	0	0.0	3951.759211948054	1	0	1.0	1.162407362717041
189500.52675453646	3000.0	2451.2324574114573	0.0	0	0.0	3951.759211948054	1	0	1.0	1.855554543276986
190456.44569972475	3000.0	2495.3135122231683	0.0	0	0.0	3951.759211948054	1	0	1.0	1.855554543276986
191262.30534447715	3000.0	2689.4538674707374	0.0	0	0.0	3951.759211948054	1	0	1.0	1.855554543276986
192231.68837331427	3000.0	2720.070838633621	0.0	0	0.0	3951.759211948054	1	0	1.0	1.855554543276986
193063.91069764498	3000.0	2887.84851430291	0.0	0	0.0	3951.759211948054	1	0	1.0	1.855554543276986
193832.11183948425	3000.0	3119.6473724636335	0.0	0	0.0	3951.759211948025	1	0	1.0	1.855554543276998
194396.02689436695	3000.0	3555.7323175809343	0.0	0	0.0	3951.759211948054	1	0	1.0	1.855554543276986
195326.56324490934	3000.0	3625.1959670385268	0.0	0	0.0	3951.759211948054	1	0	1.0	1.855554543276986
196627.6326004851	3000.0	3324.126611462762	0.0	0	0.0	3951.7592119480832	1	0	1.0	1.8555545432769813
197800.57833508766	3000.0	3151.180876860211	0.0	0	0.0	3951.759211948054	1	0	1.0	1.855554543276986
199364.99560305962	3000.0	2586.763608888274	0.0	0	0.0	3951.759211948054	1	0	1.0	1.855554543276986
200702.45350612636	3000.0	2249.305705821533	0.0	0	0.0	3951.759211948054	1	0	1.0	1.855554543276986
202066.13507717085	3000.0	1885.6241347770274	0.0	0	0.0	3951.759211948025	1	0	1.0	1.855554543276998
203246.47195306933	3000.0	1705.2872588785192	0.0	0	0.0	3951.759211947996	1	0	1.0	1.8555545432770002
204178.76783519908	3000.0	1772.9913767487897	0.0	0	0.0	3951.759211947996	1	0	1.0	1.8555545432770095
204971.68642713717	3000.0	1980.0727848106799	0.0	0	0.0	3951.759211947967	1	0	1.0	1.8555545432770215
205641.68364840146	3000.0	2310.0755635464134	0.0	0	0.0	3951.759211947967	1	0	1.0	1.8555545432770215
206296.15564288956	3000.0	2655.603569058313	0.0	0	0.0	3951.759211947996	1	0	1.0	1.8555545432770142
206760.65096378062	3000.0	3191.1082481672756	0.0	0	0.0	3951.759211947996	1	0	1.0	1.8555545432770095
207408.1335691745	3000.0	3543.625642773411	0.0	0	0.0	3951.759211948025	1	0	1.0	1.855554543276998
209169.95734156226	6000.0	2781.8018703856505	0.0	0	0.0	3951.759211947996	1	0	1.0	1.855554543277
209757.71682236932	3000.0	3194.0423895785893	0.0	0	0.0	3951.759211947996	1	0	1.0	1.1624073627170646
211152.70771126842	6000.0	2799.0515006794944	0.0	0	0.0	3951.759211947996	1	0	1.0	1.8555545432770097
212060.2062291426	3000.0	2891.5529828053286	0.0	0	0.0	3951.759211947996	1	0	1.0	1.1624073627170646
213170.71995731315	3000.0	2781.0392546347875	0.0	0	0.0	3951.759211948025	1	0	1.0	1.8555545432770073
214100.08345222965	3000.0	2851.6757597182686	0.0	0	0.0	3951.759211947996	1	0	1.0	1.8555545432770095
214888.51796691187	3000.0	3063.2412450360316	0.0	0	0.0	3951.759211947967	1	0	1.0	1.8555545432770215
216165.4288613553	3000.0	2786.3303505926256	0.0	0	0.0	3951.759211947996	1	0	1.0	1.8555545432770095
217350.14136512676	3000.0	2601.6178468211265	0.0	0	0.0	3951.759211947967	1	0	1.0	1.8555545432770215
218558.1807998183	3000.0	2393.578412129606	0.0	0	0.0	3951.7592119479377	1	0	1.0	1.8555545432770333
219553.08099684655	3000.0	2398.6782151013294	0.0	0	0.0	3951.7592119479377	1	0	1.0	1.8555545432770333
220858.56614570844	3000.0	2093.193066239447	0.0	0	0.0	3951.759211947967	1	0	1.0	1.8555545432770215
221912.54279324878	3000.0	2039.2164186991033	0.0	0	0.0	3951.759211947996	1	0	1.0	1.8555545432770095
222735.674866775	3000.0	2216.0843451729193	0.0	0	0.0	3951.759211947996	1	0	1.0	1.8555545432770095
223402.4959818839	3000.0	2549.263230063998	0.0	0	0.0	3951.759211948025	1	0	1.0	1.8555545432770026
223978.88234347338	3000.0	2972.876868474517	0.0	0	0.0	3951.759211948025	1	0	1.0	1.855554543276998
225847.235652433	6000.0	2104.523559514859	0.0	0	0.0	3951.759211948025	1	0	1.0	1.8555545432769975
226702.9485598039	3000.0	2248.810652143973	0.0	0	0.0	3951.759211947996	1	0	1.0	1.1624073627170646
228094.99082658725	3000.0	1856.7683853606284	0.0	0	0.0	3951.759211947996	1	0	1.0	1.8555545432770095
229657.02546667404	3000.0	1294.733745273854	0.0	0	0.0	3951.759211947996	1	0	1.0	1.8555545432770095
230640.30685809228	2000.0	1311.4523538555961	0.0	0	0.0	3951.759211947996	1	0	1.0	1.04462432706068
231403.74066841343	2000.0	1548.018543534428	0.0	0	0.0	3951.759211947996	1	0	1.0	1.4500894351688447
232127.10815437243	3000.0	1824.6510575754178	0.0	0	0.0	3951.759211947996	1	0	1.0	1.450089435168845
232585.48837248562	3000.0	2366.2708394622164	0.0	0	0.0	3951.759211948025	1	0	1.0	1.855554543276998
233259.5396029709	3000.0	2692.2196089769145	0.0	0	0.0	3951.759211948025	1	0	1.0	1.855554543276998
233995.02874542118	6000.0	2956.730466526618	0.0	0	0.0	3951.759211948025	1	0	1.0	1.8555545432769975
234675.36617308058	6000.0	3276.3930388672516	0.0	0	0.0	3951.759211948025	1	0	1.0	2.5487017238369427
236498.36672244483	6000.0	2453.3924895029995	0.0	0	0.0	3951.759211947996	1	0	1.0	2.5487017238369547
238465.55525305562	6000.0	1486.2039588921862	0.0	0	0.0	3951.759211947967	1	0	1.0	2.5487017238369662
239249.81821316242	3000.0	1701.9409987853933	0.0	0	0.0	3951.759211947996	1	0	1.0	1.1624073627170741
240718.35187597809	3000.0	1233.4073359697384	0.0	0	0.0	3951.759211948025	1	0	1.0	1.8555545432770004
241704.59556776084	3000.0	1247.163644186981	0.0	0	0.0	3951.759211948054	1	0	1.0	1.855554543276986
242773.198055187	3000.0	1178.561156760818	0.0	0	0.0	3951.759211948025	1	0	1.0	1.8555545432769958
243597.5384522258	2000.0	1354.2207597220197	0.0	0	0.0	3951.759211947996	1	0	1.0	1.0446243270606779
244575.4939614971	2000.0	1376.2652504507346	0.0	0	0.0	3951.759211947967	1	0	1.0	1.4500894351688567
246222.3981794127	2000.0	729.36103253517	0.0	0	0.0	3951.759211947996	1	0	1.0	1.4500894351688545
247215.11991870933	2000.0	736.6392932385382	0.0	0	0.0	3951.759211947996	1	0	1.0	1.4500894351688447
247888.84392334335	2000.0	1062.9152886045092	0.0	0	0.0	3951.759211947996	1	0	1.0	1.4500894351688447
248564.06507817935	2000.0	1387.6941337684902	0.0	0	0.0	3951.759211947967	1	0	1.0	1.4500894351688567
249248.5139147001	2000.0	1703.245297247711	0.0	0	0.0	3951.759211947967	1	0	1.0	1.4500894351688567
249965.94980009858	3000.0	1985.809411849232	0.0	0	0.0	3951.759211947967	1	0	1.0	1.450089435168857
250919.76025491682	3000.0	2031.9989570309694	0.0	0	0.0	3951.759211947967	1	0	1.0	1.8555545432770215
252872.96369041348	3000.0	1078.7955215343006	0.0	0	0.0	3951.759211947967	1	0	1.0	1.8555545432770262
253960.0599691107	2000.0	991.6992428370943	0.0	0	0.0	3951.759211947967	1	0	1.0	1.044624327060692
254519.6400554001	2000.0	1432.119156547717	0.0	0	0.0	3951.759211947996	1	0	1.0	1.4500894351688447
255171.38600203456	2000.0	1780.3732099132453	0.0	0	0.0	3951.759211947996	1	0	1.0	1.4500894351688447
255616.5803581323	2000.0	2335.1788538154847	0.0	0	0.0	3951.759211947996	1	0	1.0	1.4500894351688447
256106.51062512514	3000.0	2845.248586822645	0.0	0	0.0	3951.759211947996	1	0	1.0	1.450089435168845
256634.66735921605	3000.0	3317.0918527317626	0.0	0	0.0	3951.759211947996	1	0	1.0	1.8555545432770095
259030.0302657178	6000.0	1921.7289462300396	0.0	0	0.0	3951.759211948025	1	0	1.0	1.8555545432769975
259935.13373036447	3000.0	2016.6254815833745	0.0	0	0.0	3951.759211948025	1	0	1.0	1.162407362717053
260696.74354154413	3000.0	2255.0156704037227	0.0	0	0.0	3951.759211948025	1	0	1.0	1.855554543276998
261201.74418683062	3000.0	2750.015025117195	0.0	0	0.0	3951.759211947996	1	0	1.0	1.8555545432770002
261882.89419856542	3000.0	3068.8650133823785	0.0	0	0.0	3951.759211947996	1	0	1.0	1.8555545432770095
262982.4323412718	3000.0	2969.3268706760905	0.0	0	0.0	3951.7592119480832	1	0	1.0	1.8555545432769884
264045.0387994782	3000.0	2906.720412469675	0.0	0	0.0	3951.7592119481124	1	0	1.0	1.85555454327696
264534.64693648106	3000.0	3417.112275466843	0.0	0	0.0	3951.7592119481415	1	0	1.0	1.8555545432769625
265200.0	3000.0	3751.7592119478877	0.0	0	2.2100761794135906	3951.7592119481124	1	0	1.0	1.8555545432769602
266200.0	6000.0	3751.7592119478327	0.0	0	77.92190305958502	3951.7592119480832	1	0	1.0	1.8555545432769789
269772.8625708518	6000.0	1178.8966410960425	0.0	0	0.0	3951.7592119480832	1	0	1.0	2.548701723836919
271156.10308807244	3000.0	795.6561238754573	0.0	0	0.0	3951.7592119481415	1	0	1.0	1.1624073627170057
272163.7680887124	2000.0	787.9911232355324	0.0	0	0.0	3951.7592119480832	1	0	1.0	1.0446243270606261
273005.020802113	2000.0	946.7384098350236	0.0	0	0.0	3951.7592119480832	1	0	1.0	1.4500894351688096
273946.79473417386	2000.0	1004.9644777741393	0.0	0	0.0	3951.759211948025	1	0	1.0	1.4500894351688332
274573.7919983661	2000.0	1377.9672135818414	0.0	0	0.0	3951.7592119480832	1	0	1.0	1.4500894351688096
275324.8146862047	2000.0	1626.9445257432449	0.0	0	0.0	3951.7592119480832	1	0	1.0	1.4500894351688096
276036.02905440744	2000.0	1915.7301575404479	0.0	0	0.0	3951.7592119480832	1	0	1.0	1.4500894351688096
276814.99043756706	2000.0	2136.768774380846	0.0	0	0.0	3951.759211948025	1	0	1.0	1.4500894351688332
277713.11638214806	2000.0	2238.642829799819	0.0	0	0.0	3951.759211947967	1	0	1.0	1.4500894351688567
278972.0245762604	2000.0	1979.734635687506	0.0	0	0.0	3951.759211947967	1	0	1.0	1.4500894351688567
280061.46105547145	2000.0	1890.2981564764812	0.0	0	0.0	3951.759211948025	1	0	1.0	1.4500894351688332
281170.3853623259	2000.0	1781.3738496220094	0.0	0	0.0	3951.759211948025	1	0	1.0	1.4500894351688332
281774.6402252534	2000.0	2177.118986694472	0.0	0	0.0	3951.759211948025	1	0	1.0	1.4500894351688332
282318.9811622164	2000.0	2632.7780497315493	0.0	0	0.0	3951.7592119480832	1	0	1.0	1.4500894351688096
283004.74793675053	3000.0	2947.0112751974093	0.0	0	0.0	3951.7592119480832	1	0	1.0	1.4500894351688096
283753.65791479696	3000.0	3198.101297150983	0.0	0	0.0	3951.7592119480832	1	0	1.0	1.8555545432769742
284387.3017374853	3000.0	3564.4574744627175	0.0	0	0.0	3951.7592119481415	1	0	1.0	1.8555545432769507
285801.24916343566	6000.0	3150.5100485124303	0.0	0	0.0	3951.7592119481415	1	0	1.0	1.855554543276951
287549.7804844256	6000.0	2401.9787275225276	0.0	0	0.0	3951.7592119481415	1	0	1.0	2.5487017238368956
290040.26452701737	6000.0	911.4946849307457	0.0	0	0.0	3951.759211948025	1	0	1.0	2.548701723836933
291071.2152352057	3000.0	880.5439767424205	0.0	0	0.0	3951.759211948025	1	0	1.0	1.162407362717053
291792.88942123536	3000.0	1158.8697907127976	0.0	0	0.0	3951.759211947967	1	0	1.0	1.8555545432770215
292362.6453968394	3000.0	1589.1138151087507	0.0	0	0.0	3951.759211947967	1	0	1.0	1.8555545432770215
293124.83075802115	3000.0	1826.9284539270504	0.0	0	0.0	3951.759211947967	1	0	1.0	1.8555545432770215
294184.5721551073	3000.0	1767.187056840886	0.0	0	0.0	3951.7592119478504	1	0	1.0	1.8555545432770497
295202.37269549957	3000.0	1749.386516448659	0.0	0	0.0	3951.7592119479086	1	0	1.0	1.855554543277064
296403.66313176183	3000.0	1548.0960801863603	0.0	0	0.0	3951.7592119478504	1	0	1.0	1.8555545432770688
297396.3030828324	3000.0	1555.4561291157459	0.0	0	0.0	3951.759211947792	1	0	1.0	1.855554543277092
298378.8617540216	3000.0	1572.8974579265607	0.0	0	0.0	3951.759211947792	1	0	1.0	1.855554543277092
299217.7006685334	3000.0	1734.0585434147383	0.0	0	0.0	3951.759211947676	1	0	1.0	1.8555545432771203
300010.0679680509	3000.0	1941.6912438972904	0.0	0	0.0	3951.759211947676	1	0	1.0	1.8555545432771392
300688.31535826257	3000.0	2263.4438536855882	0.0	0	0.0	3951.759211947676	1	0	1.0	1.8555545432771392
302004.041162809	3000.0	1947.7180491391082	0.0	0	0.0	3951.759211947676	1	0	1.0	1.8555545432771392
302795.6572155268	3000.0	2156.101996421311	0.0	0	0.0	3951.759211947676	1	0	1.0	1.8555545432771392
303627.84090716665	3000.0	2323.918304781452	0.0	0	0.0	3951.759211947676	1	0	1.0	1.8555545432771392
3.7137674418604654	3.8037674418604652	3.973767441860465	3.937767441860465	3.8277674418604652	3.5777674418604652	3.8317674418604653	3.937767441860465	3.777767441860465	3.8757674418604653	3.8437674418604653	3.873767441860465	3.755767441860465	3.787767441860465	3.8317674418604653	3.6337674418604653	3.8317674418604653	3.8597674418604653	4.065767441860465	4.315767441860465	4.461767441860466	4.025767441860465	3.8877674418604653	4.025767441860465	4.1717674418604656	4.279767441860465	3.723767441860465	3.787767441860465	3.837767441860465	4.111767441860465	4.353767441860465	4.5597674418604655	4.375767441860465	3.857767441860465	3.703767441860465	3.957767441860465	3.909767441860465	4.0517674418604654	4.183767441860465	4.135767441860465	4.343767441860465	4.265767441860465	2.74456	2.6365600000000002	2.55256	2.46856	3.48856	1.67656	2.43256	2.79256	3.29656	3.45256	3.82456	5.07256	5.14456	3.53656	4.172560000000001	3.8965599999999996	3.28456	2.1085599999999998	3.08056	3.1165599999999998	2.90056	2.0365599999999997	3.1165599999999998	3.7285600000000003	3.69256	2.26456	3.8965599999999996	5.22856	5.90056	2.8525600000000004	2.64856	2.8285600000000004	2.34856	1.42456	2.39656	3.21256	4.604559999999999	5.660559999999999	7.400559999999999	7.06456	2.0845599999999997	2.64856	2.0365599999999997	3.28456	2.0605599999999997	3.24856	4.72456	2.46856	1.5085600000000001	1.8085600000000002	1.371813953488372	2.319813953488372	3.4598139534883723	3.579813953488372	3.3278139534883717	2.619813953488372	1.971813953488372	1.719813953488372	2.187813953488372	3.2558139534883725	5.2478139534883725	6.1358139534883716	2.799813953488372	2.295813953488372	3.771813953488372	5.1758139534883725	3.4118139534883722	2.703813953488372	4.1198139534883715	5.607813953488373	5.307813953488372	1.2158139534883723	1.2038139534883723	1.671813953488372	3.0398139534883724	2.871813953488372	1.8398139534883722	2.151813953488372	2.355813953488372	2.4158139534883722	3.171813953488372	2.5598139534883724	1.743813953488372	1.1798139534883723	2.0078139534883723	2.187813953488372	3.387813953488372	4.911813953488372	4.6598139534883725	5.259813953488372	5.535813953488372	5.007813953488372	3.147813953488372	2.97	2.27	3.54	4.12	4.71	3.16	3.2	3.07	3.17	3.68	3.58	4.63	4.65	0.98	3.519767441860465	3.7137674418604654	3.8037674418604652	3.973767441860465	3.937767441860465	3.8277674418604652	3.5777674418604652	3.8317674418604653	3.937767441860465	3.777767441860465	3.8757674418604653	3.8437674418604653	3.873767441860465	3.755767441860465	3.787767441860465	3.8317674418604653	3.6337674418604653	3.8317674418604653	3.8597674418604653	4.065767441860465	4.315767441860465	4.461767441860466	4.025767441860465	3.8877674418604653	4.025767441860465	4.1717674418604656	4.279767441860465	3.723767441860465	3.787767441860465	3.837767441860465	4.111767441860465	4.353767441860465	4.5597674418604655	4.375767441860465	3.857767441860465	3.703767441860465	3.957767441860465	3.909767441860465	4.0517674418604654	4.183767441860465	4.135767441860465	4.343767441860465	4.265767441860465	2.74456	2.6365600000000002	2.55256	2.46856	3.48856	1.67656	2.43256	2.79256	3.29656	3.45256	3.82456	5.07256	5.14456	3.53656	4.172560000000001	3.8965599999999996	3.28456	2.1085599999999998	3.08056	3.1165599999999998	2.90056	2.0365599999999997	3.1165599999999998	3.7285600000000003	3.69256	2.26456	3.8965599999999996	5.22856	5.90056	2.8525600000000004	2.64856	2.8285600000000004	2.34856	1.42456	2.39656	3.21256	4.604559999999999	5.660559999999999	7.400559999999999	7.06456	2.0845599999999997	2.64856	2.0365599999999997	3.28456	2.0605599999999997	3.24856	4.72456	2.46856	1.5085600000000001	1.8085600000000002	1.371813953488372	2.319813953488372	3.4598139534883723	3.579813953488372	3.3278139534883717	2.619813953488372	1.971813953488372	1.719813953488372	2.187813953488372	3.2558139534883725	5.2478139534883725	6.1358139534883716	2.799813953488372	2.295813953488372	3.771813953488372	5.1758139534883725	3.4118139534883722	2.703813953488372	4.1198139534883715	5.607813953488373	5.307813953488372	1.2158139534883723	1.2038139534883723	1.671813953488372	3.0398139534883724	2.871813953488372	1.8398139534883722	2.151813953488372	2.355813953488372	2.4158139534883722	3.171813953488372	2.5598139534883724	1.743813953488372	1.1798139534883723	2.0078139534883723	2.187813953488372	3.387813953488372	4.911813953488372	4.6598139534883725	5.259813953488372	5.535813953488372	5.007813953488372	3.147813953488372	2.97	2.27	3.54	4.12	4.71	3.16	3.2	3.07	3.17	3.68	3.58	4.63	4.65	0.98	3.519767441860465	3.7137674418604654	3.8037674418604652	3.973767441860465	3.937767441860465
1.0	2.0	3.0	4.0	5.0	6.0	7.0	8.0	9.0	10.0	11.0	12.0	13.0	14.0	15.0	16.0	17.0	18.0	19.0	20.0	21.0	22.0	23.0	24.0	25.0	26.0	27.0	28.0	29.0	30.0	31.0	32.0	33.0	34.0	35.0	36.0	37.0	38.0	39.0	40.0	41.0	42.0	43.0	44.0	45.0	46.0	47.0	48.0	49.0	50.0	51.0	52.0	53.0	54.0	55.0	56.0	57.0	58.0	59.0	60.0	61.0	62.0	63.0	64.0	65.0	66.0	67.0	68.0	69.0	70.0	71.0	72.0	73.0	74.0	75.0	76.0	77.0	78.0	79.0	80.0	81.0	82.0	83.0	84.0	85.0	86.0	87.0	88.0	89.0	90.0	91.0	92.0	93.0	94.0	95.0	96.0	97.0	98.0	99.0	100.0	101.0	102.0	103.0	104.0	105.0	106.0	107.0	108.0	109.0	110.0	111.0	112.0	113.0	114.0	115.0	116.0	117.0	118.0	119.0	120.0	121.0	122.0	123.0	124.0	125.0	126.0	127.0	128.0	129.0	130.0	131.0	132.0	133.0	134.0	135.0	136.0	137.0	138.0	139.0	140.0	141.0	142.0	143.0	144.0	145.0	146.0	147.0	148.0	149.0	149.0	150.0	151.0	152.0	153.0	154.0	155.0	156.0	157.0	158.0	159.0	160.0	161.0	162.0	163.0	164.0	165.0	166.0	167.0	168.0	169.0	170.0	171.0	172.0	173.0	174.0	175.0	176.0	177.0	178.0	179.0	180.0	181.0	182.0	183.0	184.0	185.0	186.0	187.0	188.0	189.0	190.0	191.0	192.0	193.0	194.0	195.0	196.0	197.0	198.0	199.0	200.0	201.0	202.0	203.0	204.0	205.0	206.0	207.0	208.0	209.0	210.0	211.0	212.0	213.0	214.0	215.0	216.0	217.0	218.0	219.0	220.0	221.0	222.0	223.0	224.0	225.0	226.0	227.0	228.0	229.0	230.0	231.0	232.0	233.0	234.0	235.0	236.0	237.0	238.0	239.0	240.0	241.0	242.0	243.0	244.0	245.0	246.0	247.0	248.0	249.0	250.0	251.0	252.0	253.0	254.0	255.0	256.0	257.0	258.0	259.0	260.0	261.0	262.0	263.0	264.0	265.0	266.0	267.0	268.0	269.0	270.0	271.0	272.0	273.0	274.0	275.0	276.0	277.0	278.0	279.0	280.0	281.0	282.0	283.0	284.0	285.0	286.0	287.0	288.0	289.0	290.0	291.0	292.0	293.0	294.0	295.0	296.0	297.0	298.0	298.0	299.0	300.0	301.0	302.0
4162.346158181931
