5275.310331198843	2000.0	2000.0	818.1321098833444	0	0.0	5275.310331198843	1	0	1.0	-6.0343396356182994
5807.0204451592535	2000.0	2468.289886039588	0.0	0	0.0	3275.310331198842	1	0	1.0	-4.339117920931067
6624.636943823746	3000.0	2650.6733873750964	0.0	0	0.0	3275.3103311988425	1	0	1.0	1.6608820790689323
7583.7075102837425	3000.0	2691.6028209151	0.0	0	0.0	3275.3103311988425	1	0	1.0	2.066347187177097
8655.538372224846	3000.0	2619.7719589739972	0.0	0	0.0	3275.3103311988443	1	0	1.0	2.0663471871770964
9596.885078906953	3000.0	2678.4252522918923	0.0	0	0.0	3275.310331198846	1	0	1.0	2.066347187177096
10644.409693000865	3000.0	2630.9006381979793	0.0	0	0.0	3275.3103311988452	1	0	1.0	2.066347187177096
11771.582239068186	3000.0	2503.728092130659	0.0	0	0.0	3275.3103311988452	1	0	1.0	2.066347187177096
13135.023947442744	3000.0	2140.2863837561035	0.0	0	0.0	3275.3103311988452	1	0	1.0	2.066347187177096
14273.507600020439	3000.0	2001.8027311784062	0.0	0	0.0	3275.3103311988452	1	0	1.0	2.066347187177096
15345.293523546872	3000.0	1930.016807651974	0.0	0	0.0	3275.310331198847	1	0	1.0	2.066347187177096
16356.299906764609	3000.0	1919.0104244342367	0.0	0	0.0	3275.310331198847	1	0	1.0	2.066347187177096
17192.562782132223	3000.0	2082.74754906662	0.0	0	0.0	3275.3103311988452	1	0	1.0	2.0663471871770955
18328.358355930068	3000.0	1946.9519752687752	0.0	0	0.0	3275.310331198847	1	0	1.0	2.066347187177096
19329.819641367023	3000.0	1945.49068983182	0.0	0	0.0	3275.3103311988452	1	0	1.0	2.0663471871770964
20022.76734408736	3000.0	2252.542987111486	0.0	0	0.0	3275.3103311988452	1	0	1.0	2.066347187177096
20929.76164086816	3000.0	2345.5486903306855	0.0	0	0.0	3275.3103311988452	1	0	1.0	2.066347187177096
21820.852846201404	3000.0	2454.457484997446	0.0	0	0.0	3275.3103311988452	1	0	1.0	2.066347187177096
22771.23968444994	3000.0	2504.070646748902	0.0	0	0.0	3275.3103311988452	1	0	1.0	2.066347187177096
23655.82648549247	3000.0	2619.4838457063765	0.0	0	0.0	3275.3103311988452	1	0	1.0	2.066347187177096
24730.852069539265	3000.0	2544.458261659581	0.0	0	0.0	3275.3103311988452	1	0	1.0	2.066347187177096
25752.64590581802	3000.0	2522.6644253808277	0.0	0	0.0	3275.3103311988452	1	0	1.0	2.066347187177096
26570.321950244102	3000.0	2704.988380954744	0.0	0	0.0	3275.3103311988452	1	0	1.0	2.066347187177096
27610.514104395712	3000.0	2664.7962268031333	0.0	0	0.0	3275.3103311988452	1	0	1.0	2.066347187177096
28413.386809571773	3000.0	2861.9235216270704	0.0	0	0.0	3275.3103311988452	1	0	1.0	2.066347187177096
29200.0	3000.0	3075.3103311988452	0.0	0	58.032404215060524	3275.3103311988452	1	0	1.0	2.066347187177096
30200.0	3000.0	3075.3103311988443	0.0	0	164.07459638278306	3275.3103311988452	1	0	1.0	2.066347187177096
31200.0	3000.0	3075.3103311988466	0.0	0	313.2690415736397	3275.310331198849	1	0	1.0	2.066347187177095
32200.0	3000.0	3075.3103311988466	0.0	0	269.50231322719264	3275.3103311988452	1	0	1.0	2.066347187177096
33390.06604307477	3000.0	2885.2442881240795	0.0	0	0.0	3275.3103311988452	1	0	1.0	2.066347187177096
34200.0	3000.0	3075.3103311988457	0.0	0	130.42179113153543	3275.3103311988452	1	0	1.0	2.066347187177096
35200.0	3000.0	3075.310331198855	0.0	0	57.991902178750024	3275.3103311988525	1	0	1.0	2.066347187177095
36200.0	3000.0	3075.310331198856	0.0	0	197.5614863053197	3275.3103311988525	1	0	1.0	2.0663471871770946
37210.28997651765	3000.0	3065.020354681212	0.0	0	0.0	3275.3103311988525	1	0	1.0	2.0663471871770946
38200.0	3000.0	3075.310331198861	0.0	0	56.81936736291391	3275.31033119886	1	0	1.0	2.066347187177093
39416.313434739524	3000.0	2858.9968964593368	0.0	0	0.0	3275.31033119886	1	0	1.0	2.066347187177093
40385.599360948414	3000.0	2889.710970250449	0.0	0	0.0	3275.31033119886	1	0	1.0	2.066347187177093
41200.93529023101	3000.0	3074.3750409678573	0.0	0	0.0	3275.31033119886	1	0	1.0	2.066347187177093
42200.0	3000.0	3075.310331198871	0.0	0	62.38287254808529	3275.310331198867	1	0	1.0	2.066347187177091
43200.0	3000.0	3075.3103311988734	0.0	0	12.992880017249263	3275.310331198867	1	0	1.0	2.066347187177091
44200.0	3000.0	3075.310331198883	0.0	0	65.33127959293051	3275.3103311988743	1	0	1.0	2.0663471871770893
45200.0	3000.0	3075.310331198886	0.0	0	62.84754131602676	3275.3103311988743	1	0	1.0	2.0663471871770893
46200.0	3000.0	3075.310331198883	0.0	0	235.1266412368568	3275.3103311988743	1	0	1.0	2.0663471871770893
47529.39741177439	3000.0	2745.91291942449	0.0	0	0.0	3275.3103311988743	1	0	1.0	2.0663471871770893
48735.2254712872	3000.0	2540.08485991168	0.0	0	0.0	3275.3103311988743	1	0	1.0	2.0663471871770893
49597.21495186481	3000.0	2678.0953793340805	0.0	0	0.0	3275.3103311988816	1	0	1.0	2.0663471871770875
50974.67543665879	3000.0	2300.6348945401	0.0	0	0.0	3275.3103311988816	1	0	1.0	2.0663471871770875
51877.71967063481	3000.0	2397.5906605640785	0.0	0	0.0	3275.3103311988816	1	0	1.0	2.0663471871770875
52567.00510380962	3000.0	2708.305227389261	0.0	0	0.0	3275.3103311988816	1	0	1.0	2.0663471871770875
53524.03221357524	3000.0	2751.2781176236354	0.0	0	0.0	3275.310331198889	1	0	1.0	2.066347187177086
54312.18668955494	3000.0	2963.123641643931	0.0	0	0.0	3275.310331198889	1	0	1.0	2.066347187177086
55286.67236284241	3000.0	2988.637968356463	0.0	0	0.0	3275.310331198889	1	0	1.0	2.066347187177086
56645.553053596974	3000.0	2629.7572776019	0.0	0	0.0	3275.310331198889	1	0	1.0	2.066347187177086
57275.11966310217	3000.0	3000.190668096708	0.0	0	0.0	3275.310331198889	1	0	1.0	2.066347187177086
58200.0	3000.0	3075.3103311988693	0.0	0	104.37318356438482	3275.310331198889	1	0	1.0	2.066347187177086
59611.21652537722	3000.0	2664.093805821653	0.0	0	0.0	3275.310331198889	1	0	1.0	2.066347187177086
60557.19443312655	3000.0	2718.1158980723185	0.0	0	0.0	3275.310331198889	1	0	1.0	2.066347187177086
61649.52400301895	3000.0	2625.7863281799137	0.0	0	0.0	3275.310331198889	1	0	1.0	2.066347187177086
62955.90219993289	3000.0	2319.4081312659737	0.0	0	0.0	3275.310331198889	1	0	1.0	2.066347187177086
63995.31628563873	3000.0	2279.994045560135	0.0	0	0.0	3275.310331198889	1	0	1.0	2.066347187177086
64705.707109678944	3000.0	2569.603221519913	0.0	0	0.0	3275.310331198889	1	0	1.0	2.066347187177086
65228.175585216915	3000.0	3047.1347459819362	0.0	0	0.0	3275.310331198889	1	0	1.0	2.066347187177086
66200.0	3000.0	3075.31033119885	0.0	0	413.93809194759524	3275.310331198896	1	0	1.0	2.066347187177084
68047.69823152878	6000.0	2227.612099670082	0.0	0	0.0	3275.310331198896	1	0	1.0	2.066347187177084
69647.81327564108	3000.0	1627.4970555577804	0.0	0	0.0	3275.3103311989107	1	0	1.0	1.3732000066171361
70685.15769915236	3000.0	1590.1526320464914	0.0	0	0.0	3275.310331198896	1	0	1.0	2.0663471871770844
71566.58770460087	3000.0	1708.722626597992	0.0	0	0.0	3275.310331198896	1	0	1.0	2.0663471871770844
72094.66260094503	3000.0	2180.647730253827	0.0	0	0.0	3275.310331198896	1	0	1.0	2.0663471871770844
73251.1324313886	3000.0	2024.177899810251	0.0	0	0.0	3275.310331198896	1	0	1.0	2.0663471871770844
74168.56423617428	3000.0	2106.746095024574	0.0	0	0.0	3275.310331198896	1	0	1.0	2.0663471871770844
75127.16370486544	3000.0	2148.1466263334205	0.0	0	0.0	3275.310331198896	1	0	1.0	2.0663471871770844
76185.16316271083	3000.0	2090.147168488046	0.0	0	0.0	3275.3103311989107	1	0	1.0	2.0663471871770813
77357.25034708112	3000.0	1918.0599841177568	0.0	0	0.0	3275.3103311989107	1	0	1.0	2.0663471871770813
78350.42668542785	3000.0	1924.8836457710258	0.0	0	0.0	3275.3103311989107	1	0	1.0	2.0663471871770813
79798.82810137735	3000.0	1476.482229821523	0.0	0	0.0	3275.3103311989107	1	0	1.0	2.0663471871770813
80772.33031175834	2000.0	1502.9800194405263	0.0	0	0.0	3275.310331198896	1	0	1.0	1.255416970960755
81987.50331007261	3000.0	1287.8070211262504	0.0	0	0.0	3275.310331198896	1	0	1.0	1.6608820790689198
82486.5985931365	2000.0	1788.7117380623547	0.0	0	0.0	3275.3103311989107	1	0	1.0	1.2554169709607517
83113.79061678119	2000.0	2161.519714417659	0.0	0	0.0	3275.3103311989107	1	0	1.0	1.6608820790689163
84173.38781229184	3000.0	2101.922518907004	0.0	0	0.0	3275.3103311989107	1	0	1.0	1.6608820790689165
85166.16572750332	2000.0	2109.1446036955203	0.0	0	0.0	3275.3103311989107	1	0	1.0	1.2554169709607517
85737.26275523989	2000.0	2538.047575958943	0.0	0	0.0	3275.3103311989107	1	0	1.0	1.6608820790689163
86437.87353332964	3000.0	2837.4367978691926	0.0	0	0.0	3275.310331198896	1	0	1.0	1.6608820790689198
87200.0	3000.0	3075.3103311988084	0.0	0	103.38236969879654	3275.310331198896	1	0	1.0	2.0663471871770844
88200.0	3000.0	3075.310331198813	0.0	0	269.25190485343046	3275.310331198896	1	0	1.0	2.0663471871770844
89457.39409072246	6000.0	2817.916240476346	0.0	0	0.0	3275.310331198896	1	0	1.0	2.0663471871770844
91105.2329156287	6000.0	2170.077415570113	0.0	0	0.0	3275.310331198896	1	0	1.0	2.7594943677370294
92135.78348281668	3000.0	2139.526848382132	0.0	0	0.0	3275.3103311989107	1	0	1.0	1.3732000066171361
93187.0545358449	6000.0	2088.2557953539	0.0	0	0.0	3275.3103311989107	1	0	1.0	2.066347187177081
94008.06214872372	3000.0	2267.248182475074	0.0	0	0.0	3275.3103311989253	1	0	1.0	1.3732000066171328
94926.07942894832	3000.0	2349.230902250476	0.0	0	0.0	3275.3103311989253	1	0	1.0	2.0663471871770778
95918.83332868386	3000.0	2356.477002514932	0.0	0	0.0	3275.3103311989253	1	0	1.0	2.0663471871770778
96837.69101220246	3000.0	2437.619318996333	0.0	0	0.0	3275.3103311989253	1	0	1.0	2.0663471871770778
97848.21509146811	3000.0	2427.0952397306696	0.0	0	0.0	3275.3103311989253	1	0	1.0	2.0663471871770778
98633.6602372259	3000.0	2641.650093972879	0.0	0	0.0	3275.3103311989253	1	0	1.0	2.0663471871770778
99568.07188716072	3000.0	2707.2384440380506	0.0	0	0.0	3275.31033119894	1	0	1.0	2.066347187177074
100293.48632035633	3000.0	2981.8240108424593	0.0	0	0.0	3275.31033119894	1	0	1.0	2.066347187177074
101701.72614357556	3000.0	2573.5841876232384	0.0	0	0.0	3275.31033119894	1	0	1.0	2.066347187177074
103088.31845112273	3000.0	2186.991880076055	0.0	0	0.0	3275.3103311989253	1	0	1.0	2.0663471871770778
104609.74858438117	3000.0	1665.5617468175972	0.0	0	0.0	3275.3103311989253	1	0	1.0	2.0663471871770778
105381.55771268405	2000.0	1893.7526185147212	0.0	0	0.0	3275.3103311989253	1	0	1.0	1.2554169709607483
106129.76904849197	2000.0	2145.5412827067994	0.0	0	0.0	3275.3103311989107	1	0	1.0	1.6608820790689163
106774.81260433854	2000.0	2500.4977268602374	0.0	0	0.0	3275.3103311989107	1	0	1.0	1.6608820790689163
107778.7957813058	3000.0	2496.5145498929814	0.0	0	0.0	3275.3103311989107	1	0	1.0	1.6608820790689165
108577.46939003885	3000.0	2697.840941159925	0.0	0	0.0	3275.3103311989107	1	0	1.0	2.0663471871770813
109338.04646372324	3000.0	2937.263867475529	0.0	0	0.0	3275.3103311989107	1	0	1.0	2.0663471871770813
110226.2333513889	3000.0	3049.0769798098454	0.0	0	0.0	3275.310331198896	1	0	1.0	2.0663471871770844
111200.0	3000.0	3075.3103311987484	0.0	0	375.25777777489566	3275.310331198896	1	0	1.0	2.0663471871770844
112200.0	3000.0	3075.3103311987443	0.0	0	444.994518184787	3275.310331198896	1	0	1.0	2.0663471871770844
113464.7013935389	3000.0	2810.6089376598434	0.0	0	0.0	3275.310331198896	1	0	1.0	2.0663471871770844
114642.05784582497	3000.0	2633.2524853737705	0.0	0	0.0	3275.310331198896	1	0	1.0	2.0663471871770844
116312.62143745366	3000.0	1962.6888937450526	0.0	0	0.0	3275.310331198896	1	0	1.0	2.0663471871770844
117772.58936398744	3000.0	1502.72096721128	0.0	0	0.0	3275.3103311989107	1	0	1.0	2.0663471871770813
118670.18907876917	2000.0	1605.1212524295504	0.0	0	0.0	3275.3103311989107	1	0	1.0	1.2554169709607517
119502.75011821582	3000.0	1772.5602129829008	0.0	0	0.0	3275.3103311989107	1	0	1.0	1.6608820790689165
120146.79431386953	3000.0	2128.5160173291843	0.0	0	0.0	3275.3103311989107	1	0	1.0	2.0663471871770813
121160.86182883829	3000.0	2114.448502360432	0.0	0	0.0	3275.3103311989253	1	0	1.0	2.0663471871770778
121921.70323477927	3000.0	2353.6070964194496	0.0	0	0.0	3275.3103311989253	1	0	1.0	2.0663471871770778
122733.5554078506	3000.0	2541.754923348128	0.0	0	0.0	3275.3103311989253	1	0	1.0	2.0663471871770778
123418.44738282134	3000.0	2856.8629483773784	0.0	0	0.0	3275.3103311989107	1	0	1.0	2.0663471871770813
124761.75307397803	6000.0	2513.5572572206693	0.0	0	0.0	3275.3103311989107	1	0	1.0	2.066347187177081
125498.56553989984	3000.0	2776.744791298874	0.0	0	0.0	3275.3103311989253	1	0	1.0	1.3732000066171328
126650.18742612611	3000.0	2625.1229050725933	0.0	0	0.0	3275.31033119894	1	0	1.0	2.066347187177074
127694.35765865048	3000.0	2580.952672548239	0.0	0	0.0	3275.31033119894	1	0	1.0	2.066347187177074
128704.19907523802	3000.0	2571.111255960693	0.0	0	0.0	3275.31033119894	1	0	1.0	2.066347187177074
129511.82494011644	3000.0	2763.485391082275	0.0	0	0.0	3275.31033119894	1	0	1.0	2.066347187177074
130275.40237262433	3000.0	2999.9079585743757	0.0	0	0.0	3275.31033119894	1	0	1.0	2.066347187177074
131440.43841914917	3000.0	2834.8719120495316	0.0	0	0.0	3275.3103311989253	1	0	1.0	2.066347187177075
132200.0	3000.0	3075.3103311987265	0.0	0	32.56818957606447	3275.3103311989544	1	0	1.0	2.0663471871770738
133200.0	3000.0	3075.310331198733	0.0	0	76.81996297114529	3275.3103311989544	1	0	1.0	2.0663471871770684
134242.4838497717	3000.0	3032.8264814270565	0.0	0	0.0	3275.310331198969	1	0	1.0	2.0663471871770698
135200.0	3000.0	3075.3103311987325	0.0	0	185.55358888962655	3275.310331198969	1	0	1.0	2.066347187177068
136365.05194887967	3000.0	2910.258382319102	0.0	0	0.0	3275.310331198998	1	0	1.0	2.066347187177061
137217.18750177414	3000.0	3058.1228294246325	0.0	0	0.0	3275.310331198998	1	0	1.0	2.066347187177061
138200.0	3000.0	3075.3103311987575	0.0	0	80.2794062938774	3275.310331198998	1	0	1.0	2.066347187177061
139287.61042237355	3000.0	2987.699908825213	0.0	0	0.0	3275.310331198998	1	0	1.0	2.066347187177061
140318.61118194312	3000.0	2956.6991492556554	0.0	0	0.0	3275.310331198998	1	0	1.0	2.066347187177061
141200.0	3000.0	3075.310331198802	0.0	0	5.501635856897337	3275.310331198998	1	0	1.0	2.066347187177061
142348.49775943803	3000.0	2926.812571760782	0.0	0	0.0	3275.310331198998	1	0	1.0	2.066347187177061
143200.0	3000.0	3075.310331198817	0.0	0	71.99850351241184	3275.310331198998	1	0	1.0	2.066347187177061
144200.0	3000.0	3075.3103311988243	0.0	0	44.783413164608646	3275.310331198998	1	0	1.0	2.066347187177061
145200.0	3000.0	3075.310331198826	0.0	0	273.9950219508901	3275.310331198998	1	0	1.0	2.066347187177061
146304.95391029806	3000.0	2970.3564209007727	0.0	0	0.0	3275.310331198998	1	0	1.0	2.066347187177061
147538.24798792173	3000.0	2737.0623432770926	0.0	0	0.0	3275.310331198969	1	0	1.0	2.066347187177068
148686.88288758547	3000.0	2588.4274436133437	0.0	0	0.0	3275.310331198969	1	0	1.0	2.066347187177068
149409.84332546507	3000.0	2865.4670057337266	0.0	0	0.0	3275.310331198969	1	0	1.0	2.066347187177068
150492.68501454283	3000.0	2782.625316655944	0.0	0	0.0	3275.310331198969	1	0	1.0	2.066347187177068
151622.42887242947	3000.0	2652.881458769315	0.0	0	0.0	3275.31033119894	1	0	1.0	2.066347187177074
152741.9800681352	3000.0	2533.3302630635567	0.0	0	0.0	3275.3103311989107	1	0	1.0	2.0663471871770813
153452.27983116245	3000.0	2823.0305000363005	0.0	0	0.0	3275.3103311989107	1	0	1.0	2.0663471871770813
154394.72242002454	3000.0	2880.587911174183	0.0	0	0.0	3275.3103311988816	1	0	1.0	2.0663471871770875
155711.87703394773	3000.0	2563.4332972509733	0.0	0	0.0	3275.3103311989107	1	0	1.0	2.0663471871770813
156606.01837882295	3000.0	2669.291952375769	0.0	0	0.0	3275.31033119894	1	0	1.0	2.066347187177077
157815.73553741444	3000.0	2459.5747937842634	0.0	0	0.0	3275.31033119894	1	0	1.0	2.066347187177074
158987.66119684244	3000.0	2287.6491343562784	0.0	0	0.0	3275.31033119894	1	0	1.0	2.066347187177074
159727.06422178692	3000.0	2548.246109411783	0.0	0	0.0	3275.310331198969	1	0	1.0	2.066347187177068
160797.655849663	3000.0	2477.6544815356865	0.0	0	0.0	3275.31033119894	1	0	1.0	2.066347187177074
161980.30555595912	3000.0	2295.0047752395512	0.0	0	0.0	3275.31033119894	1	0	1.0	2.0663471871770733
162834.22225457002	3000.0	2441.0880766286605	0.0	0	0.0	3275.31033119894	1	0	1.0	2.066347187177074
163669.72692982396	3000.0	2605.583401374705	0.0	0	0.0	3275.3103311989107	1	0	1.0	2.0663471871770813
164825.7799262276	3000.0	2449.530404971019	0.0	0	0.0	3275.3103311988816	1	0	1.0	2.0663471871770875
165527.45786460786	3000.0	2747.852466590741	0.0	0	0.0	3275.3103311988816	1	0	1.0	2.0663471871770875
166533.47952391944	3000.0	2741.8308072791538	0.0	0	0.0	3275.3103311988816	1	0	1.0	2.0663471871770875
167320.8489825436	3000.0	2954.461348654999	0.0	0	0.0	3275.3103311989107	1	0	1.0	2.0663471871770813
168252.13578568885	3000.0	3023.17454550972	0.0	0	0.0	3275.3103311989107	1	0	1.0	2.0663471871770813
169200.0	3000.0	3075.3103311985824	0.0	0	181.4125736221613	3275.31033119894	1	0	1.0	2.066347187177074
170200.0	3000.0	3075.3103311985765	0.0	0	119.58010132788331	3275.31033119894	1	0	1.0	2.066347187177074
171200.0	3000.0	3075.310331198578	0.0	0	116.01630963978823	3275.31033119894	1	0	1.0	2.066347187177074
172200.0	3000.0	3075.310331198562	0.0	0	290.35779572598403	3275.31033119894	1	0	1.0	2.066347187177074
173268.39046384578	3000.0	3006.919867352811	0.0	0	0.0	3275.310331198969	1	0	1.0	2.066347187177068
174200.0	3000.0	3075.3103311986033	0.0	0	250.53367338696262	3275.310331198969	1	0	1.0	2.066347187177068
175200.0	3000.0	3075.3103311985865	0.0	0	321.16930558811873	3275.31033119894	1	0	1.0	2.066347187177074
176267.0106970909	3000.0	3008.299634107672	0.0	0	0.0	3275.31033119894	1	0	1.0	2.066347187177074
177267.10895758343	3000.0	3008.2013736151325	0.0	0	0.0	3275.31033119894	1	0	1.0	2.066347187177074
178200.0	3000.0	3075.310331198553	0.0	0	25.648227863101056	3275.310331198969	1	0	1.0	2.066347187177068
179203.28095650498	3000.0	3072.029374693565	0.0	0	0.0	3275.31033119894	1	0	1.0	2.066347187177074
180344.68986821594	3000.0	2930.6204629826134	0.0	0	0.0	3275.31033119894	1	0	1.0	2.066347187177074
181498.21164186962	3000.0	2777.0986893289178	0.0	0	0.0	3275.31033119894	1	0	1.0	2.066347187177074
182756.71763985875	3000.0	2518.592691339801	0.0	0	0.0	3275.31033119894	1	0	1.0	2.066347187177074
183720.3850436721	3000.0	2554.925287526479	0.0	0	0.0	3275.310331198969	1	0	1.0	2.066347187177069
184645.44160946048	3000.0	2629.868721738119	0.0	0	0.0	3275.310331198969	1	0	1.0	2.066347187177068
185748.08959143283	3000.0	2527.220739765778	0.0	0	0.0	3275.310331198969	1	0	1.0	2.066347187177068
186959.29024979117	3000.0	2316.0200814073896	0.0	0	0.0	3275.310331198969	1	0	1.0	2.066347187177068
188213.89077493458	3000.0	2061.419556264018	0.0	0	0.0	3275.310331198969	1	0	1.0	2.066347187177068
189366.33413733885	3000.0	1908.976193859697	0.0	0	0.0	3275.310331198998	1	0	1.0	2.066347187177061
190482.19240302008	3000.0	1793.1179281784844	0.0	0	0.0	3275.310331198998	1	0	1.0	2.066347187177061
191497.52783703533	3000.0	1777.7824941632205	0.0	0	0.0	3275.310331198998	1	0	1.0	2.066347187177061
192706.70888959107	3000.0	1568.6014416074843	0.0	0	0.0	3275.310331198998	1	0	1.0	2.066347187177061
193494.16635216333	3000.0	1781.1439790352363	0.0	0	0.0	3275.310331198998	1	0	1.0	2.066347187177061
194369.35708304815	3000.0	1905.9532481503925	0.0	0	0.0	3275.310331198998	1	0	1.0	2.066347187177061
195120.74160803124	3000.0	2154.568723167281	0.0	0	0.0	3275.310331198998	1	0	1.0	2.066347187177061
196203.4748225508	3000.0	2071.835508647731	0.0	0	0.0	3275.310331199027	1	0	1.0	2.0663471871770542
197252.98997330773	3000.0	2022.32035789082	0.0	0	0.0	3275.3103311990562	1	0	1.0	2.0663471871770476
198167.61757087475	3000.0	2107.692760323819	0.0	0	0.0	3275.3103311990562	1	0	1.0	2.0663471871770476
199857.55398274946	3000.0	1417.756348449077	0.0	0	0.0	3275.3103311990562	1	0	1.0	2.0663471871770476
200731.0962161051	3000.0	1544.214115093469	0.0	0	0.0	3275.3103311990562	1	0	1.0	2.0663471871770476
201524.36739234813	3000.0	1750.9429388504566	0.0	0	0.0	3275.3103311990562	1	0	1.0	2.0663471871770476
202366.93293052405	3000.0	1908.377400674545	0.0	0	0.0	3275.3103311990853	1	0	1.0	2.066347187177041
203159.15429528066	3000.0	2116.1560359179502	0.0	0	0.0	3275.3103311990562	1	0	1.0	2.0663471871770476
204171.27518999478	3000.0	2104.0351412038294	0.0	0	0.0	3275.3103311990562	1	0	1.0	2.0663471871770476
205573.31013320337	3000.0	1702.0001979952433	0.0	0	0.0	3275.3103311990562	1	0	1.0	2.0663471871770476
206644.8862495559	3000.0	1630.4240816426893	0.0	0	0.0	3275.310331199027	1	0	1.0	2.0663471871770502
207872.8857940759	3000.0	1402.424537122666	0.0	0	0.0	3275.310331199027	1	0	1.0	2.0663471871770542
208990.3548375317	3000.0	1284.9554936668762	0.0	0	0.0	3275.310331199027	1	0	1.0	2.0663471871770542
210097.39705012535	2000.0	1177.9132810732276	0.0	0	0.0	3275.310331199027	1	0	1.0	1.2554169709607248
211010.20779008899	2000.0	1265.1025411095811	0.0	0	0.0	3275.310331199027	1	0	1.0	1.6608820790688894
211993.09150286522	2000.0	1282.2188283333396	0.0	0	0.0	3275.310331199027	1	0	1.0	1.6608820790688894
212657.4899513204	2000.0	1617.8203798781442	0.0	0	0.0	3275.310331199027	1	0	1.0	1.6608820790688894
213476.00291449614	3000.0	1799.3074167023808	0.0	0	0.0	3275.310331199027	1	0	1.0	1.6608820790688896
214013.95430940136	3000.0	2261.356021797197	0.0	0	0.0	3275.310331199027	1	0	1.0	2.0663471871770542
214726.73569477705	3000.0	2548.574636421517	0.0	0	0.0	3275.3103311990562	1	0	1.0	2.0663471871770476
216063.39786730212	6000.0	2211.9124638964367	0.0	0	0.0	3275.3103311990562	1	0	1.0	2.066347187177047
217490.0237782962	3000.0	1785.2865529023447	0.0	0	0.0	3275.3103311990562	1	0	1.0	1.3732000066171026
218551.21223267034	3000.0	1724.0980985282063	0.0	0	0.0	3275.3103311990562	1	0	1.0	2.0663471871770476
219844.42068473645	3000.0	1430.889646462062	0.0	0	0.0	3275.3103311990562	1	0	1.0	2.0663471871770476
220592.4157104004	2000.0	1682.8946207981164	0.0	0	0.0	3275.3103311990562	1	0	1.0	1.2554169709607181
221617.96120144607	3000.0	1657.3491297524465	0.0	0	0.0	3275.310331199027	1	0	1.0	1.6608820790688856
222525.3549660438	3000.0	1749.9553651547271	0.0	0	0.0	3275.310331199027	1	0	1.0	2.0663471871770542
223246.74411660735	3000.0	2028.566214591169	0.0	0	0.0	3275.310331199027	1	0	1.0	2.0663471871770542
223899.83379247415	3000.0	2375.4765387243956	0.0	0	0.0	3275.310331199027	1	0	1.0	2.0663471871770542
224752.64844721716	3000.0	2522.661883981388	0.0	0	0.0	3275.310331198998	1	0	1.0	2.0663471871770582
225846.19146864107	3000.0	2429.118862557461	0.0	0	0.0	3275.310331198998	1	0	1.0	2.066347187177061
227192.8490678027	3000.0	2082.4612633958404	0.0	0	0.0	3275.310331198998	1	0	1.0	2.066347187177061
227945.3213286215	3000.0	2329.989002577029	0.0	0	0.0	3275.310331198969	1	0	1.0	2.066347187177068
229281.94108892992	3000.0	1993.3692422686113	0.0	0	0.0	3275.310331198969	1	0	1.0	2.066347187177068
229891.49111505644	2000.0	2383.819216142085	0.0	0	0.0	3275.31033119894	1	0	1.0	1.2554169709607448
230837.268302527	3000.0	2438.0420286715344	0.0	0	0.0	3275.310331198969	1	0	1.0	1.6608820790689032
231917.63132939386	3000.0	2357.679001804706	0.0	0	0.0	3275.310331198969	1	0	1.0	2.066347187177068
233150.0562873186	3000.0	2125.2540438799565	0.0	0	0.0	3275.310331198969	1	0	1.0	2.066347187177068
234526.10547173212	3000.0	1749.2048594664348	0.0	0	0.0	3275.31033119894	1	0	1.0	2.066347187177074
235389.827061911	3000.0	1885.4832692875125	0.0	0	0.0	3275.31033119894	1	0	1.0	2.066347187177074
235850.65617040303	3000.0	2424.6541607954778	0.0	0	0.0	3275.31033119894	1	0	1.0	2.066347187177074
236629.65786946905	3000.0	2645.6524617294335	0.0	0	0.0	3275.31033119894	1	0	1.0	2.066347187177074
237445.59241228428	3000.0	2829.717918914201	0.0	0	0.0	3275.31033119894	1	0	1.0	2.066347187177074
238291.63622330257	6000.0	2983.674107895896	0.0	0	0.0	3275.31033119894	1	0	1.0	2.066347187177074
240273.59442727224	6000.0	2001.7159039262103	0.0	0	0.0	3275.3103311989107	1	0	1.0	2.759494367737026
241703.08820225653	6000.0	1572.222128941911	0.0	0	0.0	3275.3103311989107	1	0	1.0	2.759494367737026
243065.2917431415	6000.0	1210.0185880569645	0.0	0	0.0	3275.3103311989107	1	0	1.0	2.759494367737026
244268.8534764496	3000.0	1006.456854748866	0.0	0	0.0	3275.31033119894	1	0	1.0	1.3732000066171295
245195.4714731661	3000.0	1079.8388580323865	0.0	0	0.0	3275.3103311989107	1	0	1.0	2.0663471871770813
245826.343352118	3000.0	1448.9669790805085	0.0	0	0.0	3275.3103311989107	1	0	1.0	2.0663471871770813
246496.10428228352	3000.0	1779.206048914984	0.0	0	0.0	3275.3103311988525	1	0	1.0	2.06634718717709
247461.53699750907	3000.0	1813.773333689421	0.0	0	0.0	3275.3103311988816	1	0	1.0	2.066347187177093
248253.0163563716	3000.0	2022.2939748268766	0.0	0	0.0	3275.3103311988816	1	0	1.0	2.0663471871770875
249058.47687553053	3000.0	2216.83345566796	0.0	0	0.0	3275.3103311989107	1	0	1.0	2.0663471871770813
250309.7887456925	3000.0	1965.5215855059907	0.0	0	0.0	3275.3103311989107	1	0	1.0	2.0663471871770813
252248.9745568372	3000.0	1026.3357743612773	0.0	0	0.0	3275.3103311989107	1	0	1.0	2.0663471871770813
253399.06732573407	2000.0	876.2430054644267	0.0	0	0.0	3275.31033119894	1	0	1.0	1.2554169709607448
254454.38911675333	2000.0	820.9212144451526	0.0	0	0.0	3275.31033119894	1	0	1.0	1.6608820790689094
255172.659771294	2000.0	1102.650559904475	0.0	0	0.0	3275.31033119894	1	0	1.0	1.6608820790689094
255788.26324058103	2000.0	1487.0470906174523	0.0	0	0.0	3275.31033119894	1	0	1.0	1.6608820790689094
256352.4781224425	2000.0	1922.8322087559673	0.0	0	0.0	3275.3103311989107	1	0	1.0	1.6608820790689163
257303.35053314044	2000.0	1971.9597980580381	0.0	0	0.0	3275.3103311989107	1	0	1.0	1.6608820790689163
258101.75250075356	3000.0	2173.557830444896	0.0	0	0.0	3275.3103311988816	1	0	1.0	1.6608820790689232
258768.54475857312	3000.0	2506.7655726253447	0.0	0	0.0	3275.3103311988816	1	0	1.0	2.0663471871770875
259467.7051976295	3000.0	2807.6051335689635	0.0	0	0.0	3275.3103311988816	1	0	1.0	2.0663471871770875
260200.0	3000.0	3075.3103311984523	0.0	0	102.312401044328	3275.3103311988816	1	0	1.0	2.0663471871770875
261200.0	3000.0	3075.31033119846	0.0	0	302.121063497063	3275.3103311989107	1	0	1.0	2.0663471871770813
262337.97216721514	3000.0	2937.338163983346	0.0	0	0.0	3275.3103311989107	1	0	1.0	2.0663471871770813
263629.64279246295	3000.0	2645.6675387355176	0.0	0	0.0	3275.3103311988525	1	0	1.0	2.0663471871770867
265595.68082545826	3000.0	1679.6295057402158	0.0	0	0.0	3275.3103311988525	1	0	1.0	2.066347187177092
266593.8318454964	2000.0	1681.478485702144	0.0	0	0.0	3275.3103311988525	1	0	1.0	1.2554169709607654
267588.18967488286	2000.0	1687.1206563156034	0.0	0	0.0	3275.3103311987943	1	0	1.0	1.660882079068938
268434.22281735565	3000.0	1841.0875138428225	0.0	0	0.0	3275.3103311987943	1	0	1.0	1.6608820790689434
269216.15808961424	3000.0	2059.152241584234	0.0	0	0.0	3275.3103311988525	1	0	1.0	2.0663471871770946
269936.7226425348	3000.0	2338.5876886635942	0.0	0	0.0	3275.3103311988525	1	0	1.0	2.0663471871770946
270840.6411174874	3000.0	2434.669213711071	0.0	0	0.0	3275.3103311988525	1	0	1.0	2.0663471871770946
271499.0946740801	3000.0	2776.215657118456	0.0	0	0.0	3275.3103311989107	1	0	1.0	2.0663471871770867
272200.0	3000.0	3075.3103311985233	0.0	0	197.37547305301996	3275.3103311989107	1	0	1.0	2.0663471871770813
273323.5353866419	6000.0	2951.774944556607	0.0	0	0.0	3275.310331198969	1	0	1.0	2.0663471871770676
275663.8068032522	6000.0	1611.5035279463364	0.0	0	0.0	3275.310331198969	1	0	1.0	2.759494367737018
276709.6712743204	3000.0	1565.6390568781271	0.0	0	0.0	3275.310331198969	1	0	1.0	1.3732000066171228
277420.2458774946	3000.0	1855.0644537038356	0.0	0	0.0	3275.310331198969	1	0	1.0	2.0663471871770787
278571.9588293848	3000.0	1703.35150181361	0.0	0	0.0	3275.3103311990853	1	0	1.0	2.066347187177049
279603.36387641326	3000.0	1671.9464547851326	0.0	0	0.0	3275.310331199027	1	0	1.0	2.066347187177049
280516.34156170906	3000.0	1758.9687694892996	0.0	0	0.0	3275.310331199027	1	0	1.0	2.0663471871770542
281375.14410360396	3000.0	1900.1662275943743	0.0	0	0.0	3275.310331198969	1	0	1.0	2.066347187177057
282332.8252605776	3000.0	1942.4850706206962	0.0	0	0.0	3275.310331198969	1	0	1.0	2.066347187177068
283219.91627349897	3000.0	2055.394057699317	0.0	0	0.0	3275.310331198969	1	0	1.0	2.066347187177068
284118.4075858654	3000.0	2156.902745332881	0.0	0	0.0	3275.310331199027	1	0	1.0	2.0663471871770542
285006.7826509034	3000.0	2268.527680294871	0.0	0	0.0	3275.3103311990853	1	0	1.0	2.066347187177041
285995.1266149232	3000.0	2280.1837162750435	0.0	0	0.0	3275.3103311990853	1	0	1.0	2.066347187177041
286856.72962609696	3000.0	2418.5807051012184	0.0	0	0.0	3275.3103311991435	1	0	1.0	2.066347187177027
287799.74324955756	3000.0	2475.567081640656	0.0	0	0.0	3275.3103311991435	1	0	1.0	2.066347187177027
288651.70887081214	3000.0	2623.6014603861054	0.0	0	0.0	3275.3103311992018	1	0	1.0	2.066347187177014
289544.0602498614	3000.0	2731.250081336803	0.0	0	0.0	3275.3103311992018	1	0	1.0	2.066347187177014
290438.1869416027	3000.0	2837.123389595444	0.0	0	0.0	3275.3103311992018	1	0	1.0	2.066347187177014
291749.25629895314	3000.0	2526.054032244952	0.0	0	0.0	3275.3103311992018	1	0	1.0	2.066347187177014
292853.9738499415	3000.0	2421.336481256566	0.0	0	0.0	3275.3103311991435	1	0	1.0	2.0663471871770245
293811.089822948	3000.0	2464.2205082501487	0.0	0	0.0	3275.3103311992018	1	0	1.0	2.0663471871770165
294700.4109985771	3000.0	2574.899332621023	0.0	0	0.0	3275.3103311991435	1	0	1.0	2.066347187177027
295730.7612284666	3000.0	2544.549102731581	0.0	0	0.0	3275.3103311991435	1	0	1.0	2.066347187177027
296925.37715377804	3000.0	2349.9331774201423	0.0	0	0.0	3275.3103311991435	1	0	1.0	2.066347187177027
297972.6202497043	3000.0	2302.6900814938917	0.0	0	0.0	3275.3103311991435	1	0	1.0	2.066347187177027
299109.69091529195	3000.0	2165.619415906197	0.0	0	0.0	3275.3103311991435	1	0	1.0	2.066347187177027
299898.10898088943	3000.0	2377.201350308762	0.0	0	0.0	3275.3103311991435	1	0	1.0	2.066347187177027
300857.12926026917	3000.0	2418.181070928999	0.0	0	0.0	3275.3103311990853	1	0	1.0	2.066347187177041
301848.17103245243	3000.0	2427.1392987457816	0.0	0	0.0	3275.3103311991435	1	0	1.0	2.066347187177027
303102.76972513326	3000.0	2172.5406060649584	0.0	0	0.0	3275.3103311991435	1	0	1.0	2.066347187177027
3.2408	3.2108	2.9748	3.0028	3.1848	3.3628	3.4688	2.9568	3.0208	3.2168	3.2988	3.3428	3.3288	3.1228	3.2688	3.5288	3.4288	3.0668	3.3128	3.5907999999999998	3.8288	3.4388	3.1288	3.0188	3.1108	3.3688	3.5808	3.2108	3.1828	3.4408	3.3728	3.2508	2.8708	3.1248	3.0808	3.1368	3.3088	3.1828	3.1528	3.41	3.78	4.56	2.09	3.13	3.76	1.85	2.44	3.7	4.39	3.26	2.48	2.72	3.78	3.04	2.85	2.56	2.29	2.57	2.66	3.85	4.97	5.33	3.92	2.11	2.44	2.65	3.03	4.45	2.97	3.51	4.32	1.91	2.15	3.27	3.08	1.95	2.97	3.22	3.02	2.61	2.7	3.87	5.1	4.92	5.71	4.95	2.95	3.83	4.85	4.4	2.7	4.01	3.79	3.73	3.24	3.56	2.75	2.19	1.84	2.29	2.35	3.22	3.26	2.8	3.26	4.11	4.18	4.23	2.84	2.59	2.03	2.21	1.91	2.53	3.67	4.74	3.37	4.04	5.33	4.95	3.105586206896552	3.1835862068965524	3.1675862068965523	3.3735862068965523	3.387586206896552	3.0175862068965524	3.2915862068965525	3.2235862068965524	3.2775862068965522	3.0455862068965525	3.1595862068965523	3.1875862068965524	3.3495862068965523	3.5835862068965523	3.205586206896552	3.121586206896552	3.2275862068965524	3.0135862068965524	3.0315862068965522	3.177586206896552	3.1595862068965523	3.213586206896552	3.3055862068965522	3.269586206896552	3.1595862068965523	3.2835862068965525	3.557586206896552	3.3655862068965523	3.0635862068965523	3.1188	3.2408	3.2108	2.9748	3.0028	3.1848	3.3628	3.4688	2.9568	3.0208	3.2168	3.2988	3.3428	3.3288	3.1228	3.2688	3.5288	3.4288	3.0668	3.3128	3.5907999999999998	3.8288	3.4388	3.1288	3.0188	3.1108	3.3688	3.5808	3.2108	3.1828	3.4408	3.3728	3.2508	2.8708	3.1248	3.0808	3.1368	3.3088	3.1828	3.1528	3.41	3.78	4.56	2.09	3.13	3.76	1.85	2.44	3.7	4.39	3.26	2.48	2.72	3.78	3.04	2.85	2.56	2.29	2.57	2.66	3.85	4.97	5.33	3.92	2.11	2.44	2.65	3.03	4.45	2.97	3.51	4.32	1.91	2.15	3.27	3.08	1.95	2.97	3.22	3.02	2.61	2.7	3.87	5.1	4.92	5.71	4.95	2.95	3.83	4.85	4.4	2.7	4.01	3.79	3.73	3.24	3.56	2.75	2.19	1.84	2.29	2.35	3.22	3.26	2.8	3.26	4.11	4.18	4.23	2.84	2.59	2.03	2.21	1.91	2.53	3.67	4.74	3.37	4.04	5.33	4.95	3.105586206896552	3.1835862068965524	3.1675862068965523	3.3735862068965523	3.387586206896552	3.0175862068965524	3.2915862068965525	3.2235862068965524	3.2775862068965522	3.0455862068965525	3.1595862068965523	3.1875862068965524	3.3495862068965523	3.5835862068965523	3.205586206896552	3.121586206896552	3.2275862068965524	3.0135862068965524	3.0315862068965522	3.177586206896552	3.1595862068965523	3.213586206896552	3.3055862068965522	3.269586206896552	3.1595862068965523	3.2835862068965525	3.557586206896552	3.3655862068965523	3.0635862068965523	3.1188	3.2408	3.2108	2.9748
1.0	2.0	3.0	4.0	5.0	6.0	7.0	8.0	9.0	10.0	11.0	12.0	13.0	14.0	15.0	16.0	17.0	18.0	19.0	20.0	21.0	22.0	23.0	24.0	25.0	26.0	27.0	28.0	29.0	30.0	31.0	32.0	33.0	34.0	35.0	36.0	37.0	38.0	39.0	40.0	41.0	42.0	43.0	44.0	45.0	46.0	47.0	48.0	49.0	50.0	51.0	52.0	53.0	54.0	55.0	56.0	57.0	58.0	59.0	60.0	61.0	62.0	63.0	64.0	65.0	66.0	67.0	68.0	69.0	70.0	71.0	72.0	73.0	74.0	75.0	76.0	77.0	78.0	79.0	80.0	81.0	82.0	83.0	84.0	85.0	86.0	87.0	88.0	89.0	90.0	91.0	92.0	93.0	94.0	95.0	96.0	97.0	98.0	99.0	100.0	101.0	102.0	103.0	104.0	105.0	106.0	107.0	108.0	109.0	110.0	111.0	112.0	113.0	114.0	115.0	116.0	117.0	118.0	119.0	120.0	121.0	122.0	123.0	124.0	125.0	126.0	127.0	128.0	129.0	130.0	131.0	132.0	133.0	134.0	135.0	136.0	137.0	138.0	139.0	140.0	141.0	142.0	143.0	144.0	145.0	146.0	147.0	148.0	149.0	149.0	150.0	151.0	152.0	153.0	154.0	155.0	156.0	157.0	158.0	159.0	160.0	161.0	162.0	163.0	164.0	165.0	166.0	167.0	168.0	169.0	170.0	171.0	172.0	173.0	174.0	175.0	176.0	177.0	178.0	179.0	180.0	181.0	182.0	183.0	184.0	185.0	186.0	187.0	188.0	189.0	190.0	191.0	192.0	193.0	194.0	195.0	196.0	197.0	198.0	199.0	200.0	201.0	202.0	203.0	204.0	205.0	206.0	207.0	208.0	209.0	210.0	211.0	212.0	213.0	214.0	215.0	216.0	217.0	218.0	219.0	220.0	221.0	222.0	223.0	224.0	225.0	226.0	227.0	228.0	229.0	230.0	231.0	232.0	233.0	234.0	235.0	236.0	237.0	238.0	239.0	240.0	241.0	242.0	243.0	244.0	245.0	246.0	247.0	248.0	249.0	250.0	251.0	252.0	253.0	254.0	255.0	256.0	257.0	258.0	259.0	260.0	261.0	262.0	263.0	264.0	265.0	266.0	267.0	268.0	269.0	270.0	271.0	272.0	273.0	274.0	275.0	276.0	277.0	278.0	279.0	280.0	281.0	282.0	283.0	284.0	285.0	286.0	287.0	288.0	289.0	290.0	291.0	292.0	293.0	294.0	295.0	296.0	297.0	298.0	298.0	299.0	300.0	301.0
4339.842173508573
