5712.94914156428	500.0	2000.0	267.1560176567991	0	0.0	3712.9491415642797	1	0	1.0	-7.9401804966544205
6538.95051071281	2000.0	2173.99863085147	0.0	0	0.0	3712.949141564279	1	0	1.0	0.151911730190248
7518.678283276055	2000.0	2194.270858288225	0.0	0	0.0	3712.9491415642797	1	0	1.0	1.5382060913101387
8085.755453202054	2000.0	2627.193688362226	0.0	0	0.0	3712.9491415642797	1	0	1.0	1.5382060913101387
9949.091505375422	3000.0	1763.8576361888584	0.0	0	0.0	3712.9491415642797	1	0	1.0	1.538206091310139
10919.69579280453	2000.0	1793.2533487597495	0.0	0	0.0	3712.949141564278	1	0	1.0	1.1327409832019746
11820.714790139078	2000.0	1892.2343514252013	0.0	0	0.0	3712.949141564277	1	0	1.0	1.5382060913101392
12842.548805694638	2000.0	1870.4003358696402	0.0	0	0.0	3712.9491415642733	1	0	1.0	1.538206091310141
13901.212952837754	2000.0	1811.7361887265263	0.0	0	0.0	3712.9491415642733	1	0	1.0	1.538206091310141
14812.281625103797	2000.0	1900.6675164604808	0.0	0	0.0	3712.9491415642715	1	0	1.0	1.5382060913101414
15637.771446601657	2000.0	2075.1776949626196	0.0	0	0.0	3712.9491415642733	1	0	1.0	1.538206091310141
16495.709856012185	2000.0	2217.23928555209	0.0	0	0.0	3712.9491415642715	1	0	1.0	1.538206091310141
17175.712353029317	2000.0	2537.236788534956	0.0	0	0.0	3712.9491415642697	1	0	1.0	1.5382060913101414
18282.21514489032	2000.0	2430.733996673952	0.0	0	0.0	3712.949141564268	1	0	1.0	1.5382060913101425
19357.241605692536	2000.0	2355.707535871736	0.0	0	0.0	3712.949141564266	1	0	1.0	1.5382060913101432
20139.622899634436	2000.0	2573.3262419298408	0.0	0	0.0	3712.9491415642697	1	0	1.0	1.5382060913101419
21084.912544851966	2000.0	2628.0365967123134	0.0	0	0.0	3712.9491415642733	1	0	1.0	1.538206091310141
21957.455479934313	2000.0	2755.4936616299647	0.0	0	0.0	3712.9491415642697	1	0	1.0	1.5382060913101419
22688.3396444138	2000.0	3024.6094971504754	0.0	0	0.0	3712.949141564266	1	0	1.0	1.5382060913101432
23808.456989132374	3000.0	2904.492152431906	0.0	0	0.0	3712.949141564266	1	0	1.0	1.5382060913101432
25658.880351815347	2000.0	2054.068789748935	0.0	0	0.0	3712.9491415642624	1	0	1.0	1.1327409832019795
26695.721087900918	2000.0	2017.2280536633612	0.0	0	0.0	3712.9491415642624	1	0	1.0	1.538206091310144
28023.461157929367	2000.0	1689.4879836349119	0.0	0	0.0	3712.9491415642624	1	0	1.0	1.538206091310144
29245.970864205443	2000.0	1466.9782773588386	0.0	0	0.0	3712.9491415642624	1	0	1.0	1.538206091310144
30438.60064082687	2000.0	1274.3485007374156	0.0	0	0.0	3712.9491415642624	1	0	1.0	1.538206091310144
31213.131745163002	2000.0	1499.8173964012842	0.0	0	0.0	3712.9491415642624	1	0	1.0	1.538206091310144
32856.93461560466	2000.0	856.0145259596281	0.0	0	0.0	3712.9491415642624	1	0	1.0	1.538206091310144
34015.55531232092	2000.0	697.393829243377	0.0	0	0.0	3712.9491415642697	1	0	1.0	1.5382060913101432
35063.84315470557	2000.0	649.1059868587173	0.0	0	0.0	3712.949141564266	1	0	1.0	1.5382060913101432
36177.78929274037	2000.0	535.159848823924	0.0	0	0.0	3712.9491415642697	1	0	1.0	1.5382060913101419
37487.74544955285	2000.0	276.3386104248392	51.13491841339243	0	0.0	3764.084059977664	1	0	1.0	1.2139158871021936
38365.231800465124	2000.0	581.7438224856924	182.89156297313065	0	0.0	3946.975622950791	1	0	1.0	0.3546725343450943
39184.81327481702	2000.0	762.162348133803	0.0	0	0.0	3946.975622950791	1	0	1.0	1.4520219121838782
39969.57432760464	2000.0	977.4012953461801	0.0	0	0.0	3946.975622950791	1	0	1.0	1.4520219121838782
40836.81654963209	2000.0	1110.159073318734	0.0	0	0.0	3946.975622950791	1	0	1.0	1.4520219121838782
41521.5493395402	2000.0	1425.4262834106194	0.0	0	0.0	3946.975622950791	1	0	1.0	1.4520219121838782
42014.02960607816	2000.0	1932.9460168726685	0.0	0	0.0	3946.975622950791	1	0	1.0	1.4520219121838782
43258.75189326122	3000.0	1688.2237296896142	0.0	0	0.0	3946.975622950791	1	0	1.0	1.4520219121838784
44476.612383833315	3000.0	1470.363239117522	0.0	0	0.0	3946.9756229507984	1	0	1.0	1.85748702029204
45644.4923909455	2000.0	1302.4832320053345	0.0	0	0.0	3946.9756229507984	1	0	1.0	1.0465568040757105
46631.73069007343	2000.0	1315.244932877404	0.0	0	0.0	3946.9756229507984	1	0	1.0	1.452021912183875
47429.127049952345	2000.0	1517.8485729984911	0.0	0	0.0	3946.9756229507984	1	0	1.0	1.452021912183875
48355.28411068683	2000.0	1591.6915122640037	0.0	0	0.0	3946.9756229507984	1	0	1.0	1.452021912183875
49250.231410791384	2000.0	1696.7442121594454	0.0	0	0.0	3946.9756229507984	1	0	1.0	1.452021912183875
50194.86525910246	2000.0	1752.1103638483685	0.0	0	0.0	3946.9756229508057	1	0	1.0	1.4520219121838722
51585.14734498914	2000.0	1361.8282779616898	0.0	0	0.0	3946.9756229508057	1	0	1.0	1.4520219121838722
52924.92654060134	2000.0	1022.0490823494991	0.0	0	0.0	3946.9756229508057	1	0	1.0	1.4520219121838722
53691.03364451404	2000.0	1255.9419784367947	0.0	0	0.0	3946.9756229508057	1	0	1.0	1.4520219121838722
54315.80548084691	2000.0	1631.170142103928	0.0	0	0.0	3946.9756229508057	1	0	1.0	1.4520219121838722
55065.08700857511	2000.0	1881.8886143757259	0.0	0	0.0	3946.9756229508057	1	0	1.0	1.4520219121838722
55832.39140184459	2000.0	2114.584221106252	0.0	0	0.0	3946.975622950813	1	0	1.0	1.4520219121838696
56696.07434811735	2000.0	2250.9012748334953	0.0	0	0.0	3946.975622950813	1	0	1.0	1.4520219121838696
57960.171992220094	2000.0	1986.8036307307548	0.0	0	0.0	3946.975622950813	1	0	1.0	1.4520219121838696
59308.47046386974	2000.0	1638.5051590811127	0.0	0	0.0	3946.975622950813	1	0	1.0	1.4520219121838696
60673.74973799674	2000.0	1273.2258849541097	0.0	0	0.0	3946.9756229508203	1	0	1.0	1.4520219121838662
61531.82683628378	2000.0	1415.1487866670725	0.0	0	0.0	3946.9756229508203	1	0	1.0	1.4520219121838662
62435.94865958563	2000.0	1511.0269633652188	0.0	0	0.0	3946.9756229508203	1	0	1.0	1.4520219121838662
63678.06700643618	2000.0	1268.9086165146718	0.0	0	0.0	3946.9756229508203	1	0	1.0	1.4520219121838662
65392.31697036101	2000.0	554.6586525898383	0.0	0	0.0	3946.9756229508203	1	0	1.0	1.4520219121838662
67149.06852074583	2000.0	200.0	402.09289779497624	0	0.0	4349.068520745801	1	0	1.0	-1.0432298113172795
67367.75491027764	300.0	981.3136104681947	0.0	0	0.0	2349.068520745808	1	0	1.0	-7.988468349372824
68327.25351612837	2000.0	1021.8150046174519	0.0	0	0.0	2349.068520745801	1	0	1.0	-0.09134836448694206
69051.4776219524	2000.0	1297.5908987933985	0.0	0	0.0	2349.068520745801	1	0	1.0	1.8057716203989391
69809.1323062943	2000.0	1539.9362144515146	0.0	0	0.0	2349.068520745801	1	0	1.0	1.8057716203989391
71118.9416657761	3000.0	1230.1268549697118	0.0	0	0.0	2349.068520745801	1	0	1.0	1.8057716203989393
71960.59072728947	2000.0	1388.4777934563426	0.0	0	0.0	2349.068520745801	1	0	1.0	1.4003065122907745
72868.82060043068	2000.0	1480.247920315129	0.0	0	0.0	2349.068520745801	1	0	1.0	1.8057716203989391
73801.58997501865	2000.0	1547.4785457271605	0.0	0	0.0	2349.068520745801	1	0	1.0	1.8057716203989391
75391.6324896692	2000.0	957.4360310766231	0.0	0	0.0	2349.0685207457864	1	0	1.0	1.8057716203989405
76695.43368118294	2000.0	653.6348395628612	0.0	0	0.0	2349.0685207457864	1	0	1.0	1.8057716203989405
77727.77991657969	2000.0	621.2886041661133	0.0	0	0.0	2349.0685207457864	1	0	1.0	1.8057716203989405
78625.54461197638	2000.0	723.5239087694254	0.0	0	0.0	2349.068520745801	1	0	1.0	1.8057716203989391
79559.53888118295	2000.0	789.5296395628621	0.0	0	0.0	2349.0685207458155	1	0	1.0	1.8057716203989376
80585.06837084441	2000.0	764.0001499014163	0.0	0	0.0	2349.06852074583	1	0	1.0	1.8057716203989362
81338.06749272266	2000.0	1011.0010280231634	0.0	0	0.0	2349.0685207458446	1	0	1.0	1.805771620398935
82395.49818823945	2000.0	953.5703325063616	0.0	0	0.0	2349.06852074583	1	0	1.0	1.8057716203989362
83246.37696601007	2000.0	1102.6915547357482	0.0	0	0.0	2349.06852074583	1	0	1.0	1.8057716203989362
84133.75077280229	2000.0	1215.317747943513	0.0	0	0.0	2349.06852074583	1	0	1.0	1.8057716203989362
85259.07996389607	2000.0	1089.9885568497266	0.0	0	0.0	2349.0685207458155	1	0	1.0	1.8057716203989376
85983.5354289981	2000.0	1365.5330917476924	0.0	0	0.0	2349.068520745801	1	0	1.0	1.8057716203989391
86656.72111785064	2000.0	1692.347402895149	0.0	0	0.0	2349.068520745801	1	0	1.0	1.8057716203989391
87619.39880809166	2000.0	1729.6697126541376	0.0	0	0.0	2349.068520745801	1	0	1.0	1.8057716203989391
88831.46035334891	2000.0	1517.6081673968822	0.0	0	0.0	2349.0685207458155	1	0	1.0	1.805771620398938
90115.38077881864	2000.0	1233.6877419271434	0.0	0	0.0	2349.068520745801	1	0	1.0	1.8057716203989391
90948.36875798495	2000.0	1400.6997627608291	0.0	0	0.0	2349.068520745801	1	0	1.0	1.8057716203989391
91694.31793949327	2000.0	1654.750581252521	0.0	0	0.0	2349.0685207458155	1	0	1.0	1.8057716203989376
92468.83640834727	2000.0	1880.2321123985257	0.0	0	0.0	2349.0685207458155	1	0	1.0	1.8057716203989376
93353.92452756802	2000.0	1995.1439931777786	0.0	0	0.0	2349.0685207458155	1	0	1.0	1.8057716203989376
94465.23487468994	2000.0	1883.8336460558432	0.0	0	0.0	2349.0685207458155	1	0	1.0	1.8057716203989376
96897.64918119133	3000.0	451.41933955445035	0.0	0	0.0	2349.068520745801	1	0	1.0	1.8057716203989393
98339.52841186762	2000.0	346.9051224561226	337.3650135779724	0	0.0	2686.4335343237617	1	0	1.0	-0.6630795152918867
99184.52122212069	1000.0	566.274855894248	64.36254369119376	0	0.0	2750.7960780149588	1	0	1.0	-0.014881161052256953
99800.17208237182	1000.0	950.62399564312	0.0	0	0.0	2750.7960780149588	1	0	1.0	1.0644412816548507
100550.82171370643	2000.0	1199.9743643085126	0.0	0	0.0	2750.7960780149588	1	0	1.0	1.0644412816548505
101297.47077154709	2000.0	1453.3253064678668	0.0	0	0.0	2750.7960780149733	1	0	1.0	1.7575884622147937
102746.70740770931	2000.0	1004.0886703056549	0.0	0	0.0	2750.796078014988	1	0	1.0	1.7575884622147917
103878.70499164857	2000.0	872.0910863664	0.0	0	0.0	2750.7960780150024	1	0	1.0	1.7575884622147895
105015.90710089167	2000.0	734.8889771232965	0.0	0	0.0	2750.7960780150024	1	0	1.0	1.7575884622147895
106224.00865500112	2000.0	526.7874230138299	0.0	0	0.0	2750.7960780150024	1	0	1.0	1.7575884622147895
107213.2787279151	2000.0	537.5173500998549	0.0	0	0.0	2750.7960780150024	1	0	1.0	1.7575884622147895
107820.6661843587	2000.0	930.1298936562384	0.0	0	0.0	2750.7960780150024	1	0	1.0	1.7575884622147895
108412.96959361924	2000.0	1337.826484395692	0.0	0	0.0	2750.7960780150024	1	0	1.0	1.7575884622147895
109277.20941420736	3000.0	1473.5866638075693	0.0	0	0.0	2750.7960780150024	1	0	1.0	1.7575884622147897
110142.66429530793	3000.0	1608.1317827070038	0.0	0	0.0	2750.7960780150024	1	0	1.0	2.1630535703229543
111343.04323976781	3000.0	1407.7528382471237	0.0	0	0.0	2750.7960780150024	1	0	1.0	2.1630535703229543
112269.2096657161	3000.0	1481.586412298837	0.0	0	0.0	2750.7960780150024	1	0	1.0	2.1630535703229543
113385.64241682479	2000.0	1365.153661190161	0.0	0	0.0	2750.796078014988	1	0	1.0	1.352123354106627
114196.39992591525	2000.0	1554.3961520997052	0.0	0	0.0	2750.796078014988	1	0	1.0	1.7575884622147917
114674.82691769194	2000.0	2075.969160323022	0.0	0	0.0	2750.796078014988	1	0	1.0	1.7575884622147917
115338.0253826534	2000.0	2412.770695361552	0.0	0	0.0	2750.796078014988	1	0	1.0	1.7575884622147917
116283.49195170801	3000.0	2467.3041263069626	0.0	0	0.0	2750.796078014988	1	0	1.0	1.757588462214792
117817.66359528582	3000.0	1933.1324827291558	0.0	0	0.0	2750.796078014988	1	0	1.0	2.1630535703229565
119315.26310530178	3000.0	1435.53297271319	0.0	0	0.0	2750.796078014988	1	0	1.0	2.1630535703229565
120381.48587266392	2000.0	1369.3102053510574	0.0	0	0.0	2750.796078014988	1	0	1.0	1.352123354106627
121348.24759065162	3000.0	1402.548487363363	0.0	0	0.0	2750.7960780149733	1	0	1.0	1.7575884622147937
121938.07087422634	3000.0	1812.7252037886474	0.0	0	0.0	2750.7960780149733	1	0	1.0	2.1630535703229583
122600.9337962872	3000.0	2149.8622817277833	0.0	0	0.0	2750.7960780149733	1	0	1.0	2.1630535703229583
123200.0	3000.0	2550.796078014975	0.0	0	166.18572795657383	2750.7960780149588	1	0	1.0	2.1630535703229605
125802.47960472241	6000.0	948.3164732925648	0.0	0	0.0	2750.7960780149588	1	0	1.0	2.163053570322961
127322.44212511096	3000.0	428.3539529040145	0.0	0	0.0	2750.7960780149733	1	0	1.0	1.4699063897630134
128257.00664005519	2000.0	514.2437662067479	20.454328246947455	0	0.0	2771.2504062619264	1	0	1.0	1.2264272249982606
129282.35498044643	2000.0	504.32859884676003	15.43317303125798	0	0.0	2786.6835792931815	1	0	1.0	1.6597407749428779
129948.3378744276	2000.0	838.3457048655921	0.0	0	0.0	2786.683579293196	1	0	1.0	1.7523398131304235
131195.67172132756	2000.0	591.0118579656315	0.0	0	0.0	2786.683579293196	1	0	1.0	1.7523398131304235
132292.20972020563	2000.0	494.4738590875443	0.0	0	0.0	2786.683579293196	1	0	1.0	1.7523398131304235
133509.28421806596	2000.0	413.1020601430423	135.7026989158416	0	0.0	2922.386278209029	1	0	1.0	0.9166336040889462
134659.94320420542	2000.0	422.81701941449603	160.37394541088833	0	0.0	3082.76022361996	1	0	1.0	0.7395352466397032
135633.3892496329	2000.0	497.81613511490707	48.44516112787011	0	0.0	3131.205384747853	1	0	1.0	1.4014679447009706
136466.71602909715	2000.0	664.4893556506224	0.0	0	0.0	3131.2053847478237	1	0	1.0	1.692138911468197
137740.5782760372	2000.0	390.6271087105933	0.0	0	0.0	3131.2053847478237	1	0	1.0	1.692138911468197
138485.47009477176	2000.0	645.7352899760474	0.0	0	0.0	3131.2053847478237	1	0	1.0	1.692138911468197
139399.82804840652	2000.0	731.3773363413229	0.0	0	0.0	3131.2053847478237	1	0	1.0	1.692138911468197
140284.9056368	2000.0	846.2997479478626	0.0	0	0.0	3131.2053847478237	1	0	1.0	1.692138911468197
141131.24099224294	2000.0	999.9643925048938	0.0	0	0.0	3131.2053847477946	1	0	1.0	1.692138911468203
142478.7146703928	2000.0	652.4907143550137	0.0	0	0.0	3131.2053847477655	1	0	1.0	1.6921389114682088
143423.27428165797	2000.0	707.9311030898214	0.0	0	0.0	3131.2053847477946	1	0	1.0	1.692138911468203
144262.2745543449	2000.0	868.9308304028692	0.0	0	0.0	3131.2053847477946	1	0	1.0	1.692138911468203
145134.54150672548	2000.0	996.6638780222806	0.0	0	0.0	3131.2053847477946	1	0	1.0	1.692138911468203
146104.77203919244	2000.0	1026.4333455553126	0.0	0	0.0	3131.2053847477946	1	0	1.0	1.692138911468203
147387.90241531143	2000.0	743.3029694363197	0.0	0	0.0	3131.2053847477946	1	0	1.0	1.692138911468203
148289.57531685228	2000.0	841.6300678954792	0.0	0	0.0	3131.2053847477946	1	0	1.0	1.692138911468203
149548.73490503838	2000.0	582.4704797093807	0.0	0	0.0	3131.2053847477946	1	0	1.0	1.692138911468203
150175.76027655558	2000.0	955.4451081921738	0.0	0	0.0	3131.2053847477946	1	0	1.0	1.692138911468203
151094.43121003557	2000.0	1036.7741747122216	0.0	0	0.0	3131.2053847478237	1	0	1.0	1.692138911468197
151738.08199794916	2000.0	1393.1233867985884	0.0	0	0.0	3131.2053847478237	1	0	1.0	1.692138911468197
152655.54158994945	2000.0	1475.6637947982842	0.0	0	0.0	3131.2053847478237	1	0	1.0	1.692138911468197
153627.7329928013	2000.0	1503.4723919464343	0.0	0	0.0	3131.2053847478237	1	0	1.0	1.692138911468197
154577.95419775564	2000.0	1553.2511869920904	0.0	0	0.0	3131.2053847477946	1	0	1.0	1.692138911468203
155575.0312889596	2000.0	1556.1740957881166	0.0	0	0.0	3131.2053847477946	1	0	1.0	1.692138911468203
156507.5404245788	2000.0	1623.6649601689269	0.0	0	0.0	3131.2053847477946	1	0	1.0	1.692138911468203
157182.1886911232	2000.0	1949.0166936245028	0.0	0	0.0	3131.2053847477946	1	0	1.0	1.692138911468203
158122.96725504712	2000.0	2008.2381297006295	0.0	0	0.0	3131.2053847477946	1	0	1.0	1.692138911468203
158997.80429423135	2000.0	2133.401090516407	0.0	0	0.0	3131.2053847477946	1	0	1.0	1.692138911468203
159725.39832195363	2000.0	2405.8070627941297	0.0	0	0.0	3131.2053847477946	1	0	1.0	1.692138911468203
160521.17079132516	2000.0	2610.0345934226034	0.0	0	0.0	3131.2053847478237	1	0	1.0	1.6921389114681995
161591.02632207004	2000.0	2540.1790626777242	0.0	0	0.0	3131.2053847478237	1	0	1.0	1.692138911468197
162309.43946013474	2000.0	2821.765924613034	0.0	0	0.0	3131.2053847478237	1	0	1.0	1.692138911468197
163259.19233393384	2000.0	2872.0130508139396	0.0	0	0.0	3131.2053847478237	1	0	1.0	1.692138911468197
164349.16791398358	2000.0	2782.037470764181	0.0	0	0.0	3131.2053847477946	1	0	1.0	1.692138911468203
165200.0	2000.0	2931.2053847477573	0.0	0	178.44374956804677	3131.2053847478237	1	0	1.0	1.692138911468197
166274.55801209915	2000.0	2856.6473726485992	0.0	0	0.0	3131.2053847478237	1	0	1.0	1.692138911468197
168288.62134694797	3000.0	1842.5840377997717	0.0	0	0.0	3131.2053847478237	1	0	1.0	1.6921389114681973
169225.38252132645	2000.0	1905.822863421292	0.0	0	0.0	3131.2053847478237	1	0	1.0	1.2866738033600325
170259.04624243636	2000.0	1872.1591423113848	0.0	0	0.0	3131.2053847477946	1	0	1.0	1.692138911468203
171287.22714087463	2000.0	1843.9782438731138	0.0	0	0.0	3131.2053847477946	1	0	1.0	1.692138911468203
172314.7771132938	2000.0	1816.4282714539572	0.0	0	0.0	3131.2053847477946	1	0	1.0	1.692138911468203
173153.18860600295	2000.0	1978.016778744786	0.0	0	0.0	3131.2053847478237	1	0	1.0	1.692138911468197
174799.32766877857	2000.0	1331.8777159691467	0.0	0	0.0	3131.2053847477946	1	0	1.0	1.692138911468203
175745.7120131384	2000.0	1385.4933716093121	0.0	0	0.0	3131.2053847477946	1	0	1.0	1.692138911468203
176736.01572657004	2000.0	1395.1896581777007	0.0	0	0.0	3131.2053847478237	1	0	1.0	1.692138911468197
178159.02428753304	2000.0	972.1810972146875	0.0	0	0.0	3131.205384747853	1	0	1.0	1.692138911468191
179337.07519265547	2000.0	794.1301920922454	0.0	0	0.0	3131.205384747853	1	0	1.0	1.692138911468191
180330.29089397992	2000.0	800.9144907677756	0.0	0	0.0	3131.205384747853	1	0	1.0	1.692138911468191
181886.9660293213	2000.0	244.23935542641195	0.0	0	0.0	3131.205384747853	1	0	1.0	1.692138911468191
182471.17461338345	1000.0	727.4395644019392	67.40879303765917	0	0.0	3198.6141777854937	1	0	1.0	-0.11273398024892722
183621.35630343016	2000.0	577.2578743551996	0.0	0	0.0	3198.6141777854937	1	0	1.0	0.9848659585369728
184971.59824611672	2000.0	280.2077660155087	53.19183434687022	0	0.0	3251.8060121323797	1	0	1.0	1.3471045593152016
185647.08840404297	1000.0	652.1766039211649	47.45899583191482	0	0.0	3299.2650079641317	1	0	1.0	-0.0157578577458915
186276.67600140534	1000.0	1022.5890065587809	0.0	0	0.0	3299.2650079641317	1	0	1.0	0.9621432978055424
187419.2047910344	2000.0	880.0602169297592	0.0	0	0.0	3299.2650079641317	1	0	1.0	0.9621432978055424
188198.77854651312	2000.0	1100.4864614510298	0.0	0	0.0	3299.2650079641317	1	0	1.0	1.6552904783654876
189338.04411817132	2000.0	961.2208897927882	0.0	0	0.0	3299.2650079641317	1	0	1.0	1.6552904783654876
190279.47840557824	2000.0	1019.7866023858498	0.0	0	0.0	3299.2650079641317	1	0	1.0	1.6552904783654876
190823.07321303553	2000.0	1476.1917949285466	0.0	0	0.0	3299.2650079641317	1	0	1.0	1.6552904783654876
191318.67542861187	2000.0	1980.5895793521781	0.0	0	0.0	3299.2650079641026	1	0	1.0	1.655290478365489
192675.32700174995	3000.0	1623.9380062140822	0.0	0	0.0	3299.2650079641026	1	0	1.0	1.6552904783654947
193761.20999611	2000.0	1538.0550118540039	0.0	0	0.0	3299.2650079641026	1	0	1.0	1.2498253702573299
195161.44949230063	2000.0	1137.8155156633375	0.0	0	0.0	3299.2650079640734	1	0	1.0	1.6552904783655014
196057.19403703598	2000.0	1242.0709709279947	0.0	0	0.0	3299.2650079640734	1	0	1.0	1.6552904783655014
197231.93388899977	2000.0	1067.3311189642236	0.0	0	0.0	3299.2650079640734	1	0	1.0	1.6552904783655014
198290.1169068887	2000.0	1009.1481010752694	0.0	0	0.0	3299.2650079640443	1	0	1.0	1.6552904783655085
198947.10954964312	2000.0	1352.1554583208786	0.0	0	0.0	3299.2650079640443	1	0	1.0	1.6552904783655085
200284.41378616766	2000.0	1014.85122179635	0.0	0	0.0	3299.2650079640443	1	0	1.0	1.6552904783655138
201280.70107285306	2000.0	1018.5639351109511	0.0	0	0.0	3299.2650079640443	1	0	1.0	1.6552904783655085
202445.10874204736	2000.0	854.1562659166599	0.0	0	0.0	3299.2650079640152	1	0	1.0	1.6552904783655111
203121.08113589932	2000.0	1178.1838720646824	0.0	0	0.0	3299.265007963986	1	0	1.0	1.655290478365522
203840.08582369273	2000.0	1459.179184271254	0.0	0	0.0	3299.265007963986	1	0	1.0	1.655290478365522
204530.98965782567	2000.0	1768.275350138308	0.0	0	0.0	3299.265007963986	1	0	1.0	1.655290478365522
205333.69133390902	2000.0	1965.5736740549332	0.0	0	0.0	3299.2650079640152	1	0	1.0	1.6552904783655207
206304.47383363603	2000.0	1994.7911743279067	0.0	0	0.0	3299.2650079640152	1	0	1.0	1.6552904783655151
207513.5586147424	2000.0	1785.7063932215467	0.0	0	0.0	3299.2650079640152	1	0	1.0	1.6552904783655151
208826.99792006245	2000.0	1472.2670879014543	0.0	0	0.0	3299.2650079640443	1	0	1.0	1.6552904783655085
210028.9290266382	2000.0	1270.335981325715	0.0	0	0.0	3299.2650079640443	1	0	1.0	1.6552904783655085
211155.31610237455	2000.0	1143.9489055893591	0.0	0	0.0	3299.2650079640443	1	0	1.0	1.6552904783655085
211895.15599292406	2000.0	1404.10901503985	0.0	0	0.0	3299.2650079640443	1	0	1.0	1.6552904783655085
213415.73117131332	2000.0	883.5338366505911	0.0	0	0.0	3299.2650079640152	1	0	1.0	1.6552904783655151
214447.8577469015	2000.0	851.4072610624096	0.0	0	0.0	3299.2650079640152	1	0	1.0	1.6552904783655151
215811.86914179908	2000.0	487.39586616482876	0.0	0	0.0	3299.2650079640152	1	0	1.0	1.6552904783655151
216460.74832564744	1000.0	838.5166823164858	0.0	0	0.0	3299.2650079640443	1	0	1.0	0.26899611724561934
217179.82241602778	2000.0	1119.4425919361188	0.0	0	0.0	3299.2650079640443	1	0	1.0	0.9621432978055633
217824.88364340493	2000.0	1474.3813645589316	0.0	0	0.0	3299.2650079640443	1	0	1.0	1.6552904783655085
218434.42022643212	2000.0	1864.8447815317775	0.0	0	0.0	3299.2650079640734	1	0	1.0	1.6552904783655014
219066.00594692808	2000.0	2233.2590610358056	0.0	0	0.0	3299.2650079640443	1	0	1.0	1.6552904783655085
220092.21240243257	3000.0	2207.052605531325	0.0	0	0.0	3299.2650079640443	1	0	1.0	1.6552904783655085
221578.0728238	3000.0	1721.1921841638962	0.0	0	0.0	3299.2650079640152	1	0	1.0	2.0607555864736757
223172.2207447618	3000.0	1127.0442632021332	0.0	0	0.0	3299.2650079640152	1	0	1.0	2.0607555864736797
224257.7523522727	2000.0	1041.512655691242	0.0	0	0.0	3299.2650079640152	1	0	1.0	1.2498253702573505
225331.43421698274	2000.0	967.8307909812302	0.0	0	0.0	3299.265007963986	1	0	1.0	1.655290478365522
226176.51858195034	2000.0	1122.7464260136376	0.0	0	0.0	3299.265007963957	1	0	1.0	1.655290478365529
226858.90282820567	2000.0	1440.3621797583098	0.0	0	0.0	3299.265007963957	1	0	1.0	1.655290478365529
227508.9042147324	2000.0	1790.3607932315717	0.0	0	0.0	3299.265007963986	1	0	1.0	1.655290478365522
228041.8253570119	2000.0	2257.4396509520666	0.0	0	0.0	3299.265007963986	1	0	1.0	1.655290478365522
228799.14887078074	2000.0	2500.1161371832186	0.0	0	0.0	3299.265007963986	1	0	1.0	1.655290478365522
229586.80036166782	2000.0	2712.464646296151	0.0	0	0.0	3299.265007963986	1	0	1.0	1.655290478365522
230741.49191164045	2000.0	2557.7730963235203	0.0	0	0.0	3299.2650079640152	1	0	1.0	1.6552904783655151
231716.2788144149	2000.0	2582.9861935490635	0.0	0	0.0	3299.2650079640152	1	0	1.0	1.6552904783655151
232742.50008427637	2000.0	2556.7649236875723	0.0	0	0.0	3299.2650079640152	1	0	1.0	1.6552904783655151
233399.36636089126	2000.0	2899.8986470726954	0.0	0	0.0	3299.2650079640443	1	0	1.0	1.6552904783655085
234272.25319470224	2000.0	3027.0118132617145	0.0	0	0.0	3299.2650079640734	1	0	1.0	1.6552904783655014
235203.35599974732	2000.0	3095.909008216638	0.0	0	0.0	3299.2650079641026	1	0	1.0	1.6552904783654945
236758.480613626	3000.0	2540.7843943379744	0.0	0	0.0	3299.2650079641026	1	0	1.0	1.6552904783654947
237854.699125125	2000.0	2444.565882838988	0.0	0	0.0	3299.2650079641026	1	0	1.0	1.2498253702573299
239289.6949550331	3000.0	2009.5700529308733	0.0	0	0.0	3299.2650079641026	1	0	1.0	1.6552904783654947
240209.2561699601	2000.0	2090.0088380038524	0.0	0	0.0	3299.2650079641026	1	0	1.0	1.2498253702573299
240881.97300181142	2000.0	2417.292006152532	0.0	0	0.0	3299.2650079641317	1	0	1.0	1.6552904783654876
241627.9157662642	3000.0	2671.349241699733	0.0	0	0.0	3299.2650079641317	1	0	1.0	1.6552904783654878
243313.54190745318	3000.0	1985.7231005107012	0.0	0	0.0	3299.2650079641026	1	0	1.0	2.060755586473654
244312.88603903842	3000.0	1986.3789689254352	0.0	0	0.0	3299.2650079641317	1	0	1.0	2.060755586473658
245845.96382258122	2000.0	1453.30118538267	0.0	0	0.0	3299.2650079641317	1	0	1.0	1.249825370257323
247169.3502143985	2000.0	1129.914793565391	0.0	0	0.0	3299.2650079641317	1	0	1.0	1.6552904783654876
248705.05874150989	2000.0	594.2062664540181	0.0	0	0.0	3299.2650079641608	1	0	1.0	1.655290478365481
249487.16750017373	2000.0	812.0975077901842	0.0	0	0.0	3299.26500796419	1	0	1.0	1.655290478365477
250263.52234528592	2000.0	1035.742662678023	0.0	0	0.0	3299.26500796419	1	0	1.0	1.655290478365474
251839.1590360406	2000.0	460.1059719233281	0.0	0	0.0	3299.26500796419	1	0	1.0	1.655290478365474
253235.33810747816	2000.0	229.6860033447779	165.7591028590152	0	0.0	3465.0241108232003	1	0	1.0	0.6186865601656045
254066.680212619	2000.0	583.3438148806392	184.99991667664818	0	0.0	3650.024027499865	1	0	1.0	0.44874024828123105
254968.21935523156	2000.0	681.8046722680431	0.0	0	0.0	3650.024027499865	1	0	1.0	1.5587397483411203
255774.3225819854	2000.0	875.7014455141566	0.0	0	0.0	3650.024027499865	1	0	1.0	1.5587397483411203
256604.08652553923	2000.0	1045.937501960351	0.0	0	0.0	3650.024027499865	1	0	1.0	1.5587397483411203
257100.06741312417	2000.0	1549.9566143753982	0.0	0	0.0	3650.024027499865	1	0	1.0	1.5587397483411203
257688.26289861643	2000.0	1961.7611288831345	0.0	0	0.0	3650.024027499865	1	0	1.0	1.5587397483411203
258516.58868630553	3000.0	2133.435341194011	0.0	0	0.0	3650.024027499865	1	0	1.0	1.5587397483411205
259688.3770347505	3000.0	1961.6469927490461	0.0	0	0.0	3650.024027499894	1	0	1.0	1.964204856449276
260614.46280002673	3000.0	2035.5612274728246	0.0	0	0.0	3650.024027499894	1	0	1.0	1.9642048564492725
261759.38016185	3000.0	1890.6438656495475	0.0	0	0.0	3650.0240274999232	1	0	1.0	1.9642048564492702
262453.2062988094	2000.0	2196.8177286901146	0.0	0	0.0	3650.024027499836	1	0	1.0	1.1532746402329521
263632.6297851648	3000.0	2017.3942423347846	0.0	0	0.0	3650.0240274999232	1	0	1.0	1.5587397483411094
264518.0678243048	3000.0	2131.9562031947903	0.0	0	0.0	3650.0240274999815	1	0	1.0	1.9642048564492534
265469.64898860716	3000.0	2180.375038892402	0.0	0	0.0	3650.0240274999524	1	0	1.0	1.9642048564492556
266797.2556868741	3000.0	1852.7683406254064	0.0	0	0.0	3650.0240274999524	1	0	1.0	1.9642048564492574
267580.7397120356	2000.0	2069.2843154638886	0.0	0	0.0	3650.0240274999524	1	0	1.0	1.153274640232928
268786.7895047545	2000.0	1863.2345227449719	0.0	0	0.0	3650.0240274999524	1	0	1.0	1.5587397483410925
269485.8673098163	2000.0	2164.156717683114	0.0	0	0.0	3650.0240274999524	1	0	1.0	1.5587397483410925
270466.08670757274	3000.0	2183.937319926634	0.0	0	0.0	3650.0240274999524	1	0	1.0	1.5587397483410927
270941.4830162934	3000.0	2708.541011206031	0.0	0	0.0	3650.0240275000106	1	0	1.0	1.964204856449239
271573.0322984477	3000.0	3076.991729051715	0.0	0	0.0	3650.0240275000106	1	0	1.0	1.964204856449239
272901.20450297545	6000.0	2748.8195245239044	0.0	0	0.0	3650.0240274999524	1	0	1.0	1.9642048564492574
273950.90176538896	3000.0	2699.122262110352	0.0	0	0.0	3650.0240275000106	1	0	1.0	1.271057675889294
274893.735451972	3000.0	2756.288575527353	0.0	0	0.0	3650.0240275000106	1	0	1.0	1.964204856449239
276452.2955323914	3000.0	2197.728495107892	0.0	0	0.0	3650.0240275000106	1	0	1.0	1.964204856449239
277434.96410067735	3000.0	2215.0599268219376	0.0	0	0.0	3650.0240275000106	1	0	1.0	1.964204856449239
278364.2555978679	3000.0	2285.7684296314105	0.0	0	0.0	3650.0240274999524	1	0	1.0	1.9642048564492427
279008.53159320436	2000.0	2641.492434294908	0.0	0	0.0	3650.0240274999524	1	0	1.0	1.153274640232928
279946.55709957716	2000.0	2703.466927922052	0.0	0	0.0	3650.024027499894	1	0	1.0	1.5587397483411112
280983.93148981483	2000.0	2666.092537684377	0.0	0	0.0	3650.024027499894	1	0	1.0	1.5587397483411112
281776.1464869954	2000.0	2873.877540503856	0.0	0	0.0	3650.0240274999524	1	0	1.0	1.5587397483410925
282622.5301395703	2000.0	3027.4938879289684	0.0	0	0.0	3650.024027499894	1	0	1.0	1.5587397483411076
283755.59182203485	2000.0	2894.432205464394	0.0	0	0.0	3650.024027499894	1	0	1.0	1.5587397483411076
284404.0575164392	2000.0	3245.966511060042	0.0	0	0.0	3650.024027499894	1	0	1.0	1.5587397483411112
285711.44997748436	3000.0	2938.574050014886	0.0	0	0.0	3650.024027499894	1	0	1.0	1.5587397483411114
287119.55446389003	3000.0	2530.4695636093056	0.0	0	0.0	3650.024027499894	1	0	1.0	1.964204856449276
288245.3289329728	3000.0	2404.695094526515	0.0	0	0.0	3650.024027499894	1	0	1.0	1.964204856449276
289685.23794826015	3000.0	1964.786079239167	0.0	0	0.0	3650.024027499894	1	0	1.0	1.964204856449276
290645.66063989484	2000.0	2004.3633876044778	0.0	0	0.0	3650.024027499894	1	0	1.0	1.1532746402329466
292092.98247873265	2000.0	1557.0415487666257	0.0	0	0.0	3650.024027499894	1	0	1.0	1.5587397483411112
293012.1448417768	2000.0	1637.8791857224383	0.0	0	0.0	3650.024027499894	1	0	1.0	1.5587397483411112
293900.2849866356	2000.0	1749.7390408636782	0.0	0	0.0	3650.024027499894	1	0	1.0	1.5587397483411112
294511.7895868219	2000.0	2138.2344406773605	0.0	0	0.0	3650.0240274997777	1	0	1.0	1.5587397483411407
295721.11583057756	2000.0	1928.9081969217139	0.0	0	0.0	3650.024027499836	1	0	1.0	1.5587397483411372
296818.73319027125	2000.0	1831.2908372280563	0.0	0	0.0	3650.0240274997777	1	0	1.0	1.558739748341148
297903.6873044677	2000.0	1746.3367230315953	0.0	0	0.0	3650.0240274997777	1	0	1.0	1.558739748341148
298653.5192607518	2000.0	1996.5047667476053	0.0	0	0.0	3650.0240274997195	1	0	1.0	1.5587397483411667
299473.93590563646	2000.0	2176.0881218629256	0.0	0	0.0	3650.0240274997195	1	0	1.0	1.5587397483411667
300174.70781911316	2000.0	2475.316208386236	0.0	0	0.0	3650.0240274997195	1	0	1.0	1.5587397483411667
301309.1917102074	2000.0	2340.8323172919663	0.0	0	0.0	3650.0240274997195	1	0	1.0	1.5587397483411667
302379.6282353984	2000.0	2270.395792100944	0.0	0	0.0	3650.0240274997195	1	0	1.0	1.5587397483411667
303479.8990692641	2000.0	2170.1249582352048	0.0	0	0.0	3650.0240274997195	1	0	1.0	1.5587397483411667
304203.2829221044	2000.0	2446.7411053949572	0.0	0	0.0	3650.0240274997195	1	0	1.0	1.5587397483411667
305723.8188401705	3000.0	1926.2051873289104	0.0	0	0.0	3650.0240274997195	1	0	1.0	1.558739748341167
2.75	2.4	2.91	1.54	2.41	2.59	2.63	2.15	1.63	2.15	2.63	2.54	1.71	1.8	2.5	2.43	1.84	2.21	2.17	0.8999999999999999	2.25	2.2	1.58	1.8	1.81	2.28	1.53	1.54	1.61	1.84	1.62	1.66	1.77	2.66	2.31	2.87	3.65	2.92	1.84	2.46	1.67	1.95	2.41	1.85	2.73	1.63	2.22	1.68	2.49	2.73	2.0	1.88	1.84	1.49	1.66	2.11	1.54	2.44	1.2	1.55	1.75	0.96	2.33	2.65	3.88	2.79	2.56	2.54	1.6	1.37	1.49	2.2	2.65	2.88	2.12	2.22	2.36	2.24	2.41	1.92	2.47	2.68	2.15	2.09	1.9523255813953488	2.912325581395349	3.8723255813953488	2.2283255813953486	1.664325581395349	2.576325581395349	1.2443255813953489	1.1483255813953488	1.676325581395349	1.1363255813953488	2.3483255813953487	3.2363255813953486	1.700325581395349	1.8563255813953488	1.5203255813953487	2.432325581395349	2.120325581395349	2.468325581395349	3.428325581395349	4.748325581395348	3.176325581395349	2.912325581395349	2.984325581395349	1.8563255813953488	2.7923255813953487	3.596325581395349	3.008325581395349	2.744325581395349	1.9283255813953488	2.0363255813953485	2.2163255813953486	3.596325581395349	5.252325581395349	5.5283255813953485	1.388325581395349	3.428325581395349	3.008325581395349	2.432325581395349	2.444325581395349	2.5643255813953485	2.3603255813953488	2.1083255813953485	2.096325581395349	1.88	2.43	2.37	2.86	1.97	2.18	2.28	1.84	2.57	1.81	1.87	1.99	2.88	2.05	1.89	2.06	1.97	2.59	2.95	2.19	2.33	2.49	1.89	2.75	2.4	2.91	1.54	2.41	2.59	2.63	2.15	1.63	2.15	2.63	2.54	1.71	1.8	2.5	2.43	1.84	2.21	2.17	0.8999999999999999	2.25	2.2	1.58	1.8	1.81	2.28	1.53	1.54	1.61	1.84	1.62	1.66	1.77	2.66	2.31	2.87	3.65	2.92	1.84	2.46	1.67	1.95	2.41	1.85	2.73	1.63	2.22	1.68	2.49	2.73	2.0	1.88	1.84	1.49	1.66	2.11	1.54	2.44	1.2	1.55	1.75	0.96	2.33	2.65	3.88	2.79	2.56	2.54	1.6	1.37	1.49	2.2	2.65	2.88	2.12	2.22	2.36	2.24	2.41	1.92	2.47	2.68	2.15	2.09	1.9523255813953488	2.912325581395349	3.8723255813953488	2.2283255813953486	1.664325581395349	2.576325581395349	1.2443255813953489	1.1483255813953488	1.676325581395349	1.1363255813953488	2.3483255813953487	3.2363255813953486	1.700325581395349	1.8563255813953488	1.5203255813953487	2.432325581395349	2.120325581395349	2.468325581395349	3.428325581395349	4.748325581395348	3.176325581395349	2.912325581395349	2.984325581395349	1.8563255813953488	2.7923255813953487	3.596325581395349	3.008325581395349	2.744325581395349	1.9283255813953488	2.0363255813953485	2.2163255813953486	3.596325581395349	5.252325581395349	5.5283255813953485	1.388325581395349	3.428325581395349	3.008325581395349	2.432325581395349	2.444325581395349	2.5643255813953485	2.3603255813953488	2.1083255813953485	2.096325581395349	1.88	2.43	2.37	2.86	1.97	2.18	2.28	1.84	2.57	1.81	1.87	1.99	2.88	2.05	1.89	2.06	1.97	2.59	2.95	2.19	2.33	2.49	1.89	2.75	2.4	2.91	1.54	2.41
1.0	2.0	3.0	4.0	5.0	6.0	7.0	8.0	9.0	10.0	11.0	12.0	13.0	14.0	15.0	16.0	17.0	18.0	19.0	20.0	21.0	22.0	23.0	24.0	25.0	26.0	27.0	28.0	29.0	30.0	31.0	32.0	33.0	34.0	35.0	36.0	37.0	38.0	39.0	40.0	41.0	42.0	43.0	44.0	45.0	46.0	47.0	48.0	49.0	50.0	51.0	52.0	53.0	54.0	55.0	56.0	57.0	58.0	59.0	60.0	61.0	62.0	63.0	64.0	65.0	66.0	67.0	68.0	69.0	70.0	71.0	72.0	73.0	74.0	75.0	76.0	77.0	78.0	79.0	80.0	81.0	82.0	83.0	84.0	85.0	86.0	87.0	88.0	89.0	90.0	91.0	92.0	93.0	94.0	95.0	96.0	97.0	98.0	99.0	100.0	101.0	102.0	103.0	104.0	105.0	106.0	107.0	108.0	109.0	110.0	111.0	112.0	113.0	114.0	115.0	116.0	117.0	118.0	119.0	120.0	121.0	122.0	123.0	124.0	125.0	126.0	127.0	128.0	129.0	130.0	131.0	132.0	133.0	134.0	135.0	136.0	137.0	138.0	139.0	140.0	141.0	142.0	143.0	144.0	145.0	146.0	147.0	148.0	149.0	149.0	150.0	151.0	152.0	153.0	154.0	155.0	156.0	157.0	158.0	159.0	160.0	161.0	162.0	163.0	164.0	165.0	166.0	167.0	168.0	169.0	170.0	171.0	172.0	173.0	174.0	175.0	176.0	177.0	178.0	179.0	180.0	181.0	182.0	183.0	184.0	185.0	186.0	187.0	188.0	189.0	190.0	191.0	192.0	193.0	194.0	195.0	196.0	197.0	198.0	199.0	200.0	201.0	202.0	203.0	204.0	205.0	206.0	207.0	208.0	209.0	210.0	211.0	212.0	213.0	214.0	215.0	216.0	217.0	218.0	219.0	220.0	221.0	222.0	223.0	224.0	225.0	226.0	227.0	228.0	229.0	230.0	231.0	232.0	233.0	234.0	235.0	236.0	237.0	238.0	239.0	240.0	241.0	242.0	243.0	244.0	245.0	246.0	247.0	248.0	249.0	250.0	251.0	252.0	253.0	254.0	255.0	256.0	257.0	258.0	259.0	260.0	261.0	262.0	263.0	264.0	265.0	266.0	267.0	268.0	269.0	270.0	271.0	272.0	273.0	274.0	275.0	276.0	277.0	278.0	279.0	280.0	281.0	282.0	283.0	284.0	285.0	286.0	287.0	288.0	289.0	290.0	291.0	292.0	293.0	294.0	295.0	296.0	297.0	298.0	298.0	299.0	300.0	301.0	302.0	303.0
5274.048139478332
