2787.51541478263	2000.0	2000.0	392.33091558982414	0	0.0	2787.51541478263	1	0	1.0	-2.485677108433214
3899.5820599234526	6000.0	1887.9333548591771	0.0	0	0.0	2787.5154147826297	1	0	1.0	1.7522160801099842
4802.563431409024	3000.0	1984.9519833736056	0.0	0	0.0	2787.5154147826297	1	0	1.0	1.464534007658204
5652.880625308973	3000.0	2134.6347894736555	0.0	0	0.0	2787.515414782629	1	0	1.0	2.157681188218149
6693.166501744598	3000.0	2094.3489130380312	0.0	0	0.0	2787.5154147826293	1	0	1.0	2.157681188218149
7560.451776393353	3000.0	2227.0636383892747	0.0	0	0.0	2787.515414782629	1	0	1.0	2.157681188218149
8495.893373914449	3000.0	2291.6220408681766	0.0	0	0.0	2787.515414782627	1	0	1.0	2.1576811882181492
9200.0	3000.0	2587.515414782625	0.0	0	113.11650958924838	2787.515414782627	1	0	1.0	2.1576811882181492
10200.0	3000.0	2587.515414782624	0.0	0	144.7343492194468	2787.5154147826242	1	0	1.0	2.1576811882181497
11666.19511009435	3000.0	2121.3203046882754	0.0	0	0.0	2787.5154147826233	1	0	1.0	2.1576811882181497
12602.567196810729	3000.0	2184.948217971897	0.0	0	0.0	2787.5154147826215	1	0	1.0	2.15768118821815
13541.194458537722	3000.0	2246.320956244905	0.0	0	0.0	2787.5154147826233	1	0	1.0	2.1576811882181497
14345.91546283407	3000.0	2441.5999519485576	0.0	0	0.0	2787.5154147826215	1	0	1.0	2.1576811882181497
15458.610646088233	3000.0	2328.904768694394	0.0	0	0.0	2787.5154147826233	1	0	1.0	2.1576811882181497
16843.69974938807	3000.0	1943.815665394557	0.0	0	0.0	2787.515414782625	1	0	1.0	2.1576811882181497
18104.45507354723	2000.0	1683.0603412353964	0.0	0	0.0	2787.5154147826215	1	0	1.0	1.3467509720018205
18789.904769981298	2000.0	1997.610644801328	0.0	0	0.0	2787.5154147826215	1	0	1.0	1.7522160801099853
19399.878330565887	2000.0	2387.637084216736	0.0	0	0.0	2787.5154147826215	1	0	1.0	1.7522160801099853
20200.0	2000.0	2587.515414782623	0.0	0	8.03045680813375	2787.5154147826215	1	0	1.0	1.7522160801099853
21200.0	3000.0	2587.5154147826265	0.0	0	359.53057119644654	2787.5154147826215	1	0	1.0	1.7522160801099855
22200.0	3000.0	2587.5154147826242	0.0	0	394.7343552272141	2787.515414782618	1	0	1.0	2.1576811882181506
23200.0	3000.0	2587.5154147826224	0.0	0	234.0921754659903	2787.515414782618	1	0	1.0	2.1576811882181506
25175.767336484234	6000.0	1611.7480782983903	0.0	0	0.0	2787.5154147826215	1	0	1.0	2.15768118821815
27043.299903945193	3000.0	744.2155108374247	0.0	0	0.0	2787.5154147826215	1	0	1.0	1.4645340076582052
28378.751445212798	3000.0	408.7639695698207	0.0	0	0.0	2787.515414782625	1	0	1.0	2.1576811882181497
29227.03056474217	2000.0	569.262470595206	8.777620554757391	0	0.0	2796.293035337385	1	0	1.0	1.2927738012013879
30388.831491584144	2000.0	431.90954658628664	24.448002833051078	0	0.0	2820.741038170436	1	0	1.0	1.6005074661274987
30910.46711697317	2000.0	910.2739211972616	0.0	0	0.0	2820.741038170436	1	0	1.0	1.7471954831258052
31498.02861831432	2000.0	1322.7124198561146	0.0	0	0.0	2820.741038170436	1	0	1.0	1.7471954831258052
32323.759590971626	3000.0	1496.9814471988132	0.0	0	0.0	2820.741038170436	1	0	1.0	1.7471954831258054
33128.60509016236	3000.0	1692.1359480080755	0.0	0	0.0	2820.741038170436	1	0	1.0	2.15266059123397
33864.963106777905	3000.0	1955.7779313925198	0.0	0	0.0	2820.741038170425	1	0	1.0	2.152660591233971
34818.113204176814	3000.0	2002.627833993614	0.0	0	0.0	2820.741038170432	1	0	1.0	2.152660591233971
35840.59545490679	3000.0	1980.145583263647	0.0	0	0.0	2820.7410381704394	1	0	1.0	2.15266059123397
36763.2272351449	3000.0	2057.5138030255403	0.0	0	0.0	2820.7410381704394	1	0	1.0	2.1526605912339694
37596.430458338575	3000.0	2224.3105798318566	0.0	0	0.0	2820.7410381704394	1	0	1.0	2.1526605912339694
38200.0	3000.0	2620.7410381704285	0.0	0	12.023594737904205	2820.7410381704394	1	0	1.0	2.1526605912339694
39478.92832906852	3000.0	2341.812709101905	0.0	0	0.0	2820.7410381704394	1	0	1.0	2.1526605912339694
40986.06552888435	3000.0	1834.6755092860774	0.0	0	0.0	2820.7410381704394	1	0	1.0	2.1526605912339694
41889.867321422134	3000.0	1930.8737167482984	0.0	0	0.0	2820.7410381704394	1	0	1.0	2.1526605912339694
43445.686939409214	3000.0	1375.0540987612249	0.0	0	0.0	2820.7410381704394	1	0	1.0	2.1526605912339694
44502.419423366024	2000.0	1318.3216148044178	0.0	0	0.0	2820.7410381704394	1	0	1.0	1.3417303750176401
45269.619099599026	2000.0	1551.1219385714219	0.0	0	0.0	2820.7410381704467	1	0	1.0	1.7471954831258034
45937.18637342608	2000.0	1883.5546647443643	0.0	0	0.0	2820.7410381704467	1	0	1.0	1.7471954831258034
46719.00492914832	2000.0	2101.73610902212	0.0	0	0.0	2820.741038170454	1	0	1.0	1.7471954831258025
47477.617136405395	2000.0	2343.123901765051	0.0	0	0.0	2820.741038170454	1	0	1.0	1.7471954831258025
48499.814017603574	3000.0	2320.927020566873	0.0	0	0.0	2820.7410381704467	1	0	1.0	1.7471954831258036
49251.38075646182	3000.0	2569.360281708627	0.0	0	0.0	2820.7410381704467	1	0	1.0	2.1526605912339685
50200.0	3000.0	2620.741038170437	0.0	0	338.71978300593764	2820.7410381704467	1	0	1.0	2.1526605912339685
51200.0	3000.0	2620.741038170436	0.0	0	341.0752830888159	2820.7410381704467	1	0	1.0	2.1526605912339685
53989.86678815731	6000.0	830.8742500131276	0.0	0	0.0	2820.7410381704467	1	0	1.0	2.1526605912339685
55765.45703156229	3000.0	200.0	144.71599339185104	0	0.0	2965.4570315622914	1	0	1.0	0.586468842486706
56870.71040130327	2000.0	593.9387432915399	499.1921130325207	0	0.0	3464.6491445948122	1	0	1.0	-1.787274561674244
57795.753741116765	2000.0	668.8954034780495	0.0	0	0.0	3464.6491445948122	1	0	1.0	1.6133432246290444
58714.18114989179	2000.0	750.4679947030338	0.0	0	0.0	3464.6491445948122	1	0	1.0	1.6133432246290444
61088.837877402475	2000.0	200.0	824.1887328076573	0	0.0	4288.837877402475	1	0	1.0	-3.5039721564981114
62839.81493779931	2000.0	218.22240608190774	769.1994664787528	0	0.0	3058.037343881224	1	0	1.0	-8.907613135354726
63399.11112582332	1000.0	728.4628341250929	69.53661606720772	0	0.0	3127.5739599484295	1	0	1.0	-0.11063796716297414
63991.27535384081	1000.0	1136.2986061076022	0.0	0	0.0	3127.5739599484295	1	0	1.0	0.9997289098002173
64501.48340376776	1000.0	1626.0905561806521	0.0	0	0.0	3127.5739599484295	1	0	1.0	0.9997289098002173
65479.07708340289	2000.0	1648.4968765455196	0.0	0	0.0	3127.5739599484295	1	0	1.0	0.9997289098002173
65920.27791882321	2000.0	2207.296041125196	0.0	0	0.0	3127.5739599484295	1	0	1.0	1.6928760903601625
66882.59718094542	3000.0	2244.976779002974	0.0	0	0.0	3127.573959948415	1	0	1.0	1.6928760903601647
67915.49672936126	3000.0	2212.077230587129	0.0	0	0.0	3127.5739599484004	1	0	1.0	2.098341198468332
69017.81933883339	3000.0	2109.754621115012	0.0	0	0.0	3127.5739599484223	1	0	1.0	2.0983411984683293
69991.42063526422	3000.0	2136.1533246841645	0.0	0	0.0	3127.5739599484223	1	0	1.0	2.0983411984683285
70564.67077152293	3000.0	2562.903188425448	0.0	0	0.0	3127.5739599484223	1	0	1.0	2.0983411984683285
71200.0	3000.0	2927.573959948369	0.0	0	112.16717348917155	3127.5739599484223	1	0	1.0	2.0983411984683285
73423.99238309955	6000.0	1703.5815768488148	0.0	0	0.0	3127.5739599484223	1	0	1.0	2.0983411984683285
74282.71024588637	3000.0	1844.863714061999	0.0	0	0.0	3127.5739599484223	1	0	1.0	1.4051940179083837
75194.83310608646	3000.0	1932.7408538619081	0.0	0	0.0	3127.5739599484223	1	0	1.0	2.0983411984683285
76599.58725442858	3000.0	1527.9867055197833	0.0	0	0.0	3127.573959948437	1	0	1.0	2.098341198468326
77884.79334181528	3000.0	1242.780618133091	0.0	0	0.0	3127.573959948437	1	0	1.0	2.098341198468326
78850.35455537234	2000.0	1277.2194045760477	0.0	0	0.0	3127.573959948437	1	0	1.0	1.2874109822519966
79309.83568135179	2000.0	1817.7382785965908	0.0	0	0.0	3127.573959948437	1	0	1.0	1.6928760903601612
80017.98543345375	3000.0	2109.5885264946182	0.0	0	0.0	3127.5739599484223	1	0	1.0	1.692876090360164
80586.35700575373	3000.0	2541.2169541946323	0.0	0	0.0	3127.5739599484223	1	0	1.0	2.0983411984683285
81202.62650512804	3000.0	2924.947454820334	0.0	0	0.0	3127.5739599484223	1	0	1.0	2.0983411984683285
82200.0	6000.0	2927.5739599483727	0.0	0	169.07954018608143	3127.5739599484223	1	0	1.0	2.0983411984683285
83200.0	6000.0	2927.573959948365	0.0	0	454.91836771013914	3127.5739599484223	1	0	1.0	2.7914883790282734
84243.26004569506	6000.0	2884.3139142533078	0.0	0	0.0	3127.5739599484223	1	0	1.0	2.7914883790282734
85578.02181045471	6000.0	2549.552149493655	0.0	0	0.0	3127.5739599484077	1	0	1.0	2.791488379028277
88277.0983655	6000.0	850.4755944483488	0.0	0	0.0	3127.5739599484077	1	0	1.0	2.791488379028277
89101.53584552539	3000.0	1026.038114422971	0.0	0	0.0	3127.5739599484077	1	0	1.0	1.4051940179083868
90250.98120491701	3000.0	876.5927550313367	0.0	0	0.0	3127.573959948393	1	0	1.0	2.0983411984683347
90907.86488146403	3000.0	1219.7090784843142	0.0	0	0.0	3127.573959948393	1	0	1.0	2.0983411984683347
92156.00344003362	3000.0	971.570519914734	0.0	0	0.0	3127.573959948393	1	0	1.0	2.0983411984683347
93007.98005154946	2000.0	1119.5939083988903	0.0	0	0.0	3127.573959948393	1	0	1.0	1.2874109822520055
93581.76258564138	2000.0	1545.8113743069846	0.0	0	0.0	3127.573959948393	1	0	1.0	1.69287609036017
94159.2572489139	3000.0	1968.3167110344684	0.0	0	0.0	3127.573959948393	1	0	1.0	1.69287609036017
94947.7104397563	3000.0	2179.863520192076	0.0	0	0.0	3127.5739599484077	1	0	1.0	2.0983411984683316
95844.721951452	3000.0	2282.852008496371	0.0	0	0.0	3127.5739599484077	1	0	1.0	2.0983411984683316
96708.55435000965	3000.0	2419.0196099387003	0.0	0	0.0	3127.5739599484077	1	0	1.0	2.0983411984683316
97743.53197491136	3000.0	2384.0419850370017	0.0	0	0.0	3127.5739599484077	1	0	1.0	2.0983411984683316
98559.95092615567	3000.0	2567.623033792705	0.0	0	0.0	3127.5739599484077	1	0	1.0	2.0983411984683316
99295.4897237991	3000.0	2832.084236149281	0.0	0	0.0	3127.5739599484077	1	0	1.0	2.0983411984683316
100200.0	3000.0	2927.573959948386	0.0	0	474.5856635837408	3127.5739599484223	1	0	1.0	2.0983411984683285
101218.21724253823	6000.0	2909.3567174101654	0.0	0	0.0	3127.573959948437	1	0	1.0	2.098341198468326
102613.21660403025	6000.0	2514.3573559181464	0.0	0	0.0	3127.573959948437	1	0	1.0	2.7914883790282707
104236.51546658581	6000.0	1891.05849336259	0.0	0	0.0	3127.573959948437	1	0	1.0	2.7914883790282707
106369.0341350269	6000.0	758.5398249214966	0.0	0	0.0	3127.573959948437	1	0	1.0	2.7914883790282707
107189.48698425079	3000.0	938.0869756975943	0.0	0	0.0	3127.573959948437	1	0	1.0	1.4051940179083808
107915.31156159528	3000.0	1212.2623983530984	0.0	0	0.0	3127.573959948437	1	0	1.0	2.098341198468326
109087.59101565107	3000.0	1039.9829442973203	0.0	0	0.0	3127.573959948437	1	0	1.0	2.098341198468326
110012.40023270233	2000.0	1115.1737272460514	0.0	0	0.0	3127.5739599484514	1	0	1.0	1.2874109822519935
110717.74252644076	2000.0	1409.8314335076175	0.0	0	0.0	3127.5739599484514	1	0	1.0	1.692876090360158
111653.90048695602	3000.0	1473.6734729923587	0.0	0	0.0	3127.5739599484514	1	0	1.0	1.6928760903601585
112262.09689274497	2000.0	1865.4770672034062	0.0	0	0.0	3127.5739599484514	1	0	1.0	1.2874109822519935
113302.03209407667	3000.0	1825.5418658717251	0.0	0	0.0	3127.5739599484514	1	0	1.0	1.6928760903601585
114077.14117511304	3000.0	2050.4327848353555	0.0	0	0.0	3127.5739599484514	1	0	1.0	2.098341198468323
115588.62344238404	3000.0	1538.9505175643412	0.0	0	0.0	3127.5739599484514	1	0	1.0	2.098341198468323
116569.95957388601	3000.0	1557.6143860623747	0.0	0	0.0	3127.573959948466	1	0	1.0	2.09834119846832
117146.63158478307	3000.0	1980.9423751653126	0.0	0	0.0	3127.573959948466	1	0	1.0	2.09834119846832
118153.2337099035	3000.0	1974.3402500448885	0.0	0	0.0	3127.5739599484805	1	0	1.0	2.098341198468317
118942.52444885425	3000.0	2185.04951109415	0.0	0	0.0	3127.573959948466	1	0	1.0	2.09834119846832
120164.24194214345	3000.0	1963.3320178049573	0.0	0	0.0	3127.573959948466	1	0	1.0	2.09834119846832
121012.49087121282	3000.0	2115.083088735577	0.0	0	0.0	3127.573959948466	1	0	1.0	2.09834119846832
121756.36892805753	3000.0	2371.205031890874	0.0	0	0.0	3127.573959948466	1	0	1.0	2.09834119846832
122412.50893774955	3000.0	2715.065022198881	0.0	0	0.0	3127.573959948466	1	0	1.0	2.09834119846832
123333.96447212806	3000.0	2793.609487820373	0.0	0	0.0	3127.573959948466	1	0	1.0	2.09834119846832
124272.61839559421	3000.0	2854.955564354227	0.0	0	0.0	3127.573959948466	1	0	1.0	2.09834119846832
125416.17889555529	3000.0	2711.395064393137	0.0	0	0.0	3127.573959948466	1	0	1.0	2.09834119846832
126490.51607749616	3000.0	2637.05788245227	0.0	0	0.0	3127.5739599484514	1	0	1.0	2.098341198468323
127617.39268890812	3000.0	2510.1812710403233	0.0	0	0.0	3127.5739599484514	1	0	1.0	2.098341198468323
128514.40375274669	3000.0	2613.170207201736	0.0	0	0.0	3127.573959948437	1	0	1.0	2.098341198468326
129601.45275135475	3000.0	2526.1212085936627	0.0	0	0.0	3127.573959948437	1	0	1.0	2.098341198468326
130506.87532146931	3000.0	2620.6986384791016	0.0	0	0.0	3127.573959948437	1	0	1.0	2.098341198468326
131763.49697381404	6000.0	2364.0769861343915	0.0	0	0.0	3127.573959948466	1	0	1.0	2.098341198468321
132767.1804704969	6000.0	2360.3934894515332	0.0	0	0.0	3127.5739599484805	1	0	1.0	2.791488379028264
134259.0094611578	6000.0	1868.564498790632	0.0	0	0.0	3127.573959948495	1	0	1.0	2.791488379028261
137606.38040089913	6000.0	200.0	678.8064409506919	0	0.0	3806.3804008991283	1	0	1.0	-1.336096576745496
138303.0422608378	2000.0	652.2626151292736	148.9244750679351	0	0.0	3955.3048759670637	1	0	1.0	-0.5435066932976491
139192.71721084643	2000.0	762.5876651206734	0.0	0	0.0	3955.3048759670637	1	0	1.0	1.448652445778071
139849.64664522838	2000.0	1105.6582307387275	0.0	0	0.0	3955.304875967093	1	0	1.0	1.448652445778059
140404.09014882764	2000.0	1551.214727139453	0.0	0	0.0	3955.304875967093	1	0	1.0	1.448652445778059
141457.3813158004	2000.0	1497.9235601667042	0.0	0	0.0	3955.304875967122	1	0	1.0	1.4486524457780472
142140.4223283704	2000.0	1814.8825475967335	0.0	0	0.0	3955.304875967122	1	0	1.0	1.4486524457780472
142870.86107758665	2000.0	2084.4437983805065	0.0	0	0.0	3955.304875967122	1	0	1.0	1.4486524457780472
143603.93545770028	3000.0	2351.3694182668487	0.0	0	0.0	3955.304875967093	1	0	1.0	1.448652445778059
144332.0433296679	3000.0	2623.2615462992135	0.0	0	0.0	3955.304875967093	1	0	1.0	1.8541175538862236
145060.24279659067	3000.0	2895.0620793764683	0.0	0	0.0	3955.304875967122	1	0	1.0	1.854117553886212
145647.02561585483	3000.0	3308.2792601123247	0.0	0	0.0	3955.304875967093	1	0	1.0	1.8541175538862236
146648.0658693049	6000.0	3307.239006662265	0.0	0	0.0	3955.304875967093	1	0	1.0	1.8541175538862236
148292.0979297727	6000.0	2663.206946194475	0.0	0	0.0	3955.304875967093	1	0	1.0	2.5472647344461685
149650.90530175727	3000.0	2304.3995742099555	0.0	0	0.0	3955.304875967122	1	0	1.0	1.160970373326267
150539.01646013532	3000.0	2416.2884158319334	0.0	0	0.0	3955.304875967151	1	0	1.0	1.8541175538862
151229.1708976961	3000.0	2726.1339782711407	0.0	0	0.0	3955.30487596718	1	0	1.0	1.8541175538861885
151731.7594715011	3000.0	3223.545404466129	0.0	0	0.0	3955.30487596718	1	0	1.0	1.8541175538861885
153286.5541384447	6000.0	2668.7507375225214	0.0	0	0.0	3955.30487596718	1	0	1.0	1.854117553886188
154438.8462565141	3000.0	2516.458619453127	0.0	0	0.0	3955.30487596718	1	0	1.0	1.1609703733262435
155223.92663581125	3000.0	2731.3782401559806	0.0	0	0.0	3955.30487596718	1	0	1.0	1.8541175538861885
156255.64493569668	3000.0	2699.6599402705488	0.0	0	0.0	3955.30487596718	1	0	1.0	1.8541175538861885
157067.61301565063	3000.0	2887.691860316598	0.0	0	0.0	3955.304875967151	1	0	1.0	1.8541175538862
157714.19075935864	3000.0	3241.114116608612	0.0	0	0.0	3955.304875967151	1	0	1.0	1.8541175538862
158436.52032047792	3000.0	3518.7845554893365	0.0	0	0.0	3955.304875967151	1	0	1.0	1.8541175538862
159296.4107610907	3000.0	3658.894114876557	0.0	0	0.0	3955.304875967151	1	0	1.0	1.8541175538862
160744.1076728216	3000.0	3211.197203145594	0.0	0	0.0	3955.304875967151	1	0	1.0	1.8541175538862
161890.74678475084	3000.0	3064.558091216394	0.0	0	0.0	3955.30487596718	1	0	1.0	1.8541175538861885
162556.57275944468	3000.0	3398.732116522546	0.0	0	0.0	3955.30487596718	1	0	1.0	1.8541175538861885
163516.170537244	3000.0	3439.1343387232	0.0	0	0.0	3955.30487596718	1	0	1.0	1.8541175538861885
165477.83505769077	3000.0	2477.4698182764714	0.0	0	0.0	3955.30487596718	1	0	1.0	1.8541175538861885
166751.62387071908	3000.0	2203.6810052481806	0.0	0	0.0	3955.3048759672092	1	0	1.0	1.854117553886179
167981.42568586956	3000.0	1973.8791900977017	0.0	0	0.0	3955.3048759672092	1	0	1.0	1.8541175538861765
168788.1685175315	3000.0	2167.136358435773	0.0	0	0.0	3955.3048759672092	1	0	1.0	1.8541175538861765
169587.41747251185	2000.0	2367.887403455458	0.0	0	0.0	3955.3048759672383	1	0	1.0	1.0431873376698353
170439.41548244705	3000.0	2515.889393520227	0.0	0	0.0	3955.3048759672674	1	0	1.0	1.4486524457779884
171065.44028843686	3000.0	2889.864587530395	0.0	0	0.0	3955.3048759672674	1	0	1.0	1.854117553886153
171677.67471612038	3000.0	3277.6301598468967	0.0	0	0.0	3955.3048759672965	1	0	1.0	1.8541175538861412
174477.10560779463	6000.0	1478.199268172661	0.0	0	0.0	3955.3048759672965	1	0	1.0	1.854117553886141
175978.23380834423	3000.0	977.0710676230466	0.0	0	0.0	3955.3048759672674	1	0	1.0	1.160970373326208
177389.12009626965	3000.0	566.1847796976568	0.0	0	0.0	3955.3048759672674	1	0	1.0	1.854117553886153
178165.28129933382	2000.0	790.0235766335045	0.0	0	0.0	3955.3048759672674	1	0	1.0	1.0431873376698235
178975.36535409023	2000.0	979.9395218770869	0.0	0	0.0	3955.3048759672674	1	0	1.0	1.4486524457779881
179850.72162263718	2000.0	1104.583253330124	0.0	0	0.0	3955.3048759672674	1	0	1.0	1.4486524457779881
180574.1810243274	2000.0	1381.1238516399007	0.0	0	0.0	3955.3048759672674	1	0	1.0	1.4486524457779881
181273.2659028091	3000.0	1682.0389731581897	0.0	0	0.0	3955.3048759672674	1	0	1.0	1.4486524457779884
181913.63644285628	3000.0	2041.6684331109739	0.0	0	0.0	3955.3048759672674	1	0	1.0	1.854117553886153
182570.59041698163	3000.0	2384.7144589856143	0.0	0	0.0	3955.3048759673256	1	0	1.0	1.8541175538861343
183425.91252282052	3000.0	2529.392353146747	0.0	0	0.0	3955.3048759673256	1	0	1.0	1.8541175538861294
184072.66027162725	3000.0	2882.6446043400424	0.0	0	0.0	3955.3048759673256	1	0	1.0	1.8541175538861294
185269.20069693078	3000.0	2686.1041790364734	0.0	0	0.0	3955.3048759673256	1	0	1.0	1.8541175538861294
185855.78349369494	3000.0	3099.521382272297	0.0	0	0.0	3955.3048759673256	1	0	1.0	1.8541175538861294
186753.103616361	3000.0	3202.2012596062364	0.0	0	0.0	3955.3048759673256	1	0	1.0	1.8541175538861294
187320.53812320385	3000.0	3634.766752763423	0.0	0	0.0	3955.3048759673256	1	0	1.0	1.8541175538861294
188245.54951235413	3000.0	3709.7553636131292	0.0	0	0.0	3955.3048759673256	1	0	1.0	1.8541175538861294
189410.92664756725	3000.0	3544.378228400035	0.0	0	0.0	3955.3048759673256	1	0	1.0	1.8541175538861294
190488.5723576926	3000.0	3466.732518274691	0.0	0	0.0	3955.3048759673256	1	0	1.0	1.8541175538861294
191551.44118777828	3000.0	3403.863688188993	0.0	0	0.0	3955.3048759673256	1	0	1.0	1.8541175538861294
192903.07451815894	3000.0	3052.2303578083315	0.0	0	0.0	3955.3048759673256	1	0	1.0	1.8541175538861294
194611.96013963936	3000.0	2343.344736327923	0.0	0	0.0	3955.3048759673256	1	0	1.0	1.8541175538861294
195883.8383018474	3000.0	2071.4665741198623	0.0	0	0.0	3955.3048759673256	1	0	1.0	1.8541175538861294
196690.9803760377	3000.0	2264.3244999295453	0.0	0	0.0	3955.3048759673256	1	0	1.0	1.8541175538861294
197836.9245973381	3000.0	2118.3802786291426	0.0	0	0.0	3955.3048759673256	1	0	1.0	1.8541175538861294
198595.83588553139	3000.0	2359.468990435828	0.0	0	0.0	3955.3048759673256	1	0	1.0	1.8541175538861294
199380.8179005543	3000.0	2574.486975412899	0.0	0	0.0	3955.3048759673256	1	0	1.0	1.8541175538861294
199963.3383097444	3000.0	2991.966566222798	0.0	0	0.0	3955.3048759673256	1	0	1.0	1.8541175538861294
201111.94292318032	3000.0	2843.3619527868655	0.0	0	0.0	3955.3048759672965	1	0	1.0	1.8541175538861412
203511.10867756614	3000.0	1444.1961984010495	0.0	0	0.0	3955.3048759672965	1	0	1.0	1.8541175538861412
205400.06541716726	3000.0	555.2394587999033	0.0	0	0.0	3955.3048759672674	1	0	1.0	1.8541175538861507
206165.7534245157	2000.0	789.5514514515121	0.0	0	0.0	3955.3048759672674	1	0	1.0	1.0431873376698235
206865.50705130651	2000.0	1089.7978246606958	0.0	0	0.0	3955.3048759672674	1	0	1.0	1.4486524457779881
207666.40225312876	2000.0	1288.9026228384348	0.0	0	0.0	3955.3048759672674	1	0	1.0	1.4486524457779881
209568.78475092165	2000.0	386.5201250455703	0.0	0	0.0	3955.3048759672674	1	0	1.0	1.4486524457779952
211214.9999431492	2000.0	280.05235891445477	539.7474260964259	0	0.0	4495.0523020636465	1	0	1.0	-2.05822908458284
212657.33533449998	2000.0	238.66572444240694	400.9487568787554	0	0.0	2896.0010589424055	1	0	1.0	-6.670452478140712
213395.56814182457	1000.0	618.2890379439422	117.8561208261097	0	0.0	3013.857179768529	1	0	1.0	-0.3786439483046744
214362.01203945483	2000.0	651.8451403136858	0.0	0	0.0	3013.857179768529	1	0	1.0	1.0216399572119292
214832.1295712208	2000.0	1181.727608547699	0.0	0	0.0	3013.857179768529	1	0	1.0	1.7147871377718742
215413.597507913	2000.0	1600.2596718555144	0.0	0	0.0	3013.857179768529	1	0	1.0	1.7147871377718742
216320.471855584	3000.0	1693.3853241845009	0.0	0	0.0	3013.857179768529	1	0	1.0	1.7147871377718744
217386.03972773527	3000.0	1627.8174520331993	0.0	0	0.0	3013.857179768529	1	0	1.0	2.1202522458800392
218097.44809834159	3000.0	1916.409081426874	0.0	0	0.0	3013.8571797685	1	0	1.0	2.120252245880044
218978.44350514738	3000.0	2035.4136746210763	0.0	0	0.0	3013.8571797685	1	0	1.0	2.120252245880044
219787.09004915736	3000.0	2226.7671306111088	0.0	0	0.0	3013.8571797685	1	0	1.0	2.120252245880044
220346.97886010676	3000.0	2666.8783196617246	0.0	0	0.0	3013.857179768529	1	0	1.0	2.1202522458800392
221239.1861159671	3000.0	2774.6710638013496	0.0	0	0.0	3013.8571797685	1	0	1.0	2.120252245880044
222200.0	3000.0	2813.8571797684326	0.0	0	243.47814781265333	3013.8571797685	1	0	1.0	2.120252245880044
223200.0	3000.0	2813.857179768411	0.0	0	363.7835319469159	3013.857179768471	1	0	1.0	2.1202522458800495
224200.0	3000.0	2813.8571797684226	0.0	0	330.0905137043155	3013.857179768471	1	0	1.0	2.1202522458800495
225531.0403278772	3000.0	2482.8168518911984	0.0	0	0.0	3013.8571797685	1	0	1.0	2.1202522458800463
226319.6486172427	3000.0	2694.208562525713	0.0	0	0.0	3013.8571797685	1	0	1.0	2.120252245880044
227715.07947304708	3000.0	2298.7777067213337	0.0	0	0.0	3013.8571797685	1	0	1.0	2.120252245880044
228404.14462575957	3000.0	2609.7125540088864	0.0	0	0.0	3013.857179768529	1	0	1.0	2.1202522458800424
229261.6722652976	3000.0	2752.1849144708476	0.0	0	0.0	3013.857179768529	1	0	1.0	2.1202522458800392
230200.0	3000.0	2813.8571797684353	0.0	0	449.8460973708716	3013.857179768529	1	0	1.0	2.1202522458800392
231200.0	6000.0	2813.857179768433	0.0	0	99.52289256543736	3013.857179768529	1	0	1.0	2.120252245880039
232200.0	6000.0	2813.85717976844	0.0	0	261.70486474287463	3013.857179768558	1	0	1.0	2.813399426439979
233285.80548442027	6000.0	2728.051695348134	0.0	0	0.0	3013.857179768558	1	0	1.0	2.813399426439979
234200.0	6000.0	2813.857179768412	0.0	0	12.186206222715555	3013.857179768558	1	0	1.0	2.813399426439979
235973.06194793503	6000.0	2040.7952318333892	0.0	0	0.0	3013.857179768558	1	0	1.0	2.813399426439979
237903.58577512045	6000.0	1110.2714046479875	0.0	0	0.0	3013.857179768529	1	0	1.0	2.8133994264399838
238647.45000990533	3000.0	1366.4071698630933	0.0	0	0.0	3013.857179768529	1	0	1.0	1.427105065320094
239700.40693124046	3000.0	1313.45024852794	0.0	0	0.0	3013.857179768529	1	0	1.0	2.1202522458800392
240552.60544749128	3000.0	1461.251732277109	0.0	0	0.0	3013.857179768529	1	0	1.0	2.1202522458800392
241484.31571312255	2000.0	1529.5414666458212	0.0	0	0.0	3013.857179768529	1	0	1.0	1.3093220296637096
242579.6976247998	3000.0	1434.1595549685676	0.0	0	0.0	3013.857179768529	1	0	1.0	1.7147871377718744
243309.34815810487	3000.0	1704.509021663519	0.0	0	0.0	3013.857179768529	1	0	1.0	2.1202522458800392
244232.8427885697	3000.0	1781.0143911987195	0.0	0	0.0	3013.857179768558	1	0	1.0	2.120252245880034
244831.12037301157	3000.0	2182.736806756834	0.0	0	0.0	3013.857179768558	1	0	1.0	2.120252245880034
245544.14188226013	3000.0	2469.715297508282	0.0	0	0.0	3013.857179768558	1	0	1.0	2.120252245880034
246200.0	3000.0	2813.8571797684153	0.0	0	2.038019220723072	3013.857179768529	1	0	1.0	2.1202522458800392
247200.0	3000.0	2813.857179768432	0.0	0	23.456691831408534	3013.857179768558	1	0	1.0	2.120252245880034
248200.0	3000.0	2813.8571797684017	0.0	0	435.8746245139628	3013.857179768558	1	0	1.0	2.120252245880034
249200.0	3000.0	2813.8571797683753	0.0	0	526.4941503985319	3013.857179768529	1	0	1.0	2.1202522458800392
250458.4303637206	6000.0	2555.426816047747	0.0	0	0.0	3013.857179768529	1	0	1.0	2.120252245880039
251807.37619336453	6000.0	2206.4809864038266	0.0	0	0.0	3013.857179768529	1	0	1.0	2.8133994264399838
253595.2499222504	6000.0	1418.607257517957	0.0	0	0.0	3013.857179768529	1	0	1.0	2.8133994264399838
255236.9842550017	6000.0	776.8729247666765	0.0	0	0.0	3013.857179768558	1	0	1.0	2.813399426439979
255808.8290408275	3000.0	1205.028138940923	0.0	0	0.0	3013.8571797685872	1	0	1.0	1.4271050653200832
256557.20327282257	3000.0	1456.6539069458454	0.0	0	0.0	3013.8571797685872	1	0	1.0	2.120252245880028
258000.74081410049	3000.0	1013.1163656679195	0.0	0	0.0	3013.8571797685872	1	0	1.0	2.120252245880028
258749.66308359595	2000.0	1264.194096172418	0.0	0	0.0	3013.8571797685872	1	0	1.0	1.309322029663699
259647.88686498368	3000.0	1365.9703147846847	0.0	0	0.0	3013.8571797686163	1	0	1.0	1.7147871377718584
260272.02487753006	3000.0	1741.832302238304	0.0	0	0.0	3013.8571797686163	1	0	1.0	2.120252245880023
261388.96836290727	3000.0	1624.8888168611022	0.0	0	0.0	3013.8571797686163	1	0	1.0	2.1202522458800273
262437.74531785527	3000.0	1576.1118619130928	0.0	0	0.0	3013.8571797685872	1	0	1.0	2.120252245880028
263737.79524155706	3000.0	1276.0619382113084	0.0	0	0.0	3013.8571797685872	1	0	1.0	2.120252245880024
264875.0850472316	3000.0	1138.7721325367656	0.0	0	0.0	3013.857179768558	1	0	1.0	2.1202522458800326
265679.3610063844	3000.0	1334.4961733838759	0.0	0	0.0	3013.8571797685	1	0	1.0	2.120252245880044
266373.7722957063	3000.0	1640.0848840620006	0.0	0	0.0	3013.8571797685	1	0	1.0	2.120252245880044
267351.59417941095	3000.0	1662.2630003573188	0.0	0	0.0	3013.8571797684417	1	0	1.0	2.1202522458800463
268342.12363798823	3000.0	1671.733541780012	0.0	0	0.0	3013.8571797684417	1	0	1.0	2.120252245880055
269289.6420142607	3000.0	1724.2151655075738	0.0	0	0.0	3013.8571797684417	1	0	1.0	2.120252245880055
270407.55004499754	3000.0	1606.3071347706928	0.0	0	0.0	3013.8571797683835	1	0	1.0	2.120252245880057
271348.5803591127	3000.0	1665.2768206555265	0.0	0	0.0	3013.8571797683253	1	0	1.0	2.1202522458800677
272005.0938515285	3000.0	2008.7633282396537	0.0	0	0.0	3013.8571797683253	1	0	1.0	2.120252245880076
272929.250649679	3000.0	2084.6065300891732	0.0	0	0.0	3013.8571797683253	1	0	1.0	2.120252245880076
273873.05948799633	3000.0	2140.7976917717915	0.0	0	0.0	3013.857179768267	1	0	1.0	2.1202522458800868
274860.59026891214	3000.0	2153.266910855892	0.0	0	0.0	3013.857179768267	1	0	1.0	2.1202522458800868
276147.7321637784	3000.0	1866.1250159895812	0.0	0	0.0	3013.857179768267	1	0	1.0	2.1202522458800868
277108.3297524823	3000.0	1905.52742728571	0.0	0	0.0	3013.857179768267	1	0	1.0	2.1202522458800868
277924.6692736838	3000.0	2089.187906084245	0.0	0	0.0	3013.8571797683253	1	0	1.0	2.120252245880076
278817.34330177505	3000.0	2196.5138779929903	0.0	0	0.0	3013.8571797683253	1	0	1.0	2.120252245880076
279510.7342721967	3000.0	2503.122907571348	0.0	0	0.0	3013.8571797683253	1	0	1.0	2.120252245880076
280200.0	3000.0	2813.857179768086	0.0	0	73.16535868914798	3013.8571797683253	1	0	1.0	2.120252245880076
281629.8511311917	6000.0	2384.006048576406	0.0	0	0.0	3013.857179768267	1	0	1.0	2.1202522458800868
282708.16135758115	6000.0	2305.6958221869068	0.0	0	0.0	3013.857179768267	1	0	1.0	2.813399426440032
285002.2717316873	6000.0	1011.5854480807689	0.0	0	0.0	3013.8571797683253	1	0	1.0	2.8133994264400215
286223.40823325625	3000.0	790.448946511871	0.0	0	0.0	3013.8571797683253	1	0	1.0	1.4271050653201314
287527.64726627583	3000.0	486.20991349224863	0.0	0	0.0	3013.8571797683253	1	0	1.0	2.1202522458800828
288273.7902799321	2000.0	740.066899835946	0.0	0	0.0	3013.8571797683253	1	0	1.0	1.309322029663747
288950.7529812677	2000.0	1063.1041985004292	0.0	0	0.0	3013.8571797683835	1	0	1.0	1.7147871377719008
289828.681941784	2000.0	1185.1752379841582	0.0	0	0.0	3013.8571797683835	1	0	1.0	1.7147871377719008
290966.89260792336	2000.0	1046.9645718447618	0.0	0	0.0	3013.8571797683835	1	0	1.0	1.7147871377719008
291740.484050752	2000.0	1273.3731290161156	0.0	0	0.0	3013.8571797683253	1	0	1.0	1.7147871377719115
292388.7121940913	2000.0	1625.144985676874	0.0	0	0.0	3013.857179768267	1	0	1.0	1.7147871377719222
293029.7826309298	3000.0	1984.0745488383845	0.0	0	0.0	3013.857179768267	1	0	1.0	1.7147871377719222
293563.2478170917	3000.0	2450.609362676462	0.0	0	0.0	3013.857179768267	1	0	1.0	2.1202522458800868
294200.0	3000.0	2813.8571797681607	0.0	0	4.507455573242623	3013.857179768267	1	0	1.0	2.1202522458800868
295200.0	3000.0	2813.857179768136	0.0	0	320.69582021667156	3013.857179768267	1	0	1.0	2.1202522458800868
296611.3460055427	6000.0	2402.5111742254094	0.0	0	0.0	3013.857179768209	1	0	1.0	2.120252245880089
298781.7058745832	6000.0	1232.1513051849265	0.0	0	0.0	3013.8571797681507	1	0	1.0	2.813399426440053
299654.8789233132	3000.0	1358.9782564548939	0.0	0	0.0	3013.8571797681507	1	0	1.0	1.4271050653201631
300254.45022422617	3000.0	1759.40695554196	0.0	0	0.0	3013.8571797681507	1	0	1.0	2.120252245880108
300671.20397660555	3000.0	2342.6532031625998	0.0	0	0.0	3013.8571797680925	1	0	1.0	2.1202522458801187
301200.0	3000.0	2813.857179768132	0.0	0	29.42546678398503	3013.8571797680925	1	0	1.0	2.1202522458801187
303920.16627992486	6000.0	1093.6908998432625	0.0	0	0.0	3013.8571797680925	1	0	1.0	2.1202522458801187
305170.2180754921	3000.0	843.6391042760971	0.0	0	0.0	3013.8571797680925	1	0	1.0	1.4271050653201738
305840.1257692613	3000.0	1173.7314105069045	0.0	0	0.0	3013.8571797680343	1	0	1.0	2.1202522458801294
6.17	2.32	2.86	2.87	3.01	3.8	4.29	3.07	2.39	2.81	3.37	3.43	2.46	1.84	1.47	2.59	2.87	3.22	4.03	5.35	5.39	2.03	2.28	1.41	2.58	2.48	2.99	2.21	3.23	4.43	4.9	4.05	4.27	3.13	4.11	5.07	3.0	1.92	2.98	3.6	1.8	1.89	2.26	2.57	3.54	3.75	3.03	4.29	5.929333333333333	2.3773333333333335	0.9133333333333336	2.1013333333333337	2.2573333333333334	1.2253333333333334	2.461333333333333	3.313333333333333	1.7533333333333334	0.5653333333333337	0.9613333333333336	1.4413333333333334	1.6333333333333333	1.4293333333333333	2.5693333333333337	4.069333333333334	4.393333333333333	2.941333333333333	3.481333333333333	4.609333333333334	5.173333333333334	3.4693333333333336	3.3493333333333335	4.693333333333333	3.3733333333333335	1.1773333333333333	3.5173333333333336	2.0293333333333337	3.4213333333333336	4.681333333333333	6.241333333333333	7.609333333333334	9.385333333333335	5.665333333333333	5.173333333333334	2.905333333333333	3.3733333333333335	2.341333333333333	2.929333333333333	3.5173333333333336	4.057333333333333	2.3293333333333335	2.98665306122449	4.47465306122449	3.47865306122449	3.92265306122449	3.91065306122449	3.08265306122449	4.47465306122449	5.87865306122449	6.01065306122449	3.93465306122449	4.87065306122449	3.16665306122449	3.7306530612244897	3.95865306122449	4.11465306122449	3.45465306122449	2.26665306122449	2.97465306122449	4.28265306122449	3.2146530612244897	3.91065306122449	3.55065306122449	2.2786530612244897	3.2626530612244897	4.22265306122449	3.71865306122449	2.99865306122449	3.15465306122449	3.50265306122449	3.8146530612244898	4.57065306122449	3.71865306122449	2.12265306122449	2.54265306122449	2.85465306122449	3.2266530612244897	3.39465306122449	4.22265306122449	5.44665306122449	5.21865306122449	4.82265306122449	4.43865306122449	2.6386530612244896	2.7106530612244897	1.84665306122449	2.1586530612244896	2.95065306122449	3.05865306122449	2.1826530612244897	2.43	3.72	4.66	4.45	5.83	4.36	2.63	2.73	3.53	4.83	6.21	6.17	2.32	2.86	2.87	3.01	3.8	4.29	3.07	2.39	2.81	3.37	3.43	2.46	1.84	1.47	2.59	2.87	3.22	4.03	5.35	5.39	2.03	2.28	1.41	2.58	2.48	2.99	2.21	3.23	4.43	4.9	4.05	4.27	3.13	4.11	5.07	3.0	1.92	2.98	3.6	1.8	1.89	2.26	2.57	3.54	3.75	3.03	4.29	5.929333333333333	2.3773333333333335	0.9133333333333336	2.1013333333333337	2.2573333333333334	1.2253333333333334	2.461333333333333	3.313333333333333	1.7533333333333334	0.5653333333333337	0.9613333333333336	1.4413333333333334	1.6333333333333333	1.4293333333333333	2.5693333333333337	4.069333333333334	4.393333333333333	2.941333333333333	3.481333333333333	4.609333333333334	5.173333333333334	3.4693333333333336	3.3493333333333335	4.693333333333333	3.3733333333333335	1.1773333333333333	3.5173333333333336	2.0293333333333337	3.4213333333333336	4.681333333333333	6.241333333333333	7.609333333333334	9.385333333333335	5.665333333333333	5.173333333333334	2.905333333333333	3.3733333333333335	2.341333333333333	2.929333333333333	3.5173333333333336	4.057333333333333	2.3293333333333335	2.98665306122449	4.47465306122449	3.47865306122449	3.92265306122449	3.91065306122449	3.08265306122449	4.47465306122449	5.87865306122449	6.01065306122449	3.93465306122449	4.87065306122449	3.16665306122449	3.7306530612244897	3.95865306122449	4.11465306122449	3.45465306122449	2.26665306122449	2.97465306122449	4.28265306122449	3.2146530612244897	3.91065306122449	3.55065306122449	2.2786530612244897	3.2626530612244897	4.22265306122449	3.71865306122449	2.99865306122449	3.15465306122449	3.50265306122449	3.8146530612244898	4.57065306122449	3.71865306122449	2.12265306122449	2.54265306122449	2.85465306122449	3.2266530612244897	3.39465306122449	4.22265306122449	5.44665306122449	5.21865306122449	4.82265306122449	4.43865306122449	2.6386530612244896	2.7106530612244897	1.84665306122449	2.1586530612244896	2.95065306122449	3.05865306122449	2.1826530612244897	2.43	3.72	4.66	4.45	5.83	4.36	2.63	2.73	3.53	4.83	6.21	6.17	2.32	2.86	2.87	3.01	3.8	4.29
1.0	2.0	3.0	4.0	5.0	6.0	7.0	8.0	9.0	10.0	11.0	12.0	13.0	14.0	15.0	16.0	17.0	18.0	19.0	20.0	21.0	22.0	23.0	24.0	25.0	26.0	27.0	28.0	29.0	30.0	31.0	32.0	33.0	34.0	35.0	36.0	37.0	38.0	39.0	40.0	41.0	42.0	43.0	44.0	45.0	46.0	47.0	48.0	49.0	50.0	51.0	52.0	53.0	54.0	55.0	56.0	57.0	58.0	59.0	60.0	61.0	62.0	63.0	64.0	65.0	66.0	67.0	68.0	69.0	70.0	71.0	72.0	73.0	74.0	75.0	76.0	77.0	78.0	79.0	80.0	81.0	82.0	83.0	84.0	85.0	86.0	87.0	88.0	89.0	90.0	91.0	92.0	93.0	94.0	95.0	96.0	97.0	98.0	99.0	100.0	101.0	102.0	103.0	104.0	105.0	106.0	107.0	108.0	109.0	110.0	111.0	112.0	113.0	114.0	115.0	116.0	117.0	118.0	119.0	120.0	121.0	122.0	123.0	124.0	125.0	126.0	127.0	128.0	129.0	130.0	131.0	132.0	133.0	134.0	135.0	136.0	137.0	138.0	139.0	140.0	141.0	142.0	143.0	144.0	145.0	146.0	147.0	148.0	149.0	149.0	150.0	151.0	152.0	153.0	154.0	155.0	156.0	157.0	158.0	159.0	160.0	161.0	162.0	163.0	164.0	165.0	166.0	167.0	168.0	169.0	170.0	171.0	172.0	173.0	174.0	175.0	176.0	177.0	178.0	179.0	180.0	181.0	182.0	183.0	184.0	185.0	186.0	187.0	188.0	189.0	190.0	191.0	192.0	193.0	194.0	195.0	196.0	197.0	198.0	199.0	200.0	201.0	202.0	203.0	204.0	205.0	206.0	207.0	208.0	209.0	210.0	211.0	212.0	213.0	214.0	215.0	216.0	217.0	218.0	219.0	220.0	221.0	222.0	223.0	224.0	225.0	226.0	227.0	228.0	229.0	230.0	231.0	232.0	233.0	234.0	235.0	236.0	237.0	238.0	239.0	240.0	241.0	242.0	243.0	244.0	245.0	246.0	247.0	248.0	249.0	250.0	251.0	252.0	253.0	254.0	255.0	256.0	257.0	258.0	259.0	260.0	261.0	262.0	263.0	264.0	265.0	266.0	267.0	268.0	269.0	270.0	271.0	272.0	273.0	274.0	275.0	276.0	277.0	278.0	279.0	280.0	281.0	282.0	283.0	284.0	285.0	286.0	287.0	288.0	289.0	290.0	291.0	292.0	293.0	294.0	295.0	296.0	297.0	298.0	298.0	299.0	300.0	301.0	302.0	303.0	304.0	305.0
2322.264595144001
