4914.679898893384	500.0	2000.0	284.90514738021585	0	0.0	4914.679898893384	1	0	1.0	-2.6569343808997057
5640.401556917022	2000.0	2274.278341976362	0.0	0	0.0	2914.6798988933842	1	0	1.0	-5.654151340261303
6736.247773231771	3000.0	2178.4321256616136	0.0	0	0.0	2914.6798988933847	1	0	1.0	1.7321430208585868
7535.485850229042	2000.0	2379.1940486643434	0.0	0	0.0	2914.679898893385	1	0	1.0	1.3266779127504218
8439.257063785324	2000.0	2475.4228351080606	0.0	0	0.0	2914.6798988933842	1	0	1.0	1.7321430208585864
9917.901101956752	2000.0	1996.7787969366325	0.0	0	0.0	2914.6798988933833	1	0	1.0	1.7321430208585866
10570.356908823756	2000.0	2344.3229900696297	0.0	0	0.0	2914.679898893385	1	0	1.0	1.7321430208585864
11758.27518665765	3000.0	2156.404712235737	0.0	0	0.0	2914.6798988933842	1	0	1.0	1.7321430208585868
12533.992385214724	3000.0	2380.687513678661	0.0	0	0.0	2914.6798988933842	1	0	1.0	2.1376081289667512
13347.435953904	3000.0	2567.2439449893864	0.0	0	0.0	2914.6798988933842	1	0	1.0	2.1376081289667512
14882.075695630072	6000.0	2032.6042032633122	0.0	0	0.0	2914.6798988933842	1	0	1.0	2.1376081289667512
15877.366624755508	3000.0	2037.313274137875	0.0	0	0.0	2914.6798988933842	1	0	1.0	1.4444609484068065
16945.639616162305	3000.0	1969.0402827310795	0.0	0	0.0	2914.679898893386	1	0	1.0	2.137608128966751
18059.962182679505	3000.0	1854.7177162138787	0.0	0	0.0	2914.6798988933824	1	0	1.0	2.1376081289667512
18922.645472918663	3000.0	1992.034425974724	0.0	0	0.0	2914.679898893386	1	0	1.0	2.1376081289667517
19526.599348066495	3000.0	2388.0805508268936	0.0	0	0.0	2914.6798988933806	1	0	1.0	2.1376081289667517
20564.98816741024	6000.0	2349.691731483149	0.0	0	0.0	2914.679898893377	1	0	1.0	2.1376081289667526
21411.748362601957	6000.0	2502.9315362914285	0.0	0	0.0	2914.679898893377	1	0	1.0	2.8307553095266975
23732.90088080643	6000.0	1181.7790180869524	0.0	0	0.0	2914.679898893377	1	0	1.0	2.8307553095266975
25778.217415492916	6000.0	200.0	63.5375165995319	0	0.0	2978.217415492909	1	0	1.0	2.4473425385752035
27644.08302429765	3000.0	239.4746814728465	905.3402902775795	0	0.0	3883.5577057704977	1	0	1.0	-4.215089770050983
28540.514150769537	2000.0	538.7110853218277	195.6675303208655	0	0.0	4079.2252360913626	1	0	1.0	-0.18356059247653522
29101.590105270152	2000.0	977.6351308212093	0.0	0	0.0	4079.225236091359	1	0	1.0	1.395909697556824
29681.781097931573	2000.0	1397.4441381597878	0.0	0	0.0	4079.225236091359	1	0	1.0	1.395909697556824
30233.762042374503	3000.0	1845.463193716859	0.0	0	0.0	4079.225236091359	1	0	1.0	1.395909697556824
31351.677724582347	3000.0	1727.5475115090169	0.0	0	0.0	4079.225236091359	1	0	1.0	1.8013748056649885
33111.006740555735	3000.0	968.2184955356324	0.0	0	0.0	4079.225236091359	1	0	1.0	1.8013748056649885
34549.21249737289	2000.0	530.0127387184646	0.0	0	0.0	4079.2252360913517	1	0	1.0	0.9904445894486609
35475.00087747983	2000.0	604.2243586115318	0.0	0	0.0	4079.225236091359	1	0	1.0	1.3959096975568257
36243.87750559503	2000.0	835.3477304963372	0.0	0	0.0	4079.225236091359	1	0	1.0	1.3959096975568237
36946.28769502854	2000.0	1132.937541062825	0.0	0	0.0	4079.2252360913553	1	0	1.0	1.3959096975568248
37731.33100492777	2000.0	1347.894231163603	0.0	0	0.0	4079.2252360913553	1	0	1.0	1.3959096975568255
38638.289610643486	2000.0	1440.9356254478923	0.0	0	0.0	4079.2252360913626	1	0	1.0	1.3959096975568226
39353.910090288366	2000.0	1725.3151458030077	0.0	0	0.0	4079.2252360913626	1	0	1.0	1.3959096975568226
40090.61388600579	2000.0	1988.6113500855843	0.0	0	0.0	4079.22523609137	1	0	1.0	1.395909697556819
41796.62896812845	3000.0	1282.596267962923	0.0	0	0.0	4079.22523609137	1	0	1.0	1.3959096975568193
42673.113615043934	2000.0	1406.1116210474338	0.0	0	0.0	4079.22523609137	1	0	1.0	0.9904445894486545
43787.73518008944	2000.0	1291.4900560019323	0.0	0	0.0	4079.22523609137	1	0	1.0	1.395909697556819
44511.820636363605	2000.0	1567.4045997277758	0.0	0	0.0	4079.22523609137	1	0	1.0	1.395909697556819
45165.89444952118	2000.0	1913.3307865702045	0.0	0	0.0	4079.22523609137	1	0	1.0	1.395909697556819
45695.799568465794	2000.0	2383.425667625602	0.0	0	0.0	4079.22523609137	1	0	1.0	1.395909697556819
46721.319249926164	3000.0	2357.9059861652368	0.0	0	0.0	4079.22523609137	1	0	1.0	1.3959096975568193
47534.501810770074	3000.0	2544.7234253213296	0.0	0	0.0	4079.22523609137	1	0	1.0	1.8013748056649839
47982.13613243724	3000.0	3097.089103654151	0.0	0	0.0	4079.2252360913626	1	0	1.0	1.8013748056649872
49327.68475981714	6000.0	2751.5404762742583	0.0	0	0.0	4079.2252360913626	1	0	1.0	1.8013748056649872
50935.02424687878	3000.0	2144.2009892126266	0.0	0	0.0	4079.2252360913626	1	0	1.0	1.1082276251050422
52732.84588951235	3000.0	1346.3793465790568	0.0	0	0.0	4079.2252360913626	1	0	1.0	1.8013748056649872
54083.57181219539	2000.0	995.6534238960224	0.0	0	0.0	4079.2252360913626	1	0	1.0	0.9904445894486579
54630.90475703347	2000.0	1448.320479057942	0.0	0	0.0	4079.2252360913626	1	0	1.0	1.3959096975568226
55082.01940944151	2000.0	1997.2058266499039	0.0	0	0.0	4079.2252360913626	1	0	1.0	1.3959096975568226
55805.42456820105	2000.0	2273.800667890358	0.0	0	0.0	4079.2252360913553	1	0	1.0	1.3959096975568255
57084.28794327808	3000.0	1994.9372928133293	0.0	0	0.0	4079.2252360913553	1	0	1.0	1.3959096975568257
58300.957674030964	3000.0	1778.2675620604489	0.0	0	0.0	4079.2252360913553	1	0	1.0	1.8013748056649903
58803.99202550698	2000.0	2275.233210584429	0.0	0	0.0	4079.2252360913553	1	0	1.0	0.9904445894486609
59994.69755932089	3000.0	2084.527676770512	0.0	0	0.0	4079.225236091348	1	0	1.0	1.395909697556829
60628.70346816096	2000.0	2450.521767930435	0.0	0	0.0	4079.225236091348	1	0	1.0	0.990444589448664
61680.29800563296	3000.0	2398.927230458433	0.0	0	0.0	4079.2252360913553	1	0	1.0	1.3959096975568257
63286.30199908307	3000.0	1792.9232370083203	0.0	0	0.0	4079.225236091348	1	0	1.0	1.8013748056649936
64310.009208746065	2000.0	1769.2160273453292	0.0	0	0.0	4079.225236091348	1	0	1.0	0.990444589448664
66617.0126243435	3000.0	462.2126117479005	0.0	0	0.0	4079.225236091341	1	0	1.0	1.3959096975568317
67319.1207625751	2000.0	760.1044735162984	0.0	0	0.0	4079.225236091348	1	0	1.0	0.9904445894486654
67947.09081655325	2000.0	1132.1344195381362	0.0	0	0.0	4079.2252360913335	1	0	1.0	1.3959096975568333
68447.41566274801	2000.0	1631.8095733433615	0.0	0	0.0	4079.225236091319	1	0	1.0	1.3959096975568406
69037.68473576408	3000.0	2041.5405003272958	0.0	0	0.0	4079.225236091319	1	0	1.0	1.3959096975568421
69528.80669306015	3000.0	2550.4185430312255	0.0	0	0.0	4079.225236091319	1	0	1.0	1.801374805665006
69989.41277197516	3000.0	3089.81246411621	0.0	0	0.0	4079.2252360913117	1	0	1.0	1.8013748056650098
71185.75909668078	6000.0	2893.4661394105797	0.0	0	0.0	4079.2252360913117	1	0	1.0	1.8013748056650096
72055.2949521542	3000.0	3023.930283937155	0.0	0	0.0	4079.225236091326	1	0	1.0	1.1082276251050585
73166.50870486887	3000.0	2912.7165312224874	0.0	0	0.0	4079.225236091326	1	0	1.0	1.8013748056650034
73841.29286084874	3000.0	3237.932375242619	0.0	0	0.0	4079.225236091326	1	0	1.0	1.8013748056650034
74886.655708776	3000.0	3192.5695273153588	0.0	0	0.0	4079.225236091326	1	0	1.0	1.8013748056650034
75790.68378552036	3000.0	3288.541450570975	0.0	0	0.0	4079.2252360913117	1	0	1.0	1.8013748056650098
76918.64063912704	3000.0	3160.5845969643046	0.0	0	0.0	4079.225236091326	1	0	1.0	1.8013748056650034
77593.73204638087	3000.0	3485.4931897104766	0.0	0	0.0	4079.2252360913117	1	0	1.0	1.8013748056650098
78316.64768806222	3000.0	3762.577548029127	0.0	0	0.0	4079.2252360913117	1	0	1.0	1.8013748056650098
79200.0	3000.0	3879.225236091351	0.0	0	124.71961008875223	4079.2252360913117	1	0	1.0	1.8013748056650098
80200.0	3000.0	3879.2252360913485	0.0	0	423.4770943202893	4079.2252360913117	1	0	1.0	1.8013748056650098
81329.67493761794	6000.0	3749.5502984734003	0.0	0	0.0	4079.2252360913117	1	0	1.0	1.8013748056650096
83008.58218751008	6000.0	3070.643048581264	0.0	0	0.0	4079.2252360913117	1	0	1.0	2.494521986224955
83937.40968117848	6000.0	3141.8155549128714	0.0	0	0.0	4079.2252360913117	1	0	1.0	2.494521986224955
85170.85948930921	6000.0	2908.3657467821513	0.0	0	0.0	4079.2252360913117	1	0	1.0	2.494521986224955
86887.06097022053	6000.0	2192.164265870831	0.0	0	0.0	4079.2252360913117	1	0	1.0	2.494521986224955
88021.7966148997	3000.0	2057.428621191673	0.0	0	0.0	4079.225236091297	1	0	1.0	1.1082276251050716
88847.40214334619	3000.0	2231.8230927451596	0.0	0	0.0	4079.225236091297	1	0	1.0	1.8013748056650165
89958.16851457824	3000.0	2121.0567215131105	0.0	0	0.0	4079.225236091297	1	0	1.0	1.8013748056650165
91124.19559376301	3000.0	1955.0296423283505	0.0	0	0.0	4079.225236091297	1	0	1.0	1.8013748056650165
92786.97353307068	3000.0	1292.251703020688	0.0	0	0.0	4079.225236091297	1	0	1.0	1.8013748056650165
93282.99309783906	2000.0	1796.2321382523073	0.0	0	0.0	4079.2252360912826	1	0	1.0	0.9904445894486934
94383.29145152244	2000.0	1695.933784568949	0.0	0	0.0	4079.225236091297	1	0	1.0	1.3959096975568517
95077.20727233085	2000.0	2002.017963760532	0.0	0	0.0	4079.225236091297	1	0	1.0	1.3959096975568517
95675.59855161443	2000.0	2403.62668447696	0.0	0	0.0	4079.2252360912826	1	0	1.0	1.3959096975568581
96697.43928846806	3000.0	2381.7859476233293	0.0	0	0.0	4079.2252360912826	1	0	1.0	1.3959096975568581
97520.56018532939	3000.0	2558.6650507620097	0.0	0	0.0	4079.2252360912826	1	0	1.0	1.8013748056650227
98474.98233516104	3000.0	2604.2429009303646	0.0	0	0.0	4079.2252360912826	1	0	1.0	1.8013748056650227
99252.8284101434	3000.0	2826.3968259479943	0.0	0	0.0	4079.2252360912826	1	0	1.0	1.8013748056650227
100401.97924013749	3000.0	2677.245995953919	0.0	0	0.0	4079.2252360912826	1	0	1.0	1.8013748056650227
101394.67757637915	3000.0	2684.547659712252	0.0	0	0.0	4079.2252360912826	1	0	1.0	1.8013748056650227
102044.33221685253	3000.0	3034.893019238873	0.0	0	0.0	4079.2252360912826	1	0	1.0	1.8013748056650227
103006.06845269025	3000.0	3073.156783401166	0.0	0	0.0	4079.225236091297	1	0	1.0	1.8013748056650165
103958.14030611777	3000.0	3121.0849299736506	0.0	0	0.0	4079.2252360913117	1	0	1.0	1.8013748056650098
105146.6683662434	3000.0	2932.556869848014	0.0	0	0.0	4079.2252360913117	1	0	1.0	1.8013748056650098
106170.28848750572	3000.0	2908.9367485856756	0.0	0	0.0	4079.2252360913117	1	0	1.0	1.8013748056650098
106986.66354481911	3000.0	3092.5616912722935	0.0	0	0.0	4079.2252360913117	1	0	1.0	1.8013748056650098
107686.47663739866	3000.0	3392.748598692737	0.0	0	0.0	4079.225236091326	1	0	1.0	1.8013748056650034
108598.95970159212	3000.0	3480.265534499277	0.0	0	0.0	4079.225236091341	1	0	1.0	1.801374805664997
109368.05926603072	3000.0	3711.165970060689	0.0	0	0.0	4079.225236091326	1	0	1.0	1.8013748056650034
110391.81240239224	3000.0	3687.4128336991635	0.0	0	0.0	4079.225236091326	1	0	1.0	1.8013748056650034
111294.87479918446	3000.0	3784.350436906931	0.0	0	0.0	4079.225236091326	1	0	1.0	1.8013748056650034
112200.0	3000.0	3879.225236091387	0.0	0	181.85301117655763	4079.225236091341	1	0	1.0	1.801374805664997
113200.0	3000.0	3879.225236091375	0.0	0	306.2134813149023	4079.225236091341	1	0	1.0	1.801374805664997
114200.0	3000.0	3879.225236091375	0.0	0	243.78105833064183	4079.225236091341	1	0	1.0	1.801374805664997
115246.85560136997	3000.0	3832.369634721397	0.0	0	0.0	4079.225236091341	1	0	1.0	1.801374805664997
116200.0	3000.0	3879.2252360913603	0.0	0	52.55810724871117	4079.225236091341	1	0	1.0	1.801374805664997
117200.0	3000.0	3879.225236091371	0.0	0	218.40500530028658	4079.2252360913553	1	0	1.0	1.8013748056649903
118200.0	3000.0	3879.2252360913635	0.0	0	114.10380317419185	4079.2252360913553	1	0	1.0	1.8013748056649903
119200.0	3000.0	3879.2252360913603	0.0	0	171.41579149353493	4079.2252360913553	1	0	1.0	1.8013748056649903
120200.0	3000.0	3879.2252360913467	0.0	0	315.86968789895764	4079.225236091341	1	0	1.0	1.801374805664997
121255.55358931208	3000.0	3823.6716467792617	0.0	0	0.0	4079.225236091341	1	0	1.0	1.801374805664997
122220.43784193517	3000.0	3858.7873941561684	0.0	0	0.0	4079.225236091341	1	0	1.0	1.801374805664997
123200.0	3000.0	3879.2252360913385	0.0	0	204.36405115584785	4079.225236091326	1	0	1.0	1.8013748056650034
124323.09859928512	3000.0	3756.126636806218	0.0	0	0.0	4079.225236091326	1	0	1.0	1.8013748056650034
125200.0	3000.0	3879.225236091337	0.0	0	63.92576128123619	4079.225236091326	1	0	1.0	1.8013748056650034
126200.0	3000.0	3879.225236091328	0.0	0	129.40969697856053	4079.225236091326	1	0	1.0	1.8013748056650034
127200.0	3000.0	3879.225236091327	0.0	0	259.0435300698882	4079.225236091341	1	0	1.0	1.801374805664997
128200.0	3000.0	3879.225236091326	0.0	0	336.0851299682399	4079.225236091341	1	0	1.0	1.801374805664997
129288.29798842882	3000.0	3790.9272476625124	0.0	0	0.0	4079.225236091341	1	0	1.0	1.801374805664997
130208.62882937287	3000.0	3870.596406718452	0.0	0	0.0	4079.225236091341	1	0	1.0	1.801374805664997
131310.30831690825	3000.0	3768.916919183065	0.0	0	0.0	4079.225236091326	1	0	1.0	1.8013748056649983
132321.70902042405	3000.0	3757.516215667267	0.0	0	0.0	4079.225236091341	1	0	1.0	1.8013748056650034
133252.12181872418	3000.0	3827.103417367125	0.0	0	0.0	4079.225236091341	1	0	1.0	1.8013748056649943
134200.0	3000.0	3879.225236091297	0.0	0	345.9483518329798	4079.225236091341	1	0	1.0	1.801374805664997
135200.0	3000.0	3879.225236091308	0.0	0	224.27373604121385	4079.2252360913553	1	0	1.0	1.801374805664993
136200.0	3000.0	3879.225236091316	0.0	0	96.86102296540048	4079.2252360913844	1	0	1.0	1.8013748056649772
137200.0	3000.0	3879.2252360913126	0.0	0	84.48298126581358	4079.2252360913553	1	0	1.0	1.8013748056649903
138200.0	3000.0	3879.2252360913108	0.0	0	370.63018397262204	4079.2252360913553	1	0	1.0	1.8013748056649903
139200.0	3000.0	3879.225236091326	0.0	0	329.12630515467026	4079.2252360913553	1	0	1.0	1.8013748056649903
140266.18402378677	3000.0	3813.0412123045257	0.0	0	0.0	4079.2252360913553	1	0	1.0	1.8013748056649903
141304.3361790387	3000.0	3774.88905705256	0.0	0	0.0	4079.2252360913553	1	0	1.0	1.8013748056649903
142282.7009721471	3000.0	3796.5242639441585	0.0	0	0.0	4079.225236091326	1	0	1.0	1.8013748056650034
143200.0	3000.0	3879.225236091281	0.0	0	22.92709293551161	4079.225236091326	1	0	1.0	1.8013748056650034
144200.0	3000.0	3879.225236091291	0.0	0	326.8490352425433	4079.225236091326	1	0	1.0	1.8013748056650034
145200.0	3000.0	3879.2252360912703	0.0	0	274.64529501402285	4079.225236091326	1	0	1.0	1.8013748056650034
146200.0	3000.0	3879.225236091293	0.0	0	77.71553578675957	4079.225236091326	1	0	1.0	1.8013748056650034
147330.76648635854	6000.0	3748.458749732744	0.0	0	0.0	4079.225236091297	1	0	1.0	1.8013748056650163
149106.92115492563	6000.0	2972.304081165639	0.0	0	0.0	4079.225236091297	1	0	1.0	2.494521986224961
150695.33570734912	6000.0	2383.8895287421483	0.0	0	0.0	4079.225236091297	1	0	1.0	2.494521986224961
151599.4289712716	3000.0	2479.796264819647	0.0	0	0.0	4079.225236091297	1	0	1.0	1.1082276251050716
152363.0884258086	3000.0	2716.1368102826855	0.0	0	0.0	4079.225236091326	1	0	1.0	1.8013748056650034
153174.9084385987	3000.0	2904.3167974925573	0.0	0	0.0	4079.225236091297	1	0	1.0	1.8013748056650165
154176.01009215481	3000.0	2903.215143936453	0.0	0	0.0	4079.225236091297	1	0	1.0	1.8013748056650165
155086.46445830344	3000.0	2992.7607777878097	0.0	0	0.0	4079.225236091297	1	0	1.0	1.8013748056650165
156072.498461449	3000.0	3006.726774642219	0.0	0	0.0	4079.225236091268	1	0	1.0	1.8013748056650292
157376.38822436894	3000.0	2702.837011722298	0.0	0	0.0	4079.225236091297	1	0	1.0	1.8013748056650165
159368.34334448774	3000.0	1710.8818916034995	0.0	0	0.0	4079.225236091268	1	0	1.0	1.8013748056650292
159933.08293519277	2000.0	2146.1423008984966	0.0	0	0.0	4079.225236091268	1	0	1.0	0.9904445894486997
161002.23803746531	3000.0	2076.9871986259304	0.0	0	0.0	4079.225236091297	1	0	1.0	1.395909697556852
161674.24628344635	3000.0	2404.978952644902	0.0	0	0.0	4079.225236091297	1	0	1.0	1.8013748056650138
162372.7115750287	3000.0	2706.5136610625464	0.0	0	0.0	4079.225236091326	1	0	1.0	1.8013748056650034
163645.97090291488	3000.0	2433.2543331763595	0.0	0	0.0	4079.225236091326	1	0	1.0	1.8013748056649956
164822.156453452	3000.0	2257.0687826392536	0.0	0	0.0	4079.225236091326	1	0	1.0	1.8013748056650034
165673.46427324406	3000.0	2405.7609628471605	0.0	0	0.0	4079.225236091326	1	0	1.0	1.8013748056650034
166795.4271909937	3000.0	2283.798045097513	0.0	0	0.0	4079.225236091326	1	0	1.0	1.8013748056650034
167423.1644006757	3000.0	2656.0608354155393	0.0	0	0.0	4079.225236091326	1	0	1.0	1.8013748056650034
168194.5914591388	3000.0	2884.6337769524425	0.0	0	0.0	4079.2252360913553	1	0	1.0	1.8013748056649903
168771.1724494866	3000.0	3308.052786604659	0.0	0	0.0	4079.225236091326	1	0	1.0	1.8013748056650034
169589.43907461004	6000.0	3489.786161481198	0.0	0	0.0	4079.225236091297	1	0	1.0	1.8013748056650085
170307.6357962461	6000.0	3771.589439845163	0.0	0	0.0	4079.225236091297	1	0	1.0	2.494521986224961
171755.5997355313	6000.0	3323.625500559947	0.0	0	0.0	4079.225236091268	1	0	1.0	2.494521986224974
173651.8518761224	6000.0	2427.3733599687903	0.0	0	0.0	4079.225236091268	1	0	1.0	2.494521986224974
176704.83680455878	6000.0	374.3884315324266	0.0	0	0.0	4079.225236091268	1	0	1.0	2.494521986224982
177954.28326781248	3000.0	484.6537847573512	359.71181647861613	0	0.0	4438.937052569847	1	0	1.0	-1.232919189372558
178561.66631469963	2000.0	877.2707378701955	0.0	0	0.0	2438.937052569847	1	0	1.0	-4.6089500561409045
179375.87849524678	3000.0	1063.058557323062	0.0	0	0.0	2438.937052569847	1	0	1.0	1.7965150519672588
180121.20543668614	3000.0	1317.7316158837048	0.0	0	0.0	2438.937052569847	1	0	1.0	2.2019801600754234
181832.04820284722	3000.0	606.8888497226308	0.0	0	0.0	2438.937052569847	1	0	1.0	2.2019801600754234
182898.54878148387	2000.0	540.3882710859856	0.0	0	0.0	2438.937052569847	1	0	1.0	1.3910499438590933
183861.70172309052	2000.0	603.98541893454	26.75008945518148	0	0.0	2465.687142025039	1	0	1.0	1.633103795688447
184511.05778014258	2000.0	954.6293618824535	0.0	0	0.0	2465.68714202501	1	0	1.0	1.7936043324195365
185227.41730154297	2000.0	1238.269840482065	0.0	0	0.0	2465.68714202501	1	0	1.0	1.7936043324195392
185974.65996946825	2000.0	1491.0271725567784	0.0	0	0.0	2465.68714202501	1	0	1.0	1.7936043324195392
186775.12116062618	2000.0	1690.5659813988375	0.0	0	0.0	2465.68714202501	1	0	1.0	1.7936043324195392
187652.71596703923	3000.0	1812.971174985796	0.0	0	0.0	2465.68714202501	1	0	1.0	1.7936043324195392
188682.2526423573	3000.0	1783.4344996677316	0.0	0	0.0	2465.687142025039	1	0	1.0	2.199069440527703
189291.5994612567	2000.0	2174.0876807683594	0.0	0	0.0	2465.687142025039	1	0	1.0	1.3881392243113713
191220.43548313226	3000.0	1245.2516588928315	0.0	0	0.0	2465.687142025068	1	0	1.0	1.793604332419533
192478.2684813725	2000.0	987.4186606526223	0.0	0	0.0	2465.687142025068	1	0	1.0	1.3881392243113682
193545.8611199865	2000.0	919.8260220385956	0.0	0	0.0	2465.687142025068	1	0	1.0	1.7936043324195328
194087.11934044558	2000.0	1378.5678015795074	0.0	0	0.0	2465.6871420250973	1	0	1.0	1.7936043324195294
194769.37550377118	2000.0	1696.3116382539167	0.0	0	0.0	2465.6871420250973	1	0	1.0	1.7936043324195294
195544.12246943841	2000.0	1921.5646725866475	0.0	0	0.0	2465.6871420250973	1	0	1.0	1.7936043324195294
196200.0	3000.0	2265.6871420250814	0.0	0	42.923756880976725	2465.6871420250973	1	0	1.0	1.7936043324195297
197200.0	3000.0	2265.6871420250895	0.0	0	466.11385250717285	2465.6871420251264	1	0	1.0	2.1990694405276914
198200.0	3000.0	2265.687142025115	0.0	0	21.800511066394392	2465.6871420251264	1	0	1.0	2.1990694405276914
199757.10543374464	3000.0	1708.5817082805079	0.0	0	0.0	2465.6871420251264	1	0	1.0	2.1990694405276914
201706.08436390947	3000.0	759.6027781156545	0.0	0	0.0	2465.6871420251264	1	0	1.0	2.1990694405276914
203074.75933690582	2000.0	598.2397432508662	207.3119381315591	0	0.0	2672.9990801566746	1	0	1.0	0.11904803790272922
203769.89913806666	2000.0	903.0999420900113	0.0	0	0.0	2672.9990801566746	1	0	1.0	1.7683847748002486
204232.2033930532	2000.0	1440.795687103468	0.0	0	0.0	2672.9990801566746	1	0	1.0	1.7683847748002486
205111.11578545414	2000.0	1561.883294702525	0.0	0	0.0	2672.9990801566746	1	0	1.0	1.7683847748002486
205860.80985177046	2000.0	1812.189228386165	0.0	0	0.0	2672.9990801567037	1	0	1.0	1.7683847748002455
206802.15398157545	2000.0	1870.8450985811762	0.0	0	0.0	2672.9990801566746	1	0	1.0	1.7683847748002486
207773.37111571152	2000.0	1899.6279644451442	0.0	0	0.0	2672.9990801566746	1	0	1.0	1.7683847748002486
208612.2677863877	2000.0	2060.7312937689503	0.0	0	0.0	2672.9990801566746	1	0	1.0	1.7683847748002486
209396.85172089882	2000.0	2276.1473592578322	0.0	0	0.0	2672.9990801566746	1	0	1.0	1.7683847748002486
210434.62391744726	3000.0	2238.3751627094052	0.0	0	0.0	2672.9990801566746	1	0	1.0	1.7683847748002486
211432.2919331731	3000.0	2240.707146983549	0.0	0	0.0	2672.9990801566746	1	0	1.0	2.173849882908413
213189.40065658494	3000.0	1483.59842357172	0.0	0	0.0	2672.9990801567037	1	0	1.0	2.17384988290841
214881.373044906	2000.0	791.6260352506223	0.0	0	0.0	2672.9990801566746	1	0	1.0	1.362919666692084
215680.07474689392	2000.0	992.9243332626911	0.0	0	0.0	2672.9990801566746	1	0	1.0	1.7683847748002486
216315.59947338142	2000.0	1357.399606775212	0.0	0	0.0	2672.9990801566746	1	0	1.0	1.7683847748002486
216812.71841222513	2000.0	1860.28066793149	0.0	0	0.0	2672.9990801566455	1	0	1.0	1.7683847748002524
217514.88923888473	3000.0	2158.1098412718784	0.0	0	0.0	2672.9990801566455	1	0	1.0	1.7683847748002526
218200.0	3000.0	2472.9990801566387	0.0	0	200.58580685654306	2672.9990801566455	1	0	1.0	2.173849882908417
219200.0	6000.0	2472.9990801566664	0.0	0	106.6333931965637	2672.9990801566455	1	0	1.0	2.1738498829084167
221274.10262320485	6000.0	1398.8964569518544	0.0	0	0.0	2672.9990801566455	1	0	1.0	2.8669970634683617
222168.98613661702	3000.0	1504.012943539705	0.0	0	0.0	2672.9990801566455	1	0	1.0	1.4807027023484722
222846.80408477335	3000.0	1826.1949953833976	0.0	0	0.0	2672.9990801566455	1	0	1.0	2.173849882908417
223712.95478250747	3000.0	1960.0442976493016	0.0	0	0.0	2672.9990801566746	1	0	1.0	2.173849882908413
224703.42250575637	3000.0	1969.5765744004157	0.0	0	0.0	2672.9990801567037	1	0	1.0	2.173849882908409
225819.234641275	3000.0	1853.7644388818092	0.0	0	0.0	2672.9990801567037	1	0	1.0	2.173849882908409
226620.41537341938	3000.0	2052.5837067373886	0.0	0	0.0	2672.9990801566746	1	0	1.0	2.173849882908413
227272.71371703953	3000.0	2400.2853631172243	0.0	0	0.0	2672.9990801566455	1	0	1.0	2.173849882908417
228200.0	3000.0	2472.9990801567724	0.0	0	431.8975295443379	2672.9990801566746	1	0	1.0	2.173849882908413
229200.0	3000.0	2472.9990801567997	0.0	0	107.32461027876707	2672.9990801567037	1	0	1.0	2.173849882908409
230620.12977110277	6000.0	2052.8693090540264	0.0	0	0.0	2672.9990801567037	1	0	1.0	2.1738498829084065
231725.9190302628	6000.0	1947.0800498939873	0.0	0	0.0	2672.9990801567037	1	0	1.0	2.8669970634683537
232551.63913028705	6000.0	2121.359949869719	0.0	0	0.0	2672.999080156733	1	0	1.0	2.8669970634683506
233757.22138275972	6000.0	1915.77769739703	0.0	0	0.0	2672.999080156733	1	0	1.0	2.8669970634683506
235963.96645029983	6000.0	709.0326298569049	0.0	0	0.0	2672.999080156733	1	0	1.0	2.8669970634683506
236956.81907342369	3000.0	716.1800067330712	0.0	0	0.0	2672.9990801567037	1	0	1.0	1.4807027023484638
237734.0993342249	3000.0	938.899745931862	0.0	0	0.0	2672.9990801566746	1	0	1.0	2.173849882908412
238475.78010805734	3000.0	1197.2189720994284	0.0	0	0.0	2672.9990801566746	1	0	1.0	2.173849882908413
239193.0759137493	2000.0	1479.9231664074625	0.0	0	0.0	2672.9990801566746	1	0	1.0	1.362919666692084
240283.67407542362	2000.0	1389.3250047331023	0.0	0	0.0	2672.9990801566746	1	0	1.0	1.7683847748002486
241281.64792235775	2000.0	1391.3511577989702	0.0	0	0.0	2672.9990801566455	1	0	1.0	1.7683847748002524
242170.78461538977	2000.0	1502.2144647669372	0.0	0	0.0	2672.9990801566455	1	0	1.0	1.7683847748002524
243200.0671128782	2000.0	1472.9319672785036	0.0	0	0.0	2672.9990801566455	1	0	1.0	1.7683847748002524
243919.46195140644	2000.0	1753.5371287502621	0.0	0	0.0	2672.9990801566746	1	0	1.0	1.7683847748002486
244713.56364320585	2000.0	1959.4354369508626	0.0	0	0.0	2672.9990801566746	1	0	1.0	1.7683847748002486
245537.64619439485	3000.0	2135.3528857618635	0.0	0	0.0	2672.9990801566746	1	0	1.0	1.7683847748002486
246329.24472560393	3000.0	2343.7543545527947	0.0	0	0.0	2672.9990801566455	1	0	1.0	2.173849882908417
247200.0	3000.0	2472.9990801567296	0.0	0	146.12377645479864	2672.9990801566455	1	0	1.0	2.173849882908417
248200.0	3000.0	2472.999080156717	0.0	0	351.48154850432184	2672.9990801566455	1	0	1.0	2.173849882908417
249200.0	3000.0	2472.9990801567033	0.0	0	381.99996824827394	2672.9990801566164	1	0	1.0	2.173849882908421
250200.0	3000.0	2472.9990801567146	0.0	0	64.64078526457888	2672.9990801566164	1	0	1.0	2.173849882908421
251200.0	3000.0	2472.999080156689	0.0	0	54.16485805352568	2672.9990801566164	1	0	1.0	2.173849882908421
252200.0	3000.0	2472.9990801566996	0.0	0	5.070791223173728	2672.9990801566164	1	0	1.0	2.173849882908421
253248.01866287837	3000.0	2424.980417278355	0.0	0	0.0	2672.9990801565873	1	0	1.0	2.1738498829084247
254200.0	3000.0	2472.999080156716	0.0	0	177.7096801448206	2672.9990801565873	1	0	1.0	2.1738498829084247
255200.0	3000.0	2472.9990801567224	0.0	0	280.71545641636476	2672.9990801565873	1	0	1.0	2.1738498829084247
256200.0	3000.0	2472.9990801567315	0.0	0	129.3033268635627	2672.9990801565873	1	0	1.0	2.1738498829084247
257314.6309606933	3000.0	2358.3681194634855	0.0	0	0.0	2672.9990801565873	1	0	1.0	2.1738498829084247
258336.18355704777	3000.0	2336.815523109024	0.0	0	0.0	2672.9990801566164	1	0	1.0	2.173849882908421
259200.0	3000.0	2472.9990801568197	0.0	0	185.167833050451	2672.9990801565873	1	0	1.0	2.1738498829084247
260337.07649046867	3000.0	2335.922589688146	0.0	0	0.0	2672.9990801565873	1	0	1.0	2.1738498829084247
261242.06066396658	3000.0	2430.938416190241	0.0	0	0.0	2672.9990801565873	1	0	1.0	2.1738498829084247
262251.13344639644	3000.0	2421.8656337603493	0.0	0	0.0	2672.999080156558	1	0	1.0	2.1738498829084256
263321.24308569776	3000.0	2351.7559944590566	0.0	0	0.0	2672.9990801565873	1	0	1.0	2.1738498829084287
264200.0	3000.0	2472.999080156804	0.0	0	91.72894369973801	2672.9990801565873	1	0	1.0	2.1738498829084256
265200.0	3000.0	2472.999080156853	0.0	0	315.10176724958	2672.9990801566746	1	0	1.0	2.173849882908418
266200.0	3000.0	2472.999080156867	0.0	0	81.10099533596076	2672.9990801566746	1	0	1.0	2.173849882908413
267200.0	3000.0	2472.9990801567724	0.0	0	135.5432214998291	2672.9990801566164	1	0	1.0	2.173849882908421
268200.0	3000.0	2472.9990801567455	0.0	0	25.512716910336167	2672.999080156558	1	0	1.0	2.1738498829084287
269200.0	3000.0	2472.9990801567687	0.0	0	209.58114670199575	2672.999080156558	1	0	1.0	2.1738498829084287
270200.0	3000.0	2472.9990801567587	0.0	0	154.41314681980293	2672.999080156558	1	0	1.0	2.1738498829084287
271200.0	3000.0	2472.999080156769	0.0	0	2.9773553101113066	2672.9990801566164	1	0	1.0	2.173849882908421
272200.0	3000.0	2472.999080156766	0.0	0	209.67721276119119	2672.999080156558	1	0	1.0	2.1738498829084287
273200.0	3000.0	2472.999080156745	0.0	0	54.679849450534675	2672.999080156558	1	0	1.0	2.1738498829084287
274200.0	3000.0	2472.9990801567164	0.0	0	131.34065177995944	2672.9990801566164	1	0	1.0	2.173849882908421
275200.0	3000.0	2472.999080156743	0.0	0	356.611914429639	2672.9990801566164	1	0	1.0	2.173849882908421
276200.0	3000.0	2472.9990801567797	0.0	0	280.1986968712881	2672.9990801566746	1	0	1.0	2.173849882908413
277200.0	3000.0	2472.999080156686	0.0	0	228.2967955606291	2672.9990801566746	1	0	1.0	2.173849882908413
278200.0	3000.0	2472.9990801566664	0.0	0	218.06769416463794	2672.9990801566746	1	0	1.0	2.173849882908413
279200.0	3000.0	2472.99908015658	0.0	0	334.2631633594865	2672.9990801566164	1	0	1.0	2.173849882908421
280200.0	3000.0	2472.999080156535	0.0	0	226.4309650635114	2672.9990801566164	1	0	1.0	2.173849882908421
281200.0	3000.0	2472.9990801565373	0.0	0	170.13912829034962	2672.9990801566164	1	0	1.0	2.173849882908421
282259.5830630202	3000.0	2413.416017136367	0.0	0	0.0	2672.9990801566746	1	0	1.0	2.173849882908413
283200.0	3000.0	2472.9990801565577	0.0	0	320.8592206801404	2672.9990801566746	1	0	1.0	2.173849882908413
284200.0	3000.0	2472.999080156524	0.0	0	338.13953971106093	2672.9990801566164	1	0	1.0	2.173849882908421
285200.0	3000.0	2472.999080156516	0.0	0	164.51464389509056	2672.9990801566164	1	0	1.0	2.173849882908421
286270.15468880563	3000.0	2402.8443913508795	0.0	0	0.0	2672.9990801566164	1	0	1.0	2.173849882908421
287261.10436342994	3000.0	2411.894716726647	0.0	0	0.0	2672.9990801566164	1	0	1.0	2.173849882908421
288200.0	3000.0	2472.99908015655	0.0	0	288.3814828620525	2672.9990801566164	1	0	1.0	2.173849882908421
289200.0	3000.0	2472.999080156502	0.0	0	252.22380748746218	2672.999080156558	1	0	1.0	2.1738498829084287
290200.0	3000.0	2472.999080156478	0.0	0	219.19719624426216	2672.999080156558	1	0	1.0	2.1738498829084287
291200.0	3000.0	2472.9990801565	0.0	0	321.009387914266	2672.9990801565	1	0	1.0	2.1738498829084367
292200.0	3000.0	2472.9990801565627	0.0	0	79.31805477087619	2672.9990801565	1	0	1.0	2.1738498829084367
293200.0	3000.0	2472.9990801565664	0.0	0	396.8486170252436	2672.999080156558	1	0	1.0	2.1738498829084287
294200.0	3000.0	2472.999080156598	0.0	0	376.25356955541065	2672.999080156558	1	0	1.0	2.1738498829084287
295200.0	3000.0	2472.9990801565705	0.0	0	304.51400098740123	2672.9990801566164	1	0	1.0	2.173849882908421
296200.0	3000.0	2472.9990801565664	0.0	0	82.55995777260978	2672.9990801566164	1	0	1.0	2.173849882908421
297200.0	3000.0	2472.999080156586	0.0	0	139.3474446152686	2672.9990801566164	1	0	1.0	2.173849882908421
298200.0	3000.0	2472.9990801566096	0.0	0	369.5524744608556	2672.9990801566164	1	0	1.0	2.173849882908421
299200.0	3000.0	2472.99908015666	0.0	0	72.86872405122267	2672.9990801566746	1	0	1.0	2.173849882908413
300200.0	3000.0	2472.999080156621	0.0	0	81.50808103842428	2672.9990801566746	1	0	1.0	2.173849882908413
301200.0	3000.0	2472.9990801566264	0.0	0	299.56312815094134	2672.9990801566164	1	0	1.0	2.173849882908421
302200.0	3000.0	2472.9990801566328	0.0	0	298.3503232647781	2672.9990801566164	1	0	1.0	2.173849882908421
303200.0	3000.0	2472.99908015658	0.0	0	130.64190574514214	2672.9990801566164	1	0	1.0	2.173849882908421
304507.6466088229	3000.0	2165.352471333671	0.0	0	0.0	2672.999080156558	1	0	1.0	2.1738498829084287
2.3524897959183675	3.1564897959183673	2.5564897959183672	2.004489795918367	1.3324897959183672	2.4484897959183676	3.384489795918367	4.188489795918367	5.016489795918368	3.0604897959183672	3.432489795918367	3.8644897959183675	3.2524897959183674	3.888489795918367	5.148489795918367	6.744489795918367	8.064489795918368	3.7444897959183674	3.3484897959183675	2.5444897959183677	2.0644897959183677	1.7164897959183674	1.5964897959183675	2.5204897959183676	3.8764897959183675	4.812489795918368	3.312489795918367	1.8124897959183672	1.8004897959183674	1.8004897959183674	2.5204897959183676	3.6124897959183673	1.6324897959183673	2.7004897959183674	3.336489795918367	3.6004897959183673	1.7644897959183674	2.0164897959183676	1.2244897959183676	2.0644897959183677	3.408489795918367	3.480489795918367	4.656489795918368	6.060489795918368	3.3964897959183675	2.0164897959183676	2.8084897959183674	1.6324897959183673	0.712181818181818	2.692181818181818	3.844181818181818	2.524181818181818	2.152181818181818	2.2601818181818185	3.4721818181818183	2.956181818181818	3.0401818181818183	2.920181818181818	2.056181818181818	2.524181818181818	1.1321818181818184	2.0081818181818187	2.764181818181818	4.2761818181818185	5.7281818181818185	6.304181818181817	2.476181818181818	2.9921818181818183	3.7841818181818185	3.7841818181818185	3.9041818181818178	1.7801818181818179	3.148181818181818	4.576181818181818	4.672181818181818	4.804181818181818	4.000181818181818	4.612181818181818	5.524181818181818	5.344181818181818	4.240181818181818	2.692181818181818	3.6161818181818184	3.328181818181818	3.268181818181818	2.776181818181818	1.5281818181818183	2.248181818181818	3.1361818181818184	2.4281818181818178	2.668181818181818	3.580181818181818	3.6234	3.8974	3.8934	3.5354	3.4414000000000002	3.4754	3.6474	3.3574	3.2534	3.4094	3.6254	3.5894	3.7514000000000003	3.5154	3.5734	3.4154	3.4454000000000002	3.6474	3.8934	3.9154	3.5814	3.4834	3.3434	3.3514	3.2274000000000003	3.4854000000000003	3.5754	3.7214	3.5554	3.5794	3.4774000000000003	3.7114000000000003	3.6434	3.7394000000000003	3.5614	3.3754	3.6154	3.8714	3.7814	3.3834	3.715411764705882	3.727411764705882	3.663411764705882	3.789411764705882	3.599411764705882	3.671411764705882	3.789411764705882	4.055411764705882	4.299411764705882	4.441411764705882	4.3654117647058825	3.9474117647058824	3.9474117647058824	3.9074117647058824	3.7014117647058824	3.663411764705882	3.8754117647058823	1.9804897959183674	2.3524897959183675	3.1564897959183673	2.5564897959183672	2.004489795918367	1.3324897959183672	2.4484897959183676	3.384489795918367	4.188489795918367	5.016489795918368	3.0604897959183672	3.432489795918367	3.8644897959183675	3.2524897959183674	3.888489795918367	5.148489795918367	6.744489795918367	8.064489795918368	3.7444897959183674	3.3484897959183675	2.5444897959183677	2.0644897959183677	1.7164897959183674	1.5964897959183675	2.5204897959183676	3.8764897959183675	4.812489795918368	3.312489795918367	1.8124897959183672	1.8004897959183674	1.8004897959183674	2.5204897959183676	3.6124897959183673	1.6324897959183673	2.7004897959183674	3.336489795918367	3.6004897959183673	1.7644897959183674	2.0164897959183676	1.2244897959183676	2.0644897959183677	3.408489795918367	3.480489795918367	4.656489795918368	6.060489795918368	3.3964897959183675	2.0164897959183676	2.8084897959183674	1.6324897959183673	0.712181818181818	2.692181818181818	3.844181818181818	2.524181818181818	2.152181818181818	2.2601818181818185	3.4721818181818183	2.956181818181818	3.0401818181818183	2.920181818181818	2.056181818181818	2.524181818181818	1.1321818181818184	2.0081818181818187	2.764181818181818	4.2761818181818185	5.7281818181818185	6.304181818181817	2.476181818181818	2.9921818181818183	3.7841818181818185	3.7841818181818185	3.9041818181818178	1.7801818181818179	3.148181818181818	4.576181818181818	4.672181818181818	4.804181818181818	4.000181818181818	4.612181818181818	5.524181818181818	5.344181818181818	4.240181818181818	2.692181818181818	3.6161818181818184	3.328181818181818	3.268181818181818	2.776181818181818	1.5281818181818183	2.248181818181818	3.1361818181818184	2.4281818181818178	2.668181818181818	3.580181818181818	3.6234	3.8974	3.8934	3.5354	3.4414000000000002	3.4754	3.6474	3.3574	3.2534	3.4094	3.6254	3.5894	3.7514000000000003	3.5154	3.5734	3.4154	3.4454000000000002	3.6474	3.8934	3.9154	3.5814	3.4834	3.3434	3.3514	3.2274000000000003	3.4854000000000003	3.5754	3.7214	3.5554	3.5794	3.4774000000000003	3.7114000000000003	3.6434	3.7394000000000003	3.5614	3.3754	3.6154	3.8714	3.7814	3.3834	3.715411764705882	3.727411764705882	3.663411764705882	3.789411764705882	3.599411764705882	3.671411764705882	3.789411764705882	4.055411764705882	4.299411764705882	4.441411764705882	4.3654117647058825	3.9474117647058824	3.9474117647058824	3.9074117647058824	3.7014117647058824	3.663411764705882	3.8754117647058823	1.9804897959183674	2.3524897959183675	3.1564897959183673	2.5564897959183672	2.004489795918367	1.3324897959183672
1.0	2.0	3.0	4.0	5.0	6.0	7.0	8.0	9.0	10.0	11.0	12.0	13.0	14.0	15.0	16.0	17.0	18.0	19.0	20.0	21.0	22.0	23.0	24.0	25.0	26.0	27.0	28.0	29.0	30.0	31.0	32.0	33.0	34.0	35.0	36.0	37.0	38.0	39.0	40.0	41.0	42.0	43.0	44.0	45.0	46.0	47.0	48.0	49.0	50.0	51.0	52.0	53.0	54.0	55.0	56.0	57.0	58.0	59.0	60.0	61.0	62.0	63.0	64.0	65.0	66.0	67.0	68.0	69.0	70.0	71.0	72.0	73.0	74.0	75.0	76.0	77.0	78.0	79.0	80.0	81.0	82.0	83.0	84.0	85.0	86.0	87.0	88.0	89.0	90.0	91.0	92.0	93.0	94.0	95.0	96.0	97.0	98.0	99.0	100.0	101.0	102.0	103.0	104.0	105.0	106.0	107.0	108.0	109.0	110.0	111.0	112.0	113.0	114.0	115.0	116.0	117.0	118.0	119.0	120.0	121.0	122.0	123.0	124.0	125.0	126.0	127.0	128.0	129.0	130.0	131.0	132.0	133.0	134.0	135.0	136.0	137.0	138.0	139.0	140.0	141.0	142.0	143.0	144.0	145.0	146.0	147.0	148.0	149.0	149.0	150.0	151.0	152.0	153.0	154.0	155.0	156.0	157.0	158.0	159.0	160.0	161.0	162.0	163.0	164.0	165.0	166.0	167.0	168.0	169.0	170.0	171.0	172.0	173.0	174.0	175.0	176.0	177.0	178.0	179.0	180.0	181.0	182.0	183.0	184.0	185.0	186.0	187.0	188.0	189.0	190.0	191.0	192.0	193.0	194.0	195.0	196.0	197.0	198.0	199.0	200.0	201.0	202.0	203.0	204.0	205.0	206.0	207.0	208.0	209.0	210.0	211.0	212.0	213.0	214.0	215.0	216.0	217.0	218.0	219.0	220.0	221.0	222.0	223.0	224.0	225.0	226.0	227.0	228.0	229.0	230.0	231.0	232.0	233.0	234.0	235.0	236.0	237.0	238.0	239.0	240.0	241.0	242.0	243.0	244.0	245.0	246.0	247.0	248.0	249.0	250.0	251.0	252.0	253.0	254.0	255.0	256.0	257.0	258.0	259.0	260.0	261.0	262.0	263.0	264.0	265.0	266.0	267.0	268.0	269.0	270.0	271.0	272.0	273.0	274.0	275.0	276.0	277.0	278.0	279.0	280.0	281.0	282.0	283.0	284.0	285.0	286.0	287.0	288.0	289.0	290.0	291.0	292.0	293.0	294.0	295.0	296.0	297.0	298.0	298.0	299.0	300.0	301.0	302.0	303.0
4455.63079026537
