4479.188846156777	500.0	2000.0	189.14318730220197	0	0.0	4479.188846156777	1	0	1.0	-1.8171071828925212
5669.851400467731	3000.0	1809.337445689046	0.0	0	0.0	4479.188846156777	1	0	1.0	-0.19665229935364947
7025.077221971073	3000.0	1454.1116241857023	0.0	0	0.0	2479.188846156776	1	0	1.0	-3.802427836493347
7636.7457547107115	2000.0	1842.4430914460643	0.0	0	0.0	2479.188846156776	1	0	1.0	1.3866419472903229
8488.938752918506	3000.0	1990.2500932382704	0.0	0	0.0	2479.188846156776	1	0	1.0	1.7921070553984877
9279.049077212214	3000.0	2200.139768944563	0.0	0	0.0	2479.188846156776	1	0	1.0	2.1975721635066523
10350.790781776279	3000.0	2128.398064380499	0.0	0	0.0	2479.188846156777	1	0	1.0	2.197572163506652
11200.0	3000.0	2279.1888461567773	0.0	0	61.322169055592894	2479.188846156776	1	0	1.0	2.1975721635066523
12427.325206622187	3000.0	2051.86363953459	0.0	0	0.0	2479.1888461567723	1	0	1.0	2.1975721635066527
13746.200587911551	3000.0	1732.9882582452237	0.0	0	0.0	2479.1888461567723	1	0	1.0	2.1975721635066527
15448.12459831867	3000.0	1031.0642478381037	0.0	0	0.0	2479.1888461567723	1	0	1.0	2.1975721635066527
16703.209185945783	2000.0	775.9796602109955	0.0	0	0.0	2479.188846156776	1	0	1.0	1.386641947290323
17668.355264091515	2000.0	810.8335820652608	0.0	0	0.0	2479.1888461567723	1	0	1.0	1.7921070553984877
18480.633127314915	2000.0	998.5557188418607	0.0	0	0.0	2479.1888461567723	1	0	1.0	1.792107055398488
19777.49800310077	2000.0	701.6908430560028	0.0	0	0.0	2479.1888461567723	1	0	1.0	1.7921070553984877
20737.898078306353	2000.0	741.2907678504226	0.0	0	0.0	2479.1888461567723	1	0	1.0	1.7921070553984877
21635.825672937193	2000.0	843.3631732195827	0.0	0	0.0	2479.1888461567723	1	0	1.0	1.7921070553984877
22466.084526053954	2000.0	1013.1043201028176	0.0	0	0.0	2479.1888461567723	1	0	1.0	1.7921070553984877
23591.697446218204	2000.0	887.4913999385676	0.0	0	0.0	2479.1888461567723	1	0	1.0	1.7921070553984877
24369.432630360727	2000.0	1109.7562157960483	0.0	0	0.0	2479.1888461567723	1	0	1.0	1.7921070553984877
25021.490019335866	2000.0	1457.6988268209054	0.0	0	0.0	2479.1888461567687	1	0	1.0	1.7921070553984884
25924.232546348903	2000.0	1554.956299807869	0.0	0	0.0	2479.1888461567687	1	0	1.0	1.7921070553984884
27003.19809854955	2000.0	1475.990747607222	0.0	0	0.0	2479.1888461567687	1	0	1.0	1.7921070553984884
28034.110041916843	2000.0	1445.0788042399324	0.0	0	0.0	2479.1888461567687	1	0	1.0	1.7921070553984884
28855.930907090053	2000.0	1623.2579390667283	0.0	0	0.0	2479.1888461567723	1	0	1.0	1.792107055398488
29438.900559431797	2000.0	2040.288286724982	0.0	0	0.0	2479.1888461567723	1	0	1.0	1.7921070553984877
30200.0	2000.0	2279.188846156784	0.0	0	106.944969435237	2479.188846156776	1	0	1.0	1.7921070553984875
31204.792660915267	2000.0	2274.396185241515	0.0	0	0.0	2479.188846156776	1	0	1.0	1.7921070553984875
32200.0	2000.0	2279.1888461567833	0.0	0	315.393919677721	2479.188846156776	1	0	1.0	1.7921070553984875
33200.0	2000.0	2279.188846156788	0.0	0	225.25774381431256	2479.1888461567833	1	0	1.0	1.7921070553984868
34200.0	2000.0	2279.188846156787	0.0	0	291.3237216890557	2479.1888461567833	1	0	1.0	1.7921070553984868
35200.0	2000.0	2279.188846156784	0.0	0	304.62280548660783	2479.1888461567796	1	0	1.0	1.7921070553984864
36729.78718075469	2000.0	1749.401665402099	0.0	0	0.0	2479.188846156787	1	0	1.0	1.7921070553984864
37617.68523555821	2000.0	1861.503610598581	0.0	0	0.0	2479.188846156787	1	0	1.0	1.7921070553984861
38826.96408909329	2000.0	1652.224757063494	0.0	0	0.0	2479.188846156787	1	0	1.0	1.7921070553984861
39560.30875610469	2000.0	1918.8800900521012	0.0	0	0.0	2479.188846156794	1	0	1.0	1.7921070553984852
40240.108030329066	2000.0	2239.0808158277223	0.0	0	0.0	2479.188846156794	1	0	1.0	1.7921070553984852
41230.37150777047	2000.0	2248.8173383863227	0.0	0	0.0	2479.188846156794	1	0	1.0	1.7921070553984852
42279.29538497858	2000.0	2199.8934611782097	0.0	0	0.0	2479.188846156794	1	0	1.0	1.7921070553984852
43206.61537928141	3000.0	2272.5734668753757	0.0	0	0.0	2479.188846156794	1	0	1.0	1.7921070553984857
44200.0	3000.0	2279.1888461567787	0.0	0	39.95500086809625	2479.188846156794	1	0	1.0	2.19757216350665
45200.0	3000.0	2279.188846156772	0.0	0	253.59770963658957	2479.188846156787	1	0	1.0	2.197572163506651
46200.0	3000.0	2279.188846156773	0.0	0	225.26925341472088	2479.188846156787	1	0	1.0	2.197572163506651
48327.76757041262	3000.0	1151.42127574415	0.0	0	0.0	2479.188846156794	1	0	1.0	2.19757216350665
49970.14056114417	3000.0	509.048285012594	0.0	0	0.0	2479.188846156794	1	0	1.0	2.19757216350665
50862.65768619918	2000.0	616.531159957588	0.0	0	0.0	2479.188846156794	1	0	1.0	1.3866419472903206
51798.924640676756	2000.0	680.2642054800043	0.0	0	0.0	2479.188846156794	1	0	1.0	1.7921070553984852
52413.31873271389	2000.0	1065.8701134428686	0.0	0	0.0	2479.188846156794	1	0	1.0	1.7921070553984852
53335.41485621798	2000.0	1143.77398993877	0.0	0	0.0	2479.188846156794	1	0	1.0	1.7921070553984852
54044.88279313424	2000.0	1434.3060530225143	0.0	0	0.0	2479.188846156794	1	0	1.0	1.7921070553984852
55007.04233229603	2000.0	1472.1465138607323	0.0	0	0.0	2479.188846156794	1	0	1.0	1.7921070553984852
56087.118413876684	2000.0	1392.0704322800684	0.0	0	0.0	2479.188846156794	1	0	1.0	1.7921070553984852
57134.22055120889	2000.0	1344.9682949478643	0.0	0	0.0	2479.188846156794	1	0	1.0	1.7921070553984852
57934.641908532605	2000.0	1544.546937624155	0.0	0	0.0	2479.188846156794	1	0	1.0	1.7921070553984852
58907.58224625146	2000.0	1571.6065999052983	0.0	0	0.0	2479.188846156794	1	0	1.0	1.7921070553984852
59752.160526461994	2000.0	1727.0283196947692	0.0	0	0.0	2479.188846156794	1	0	1.0	1.7921070553984852
60748.25555988265	2000.0	1730.933286274111	0.0	0	0.0	2479.188846156794	1	0	1.0	1.7921070553984852
61452.99534313258	2000.0	2026.193503024192	0.0	0	0.0	2479.188846156794	1	0	1.0	1.7921070553984852
62453.550071610516	2000.0	2025.6387745462537	0.0	0	0.0	2479.188846156794	1	0	1.0	1.7921070553984852
63212.41315952528	2000.0	2266.7756866314894	0.0	0	0.0	2479.1888461568014	1	0	1.0	1.7921070553984846
64200.0	2000.0	2279.188846156765	0.0	0	393.5578668375092	2479.1888461568014	1	0	1.0	1.7921070553984846
65200.0	2000.0	2279.1888461567523	0.0	0	376.0766627778503	2479.188846156794	1	0	1.0	1.7921070553984852
66200.0	2000.0	2279.1888461567505	0.0	0	258.56383735906275	2479.188846156794	1	0	1.0	1.7921070553984857
67200.0	3000.0	2279.1888461567614	0.0	0	93.63071036843758	2479.1888461568014	1	0	1.0	1.792107055398485
68608.44335881546	3000.0	1870.745487341289	0.0	0	0.0	2479.1888461568014	1	0	1.0	2.1975721635066496
70138.06464063984	3000.0	1341.1242055169093	0.0	0	0.0	2479.1888461568014	1	0	1.0	2.1975721635066496
70852.19446270837	2000.0	1626.9943834483752	0.0	0	0.0	2479.1888461568014	1	0	1.0	1.38664194729032
71597.05492611162	2000.0	1882.133920045115	0.0	0	0.0	2479.1888461568014	1	0	1.0	1.7921070553984846
72425.37323013188	2000.0	2053.8156160248564	0.0	0	0.0	2479.1888461568014	1	0	1.0	1.7921070553984846
73200.0	2000.0	2279.1888461567405	0.0	0	85.73595929522708	2479.188846156816	1	0	1.0	1.792107055398483
74200.0	2000.0	2279.1888461567555	0.0	0	85.3379963432526	2479.188846156816	1	0	1.0	1.792107055398483
75200.0	2000.0	2279.1888461567437	0.0	0	20.056740405008895	2479.188846156816	1	0	1.0	1.792107055398483
76200.0	2000.0	2279.188846156746	0.0	0	88.29946233022201	2479.1888461568306	1	0	1.0	1.7921070553984815
77200.0	2000.0	2279.188846156746	0.0	0	275.2889487361972	2479.188846156845	1	0	1.0	1.7921070553984797
78200.0	3000.0	2279.188846156729	0.0	0	11.920119380069082	2479.188846156845	1	0	1.0	1.79210705539848
79200.0	3000.0	2279.1888461567382	0.0	0	97.149698921261	2479.188846156845	1	0	1.0	2.1975721635066443
80747.97476051802	3000.0	1731.2140856387218	0.0	0	0.0	2479.188846156845	1	0	1.0	2.1975721635066443
81447.23311064922	2000.0	2031.9557355075283	0.0	0	0.0	2479.188846156845	1	0	1.0	1.386641947290315
82341.76838503478	2000.0	2137.4204611219643	0.0	0	0.0	2479.188846156845	1	0	1.0	1.7921070553984797
83223.7625587686	2000.0	2255.426287388156	0.0	0	0.0	2479.188846156845	1	0	1.0	1.7921070553984797
84200.0	2000.0	2279.1888461567596	0.0	0	69.84512233015266	2479.188846156845	1	0	1.0	1.7921070553984797
85200.0	2000.0	2279.188846156748	0.0	0	182.46103163158114	2479.188846156845	1	0	1.0	1.7921070553984797
86554.99769253586	3000.0	1924.1911536208845	0.0	0	0.0	2479.188846156845	1	0	1.0	1.79210705539848
87608.89062622136	2000.0	1870.2982199354037	0.0	0	0.0	2479.188846156845	1	0	1.0	1.386641947290315
88215.86705780771	2000.0	2263.3217883490443	0.0	0	0.0	2479.1888461568306	1	0	1.0	1.7921070553984815
89200.0	2000.0	2279.188846156751	0.0	0	365.51830458524637	2479.188846156816	1	0	1.0	1.792107055398483
90200.0	2000.0	2279.1888461567532	0.0	0	186.40816430203267	2479.188846156816	1	0	1.0	1.792107055398483
91200.0	2000.0	2279.188846156744	0.0	0	39.159671360699576	2479.188846156816	1	0	1.0	1.792107055398483
92746.38277471828	3000.0	1732.8060714384578	0.0	0	0.0	2479.1888461568014	1	0	1.0	1.7921070553984848
93410.59306414149	2000.0	2068.5957820152507	0.0	0	0.0	2479.1888461568014	1	0	1.0	1.38664194729032
94200.0	3000.0	2279.1888461567364	0.0	0	104.80952274017909	2479.1888461568014	1	0	1.0	1.7921070553984848
95756.94839003796	3000.0	1722.2404561187957	0.0	0	0.0	2479.1888461568014	1	0	1.0	2.1975721635066496
97088.34284895178	2000.0	1390.8459972049682	0.0	0	0.0	2479.188846156787	1	0	1.0	1.3866419472903215
98329.55727888085	2000.0	1149.6315672759038	0.0	0	0.0	2479.188846156787	1	0	1.0	1.7921070553984861
98932.2761299079	2000.0	1546.9127162488508	0.0	0	0.0	2479.188846156787	1	0	1.0	1.7921070553984861
100115.30489545413	2000.0	1363.8839507026064	0.0	0	0.0	2479.188846156787	1	0	1.0	1.7921070553984861
101651.80874309748	2000.0	827.3801030592397	0.0	0	0.0	2479.1888461567723	1	0	1.0	1.7921070553984877
102956.48429666793	2000.0	522.704549488789	0.0	0	0.0	2479.188846156787	1	0	1.0	1.7921070553984861
103934.26664010777	2000.0	544.9222060489449	0.0	0	0.0	2479.188846156787	1	0	1.0	1.7921070553984861
104893.44624835298	2000.0	585.7425978037229	0.0	0	0.0	2479.188846156787	1	0	1.0	1.7921070553984861
106484.95824897397	2000.0	368.98763409068215	374.75703690796354	0	0.0	2853.945883064749	1	0	1.0	-0.5016001853825971
107042.11051620543	2000.0	811.8353668592168	0.0	0	0.0	2853.945883064749	1	0	1.0	1.7420223221844247
107690.2372241367	2000.0	1163.708658927953	0.0	0	0.0	2853.945883064749	1	0	1.0	1.7420223221844247
108291.68979619766	2000.0	1562.2560868669723	0.0	0	0.0	2853.945883064749	1	0	1.0	1.7420223221844247
108959.50682618028	2000.0	1894.4390568843617	0.0	0	0.0	2853.945883064749	1	0	1.0	1.7420223221844247
109535.51747521218	2000.0	2318.428407852465	0.0	0	0.0	2853.945883064749	1	0	1.0	1.7420223221844247
110844.17482844014	3000.0	2009.771054624519	0.0	0	0.0	2853.945883064749	1	0	1.0	1.7420223221844249
112599.65469039575	3000.0	1254.291192668922	0.0	0	0.0	2853.9458830647345	1	0	1.0	2.1474874302925917
114265.88275224464	3000.0	588.0631308200457	0.0	0	0.0	2853.945883064749	1	0	1.0	2.1474874302925895
115308.75887388267	2000.0	545.1870091820302	0.0	0	0.0	2853.945883064749	1	0	1.0	1.33655721407626
115973.97568553359	2000.0	879.9701975311173	0.0	0	0.0	2853.945883064749	1	0	1.0	1.7420223221844247
116892.4612721856	2000.0	961.4846108791149	0.0	0	0.0	2853.945883064749	1	0	1.0	1.7420223221844247
117475.77564080321	2000.0	1378.170242261507	0.0	0	0.0	2853.945883064749	1	0	1.0	1.7420223221844247
118390.11199874064	2000.0	1463.8338843240952	0.0	0	0.0	2853.9458830647636	1	0	1.0	1.7420223221844224
119316.17343198972	2000.0	1537.7724510750222	0.0	0	0.0	2853.9458830647636	1	0	1.0	1.7420223221844224
121193.17578254234	2000.0	660.7701005223973	0.0	0	0.0	2853.9458830647636	1	0	1.0	1.7420223221844224
122144.72814173777	2000.0	709.2177413269721	0.0	0	0.0	2853.9458830647636	1	0	1.0	1.7420223221844224
122768.4776540831	2000.0	1085.468228981643	0.0	0	0.0	2853.9458830647636	1	0	1.0	1.7420223221844224
123693.03591920884	2000.0	1160.909963855901	0.0	0	0.0	2853.945883064778	1	0	1.0	1.7420223221844202
124522.60884745399	2000.0	1331.3370356107566	0.0	0	0.0	2853.9458830647636	1	0	1.0	1.7420223221844224
125654.9061192995	2000.0	1199.0397637652272	0.0	0	0.0	2853.9458830647636	1	0	1.0	1.7420223221844224
126901.01540900127	2000.0	952.9304740634682	0.0	0	0.0	2853.945883064778	1	0	1.0	1.7420223221844202
128375.68742682207	2000.0	478.2584562426734	0.0	0	0.0	2853.945883064778	1	0	1.0	1.7420223221844202
129254.6929158011	2000.0	599.2529672636472	0.0	0	0.0	2853.945883064778	1	0	1.0	1.7420223221844202
130232.72627437359	2000.0	621.2196086911563	0.0	0	0.0	2853.945883064778	1	0	1.0	1.7420223221844202
131392.03211080492	2000.0	461.91377225983274	0.0	0	0.0	2853.9458830647927	1	0	1.0	1.7420223221844182
132169.26731526272	2000.0	684.6785678020078	0.0	0	0.0	2853.945883064778	1	0	1.0	1.7420223221844182
133111.3616449688	2000.0	742.5842380959288	0.0	0	0.0	2853.945883064778	1	0	1.0	1.7420223221844204
133909.04717629627	2000.0	944.8987067684907	0.0	0	0.0	2853.9458830648073	1	0	1.0	1.7420223221844178
135269.62245987536	2000.0	584.3234231893896	0.0	0	0.0	2853.9458830647927	1	0	1.0	1.7420223221844178
136202.45157737145	2000.0	651.4943056933289	0.0	0	0.0	2853.9458830647636	1	0	1.0	1.7420223221844224
137170.79905787893	2000.0	683.14682518582	0.0	0	0.0	2853.9458830647345	1	0	1.0	1.742022322184427
138651.83932026112	2000.0	302.1109904298505	100.00442762620472	0	0.0	2953.9503106909688	1	0	1.0	1.1259468670591115
139410.57179697897	2000.0	630.9486751640864	87.57016145207757	0	0.0	3041.520472143049	1	0	1.0	1.1842404203879453
140102.8492198659	2000.0	938.6712522771444	0.0	0	0.0	3041.520472143049	1	0	1.0	1.7096613891004109
141347.03009282748	2000.0	694.4903793155675	0.0	0	0.0	3041.520472143049	1	0	1.0	1.7096613891004109
142211.22109488075	2000.0	830.2993772623057	0.0	0	0.0	3041.520472143049	1	0	1.0	1.7096613891004109
142589.70608812076	2000.0	1451.814384022299	0.0	0	0.0	3041.52047214302	1	0	1.0	1.7096613891004164
143338.4239915152	3000.0	1703.0964806278284	0.0	0	0.0	3041.520472142991	1	0	1.0	1.7096613891004222
144646.95751258265	3000.0	1394.562959560412	0.0	0	0.0	3041.520472142991	1	0	1.0	2.115126497208587
145489.9987744402	3000.0	1551.5216977028642	0.0	0	0.0	3041.520472142991	1	0	1.0	2.115126497208587
147073.07229624572	2000.0	968.4481758973218	0.0	0	0.0	3041.520472142991	1	0	1.0	1.3041962809922574
147811.7919740272	2000.0	1229.7284981158348	0.0	0	0.0	3041.520472142991	1	0	1.0	1.709661389100422
148381.42901941348	2000.0	1660.091452729562	0.0	0	0.0	3041.520472142991	1	0	1.0	1.709661389100422
148841.56499864918	2000.0	2199.955473493891	0.0	0	0.0	3041.520472142991	1	0	1.0	1.709661389100422
149622.69569508915	3000.0	2418.824777053917	0.0	0	0.0	3041.520472142991	1	0	1.0	1.7096613891004222
150974.32088370362	3000.0	2067.199588439433	0.0	0	0.0	3041.520472142991	1	0	1.0	2.115126497208587
152180.64667319253	3000.0	1860.8737989505203	0.0	0	0.0	3041.520472142991	1	0	1.0	2.115126497208587
152765.0237651991	3000.0	2276.4967069439667	0.0	0	0.0	3041.520472142991	1	0	1.0	2.115126497208587
153750.28303480498	3000.0	2291.2374373380894	0.0	0	0.0	3041.520472142991	1	0	1.0	2.115126497208587
154592.6026458207	3000.0	2448.9178263223307	0.0	0	0.0	3041.520472142991	1	0	1.0	2.115126497208587
155282.27172626177	3000.0	2759.2487458812625	0.0	0	0.0	3041.520472142991	1	0	1.0	2.1151264972085833
156810.59857540618	3000.0	2230.921896736875	0.0	0	0.0	3041.52047214302	1	0	1.0	2.115126497208581
157658.00557393697	3000.0	2383.5148982060705	0.0	0	0.0	3041.52047214302	1	0	1.0	2.115126497208581
158585.97263999505	3000.0	2455.5478321479736	0.0	0	0.0	3041.52047214302	1	0	1.0	2.115126497208581
159371.48991666368	3000.0	2670.0305554793317	0.0	0	0.0	3041.52047214302	1	0	1.0	2.115126497208581
160422.1371745235	3000.0	2619.3832976195476	0.0	0	0.0	3041.52047214302	1	0	1.0	2.115126497208581
161313.36320342403	3000.0	2728.1572687190155	0.0	0	0.0	3041.52047214302	1	0	1.0	2.115126497208581
162454.62999410531	3000.0	2586.8904780377093	0.0	0	0.0	3041.52047214302	1	0	1.0	2.115126497208581
164636.64786786458	3000.0	1404.8726042784915	0.0	0	0.0	3041.520472143078	1	0	1.0	2.1151264972085726
165854.75469763408	2000.0	1186.7657745089643	0.0	0	0.0	3041.520472143078	1	0	1.0	1.304196280992241
166745.19442688694	2000.0	1296.3260452560837	0.0	0	0.0	3041.520472143078	1	0	1.0	1.7096613891004055
167741.21708047006	2000.0	1300.3033916729348	0.0	0	0.0	3041.520472143049	1	0	1.0	1.7096613891004109
168992.00432454882	2000.0	1049.516147594199	0.0	0	0.0	3041.520472143049	1	0	1.0	1.7096613891004109
169556.45386124283	2000.0	1485.066610900176	0.0	0	0.0	3041.520472143049	1	0	1.0	1.7096613891004109
170235.95469335993	2000.0	1805.5657787830753	0.0	0	0.0	3041.520472143049	1	0	1.0	1.7096613891004109
170859.3647785205	2000.0	2182.1556936224742	0.0	0	0.0	3041.520472143049	1	0	1.0	1.7096613891004109
171548.85004713578	2000.0	2492.670425007218	0.0	0	0.0	3041.520472143049	1	0	1.0	1.7096613891004109
172654.74655340402	2000.0	2386.7739187389584	0.0	0	0.0	3041.520472143049	1	0	1.0	1.7096613891004109
173509.86600162287	2000.0	2531.6544705201313	0.0	0	0.0	3041.520472143078	1	0	1.0	1.7096613891004064
174519.2674779369	2000.0	2522.252994206089	0.0	0	0.0	3041.520472143078	1	0	1.0	1.7096613891004055
175605.71356268867	2000.0	2435.806909454315	0.0	0	0.0	3041.5204721431364	1	0	1.0	1.7096613891003967
176698.15698612895	2000.0	2343.3634860140296	0.0	0	0.0	3041.5204721431364	1	0	1.0	1.7096613891003944
177544.57496814497	2000.0	2496.945503998008	0.0	0	0.0	3041.5204721431073	1	0	1.0	1.7096613891004
178414.35662961996	2000.0	2627.1638425230185	0.0	0	0.0	3041.520472143078	1	0	1.0	1.7096613891004044
179200.0	2000.0	2841.5204721429855	0.0	0	111.40429336967645	3041.520472143049	1	0	1.0	1.7096613891004109
181016.27849092396	3000.0	2025.2419812190367	0.0	0	0.0	3041.520472143049	1	0	1.0	1.709661389100411
182207.9002115017	2000.0	1833.6202606412787	0.0	0	0.0	3041.520472143049	1	0	1.0	1.304196280992242
183143.00212276753	2000.0	1898.518349375435	0.0	0	0.0	3041.52047214302	1	0	1.0	1.709661389100412
184207.44426588013	2000.0	1834.0762062628482	0.0	0	0.0	3041.520472143049	1	0	1.0	1.7096613891004153
185517.7302720189	2000.0	1523.790200124061	0.0	0	0.0	3041.520472143078	1	0	1.0	1.7096613891004055
187008.29873409515	2000.0	1033.221738047839	0.0	0	0.0	3041.5204721431073	1	0	1.0	1.7096613891004
187836.6148530928	2000.0	1204.9056190501785	0.0	0	0.0	3041.5204721431073	1	0	1.0	1.7096613891004
188669.57000696645	2000.0	1371.9504651765335	0.0	0	0.0	3041.5204721431073	1	0	1.0	1.7096613891004
189637.55920315086	2000.0	1403.9612689921025	0.0	0	0.0	3041.5204721431073	1	0	1.0	1.7096613891004
190538.01540657604	2000.0	1503.5050655669388	0.0	0	0.0	3041.5204721431364	1	0	1.0	1.7096613891003944
191308.5505712992	2000.0	1732.9699008437876	0.0	0	0.0	3041.5204721431364	1	0	1.0	1.7096613891003922
192146.57169949356	2000.0	1894.948772649383	0.0	0	0.0	3041.5204721431364	1	0	1.0	1.7096613891003944
192771.78077698394	2000.0	2269.739695159001	0.0	0	0.0	3041.5204721431364	1	0	1.0	1.7096613891003944
193601.97590239276	3000.0	2439.544569750182	0.0	0	0.0	3041.5204721431655	1	0	1.0	1.7096613891003891
194270.38799354015	3000.0	2771.1324786027935	0.0	0	0.0	3041.5204721431655	1	0	1.0	2.1151264972085535
195200.0	3000.0	2841.52047214294	0.0	0	89.27266798721394	3041.5204721431655	1	0	1.0	2.1151264972085535
196976.01240556763	3000.0	2065.5080665753	0.0	0	0.0	3041.5204721431946	1	0	1.0	2.1151264972085486
198592.15214235257	3000.0	1449.3683297903708	0.0	0	0.0	3041.5204721432237	1	0	1.0	2.115126497208543
199582.10881984496	3000.0	1459.4116522979818	0.0	0	0.0	3041.5204721432237	1	0	1.0	2.115126497208543
200493.22793814004	2000.0	1548.2925340029099	0.0	0	0.0	3041.5204721432237	1	0	1.0	1.3041962809922136
201202.5607029184	2000.0	1838.9597692245309	0.0	0	0.0	3041.5204721431946	1	0	1.0	1.7096613891003791
202003.95410470953	2000.0	2037.5663674334073	0.0	0	0.0	3041.5204721431946	1	0	1.0	1.7096613891003836
202819.3959583221	2000.0	2222.1245138208296	0.0	0	0.0	3041.5204721431946	1	0	1.0	1.7096613891003836
203760.308207295	2000.0	2281.212264847957	0.0	0	0.0	3041.5204721432237	1	0	1.0	1.7096613891003782
204500.80369418018	2000.0	2540.7167779627744	0.0	0	0.0	3041.520472143253	1	0	1.0	1.7096613891003734
205549.9738003222	2000.0	2491.5466718207554	0.0	0	0.0	3041.520472143253	1	0	1.0	1.7096613891003725
206595.7244874152	2000.0	2445.7959847277416	0.0	0	0.0	3041.5204721432237	1	0	1.0	1.7096613891003773
207869.34367515016	3000.0	2172.176796992783	0.0	0	0.0	3041.520472143253	1	0	1.0	1.709661389100373
208782.64363416936	2000.0	2258.8768379735766	0.0	0	0.0	3041.520472143282	1	0	1.0	1.3041962809922027
209602.0324465824	2000.0	2439.4880255605485	0.0	0	0.0	3041.520472143282	1	0	1.0	1.7096613891003674
210255.00539641234	2000.0	2786.5150757306205	0.0	0	0.0	3041.520472143311	1	0	1.0	1.7096613891003618
211200.0	3000.0	2841.520472142966	0.0	0	53.25047030020505	3041.520472143311	1	0	1.0	1.7096613891003618
212770.8869687776	3000.0	2270.633503365399	0.0	0	0.0	3041.520472143311	1	0	1.0	2.1151264972085264
213587.63616029872	3000.0	2453.8843118442696	0.0	0	0.0	3041.520472143311	1	0	1.0	2.1151264972085264
214591.6880026881	3000.0	2449.8324694548646	0.0	0	0.0	3041.520472143311	1	0	1.0	2.1151264972085264
215794.71155509344	3000.0	2246.8089170495095	0.0	0	0.0	3041.520472143311	1	0	1.0	2.1151264972085264
216884.0232397757	3000.0	2157.497232367228	0.0	0	0.0	3041.520472143311	1	0	1.0	2.1151264972085264
218332.8743837351	3000.0	1708.6460884078097	0.0	0	0.0	3041.520472143311	1	0	1.0	2.1151264972085264
219179.00054479914	2000.0	1862.5199273437606	0.0	0	0.0	3041.520472143311	1	0	1.0	1.3041962809921972
220050.64579142682	2000.0	1990.8746807160965	0.0	0	0.0	3041.520472143311	1	0	1.0	1.7096613891003618
221050.3414946505	2000.0	1991.1789774924605	0.0	0	0.0	3041.520472143311	1	0	1.0	1.7096613891003618
221919.5016124331	2000.0	2122.018859709852	0.0	0	0.0	3041.520472143282	1	0	1.0	1.7096613891003674
222625.361019906	2000.0	2416.1594522369446	0.0	0	0.0	3041.520472143311	1	0	1.0	1.7096613891003618
223362.8565298454	2000.0	2678.6639422975572	0.0	0	0.0	3041.520472143311	1	0	1.0	1.7096613891003618
224410.57485198913	2000.0	2630.945620153804	0.0	0	0.0	3041.520472143311	1	0	1.0	1.7096613891003618
225464.28026850004	3000.0	2577.2402036429025	0.0	0	0.0	3041.520472143282	1	0	1.0	1.7096613891003654
226340.63280490568	3000.0	2700.887667237285	0.0	0	0.0	3041.520472143282	1	0	1.0	2.115126497208532
227534.27761693115	3000.0	2507.242855211826	0.0	0	0.0	3041.520472143282	1	0	1.0	2.115126497208532
228811.61342023785	3000.0	2229.9070519050947	0.0	0	0.0	3041.520472143253	1	0	1.0	2.1151264972085375
229973.79766941373	3000.0	2067.72280272921	0.0	0	0.0	3041.5204721432237	1	0	1.0	2.115126497208543
230589.92312095285	2000.0	2451.5973511900816	0.0	0	0.0	3041.5204721432237	1	0	1.0	1.3041962809922136
231339.90421436817	2000.0	2701.6162577747564	0.0	0	0.0	3041.5204721432237	1	0	1.0	1.7096613891003805
232264.10688792117	2000.0	2777.4135842217465	0.0	0	0.0	3041.5204721431946	1	0	1.0	1.7096613891003836
233256.24154535373	3000.0	2785.2789267892203	0.0	0	0.0	3041.5204721432237	1	0	1.0	1.7096613891003782
234815.62275242957	3000.0	2225.8977197133863	0.0	0	0.0	3041.5204721432237	1	0	1.0	2.115126497208543
236243.77990940338	3000.0	1797.740562739561	0.0	0	0.0	3041.5204721432237	1	0	1.0	2.115126497208543
237725.31545472276	3000.0	1316.205017420198	0.0	0	0.0	3041.5204721432237	1	0	1.0	2.115126497208543
238702.70014762483	2000.0	1338.8203245181257	0.0	0	0.0	3041.5204721432237	1	0	1.0	1.3041962809922136
239358.91622695245	2000.0	1682.6042451904882	0.0	0	0.0	3041.520472143253	1	0	1.0	1.7096613891003747
240458.31433704458	2000.0	1583.2061350983727	0.0	0	0.0	3041.520472143253	1	0	1.0	1.7096613891003725
241219.7142868738	2000.0	1821.8061852691667	0.0	0	0.0	3041.520472143253	1	0	1.0	1.7096613891003725
241879.4396398369	2000.0	2162.080832306087	0.0	0	0.0	3041.520472143282	1	0	1.0	1.7096613891003674
242598.99039349344	2000.0	2442.5300786495227	0.0	0	0.0	3041.520472143282	1	0	1.0	1.7096613891003674
243920.8906540124	3000.0	2120.6298181305547	0.0	0	0.0	3041.520472143282	1	0	1.0	1.7096613891003676
244972.8411314734	2000.0	2068.679340669535	0.0	0	0.0	3041.520472143282	1	0	1.0	1.3041962809922027
246807.05394728156	2000.0	1234.4665248613426	0.0	0	0.0	3041.520472143253	1	0	1.0	1.7096613891003725
247552.36073207614	2000.0	1489.1597400667852	0.0	0	0.0	3041.5204721432237	1	0	1.0	1.7096613891003782
248576.8230095572	2000.0	1464.697462585739	0.0	0	0.0	3041.5204721432237	1	0	1.0	1.7096613891003782
249792.60274053246	2000.0	1248.9177316104917	0.0	0	0.0	3041.5204721432237	1	0	1.0	1.7096613891003782
251021.2922781664	2000.0	1020.2281939765669	0.0	0	0.0	3041.5204721432237	1	0	1.0	1.7096613891003782
251878.8791796007	2000.0	1162.6412925422972	0.0	0	0.0	3041.5204721432237	1	0	1.0	1.7096613891003782
253191.4428152465	2000.0	850.0776568965098	0.0	0	0.0	3041.5204721432237	1	0	1.0	1.7096613891003782
253975.23310397347	2000.0	1066.2873681695532	0.0	0	0.0	3041.520472143253	1	0	1.0	1.7096613891003725
255441.0058922051	2000.0	600.5145799379364	0.0	0	0.0	3041.520472143253	1	0	1.0	1.7096613891003725
256364.07440136393	2000.0	677.4460707790909	0.0	0	0.0	3041.5204721432237	1	0	1.0	1.7096613891003782
256921.0975405712	2000.0	1120.4229315718094	0.0	0	0.0	3041.5204721432237	1	0	1.0	1.7096613891003782
257525.9349737863	2000.0	1515.5854983567413	0.0	0	0.0	3041.5204721432237	1	0	1.0	1.7096613891003782
258275.38186938252	2000.0	1766.1386027605072	0.0	0	0.0	3041.5204721431946	1	0	1.0	1.70966138910038
259174.33760538814	3000.0	1867.1828667548912	0.0	0	0.0	3041.5204721431946	1	0	1.0	1.7096613891003838
260131.813552599	3000.0	1909.70691954404	0.0	0	0.0	3041.5204721431946	1	0	1.0	2.1151264972085486
261866.02526186444	3000.0	1175.495210278607	0.0	0	0.0	3041.5204721432237	1	0	1.0	2.115126497208543
263308.528027459	2000.0	732.9924446840726	0.0	0	0.0	3041.5204721432237	1	0	1.0	1.3041962809922092
264766.4574609722	2000.0	387.8783864582224	112.8153752873171	0	0.0	3154.335847430397	1	0	1.0	1.0104947221357539
265665.85082339344	2000.0	562.6931167956767	74.20809275869081	0	0.0	3228.5439401890617	1	0	1.0	1.2262168461175744
266501.07109991636	2000.0	727.4728402727732	0.0	0	0.0	3228.5439401890617	1	0	1.0	1.6714654026697218
267509.12456904363	2000.0	719.4193711454947	0.0	0	0.0	3228.5439401890035	1	0	1.0	1.6714654026697298
268618.0066090845	2000.0	610.5373311046751	0.0	0	0.0	3228.5439401890035	1	0	1.0	1.6714654026697349
270255.0638837585	2000.0	231.29986792190797	257.8198114912607	0	0.0	3486.363751680241	1	0	1.0	0.06339905486308295
271083.6675016145	2000.0	616.1692649951867	213.47301492929037	0	0.0	3699.8367666095146	1	0	1.0	0.26173461594310865
271761.64237980667	2000.0	938.1943868029969	0.0	0	0.0	3699.836766609573	1	0	1.0	1.5425727055188316
272584.67434685654	2000.0	1115.1624197531382	0.0	0	0.0	3699.836766609631	1	0	1.0	1.542572705518812
273491.2379049658	2000.0	1208.5988616439383	0.0	0	0.0	3699.836766609689	1	0	1.0	1.5425727055188008
274536.378274951	2000.0	1163.4584916587228	0.0	0	0.0	3699.836766609689	1	0	1.0	1.542572705518793
275556.19451522676	2000.0	1143.6422513830107	0.0	0	0.0	3699.836766609689	1	0	1.0	1.542572705518793
277075.72826460894	2000.0	624.1085020007789	0.0	0	0.0	3699.836766609689	1	0	1.0	1.542572705518793
278043.97004024853	2000.0	655.8667263612147	0.0	0	0.0	3699.836766609689	1	0	1.0	1.542572705518793
278880.6296669062	2000.0	819.2070997035357	0.0	0	0.0	3699.836766609631	1	0	1.0	1.542572705518812
280082.0396938829	2000.0	617.79707272681	0.0	0	0.0	3699.836766609631	1	0	1.0	1.542572705518812
281009.18563359027	2000.0	690.6511330194974	0.0	0	0.0	3699.836766609689	1	0	1.0	1.542572705518793
281715.8574128208	2000.0	983.9793537889732	0.0	0	0.0	3699.836766609689	1	0	1.0	1.542572705518793
282774.33373439155	2000.0	925.5030322182006	0.0	0	0.0	3699.836766609689	1	0	1.0	1.542572705518793
284156.0944321563	2000.0	543.7423344535248	0.0	0	0.0	3699.836766609689	1	0	1.0	1.542572705518793
285318.53765780764	2000.0	381.2991088022451	0.0	0	0.0	3699.8367666098056	1	0	1.0	1.542572705518766
286591.3205546669	2000.0	308.93214764572735	200.415935702784	0	0.0	3900.252702312602	1	0	1.0	0.268029323501244
287771.902111837	2000.0	484.1322628918385	355.78167241623015	0	0.0	4256.034374728857	1	0	1.0	-0.822919263467913
288826.82578000677	2000.0	507.24500355784767	78.03640883582094	0	0.0	2334.0707835646463	1	0	1.0	-4.660977396813252
289940.8627509428	2000.0	393.20803262178805	0.0	0	0.0	2334.0707835647045	1	0	1.0	1.807241056201667
290910.5603634672	2000.0	528.4949052512427	104.98448515386974	0	0.0	2439.05526871857	1	0	1.0	1.1665954388233772
291460.02731072204	2000.0	979.0279579964154	0.0	0	0.0	2439.055268718512	1	0	1.0	1.7965023497466022
292041.434005045	2000.0	1397.6212636734504	0.0	0	0.0	2439.055268718512	1	0	1.0	1.7965023497466022
293029.2761690701	3000.0	1409.77909964836	0.0	0	0.0	2439.055268718512	1	0	1.0	1.796502349746602
294121.0798484236	3000.0	1317.9754202948566	0.0	0	0.0	2439.05526871857	1	0	1.0	2.2019674578547606
296124.5812954744	3000.0	314.4739732440787	0.0	0	0.0	2439.05526871857	1	0	1.0	2.2019674578547606
296811.098995011	2000.0	645.9341582329389	17.977884525547893	0	0.0	2457.0331532441196	1	0	1.0	1.2812216257319728
297358.77561026596	2000.0	1098.2575429779404	0.0	0	0.0	2457.0331532441196	1	0	1.0	1.7945540409934249
297938.0871350445	2000.0	1518.94601819934	0.0	0	0.0	2457.0331532440614	1	0	1.0	1.7945540409934313
298651.62608511595	2000.0	1805.4070681278934	0.0	0	0.0	2457.0331532441196	1	0	1.0	1.7945540409934249
299494.8738656709	2000.0	1962.159287572933	0.0	0	0.0	2457.0331532441196	1	0	1.0	1.7945540409934249
300917.036576681	3000.0	1539.9965765628135	0.0	0	0.0	2457.033153244178	1	0	1.0	1.7945540409934186
301430.03530836594	2000.0	2026.9978448779923	0.0	0	0.0	2457.033153244236	1	0	1.0	1.3890889328852476
302200.0	3000.0	2257.033153243863	0.0	0	50.34456719836453	2457.033153244178	1	0	1.0	1.7945540409934135
303296.35958959453	3000.0	2160.6735636493513	0.0	0	0.0	2457.033153244294	1	0	1.0	2.2000191491015744
304200.0	3000.0	2257.0331532438236	0.0	0	57.91848754719831	2457.0331532443524	1	0	1.0	2.200019149101564
2.81	3.76	2.59	2.63	2.98	3.5	4.02	2.91	3.53	1.31	1.53	1.98	1.93	2.17	2.37	1.62	3.13	2.7	2.18	2.11	2.53	2.7	1.66	2.13	2.32	2.98	1.78	2.53	2.11	2.66	2.37	1.61	2.07	1.53	2.63	2.33	2.26	2.4	3.04	3.38	4.12	4.0	1.74	1.26	2.42	2.4499999999999997	2.4379999999999997	2.492	2.402	2.484	2.534	2.468	2.342	2.488	2.44	2.658	2.648	2.6639999999999997	2.428	2.604	2.864	3.1159999999999997	2.702	2.742	2.532	2.4899999999999998	2.648	2.608	2.612	2.524	2.608	2.6599999999999997	2.752	2.634	2.502	2.366	2.55	2.48	2.6799999999999997	2.658	2.682	2.468	2.54	2.536	2.526	2.6999999999999997	2.4739999999999998	2.356	2.5451914893617023	3.3491914893617016	1.9091914893617021	1.597191489361702	1.273191489361702	1.7651914893617022	2.6171914893617023	1.4171914893617021	1.7051914893617022	1.7291914893617022	1.9211914893617021	2.053191489361702	2.5331914893617022	0.961191489361702	2.725191489361702	3.613191489361702	2.7851914893617025	3.781191489361702	2.5571914893617023	1.381191489361702	2.6651914893617024	1.7531914893617022	1.5011914893617022	2.221191489361702	2.9771914893617017	2.605191489361702	2.077191489361702	1.1771914893617024	1.609191489361702	2.221191489361702	3.3491914893617016	2.437191489361702	1.9451914893617022	1.825191489361702	2.125191489361702	1.609191489361702	1.7891914893617022	2.2091914893617024	2.101191489361702	2.281191489361702	2.461191489361702	2.461191489361702	1.6811914893617022	1.9451914893617022	2.149191489361702	1.609191489361702	2.2331914893617024	2.601142857142857	1.7851428571428571	2.9371428571428573	4.533142857142857	2.6611428571428575	3.429142857142857	1.857142857142857	1.5451428571428572	2.721142857142857	4.065142857142857	3.177142857142857	2.601142857142857	2.553142857142857	4.053142857142857	2.1	2.81	3.76	2.59	2.63	2.98	3.5	4.02	2.91	3.53	1.31	1.53	1.98	1.93	2.17	2.37	1.62	3.13	2.7	2.18	2.11	2.53	2.7	1.66	2.13	2.32	2.98	1.78	2.53	2.11	2.66	2.37	1.61	2.07	1.53	2.63	2.33	2.26	2.4	3.04	3.38	4.12	4.0	1.74	1.26	2.42	2.4499999999999997	2.4379999999999997	2.492	2.402	2.484	2.534	2.468	2.342	2.488	2.44	2.658	2.648	2.6639999999999997	2.428	2.604	2.864	3.1159999999999997	2.702	2.742	2.532	2.4899999999999998	2.648	2.608	2.612	2.524	2.608	2.6599999999999997	2.752	2.634	2.502	2.366	2.55	2.48	2.6799999999999997	2.658	2.682	2.468	2.54	2.536	2.526	2.6999999999999997	2.4739999999999998	2.356	2.5451914893617023	3.3491914893617016	1.9091914893617021	1.597191489361702	1.273191489361702	1.7651914893617022	2.6171914893617023	1.4171914893617021	1.7051914893617022	1.7291914893617022	1.9211914893617021	2.053191489361702	2.5331914893617022	0.961191489361702	2.725191489361702	3.613191489361702	2.7851914893617025	3.781191489361702	2.5571914893617023	1.381191489361702	2.6651914893617024	1.7531914893617022	1.5011914893617022	2.221191489361702	2.9771914893617017	2.605191489361702	2.077191489361702	1.1771914893617024	1.609191489361702	2.221191489361702	3.3491914893617016	2.437191489361702	1.9451914893617022	1.825191489361702	2.125191489361702	1.609191489361702	1.7891914893617022	2.2091914893617024	2.101191489361702	2.281191489361702	2.461191489361702	2.461191489361702	1.6811914893617022	1.9451914893617022	2.149191489361702	1.609191489361702	2.2331914893617024	2.601142857142857	1.7851428571428571	2.9371428571428573	4.533142857142857	2.6611428571428575	3.429142857142857	1.857142857142857	1.5451428571428572	2.721142857142857	4.065142857142857	3.177142857142857	2.601142857142857	2.553142857142857	4.053142857142857	2.1	2.81	3.76	2.59	2.63	2.98
1.0	2.0	3.0	4.0	5.0	6.0	7.0	8.0	9.0	10.0	11.0	12.0	13.0	14.0	15.0	16.0	17.0	18.0	19.0	20.0	21.0	22.0	23.0	24.0	25.0	26.0	27.0	28.0	29.0	30.0	31.0	32.0	33.0	34.0	35.0	36.0	37.0	38.0	39.0	40.0	41.0	42.0	43.0	44.0	45.0	46.0	47.0	48.0	49.0	50.0	51.0	52.0	53.0	54.0	55.0	56.0	57.0	58.0	59.0	60.0	61.0	62.0	63.0	64.0	65.0	66.0	67.0	68.0	69.0	70.0	71.0	72.0	73.0	74.0	75.0	76.0	77.0	78.0	79.0	80.0	81.0	82.0	83.0	84.0	85.0	86.0	87.0	88.0	89.0	90.0	91.0	92.0	93.0	94.0	95.0	96.0	97.0	98.0	99.0	100.0	101.0	102.0	103.0	104.0	105.0	106.0	107.0	108.0	109.0	110.0	111.0	112.0	113.0	114.0	115.0	116.0	117.0	118.0	119.0	120.0	121.0	122.0	123.0	124.0	125.0	126.0	127.0	128.0	129.0	130.0	131.0	132.0	133.0	134.0	135.0	136.0	137.0	138.0	139.0	140.0	141.0	142.0	143.0	144.0	145.0	146.0	147.0	148.0	149.0	149.0	150.0	151.0	152.0	153.0	154.0	155.0	156.0	157.0	158.0	159.0	160.0	161.0	162.0	163.0	164.0	165.0	166.0	167.0	168.0	169.0	170.0	171.0	172.0	173.0	174.0	175.0	176.0	177.0	178.0	179.0	180.0	181.0	182.0	183.0	184.0	185.0	186.0	187.0	188.0	189.0	190.0	191.0	192.0	193.0	194.0	195.0	196.0	197.0	198.0	199.0	200.0	201.0	202.0	203.0	204.0	205.0	206.0	207.0	208.0	209.0	210.0	211.0	212.0	213.0	214.0	215.0	216.0	217.0	218.0	219.0	220.0	221.0	222.0	223.0	224.0	225.0	226.0	227.0	228.0	229.0	230.0	231.0	232.0	233.0	234.0	235.0	236.0	237.0	238.0	239.0	240.0	241.0	242.0	243.0	244.0	245.0	246.0	247.0	248.0	249.0	250.0	251.0	252.0	253.0	254.0	255.0	256.0	257.0	258.0	259.0	260.0	261.0	262.0	263.0	264.0	265.0	266.0	267.0	268.0	269.0	270.0	271.0	272.0	273.0	274.0	275.0	276.0	277.0	278.0	279.0	280.0	281.0	282.0	283.0	284.0	285.0	286.0	287.0	288.0	289.0	290.0	291.0	292.0	293.0	294.0	295.0	296.0	297.0	298.0	298.0	299.0	300.0	301.0	302.0	303.0
4142.600352925368
