5848.697266337771	500.0	2000.0	168.22215343475384	0	0.0	3848.697266337771	1	0	1.0	-7.403038001122369
6657.38045671203	3000.0	2191.3168096257414	0.0	0	0.0	3848.697266337771	1	0	1.0	0.10387791512261302
7643.019050410803	3000.0	2205.678215926968	0.0	0	0.0	3848.697266337771	1	0	1.0	1.8956373843506684
8470.72554913273	3000.0	2377.971717205041	0.0	0	0.0	3848.697266337773	1	0	1.0	1.8956373843506684
9542.392126741175	3000.0	2306.305139596596	0.0	0	0.0	3848.697266337773	1	0	1.0	1.895637384350668
11335.548358147842	3000.0	1513.1489081899297	0.0	0	0.0	3848.6972663377737	1	0	1.0	1.8956373843506675
12573.985573628966	3000.0	1274.7116927088064	0.0	0	0.0	3848.697266337773	1	0	1.0	1.8956373843506678
13127.092742897277	2000.0	1721.6045234404953	0.0	0	0.0	3848.6972663377746	1	0	1.0	1.0847071681343379
13710.607089507497	2000.0	2138.0901768302747	0.0	0	0.0	3848.697266337773	1	0	1.0	1.4901722762425027
14279.535665391486	3000.0	2569.1616009462846	0.0	0	0.0	3848.697266337773	1	0	1.0	1.4901722762425031
14876.857938002828	3000.0	2971.839328334943	0.0	0	0.0	3848.697266337771	1	0	1.0	1.895637384350668
15322.460778763048	3000.0	3526.2364875747217	0.0	0	0.0	3848.697266337769	1	0	1.0	1.895637384350669
16200.0	3000.0	3648.697266337768	0.0	0	235.67339938771875	3848.6972663377674	1	0	1.0	1.8956373843506698
17200.0	6000.0	3648.697266337766	0.0	0	53.639202861064405	3848.6972663377655	1	0	1.0	1.8956373843506702
19130.178712686746	6000.0	2718.518553651019	0.0	0	0.0	3848.6972663377637	1	0	1.0	2.5887845649106156
20210.36134846308	6000.0	2638.335917874681	0.0	0	0.0	3848.6972663377583	1	0	1.0	2.588784564910617
21664.120434086217	6000.0	2184.5768322515446	0.0	0	0.0	3848.6972663377564	1	0	1.0	2.588784564910619
22925.189531931424	3000.0	1923.507734406333	0.0	0	0.0	3848.6972663377564	1	0	1.0	1.2024902037907288
24198.41133830613	3000.0	1650.2859280316297	0.0	0	0.0	3848.6972663377564	1	0	1.0	1.8956373843506737
24852.040488066355	3000.0	1996.6567782714044	0.0	0	0.0	3848.6972663377564	1	0	1.0	1.8956373843506737
25353.784454787517	3000.0	2494.9128115502435	0.0	0	0.0	3848.6972663377564	1	0	1.0	1.8956373843506737
25801.371358294873	3000.0	3047.325908042887	0.0	0	0.0	3848.6972663377564	1	0	1.0	1.8956373843506737
26301.29758967336	3000.0	3547.3996766644036	0.0	0	0.0	3848.697266337753	1	0	1.0	1.895637384350675
27547.025457169417	6000.0	3301.6718091683433	0.0	0	0.0	3848.697266337749	1	0	1.0	1.8956373843506762
29967.800748501122	6000.0	1880.8965178366373	0.0	0	0.0	3848.697266337749	1	0	1.0	2.588784564910621
30920.892574815563	3000.0	1927.8046915221933	0.0	0	0.0	3848.697266337749	1	0	1.0	1.2024902037907317
31998.204801173317	3000.0	1850.4924651644444	0.0	0	0.0	3848.697266337749	1	0	1.0	1.8956373843506766
32769.24554661895	3000.0	2079.4517197188143	0.0	0	0.0	3848.697266337749	1	0	1.0	1.8956373843506766
33416.22147489574	3000.0	2432.475791442022	0.0	0	0.0	3848.697266337749	1	0	1.0	1.8956373843506764
34276.562551769435	3000.0	2572.1347145683217	0.0	0	0.0	3848.6972663377383	1	0	1.0	1.8956373843506786
35601.70613534767	3000.0	2246.9911309900817	0.0	0	0.0	3848.6972663377346	1	0	1.0	1.8956373843506813
36662.629113307106	3000.0	2186.0681530306474	0.0	0	0.0	3848.6972663377383	1	0	1.0	1.8956373843506804
37882.22964852951	3000.0	1966.46761780825	0.0	0	0.0	3848.6972663377383	1	0	1.0	1.8956373843506809
38675.35549887412	3000.0	2173.341767463642	0.0	0	0.0	3848.6972663377383	1	0	1.0	1.8956373843506809
39615.916484217145	3000.0	2232.780782120619	0.0	0	0.0	3848.6972663377383	1	0	1.0	1.8956373843506809
40877.761490793135	3000.0	1970.9357755446283	0.0	0	0.0	3848.6972663377455	1	0	1.0	1.895637384350678
42029.328195808106	3000.0	1819.3690705296563	0.0	0	0.0	3848.697266337753	1	0	1.0	1.895637384350675
43618.57155206158	3000.0	1230.1257142761876	0.0	0	0.0	3848.69726633776	1	0	1.0	1.8956373843506724
44463.178623314416	3000.0	1385.5186430233593	0.0	0	0.0	3848.69726633776	1	0	1.0	1.8956373843506724
45282.320409496766	3000.0	1566.376856841006	0.0	0	0.0	3848.69726633776	1	0	1.0	1.8956373843506724
46431.17701456097	3000.0	1417.520251776806	0.0	0	0.0	3848.69726633776	1	0	1.0	1.8956373843506724
47574.47014116292	2000.0	1274.2271251748493	0.0	0	0.0	3848.697266337753	1	0	1.0	1.0847071681343459
48553.166922372075	2000.0	1295.5303439656961	0.0	0	0.0	3848.697266337753	1	0	1.0	1.4901722762425105
49383.721864964675	2000.0	1464.9754013730872	0.0	0	0.0	3848.697266337753	1	0	1.0	1.4901722762425105
50066.977461267095	2000.0	1781.7198050706684	0.0	0	0.0	3848.697266337753	1	0	1.0	1.4901722762425105
50820.042979420796	3000.0	2028.654286916965	0.0	0	0.0	3848.69726633776	1	0	1.0	1.4901722762425078
51843.39938539598	3000.0	2005.297880941788	0.0	0	0.0	3848.69726633776	1	0	1.0	1.8956373843506724
53478.55133668469	3000.0	1370.145929653083	0.0	0	0.0	3848.69726633776	1	0	1.0	1.8956373843506724
54042.747682726455	2000.0	1805.949583611324	0.0	0	0.0	3848.6972663377674	1	0	1.0	1.0847071681343403
54907.45362228135	3000.0	1941.2436440564218	0.0	0	0.0	3848.6972663377674	1	0	1.0	1.4901722762425051
55741.19072663148	2000.0	2107.5065397062945	0.0	0	0.0	3848.6972663377746	1	0	1.0	1.0847071681343379
56565.87648871667	3000.0	2282.8207776211075	0.0	0	0.0	3848.6972663377746	1	0	1.0	1.4901722762425025
57281.772993226004	3000.0	2566.924273111767	0.0	0	0.0	3848.6972663377746	1	0	1.0	1.895637384350667
58637.69058415316	3000.0	2211.006682184613	0.0	0	0.0	3848.6972663377746	1	0	1.0	1.895637384350667
59758.9075360436	3000.0	2089.789730294175	0.0	0	0.0	3848.6972663377746	1	0	1.0	1.895637384350667
60615.01411102914	3000.0	2233.6831553086427	0.0	0	0.0	3848.6972663377746	1	0	1.0	1.895637384350667
61561.56025896334	3000.0	2287.137007374438	0.0	0	0.0	3848.6972663377746	1	0	1.0	1.895637384350667
62890.622566300175	3000.0	1958.0747000375968	0.0	0	0.0	3848.6972663377674	1	0	1.0	1.8956373843506698
64176.19139913632	3000.0	1672.5058672014604	0.0	0	0.0	3848.6972663377674	1	0	1.0	1.8956373843506698
65548.13137368903	3000.0	1300.5658926487563	0.0	0	0.0	3848.6972663377674	1	0	1.0	1.895637384350672
66452.13241299144	2000.0	1396.5648533463532	0.0	0	0.0	3848.6972663377746	1	0	1.0	1.0847071681343405
67136.82420496875	2000.0	1711.8730613690395	0.0	0	0.0	3848.6972663377746	1	0	1.0	1.4901722762425034
68088.52207635896	3000.0	1760.1751899788387	0.0	0	0.0	3848.697266337789	1	0	1.0	1.4901722762424978
68689.06151775691	3000.0	2159.635748580882	0.0	0	0.0	3848.697266337782	1	0	1.0	1.895637384350663
70523.28316727628	3000.0	1325.4140990615078	0.0	0	0.0	3848.6972663377965	1	0	1.0	1.8956373843506606
71754.39833525891	3000.0	1094.2989310788862	0.0	0	0.0	3848.697266337782	1	0	1.0	1.895637384350664
72381.7748198742	2000.0	1466.922446463588	0.0	0	0.0	3848.697266337782	1	0	1.0	1.084707168134335
73216.50580358581	2000.0	1632.1914627519814	0.0	0	0.0	3848.697266337782	1	0	1.0	1.4901722762424996
74117.09584154563	2000.0	1731.6014247921669	0.0	0	0.0	3848.697266337782	1	0	1.0	1.4901722762424996
74749.04722627751	2000.0	2099.650040060278	0.0	0	0.0	3848.697266337782	1	0	1.0	1.4901722762424996
75295.94917985391	3000.0	2552.74808648387	0.0	0	0.0	3848.6972663377965	1	0	1.0	1.4901722762424945
76435.9807940902	3000.0	2412.7164722475923	0.0	0	0.0	3848.697266337782	1	0	1.0	1.895637384350664
77973.68650726072	3000.0	1875.0107590770676	0.0	0	0.0	3848.697266337782	1	0	1.0	1.895637384350664
79174.33150696542	3000.0	1674.3657593723606	0.0	0	0.0	3848.697266337782	1	0	1.0	1.895637384350664
80034.53119292503	3000.0	1814.1660734127481	0.0	0	0.0	3848.697266337782	1	0	1.0	1.895637384350664
80560.60652419011	3000.0	2288.090742147674	0.0	0	0.0	3848.6972663377965	1	0	1.0	1.895637384350659
81189.61969560507	3000.0	2659.077570732702	0.0	0	0.0	3848.6972663377965	1	0	1.0	1.895637384350659
82383.3335250487	6000.0	2465.3637412890725	0.0	0	0.0	3848.6972663377965	1	0	1.0	1.895637384350659
83955.87742854476	6000.0	1892.8198377929962	0.0	0	0.0	3848.697266337782	1	0	1.0	2.588784564910609
85107.66902080383	6000.0	1741.0282455339127	0.0	0	0.0	3848.6972663377674	1	0	1.0	2.5887845649106147
86475.08108441552	6000.0	1373.616181922223	0.0	0	0.0	3848.6972663377674	1	0	1.0	2.5887845649106147
87002.53082074095	3000.0	1846.166445596797	0.0	0	0.0	3848.6972663377674	1	0	1.0	1.2024902037907248
87565.15276661843	3000.0	2283.5444997193417	0.0	0	0.0	3848.6972663377674	1	0	1.0	1.8956373843506698
88217.30465763978	3000.0	2631.392608697998	0.0	0	0.0	3848.6972663377674	1	0	1.0	1.8956373843506698
88943.35221791346	3000.0	2905.3450484243044	0.0	0	0.0	3848.6972663377674	1	0	1.0	1.8956373843506698
89877.30671814883	3000.0	2971.390548188929	0.0	0	0.0	3848.697266337753	1	0	1.0	1.895637384350675
91051.37390714239	3000.0	2797.3233591953717	0.0	0	0.0	3848.697266337753	1	0	1.0	1.895637384350675
92068.19424182779	3000.0	2780.5030245099774	0.0	0	0.0	3848.697266337753	1	0	1.0	1.895637384350675
92780.62709902751	3000.0	3068.0701673102517	0.0	0	0.0	3848.697266337753	1	0	1.0	1.895637384350675
93576.03841127655	3000.0	3272.658855061207	0.0	0	0.0	3848.697266337753	1	0	1.0	1.895637384350675
94393.07944316554	3000.0	3455.617823172206	0.0	0	0.0	3848.697266337753	1	0	1.0	1.895637384350675
95200.0	3000.0	3648.697266337729	0.0	0	37.73822158455732	3848.697266337753	1	0	1.0	1.895637384350675
97278.10737799178	6000.0	2570.5898883459295	0.0	0	0.0	3848.697266337753	1	0	1.0	1.895637384350675
98238.32405755644	3000.0	2610.3732087812677	0.0	0	0.0	3848.6972663377383	1	0	1.0	1.202490203790736
99148.2403703111	3000.0	2700.4568960266	0.0	0	0.0	3848.6972663377383	1	0	1.0	1.8956373843506809
100248.97398192994	3000.0	2599.7232844077494	0.0	0	0.0	3848.6972663377383	1	0	1.0	1.8956373843506809
101065.92096907664	3000.0	2782.7762972610626	0.0	0	0.0	3848.6972663377383	1	0	1.0	1.8956373843506809
102017.84702095466	3000.0	2830.850245383037	0.0	0	0.0	3848.6972663377383	1	0	1.0	1.8956373843506809
102772.29686958998	3000.0	3076.4003967477247	0.0	0	0.0	3848.6972663377237	1	0	1.0	1.895637384350686
103768.38305477268	6000.0	3080.3142115649966	0.0	0	0.0	3848.6972663377237	1	0	1.0	1.8956373843506862
104707.48204828857	6000.0	3141.2152180491007	0.0	0	0.0	3848.6972663377237	1	0	1.0	2.588784564910631
105813.14599202598	6000.0	3035.551274311686	0.0	0	0.0	3848.6972663377383	1	0	1.0	2.5887845649106254
107001.91739102444	6000.0	2846.779875313233	0.0	0	0.0	3848.6972663377383	1	0	1.0	2.5887845649106254
108349.11782481	6000.0	2499.5794415276705	0.0	0	0.0	3848.6972663377383	1	0	1.0	2.5887845649106254
109439.38610485585	6000.0	2409.3111614818326	0.0	0	0.0	3848.6972663377383	1	0	1.0	2.5887845649106254
110045.17005697956	3000.0	2803.5272093581157	0.0	0	0.0	3848.6972663377383	1	0	1.0	1.202490203790736
112328.33856709258	6000.0	1520.3586992451142	0.0	0	0.0	3848.6972663377383	1	0	1.0	1.8956373843506806
113493.4148516588	3000.0	1355.282414678883	0.0	0	0.0	3848.6972663377383	1	0	1.0	1.202490203790736
114544.75777563103	3000.0	1303.9394907066526	0.0	0	0.0	3848.6972663377383	1	0	1.0	1.8956373843506809
115389.90480218528	3000.0	1458.7924641524096	0.0	0	0.0	3848.6972663377383	1	0	1.0	1.8956373843506809
116169.46454151694	3000.0	1679.2327248207685	0.0	0	0.0	3848.697266337753	1	0	1.0	1.895637384350675
117059.45495132361	3000.0	1789.242315014086	0.0	0	0.0	3848.697266337753	1	0	1.0	1.895637384350675
117706.80123850034	3000.0	2141.8960278373515	0.0	0	0.0	3848.697266337753	1	0	1.0	1.895637384350675
118595.86032670565	3000.0	2252.8369396320413	0.0	0	0.0	3848.697266337753	1	0	1.0	1.895637384350675
119822.76250095267	3000.0	2025.9347653850177	0.0	0	0.0	3848.697266337753	1	0	1.0	1.895637384350675
121491.77210845973	3000.0	1356.9251578779513	0.0	0	0.0	3848.6972663377674	1	0	1.0	1.8956373843506698
122232.61300592955	2000.0	1616.0842604081415	0.0	0	0.0	3848.6972663377674	1	0	1.0	1.0847071681343403
122937.37555999118	2000.0	1911.3217063465177	0.0	0	0.0	3848.6972663377674	1	0	1.0	1.490172276242505
123616.89628398862	3000.0	2231.800982349072	0.0	0	0.0	3848.6972663377674	1	0	1.0	1.4901722762425051
124372.1103211091	3000.0	2476.586945228599	0.0	0	0.0	3848.6972663377674	1	0	1.0	1.8956373843506698
125157.94914324318	3000.0	2690.7481230945054	0.0	0	0.0	3848.6972663377674	1	0	1.0	1.8956373843506698
126973.12221939318	3000.0	1875.5750469445034	0.0	0	0.0	3848.697266337753	1	0	1.0	1.895637384350675
128618.26891491887	3000.0	1230.428351418829	0.0	0	0.0	3848.697266337753	1	0	1.0	1.895637384350675
129822.76806981229	2000.0	1025.929196525421	0.0	0	0.0	3848.697266337753	1	0	1.0	1.0847071681343459
130629.31894770087	2000.0	1219.3783186368364	0.0	0	0.0	3848.697266337753	1	0	1.0	1.4901722762425105
131812.77051627255	2000.0	1035.926750065158	0.0	0	0.0	3848.697266337753	1	0	1.0	1.4901722762425083
133912.4290668406	2000.0	200.0	263.7318005029007	0	0.0	4112.429066840588	1	0	1.0	-0.12413699111085519
134213.5599593965	300.0	898.8691074441172	0.0	0	0.0	2112.4290668405883	1	0	1.0	-7.967563322881895
134912.57640410223	1000.0	1199.8526627383444	0.0	0	0.0	2112.4290668405883	1	0	1.0	-0.07044333799601224
135909.33958711106	2000.0	1203.0894797295139	0.0	0	0.0	2112.4290668405883	1	0	1.0	1.1335294663299238
136655.22676730747	2000.0	1457.2022995330829	0.0	0	0.0	2112.4290668406175	1	0	1.0	1.8266766468898665
137405.2493308913	2000.0	1707.1797359492457	0.0	0	0.0	2112.4290668406175	1	0	1.0	1.8266766468898665
138458.75556879357	2000.0	1653.673498046971	0.0	0	0.0	2112.4290668406175	1	0	1.0	1.8266766468898665
139200.0	2000.0	1912.4290668405129	0.0	0	264.8130979956477	2112.4290668406175	1	0	1.0	1.8266766468898665
140200.0	3000.0	1912.429066840525	0.0	0	208.70310729686753	2112.4290668406175	1	0	1.0	1.8266766468898668
141200.0	3000.0	1912.4290668405154	0.0	0	129.87117661396042	2112.4290668405883	1	0	1.0	2.232141754998034
142200.0	3000.0	1912.4290668405047	0.0	0	310.82845719519537	2112.4290668405883	1	0	1.0	2.232141754998034
143200.0	3000.0	1912.4290668405433	0.0	0	312.9109340524883	2112.4290668405883	1	0	1.0	2.232141754998034
144200.0	3000.0	1912.4290668405713	0.0	0	179.255892269779	2112.4290668405883	1	0	1.0	2.232141754998034
145200.0	3000.0	1912.4290668405715	0.0	0	236.42116064860602	2112.4290668405592	1	0	1.0	2.232141754998036
146200.0	3000.0	1912.4290668405838	0.0	0	194.5297429233906	2112.4290668405592	1	0	1.0	2.232141754998036
147200.0	3000.0	1912.4290668405736	0.0	0	20.21112186225946	2112.4290668405592	1	0	1.0	2.232141754998036
148200.0	3000.0	1912.4290668405786	0.0	0	17.105979030224262	2112.4290668405592	1	0	1.0	2.232141754998036
149586.1286399449	3000.0	1526.300426895664	0.0	0	0.0	2112.4290668405592	1	0	1.0	2.232141754998036
150621.43926286284	2000.0	1490.9898039777183	0.0	0	0.0	2112.4290668405592	1	0	1.0	1.4212115387817066
151643.01973328754	2000.0	1469.409333553007	0.0	0	0.0	2112.4290668405883	1	0	1.0	1.826676646889869
152337.84326648977	3000.0	1774.5858003507933	0.0	0	0.0	2112.4290668406175	1	0	1.0	1.8266766468898668
153291.49318169555	2000.0	1820.9358851450475	0.0	0	0.0	2112.4290668406175	1	0	1.0	1.421211538781702
154200.0	2000.0	1912.4290668405943	0.0	0	52.64191053912509	2112.4290668406466	1	0	1.0	1.8266766468898643
155432.0258460009	3000.0	1680.4032208396673	0.0	0	0.0	2112.4290668406466	1	0	1.0	1.8266766468898645
156336.41679821906	3000.0	1776.0122686214713	0.0	0	0.0	2112.4290668406466	1	0	1.0	2.232141754998029
157200.0	3000.0	1912.4290668405288	0.0	0	155.0727019191545	2112.4290668406466	1	0	1.0	2.232141754998029
158623.59471306743	3000.0	1488.8343537731073	0.0	0	0.0	2112.4290668407048	1	0	1.0	2.2321417549980263
160398.10671656346	3000.0	714.322350277083	0.0	0	0.0	2112.4290668407048	1	0	1.0	2.2321417549980245
161397.77329716927	2000.0	714.6557696712927	0.0	0	0.0	2112.4290668407048	1	0	1.0	1.4212115387816953
161839.5205001741	2000.0	1272.908566666478	0.0	0	0.0	2112.4290668407048	1	0	1.0	1.8266766468898599
162395.61501785793	2000.0	1716.8140489826676	0.0	0	0.0	2112.4290668407048	1	0	1.0	1.8266766468898599
163200.0	2000.0	1912.4290668405574	0.0	0	416.4643815184536	2112.4290668407048	1	0	1.0	1.8266766468898599
164200.0	3000.0	1912.4290668405731	0.0	0	204.49547827534843	2112.429066840734	1	0	1.0	1.8266766468898576
165200.0	3000.0	1912.429066840566	0.0	0	405.9802529067092	2112.4290668407048	1	0	1.0	2.2321417549980245
166259.56849430775	6000.0	1852.8605725328168	0.0	0	0.0	2112.4290668407048	1	0	1.0	2.2321417549980245
167769.55331727423	6000.0	1342.8757495663262	0.0	0	0.0	2112.4290668407048	1	0	1.0	2.925288935557969
168547.60859073326	3000.0	1564.8204761072993	0.0	0	0.0	2112.4290668407048	1	0	1.0	1.5389945744380797
169200.0	3000.0	1912.4290668405808	0.0	0	22.608904745284235	2112.429066840734	1	0	1.0	2.2321417549980223
170200.0	3000.0	1912.4290668405608	0.0	0	195.76854202267714	2112.429066840734	1	0	1.0	2.2321417549980223
171200.0	3000.0	1912.4290668405592	0.0	0	32.97416591044748	2112.429066840734	1	0	1.0	2.2321417549980223
172284.18005406696	3000.0	1828.2490127735925	0.0	0	0.0	2112.429066840734	1	0	1.0	2.2321417549980223
173204.13091836768	3000.0	1908.2981484728436	0.0	0	0.0	2112.429066840734	1	0	1.0	2.2321417549980223
174200.0	3000.0	1912.4290668405094	0.0	0	203.06077919260133	2112.429066840734	1	0	1.0	2.2321417549980223
175200.0	3000.0	1912.429066840513	0.0	0	304.64851204046863	2112.4290668407048	1	0	1.0	2.2321417549980245
176200.0	3000.0	1912.4290668405108	0.0	0	476.3075950567727	2112.4290668407048	1	0	1.0	2.2321417549980245
177200.0	3000.0	1912.429066840516	0.0	0	428.5516322594485	2112.4290668407048	1	0	1.0	2.2321417549980245
178200.0	3000.0	1912.429066840503	0.0	0	62.35279865335906	2112.4290668406757	1	0	1.0	2.2321417549980263
179456.66572652385	3000.0	1655.7633403166478	0.0	0	0.0	2112.4290668406466	1	0	1.0	2.232141754998029
180794.00566476182	3000.0	1318.4234020786694	0.0	0	0.0	2112.4290668406466	1	0	1.0	2.232141754998029
181726.15411642398	2000.0	1386.2749504165329	0.0	0	0.0	2112.4290668406757	1	0	1.0	1.4212115387816984
182793.8949808137	3000.0	1318.534086026785	0.0	0	0.0	2112.4290668406466	1	0	1.0	1.8266766468898632
183280.6975941238	2000.0	1831.7314727166547	0.0	0	0.0	2112.4290668406466	1	0	1.0	1.4212115387816997
184228.45872463312	3000.0	1883.9703422073667	0.0	0	0.0	2112.4290668406757	1	0	1.0	1.8266766468898623
185422.23199763187	3000.0	1690.1970692086422	0.0	0	0.0	2112.4290668407048	1	0	1.0	2.2321417549980245
186253.05785455255	3000.0	1859.3712122879465	0.0	0	0.0	2112.4290668406757	1	0	1.0	2.2321417549980267
187200.0	3000.0	1912.429066840474	0.0	0	128.33791753702099	2112.4290668406466	1	0	1.0	2.232141754998029
188387.9951729998	3000.0	1724.4338938406645	0.0	0	0.0	2112.4290668406757	1	0	1.0	2.2321417549980267
189508.36332258699	3000.0	1604.0657442534755	0.0	0	0.0	2112.4290668406757	1	0	1.0	2.2321417549980267
190244.2424999912	3000.0	1868.1865668492742	0.0	0	0.0	2112.4290668406757	1	0	1.0	2.2321417549980267
191209.24858941283	3000.0	1903.180477427677	0.0	0	0.0	2112.4290668406757	1	0	1.0	2.2321417549980267
192200.0	3000.0	1912.4290668405326	0.0	0	18.726136652490823	2112.4290668407048	1	0	1.0	2.2321417549980245
193200.0	2000.0	1912.429066840533	0.0	0	73.03043831710238	2112.4290668407048	1	0	1.0	1.4212115387816953
194280.28918380127	3000.0	1832.1398830392338	0.0	0	0.0	2112.4290668407048	1	0	1.0	1.82667664688986
195200.0	3000.0	1912.4290668405006	0.0	0	30.0436777875002	2112.4290668407048	1	0	1.0	2.2321417549980245
196559.14078718112	2000.0	1553.2882796593994	0.0	0	0.0	2112.4290668407048	1	0	1.0	1.4212115387816953
197349.76853973785	2000.0	1762.6605271026563	0.0	0	0.0	2112.4290668407048	1	0	1.0	1.8266766468898599
198200.0	2000.0	1912.4290668405101	0.0	0	195.61248008607072	2112.4290668407048	1	0	1.0	1.8266766468898599
199200.0	2000.0	1912.42906684047	0.0	0	481.54680965744774	2112.4290668407048	1	0	1.0	1.8266766468898599
200594.84480443457	3000.0	1517.5842624058832	0.0	0	0.0	2112.4290668406757	1	0	1.0	1.8266766468898623
201523.25623217045	2000.0	1589.1728346700318	0.0	0	0.0	2112.4290668406757	1	0	1.0	1.4212115387816975
202522.1636158625	2000.0	1590.2654509779627	0.0	0	0.0	2112.4290668406757	1	0	1.0	1.826676646889862
203236.7453471526	2000.0	1875.6837196878416	0.0	0	0.0	2112.4290668406757	1	0	1.0	1.826676646889862
204200.0	2000.0	1912.4290668404328	0.0	0	30.49134814797435	2112.4290668406466	1	0	1.0	1.8266766468898643
205200.0	2000.0	1912.429066840445	0.0	0	139.62576200789772	2112.4290668406466	1	0	1.0	1.8266766468898643
206200.0	3000.0	1912.4290668404713	0.0	0	190.60804425357492	2112.4290668406466	1	0	1.0	1.8266766468898645
207200.0	3000.0	1912.429066840459	0.0	0	187.681740420172	2112.4290668406466	1	0	1.0	2.232141754998029
208507.42815870338	3000.0	1605.0009081371213	0.0	0	0.0	2112.4290668406466	1	0	1.0	2.232141754998029
209200.0	3000.0	1912.4290668405406	0.0	0	0.5828214381472208	2112.4290668406757	1	0	1.0	2.2321417549980267
210200.0	3000.0	1912.4290668405424	0.0	0	284.148513353779	2112.4290668406757	1	0	1.0	2.2321417549980267
211200.0	3000.0	1912.4290668405547	0.0	0	139.96365622489247	2112.4290668406757	1	0	1.0	2.2321417549980267
212833.47559174785	3000.0	1278.9534750927255	0.0	0	0.0	2112.4290668406466	1	0	1.0	2.232141754998029
214134.05350182447	3000.0	978.3755650161472	0.0	0	0.0	2112.4290668406757	1	0	1.0	2.2321417549980267
215075.95585663972	2000.0	1036.4732102008916	0.0	0	0.0	2112.4290668407048	1	0	1.0	1.4212115387816953
215854.64514540246	2000.0	1257.7839214381293	0.0	0	0.0	2112.4290668407048	1	0	1.0	1.8266766468898599
216491.13134870055	3000.0	1621.2977181400145	0.0	0	0.0	2112.4290668406757	1	0	1.0	1.8266766468898623
217210.02975357004	3000.0	1902.399313270521	0.0	0	0.0	2112.4290668406757	1	0	1.0	2.2321417549980267
218200.0	3000.0	1912.4290668405727	0.0	0	177.39176960330224	2112.4290668407048	1	0	1.0	2.2321417549980245
220088.79531258	3000.0	1023.6337542605384	0.0	0	0.0	2112.4290668407048	1	0	1.0	2.2321417549980245
221286.95555981132	3000.0	825.4735070292451	0.0	0	0.0	2112.4290668407048	1	0	1.0	2.2321417549980245
222098.02174979277	2000.0	1014.4073170477748	0.0	0	0.0	2112.4290668406757	1	0	1.0	1.4212115387816975
222902.28461596157	2000.0	1210.144450878951	0.0	0	0.0	2112.4290668406466	1	0	1.0	1.8266766468898643
223403.0430007342	2000.0	1709.386066106307	0.0	0	0.0	2112.4290668406466	1	0	1.0	1.8266766468898643
224200.0	2000.0	1912.429066840501	0.0	0	171.06543894123752	2112.4290668406175	1	0	1.0	1.8266766468898665
225747.03123462052	3000.0	1365.3978322199714	0.0	0	0.0	2112.4290668406175	1	0	1.0	1.8266766468898668
226928.88283922698	2000.0	1183.546227613516	0.0	0	0.0	2112.4290668406175	1	0	1.0	1.421211538781702
227780.9859154281	2000.0	1331.4431514124108	0.0	0	0.0	2112.4290668406175	1	0	1.0	1.8266766468898665
228721.085877458	3000.0	1391.3431893824745	0.0	0	0.0	2112.4290668406175	1	0	1.0	1.8266766468898668
229518.45399043217	3000.0	1593.9750764083287	0.0	0	0.0	2112.4290668406466	1	0	1.0	2.232141754998029
230200.0	3000.0	1912.429066840469	0.0	0	37.08135847499943	2112.4290668406175	1	0	1.0	2.232141754998031
231200.0	6000.0	1912.4290668404872	0.0	0	37.45025700589758	2112.4290668406175	1	0	1.0	2.2321417549980316
232828.68013476604	6000.0	1283.748932074493	0.0	0	0.0	2112.4290668406466	1	0	1.0	2.9252889355579756
233837.75689048923	6000.0	1274.6721763512994	0.0	0	0.0	2112.4290668406757	1	0	1.0	2.9252889355579725
235307.81167832972	6000.0	804.6173885108057	0.0	0	0.0	2112.4290668406757	1	0	1.0	2.9252889355579716
235892.72522319076	3000.0	1219.7038436497483	0.0	0	0.0	2112.4290668406757	1	0	1.0	1.538994574438082
236619.7999064953	3000.0	1492.6291603452198	0.0	0	0.0	2112.4290668406466	1	0	1.0	2.232141754998027
237381.82421949127	3000.0	1730.6048473492547	0.0	0	0.0	2112.4290668406466	1	0	1.0	2.232141754998029
238200.0	3000.0	1912.4290668405472	0.0	0	24.52196293909219	2112.4290668406466	1	0	1.0	2.232141754998029
239200.0	3000.0	1912.4290668405442	0.0	0	144.48103049598285	2112.4290668406757	1	0	1.0	2.2321417549980267
240200.0	3000.0	1912.4290668405272	0.0	0	224.10639096764498	2112.4290668406757	1	0	1.0	2.2321417549980267
241311.16018098427	3000.0	1801.268885856242	0.0	0	0.0	2112.4290668406757	1	0	1.0	2.2321417549980267
242200.0	3000.0	1912.4290668405001	0.0	0	141.3890954675153	2112.4290668406757	1	0	1.0	2.2321417549980267
243200.0	3000.0	1912.4290668405304	0.0	0	271.4650477010582	2112.4290668406757	1	0	1.0	2.2321417549980267
244200.0	3000.0	1912.429066840554	0.0	0	412.05052402749425	2112.429066840734	1	0	1.0	2.2321417549980227
245200.0	3000.0	1912.4290668405451	0.0	0	244.71786113941926	2112.429066840734	1	0	1.0	2.2321417549980223
246406.061947965	3000.0	1706.3671188755625	0.0	0	0.0	2112.429066840734	1	0	1.0	2.2321417549980223
247315.97504304594	3000.0	1796.4540237946205	0.0	0	0.0	2112.429066840734	1	0	1.0	2.2321417549980223
248217.02878661692	3000.0	1895.4002802236323	0.0	0	0.0	2112.429066840763	1	0	1.0	2.23214175499802
249431.74720702702	3000.0	1680.6818598135287	0.0	0	0.0	2112.429066840763	1	0	1.0	2.23214175499802
250669.7552275052	3000.0	1442.673839335348	0.0	0	0.0	2112.429066840763	1	0	1.0	2.23214175499802
251510.73991861398	3000.0	1601.6891482265917	0.0	0	0.0	2112.429066840763	1	0	1.0	2.23214175499802
252200.0	3000.0	1912.4290668406036	0.0	0	131.09559656810598	2112.429066840763	1	0	1.0	2.23214175499802
253200.0	6000.0	1912.429066840616	0.0	0	128.63963343010982	2112.429066840763	1	0	1.0	2.23214175499802
254200.0	6000.0	1912.4290668406384	0.0	0	34.12590635713423	2112.429066840763	1	0	1.0	2.9252889355579645
255572.76662081465	6000.0	1539.6624460259532	0.0	0	0.0	2112.429066840763	1	0	1.0	2.9252889355579663
256744.9467536849	6000.0	1367.482313155701	0.0	0	0.0	2112.429066840792	1	0	1.0	2.9252889355579628
258286.82532987202	6000.0	825.6037369685516	0.0	0	0.0	2112.429066840792	1	0	1.0	2.9252889355579628
259169.02179594224	3000.0	943.4072708983416	0.0	0	0.0	2112.429066840792	1	0	1.0	1.5389945744380729
259932.94485186567	3000.0	1179.4842149748888	0.0	0	0.0	2112.429066840792	1	0	1.0	2.232141754998018
261352.51569589155	3000.0	759.9133709490309	0.0	0	0.0	2112.429066840763	1	0	1.0	2.23214175499802
262440.469593534	3000.0	671.9594733065201	0.0	0	0.0	2112.4290668406757	1	0	1.0	2.2321417549980236
263317.1880055012	3000.0	795.241061339341	0.0	0	0.0	2112.4290668407048	1	0	1.0	2.2321417549980263
264194.3172260286	3000.0	918.1118408118646	0.0	0	0.0	2112.4290668406466	1	0	1.0	2.232141754998027
264835.0649479201	2000.0	1277.3641189203747	0.0	0	0.0	2112.4290668406757	1	0	1.0	1.4212115387816975
265436.29316616844	3000.0	1676.135900671997	0.0	0	0.0	2112.429066840734	1	0	1.0	1.8266766468898576
266267.9300247732	3000.0	1844.4990420673018	0.0	0	0.0	2112.4290668406757	1	0	1.0	2.2321417549980267
267341.82060273667	3000.0	1770.6084641038262	0.0	0	0.0	2112.4290668406757	1	0	1.0	2.2321417549980267
268308.8518196718	3000.0	1803.5772471686348	0.0	0	0.0	2112.4290668406757	1	0	1.0	2.2321417549980267
269602.02508077864	3000.0	1510.4039860617895	0.0	0	0.0	2112.4290668406757	1	0	1.0	2.2321417549980267
270900.83461748075	3000.0	1211.5944493596407	0.0	0	0.0	2112.4290668406757	1	0	1.0	2.2321417549980267
271875.96122638555	3000.0	1236.4678404548235	0.0	0	0.0	2112.4290668405592	1	0	1.0	2.2321417549980342
272478.9602906565	2000.0	1633.4687761838773	0.0	0	0.0	2112.4290668405592	1	0	1.0	1.4212115387817066
273200.0	3000.0	1912.4290668403548	0.0	0	48.441560736100655	2112.4290668405592	1	0	1.0	1.8266766468898714
274200.0	3000.0	1912.4290668403376	0.0	0	281.1398189169704	2112.4290668405592	1	0	1.0	2.232141754998036
275651.89661056024	3000.0	1460.5324562800918	0.0	0	0.0	2112.4290668405592	1	0	1.0	2.232141754998036
276729.08150790446	3000.0	1383.3475589359753	0.0	0	0.0	2112.4290668406757	1	0	1.0	2.2321417549980302
277657.0942118158	2000.0	1455.334855024584	0.0	0	0.0	2112.4290668406757	1	0	1.0	1.4212115387816975
279108.5600898637	2000.0	1003.868976976742	0.0	0	0.0	2112.4290668406757	1	0	1.0	1.826676646889862
280673.50238795986	2000.0	438.9266788805804	0.0	0	0.0	2112.4290668406757	1	0	1.0	1.826676646889862
281397.8182856341	1000.0	714.6107812062701	0.0	0	0.0	2112.4290668406757	1	0	1.0	0.4403822857699718
282314.8727627851	1000.0	797.5563040553034	0.0	0	0.0	2112.4290668406757	1	0	1.0	1.133529466329917
283549.24285545095	1000.0	563.186211389477	0.0	0	0.0	2112.429066840734	1	0	1.0	1.1335294663299125
284083.17538646265	1000.0	1029.2536803777857	0.0	0	0.0	2112.429066840792	1	0	1.0	1.1335294663299078
284707.4208968578	1000.0	1405.0081699826173	0.0	0	0.0	2112.429066840792	1	0	1.0	1.1335294663299078
285789.7778832709	2000.0	1322.6511835695203	0.0	0	0.0	2112.4290668408503	1	0	1.0	1.133529466329905
286490.3377786183	2000.0	1622.0912882220882	0.0	0	0.0	2112.429066840792	1	0	1.0	1.826676646889853
287660.86137122265	2000.0	1451.5676956177495	0.0	0	0.0	2112.429066840734	1	0	1.0	1.8266766468898548
288243.5501653556	2000.0	1868.8789014847762	0.0	0	0.0	2112.4290668406757	1	0	1.0	1.826676646889862
289200.0	3000.0	1912.4290668403873	0.0	0	214.98936203145422	2112.4290668406175	1	0	1.0	1.8266766468898668
290200.0	3000.0	1912.429066840344	0.0	0	421.4016287965933	2112.4290668406175	1	0	1.0	2.232141754998031
291200.0	3000.0	1912.429066840395	0.0	0	69.24456858541816	2112.4290668406757	1	0	1.0	2.2321417549980267
292200.0	3000.0	1912.4290668403853	0.0	0	216.7679524938576	2112.4290668406757	1	0	1.0	2.2321417549980267
293200.0	3000.0	1912.4290668403867	0.0	0	142.38419601571513	2112.4290668406175	1	0	1.0	2.232141754998031
294200.0	3000.0	1912.429066840354	0.0	0	260.85890060133534	2112.4290668406175	1	0	1.0	2.232141754998031
295432.4705245574	3000.0	1679.958542282962	0.0	0	0.0	2112.4290668406175	1	0	1.0	2.232141754998031
296416.21089415473	3000.0	1696.2181726855556	0.0	0	0.0	2112.4290668405592	1	0	1.0	2.232141754998036
297200.0	3000.0	1912.4290668403148	0.0	0	18.09334591892548	2112.4290668405592	1	0	1.0	2.232141754998036
298200.0	3000.0	1912.4290668403173	0.0	0	116.99560548004229	2112.4290668406175	1	0	1.0	2.232141754998031
299279.4276937133	3000.0	1833.0013731270042	0.0	0	0.0	2112.4290668406175	1	0	1.0	2.232141754998031
300200.0	2000.0	1912.4290668402414	0.0	0	4.251385994721204	2112.4290668406757	1	0	1.0	1.4212115387816975
301200.0	2000.0	1912.429066840285	0.0	0	202.47707036411157	2112.429066840734	1	0	1.0	1.8266766468898574
302200.0	3000.0	1912.4290668402878	0.0	0	179.81386622105492	2112.429066840734	1	0	1.0	1.8266766468898576
303200.0	2000.0	1912.4290668402812	0.0	0	386.6686399084283	2112.429066840734	1	0	1.0	1.4212115387816928
304441.68225206964	3000.0	1670.7468147706936	0.0	0	0.0	2112.429066840734	1	0	1.0	1.8266766468898576
2.97	3.96	4.54	2.27	1.41	2.22	2.68	3.93	4.48	5.26	5.55	6.0	2.93	3.72	4.15	3.2	2.81	2.4	3.68	4.97	5.83	4.26	4.63	2.66	2.65	2.31	2.58	3.86	3.67	2.83	3.02	3.06	3.96	3.32	3.12	3.28	2.87	2.31	2.97	3.22	2.56	1.59	2.56	3.31	4.27	2.34	1.88	2.68	3.456468085106383	2.484468085106383	3.1084680851063826	3.6364680851063826	2.556468085106383	2.856468085106383	4.260468085106384	4.140468085106383	3.096468085106383	2.0524680851063826	2.1244680851063826	1.9684680851063832	2.6884680851063827	4.188468085106383	4.272468085106383	3.300468085106383	1.068468085106383	2.424468085106383	2.9404680851063825	1.800468085106383	3.0844680851063826	4.332468085106383	2.1604680851063827	1.9084680851063827	2.328468085106383	3.384468085106383	4.884468085106382	6.384468085106382	5.808468085106384	3.456468085106383	4.332468085106383	5.316468085106383	3.648468085106383	4.524468085106383	3.7804680851063828	3.336468085106383	2.520468085106383	3.1564680851063827	3.7084680851063827	2.808468085106383	4.308468085106384	5.112468085106383	2.316468085106383	3.0364680851063826	3.816468085106383	4.044468085106383	1.8844680851063826	3.3005999999999998	4.752599999999999	6.2766	7.4406	8.0166	3.4446	4.1886	4.5366	4.2846	4.6926	3.8406	2.1846	3.6366	3.8286000000000002	2.9046000000000003	4.0086	3.9366	3.3726	2.2206	2.4846	2.4726	3.2765999999999997	3.4086	4.8126	2.4966	1.6445999999999998	3.0366	1.9806000000000001	1.6085999999999998	2.4126	1.5126	1.3685999999999998	1.2846000000000002	0.8645999999999998	1.8126	2.0766	2.9886	2.1366	3.7806	4.944599999999999	4.9206	3.1326	3.3486	3.3966	3.0606	2.7485999999999997	3.1806	3.4926	2.2326	2.0646	2.122	3.598	2.578	3.2620000000000005	4.16	2.97	3.96	4.54	2.27	1.41	2.22	2.68	3.93	4.48	5.26	5.55	6.0	2.93	3.72	4.15	3.2	2.81	2.4	3.68	4.97	5.83	4.26	4.63	2.66	2.65	2.31	2.58	3.86	3.67	2.83	3.02	3.06	3.96	3.32	3.12	3.28	2.87	2.31	2.97	3.22	2.56	1.59	2.56	3.31	4.27	2.34	1.88	2.68	3.456468085106383	2.484468085106383	3.1084680851063826	3.6364680851063826	2.556468085106383	2.856468085106383	4.260468085106384	4.140468085106383	3.096468085106383	2.0524680851063826	2.1244680851063826	1.9684680851063832	2.6884680851063827	4.188468085106383	4.272468085106383	3.300468085106383	1.068468085106383	2.424468085106383	2.9404680851063825	1.800468085106383	3.0844680851063826	4.332468085106383	2.1604680851063827	1.9084680851063827	2.328468085106383	3.384468085106383	4.884468085106382	6.384468085106382	5.808468085106384	3.456468085106383	4.332468085106383	5.316468085106383	3.648468085106383	4.524468085106383	3.7804680851063828	3.336468085106383	2.520468085106383	3.1564680851063827	3.7084680851063827	2.808468085106383	4.308468085106384	5.112468085106383	2.316468085106383	3.0364680851063826	3.816468085106383	4.044468085106383	1.8844680851063826	3.3005999999999998	4.752599999999999	6.2766	7.4406	8.0166	3.4446	4.1886	4.5366	4.2846	4.6926	3.8406	2.1846	3.6366	3.8286000000000002	2.9046000000000003	4.0086	3.9366	3.3726	2.2206	2.4846	2.4726	3.2765999999999997	3.4086	4.8126	2.4966	1.6445999999999998	3.0366	1.9806000000000001	1.6085999999999998	2.4126	1.5126	1.3685999999999998	1.2846000000000002	0.8645999999999998	1.8126	2.0766	2.9886	2.1366	3.7806	4.944599999999999	4.9206	3.1326	3.3486	3.3966	3.0606	2.7485999999999997	3.1806	3.4926	2.2326	2.0646	2.122	3.598	2.578	3.2620000000000005	4.16	2.97	3.96	4.54
1.0	2.0	3.0	4.0	5.0	6.0	7.0	8.0	9.0	10.0	11.0	12.0	13.0	14.0	15.0	16.0	17.0	18.0	19.0	20.0	21.0	22.0	23.0	24.0	25.0	26.0	27.0	28.0	29.0	30.0	31.0	32.0	33.0	34.0	35.0	36.0	37.0	38.0	39.0	40.0	41.0	42.0	43.0	44.0	45.0	46.0	47.0	48.0	49.0	50.0	51.0	52.0	53.0	54.0	55.0	56.0	57.0	58.0	59.0	60.0	61.0	62.0	63.0	64.0	65.0	66.0	67.0	68.0	69.0	70.0	71.0	72.0	73.0	74.0	75.0	76.0	77.0	78.0	79.0	80.0	81.0	82.0	83.0	84.0	85.0	86.0	87.0	88.0	89.0	90.0	91.0	92.0	93.0	94.0	95.0	96.0	97.0	98.0	99.0	100.0	101.0	102.0	103.0	104.0	105.0	106.0	107.0	108.0	109.0	110.0	111.0	112.0	113.0	114.0	115.0	116.0	117.0	118.0	119.0	120.0	121.0	122.0	123.0	124.0	125.0	126.0	127.0	128.0	129.0	130.0	131.0	132.0	133.0	134.0	135.0	136.0	137.0	138.0	139.0	140.0	141.0	142.0	143.0	144.0	145.0	146.0	147.0	148.0	149.0	149.0	150.0	151.0	152.0	153.0	154.0	155.0	156.0	157.0	158.0	159.0	160.0	161.0	162.0	163.0	164.0	165.0	166.0	167.0	168.0	169.0	170.0	171.0	172.0	173.0	174.0	175.0	176.0	177.0	178.0	179.0	180.0	181.0	182.0	183.0	184.0	185.0	186.0	187.0	188.0	189.0	190.0	191.0	192.0	193.0	194.0	195.0	196.0	197.0	198.0	199.0	200.0	201.0	202.0	203.0	204.0	205.0	206.0	207.0	208.0	209.0	210.0	211.0	212.0	213.0	214.0	215.0	216.0	217.0	218.0	219.0	220.0	221.0	222.0	223.0	224.0	225.0	226.0	227.0	228.0	229.0	230.0	231.0	232.0	233.0	234.0	235.0	236.0	237.0	238.0	239.0	240.0	241.0	242.0	243.0	244.0	245.0	246.0	247.0	248.0	249.0	250.0	251.0	252.0	253.0	254.0	255.0	256.0	257.0	258.0	259.0	260.0	261.0	262.0	263.0	264.0	265.0	266.0	267.0	268.0	269.0	270.0	271.0	272.0	273.0	274.0	275.0	276.0	277.0	278.0	279.0	280.0	281.0	282.0	283.0	284.0	285.0	286.0	287.0	288.0	289.0	290.0	291.0	292.0	293.0	294.0	295.0	296.0	297.0	298.0	298.0	299.0	300.0	301.0
5534.933814407654
