4940.54161530213	2000.0	2000.0	638.695851903888	0	0.0	4940.54161530213	1	0	1.0	-4.731048794054236
6273.526613256779	3000.0	1667.0150020453511	0.0	0	0.0	2940.54161530213	1	0	1.0	-4.272233042575252
7413.8710859612875	3000.0	1526.6705293408422	0.0	0	0.0	2940.5416153021306	1	0	1.0	2.1332320655329133
8444.709438095733	3000.0	1495.832177206396	0.0	0	0.0	2940.5416153021297	1	0	1.0	2.1332320655329133
9530.304299145902	3000.0	1410.2373161562264	0.0	0	0.0	2940.5416153021297	1	0	1.0	2.133232065532914
10099.700766159016	2000.0	1840.8408491431132	0.0	0	0.0	2940.5416153021297	1	0	1.0	1.3223018493165841
10764.700826383965	2000.0	2175.8407889181635	0.0	0	0.0	2940.541615302128	1	0	1.0	1.727766957424749
11594.91781388449	2000.0	2345.6238014176392	0.0	0	0.0	2940.541615302129	1	0	1.0	1.727766957424749
12694.853024951743	3000.0	2245.6885903503903	0.0	0	0.0	2940.541615302127	1	0	1.0	1.7277669574247494
13352.834143277192	3000.0	2587.7074720249398	0.0	0	0.0	2940.541615302127	1	0	1.0	2.133232065532914
14207.246161167093	3000.0	2733.295454135037	0.0	0	0.0	2940.541615302127	1	0	1.0	2.133232065532914
15200.0	3000.0	2740.5416153021283	0.0	0	179.08648845370953	2940.541615302129	1	0	1.0	2.133232065532914
16200.0	3000.0	2740.541615302128	0.0	0	52.295273479263415	2940.541615302129	1	0	1.0	2.133232065532914
17200.0	3000.0	2740.541615302129	0.0	0	335.5750528289682	2940.541615302129	1	0	1.0	2.133232065532914
18200.0	3000.0	2740.5416153021233	0.0	0	209.98847137403573	2940.5416153021215	1	0	1.0	2.1332320655329147
19200.0	3000.0	2740.5416153021247	0.0	0	422.86992043048303	2940.5416153021215	1	0	1.0	2.133232065532915
20624.736983870094	6000.0	2315.8046314320322	0.0	0	0.0	2940.541615302125	1	0	1.0	2.1332320655329147
21598.289201292184	3000.0	2342.2524140099404	0.0	0	0.0	2940.5416153021215	1	0	1.0	1.4400848849729702
22533.599977664446	3000.0	2406.9416376376735	0.0	0	0.0	2940.541615302118	1	0	1.0	2.1332320655329156
23676.815157151625	3000.0	2263.726458150499	0.0	0	0.0	2940.541615302118	1	0	1.0	2.1332320655329156
25088.97015414	3000.0	1851.5714611621213	0.0	0	0.0	2940.541615302114	1	0	1.0	2.1332320655329164
26903.056917717895	3000.0	1037.484697584223	0.0	0	0.0	2940.541615302114	1	0	1.0	2.1332320655329164
27809.307939138376	2000.0	1131.2336761637453	0.0	0	0.0	2940.541615302114	1	0	1.0	1.3223018493165868
28634.440803442594	2000.0	1306.100811859529	0.0	0	0.0	2940.541615302114	1	0	1.0	1.7277669574247514
29205.869239591128	2000.0	1734.6723757109946	0.0	0	0.0	2940.541615302114	1	0	1.0	1.7277669574247514
29790.96028086214	3000.0	2149.581334439982	0.0	0	0.0	2940.541615302114	1	0	1.0	1.7277669574247516
30323.512731670784	3000.0	2617.0288836313357	0.0	0	0.0	2940.5416153021106	1	0	1.0	2.133232065532917
31200.0	3000.0	2740.5416153021183	0.0	0	257.47953148633314	2940.5416153021106	1	0	1.0	2.133232065532917
32997.72322843855	6000.0	1942.8183868635601	0.0	0	0.0	2940.541615302107	1	0	1.0	2.133232065532917
34066.437149166464	3000.0	1874.1044661356482	0.0	0	0.0	2940.5416153021106	1	0	1.0	1.4400848849729724
34999.719642647055	3000.0	1940.821972655058	0.0	0	0.0	2940.541615302114	1	0	1.0	2.1332320655329173
35920.98195063245	3000.0	2019.5596646696629	0.0	0	0.0	2940.541615302114	1	0	1.0	2.133232065532916
36742.51941911297	3000.0	2198.022196189143	0.0	0	0.0	2940.541615302107	1	0	1.0	2.1332320655329178
37320.23822686747	3000.0	2620.303388434648	0.0	0	0.0	2940.541615302107	1	0	1.0	2.1332320655329178
39056.59561820104	6000.0	1883.9459971010624	0.0	0	0.0	2940.5416153020997	1	0	1.0	2.133232065532919
39900.78705331514	3000.0	2039.7545619869625	0.0	0	0.0	2940.5416153020997	1	0	1.0	1.4400848849729737
40610.45882247001	3000.0	2330.08279283209	0.0	0	0.0	2940.5416153020997	1	0	1.0	2.1332320655329187
41594.67029269608	3000.0	2345.871322606024	0.0	0	0.0	2940.5416153020997	1	0	1.0	2.1332320655329187
42460.12567741111	3000.0	2480.4159378909917	0.0	0	0.0	2940.5416153020997	1	0	1.0	2.1332320655329187
43241.13799412607	3000.0	2699.4036211760285	0.0	0	0.0	2940.5416153020997	1	0	1.0	2.1332320655329187
44200.0	3000.0	2740.541615302099	0.0	0	186.28474764040584	2940.5416153020997	1	0	1.0	2.1332320655329187
45202.95403220482	3000.0	2737.58758309728	0.0	0	0.0	2940.5416153020997	1	0	1.0	2.1332320655329187
46200.0	3000.0	2740.5416153021056	0.0	0	19.41056353764725	2940.5416153020997	1	0	1.0	2.1332320655329187
47368.57724649245	3000.0	2571.964368809656	0.0	0	0.0	2940.5416153020997	1	0	1.0	2.1332320655329187
48564.92108142891	3000.0	2375.6205338731907	0.0	0	0.0	2940.5416153020997	1	0	1.0	2.1332320655329187
49793.64716747803	3000.0	2146.8944478240633	0.0	0	0.0	2940.5416153020924	1	0	1.0	2.13323206553292
50927.06142688552	3000.0	2013.480188416581	0.0	0	0.0	2940.5416153020924	1	0	1.0	2.13323206553292
51770.46427980336	3000.0	2170.0773354987423	0.0	0	0.0	2940.5416153020924	1	0	1.0	2.13323206553292
53008.96334580359	3000.0	1931.57826949852	0.0	0	0.0	2940.5416153020924	1	0	1.0	2.13323206553292
54083.874158867504	3000.0	1856.6674564346056	0.0	0	0.0	2940.5416153020924	1	0	1.0	2.13323206553292
55204.69202406816	3000.0	1735.8495912339517	0.0	0	0.0	2940.541615302085	1	0	1.0	2.1332320655329213
56004.123989533946	3000.0	1936.4176257681631	0.0	0	0.0	2940.541615302085	1	0	1.0	2.1332320655329213
57200.05985450196	3000.0	1740.4817608001445	0.0	0	0.0	2940.541615302085	1	0	1.0	2.1332320655329213
58237.59914621502	3000.0	1702.942469087092	0.0	0	0.0	2940.541615302085	1	0	1.0	2.1332320655329213
59158.26161712645	3000.0	1782.2799981756696	0.0	0	0.0	2940.541615302085	1	0	1.0	2.1332320655329213
60167.641870989006	3000.0	1772.8997443131163	0.0	0	0.0	2940.541615302085	1	0	1.0	2.1332320655329213
60770.28117192723	2000.0	2170.2604433748847	0.0	0	0.0	2940.541615302085	1	0	1.0	1.322301849316592
61572.193415245776	2000.0	2368.348200056337	0.0	0	0.0	2940.541615302085	1	0	1.0	1.7277669574247565
62344.04303206405	2000.0	2596.4985832380576	0.0	0	0.0	2940.541615302085	1	0	1.0	1.7277669574247565
63200.0	2000.0	2740.541615302108	0.0	0	124.75899369479885	2940.541615302085	1	0	1.0	1.7277669574247565
64200.0	3000.0	2740.541615302109	0.0	0	24.677381368928764	2940.541615302085	1	0	1.0	1.7277669574247567
65200.0	3000.0	2740.5416153021165	0.0	0	101.37478378933884	2940.541615302085	1	0	1.0	2.1332320655329213
66302.17559300506	3000.0	2638.3660222970593	0.0	0	0.0	2940.541615302085	1	0	1.0	2.133232065532921
67782.74620170043	3000.0	2157.795413601675	0.0	0	0.0	2940.5416153020706	1	0	1.0	2.133232065532922
68654.14274402836	3000.0	2286.398871273752	0.0	0	0.0	2940.541615302078	1	0	1.0	2.133232065532923
69613.38683369794	3000.0	2327.1547816041543	0.0	0	0.0	2940.5416153020633	1	0	1.0	2.1332320655329244
70790.60178862733	3000.0	2149.939826674767	0.0	0	0.0	2940.541615302078	1	0	1.0	2.1332320655329227
72151.25465574783	3000.0	1789.2869595542713	0.0	0	0.0	2940.541615302078	1	0	1.0	2.1332320655329227
73105.39618309386	3000.0	1835.1454322082488	0.0	0	0.0	2940.5416153020924	1	0	1.0	2.13323206553292
73899.07219880944	3000.0	2041.4694164926661	0.0	0	0.0	2940.5416153020924	1	0	1.0	2.13323206553292
74963.32035190894	3000.0	1977.2212633931786	0.0	0	0.0	2940.5416153020924	1	0	1.0	2.13323206553292
75777.3858224464	3000.0	2163.155792855712	0.0	0	0.0	2940.5416153020924	1	0	1.0	2.13323206553292
77196.80205563403	3000.0	1743.73955966807	0.0	0	0.0	2940.5416153020924	1	0	1.0	2.13323206553292
78503.17403209455	3000.0	1437.367583207531	0.0	0	0.0	2940.541615302078	1	0	1.0	2.1332320655329227
79226.89407038243	2000.0	1713.647544919655	0.0	0	0.0	2940.541615302078	1	0	1.0	1.3223018493165932
79913.63172117861	2000.0	2026.909894123471	0.0	0	0.0	2940.5416153020633	1	0	1.0	1.7277669574247603
80662.36686337109	2000.0	2278.1747519309906	0.0	0	0.0	2940.5416153020633	1	0	1.0	1.7277669574247603
81636.035263599	2000.0	2304.5063517030776	0.0	0	0.0	2940.541615302078	1	0	1.0	1.7277669574247578
82502.32679399707	2000.0	2438.2148213050164	0.0	0	0.0	2940.5416153020924	1	0	1.0	1.7277669574247554
83870.21140208791	3000.0	2070.330213214167	0.0	0	0.0	2940.5416153020924	1	0	1.0	1.7277669574247554
84718.62956301155	3000.0	2221.912052290535	0.0	0	0.0	2940.5416153020924	1	0	1.0	2.13323206553292
86010.74346780179	3000.0	1929.7981475003062	0.0	0	0.0	2940.5416153020924	1	0	1.0	2.13323206553292
86746.4670884685	3000.0	2194.0745268336036	0.0	0	0.0	2940.5416153020924	1	0	1.0	2.13323206553292
87895.49487015686	3000.0	2045.0467451452555	0.0	0	0.0	2940.541615302107	1	0	1.0	2.1332320655329178
89025.61307229029	3000.0	1914.9285430118266	0.0	0	0.0	2940.541615302107	1	0	1.0	2.1332320655329178
90157.92848111055	3000.0	1782.6131341915773	0.0	0	0.0	2940.541615302107	1	0	1.0	2.1332320655329178
91202.7977147535	3000.0	1737.743900548631	0.0	0	0.0	2940.541615302107	1	0	1.0	2.1332320655329178
92409.46687207778	3000.0	1531.0747432243468	0.0	0	0.0	2940.541615302107	1	0	1.0	2.1332320655329178
93503.39361139631	3000.0	1437.1480039058308	0.0	0	0.0	2940.541615302107	1	0	1.0	2.1332320655329178
94348.17902024354	2000.0	1592.3625950586056	0.0	0	0.0	2940.5416153020924	1	0	1.0	1.3223018493165908
95457.51585558747	3000.0	1483.0257597146908	0.0	0	0.0	2940.5416153020924	1	0	1.0	1.7277669574247554
96285.59298187359	2000.0	1654.9486334285587	0.0	0	0.0	2940.5416153020924	1	0	1.0	1.3223018493165908
97538.24864083051	3000.0	1402.2929744716384	0.0	0	0.0	2940.5416153020924	1	0	1.0	1.7277669574247554
98989.10757248782	2000.0	951.4340428143341	0.0	0	0.0	2940.5416153020924	1	0	1.0	1.3223018493165908
99896.69684333597	2000.0	1043.8447719661626	0.0	0	0.0	2940.5416153020924	1	0	1.0	1.7277669574247554
101445.20547908306	2000.0	495.33613621909217	0.0	0	0.0	2940.5416153020924	1	0	1.0	1.7277669574247554
102100.10026285863	2000.0	840.441352443522	0.0	0	0.0	2940.5416153020924	1	0	1.0	1.7277669574247554
102628.38746743866	2000.0	1312.154147863485	0.0	0	0.0	2940.5416153020924	1	0	1.0	1.7277669574247554
103867.01144003616	2000.0	1073.5301752659775	0.0	0	0.0	2940.541615302078	1	0	1.0	1.7277669574247578
104536.03417696705	2000.0	1404.5074383351023	0.0	0	0.0	2940.541615302078	1	0	1.0	1.7277669574247578
105151.46194153457	2000.0	1789.079673767598	0.0	0	0.0	2940.541615302078	1	0	1.0	1.7277669574247578
105674.26755728437	2000.0	2266.2740580177933	0.0	0	0.0	2940.5416153020924	1	0	1.0	1.7277669574247554
106597.36137009646	3000.0	2343.1802452056963	0.0	0	0.0	2940.5416153020924	1	0	1.0	1.7277669574247554
108134.7781409232	3000.0	1805.76347437895	0.0	0	0.0	2940.5416153020924	1	0	1.0	2.13323206553292
110071.37944454666	3000.0	869.1621707554931	0.0	0	0.0	2940.5416153020924	1	0	1.0	2.13323206553292
111250.08108410708	2000.0	690.4605311950811	0.0	0	0.0	2940.5416153020924	1	0	1.0	1.3223018493165908
111742.70137325994	2000.0	1197.840242042209	0.0	0	0.0	2940.541615302078	1	0	1.0	1.7277669574247578
112356.09141550525	2000.0	1584.4501997969114	0.0	0	0.0	2940.541615302078	1	0	1.0	1.7277669574247578
112963.45301510191	2000.0	1977.088600200231	0.0	0	0.0	2940.541615302078	1	0	1.0	1.7277669574247578
113452.6546757981	2000.0	2487.886939504056	0.0	0	0.0	2940.541615302078	1	0	1.0	1.7277669574247578
114200.0	3000.0	2740.5416153021492	0.0	0	65.09769352777221	2940.541615302078	1	0	1.0	1.727766957424758
115479.94138536871	3000.0	2460.6002299334396	0.0	0	0.0	2940.541615302078	1	0	1.0	2.1332320655329227
116427.48659320538	3000.0	2513.0550220967684	0.0	0	0.0	2940.541615302078	1	0	1.0	2.1332320655329227
117512.57120945642	3000.0	2427.9704058457264	0.0	0	0.0	2940.541615302078	1	0	1.0	2.1332320655329227
118200.0	3000.0	2740.5416153021706	0.0	0	78.99863864608051	2940.541615302078	1	0	1.0	2.1332320655329227
119237.18458614635	3000.0	2703.3570291558067	0.0	0	0.0	2940.541615302078	1	0	1.0	2.1332320655329227
120200.0	3000.0	2740.541615302166	0.0	0	171.87798803018813	2940.5416153020924	1	0	1.0	2.13323206553292
121200.0	3000.0	2740.5416153021793	0.0	0	456.56535824180173	2940.5416153020924	1	0	1.0	2.13323206553292
122200.0	3000.0	2740.5416153021893	0.0	0	383.5965371685743	2940.5416153020924	1	0	1.0	2.13323206553292
123200.0	6000.0	2740.5416153021933	0.0	0	270.6397425256	2940.5416153020924	1	0	1.0	2.13323206553292
124200.0	6000.0	2740.5416153022074	0.0	0	280.2436844344047	2940.541615302107	1	0	1.0	2.8263792460928623
125200.0	6000.0	2740.5416153022115	0.0	0	170.17412814177806	2940.541615302107	1	0	1.0	2.8263792460928623
127416.77165119379	6000.0	1523.769964108424	0.0	0	0.0	2940.5416153021215	1	0	1.0	2.82637924609286
128465.06547266984	6000.0	1475.4761426323878	0.0	0	0.0	2940.5416153021215	1	0	1.0	2.82637924609286
129588.02496394428	6000.0	1352.5166513579502	0.0	0	0.0	2940.5416153021215	1	0	1.0	2.82637924609286
130248.72427758233	3000.0	1691.8173377198939	0.0	0	0.0	2940.5416153021215	1	0	1.0	1.4400848849729702
131982.54057561173	6000.0	958.0010396904794	0.0	0	0.0	2940.541615302107	1	0	1.0	2.1332320655329173
132736.11373293353	3000.0	1204.4278823686732	0.0	0	0.0	2940.5416153020924	1	0	1.0	1.4400848849729742
134557.8703142403	3000.0	382.6713010619254	0.0	0	0.0	2940.5416153021215	1	0	1.0	2.133232065532916
135524.06294151727	2000.0	540.0466129997471	123.56793921478857	0	0.0	3064.1095545169374	1	0	1.0	0.5585072504348678
136207.65013209937	2000.0	856.4594224176668	0.0	0	0.0	3064.1095545169374	1	0	1.0	1.7053799938317638
137054.59463429986	2000.0	1009.5149202171643	0.0	0	0.0	3064.1095545169374	1	0	1.0	1.7053799938317638
137771.9100480051	2000.0	1292.1995065119	0.0	0	0.0	3064.1095545169374	1	0	1.0	1.7053799938317638
138566.0501514483	2000.0	1498.0594030687173	0.0	0	0.0	3064.1095545169665	1	0	1.0	1.7053799938317582
139403.03832264474	2000.0	1661.071231872248	0.0	0	0.0	3064.1095545169665	1	0	1.0	1.7053799938317582
140173.97736377091	2000.0	1890.1321907460679	0.0	0	0.0	3064.1095545169374	1	0	1.0	1.7053799938317638
140825.73088465803	2000.0	2238.3786698589756	0.0	0	0.0	3064.1095545169665	1	0	1.0	1.7053799938317582
141482.15156872672	3000.0	2581.957985790297	0.0	0	0.0	3064.1095545169665	1	0	1.0	1.7053799938317584
142564.24825019643	3000.0	2499.8613043205837	0.0	0	0.0	3064.1095545169665	1	0	1.0	2.110845101939923
143299.22421591263	3000.0	2764.8853386043843	0.0	0	0.0	3064.1095545169665	1	0	1.0	2.110845101939923
144200.0	3000.0	2864.1095545170288	0.0	0	2.4778359174961224	3064.1095545169665	1	0	1.0	2.110845101939923
145430.52014521265	6000.0	2633.5894093043635	0.0	0	0.0	3064.1095545169665	1	0	1.0	2.110845101939923
147499.7369119352	6000.0	1564.3726425817965	0.0	0	0.0	3064.1095545169374	1	0	1.0	2.8039922824998733
148493.99791585642	3000.0	1570.1116386605727	0.0	0	0.0	3064.1095545169374	1	0	1.0	1.4176979213799836
149497.2085812383	3000.0	1566.9009732787122	0.0	0	0.0	3064.1095545169374	1	0	1.0	2.1108451019399284
150740.2508371822	3000.0	1323.858717334835	0.0	0	0.0	3064.1095545169665	1	0	1.0	2.110845101939923
151898.61222580101	2000.0	1165.4973287160344	0.0	0	0.0	3064.1095545169956	1	0	1.0	1.299914885723588
152737.92606757412	2000.0	1326.1834869429256	0.0	0	0.0	3064.1095545169956	1	0	1.0	1.7053799938317526
153397.29914615845	2000.0	1666.8104083586115	0.0	0	0.0	3064.1095545169956	1	0	1.0	1.7053799938317526
154182.00166542115	3000.0	1882.1078890959225	0.0	0	0.0	3064.1095545169665	1	0	1.0	1.705379993831754
155415.52540786544	3000.0	1648.5841466516188	0.0	0	0.0	3064.1095545169665	1	0	1.0	2.110845101939923
156679.21674531634	3000.0	1384.8928092007586	0.0	0	0.0	3064.1095545169665	1	0	1.0	2.110845101939923
157797.23325183755	3000.0	1266.876302679535	0.0	0	0.0	3064.1095545169665	1	0	1.0	2.110845101939923
158746.20342804512	2000.0	1317.9061264719755	0.0	0	0.0	3064.1095545169374	1	0	1.0	1.2999148857235991
159596.81350474115	2000.0	1467.296049775934	0.0	0	0.0	3064.1095545169374	1	0	1.0	1.7053799938317638
160487.33210284906	2000.0	1576.7774516680483	0.0	0	0.0	3064.1095545169374	1	0	1.0	1.7053799938317638
161142.70900581992	2000.0	1921.4005486971882	0.0	0	0.0	3064.1095545169374	1	0	1.0	1.7053799938317638
162084.12616753433	3000.0	1979.9833869827626	0.0	0	0.0	3064.1095545169374	1	0	1.0	1.705379993831764
162988.73543056732	3000.0	2075.374123949733	0.0	0	0.0	3064.1095545169374	1	0	1.0	2.1108451019399284
164212.4341730619	3000.0	1851.675381455159	0.0	0	0.0	3064.1095545169374	1	0	1.0	2.1108451019399284
165338.2410051935	3000.0	1725.8685493235485	0.0	0	0.0	3064.1095545169082	1	0	1.0	2.110845101939934
166000.23231802395	3000.0	2063.87723649309	0.0	0	0.0	3064.1095545169082	1	0	1.0	2.110845101939934
166754.39450687703	3000.0	2309.715047640002	0.0	0	0.0	3064.1095545169082	1	0	1.0	2.110845101939934
167635.4277624716	3000.0	2428.6817920453714	0.0	0	0.0	3064.109554516879	1	0	1.0	2.1108451019399395
168246.01590679205	3000.0	2818.0936477249134	0.0	0	0.0	3064.10955451685	1	0	1.0	2.110845101939941
169200.0	3000.0	2864.109554516952	0.0	0	427.3502513061685	3064.10955451685	1	0	1.0	2.1108451019399457
170584.81653621886	6000.0	2479.2930182980567	0.0	0	0.0	3064.109554516821	1	0	1.0	2.110845101939949
171519.94784979397	3000.0	2544.1617047229447	0.0	0	0.0	3064.109554516792	1	0	1.0	1.4176979213800116
172713.99926882164	3000.0	2350.1102856952507	0.0	0	0.0	3064.109554516792	1	0	1.0	2.1108451019399563
174460.28786782248	3000.0	1603.8216866943958	0.0	0	0.0	3064.109554516792	1	0	1.0	2.1108451019399563
176213.90202524693	3000.0	850.2075292699624	0.0	0	0.0	3064.109554516821	1	0	1.0	2.1108451019399554
176822.8688868363	2000.0	1241.2406676805576	0.0	0	0.0	3064.109554516821	1	0	1.0	1.2999148857236213
177519.01850001956	2000.0	1545.0910544973221	0.0	0	0.0	3064.109554516821	1	0	1.0	1.705379993831786
178146.24215698548	2000.0	1917.8673975313977	0.0	0	0.0	3064.109554516821	1	0	1.0	1.705379993831786
178490.85710725153	2000.0	2573.252447265365	0.0	0	0.0	3064.109554516792	1	0	1.0	1.7053799938317917
179200.0	3000.0	2864.1095545169055	0.0	0	102.33832844448625	3064.1095545167627	1	0	1.0	1.7053799938317975
180200.0	3000.0	2864.109554516885	0.0	0	428.9366676763166	3064.1095545167627	1	0	1.0	2.110845101939962
181776.81950262192	6000.0	2287.290051894979	0.0	0	0.0	3064.109554516792	1	0	1.0	2.1108451019399563
182634.2502237118	3000.0	2429.8593308050567	0.0	0	0.0	3064.1095545167627	1	0	1.0	1.4176979213800172
183399.27619114754	3000.0	2664.833363369324	0.0	0	0.0	3064.1095545167627	1	0	1.0	2.110845101939962
184200.0	3000.0	2864.109554516854	0.0	0	131.96926501393318	3064.1095545167627	1	0	1.0	2.110845101939962
185200.0	3000.0	2864.1095545168478	0.0	0	478.9210669796739	3064.1095545167627	1	0	1.0	2.110845101939962
186200.0	3000.0	2864.109554516841	0.0	0	291.080023255432	3064.1095545167627	1	0	1.0	2.110845101939962
187200.0	3000.0	2864.109554516835	0.0	0	447.3836189180438	3064.1095545167627	1	0	1.0	2.110845101939962
188769.18918650283	6000.0	2294.920368014027	0.0	0	0.0	3064.1095545167627	1	0	1.0	2.110845101939962
189753.26577801368	3000.0	2310.8437765032004	0.0	0	0.0	3064.109554516792	1	0	1.0	1.4176979213800116
190709.3663437729	3000.0	2354.7432107439904	0.0	0	0.0	3064.109554516792	1	0	1.0	2.1108451019399563
191474.95316200418	3000.0	2589.1563925127593	0.0	0	0.0	3064.109554516821	1	0	1.0	2.1108451019399506
192490.42495277556	3000.0	2573.6846017413627	0.0	0	0.0	3064.109554516821	1	0	1.0	2.1108451019399506
193323.57879563258	3000.0	2740.5307588843293	0.0	0	0.0	3064.109554516821	1	0	1.0	2.1108451019399506
194200.0	3000.0	2864.1095545168955	0.0	0	59.12199195995345	3064.109554516792	1	0	1.0	2.1108451019399563
195200.0	3000.0	2864.109554516915	0.0	0	42.49924259670661	3064.109554516792	1	0	1.0	2.1108451019399563
196556.63033618924	3000.0	2507.479218327668	0.0	0	0.0	3064.109554516792	1	0	1.0	2.1108451019399563
197908.00167087017	3000.0	2156.1078836467273	0.0	0	0.0	3064.109554516792	1	0	1.0	2.1108451019399563
199109.53905912302	3000.0	1954.5704953939012	0.0	0	0.0	3064.109554516821	1	0	1.0	2.1108451019399506
200280.79033823466	3000.0	1783.3192162822882	0.0	0	0.0	3064.109554516821	1	0	1.0	2.1108451019399554
200969.04758856338	3000.0	2095.061965953583	0.0	0	0.0	3064.109554516821	1	0	1.0	2.1108451019399506
201845.63002350574	3000.0	2218.4795310112477	0.0	0	0.0	3064.109554516821	1	0	1.0	2.1108451019399506
203132.9511421389	3000.0	1931.1584123780897	0.0	0	0.0	3064.109554516792	1	0	1.0	2.1108451019399563
204153.41712031388	3000.0	1910.6924342030575	0.0	0	0.0	3064.109554516792	1	0	1.0	2.1108451019399563
205235.69610485306	3000.0	1828.4134496638703	0.0	0	0.0	3064.109554516792	1	0	1.0	2.1108451019399563
206170.8324393595	3000.0	1893.2771151574734	0.0	0	0.0	3064.109554516821	1	0	1.0	2.1108451019399554
207140.01569984332	3000.0	1924.0938546736486	0.0	0	0.0	3064.109554516821	1	0	1.0	2.1108451019399506
208237.07895148502	3000.0	1827.0306030319675	0.0	0	0.0	3064.109554516821	1	0	1.0	2.1108451019399506
209367.30006817746	3000.0	1696.8094863395456	0.0	0	0.0	3064.10955451685	1	0	1.0	2.1108451019399457
210864.6788858198	3000.0	1199.4306686971868	0.0	0	0.0	3064.10955451685	1	0	1.0	2.1108451019399457
211771.11161867864	2000.0	1292.9979358383641	0.0	0	0.0	3064.10955451685	1	0	1.0	1.2999148857236158
212590.27444180736	2000.0	1473.8351127096173	0.0	0	0.0	3064.10955451685	1	0	1.0	1.7053799938317804
213308.01967567095	2000.0	1756.0898788460572	0.0	0	0.0	3064.109554516879	1	0	1.0	1.7053799938317749
213917.363709148	2000.0	2146.7458453689815	0.0	0	0.0	3064.109554516879	1	0	1.0	1.7053799938317749
214798.2596088306	2000.0	2265.849945686372	0.0	0	0.0	3064.10955451685	1	0	1.0	1.7053799938317804
215597.96632765513	2000.0	2466.143226861846	0.0	0	0.0	3064.10955451685	1	0	1.0	1.7053799938317804
216904.30991239025	3000.0	2159.7996421267085	0.0	0	0.0	3064.109554516879	1	0	1.0	1.705379993831775
217751.42003884006	3000.0	2312.689515676896	0.0	0	0.0	3064.109554516879	1	0	1.0	2.1108451019399395
219108.4879789252	3000.0	1955.6215755917399	0.0	0	0.0	3064.109554516879	1	0	1.0	2.1108451019399395
219910.21008235347	3000.0	2153.8994721634567	0.0	0	0.0	3064.109554516879	1	0	1.0	2.1108451019399395
221122.45657729762	3000.0	1941.6529772192855	0.0	0	0.0	3064.10955451685	1	0	1.0	2.1108451019399457
222488.45166206785	3000.0	1575.6578924490655	0.0	0	0.0	3064.10955451685	1	0	1.0	2.1108451019399457
223279.20251653812	3000.0	1784.9070379788043	0.0	0	0.0	3064.10955451685	1	0	1.0	2.1108451019399457
224410.95383696846	3000.0	1653.155717548456	0.0	0	0.0	3064.109554516821	1	0	1.0	2.1108451019399506
225293.0194427962	3000.0	1771.0901117207027	0.0	0	0.0	3064.109554516821	1	0	1.0	2.1108451019399506
226487.48843176017	3000.0	1576.6211227567442	0.0	0	0.0	3064.109554516821	1	0	1.0	2.1108451019399506
227857.27164351378	3000.0	1206.8379110031315	0.0	0	0.0	3064.109554516792	1	0	1.0	2.1108451019399563
228811.30805048154	2000.0	1252.8015040353682	0.0	0	0.0	3064.109554516792	1	0	1.0	1.2999148857236271
229582.45661766434	2000.0	1481.6529368525435	0.0	0	0.0	3064.109554516792	1	0	1.0	1.7053799938317917
230524.91519354712	2000.0	1539.1943609697819	0.0	0	0.0	3064.109554516821	1	0	1.0	1.705379993831786
231082.63674535605	2000.0	1981.4728091608172	0.0	0	0.0	3064.109554516792	1	0	1.0	1.7053799938317917
231998.05425147503	2000.0	2066.0553030418723	0.0	0	0.0	3064.109554516792	1	0	1.0	1.7053799938317917
232904.1497852534	2000.0	2159.959769263519	0.0	0	0.0	3064.1095545167627	1	0	1.0	1.705379993831797
233690.18907387104	2000.0	2373.9204806458274	0.0	0	0.0	3064.1095545167627	1	0	1.0	1.705379993831797
234527.16491000535	3000.0	2536.944644511526	0.0	0	0.0	3064.1095545167336	1	0	1.0	1.705379993831803
235367.76558244086	3000.0	2696.3439720760152	0.0	0	0.0	3064.1095545167045	1	0	1.0	2.110845101939971
236564.1477445704	3000.0	2499.96180994652	0.0	0	0.0	3064.1095545167045	1	0	1.0	2.110845101939973
237422.22651215448	3000.0	2641.8830423624404	0.0	0	0.0	3064.1095545167045	1	0	1.0	2.110845101939973
238721.11942351965	3000.0	2342.990130997257	0.0	0	0.0	3064.1095545167336	1	0	1.0	2.110845101939968
239755.98218134645	3000.0	2308.127373170447	0.0	0	0.0	3064.1095545167336	1	0	1.0	2.110845101939968
240612.49987049133	3000.0	2451.6096840255773	0.0	0	0.0	3064.1095545167336	1	0	1.0	2.110845101939968
241429.95628089653	3000.0	2634.1532736203662	0.0	0	0.0	3064.1095545167336	1	0	1.0	2.110845101939968
242535.7128159846	3000.0	2528.396738532292	0.0	0	0.0	3064.1095545167336	1	0	1.0	2.110845101939968
243804.78950547866	3000.0	2259.32004903823	0.0	0	0.0	3064.1095545167336	1	0	1.0	2.110845101939968
244657.7535843795	3000.0	2406.3559701374124	0.0	0	0.0	3064.1095545167336	1	0	1.0	2.110845101939968
245465.09916980614	3000.0	2599.010384710731	0.0	0	0.0	3064.1095545167336	1	0	1.0	2.110845101939968
247059.0198161895	3000.0	2005.0897383273318	0.0	0	0.0	3064.1095545167336	1	0	1.0	2.110845101939968
249586.97222582714	3000.0	477.1373286897304	0.0	0	0.0	3064.1095545167627	1	0	1.0	2.110845101939962
250570.90086706376	2000.0	647.088503104114	153.8798156510087	0	0.0	3217.9893701678666	1	0	1.0	0.34505021779760897
251516.60735154388	2000.0	701.3820186239745	0.0	0	0.0	3217.9893701678957	1	0	1.0	1.673794219811822
252592.41900653942	2000.0	625.5703636284035	0.0	0	0.0	3217.9893701678957	1	0	1.0	1.6737942198118194
253629.4180355675	2000.0	607.9084651124704	19.337130512155852	0	0.0	3237.3265006800357	1	0	1.0	1.553488188984508
254432.6352517411	2000.0	804.6912489388388	0.0	0	0.0	3237.3265006800066	1	0	1.0	1.6695109720574497
255059.3481883347	2000.0	1177.9783123452235	0.0	0	0.0	3237.3265006800066	1	0	1.0	1.6695109720574497
255443.35468080657	2000.0	1793.9718198733763	0.0	0	0.0	3237.3265006800066	1	0	1.0	1.6695109720574497
256105.9933641938	3000.0	2131.333136486187	0.0	0	0.0	3237.3265006800357	1	0	1.0	1.6695109720574433
258389.0956086965	3000.0	848.2308919835153	0.0	0	0.0	3237.326500680094	1	0	1.0	2.0749760801656
259490.1736411214	2000.0	747.1528595586237	0.0	0	0.0	3237.326500680123	1	0	1.0	1.264045863949259
260404.7183187151	2000.0	832.608181964892	0.0	0	0.0	3237.326500680123	1	0	1.0	1.6695109720574237
261191.9643985644	2000.0	1045.3621021155896	0.0	0	0.0	3237.326500680123	1	0	1.0	1.6695109720574237
261872.62143623017	2000.0	1364.7050644498042	0.0	0	0.0	3237.326500680123	1	0	1.0	1.6695109720574237
262378.6681540591	2000.0	1858.658346620833	0.0	0	0.0	3237.326500680065	1	0	1.0	1.6695109720574353
263355.1532160887	3000.0	1882.173284591214	0.0	0	0.0	3237.326500680065	1	0	1.0	1.6695109720574328
264197.07841107534	3000.0	2040.2480896045495	0.0	0	0.0	3237.3265006799775	1	0	1.0	2.0749760801656114
265665.47605286015	3000.0	1571.8504478196996	0.0	0	0.0	3237.3265006799484	1	0	1.0	2.074976080165626
266709.1569804387	3000.0	1528.169520241144	0.0	0	0.0	3237.3265006800066	1	0	1.0	2.074976080165614
267541.89082634466	3000.0	1695.4356743351436	0.0	0	0.0	3237.3265006799484	1	0	1.0	2.0749760801656274
268452.57904606103	2000.0	1784.7474546188337	0.0	0	0.0	3237.32650067989	1	0	1.0	1.2640458639493055
269474.15998017916	3000.0	1763.1665205006732	0.0	0	0.0	3237.326500679832	1	0	1.0	1.6695109720574888
270106.3486204352	3000.0	2130.9778802445826	0.0	0	0.0	3237.326500679832	1	0	1.0	2.074976080165653
270700.641173661	3000.0	2536.6853270188144	0.0	0	0.0	3237.326500679832	1	0	1.0	2.074976080165653
271493.80388764414	6000.0	2743.5226130357214	0.0	0	0.0	3237.32650067989	1	0	1.0	2.074976080165643
272200.0	6000.0	3037.326500679857	0.0	0	50.40947245177813	3237.3265006799484	1	0	1.0	2.7681232607255724
273200.0	6000.0	3037.3265006798983	0.0	0	423.203796317277	3237.3265006799484	1	0	1.0	2.7681232607255724
274446.5449052108	6000.0	2790.781595469083	0.0	0	0.0	3237.32650067989	1	0	1.0	2.7681232607255852
276725.01758620807	6000.0	1512.3089144718601	0.0	0	0.0	3237.32650067989	1	0	1.0	2.7681232607255852
277741.93475668534	6000.0	1495.391743994529	0.0	0	0.0	3237.326500679832	1	0	1.0	2.7681232607255986
279070.33341213554	6000.0	1166.9930885443355	0.0	0	0.0	3237.326500679832	1	0	1.0	2.7681232607255986
280118.5092313533	3000.0	1118.8172693266006	0.0	0	0.0	3237.326500679832	1	0	1.0	1.3818288996057084
280810.3147367362	3000.0	1427.0117639437221	0.0	0	0.0	3237.326500679832	1	0	1.0	2.074976080165653
281860.3200683819	3000.0	1377.006432298095	0.0	0	0.0	3237.32650067989	1	0	1.0	2.0749760801656403
283768.55613480293	2000.0	468.7703658770863	0.0	0	0.0	3237.326500679832	1	0	1.0	1.264045863949324
284800.8540670776	2000.0	523.4579870034199	86.98555340106961	0	0.0	3324.3120540808886	1	0	1.0	1.127404001525345
285743.41462892597	2000.0	580.8974251550447	0.0	0	0.0	3324.3120540808886	1	0	1.0	1.6493173219317627
286317.32275694533	2000.0	1006.9892971357306	0.0	0	0.0	3324.3120540808304	1	0	1.0	1.6493173219317685
287138.3399185489	2000.0	1185.9721355321758	0.0	0	0.0	3324.312054080772	1	0	1.0	1.649317321931791
287907.3014451813	2000.0	1417.0106088997238	0.0	0	0.0	3324.312054080714	1	0	1.0	1.649317321931805
288558.71686127974	2000.0	1765.595192801318	0.0	0	0.0	3324.312054080714	1	0	1.0	1.649317321931805
289136.78341973206	2000.0	2187.5286343489797	0.0	0	0.0	3324.312054080656	1	0	1.0	1.6493173219318191
289733.06286641693	2000.0	2591.2491876640497	0.0	0	0.0	3324.3120540805976	1	0	1.0	1.6493173219318331
290609.25917702174	3000.0	2715.0528770592227	0.0	0	0.0	3324.3120540805394	1	0	1.0	1.6493173219318473
291601.42911979964	3000.0	2722.882934281393	0.0	0	0.0	3324.3120540805394	1	0	1.0	2.054782430040012
292580.59455597604	3000.0	2743.7174981050057	0.0	0	0.0	3324.3120540805394	1	0	1.0	2.054782430040012
293335.0347625822	3000.0	2989.2772914988245	0.0	0	0.0	3324.3120540805394	1	0	1.0	2.054782430040012
294502.51220305794	6000.0	2821.799851023135	0.0	0	0.0	3324.3120540805394	1	0	1.0	2.054782430040012
296176.7791935483	6000.0	2147.532860532768	0.0	0	0.0	3324.312054080481	1	0	1.0	2.7479296105999653
297087.85994024837	3000.0	2236.452113832702	0.0	0	0.0	3324.312054080481	1	0	1.0	1.3616352494800807
298287.8578723208	3000.0	2036.4541817602537	0.0	0	0.0	3324.312054080481	1	0	1.0	2.0547824300400257
299458.8917579558	3000.0	1865.420296125283	0.0	0	0.0	3324.312054080481	1	0	1.0	2.0547824300400257
300373.1662738287	3000.0	1951.145780252347	0.0	0	0.0	3324.312054080423	1	0	1.0	2.0547824300400315
301587.438119937	2000.0	1736.8739341439896	0.0	0	0.0	3324.312054080481	1	0	1.0	1.2438522138236994
302839.14872637	3000.0	1485.163327710951	0.0	0	0.0	3324.312054080481	1	0	1.0	1.649317321931861
303840.5270819086	3000.0	1483.784972172445	0.0	0	0.0	3324.312054080481	1	0	1.0	2.0547824300400257
3.96	2.88	3.06	2.97	2.86	2.72	2.78	3.34	4.09	2.93	3.06	3.34	3.86	4.24	4.96	4.77	3.45	4.07	3.37	2.94	2.0	1.74	1.56	2.51	3.79	5.12	5.7	3.01	2.57	3.31	3.67	4.65	4.51	5.63	3.65	3.2	4.17	4.22	3.81	3.38	3.86	2.55	2.9308510638297873	3.0468510638297874	2.9648510638297876	2.9868510638297874	3.0628510638297874	3.2528510638297874	3.1128510638297873	3.1188510638297875	3.2928510638297874	3.5548510638297874	3.3968510638297875	2.9908510638297874	2.9308510638297873	2.9728510638297876	2.6668510638297875	2.6508510638297875	2.762851063829787	2.802851063829787	2.7768510638297874	2.8488510638297875	2.8548510638297873	2.6948510638297876	2.9248510638297875	2.9828510638297874	3.0988510638297875	2.8548510638297873	2.9228510638297873	3.0248510638297876	2.9848510638297876	2.6908510638297876	2.9148510638297873	3.1428510638297875	2.8968510638297875	2.6788510638297875	2.7528510638297874	2.8868510638297873	2.8968510638297875	2.7308510638297876	2.8248510638297875	3.0108510638297874	3.2668510638297876	3.3308510638297877	3.1068510638297875	3.0968510638297873	3.3388510638297872	3.238851063829787	2.8348510638297872	2.6465714285714284	3.798571428571429	2.9585714285714286	3.5225714285714287	1.9625714285714284	1.4585714285714286	1.7585714285714287	1.4345714285714286	2.8625714285714285	2.8625714285714285	1.6145714285714285	2.8385714285714285	3.918571428571428	4.386571428571428	1.1225714285714288	1.4225714285714286	1.6265714285714286	2.202571428571429	3.3065714285714285	3.2585714285714285	4.002571428571429	3.2705714285714285	2.1425714285714283	3.5705714285714283	3.8825714285714286	2.370571428571428	3.198571428571429	4.518571428571429	5.982571428571429	7.3265714285714285	9.09057142857143	7.734571428571428	1.3625714285714285	2.7785714285714285	4.314571428571429	5.862571428571429	5.7065714285714275	2.5145714285714282	4.002571428571429	2.7305714285714284	0.822571428571429	1.5905714285714285	2.28	3.06	2.77	2.4	3.0	3.29	3.65	3.71	4.54	5.84	5.02	1.88	3.13	2.76	2.76	2.92	1.63	2.58	2.85	3.96	2.88	3.06	2.97	2.86	2.72	2.78	3.34	4.09	2.93	3.06	3.34	3.86	4.24	4.96	4.77	3.45	4.07	3.37	2.94	2.0	1.74	1.56	2.51	3.79	5.12	5.7	3.01	2.57	3.31	3.67	4.65	4.51	5.63	3.65	3.2	4.17	4.22	3.81	3.38	3.86	2.55	2.9308510638297873	3.0468510638297874	2.9648510638297876	2.9868510638297874	3.0628510638297874	3.2528510638297874	3.1128510638297873	3.1188510638297875	3.2928510638297874	3.5548510638297874	3.3968510638297875	2.9908510638297874	2.9308510638297873	2.9728510638297876	2.6668510638297875	2.6508510638297875	2.762851063829787	2.802851063829787	2.7768510638297874	2.8488510638297875	2.8548510638297873	2.6948510638297876	2.9248510638297875	2.9828510638297874	3.0988510638297875	2.8548510638297873	2.9228510638297873	3.0248510638297876	2.9848510638297876	2.6908510638297876	2.9148510638297873	3.1428510638297875	2.8968510638297875	2.6788510638297875	2.7528510638297874	2.8868510638297873	2.8968510638297875	2.7308510638297876	2.8248510638297875	3.0108510638297874	3.2668510638297876	3.3308510638297877	3.1068510638297875	3.0968510638297873	3.3388510638297872	3.238851063829787	2.8348510638297872	2.6465714285714284	3.798571428571429	2.9585714285714286	3.5225714285714287	1.9625714285714284	1.4585714285714286	1.7585714285714287	1.4345714285714286	2.8625714285714285	2.8625714285714285	1.6145714285714285	2.8385714285714285	3.918571428571428	4.386571428571428	1.1225714285714288	1.4225714285714286	1.6265714285714286	2.202571428571429	3.3065714285714285	3.2585714285714285	4.002571428571429	3.2705714285714285	2.1425714285714283	3.5705714285714283	3.8825714285714286	2.370571428571428	3.198571428571429	4.518571428571429	5.982571428571429	7.3265714285714285	9.09057142857143	7.734571428571428	1.3625714285714285	2.7785714285714285	4.314571428571429	5.862571428571429	5.7065714285714275	2.5145714285714282	4.002571428571429	2.7305714285714284	0.822571428571429	1.5905714285714285	2.28	3.06	2.77	2.4	3.0	3.29	3.65	3.71	4.54	5.84	5.02	1.88	3.13	2.76	2.76	2.92	1.63	2.58	2.85	3.96	2.88	3.06	2.97
1.0	2.0	3.0	4.0	5.0	6.0	7.0	8.0	9.0	10.0	11.0	12.0	13.0	14.0	15.0	16.0	17.0	18.0	19.0	20.0	21.0	22.0	23.0	24.0	25.0	26.0	27.0	28.0	29.0	30.0	31.0	32.0	33.0	34.0	35.0	36.0	37.0	38.0	39.0	40.0	41.0	42.0	43.0	44.0	45.0	46.0	47.0	48.0	49.0	50.0	51.0	52.0	53.0	54.0	55.0	56.0	57.0	58.0	59.0	60.0	61.0	62.0	63.0	64.0	65.0	66.0	67.0	68.0	69.0	70.0	71.0	72.0	73.0	74.0	75.0	76.0	77.0	78.0	79.0	80.0	81.0	82.0	83.0	84.0	85.0	86.0	87.0	88.0	89.0	90.0	91.0	92.0	93.0	94.0	95.0	96.0	97.0	98.0	99.0	100.0	101.0	102.0	103.0	104.0	105.0	106.0	107.0	108.0	109.0	110.0	111.0	112.0	113.0	114.0	115.0	116.0	117.0	118.0	119.0	120.0	121.0	122.0	123.0	124.0	125.0	126.0	127.0	128.0	129.0	130.0	131.0	132.0	133.0	134.0	135.0	136.0	137.0	138.0	139.0	140.0	141.0	142.0	143.0	144.0	145.0	146.0	147.0	148.0	149.0	149.0	150.0	151.0	152.0	153.0	154.0	155.0	156.0	157.0	158.0	159.0	160.0	161.0	162.0	163.0	164.0	165.0	166.0	167.0	168.0	169.0	170.0	171.0	172.0	173.0	174.0	175.0	176.0	177.0	178.0	179.0	180.0	181.0	182.0	183.0	184.0	185.0	186.0	187.0	188.0	189.0	190.0	191.0	192.0	193.0	194.0	195.0	196.0	197.0	198.0	199.0	200.0	201.0	202.0	203.0	204.0	205.0	206.0	207.0	208.0	209.0	210.0	211.0	212.0	213.0	214.0	215.0	216.0	217.0	218.0	219.0	220.0	221.0	222.0	223.0	224.0	225.0	226.0	227.0	228.0	229.0	230.0	231.0	232.0	233.0	234.0	235.0	236.0	237.0	238.0	239.0	240.0	241.0	242.0	243.0	244.0	245.0	246.0	247.0	248.0	249.0	250.0	251.0	252.0	253.0	254.0	255.0	256.0	257.0	258.0	259.0	260.0	261.0	262.0	263.0	264.0	265.0	266.0	267.0	268.0	269.0	270.0	271.0	272.0	273.0	274.0	275.0	276.0	277.0	278.0	279.0	280.0	281.0	282.0	283.0	284.0	285.0	286.0	287.0	288.0	289.0	290.0	291.0	292.0	293.0	294.0	295.0	296.0	297.0	298.0	298.0	299.0	300.0	301.0	302.0
4170.356133102715
