6535.7071411679535	300.0	2000.0	325.15703770661577	0	0.0	4535.7071411679535	1	0	1.0	-8.64472024658025
7791.392470488251	2000.0	1744.314670679702	0.0	0	0.0	4535.7071411679535	1	0	1.0	-0.7413559936595107
9471.76967200883	2000.0	1063.9374691591238	0.0	0	0.0	4535.7071411679535	1	0	1.0	1.1557639912263709
10460.94683858798	2000.0	1074.7603025799735	0.0	0	0.0	2535.7071411679544	1	0	1.0	-4.21437137269478
11690.589192311782	2000.0	845.1179488561712	0.0	0	0.0	2535.7071411679517	1	0	1.0	1.7856286273052184
12574.866253417431	1000.0	960.8408877505219	0.0	0	0.0	2535.7071411679517	1	0	1.0	0.3993342661853281
13642.295339814324	1000.0	893.4118013536317	0.0	0	0.0	2535.7071411679517	1	0	1.0	1.0924814467452733
14626.432218597096	1000.0	909.2749225708601	0.0	0	0.0	2535.7071411679517	1	0	1.0	1.0924814467452733
15388.056861548599	1000.0	1147.6502796193574	0.0	0	0.0	2535.7071411679517	1	0	1.0	1.0924814467452733
16409.979564396013	1000.0	1125.7275767719423	0.0	0	0.0	2535.70714116795	1	0	1.0	1.0924814467452733
17713.063744996787	1000.0	822.6433961711696	0.0	0	0.0	2535.7071411679517	1	0	1.0	1.0924814467452735
18415.935450846137	1000.0	1119.771690321821	0.0	0	0.0	2535.7071411679517	1	0	1.0	1.0924814467452733
19212.272705290383	1000.0	1323.4344358775743	0.0	0	0.0	2535.7071411679535	1	0	1.0	1.0924814467452733
20263.47945788052	1000.0	1272.2276832874377	0.0	0	0.0	2535.7071411679535	1	0	1.0	1.092481446745273
21225.85006321651	1000.0	1309.8570779514498	0.0	0	0.0	2535.7071411679535	1	0	1.0	1.092481446745273
22014.876675827705	1000.0	1520.8304653402552	0.0	0	0.0	2535.7071411679535	1	0	1.0	1.092481446745273
22748.21734192118	1000.0	1787.4897992467818	0.0	0	0.0	2535.707141167957	1	0	1.0	1.0924814467452726
24138.05447271737	2000.0	1397.6526684505925	0.0	0	0.0	2535.707141167957	1	0	1.0	1.0924814467452726
25224.416690149672	2000.0	1311.2904510182912	0.0	0	0.0	2535.7071411679535	1	0	1.0	1.7856286273052182
27159.984131752313	2000.0	375.7230094156482	0.0	0	0.0	2535.7071411679535	1	0	1.0	1.7856286273052182
28141.317380127606	1000.0	471.5703977076139	77.18063666726079	0	0.0	2612.8877778352144	1	0	1.0	-0.073170409344254
28972.925235064664	1000.0	639.9625427705582	0.0	0	0.0	2612.887777835218	1	0	1.0	1.083060591219256
29538.56315711915	1000.0	1074.324620716072	0.0	0	0.0	2612.887777835218	1	0	1.0	1.0830605912192555
30705.17164736851	1000.0	907.7161304667164	0.0	0	0.0	2612.887777835218	1	0	1.0	1.0830605912192555
31576.54714266069	1000.0	1036.3406351745357	0.0	0	0.0	2612.8877778352144	1	0	1.0	1.083060591219256
32457.751722729496	1000.0	1155.1360551057328	0.0	0	0.0	2612.887777835218	1	0	1.0	1.0830605912192555
33154.48526582252	1000.0	1458.4025120127023	0.0	0	0.0	2612.8877778352144	1	0	1.0	1.0830605912192557
34306.091204363795	2000.0	1306.7965734714269	0.0	0	0.0	2612.887777835207	1	0	1.0	1.0830605912192564
35301.064401565345	2000.0	1311.8233762698774	0.0	0	0.0	2612.8877778352107	1	0	1.0	1.7762077717792013
37779.154443512874	2000.0	200.0	366.26666567765744	0	0.0	2979.154443512867	1	0	1.0	-0.44119241103291895
38445.42560747065	1000.0	713.4146719787477	179.68583593652454	0	0.0	3158.8402794493886	1	0	1.0	-0.7779592414636576
39496.4354118222	2000.0	662.4048676271966	0.0	0	0.0	3158.8402794493886	1	0	1.0	0.9933029547154351
40303.23429805152	2000.0	855.6059813978777	0.0	0	0.0	3158.8402794493886	1	0	1.0	1.6864501352753802
41693.26365374169	2000.0	465.57662570769463	0.0	0	0.0	3158.8402794493813	1	0	1.0	1.6864501352753816
42987.21161040113	2000.0	371.7535125877155	200.1248435394595	0	0.0	3358.9651229888477	1	0	1.0	0.4400865176085279
44160.52697924339	2000.0	437.1623468749085	238.7242031294574	0	0.0	3597.689326118307	1	0	1.0	0.14267859600763977
45196.030806143666	2000.0	401.6585199746241	0.0	0	0.0	3597.6893261182995	1	0	1.0	1.5750238147843867
46003.730273055815	1000.0	617.1579555522263	23.198902489759746	0	0.0	3620.888228608055	1	0	1.0	0.04240486279286415
47469.314952735185	2000.0	280.96330426660273	129.39002839374837	0	0.0	3750.278257001788	1	0	1.0	0.05701053364364894
49183.900073388155	2000.0	200.0	633.6218163863603	0	0.0	4383.900073388155	1	0	1.0	-2.5144935097089514
49952.13513301215	1000.0	623.1519028072328	191.3869624312318	0	0.0	2575.287035819383	1	0	1.0	-6.753733606175455
50388.73114471671	1000.0	1186.5558911026706	0.0	0	0.0	2575.287035819376	1	0	1.0	1.0877353489718822
51211.34014230836	2000.0	1363.946893511008	0.0	0	0.0	2575.287035819376	1	0	1.0	1.0877353489718822
52765.96767910039	2000.0	809.3193567189863	0.0	0	0.0	2575.287035819376	1	0	1.0	1.7808825295318274
53263.84192826377	1000.0	1311.4451075555985	0.0	0	0.0	2575.287035819376	1	0	1.0	0.394588168411937
54435.18187251223	2000.0	1140.105163307138	0.0	0	0.0	2575.287035819376	1	0	1.0	1.0877353489718822
55303.01218988111	1000.0	1272.2748459382503	0.0	0	0.0	2575.287035819376	1	0	1.0	0.394588168411937
56068.09177911798	1000.0	1507.1952567013732	0.0	0	0.0	2575.287035819376	1	0	1.0	1.0877353489718822
57581.49406052248	2000.0	993.7929752968721	0.0	0	0.0	2575.287035819376	1	0	1.0	1.0877353489718822
58162.41700000798	1000.0	1412.8700358113683	0.0	0	0.0	2575.287035819376	1	0	1.0	0.394588168411937
58747.18450944826	1000.0	1828.102526371091	0.0	0	0.0	2575.287035819376	1	0	1.0	1.0877353489718822
60477.0293535237	2000.0	1098.2576822956541	0.0	0	0.0	2575.287035819376	1	0	1.0	1.0877353489718822
61234.11401324868	1000.0	1341.1730225706622	0.0	0	0.0	2575.287035819376	1	0	1.0	0.394588168411937
62394.362936969424	2000.0	1180.9240988499182	0.0	0	0.0	2575.287035819376	1	0	1.0	1.0877353489718822
63735.380206973336	2000.0	839.9068288460078	0.0	0	0.0	2575.287035819376	1	0	1.0	1.7808825295318274
64266.29273772506	1000.0	1308.9942980942778	0.0	0	0.0	2575.287035819376	1	0	1.0	0.394588168411937
65790.85914909121	2000.0	784.4278867281337	0.0	0	0.0	2575.287035819383	1	0	1.0	1.087735348971882
67358.86977502522	2000.0	216.41726079411487	0.0	0	0.0	2575.287035819376	1	0	1.0	1.7808825295318267
68036.91592467365	1000.0	680.4477558254616	142.07664467977946	0	0.0	2717.3636804991547	1	0	1.0	-0.47643052408510134
68717.79241824098	1000.0	999.5712622581192	0.0	0	0.0	2717.3636804991547	1	0	1.0	1.0691765245535205
69857.10872529123	2000.0	860.2549552078676	0.0	0	0.0	2717.3636804991547	1	0	1.0	1.0691765245535205
71649.70996399052	2000.0	200.0	132.34628349142096	0	0.0	2849.7099639905937	1	0	1.0	0.9604245509942475
72199.16788812655	1000.0	716.3873595013507	65.84528363738573	0	0.0	2915.5552476279845	1	0	1.0	-0.049369478830314284
72976.42313783508	1000.0	939.1321097928197	0.0	0	0.0	2915.555247627999	1	0	1.0	1.0388494035539428
73848.8617486732	1000.0	1066.6934989547167	0.0	0	0.0	2915.555247627999	1	0	1.0	1.0388494035539428
74474.01795523489	1000.0	1441.5372923930265	0.0	0	0.0	2915.5552476280136	1	0	1.0	1.0388494035539404
76072.11862237682	2000.0	843.4366252510873	0.0	0	0.0	2915.5552476280136	1	0	1.0	1.0388494035539404
76644.11139788691	1000.0	1271.4438497410047	0.0	0	0.0	2915.5552476280136	1	0	1.0	0.34570222299399533
77207.54980593384	1000.0	1708.0054416940716	0.0	0	0.0	2915.5552476280136	1	0	1.0	1.0388494035539404
78605.50390024464	2000.0	1310.0513473832618	0.0	0	0.0	2915.5552476280136	1	0	1.0	1.0388494035539404
80098.74295713347	2000.0	816.8122904944365	0.0	0	0.0	2915.5552476280136	1	0	1.0	1.7319965841138858
80628.48159723793	1000.0	1287.0736503899811	0.0	0	0.0	2915.5552476280136	1	0	1.0	0.34570222299399533
81762.60318258163	2000.0	1152.9520650462807	0.0	0	0.0	2915.5552476280136	1	0	1.0	1.0388494035539404
82778.11128241071	2000.0	1137.4439652171889	0.0	0	0.0	2915.5552476280136	1	0	1.0	1.7319965841138858
84337.46728899296	2000.0	578.0879586349253	0.0	0	0.0	2915.5552476280136	1	0	1.0	1.7319965841138858
85092.69527600343	1000.0	822.8599716244576	0.0	0	0.0	2915.5552476280136	1	0	1.0	0.34570222299399533
86009.20148311289	1000.0	906.3537645150095	0.0	0	0.0	2915.5552476280136	1	0	1.0	1.0388494035539404
86776.51859733109	1000.0	1139.0366502968163	0.0	0	0.0	2915.5552476280136	1	0	1.0	1.0388494035539404
87568.01584283033	1000.0	1347.5394047975883	0.0	0	0.0	2915.5552476280136	1	0	1.0	1.0388494035539404
88370.57070937546	1000.0	1544.9845382524536	0.0	0	0.0	2915.555247627999	1	0	1.0	1.0388494035539428
90177.56962680045	2000.0	737.9856208274532	0.0	0	0.0	2915.555247627999	1	0	1.0	1.0388494035539426
90870.03079742203	1000.0	1045.5244502058774	0.0	0	0.0	2915.5552476280136	1	0	1.0	0.34570222299399533
91511.68653912705	1000.0	1403.8687085008628	0.0	0	0.0	2915.555247627999	1	0	1.0	1.0388494035539428
93128.941574492	2000.0	786.6136731359145	0.0	0	0.0	2915.5552476280136	1	0	1.0	1.0388494035539404
94080.93916290678	2000.0	834.6160847211313	0.0	0	0.0	2915.5552476280136	1	0	1.0	1.7319965841138858
94692.81095398794	1000.0	1222.744293639977	0.0	0	0.0	2915.5552476280136	1	0	1.0	0.34570222299399533
95760.1302766816	2000.0	1155.4249709463177	0.0	0	0.0	2915.5552476280136	1	0	1.0	1.0388494035539404
97188.69513711212	2000.0	726.8601105157843	0.0	0	0.0	2915.5552476280136	1	0	1.0	1.7319965841138858
98085.58412512203	1000.0	829.9711225058901	0.0	0	0.0	2915.5552476280136	1	0	1.0	0.34570222299399533
98990.70720713583	1000.0	924.8480404920618	0.0	0	0.0	2915.555247627999	1	0	1.0	1.0388494035539428
99832.89697974674	1000.0	1082.6582678811353	0.0	0	0.0	2915.555247627999	1	0	1.0	1.0388494035539428
100541.34648975477	1000.0	1374.2087578731132	0.0	0	0.0	2915.555247627999	1	0	1.0	1.0388494035539428
101378.71021827197	1000.0	1536.845029355911	0.0	0	0.0	2915.555247627999	1	0	1.0	1.0388494035539428
102206.81930583542	1000.0	1708.7359417924574	0.0	0	0.0	2915.5552476279845	1	0	1.0	1.0388494035539453
103144.47602770527	1000.0	1771.0792199226198	0.0	0	0.0	2915.55524762797	1	0	1.0	1.0388494035539477
104302.14426777586	2000.0	1613.4109798520278	0.0	0	0.0	2915.55524762797	1	0	1.0	1.0388494035539477
105238.34491092058	1000.0	1677.210336707285	0.0	0	0.0	2915.55524762797	1	0	1.0	0.3457022229940026
105972.59665647415	1000.0	1942.958591153698	0.0	0	0.0	2915.55524762797	1	0	1.0	1.0388494035539477
106689.59082093656	1000.0	2225.9644266912874	0.0	0	0.0	2915.55524762797	1	0	1.0	1.0388494035539477
108520.18055071823	2000.0	1395.3746969096094	0.0	0	0.0	2915.55524762797	1	0	1.0	1.0388494035539477
109312.9828124422	1000.0	1602.5724351856081	0.0	0	0.0	2915.55524762797	1	0	1.0	0.3457022229940026
110120.9652529854	1000.0	1794.589994642399	0.0	0	0.0	2915.5552476279845	1	0	1.0	1.0388494035539453
111111.40312981576	1000.0	1804.1521178120313	0.0	0	0.0	2915.5552476279845	1	0	1.0	1.0388494035539453
112081.62559726399	1000.0	1833.9296503638052	0.0	0	0.0	2915.55524762797	1	0	1.0	1.0388494035539477
112807.55832395938	1000.0	2107.9969236684256	0.0	0	0.0	2915.5552476279845	1	0	1.0	1.0388494035539453
113746.08923188328	1000.0	2169.4660157445405	0.0	0	0.0	2915.55524762797	1	0	1.0	1.0388494035539477
115108.47033068644	2000.0	1807.0849169413736	0.0	0	0.0	2915.55524762797	1	0	1.0	1.0388494035539477
115973.39141200454	1000.0	1942.163835623294	0.0	0	0.0	2915.55524762797	1	0	1.0	0.3457022229940026
116955.93598955609	1000.0	1959.6192580717293	0.0	0	0.0	2915.55524762797	1	0	1.0	1.0388494035539477
117739.95219600205	1000.0	2175.6030516257665	0.0	0	0.0	2915.55524762797	1	0	1.0	1.0388494035539477
119295.36069042026	2000.0	1620.1945572075529	0.0	0	0.0	2915.55524762797	1	0	1.0	1.0388494035539477
120509.87864336681	2000.0	1405.6766042609934	0.0	0	0.0	2915.5552476279845	1	0	1.0	1.7319965841138905
121188.35504946993	1000.0	1727.200198157862	0.0	0	0.0	2915.5552476279845	1	0	1.0	0.3457022229940001
121979.07864907185	1000.0	1936.4765985559338	0.0	0	0.0	2915.555247627999	1	0	1.0	1.0388494035539428
123567.32467035316	2000.0	1348.2305772746186	0.0	0	0.0	2915.555247627999	1	0	1.0	1.0388494035539426
124528.12352521581	1000.0	1387.431722411961	0.0	0	0.0	2915.5552476279845	1	0	1.0	0.3457022229940001
125468.58199754382	1000.0	1446.97325008394	0.0	0	0.0	2915.5552476279845	1	0	1.0	1.0388494035539453
126534.94510245911	1000.0	1380.6101451686413	0.0	0	0.0	2915.55524762797	1	0	1.0	1.0388494035539477
127229.7365065438	1000.0	1685.8187410839482	0.0	0	0.0	2915.55524762797	1	0	1.0	1.0388494035539477
127841.71593645247	1000.0	2073.8393111752953	0.0	0	0.0	2915.55524762797	1	0	1.0	1.0388494035539477
129185.10877494606	2000.0	1730.4464726817107	0.0	0	0.0	2915.55524762797	1	0	1.0	1.0388494035539477
130451.00922644163	2000.0	1464.5460211861316	0.0	0	0.0	2915.55524762797	1	0	1.0	1.731996584113893
131918.75643615655	2000.0	996.7988114712061	0.0	0	0.0	2915.5552476279554	1	0	1.0	1.731996584113893
132540.905276207	1000.0	1374.649971420782	0.0	0	0.0	2915.5552476279845	1	0	1.0	0.3457022229940006
133419.1389522284	1000.0	1496.4162953994085	0.0	0	0.0	2915.5552476280136	1	0	1.0	1.0388494035539435
134408.37241282564	1000.0	1507.1828348021586	0.0	0	0.0	2915.5552476280136	1	0	1.0	1.03884940355394
135029.52069204053	1000.0	1886.034555587242	0.0	0	0.0	2915.5552476279845	1	0	1.0	1.0388494035539453
136244.64001403408	2000.0	1670.9152335937154	0.0	0	0.0	2915.5552476280136	1	0	1.0	1.0388494035539404
137399.9946456821	2000.0	1515.5606019457064	0.0	0	0.0	2915.5552476279845	1	0	1.0	1.7319965841138887
138156.40441529898	1000.0	1759.1508323287987	0.0	0	0.0	2915.5552476279845	1	0	1.0	0.3457022229940001
139840.27857329897	2000.0	1075.2766743287934	0.0	0	0.0	2915.5552476279554	1	0	1.0	1.0388494035539502
140629.69603826784	1000.0	1285.8592093599582	0.0	0	0.0	2915.5552476279845	1	0	1.0	0.3457022229940001
141571.00087536476	1000.0	1344.5543722630564	0.0	0	0.0	2915.5552476279845	1	0	1.0	1.0388494035539453
142482.97597922944	1000.0	1432.5792683983454	0.0	0	0.0	2915.5552476279845	1	0	1.0	1.0388494035539453
143101.33248537677	1000.0	1814.2227622509997	0.0	0	0.0	2915.5552476279554	1	0	1.0	1.0388494035539502
144031.58425032697	1000.0	1883.9709973007873	0.0	0	0.0	2915.5552476279554	1	0	1.0	1.0388494035539502
145119.82811068982	1000.0	1795.727136937933	0.0	0	0.0	2915.5552476279554	1	0	1.0	1.0388494035539502
145978.02372924855	1000.0	1937.5315183792	0.0	0	0.0	2915.5552476279845	1	0	1.0	1.0388494035539453
146946.88429525672	1000.0	1968.6709523710354	0.0	0	0.0	2915.5552476279845	1	0	1.0	1.0388494035539453
147649.9943921895	1000.0	2265.56085543826	0.0	0	0.0	2915.5552476279554	1	0	1.0	1.0388494035539502
149005.27158953465	2000.0	1910.2836580930896	0.0	0	0.0	2915.5552476279554	1	0	1.0	1.0388494035539502
150599.24111711732	2000.0	1316.314130510424	0.0	0	0.0	2915.5552476279554	1	0	1.0	1.7319965841138953
151516.37751343392	2000.0	1399.1777341938405	0.0	0	0.0	2915.5552476279554	1	0	1.0	1.7319965841138953
153061.33640026508	2000.0	854.2188473626765	0.0	0	0.0	2915.5552476279554	1	0	1.0	1.7319965841138953
153942.56268255436	1000.0	972.9925650734143	0.0	0	0.0	2915.5552476279554	1	0	1.0	0.345702222994005
154516.70775312238	1000.0	1398.8474945053624	0.0	0	0.0	2915.5552476279554	1	0	1.0	1.0388494035539502
156137.5352238785	2000.0	778.0200237492331	0.0	0	0.0	2915.5552476279845	1	0	1.0	1.0388494035539493
157175.96923142046	1000.0	739.5860162073275	0.0	0	0.0	2915.5552476280136	1	0	1.0	0.34570222299399533
157889.40600597035	1000.0	1026.149241657456	0.0	0	0.0	2915.5552476280136	1	0	1.0	1.0388494035539404
158492.9051206988	1000.0	1422.6501269289856	0.0	0	0.0	2915.5552476279845	1	0	1.0	1.0388494035539453
159048.62026932786	1000.0	1866.9349782999013	0.0	0	0.0	2915.5552476279845	1	0	1.0	1.0388494035539453
159956.93808924264	2000.0	1958.6171583851178	0.0	0	0.0	2915.5552476280136	1	0	1.0	1.0388494035539404
161488.61465026846	2000.0	1426.940597359346	0.0	0	0.0	2915.5552476280427	1	0	1.0	1.7319965841138818
163261.97828696534	2000.0	653.5769606624792	0.0	0	0.0	2915.555247628072	1	0	1.0	1.7319965841138756
164192.8579319709	1000.0	722.6973156569107	0.0	0	0.0	2915.555247628072	1	0	1.0	0.34570222299398556
165644.20917008276	1000.0	271.34607754507965	0.0	0	0.0	2915.555247628072	1	0	1.0	1.0388494035539306
166234.9927369008	500.0	780.386310807878	99.8238000808226	0	0.0	3015.379047708673	1	0	1.0	-0.963875876363908
166883.1281446803	1000.0	1132.2509030284132	0.0	0	0.0	3015.379047708673	1	0	1.0	0.32821410468097334
167707.21514370773	1000.0	1308.1639040009381	0.0	0	0.0	3015.379047708673	1	0	1.0	1.0213612852409186
168368.8725166019	1000.0	1646.5065311067603	0.0	0	0.0	3015.379047708673	1	0	1.0	1.0213612852409186
169497.04938083305	1000.0	1518.329666875618	0.0	0	0.0	3015.379047708644	1	0	1.0	1.021361285240924
170186.8688514031	1000.0	1828.5101963055624	0.0	0	0.0	3015.379047708673	1	0	1.0	1.0213612852409197
171257.8773707189	2000.0	1757.5016769897702	0.0	0	0.0	3015.379047708673	1	0	1.0	1.0213612852409186
172596.6770212738	2000.0	1418.702026434852	0.0	0	0.0	3015.379047708644	1	0	1.0	1.714508465800868
173695.6843295344	2000.0	1319.694718174266	0.0	0	0.0	3015.379047708644	1	0	1.0	1.7145084658008691
175094.31181245839	2000.0	921.0672352502712	0.0	0	0.0	3015.379047708615	1	0	1.0	1.7145084658008745
176255.78472327624	1000.0	759.5943244324202	0.0	0	0.0	3015.379047708615	1	0	1.0	0.3282141046809841
177011.82665788152	1000.0	1003.5523898271126	0.0	0	0.0	3015.379047708615	1	0	1.0	1.0213612852409293
177935.52839593962	1000.0	1079.8506517690034	0.0	0	0.0	3015.379047708615	1	0	1.0	1.0213612852409293
178465.05812082626	1000.0	1550.3209268823564	0.0	0	0.0	3015.379047708615	1	0	1.0	1.0213612852409293
179541.74636191168	1000.0	1473.6326857969634	0.0	0	0.0	3015.379047708615	1	0	1.0	1.0213612852409293
180845.1144341511	1000.0	1170.264613557547	0.0	0	0.0	3015.379047708615	1	0	1.0	1.0213612852409293
181933.8730319614	1000.0	1081.506015747225	0.0	0	0.0	3015.379047708615	1	0	1.0	1.0213612852409293
182279.9956583063	1000.0	1735.383389402339	0.0	0	0.0	3015.379047708615	1	0	1.0	1.0213612852409293
183074.00626518574	2000.0	1941.3727825228725	0.0	0	0.0	3015.379047708615	1	0	1.0	1.0213612852409293
184264.54067114834	2000.0	1750.8383765603014	0.0	0	0.0	3015.379047708673	1	0	1.0	1.714508465800867
186137.90747605052	2000.0	877.4715716581425	0.0	0	0.0	3015.3790477087023	1	0	1.0	1.7145084658008627
187263.01841246997	1000.0	752.3606352386568	0.0	0	0.0	3015.3790477087314	1	0	1.0	0.3282141046809628
188575.74410126955	2000.0	451.5456271474081	11.910680708326765	0	0.0	3027.2897284170613	1	0	1.0	0.9477029306767931
189512.1938700287	2000.0	515.0958583882541	0.0	0	0.0	3027.2897284170613	1	0	1.0	1.712314195486699
191206.4650286455	2000.0	200.0	379.17530022854766	0	0.0	3406.465028645587	1	0	1.0	-0.6073051896771495
191998.47457935882	1000.0	610.5008279230576	202.51037863638402	0	0.0	3608.9754072819487	1	0	1.0	-1.0297848822312101
193160.16267030046	2000.0	448.8127369814199	0.0	0	0.0	3608.9754072819487	1	0	1.0	0.878424570147041
194421.8252435694	2000.0	226.90820884617887	39.75804513368621	0	0.0	3648.7334524156468	1	0	1.0	1.3206015941784273
195184.94187735967	1000.0	634.8295839554878	171.03800889959047	0	0.0	3819.77146131522	1	0	1.0	-0.9116722429478414
196530.54326380292	2000.0	358.36563325126144	69.13743573902502	0	0.0	3888.908897054236	1	0	1.0	0.3669447257048597
197562.7688407312	2000.0	411.3361759484518	85.19611962549543	0	0.0	3974.1050166796776	1	0	1.0	0.9297905137740591
198401.8782637267	1000.0	572.2267529529325	0.0	0	0.0	3974.1050166797068	1	0	1.0	0.05467287040712934
199132.0897734733	1000.0	842.0152432063277	0.0	0	0.0	3974.1050166797068	1	0	1.0	0.7478200509670745
200657.92885884532	2000.0	316.1761578342895	0.0	0	0.0	3974.1050166797068	1	0	1.0	0.7478200509670743
201863.86256954717	2000.0	356.0721360332423	245.82968890080957	0	0.0	4219.9347055805265	1	0	1.0	-0.1451479428518656
202872.2017657105	2000.0	478.32238914890104	130.58944927898784	0	0.0	2350.5241548595077	1	0	1.0	-4.977908811491908
203726.6453304093	1000.0	623.878824450074	0.0	0	0.0	2350.5241548595077	1	0	1.0	0.41933352306212834
204480.69745024372	1000.0	869.8267046156727	0.0	0	0.0	2350.5241548595077	1	0	1.0	1.1124807036220736
205333.8856560393	1000.0	1016.6384988200965	0.0	0	0.0	2350.5241548595077	1	0	1.0	1.1124807036220736
206182.9795931546	1000.0	1167.544561704765	0.0	0	0.0	2350.5241548594786	1	0	1.0	1.1124807036220752
207003.1009388294	1000.0	1347.423216029987	0.0	0	0.0	2350.5241548594786	1	0	1.0	1.1124807036220765
207888.0787279551	1000.0	1462.4454269043067	0.0	0	0.0	2350.5241548594786	1	0	1.0	1.1124807036220765
208689.7401687498	1000.0	1660.7839861096459	0.0	0	0.0	2350.5241548595077	1	0	1.0	1.1124807036220736
209811.9456020302	2000.0	1538.5785528292045	0.0	0	0.0	2350.5241548594786	1	0	1.0	1.1124807036220763
211432.88458931627	2000.0	917.639565543137	0.0	0	0.0	2350.5241548594786	1	0	1.0	1.8056278841820215
213083.35751460414	2000.0	267.16664025530065	0.0	0	0.0	2350.524154859537	1	0	1.0	1.8056278841820181
213689.48680646037	1000.0	708.0518125950072	47.01446419594117	0	0.0	2397.5386190555	1	0	1.0	0.1324959567232783
214389.3262878966	1000.0	1008.2123311587848	0.0	0	0.0	2397.5386190555	1	0	1.0	1.1077299224588706
215209.15986083983	1000.0	1188.378758215537	0.0	0	0.0	2397.538619055529	1	0	1.0	1.1077299224588675
215713.6494790107	1000.0	1683.8891400446669	0.0	0	0.0	2397.538619055529	1	0	1.0	1.1077299224588675
217240.90951357107	2000.0	1156.6291054843234	0.0	0	0.0	2397.538619055529	1	0	1.0	1.1077299224588675
218476.87947832944	2000.0	920.6591407259202	0.0	0	0.0	2397.5386190555	1	0	1.0	1.8008771030188149
219744.72248262353	2000.0	652.816136431859	0.0	0	0.0	2397.5386190555	1	0	1.0	1.8008771030188155
220284.55238803825	1000.0	1112.986231017127	0.0	0	0.0	2397.5386190555	1	0	1.0	0.4145827418989253
220842.94246213854	1000.0	1554.59615691684	0.0	0	0.0	2397.538619055529	1	0	1.0	1.1077299224588675
222342.06760487714	2000.0	1055.471014178219	0.0	0	0.0	2397.538619055529	1	0	1.0	1.1077299224588675
222897.92585021324	1000.0	1499.612768842118	0.0	0	0.0	2397.5386190555582	1	0	1.0	0.4145827418989192
224489.90314130683	2000.0	907.6354777485271	0.0	0	0.0	2397.5386190555873	1	0	1.0	1.1077299224588613
225463.00369065214	2000.0	934.5349284032428	0.0	0	0.0	2397.5386190555582	1	0	1.0	1.8008771030188095
226025.77261056527	1000.0	1371.7660084901197	0.0	0	0.0	2397.5386190555582	1	0	1.0	0.4145827418989192
227189.64719565326	2000.0	1207.8914234021154	0.0	0	0.0	2397.5386190555582	1	0	1.0	1.1077299224588644
228475.4874504676	2000.0	922.0511685878039	0.0	0	0.0	2397.5386190555873	1	0	1.0	1.800877103018807
228980.7655625144	1000.0	1416.773056540975	0.0	0	0.0	2397.5386190555873	1	0	1.0	0.4145827418989162
229991.81463347562	2000.0	1405.7239855797418	0.0	0	0.0	2397.5386190555582	1	0	1.0	1.1077299224588644
231330.54098936552	2000.0	1066.997629689819	0.0	0	0.0	2397.5386190555582	1	0	1.0	1.8008771030188095
232456.30306184277	2000.0	941.2355572125527	0.0	0	0.0	2397.5386190555582	1	0	1.0	1.8008771030188095
233071.94464610508	1000.0	1325.593972950244	0.0	0	0.0	2397.5386190555873	1	0	1.0	0.41458274189891803
234718.49853016084	2000.0	679.0400888944455	0.0	0	0.0	2397.5386190555582	1	0	1.0	1.1077299224588644
235277.16213533137	1000.0	1120.3764837239105	0.0	0	0.0	2397.5386190555582	1	0	1.0	0.4145827418989192
236203.22747508087	1000.0	1194.3111439744064	0.0	0	0.0	2397.5386190555582	1	0	1.0	1.1077299224588644
236816.40324240885	1000.0	1581.135376646449	0.0	0	0.0	2397.5386190555582	1	0	1.0	1.1077299224588644
237451.3090201557	1000.0	1946.2295988995775	0.0	0	0.0	2397.5386190555582	1	0	1.0	1.1077299224588644
238466.6780200416	2000.0	1930.8605990136211	0.0	0	0.0	2397.5386190555582	1	0	1.0	1.1077299224588644
239991.22726966557	2000.0	1406.3113493896528	0.0	0	0.0	2397.5386190555582	1	0	1.0	1.8008771030188095
241580.37628583427	2000.0	817.1623332209892	0.0	0	0.0	2397.5386190555582	1	0	1.0	1.8008771030188102
242296.07296695333	1000.0	1101.465652101922	0.0	0	0.0	2397.5386190555582	1	0	1.0	0.4145827418989192
242790.9391824536	1000.0	1606.5994366016603	0.0	0	0.0	2397.5386190555873	1	0	1.0	1.1077299224588615
244175.55060566426	2000.0	1221.9880133910042	0.0	0	0.0	2397.5386190555582	1	0	1.0	1.1077299224588644
245084.59732266123	2000.0	1312.9412963940397	0.0	0	0.0	2397.538619055529	1	0	1.0	1.8008771030188124
246229.34941674964	2000.0	1168.1892023056391	0.0	0	0.0	2397.538619055529	1	0	1.0	1.8008771030188124
247547.1697756431	2000.0	850.3688434121684	0.0	0	0.0	2397.5386190555	1	0	1.0	1.8008771030188155
248227.03285929895	1000.0	1170.5057597562864	0.0	0	0.0	2397.5386190555	1	0	1.0	0.4145827418989253
248926.84083723562	1000.0	1470.6977818196178	0.0	0	0.0	2397.538619055529	1	0	1.0	1.1077299224588675
249644.25992849527	1000.0	1753.2786905599735	0.0	0	0.0	2397.538619055529	1	0	1.0	1.1077299224588675
250390.45264787728	1000.0	2007.0859711779751	0.0	0	0.0	2397.5386190555	1	0	1.0	1.1077299224588706
251985.25261244742	2000.0	1412.286006607841	0.0	0	0.0	2397.538619055529	1	0	1.0	1.1077299224588697
252914.25173310947	1000.0	1483.286885945771	0.0	0	0.0	2397.538619055529	1	0	1.0	0.41458274189892225
253662.74311902755	1000.0	1734.7955000276784	0.0	0	0.0	2397.538619055529	1	0	1.0	1.1077299224588675
254614.27258399638	1000.0	1783.2660350588624	0.0	0	0.0	2397.538619055529	1	0	1.0	1.1077299224588675
255621.95317958502	1000.0	1775.585439470219	0.0	0	0.0	2397.538619055529	1	0	1.0	1.1077299224588675
256582.6936109306	1000.0	1814.8450081246008	0.0	0	0.0	2397.538619055529	1	0	1.0	1.1077299224588675
257638.06444700505	1000.0	1759.474172050184	0.0	0	0.0	2397.538619055529	1	0	1.0	1.1077299224588675
258630.2901079404	1000.0	1767.24851111483	0.0	0	0.0	2397.538619055529	1	0	1.0	1.1077299224588675
259364.40313376364	1000.0	2033.1354852915833	0.0	0	0.0	2397.538619055529	1	0	1.0	1.1077299224588675
260363.4301724912	1000.0	2034.1084465639872	0.0	0	0.0	2397.538619055529	1	0	1.0	1.1077299224588675
261218.1322782359	1000.0	2179.4063408192824	0.0	0	0.0	2397.538619055529	1	0	1.0	1.1077299224588664
262440.8283045625	2000.0	1956.7103144926718	0.0	0	0.0	2397.538619055529	1	0	1.0	1.1077299224588666
263412.9244144998	1000.0	1984.614204555346	0.0	0	0.0	2397.538619055529	1	0	1.0	0.4145827418989192
264384.48646331165	1000.0	2013.0521557434686	0.0	0	0.0	2397.538619055529	1	0	1.0	1.107729922458865
266345.45503971324	2000.0	1052.0835793418817	0.0	0	0.0	2397.5386190555873	1	0	1.0	1.1077299224588648
267074.76215714077	1000.0	1322.776461914391	0.0	0	0.0	2397.5386190556455	1	0	1.0	0.4145827418989103
267980.0685130551	1000.0	1417.4701060001362	0.0	0	0.0	2397.5386190556455	1	0	1.0	1.1077299224588555
268612.5610971981	1000.0	1784.9775218571544	0.0	0	0.0	2397.5386190556455	1	0	1.0	1.1077299224588555
269221.6162471528	1000.0	2175.922371902492	0.0	0	0.0	2397.5386190556455	1	0	1.0	1.1077299224588555
271155.21140736766	2000.0	1242.3272116876021	0.0	0	0.0	2397.5386190556455	1	0	1.0	1.1077299224588555
272027.20249408344	1000.0	1370.3361249718312	0.0	0	0.0	2397.5386190555873	1	0	1.0	0.4145827418989162
272609.6873843343	1000.0	1787.851234721001	0.0	0	0.0	2397.5386190555873	1	0	1.0	1.1077299224588615
273310.9696954717	1000.0	2086.5689235835903	0.0	0	0.0	2397.5386190555873	1	0	1.0	1.1077299224588615
274366.7515176935	2000.0	2030.7871013618555	0.0	0	0.0	2397.5386190555873	1	0	1.0	1.1077299224588613
275671.51789042976	2000.0	1726.0207286256054	0.0	0	0.0	2397.5386190555873	1	0	1.0	1.8008771030188064
276676.7305933147	1000.0	1720.808025740618	0.0	0	0.0	2397.5386190555873	1	0	1.0	0.4145827418989162
277548.25509048137	1000.0	1849.2835285739432	0.0	0	0.0	2397.5386190556455	1	0	1.0	1.1077299224588555
278346.41247698484	1000.0	2051.1261420703972	0.0	0	0.0	2397.5386190556455	1	0	1.0	1.1077299224588555
279643.5787639025	2000.0	1753.959855152678	0.0	0	0.0	2397.5386190556455	1	0	1.0	1.1077299224588555
281332.6133535914	2000.0	1064.9252654636805	0.0	0	0.0	2397.5386190555873	1	0	1.0	1.8008771030188029
282048.1787420513	1000.0	1349.3598770038345	0.0	0	0.0	2397.5386190555873	1	0	1.0	0.4145827418989162
282953.2278488168	1000.0	1444.3107702383077	0.0	0	0.0	2397.5386190555873	1	0	1.0	1.1077299224588615
283938.8830777549	1000.0	1458.6555413002027	0.0	0	0.0	2397.5386190555873	1	0	1.0	1.1077299224588615
284670.8021325137	1000.0	1726.736486541314	0.0	0	0.0	2397.5386190555873	1	0	1.0	1.1077299224588615
285268.4339568204	1000.0	2129.104662234683	0.0	0	0.0	2397.538619055529	1	0	1.0	1.1077299224588675
287239.0448024363	2000.0	1158.4938166187142	0.0	0	0.0	2397.538619055471	1	0	1.0	1.1077299224588735
288134.6977977431	1000.0	1262.8408213119876	0.0	0	0.0	2397.538619055471	1	0	1.0	0.41458274189892835
288755.631015054	1000.0	1641.9076040010402	0.0	0	0.0	2397.538619055471	1	0	1.0	1.1077299224588735
289555.2682286319	1000.0	1842.270390423122	0.0	0	0.0	2397.538619055471	1	0	1.0	1.1077299224588735
290999.52712508757	2000.0	1398.0114939674559	0.0	0	0.0	2397.538619055471	1	0	1.0	1.1077299224588781
291674.18655826175	1000.0	1723.3520607932676	0.0	0	0.0	2397.5386190554127	1	0	1.0	0.4145827418989343
292540.2858535762	1000.0	1857.2527654788066	0.0	0	0.0	2397.5386190554127	1	0	1.0	1.1077299224588795
293291.4944832837	1000.0	2106.0441357712307	0.0	0	0.0	2397.5386190554127	1	0	1.0	1.1077299224588795
294200.0	1000.0	2197.538619054931	0.0	0	183.91691279941006	2397.5386190554127	1	0	1.0	1.1077299224588795
295817.49008380255	2000.0	1580.0485352524192	0.0	0	0.0	2397.5386190554127	1	0	1.0	1.1077299224588792
296425.4404156909	1000.0	1972.098203364096	0.0	0	0.0	2397.5386190554127	1	0	1.0	0.4145827418989343
297758.2135832303	2000.0	1639.3250358246994	0.0	0	0.0	2397.5386190554127	1	0	1.0	1.1077299224588792
299538.52228093444	2000.0	859.0163381205698	0.0	0	0.0	2397.5386190554127	1	0	1.0	1.8008771030188244
300592.4187593544	2000.0	805.1198597006456	0.0	0	0.0	2397.5386190553545	1	0	1.0	1.8008771030188306
301895.5190610332	2000.0	502.01955802187325	0.0	0	0.0	2397.5386190553545	1	0	1.0	1.8008771030188306
302602.46139022853	1000.0	795.0772288264982	0.0	0	0.0	2397.5386190553545	1	0	1.0	0.4145827418989403
303290.2978868238	1000.0	1107.240732231211	0.0	0	0.0	2397.5386190552963	1	0	1.0	1.1077299224588915
304630.09978236386	2000.0	767.4388366911795	0.0	0	0.0	2397.5386190553545	1	0	1.0	1.1077299224588855
305336.57266823476	1000.0	1060.9659508203315	0.0	0	0.0	2397.5386190553545	1	0	1.0	0.4145827418989403
306198.3669726682	1000.0	1199.1716463869018	0.0	0	0.0	2397.5386190553545	1	0	1.0	1.1077299224588855
307190.9574679626	1000.0	1206.5811510925282	0.0	0	0.0	2397.5386190553545	1	0	1.0	1.1077299224588855
307989.185180939	1000.0	1408.3534381160844	0.0	0	0.0	2397.538619055238	1	0	1.0	1.1077299224588926
308937.8969238871	2000.0	1459.6416951680126	0.0	0	0.0	2397.538619055238	1	0	1.0	1.1077299224588972
1.34	1.24	1.27	1.6	2.04	1.15	1.4	1.16	1.45	1.18	0.64	1.22	1.46	1.32	1.0	1.39	1.59	1.76	2.19	0.98	1.02	1.31	0.91	1.48	0.74	1.07	1.22	2.25	2.24	1.05	1.04	1.0	1.66	2.49	2.25	1.26	1.26	1.89	2.4	1.16	1.45	1.77	1.4	1.53	1.89	1.609957446808511	1.571957446808511	1.5159574468085109	1.4479574468085108	1.4899574468085108	1.581957446808511	1.571957446808511	1.4539574468085108	1.569957446808511	1.569957446808511	1.633957446808511	1.6679574468085108	1.603957446808511	1.599957446808511	1.6679574468085108	1.569957446808511	1.633957446808511	1.7779574468085109	1.7999574468085109	1.4819574468085108	1.4459574468085108	1.5219574468085109	1.581957446808511	1.5139574468085109	1.6739574468085108	1.4939574468085108	1.587957446808511	1.6559574468085108	1.6659574468085108	1.5439574468085109	1.4859574468085108	1.7019574468085108	1.593957446808511	1.5459574468085109	1.4139574468085108	1.4699574468085108	1.5379574468085109	1.5199574468085109	1.4339574468085108	1.635957446808511	1.4959574468085108	1.579957446808511	1.6559574468085108	1.6799574468085108	1.6899574468085108	1.577957446808511	1.613957446808511	1.3760000000000001	1.4000000000000001	1.354	1.4460000000000002	1.318	1.4140000000000001	1.344	1.1920000000000002	1.24	1.258	1.282	1.326	1.32	1.258	1.328	1.368	1.288	1.312	1.254	1.316	1.3760000000000001	1.362	1.372	1.3840000000000001	1.5	1.354	1.4360000000000002	1.36	1.288	1.364	1.462	1.368	1.478	1.37	1.3920000000000001	1.3920000000000001	1.356	1.4020000000000001	1.3960000000000001	1.31	1.47	1.3960000000000001	1.36	1.338	1.358	1.324	1.226	1.224	1.338	1.98575	1.7097499999999999	1.18175	1.74575	1.9257499999999999	1.3977499999999998	1.08575	2.1777499999999996	1.71	1.34	1.24	1.27	1.6	2.04	1.15	1.4	1.16	1.45	1.18	0.64	1.22	1.46	1.32	1.0	1.39	1.59	1.76	2.19	0.98	1.02	1.31	0.91	1.48	0.74	1.07	1.22	2.25	2.24	1.05	1.04	1.0	1.66	2.49	2.25	1.26	1.26	1.89	2.4	1.16	1.45	1.77	1.4	1.53	1.89	1.609957446808511	1.571957446808511	1.5159574468085109	1.4479574468085108	1.4899574468085108	1.581957446808511	1.571957446808511	1.4539574468085108	1.569957446808511	1.569957446808511	1.633957446808511	1.6679574468085108	1.603957446808511	1.599957446808511	1.6679574468085108	1.569957446808511	1.633957446808511	1.7779574468085109	1.7999574468085109	1.4819574468085108	1.4459574468085108	1.5219574468085109	1.581957446808511	1.5139574468085109	1.6739574468085108	1.4939574468085108	1.587957446808511	1.6559574468085108	1.6659574468085108	1.5439574468085109	1.4859574468085108	1.7019574468085108	1.593957446808511	1.5459574468085109	1.4139574468085108	1.4699574468085108	1.5379574468085109	1.5199574468085109	1.4339574468085108	1.635957446808511	1.4959574468085108	1.579957446808511	1.6559574468085108	1.6799574468085108	1.6899574468085108	1.577957446808511	1.613957446808511	1.3760000000000001	1.4000000000000001	1.354	1.4460000000000002	1.318	1.4140000000000001	1.344	1.1920000000000002	1.24	1.258	1.282	1.326	1.32	1.258	1.328	1.368	1.288	1.312	1.254	1.316	1.3760000000000001	1.362	1.372	1.3840000000000001	1.5	1.354	1.4360000000000002	1.36	1.288	1.364	1.462	1.368	1.478	1.37	1.3920000000000001	1.3920000000000001	1.356	1.4020000000000001	1.3960000000000001	1.31	1.47	1.3960000000000001	1.36	1.338	1.358	1.324	1.226	1.224	1.338	1.98575	1.7097499999999999	1.18175	1.74575	1.9257499999999999	1.3977499999999998	1.08575	2.1777499999999996	1.71	1.34	1.24	1.27	1.6	2.04	1.15	1.4
1.0	2.0	3.0	4.0	5.0	6.0	7.0	8.0	9.0	10.0	11.0	12.0	13.0	14.0	15.0	16.0	17.0	18.0	19.0	20.0	21.0	22.0	23.0	24.0	25.0	26.0	27.0	28.0	29.0	30.0	31.0	32.0	33.0	34.0	35.0	36.0	37.0	38.0	39.0	40.0	41.0	42.0	43.0	44.0	45.0	46.0	47.0	48.0	49.0	50.0	51.0	52.0	53.0	54.0	55.0	56.0	57.0	58.0	59.0	60.0	61.0	62.0	63.0	64.0	65.0	66.0	67.0	68.0	69.0	70.0	71.0	72.0	73.0	74.0	75.0	76.0	77.0	78.0	79.0	80.0	81.0	82.0	83.0	84.0	85.0	86.0	87.0	88.0	89.0	90.0	91.0	92.0	93.0	94.0	95.0	96.0	97.0	98.0	99.0	100.0	101.0	102.0	103.0	104.0	105.0	106.0	107.0	108.0	109.0	110.0	111.0	112.0	113.0	114.0	115.0	116.0	117.0	118.0	119.0	120.0	121.0	122.0	123.0	124.0	125.0	126.0	127.0	128.0	129.0	130.0	131.0	132.0	133.0	134.0	135.0	136.0	137.0	138.0	139.0	140.0	141.0	142.0	143.0	144.0	145.0	146.0	147.0	148.0	149.0	149.0	150.0	151.0	152.0	153.0	154.0	155.0	156.0	157.0	158.0	159.0	160.0	161.0	162.0	163.0	164.0	165.0	166.0	167.0	168.0	169.0	170.0	171.0	172.0	173.0	174.0	175.0	176.0	177.0	178.0	179.0	180.0	181.0	182.0	183.0	184.0	185.0	186.0	187.0	188.0	189.0	190.0	191.0	192.0	193.0	194.0	195.0	196.0	197.0	198.0	199.0	200.0	201.0	202.0	203.0	204.0	205.0	206.0	207.0	208.0	209.0	210.0	211.0	212.0	213.0	214.0	215.0	216.0	217.0	218.0	219.0	220.0	221.0	222.0	223.0	224.0	225.0	226.0	227.0	228.0	229.0	230.0	231.0	232.0	233.0	234.0	235.0	236.0	237.0	238.0	239.0	240.0	241.0	242.0	243.0	244.0	245.0	246.0	247.0	248.0	249.0	250.0	251.0	252.0	253.0	254.0	255.0	256.0	257.0	258.0	259.0	260.0	261.0	262.0	263.0	264.0	265.0	266.0	267.0	268.0	269.0	270.0	271.0	272.0	273.0	274.0	275.0	276.0	277.0	278.0	279.0	280.0	281.0	282.0	283.0	284.0	285.0	286.0	287.0	288.0	289.0	290.0	291.0	292.0	293.0	294.0	295.0	296.0	297.0	298.0	298.0	299.0	300.0	301.0	302.0	303.0	304.0	305.0
5946.713018743271
