5815.316178670585	500.0	2000.0	217.37499472290344	0	0.0	3815.316178670585	1	0	1.0	-7.682450117787484
7103.052167769304	3000.0	1712.2640109012812	0.0	0	0.0	3815.3161786705855	1	0	1.0	0.11617874285843671
8357.334407300663	2000.0	1457.981771369923	0.0	0	0.0	3815.316178670586	1	0	1.0	1.0970079958701624
8915.298384707203	2000.0	1900.0177939633827	0.0	0	0.0	3815.316178670584	1	0	1.0	1.5024731039783275
9541.496484578167	2000.0	2273.819694092421	0.0	0	0.0	3815.3161786705878	1	0	1.0	1.5024731039783266
10817.334679726186	2000.0	1997.9814989444012	0.0	0	0.0	3815.316178670586	1	0	1.0	1.5024731039783268
12725.169011796579	2000.0	1090.1471668740091	0.0	0	0.0	3815.316178670586	1	0	1.0	1.5024731039783268
13762.916384779177	2000.0	1052.3997938914122	0.0	0	0.0	3815.316178670586	1	0	1.0	1.5024731039783268
14731.500725716352	2000.0	1083.8154529542371	0.0	0	0.0	3815.316178670586	1	0	1.0	1.5024731039783268
15530.594961401182	2000.0	1284.7212172694078	0.0	0	0.0	3815.316178670586	1	0	1.0	1.5024731039783268
16317.93534213294	2000.0	1497.3808365376503	0.0	0	0.0	3815.316178670586	1	0	1.0	1.5024731039783268
17602.860419001157	2000.0	1212.4557596694367	0.0	0	0.0	3815.3161786705914	1	0	1.0	1.5024731039783261
19078.583927603526	2000.0	736.7322510670676	0.0	0	0.0	3815.3161786705914	1	0	1.0	1.5024731039783252
21175.75675886647	2000.0	305.62532574656564	666.0659059424436	0	0.0	4481.382084613037	1	0	1.0	-2.808045472381163
22201.74731578644	2000.0	444.10398845181487	164.46921962521964	0	0.0	2645.8513042382547	1	0	1.0	-5.214843128999542
22745.794683952878	1000.0	900.0566202853777	0.0	0	0.0	2645.8513042382547	1	0	1.0	0.3856778276318866
23683.38006136316	2000.0	962.4712428750938	0.0	0	0.0	2645.8513042382547	1	0	1.0	1.0788250081918318
24381.94638225118	2000.0	1263.9049219870735	0.0	0	0.0	2645.8513042382547	1	0	1.0	1.771972188751777
25339.232657843208	2000.0	1306.618646395043	0.0	0	0.0	2645.8513042382547	1	0	1.0	1.771972188751777
25907.55125776551	2000.0	1738.3000464727425	0.0	0	0.0	2645.8513042382583	1	0	1.0	1.7719721887517763
26487.310391047213	2000.0	2158.5409131910383	0.0	0	0.0	2645.8513042382583	1	0	1.0	1.7719721887517763
27200.0	2000.0	2445.8513042382533	0.0	0	271.0840598348623	2645.8513042382583	1	0	1.0	1.7719721887517763
28354.21641173942	3000.0	2291.6348924988342	0.0	0	0.0	2645.8513042382583	1	0	1.0	1.7719721887517765
29244.049538210427	3000.0	2401.801766027826	0.0	0	0.0	2645.8513042382547	1	0	1.0	2.177437296859942
30924.758881183367	3000.0	1721.092423054883	0.0	0	0.0	2645.8513042382547	1	0	1.0	2.177437296859942
31777.555554412305	2000.0	1868.2957498259461	0.0	0	0.0	2645.8513042382547	1	0	1.0	1.3665070806436124
32829.93984494184	2000.0	1815.9114592964145	0.0	0	0.0	2645.8513042382583	1	0	1.0	1.7719721887517768
34081.75317312696	2000.0	1564.0981311112857	0.0	0	0.0	2645.8513042382583	1	0	1.0	1.7719721887517759
35836.139167308465	2000.0	809.712136929772	0.0	0	0.0	2645.8513042382474	1	0	1.0	1.7719721887517776
36636.709836388785	2000.0	1009.1414678494563	0.0	0	0.0	2645.8513042382474	1	0	1.0	1.7719721887517779
37358.2537565832	2000.0	1287.5975476550414	0.0	0	0.0	2645.8513042382474	1	0	1.0	1.7719721887517779
38319.72942243236	2000.0	1326.121881805882	0.0	0	0.0	2645.8513042382474	1	0	1.0	1.7719721887517779
39242.20980786998	2000.0	1403.6414963682673	0.0	0	0.0	2645.8513042382474	1	0	1.0	1.7719721887517779
39815.27399811976	2000.0	1830.5773061184852	0.0	0	0.0	2645.8513042382474	1	0	1.0	1.7719721887517779
40520.93146582413	2000.0	2124.919838414119	0.0	0	0.0	2645.8513042382474	1	0	1.0	1.7719721887517779
41385.0207975064	2000.0	2260.8305067318565	0.0	0	0.0	2645.8513042382474	1	0	1.0	1.7719721887517779
42347.03083395495	2000.0	2298.8204702833077	0.0	0	0.0	2645.8513042382474	1	0	1.0	1.7719721887517779
43200.0	3000.0	2445.8513042382615	0.0	0	181.2817819790289	2645.8513042382474	1	0	1.0	1.771972188751778
44264.07383501857	3000.0	2381.7774692196967	0.0	0	0.0	2645.8513042382474	1	0	1.0	2.1774372968599427
45363.721731746526	3000.0	2282.129572491741	0.0	0	0.0	2645.8513042382474	1	0	1.0	2.1774372968599427
46200.0	3000.0	2445.8513042382674	0.0	0	32.77314106965787	2645.85130423824	1	0	1.0	2.1774372968599436
47346.65508905982	3000.0	2299.1962151784396	0.0	0	0.0	2645.85130423824	1	0	1.0	2.1774372968599436
48200.0	2000.0	2445.8513042382656	0.0	0	171.45279598590423	2645.85130423824	1	0	1.0	1.366507080643614
49200.0	3000.0	2445.85130423827	0.0	0	154.42887141573738	2645.8513042382474	1	0	1.0	1.771972188751778
50200.0	3000.0	2445.8513042382697	0.0	0	55.739849982106534	2645.8513042382474	1	0	1.0	2.1774372968599427
51200.0	3000.0	2445.851304238266	0.0	0	350.59390698026255	2645.8513042382474	1	0	1.0	2.1774372968599427
52351.22949814366	3000.0	2294.6218060946107	0.0	0	0.0	2645.8513042382547	1	0	1.0	2.177437296859942
53864.91835625225	3000.0	1780.9329479860203	0.0	0	0.0	2645.8513042382547	1	0	1.0	2.177437296859942
55091.506536243796	3000.0	1554.3447679944788	0.0	0	0.0	2645.8513042382547	1	0	1.0	2.177437296859942
55985.13326672115	3000.0	1660.7180375171208	0.0	0	0.0	2645.8513042382547	1	0	1.0	2.177437296859942
56683.75881165184	3000.0	1962.0924925864363	0.0	0	0.0	2645.8513042382547	1	0	1.0	2.177437296859942
57487.064133194006	3000.0	2158.7871710442614	0.0	0	0.0	2645.8513042382474	1	0	1.0	2.1774372968599427
58395.41558253458	3000.0	2250.435721703693	0.0	0	0.0	2645.8513042382547	1	0	1.0	2.177437296859942
59337.257507509086	3000.0	2308.5937967291934	0.0	0	0.0	2645.8513042382547	1	0	1.0	2.177437296859942
60539.3168978185	3000.0	2106.534406419788	0.0	0	0.0	2645.8513042382547	1	0	1.0	2.177437296859942
61952.063375538746	3000.0	1693.7879286995465	0.0	0	0.0	2645.8513042382547	1	0	1.0	2.177437296859942
62874.12121880764	3000.0	1771.7300854306452	0.0	0	0.0	2645.8513042382547	1	0	1.0	2.177437296859942
63650.60573342781	3000.0	1995.2455708104735	0.0	0	0.0	2645.8513042382474	1	0	1.0	2.1774372968599427
64386.93976406467	3000.0	2258.9115401736135	0.0	0	0.0	2645.8513042382474	1	0	1.0	2.1774372968599427
65228.27488808555	3000.0	2417.576416152741	0.0	0	0.0	2645.8513042382474	1	0	1.0	2.1774372968599427
66200.0	3000.0	2445.851304238293	0.0	0	251.6313892314065	2645.8513042382474	1	0	1.0	2.1774372968599427
67392.82791574123	6000.0	2253.0233884970744	0.0	0	0.0	2645.851304238262	1	0	1.0	2.1774372968599423
71704.25109509128	6000.0	200.0	1258.3997908529745	0	0.0	3904.251095091284	1	0	1.0	-4.747613948859024
72383.92646705442	2000.0	674.7284423728263	154.40381433596826	0	0.0	4058.6549094272486	1	0	1.0	-0.620025331663272
74547.94408292352	2000.0	200.0	689.2891734962899	0	0.0	4747.944082923525	1	0	1.0	-2.997613405752817
75875.25258242503	2000.0	329.0946578562376	456.40315735774027	0	0.0	3204.347240281262	1	0	1.0	-7.0616466472189865
76642.77613699544	2000.0	613.0297882921959	51.45868500633537	0	0.0	3255.805925287612	1	0	1.0	1.3565968245451274
78044.72490149867	2000.0	272.1979604196465	61.11693663068566	0	0.0	3316.9228619182977	1	0	1.0	1.2844866224267488
79048.84432114773	2000.0	489.2050771098383	221.12653633924754	0	0.0	3538.0493982575717	1	0	1.0	0.2659752377451527
79885.38499629316	2000.0	652.6644019644023	0.0	0	0.0	3538.0493982575717	1	0	1.0	1.592734455780638
80464.0348831111	2000.0	1074.014515146433	0.0	0	0.0	3538.0493982575717	1	0	1.0	1.592734455780638
80961.56115380475	2000.0	1576.488244452772	0.0	0	0.0	3538.0493982575717	1	0	1.0	1.592734455780638
81427.81863247948	2000.0	2110.230765778042	0.0	0	0.0	3538.0493982575717	1	0	1.0	1.592734455780638
82388.11469949422	3000.0	2149.934698763302	0.0	0	0.0	3538.0493982575863	1	0	1.0	1.592734455780634
83717.95310803031	3000.0	1820.096290227205	0.0	0	0.0	3538.0493982575863	1	0	1.0	1.9981995638887986
84814.0031207924	2000.0	1724.046277465106	0.0	0	0.0	3538.0493982575863	1	0	1.0	1.1872693476724692
85583.75089652622	2000.0	1954.298501731295	0.0	0	0.0	3538.0493982575717	1	0	1.0	1.592734455780638
87524.5651959827	2000.0	1013.4842022748072	0.0	0	0.0	3538.049398257557	1	0	1.0	1.5927344557806422
88225.1478845188	2000.0	1312.9015137387134	0.0	0	0.0	3538.049398257557	1	0	1.0	1.5927344557806422
89503.33197307061	2000.0	1034.7174251869096	0.0	0	0.0	3538.049398257557	1	0	1.0	1.5927344557806422
90740.03663673355	2000.0	798.0127615239724	0.0	0	0.0	3538.0493982575717	1	0	1.0	1.592734455780638
91937.76847668856	2000.0	600.2809215689722	0.0	0	0.0	3538.0493982575717	1	0	1.0	1.592734455780638
92802.17957931668	2000.0	735.869818940855	0.0	0	0.0	3538.0493982575717	1	0	1.0	1.592734455780638
94090.08856799055	2000.0	447.96083026699057	0.0	0	0.0	3538.049398257557	1	0	1.0	1.5927344557806422
95145.87138889519	2000.0	473.9083932590661	81.7303838967203	0	0.0	3619.7797821542918	1	0	1.0	1.0778542030491918
96077.86176867373	2000.0	544.1158841624947	2.19787068195933	0	0.0	3621.9776528362418	1	0	1.0	1.554367139778228
97245.85884239	2000.0	418.60100630803674	42.482195861806275	0	0.0	3664.459848698054	1	0	1.0	1.2992292949180446
98340.46328246719	2000.0	400.73820608216903	76.74163985132628	0	0.0	3741.20148854937	1	0	1.0	1.0681877554490202
99176.16764650837	2000.0	565.033842040981	0.0	0	0.0	3741.2014885493554	1	0	1.0	1.528637594556983
100246.41998917468	2000.0	494.78149937467015	0.0	0	0.0	3741.2014885493554	1	0	1.0	1.528637594556983
100923.50329158267	2000.0	817.6981969667023	0.0	0	0.0	3741.2014885493554	1	0	1.0	1.528637594556983
101620.78906121301	2000.0	1120.4124273363727	0.0	0	0.0	3741.2014885493554	1	0	1.0	1.528637594556983
102661.05975694522	2000.0	1080.1417316041807	0.0	0	0.0	3741.20148854937	1	0	1.0	1.5286375945569781
103554.44666502843	2000.0	1186.7548235209654	0.0	0	0.0	3741.20148854937	1	0	1.0	1.5286375945569781
104268.37987976395	2000.0	1472.821608785447	0.0	0	0.0	3741.20148854937	1	0	1.0	1.5286375945569781
105278.15233276595	2000.0	1463.0491557834457	0.0	0	0.0	3741.20148854937	1	0	1.0	1.5286375945569781
106288.11264075832	2000.0	1453.0888477910653	0.0	0	0.0	3741.20148854937	1	0	1.0	1.5286375945569781
106918.69195521624	2000.0	1822.5095333331255	0.0	0	0.0	3741.20148854937	1	0	1.0	1.5286375945569781
107571.63774003887	2000.0	2169.5637485105	0.0	0	0.0	3741.20148854937	1	0	1.0	1.5286375945569781
108315.7208040361	2000.0	2425.480684513259	0.0	0	0.0	3741.2014885493554	1	0	1.0	1.528637594556983
109070.71791383282	2000.0	2670.483574716548	0.0	0	0.0	3741.2014885493554	1	0	1.0	1.528637594556983
110096.97581787144	2000.0	2644.225670677921	0.0	0	0.0	3741.2014885493554	1	0	1.0	1.528637594556983
110942.31634568846	2000.0	2798.8851428609114	0.0	0	0.0	3741.201488549341	1	0	1.0	1.5286375945569879
112288.19150519883	3000.0	2453.009983350566	0.0	0	0.0	3741.2014885493554	1	0	1.0	1.5286375945569832
113379.35501199335	3000.0	2361.8464765560575	0.0	0	0.0	3741.2014885493554	1	0	1.0	1.9341027026651478
114923.83368708474	3000.0	1817.3678014646785	0.0	0	0.0	3741.2014885493554	1	0	1.0	1.9341027026651478
115930.40956637144	3000.0	1810.7919221779816	0.0	0	0.0	3741.2014885493554	1	0	1.0	1.9341027026651478
117043.44020169064	2000.0	1697.7612868587921	0.0	0	0.0	3741.2014885493554	1	0	1.0	1.1231724864488184
117837.61161489591	2000.0	1903.5898736535112	0.0	0	0.0	3741.2014885493554	1	0	1.0	1.528637594556983
118927.41431686992	2000.0	1813.7871716795048	0.0	0	0.0	3741.2014885493554	1	0	1.0	1.528637594556983
119725.72133845536	2000.0	2015.4801500940678	0.0	0	0.0	3741.2014885493554	1	0	1.0	1.528637594556983
120717.91754628414	2000.0	2023.2839422652955	0.0	0	0.0	3741.20148854937	1	0	1.0	1.5286375945569781
121785.6565354565	2000.0	1955.5449530929322	0.0	0	0.0	3741.20148854937	1	0	1.0	1.5286375945569781
122819.55705092294	2000.0	1921.6444376264824	0.0	0	0.0	3741.20148854937	1	0	1.0	1.5286375945569781
123690.24619983914	2000.0	2050.9552887102996	0.0	0	0.0	3741.20148854937	1	0	1.0	1.5286375945569781
124374.61999013402	2000.0	2366.581498415441	0.0	0	0.0	3741.20148854937	1	0	1.0	1.5286375945569781
125515.58416933195	2000.0	2225.6173192174974	0.0	0	0.0	3741.20148854937	1	0	1.0	1.5286375945569781
126734.72103451994	2000.0	2006.4804540294824	0.0	0	0.0	3741.20148854937	1	0	1.0	1.5286375945569781
127621.69851637507	2000.0	2119.5029721743604	0.0	0	0.0	3741.2014885493845	1	0	1.0	1.528637594556973
128559.33092946305	2000.0	2181.87055908637	0.0	0	0.0	3741.2014885493845	1	0	1.0	1.528637594556973
129336.59996897494	2000.0	2404.6015195744667	0.0	0	0.0	3741.20148854937	1	0	1.0	1.5286375945569781
130399.59637930483	2000.0	2341.605109244582	0.0	0	0.0	3741.20148854937	1	0	1.0	1.5286375945569781
131395.92296170635	2000.0	2345.278526843028	0.0	0	0.0	3741.201488549341	1	0	1.0	1.528637594556983
132236.13134028038	2000.0	2505.070148269023	0.0	0	0.0	3741.2014885493554	1	0	1.0	1.528637594556985
133159.00894522126	2000.0	2582.1925433281267	0.0	0	0.0	3741.2014885493263	1	0	1.0	1.528637594556991
134265.35027786973	2000.0	2475.8512106796557	0.0	0	0.0	3741.2014885493263	1	0	1.0	1.5286375945569899
135153.3431440638	2000.0	2587.8583444855763	0.0	0	0.0	3741.2014885493263	1	0	1.0	1.5286375945569939
136101.83506034387	2000.0	2639.366428205497	0.0	0	0.0	3741.2014885493263	1	0	1.0	1.528637594556993
137140.03745372448	2000.0	2601.164034824872	0.0	0	0.0	3741.2014885493263	1	0	1.0	1.528637594556993
138032.38683736252	3000.0	2708.814651186822	0.0	0	0.0	3741.2014885493263	1	0	1.0	1.5286375945569932
138664.67374508324	3000.0	3076.5277434660925	0.0	0	0.0	3741.2014885493263	1	0	1.0	1.9341027026651578
139531.52560550056	3000.0	3209.675883048773	0.0	0	0.0	3741.2014885493263	1	0	1.0	1.9341027026651578
140556.54760894974	3000.0	3184.6538795995903	0.0	0	0.0	3741.2014885493263	1	0	1.0	1.9341027026651578
141831.72475521464	3000.0	2909.476733334669	0.0	0	0.0	3741.2014885493263	1	0	1.0	1.9341027026651578
143739.22966981435	3000.0	2001.9718187349436	0.0	0	0.0	3741.201488549297	1	0	1.0	1.9341027026651658
145150.03811162096	3000.0	1591.1633769283749	0.0	0	0.0	3741.2014885493263	1	0	1.0	1.9341027026651578
146618.57665664534	3000.0	1122.6248319040192	0.0	0	0.0	3741.2014885493263	1	0	1.0	1.9341027026651578
147724.5636895864	2000.0	1016.6377989629744	0.0	0	0.0	3741.2014885493263	1	0	1.0	1.1231724864488284
148846.99123064586	2000.0	894.2102579035072	0.0	0	0.0	3741.2014885493263	1	0	1.0	1.528637594556993
149711.71997575593	2000.0	1029.4815127934062	0.0	0	0.0	3741.201488549297	1	0	1.0	1.528637594557003
150522.74210239397	2000.0	1218.459386155389	0.0	0	0.0	3741.201488549297	1	0	1.0	1.528637594557003
151170.22443538747	2000.0	1570.9770531618972	0.0	0	0.0	3741.201488549297	1	0	1.0	1.528637594557003
152186.44362564452	2000.0	1554.7578629048494	0.0	0	0.0	3741.201488549268	1	0	1.0	1.528637594557013
153321.51956896644	2000.0	1419.6819195829291	0.0	0	0.0	3741.201488549239	1	0	1.0	1.528637594557023
153990.65762359826	2000.0	1750.5438649511152	0.0	0	0.0	3741.201488549239	1	0	1.0	1.528637594557023
154667.81140810053	2000.0	2073.390080448827	0.0	0	0.0	3741.201488549239	1	0	1.0	1.528637594557023
155656.42817712107	2000.0	2084.7733114283205	0.0	0	0.0	3741.20148854921	1	0	1.0	1.528637594557033
156536.01745101294	2000.0	2205.1840375364727	0.0	0	0.0	3741.201488549239	1	0	1.0	1.528637594557031
157497.9591200671	2000.0	2243.2423684823043	0.0	0	0.0	3741.20148854921	1	0	1.0	1.528637594557033
158311.28384737545	2000.0	2429.917641173949	0.0	0	0.0	3741.201488549239	1	0	1.0	1.528637594557023
159448.0556881622	2000.0	2293.1458003871903	0.0	0	0.0	3741.201488549239	1	0	1.0	1.528637594557023
161218.02860659885	2000.0	1523.172881950553	0.0	0	0.0	3741.201488549239	1	0	1.0	1.528637594557023
162505.53402758038	2000.0	1235.6674609689999	0.0	0	0.0	3741.20148854921	1	0	1.0	1.528637594557025
163458.32997634227	2000.0	1282.8715122070782	0.0	0	0.0	3741.20148854921	1	0	1.0	1.528637594557033
164185.68102154418	2000.0	1555.5204670051348	0.0	0	0.0	3741.201488549181	1	0	1.0	1.528637594557043
165263.47523806695	2000.0	1477.7262504823452	0.0	0	0.0	3741.201488549181	1	0	1.0	1.528637594557043
166463.92427733055	2000.0	1277.2772112187795	0.0	0	0.0	3741.201488549181	1	0	1.0	1.528637594557043
167711.6699544797	2000.0	1029.5315340696325	0.0	0	0.0	3741.2014885491517	1	0	1.0	1.528637594557053
169890.49911018636	2000.0	200.0	349.29762163701326	0	0.0	4090.4991101861815	1	0	1.0	-0.6477651802928459
171009.5114784662	2000.0	435.87204501259663	354.8844132924253	0	0.0	2445.3835234786093	1	0	1.0	-6.333486169901809
171580.99009112894	1000.0	864.3934323498543	0.0	0	0.0	2445.3835234786093	1	0	1.0	0.40952594873285264
172279.71714190443	2000.0	1165.666381574345	0.0	0	0.0	2445.38352347858	1	0	1.0	1.102673129292801
173504.31972142155	2000.0	941.0638020572567	0.0	0	0.0	2445.383523478551	1	0	1.0	1.7958203098527492
174252.24144663833	2000.0	1193.1420768404573	0.0	0	0.0	2445.383523478522	1	0	1.0	1.7958203098527525
175058.0175923451	2000.0	1387.3659311336935	0.0	0	0.0	2445.383523478551	1	0	1.0	1.7958203098527492
175539.60304551802	2000.0	1905.780477960796	0.0	0	0.0	2445.38352347858	1	0	1.0	1.7958203098527479
176250.09472348422	3000.0	2195.288799994602	0.0	0	0.0	2445.3835234786093	1	0	1.0	1.795820309852743
177521.80744224988	3000.0	1923.576081228944	0.0	0	0.0	2445.3835234786384	1	0	1.0	2.2012854179609045
178933.2266031431	3000.0	1512.1569203357535	0.0	0	0.0	2445.3835234786384	1	0	1.0	2.2012854179609045
180273.12727893583	3000.0	1172.2562445429867	0.0	0	0.0	2445.3835234786384	1	0	1.0	2.2012854179609045
181037.3821044205	2000.0	1408.0014190583138	0.0	0	0.0	2445.3835234786675	1	0	1.0	1.3903552017445722
182286.65378044505	2000.0	1158.7297430337749	0.0	0	0.0	2445.3835234786675	1	0	1.0	1.7958203098527368
183428.39158231948	2000.0	1016.9919411593573	0.0	0	0.0	2445.3835234786675	1	0	1.0	1.7958203098527368
184272.40086418594	1000.0	1172.9826592929144	0.0	0	0.0	2445.3835234786675	1	0	1.0	0.4095259487328464
184708.44412051185	1000.0	1736.939402966998	0.0	0	0.0	2445.3835234786675	1	0	1.0	1.1026731292927916
185722.18240636945	2000.0	1723.2011171094177	0.0	0	0.0	2445.3835234786675	1	0	1.0	1.1026731292927916
186411.80087929073	2000.0	2033.5826441881557	0.0	0	0.0	2445.3835234786675	1	0	1.0	1.7958203098527368
187325.07877546526	2000.0	2120.3047480136265	0.0	0	0.0	2445.3835234786675	1	0	1.0	1.7958203098527368
188456.7047893823	2000.0	1988.678734096587	0.0	0	0.0	2445.3835234786384	1	0	1.0	1.7958203098527399
189200.0	2000.0	2245.3835234788507	0.0	0	170.76326653989963	2445.3835234786384	1	0	1.0	1.7958203098527399
190624.95846616928	3000.0	1820.4250573095421	0.0	0	0.0	2445.3835234786093	1	0	1.0	1.7958203098527405
191466.6698544134	2000.0	1978.71366906544	0.0	0	0.0	2445.3835234786093	1	0	1.0	1.3903552017445782
192200.0	3000.0	2245.3835234788526	0.0	0	14.55205282967654	2445.3835234786093	1	0	1.0	1.795820309852743
193856.7728563867	3000.0	1588.6106670921465	0.0	0	0.0	2445.3835234786384	1	0	1.0	2.2012854179609045
194810.26166321614	3000.0	1635.121860262721	0.0	0	0.0	2445.3835234786384	1	0	1.0	2.2012854179609045
196165.51333156388	3000.0	1279.870191914936	0.0	0	0.0	2445.3835234786093	1	0	1.0	2.2012854179609076
196820.9354487861	2000.0	1624.4480746927418	0.0	0	0.0	2445.3835234786093	1	0	1.0	1.3903552017445782
198156.23301588531	3000.0	1289.1505075934997	0.0	0	0.0	2445.3835234786093	1	0	1.0	1.795820309852743
198863.28357420754	2000.0	1582.099949271306	0.0	0	0.0	2445.38352347858	1	0	1.0	1.3903552017445815
199357.44315671982	2000.0	2087.9403667590477	0.0	0	0.0	2445.3835234786093	1	0	1.0	1.7958203098527428
200200.0	3000.0	2245.383523478827	0.0	0	64.23226213004091	2445.3835234786093	1	0	1.0	1.795820309852743
201255.47512494432	3000.0	2189.908398534494	0.0	0	0.0	2445.3835234786093	1	0	1.0	2.2012854179609076
202724.6888418376	3000.0	1720.694681641218	0.0	0	0.0	2445.3835234786093	1	0	1.0	2.2012854179609076
203751.87615775506	3000.0	1693.5073657237367	0.0	0	0.0	2445.3835234786093	1	0	1.0	2.2012854179609076
204694.2982929893	3000.0	1751.085230489487	0.0	0	0.0	2445.3835234786093	1	0	1.0	2.2012854179609076
205621.67914684615	3000.0	1823.7043766326274	0.0	0	0.0	2445.3835234786384	1	0	1.0	2.2012854179609063
206501.41566331472	3000.0	1943.9678601640178	0.0	0	0.0	2445.3835234786384	1	0	1.0	2.2012854179609045
207350.86516694672	3000.0	2094.518356532014	0.0	0	0.0	2445.3835234786384	1	0	1.0	2.2012854179609045
208620.20286395017	3000.0	1825.1806595285623	0.0	0	0.0	2445.3835234786384	1	0	1.0	2.2012854179609045
210298.07107868395	3000.0	1147.3124447947853	0.0	0	0.0	2445.3835234786093	1	0	1.0	2.201285417960907
211383.23954762935	2000.0	1062.1439758493818	0.0	0	0.0	2445.3835234786093	1	0	1.0	1.3903552017445782
212267.78179837883	2000.0	1177.6017250998902	0.0	0	0.0	2445.3835234786093	1	0	1.0	1.7958203098527428
212982.8955467465	2000.0	1462.4879767322448	0.0	0	0.0	2445.3835234786384	1	0	1.0	1.7958203098527399
213555.1112088389	2000.0	1890.272314639827	0.0	0	0.0	2445.3835234786093	1	0	1.0	1.7958203098527408
214301.75751668954	3000.0	2143.6260067892076	0.0	0	0.0	2445.3835234786093	1	0	1.0	1.795820309852743
215200.0	3000.0	2245.3835234787457	0.0	0	393.2514021334355	2445.3835234786093	1	0	1.0	2.2012854179609076
216200.0	3000.0	2245.383523478712	0.0	0	119.37532562334673	2445.38352347858	1	0	1.0	2.2012854179609107
217200.0	3000.0	2245.383523478699	0.0	0	151.27122846164275	2445.383523478551	1	0	1.0	2.201285417960914
218284.34135193666	3000.0	2161.0421715420343	0.0	0	0.0	2445.383523478551	1	0	1.0	2.201285417960914
220627.16399312118	3000.0	818.2195303575132	0.0	0	0.0	2445.383523478551	1	0	1.0	2.201285417960914
221629.85556889584	2000.0	815.5279545828437	0.0	0	0.0	2445.38352347858	1	0	1.0	1.390355201744584
223618.60565873617	2000.0	270.42855373155976	443.65068898905025	0	0.0	2889.0342124677263	1	0	1.0	-0.9121497802822633
224809.55106514244	2000.0	392.3532094783126	312.87006215299016	0	0.0	3201.904274620756	1	0	1.0	-0.19991855979163797
226103.87655791975	2000.0	261.90792713408337	163.88021043305758	0	0.0	3365.784485053824	1	0	1.0	0.65585494303311
227352.12526338102	2000.0	354.57057666791366	340.9113549950789	0	0.0	3706.695840048924	1	0	1.0	-0.5051737640457576
228055.2940189453	2000.0	671.180423536042	19.778602432416847	0	0.0	3726.4744424813252	1	0	1.0	1.4149811581441818
229035.2960513558	2000.0	691.1783911255541	0.0	0	0.0	3726.4744424813543	1	0	1.0	1.533652772738673
229712.07374326128	2000.0	1014.4006992200813	0.0	0	0.0	3726.4744424813543	1	0	1.0	1.533652772738673
230364.85852893488	2000.0	1361.615913546499	0.0	0	0.0	3726.4744424813543	1	0	1.0	1.533652772738673
231234.8840263039	2000.0	1491.5904161775031	0.0	0	0.0	3726.4744424813834	1	0	1.0	1.533652772738663
232098.092124972	2000.0	1628.3823175093617	0.0	0	0.0	3726.4744424813834	1	0	1.0	1.533652772738663
232847.01183780373	2000.0	1879.4626046776284	0.0	0	0.0	3726.4744424813543	1	0	1.0	1.533652772738671
233867.71183824525	2000.0	1858.7626042361144	0.0	0	0.0	3726.4744424813543	1	0	1.0	1.533652772738673
234667.10265351206	2000.0	2059.371788969288	0.0	0	0.0	3726.4744424813543	1	0	1.0	1.533652772738673
236270.52653782238	2000.0	1455.947904658944	0.0	0	0.0	3726.4744424813543	1	0	1.0	1.533652772738673
237340.03641991285	2000.0	1386.4380225685027	0.0	0	0.0	3726.4744424813834	1	0	1.0	1.533652772738663
238945.66504845396	2000.0	780.8093940274053	0.0	0	0.0	3726.4744424813834	1	0	1.0	1.533652772738663
239902.4828525	2000.0	823.9915899813634	0.0	0	0.0	3726.4744424813834	1	0	1.0	1.533652772738663
240738.06958527793	2000.0	988.4048572034363	0.0	0	0.0	3726.4744424814417	1	0	1.0	1.5336527727386473
241575.65214056682	2000.0	1150.8223019145887	0.0	0	0.0	3726.4744424814417	1	0	1.0	1.5336527727386433
242846.6315980306	2000.0	879.8428444508178	0.0	0	0.0	3726.4744424814417	1	0	1.0	1.5336527727386433
243838.6374227681	2000.0	887.83701971331	0.0	0	0.0	3726.4744424814126	1	0	1.0	1.5336527727386495
244737.91197228082	2000.0	988.562470200603	0.0	0	0.0	3726.4744424814126	1	0	1.0	1.5336527727386535
245461.9833921778	2000.0	1264.4910503036215	0.0	0	0.0	3726.4744424814126	1	0	1.0	1.5336527727386535
246177.45372685895	2000.0	1549.0207156224724	0.0	0	0.0	3726.4744424814126	1	0	1.0	1.5336527727386535
247151.96560377147	2000.0	1574.5088387099509	0.0	0	0.0	3726.4744424814126	1	0	1.0	1.5336527727386535
248085.84756561954	2000.0	1640.6268768618945	0.0	0	0.0	3726.4744424814126	1	0	1.0	1.5336527727386535
248720.91085456157	2000.0	2005.5635879198792	0.0	0	0.0	3726.4744424814417	1	0	1.0	1.5336527727386455
249408.61321666298	2000.0	2317.861225818493	0.0	0	0.0	3726.4744424814417	1	0	1.0	1.5336527727386433
250139.46486234118	2000.0	2587.0095801402863	0.0	0	0.0	3726.4744424814417	1	0	1.0	1.5336527727386433
250835.09647883498	2000.0	2891.3779636464938	0.0	0	0.0	3726.4744424814417	1	0	1.0	1.5336527727386433
251526.26101377854	2000.0	3200.2134287029385	0.0	0	0.0	3726.4744424814708	1	0	1.0	1.5336527727386338
252742.2332684966	3000.0	2984.241173984868	0.0	0	0.0	3726.4744424814708	1	0	1.0	1.533652772738634
254142.5200184342	3000.0	2583.954424047266	0.0	0	0.0	3726.4744424814126	1	0	1.0	1.9391178808468161
255270.42834450782	3000.0	2456.046097973633	0.0	0	0.0	3726.4744424813834	1	0	1.0	1.939117880846828
256564.27158253326	3000.0	2162.2028599481746	0.0	0	0.0	3726.4744424813543	1	0	1.0	1.939117880846838
258007.12753585938	3000.0	1719.34690662205	0.0	0	0.0	3726.4744424813543	1	0	1.0	1.939117880846838
258729.15789979688	2000.0	1997.3165426845658	0.0	0	0.0	3726.4744424813252	1	0	1.0	1.1281876646305182
259655.5757497299	2000.0	2070.8986927515143	0.0	0	0.0	3726.474442481296	1	0	1.0	1.5336527727386928
260423.40649158988	2000.0	2303.067950891533	0.0	0	0.0	3726.474442481296	1	0	1.0	1.5336527727386928
261078.35875462182	2000.0	2648.115687859592	0.0	0	0.0	3726.474442481267	1	0	1.0	1.5336527727387026
262437.0305167387	3000.0	2289.443925742648	0.0	0	0.0	3726.474442481209	1	0	1.0	1.5336527727387086
263465.68844304956	3000.0	2260.7859994317673	0.0	0	0.0	3726.4744424811797	1	0	1.0	1.9391178808468892
264561.93756184203	3000.0	2164.5368806393544	0.0	0	0.0	3726.474442481238	1	0	1.0	1.9391178808468892
266052.54739692435	3000.0	1673.9270455570286	0.0	0	0.0	3726.474442481238	1	0	1.0	1.9391178808468732
267127.5193983217	2000.0	1598.9550441596634	0.0	0	0.0	3726.474442481238	1	0	1.0	1.128187664630548
268114.5206833896	2000.0	1611.9537590917434	0.0	0	0.0	3726.4744424811797	1	0	1.0	1.5336527727387321
269097.19199573714	2000.0	1629.2824467442572	0.0	0	0.0	3726.474442481238	1	0	1.0	1.5336527727387126
269994.6189189986	2000.0	1731.855523482857	0.0	0	0.0	3726.474442481238	1	0	1.0	1.5336527727387126
270615.2858327282	2000.0	2111.1886097532415	0.0	0	0.0	3726.474442481238	1	0	1.0	1.5336527727387126
271225.2204179546	2000.0	2501.2540245268656	0.0	0	0.0	3726.474442481238	1	0	1.0	1.5336527727387126
272207.98910898675	2000.0	2518.4853334947234	0.0	0	0.0	3726.474442481238	1	0	1.0	1.5336527727387126
273030.8338252444	2000.0	2695.6406172370193	0.0	0	0.0	3726.4744424811797	1	0	1.0	1.5336527727387321
274548.6068412687	3000.0	2177.8676012126707	0.0	0	0.0	3726.4744424811797	1	0	1.0	1.5336527727387324
275566.7782039892	2000.0	2159.696238492187	0.0	0	0.0	3726.4744424811215	1	0	1.0	1.1281876646305715
276720.1016358723	2000.0	2006.372806609072	0.0	0	0.0	3726.4744424811797	1	0	1.0	1.5336527727387321
277540.7580342621	2000.0	2185.716408219355	0.0	0	0.0	3726.4744424811797	1	0	1.0	1.5336527727387321
278722.28475673456	2000.0	2004.1896857468735	0.0	0	0.0	3726.4744424811797	1	0	1.0	1.5336527727387321
279762.3191942247	2000.0	1964.1552482566808	0.0	0	0.0	3726.4744424811215	1	0	1.0	1.533652772738744
280548.437653226	2000.0	2178.0367892554223	0.0	0	0.0	3726.4744424811797	1	0	1.0	1.5336527727387321
281633.8168527221	2000.0	2092.657589759414	0.0	0	0.0	3726.4744424811797	1	0	1.0	1.5336527727387321
282528.3399475935	2000.0	2198.1344948879964	0.0	0	0.0	3726.4744424811797	1	0	1.0	1.5336527727387321
283239.43874050834	2000.0	2487.03570197316	0.0	0	0.0	3726.4744424811797	1	0	1.0	1.5336527727387321
284375.0342909016	2000.0	2351.4401515798727	0.0	0	0.0	3726.4744424811215	1	0	1.0	1.533652772738752
285061.38387937634	2000.0	2665.0905631052	0.0	0	0.0	3726.4744424811797	1	0	1.0	1.5336527727387321
285869.05203846557	2000.0	2857.422404015967	0.0	0	0.0	3726.4744424811797	1	0	1.0	1.5336527727387321
286863.66348270484	3000.0	2862.810959776729	0.0	0	0.0	3726.474442481238	1	0	1.0	1.5336527727387126
287606.0602486266	3000.0	3120.414193855014	0.0	0	0.0	3726.474442481238	1	0	1.0	1.9391178808468772
288455.09992674086	3000.0	3271.3745157408084	0.0	0	0.0	3726.474442481238	1	0	1.0	1.9391178808468772
289722.97919745126	3000.0	3003.4952450303686	0.0	0	0.0	3726.4744424811797	1	0	1.0	1.9391178808468852
290656.05805641855	3000.0	3070.4163860630474	0.0	0	0.0	3726.4744424811215	1	0	1.0	1.939117880846905
291764.8770096812	3000.0	2961.5974328003663	0.0	0	0.0	3726.4744424810633	1	0	1.0	1.9391178808469247
293693.56348382746	3000.0	2032.9109586541408	0.0	0	0.0	3726.4744424811215	1	0	1.0	1.9391178808469167
294679.9234240832	3000.0	2046.551018398359	0.0	0	0.0	3726.4744424810633	1	0	1.0	1.9391178808469365
295727.82181603514	3000.0	1998.6526264464032	0.0	0	0.0	3726.474442481005	1	0	1.0	1.9391178808469443
296691.85249199707	2000.0	2034.6219504845449	0.0	0	0.0	3726.4744424810633	1	0	1.0	1.128187664630607
297331.2676410427	2000.0	2395.206801438956	0.0	0	0.0	3726.4744424810633	1	0	1.0	1.5336527727387717
298040.19736911735	2000.0	2686.2770733642737	0.0	0	0.0	3726.474442481005	1	0	1.0	1.5336527727387914
299150.712194706	2000.0	2575.7622477756227	0.0	0	0.0	3726.4744424810633	1	0	1.0	1.5336527727387717
299853.1999763335	2000.0	2873.274466148212	0.0	0	0.0	3726.4744424810633	1	0	1.0	1.5336527727387717
301495.04424250417	3000.0	2231.4301999775153	0.0	0	0.0	3726.4744424811215	1	0	1.0	1.533652772738756
302463.8089160336	3000.0	2262.66552644814	0.0	0	0.0	3726.4744424811797	1	0	1.0	1.939117880846897
303540.33469428006	3000.0	2186.139748201629	0.0	0	0.0	3726.4744424811797	1	0	1.0	1.939117880846897
304343.9288194555	3000.0	2382.5456230261543	0.0	0	0.0	3726.4744424811797	1	0	1.0	1.939117880846897
305909.2790321797	3000.0	1817.1954103019389	0.0	0	0.0	3726.474442481238	1	0	1.0	1.9391178808468772
306729.7494067721	2000.0	1996.7250357095427	0.0	0	0.0	3726.474442481238	1	0	1.0	1.128187664630548
308202.73223213817	3000.0	1523.7422103434526	0.0	0	0.0	3726.474442481238	1	0	1.0	1.5336527727387126
309797.3230790027	2000.0	929.1513634789321	0.0	0	0.0	3726.4744424811797	1	0	1.0	1.1281876646305675
311541.91611731215	2000.0	206.07411242915703	21.515787259679314	0	0.0	3747.9902297408553	1	0	1.0	1.4016191356082588
2.889276595744681	1.7972765957446808	2.229276595744681	2.865276595744681	2.0732765957446806	1.185276595744681	1.1492765957446809	1.2212765957446807	2.2412765957446807	2.301276595744681	1.8932765957446809	1.5812765957446808	1.677276595744681	1.7972765957446808	0.48927659574468096	1.6172765957446809	1.6412765957446809	2.541276595744681	2.1932765957446807	2.157276595744681	3.4532765957446805	4.37727659574468	3.033276595744681	2.493276595744681	1.5572765957446808	1.917276595744681	2.2412765957446807	1.2932765957446808	1.3292765957446808	1.0892765957446808	2.1932765957446807	3.7172765957446807	2.2532765957446808	2.409276595744681	3.081276595744681	2.7692765957446808	2.8052765957446812	3.5732765957446806	1.8212765957446808	2.6972765957446807	3.2972765957446803	2.0492765957446806	3.1892765957446807	2.8052765957446812	3.5012765957446805	3.5852765957446806	2.233333333333333	2.2933333333333334	2.329333333333333	3.0733333333333333	3.7213333333333334	4.621333333333332	3.1213333333333333	3.2173333333333334	2.905333333333333	1.9213333333333336	2.377333333333333	3.0613333333333337	3.5533333333333332	4.501333333333333	5.701333333333333	4.225333333333333	2.7733333333333334	2.5453333333333332	1.4173333333333336	0.5293333333333332	2.449333333333333	0.9253333333333333	0.9613333333333334	2.029333333333333	2.185333333333334	1.8013333333333335	2.1493333333333333	2.2933333333333334	3.0853333333333337	3.8053333333333335	2.5453333333333332	2.497333333333333	1.7173333333333334	2.5933333333333333	1.2373333333333334	1.5253333333333332	2.6293333333333333	1.3573333333333335	1.6213333333333333	2.329333333333333	2.2453333333333334	1.4533333333333334	2.2656363636363634	2.2236363636363636	2.2816363636363635	2.2756363636363632	2.2816363636363635	2.2216363636363634	2.4616363636363636	2.493636363636363	2.3256363636363635	2.4196363636363634	2.5136363636363632	2.3396363636363633	2.3776363636363635	2.4076363636363634	2.3236363636363633	2.4516363636363634	2.6876363636363636	2.9756363636363634	3.0336363636363632	2.4056363636363636	2.4516363636363634	2.5276363636363635	2.3476363636363633	2.3336363636363635	2.4076363636363634	2.4716363636363634	2.2176363636363634	2.4756363636363634	2.5636363636363635	2.5376363636363632	2.5596363636363635	2.2456363636363634	2.1056363636363633	2.203636363636363	2.2376363636363634	2.243636363636363	2.3256363636363635	2.4796363636363634	2.3816363636363636	2.3916363636363633	2.4476363636363634	2.2296363636363634	2.4076363636363634	2.5496363636363633	4.58	3.86	2.12	3.008	2.984	1.556	2.108	2.2520000000000002	2.7800000000000002	1.964	2.312	2.528	2.456	3.0919999999999996	1.316	2.552	2.732	1.725276595744681	2.889276595744681	1.7972765957446808	2.229276595744681	2.865276595744681	2.0732765957446806	1.185276595744681	1.1492765957446809	1.2212765957446807	2.2412765957446807	2.301276595744681	1.8932765957446809	1.5812765957446808	1.677276595744681	1.7972765957446808	0.48927659574468096	1.6172765957446809	1.6412765957446809	2.541276595744681	2.1932765957446807	2.157276595744681	3.4532765957446805	4.37727659574468	3.033276595744681	2.493276595744681	1.5572765957446808	1.917276595744681	2.2412765957446807	1.2932765957446808	1.3292765957446808	1.0892765957446808	2.1932765957446807	3.7172765957446807	2.2532765957446808	2.409276595744681	3.081276595744681	2.7692765957446808	2.8052765957446812	3.5732765957446806	1.8212765957446808	2.6972765957446807	3.2972765957446803	2.0492765957446806	3.1892765957446807	2.8052765957446812	3.5012765957446805	3.5852765957446806	2.233333333333333	2.2933333333333334	2.329333333333333	3.0733333333333333	3.7213333333333334	4.621333333333332	3.1213333333333333	3.2173333333333334	2.905333333333333	1.9213333333333336	2.377333333333333	3.0613333333333337	3.5533333333333332	4.501333333333333	5.701333333333333	4.225333333333333	2.7733333333333334	2.5453333333333332	1.4173333333333336	0.5293333333333332	2.449333333333333	0.9253333333333333	0.9613333333333334	2.029333333333333	2.185333333333334	1.8013333333333335	2.1493333333333333	2.2933333333333334	3.0853333333333337	3.8053333333333335	2.5453333333333332	2.497333333333333	1.7173333333333334	2.5933333333333333	1.2373333333333334	1.5253333333333332	2.6293333333333333	1.3573333333333335	1.6213333333333333	2.329333333333333	2.2453333333333334	1.4533333333333334	2.2656363636363634	2.2236363636363636	2.2816363636363635	2.2756363636363632	2.2816363636363635	2.2216363636363634	2.4616363636363636	2.493636363636363	2.3256363636363635	2.4196363636363634	2.5136363636363632	2.3396363636363633	2.3776363636363635	2.4076363636363634	2.3236363636363633	2.4516363636363634	2.6876363636363636	2.9756363636363634	3.0336363636363632	2.4056363636363636	2.4516363636363634	2.5276363636363635	2.3476363636363633	2.3336363636363635	2.4076363636363634	2.4716363636363634	2.2176363636363634	2.4756363636363634	2.5636363636363635	2.5376363636363632	2.5596363636363635	2.2456363636363634	2.1056363636363633	2.203636363636363	2.2376363636363634	2.243636363636363	2.3256363636363635	2.4796363636363634	2.3816363636363636	2.3916363636363633	2.4476363636363634	2.2296363636363634	2.4076363636363634	2.5496363636363633	4.58	3.86	2.12	3.008	2.984	1.556	2.108	2.2520000000000002	2.7800000000000002	1.964	2.312	2.528	2.456	3.0919999999999996	1.316	2.552	2.732	1.725276595744681	2.889276595744681	1.7972765957446808	2.229276595744681	2.865276595744681	2.0732765957446806	1.185276595744681	1.1492765957446809	1.2212765957446807	2.2412765957446807
1.0	2.0	3.0	4.0	5.0	6.0	7.0	8.0	9.0	10.0	11.0	12.0	13.0	14.0	15.0	16.0	17.0	18.0	19.0	20.0	21.0	22.0	23.0	24.0	25.0	26.0	27.0	28.0	29.0	30.0	31.0	32.0	33.0	34.0	35.0	36.0	37.0	38.0	39.0	40.0	41.0	42.0	43.0	44.0	45.0	46.0	47.0	48.0	49.0	50.0	51.0	52.0	53.0	54.0	55.0	56.0	57.0	58.0	59.0	60.0	61.0	62.0	63.0	64.0	65.0	66.0	67.0	68.0	69.0	70.0	71.0	72.0	73.0	74.0	75.0	76.0	77.0	78.0	79.0	80.0	81.0	82.0	83.0	84.0	85.0	86.0	87.0	88.0	89.0	90.0	91.0	92.0	93.0	94.0	95.0	96.0	97.0	98.0	99.0	100.0	101.0	102.0	103.0	104.0	105.0	106.0	107.0	108.0	109.0	110.0	111.0	112.0	113.0	114.0	115.0	116.0	117.0	118.0	119.0	120.0	121.0	122.0	123.0	124.0	125.0	126.0	127.0	128.0	129.0	130.0	131.0	132.0	133.0	134.0	135.0	136.0	137.0	138.0	139.0	140.0	141.0	142.0	143.0	144.0	145.0	146.0	147.0	148.0	149.0	149.0	150.0	151.0	152.0	153.0	154.0	155.0	156.0	157.0	158.0	159.0	160.0	161.0	162.0	163.0	164.0	165.0	166.0	167.0	168.0	169.0	170.0	171.0	172.0	173.0	174.0	175.0	176.0	177.0	178.0	179.0	180.0	181.0	182.0	183.0	184.0	185.0	186.0	187.0	188.0	189.0	190.0	191.0	192.0	193.0	194.0	195.0	196.0	197.0	198.0	199.0	200.0	201.0	202.0	203.0	204.0	205.0	206.0	207.0	208.0	209.0	210.0	211.0	212.0	213.0	214.0	215.0	216.0	217.0	218.0	219.0	220.0	221.0	222.0	223.0	224.0	225.0	226.0	227.0	228.0	229.0	230.0	231.0	232.0	233.0	234.0	235.0	236.0	237.0	238.0	239.0	240.0	241.0	242.0	243.0	244.0	245.0	246.0	247.0	248.0	249.0	250.0	251.0	252.0	253.0	254.0	255.0	256.0	257.0	258.0	259.0	260.0	261.0	262.0	263.0	264.0	265.0	266.0	267.0	268.0	269.0	270.0	271.0	272.0	273.0	274.0	275.0	276.0	277.0	278.0	279.0	280.0	281.0	282.0	283.0	284.0	285.0	286.0	287.0	288.0	289.0	290.0	291.0	292.0	293.0	294.0	295.0	296.0	297.0	298.0	298.0	299.0	300.0	301.0	302.0	303.0	304.0	305.0	306.0	307.0
5476.768244872215
