5165.7643311827915	500.0	2000.0	149.42324761374852	0	0.0	3165.7643311827915	1	0	1.0	-7.102096707223957
6299.954600466229	3000.0	1865.809730716563	0.0	0	0.0	3165.7643311827924	1	0	1.0	0.29870835869299606
7153.968324548935	2000.0	2011.796006633857	0.0	0	0.0	3165.7643311827924	1	0	1.0	1.279537611704722
8187.964521601218	3000.0	1977.7998095815751	0.0	0	0.0	3165.7643311827924	1	0	1.0	1.6850027198128865
9075.733964915044	3000.0	2090.030366267748	0.0	0	0.0	3165.7643311827915	1	0	1.0	2.0904678279210516
10355.278560915638	3000.0	1810.4857702671538	0.0	0	0.0	3165.7643311827915	1	0	1.0	2.0904678279210516
11214.29606555173	3000.0	1951.468265631061	0.0	0	0.0	3165.7643311827924	1	0	1.0	2.0904678279210516
11948.215690506173	3000.0	2217.54864067662	0.0	0	0.0	3165.7643311827924	1	0	1.0	2.090467827921051
13096.100029634343	3000.0	2069.66430154845	0.0	0	0.0	3165.7643311827924	1	0	1.0	2.090467827921051
14238.518687411379	3000.0	1927.2456437714143	0.0	0	0.0	3165.7643311827924	1	0	1.0	2.090467827921051
15428.854319143516	3000.0	1736.9100120392761	0.0	0	0.0	3165.7643311827924	1	0	1.0	2.090467827921051
16196.288866082785	3000.0	1969.475465100008	0.0	0	0.0	3165.7643311827924	1	0	1.0	2.090467827921051
17220.86608368824	3000.0	1944.898247494553	0.0	0	0.0	3165.7643311827924	1	0	1.0	2.090467827921051
18157.879280346853	3000.0	2007.8850508359417	0.0	0	0.0	3165.764331182794	1	0	1.0	2.090467827921051
18957.953968793827	3000.0	2207.8103623889674	0.0	0	0.0	3165.7643311827924	1	0	1.0	2.090467827921051
19833.64547697219	3000.0	2332.1188542106033	0.0	0	0.0	3165.7643311827924	1	0	1.0	2.090467827921051
20935.279616131393	3000.0	2230.4847150513983	0.0	0	0.0	3165.7643311827887	1	0	1.0	2.090467827921052
21611.611060938732	3000.0	2554.153270244059	0.0	0	0.0	3165.764331182785	1	0	1.0	2.090467827921053
22521.050022638985	3000.0	2644.71430854381	0.0	0	0.0	3165.7643311827887	1	0	1.0	2.090467827921052
23770.898166844523	3000.0	2394.8661643382784	0.0	0	0.0	3165.7643311827887	1	0	1.0	2.090467827921052
24821.6008190329	3000.0	2344.163512149896	0.0	0	0.0	3165.7643311827887	1	0	1.0	2.090467827921052
25741.952491192755	3000.0	2423.8118399900454	0.0	0	0.0	3165.7643311827887	1	0	1.0	2.090467827921052
26784.176127665087	3000.0	2381.588203517712	0.0	0	0.0	3165.764331182785	1	0	1.0	2.090467827921053
27587.58392951793	3000.0	2578.180401664869	0.0	0	0.0	3165.764331182785	1	0	1.0	2.090467827921053
28388.056984273695	3000.0	2777.7073469091024	0.0	0	0.0	3165.764331182785	1	0	1.0	2.090467827921053
29200.0	3000.0	2965.7643311827987	0.0	0	100.8445649810019	3165.764331182785	1	0	1.0	2.090467827921053
30216.222159070167	3000.0	2949.5421721126313	0.0	0	0.0	3165.7643311827815	1	0	1.0	2.090467827921054
31200.0	3000.0	2965.764331182793	0.0	0	38.264643269194494	3165.764331182778	1	0	1.0	2.0904678279210542
32200.0	3000.0	2965.7643311827956	0.0	0	52.24896775238085	3165.764331182778	1	0	1.0	2.0904678279210542
33200.0	3000.0	2965.764331182795	0.0	0	9.897979060406215	3165.764331182774	1	0	1.0	2.0904678279210547
34200.0	3000.0	2965.764331182796	0.0	0	286.7299813704958	3165.7643311827705	1	0	1.0	2.090467827921056
35200.0	3000.0	2965.7643311827896	0.0	0	244.14869268606708	3165.7643311827633	1	0	1.0	2.0904678279210573
36200.0	3000.0	2965.7643311827874	0.0	0	56.50090415451996	3165.7643311827633	1	0	1.0	2.090467827921058
37200.0	3000.0	2965.764331182784	0.0	0	204.76846700158785	3165.7643311827633	1	0	1.0	2.0904678279210565
38200.0	3000.0	2965.76433118278	0.0	0	209.9177417814135	3165.764331182756	1	0	1.0	2.090467827921059
39200.0	3000.0	2965.764331182778	0.0	0	60.36127732750174	3165.7643311827487	1	0	1.0	2.0904678279210605
40200.0	3000.0	2965.7643311827846	0.0	0	108.12206727192824	3165.7643311827487	1	0	1.0	2.0904678279210605
41274.638671797344	3000.0	2891.125659385441	0.0	0	0.0	3165.7643311827487	1	0	1.0	2.0904678279210605
42200.0	3000.0	2965.7643311827815	0.0	0	267.28888381057914	3165.7643311827487	1	0	1.0	2.0904678279210605
43200.0	3000.0	2965.7643311827837	0.0	0	260.7605260107521	3165.7643311827487	1	0	1.0	2.0904678279210605
44200.0	3000.0	2965.7643311827806	0.0	0	187.1045720511902	3165.7643311827487	1	0	1.0	2.0904678279210605
45200.0	3000.0	2965.764331182777	0.0	0	212.59345445191138	3165.7643311827487	1	0	1.0	2.0904678279210605
46200.0	3000.0	2965.7643311827715	0.0	0	313.5129239963062	3165.7643311827487	1	0	1.0	2.0904678279210605
47730.83748010527	3000.0	2434.9268510774987	0.0	0	0.0	3165.7643311827487	1	0	1.0	2.0904678279210605
48874.369946372746	3000.0	2291.3943848100253	0.0	0	0.0	3165.764331182756	1	0	1.0	2.090467827921059
50010.12411082581	3000.0	2155.6402203569637	0.0	0	0.0	3165.764331182756	1	0	1.0	2.090467827921059
50570.590035125584	3000.0	2595.174296057191	0.0	0	0.0	3165.764331182756	1	0	1.0	2.090467827921059
52094.738094053035	3000.0	2071.0262371297376	0.0	0	0.0	3165.764331182756	1	0	1.0	2.090467827921059
52929.003419002736	3000.0	2236.76091218003	0.0	0	0.0	3165.764331182756	1	0	1.0	2.090467827921059
53768.508166828586	3000.0	2397.256164354184	0.0	0	0.0	3165.764331182756	1	0	1.0	2.090467827921059
54685.20174338821	3000.0	2480.5625877945636	0.0	0	0.0	3165.764331182756	1	0	1.0	2.090467827921059
56056.32722991482	3000.0	2109.4371012679535	0.0	0	0.0	3165.764331182756	1	0	1.0	2.090467827921059
57585.14167641531	3000.0	1580.622654767467	0.0	0	0.0	3165.764331182756	1	0	1.0	2.090467827921059
58309.393593420704	2000.0	1856.3707377620667	0.0	0	0.0	3165.764331182756	1	0	1.0	1.2795376117047295
59213.940203186736	2000.0	1951.8241279960287	0.0	0	0.0	3165.764331182756	1	0	1.0	1.685002719812894
60211.55905860676	3000.0	1954.205272575995	0.0	0	0.0	3165.764331182756	1	0	1.0	1.6850027198128943
61188.64168838761	3000.0	1977.1226427951528	0.0	0	0.0	3165.764331182756	1	0	1.0	2.090467827921059
62268.22734174463	3000.0	1897.5369894381329	0.0	0	0.0	3165.7643311827487	1	0	1.0	2.0904678279210605
63467.84086893105	3000.0	1697.923462251707	0.0	0	0.0	3165.7643311827487	1	0	1.0	2.0904678279210605
64203.05854896377	3000.0	1962.705782218994	0.0	0	0.0	3165.7643311827414	1	0	1.0	2.090467827921062
64779.19418024131	3000.0	2386.570150941451	0.0	0	0.0	3165.7643311827414	1	0	1.0	2.090467827921062
66492.22325411648	3000.0	1673.5410770662625	0.0	0	0.0	3165.764331182727	1	0	1.0	2.0904678279210636
67662.45663744453	3000.0	1503.3076937382182	0.0	0	0.0	3165.764331182727	1	0	1.0	2.090467827921064
69410.99581123274	3000.0	754.7685199499881	0.0	0	0.0	3165.764331182727	1	0	1.0	2.090467827921065
70365.65388413583	2000.0	800.1104470468994	0.0	0	0.0	3165.7643311827414	1	0	1.0	1.2795376117047326
71114.28544469622	2000.0	1051.478886486522	0.0	0	0.0	3165.7643311827414	1	0	1.0	1.6850027198128972
71592.772557758	2000.0	1572.9917734247263	0.0	0	0.0	3165.7643311827414	1	0	1.0	1.6850027198128972
72270.21444239705	2000.0	1895.54988878568	0.0	0	0.0	3165.7643311827414	1	0	1.0	1.6850027198128972
73645.68076645688	3000.0	1520.08356472585	0.0	0	0.0	3165.764331182756	1	0	1.0	1.6850027198128943
74732.64482010267	2000.0	1433.1195110800606	0.0	0	0.0	3165.7643311827414	1	0	1.0	1.2795376117047326
75504.64914581823	2000.0	1661.1151853644947	0.0	0	0.0	3165.764331182727	1	0	1.0	1.6850027198129003
76204.59079087761	3000.0	1961.1735403051268	0.0	0	0.0	3165.764331182727	1	0	1.0	1.6850027198129005
76870.76027786579	2000.0	2295.004053316935	0.0	0	0.0	3165.764331182727	1	0	1.0	1.2795376117047357
77781.47508639362	3000.0	2384.2892447891177	0.0	0	0.0	3165.764331182727	1	0	1.0	1.6850027198129005
78989.47421936056	3000.0	2176.29011182217	0.0	0	0.0	3165.7643311827123	1	0	1.0	2.090467827921068
80099.19481790965	3000.0	2066.569513273082	0.0	0	0.0	3165.764331182698	1	0	1.0	2.090467827921071
80930.95791457294	3000.0	2234.8064166097793	0.0	0	0.0	3165.764331182698	1	0	1.0	2.090467827921071
81622.74823056943	3000.0	2543.0161006132976	0.0	0	0.0	3165.764331182698	1	0	1.0	2.090467827921071
82653.52040719637	6000.0	2512.2439239863656	0.0	0	0.0	3165.7643311827123	1	0	1.0	2.090467827921068
84362.3197424625	6000.0	1803.4445887202387	0.0	0	0.0	3165.7643311827123	1	0	1.0	2.783615008481013
86530.17396023417	6000.0	635.5903709485619	0.0	0	0.0	3165.7643311827123	1	0	1.0	2.783615008481013
87878.13173874786	3000.0	304.2930766228126	16.660484187960037	0	0.0	3182.424815370672	1	0	1.0	1.2938382915990285
88668.79139752184	3000.0	570.8833402966062	57.24992244776166	0	0.0	3239.6747378184373	1	0	1.0	1.7309514108834403
89286.28543275343	2000.0	953.3893050650121	0.0	0	0.0	3239.6747378184373	1	0	1.0	1.2635207293536808
89901.61034611902	3000.0	1338.0643916994088	0.0	0	0.0	3239.6747378184227	1	0	1.0	1.668985837461849
91006.75215392806	3000.0	1232.9225838903778	0.0	0	0.0	3239.6747378184227	1	0	1.0	2.0744509455700135
91968.67146161538	3000.0	1271.003276203054	0.0	0	0.0	3239.6747378184227	1	0	1.0	2.0744509455700135
92643.21983579801	3000.0	1596.4549020204358	0.0	0	0.0	3239.6747378184227	1	0	1.0	2.0744509455700135
93758.55260495034	3000.0	1481.122132868108	0.0	0	0.0	3239.674737818408	1	0	1.0	2.0744509455700166
94936.71908236961	3000.0	1302.9556554488363	0.0	0	0.0	3239.674737818408	1	0	1.0	2.0744509455700166
95679.22887669383	3000.0	1560.445861124615	0.0	0	0.0	3239.6747378183936	1	0	1.0	2.07445094557002
96205.17669438879	3000.0	2034.498043429671	0.0	0	0.0	3239.6747378183936	1	0	1.0	2.07445094557002
96786.4538044203	3000.0	2453.220933398182	0.0	0	0.0	3239.674737818408	1	0	1.0	2.0744509455700166
97353.57854194162	3000.0	2886.0961958768457	0.0	0	0.0	3239.674737818408	1	0	1.0	2.0744509455700166
98200.0	3000.0	3039.674737818463	0.0	0	282.435479035179	3239.674737818408	1	0	1.0	2.0744509455700166
99557.52323403301	6000.0	2682.151503785444	0.0	0	0.0	3239.674737818408	1	0	1.0	2.0744509455700166
101572.16677198531	6000.0	1667.5079658331492	0.0	0	0.0	3239.674737818408	1	0	1.0	2.7675981261299616
103226.18297657953	3000.0	1013.4917612389337	0.0	0	0.0	3239.6747378183936	1	0	1.0	1.381303765010075
105429.91477667615	3000.0	200.0	390.2400388576911	0	0.0	3629.9147766761453	1	0	1.0	-0.2945571854493487
106335.62519161924	2000.0	651.7007609523071	357.41117589540227	0	0.0	3987.325952571555	1	0	1.0	-1.1144362355025352
107164.5082569951	2000.0	822.8176955764416	0.0	0	0.0	3987.325952571555	1	0	1.0	1.4354959279780428
107958.67860385499	2000.0	1028.6473487165445	0.0	0	0.0	3987.325952571555	1	0	1.0	1.4354959279780428
108528.63869855173	2000.0	1458.6872540197987	0.0	0	0.0	3987.325952571555	1	0	1.0	1.4354959279780428
109099.69910437353	3000.0	1887.6268481980087	0.0	0	0.0	3987.325952571555	1	0	1.0	1.4354959279780428
109658.64024499811	3000.0	2328.685707573427	0.0	0	0.0	3987.3259525715694	1	0	1.0	1.8409610360862014
110259.53724770124	3000.0	2727.7887048702914	0.0	0	0.0	3987.325952571584	1	0	1.0	1.8409610360861952
110941.35467227684	3000.0	3045.9712802947006	0.0	0	0.0	3987.325952571584	1	0	1.0	1.8409610360861952
111863.86898215761	3000.0	3123.4569704139244	0.0	0	0.0	3987.325952571584	1	0	1.0	1.8409610360861952
112496.48487451753	3000.0	3490.8410780540066	0.0	0	0.0	3987.3259525715694	1	0	1.0	1.8409610360862014
113200.0	3000.0	3787.325952571526	0.0	0	46.53636450416525	3987.3259525715694	1	0	1.0	1.8409610360862014
114200.0	3000.0	3787.3259525715134	0.0	0	377.77386626100633	3987.325952571555	1	0	1.0	1.8409610360862074
115200.0	3000.0	3787.3259525715207	0.0	0	173.7075331700471	3987.325952571555	1	0	1.0	1.8409610360862074
116200.0	3000.0	3787.3259525715225	0.0	0	106.12337026371097	3987.3259525715403	1	0	1.0	1.8409610360862132
117200.0	3000.0	3787.325952571533	0.0	0	202.95146146741172	3987.325952571555	1	0	1.0	1.8409610360862074
118200.0	3000.0	3787.3259525715375	0.0	0	342.2574400006706	3987.325952571555	1	0	1.0	1.8409610360862074
119200.0	3000.0	3787.3259525715293	0.0	0	312.9169571972743	3987.325952571555	1	0	1.0	1.8409610360862074
120906.04632596664	6000.0	3081.2796266048745	0.0	0	0.0	3987.325952571555	1	0	1.0	1.840961036086207
122107.65221220304	3000.0	2879.673740368485	0.0	0	0.0	3987.3259525715403	1	0	1.0	1.1478138555262682
123757.07313406083	3000.0	2230.2528185107194	0.0	0	0.0	3987.325952571555	1	0	1.0	1.8409610360862074
124467.95351067149	3000.0	2519.3724419000605	0.0	0	0.0	3987.325952571555	1	0	1.0	1.8409610360862074
125361.34145159583	3000.0	2625.9845009757064	0.0	0	0.0	3987.325952571555	1	0	1.0	1.8409610360862074
126103.77206029743	3000.0	2883.553892274097	0.0	0	0.0	3987.325952571555	1	0	1.0	1.8409610360862074
126843.52367829943	3000.0	3143.802274272112	0.0	0	0.0	3987.325952571555	1	0	1.0	1.8409610360862074
127894.86477812352	3000.0	3092.4611744480185	0.0	0	0.0	3987.325952571555	1	0	1.0	1.8409610360862074
128929.3522023185	3000.0	3057.9737502530384	0.0	0	0.0	3987.325952571555	1	0	1.0	1.8409610360862074
129947.55940701839	3000.0	3039.7665455531537	0.0	0	0.0	3987.325952571555	1	0	1.0	1.8409610360862074
131287.6750149074	3000.0	2699.6509376641498	0.0	0	0.0	3987.3259525715694	1	0	1.0	1.8409610360862052
132546.8386987228	3000.0	2440.487253848755	0.0	0	0.0	3987.3259525715694	1	0	1.0	1.8409610360862052
133463.02113939423	3000.0	2524.3048131773357	0.0	0	0.0	3987.3259525715985	1	0	1.0	1.8409610360861965
134448.73240028718	3000.0	2538.5935522844024	0.0	0	0.0	3987.325952571613	1	0	1.0	1.84096103608618
135492.4727673611	3000.0	2494.85318521049	0.0	0	0.0	3987.325952571613	1	0	1.0	1.8409610360861834
136472.64461012353	3000.0	2514.681342448027	0.0	0	0.0	3987.325952571613	1	0	1.0	1.8409610360861834
137668.99386569872	3000.0	2318.3320868728492	0.0	0	0.0	3987.325952571613	1	0	1.0	1.8409610360861834
138616.29070436224	3000.0	2371.03524820933	0.0	0	0.0	3987.325952571613	1	0	1.0	1.8409610360861834
139748.9504429657	3000.0	2238.3755096058935	0.0	0	0.0	3987.325952571613	1	0	1.0	1.8409610360861834
140934.13139454825	3000.0	2053.1945580233196	0.0	0	0.0	3987.325952571613	1	0	1.0	1.8409610360861834
142296.73254970633	3000.0	1690.5934028652212	0.0	0	0.0	3987.325952571613	1	0	1.0	1.8409610360861834
143270.44274887952	3000.0	1716.883203692037	0.0	0	0.0	3987.325952571613	1	0	1.0	1.8409610360861834
144424.82594418354	3000.0	1562.5000083880202	0.0	0	0.0	3987.325952571613	1	0	1.0	1.8409610360861834
145262.69905260403	3000.0	1724.6268999675135	0.0	0	0.0	3987.325952571613	1	0	1.0	1.8409610360861834
146120.2882043219	3000.0	1867.0377482496565	0.0	0	0.0	3987.325952571642	1	0	1.0	1.840961036086171
146980.23550838797	3000.0	2007.0904441835705	0.0	0	0.0	3987.325952571642	1	0	1.0	1.840961036086171
148054.09649628823	3000.0	1933.2294562832808	0.0	0	0.0	3987.325952571613	1	0	1.0	1.8409610360861834
149388.84031333076	3000.0	1598.4856392407225	0.0	0	0.0	3987.325952571613	1	0	1.0	1.8409610360861834
150478.7275798579	3000.0	1508.5983727135783	0.0	0	0.0	3987.325952571613	1	0	1.0	1.8409610360861834
151342.31197020845	3000.0	1645.0139823630434	0.0	0	0.0	3987.325952571613	1	0	1.0	1.8409610360861834
152489.8746278018	3000.0	1497.4513247697264	0.0	0	0.0	3987.325952571613	1	0	1.0	1.8409610360861834
153355.19501837087	3000.0	1632.130934200655	0.0	0	0.0	3987.325952571613	1	0	1.0	1.8409610360861834
154301.9473555703	3000.0	1685.3785970012066	0.0	0	0.0	3987.325952571613	1	0	1.0	1.8409610360861834
155430.87919074917	3000.0	1556.4467618223084	0.0	0	0.0	3987.325952571613	1	0	1.0	1.8409610360861834
156618.77698789196	3000.0	1368.5489646795252	0.0	0	0.0	3987.325952571613	1	0	1.0	1.8409610360861834
157728.240156778	3000.0	1259.0857957935157	0.0	0	0.0	3987.325952571613	1	0	1.0	1.8409610360861834
158302.49240641372	2000.0	1684.833546157792	0.0	0	0.0	3987.325952571613	1	0	1.0	1.030030819869854
159167.29857342903	3000.0	1820.0273791424875	0.0	0	0.0	3987.325952571584	1	0	1.0	1.4354959279780257
160290.477060012	3000.0	1696.8488925595386	0.0	0	0.0	3987.325952571584	1	0	1.0	1.8409610360861952
160936.18389384024	2000.0	2051.1420587312864	0.0	0	0.0	3987.325952571584	1	0	1.0	1.0300308198698658
161795.71041059963	3000.0	2191.6155419719125	0.0	0	0.0	3987.325952571613	1	0	1.0	1.4354959279780188
163038.61851062268	3000.0	1948.7074419488538	0.0	0	0.0	3987.325952571613	1	0	1.0	1.8409610360861834
163845.44433456656	3000.0	2141.8816180049507	0.0	0	0.0	3987.325952571584	1	0	1.0	1.8409610360861952
164971.93971755524	3000.0	2015.3862350162472	0.0	0	0.0	3987.325952571555	1	0	1.0	1.8409610360861977
165818.90584366635	3000.0	2168.420108905171	0.0	0	0.0	3987.325952571555	1	0	1.0	1.8409610360862074
167104.0676915535	3000.0	1883.2582610180186	0.0	0	0.0	3987.325952571555	1	0	1.0	1.8409610360862074
167915.83067504223	3000.0	2071.4952775292604	0.0	0	0.0	3987.3259525715257	1	0	1.0	1.8409610360862099
168874.97022050747	3000.0	2112.3557320640307	0.0	0	0.0	3987.3259525715257	1	0	1.0	1.8409610360862194
169614.35956972907	3000.0	2372.966382842423	0.0	0	0.0	3987.3259525715257	1	0	1.0	1.8409610360862194
170393.12906118965	3000.0	2594.1968913818614	0.0	0	0.0	3987.3259525715257	1	0	1.0	1.8409610360862194
171130.0074608782	3000.0	2857.3184916933315	0.0	0	0.0	3987.3259525715257	1	0	1.0	1.8409610360862194
172427.61624516375	3000.0	2559.7097074077815	0.0	0	0.0	3987.3259525715257	1	0	1.0	1.8409610360862194
173230.1044276739	3000.0	2757.2215248975763	0.0	0	0.0	3987.3259525714966	1	0	1.0	1.8409610360862316
174135.94657361336	3000.0	2851.3793789581287	0.0	0	0.0	3987.3259525714966	1	0	1.0	1.8409610360862316
175364.73245431657	3000.0	2622.5934982549256	0.0	0	0.0	3987.3259525715257	1	0	1.0	1.8409610360862243
176312.91846961906	3000.0	2674.407482952465	0.0	0	0.0	3987.3259525715257	1	0	1.0	1.8409610360862194
177404.90116494353	3000.0	2582.4247876280324	0.0	0	0.0	3987.325952571555	1	0	1.0	1.8409610360862074
178444.73917686564	3000.0	2542.586775705923	0.0	0	0.0	3987.325952571555	1	0	1.0	1.8409610360862074
179559.59821133956	3000.0	2427.7277412320022	0.0	0	0.0	3987.325952571555	1	0	1.0	1.8409610360862074
180515.84924347422	3000.0	2471.4767090973714	0.0	0	0.0	3987.325952571555	1	0	1.0	1.8409610360862074
181603.0574511154	3000.0	2384.268501456231	0.0	0	0.0	3987.325952571584	1	0	1.0	1.8409610360861952
182563.19489750365	3000.0	2424.1310550679614	0.0	0	0.0	3987.325952571555	1	0	1.0	1.8409610360862074
183310.04318544362	3000.0	2677.2827671280093	0.0	0	0.0	3987.325952571555	1	0	1.0	1.8409610360862074
184176.71932726237	3000.0	2810.606625309269	0.0	0	0.0	3987.325952571555	1	0	1.0	1.8409610360862074
185015.95177480983	3000.0	2971.3741777618307	0.0	0	0.0	3987.325952571584	1	0	1.0	1.8409610360861952
185907.38913379968	3000.0	3079.9368187720065	0.0	0	0.0	3987.325952571584	1	0	1.0	1.8409610360861952
186794.43776510964	3000.0	3192.888187462027	0.0	0	0.0	3987.325952571584	1	0	1.0	1.8409610360861952
187981.73223727755	3000.0	3005.593715294116	0.0	0	0.0	3987.325952571584	1	0	1.0	1.8409610360861952
188728.25207727318	3000.0	3259.0738752985303	0.0	0	0.0	3987.325952571584	1	0	1.0	1.8409610360861952
189425.5437062339	3000.0	3561.7822463378016	0.0	0	0.0	3987.325952571584	1	0	1.0	1.8409610360861952
190516.79925882534	3000.0	3470.52669374636	0.0	0	0.0	3987.325952571584	1	0	1.0	1.8409610360861952
191254.70002925015	3000.0	3732.625923321579	0.0	0	0.0	3987.325952571584	1	0	1.0	1.8409610360861952
192339.1540667394	3000.0	3648.1718858323225	0.0	0	0.0	3987.325952571584	1	0	1.0	1.8409610360861952
193420.26515633072	3000.0	3567.060796241016	0.0	0	0.0	3987.325952571613	1	0	1.0	1.840961036086186
194263.88476503012	3000.0	3723.441187541598	0.0	0	0.0	3987.325952571613	1	0	1.0	1.8409610360861834
195564.2889627399	3000.0	3423.0369898318145	0.0	0	0.0	3987.325952571642	1	0	1.0	1.840961036086176
196912.69780306565	3000.0	3074.6281495060916	0.0	0	0.0	3987.325952571642	1	0	1.0	1.840961036086171
198246.59156890723	3000.0	2740.734383664512	0.0	0	0.0	3987.325952571642	1	0	1.0	1.840961036086171
199108.08981756892	3000.0	2879.236135002846	0.0	0	0.0	3987.325952571671	1	0	1.0	1.840961036086164
199803.1359235917	3000.0	3184.1900289800974	0.0	0	0.0	3987.325952571671	1	0	1.0	1.840961036086159
201019.16142710022	3000.0	2968.1645254715913	0.0	0	0.0	3987.3259525717003	1	0	1.0	1.8409610360861466
201719.43299937987	3000.0	3267.892953191937	0.0	0	0.0	3987.3259525717003	1	0	1.0	1.8409610360861466
202665.8230764778	3000.0	3321.5028760939913	0.0	0	0.0	3987.3259525717003	1	0	1.0	1.8409610360861466
203782.28694132884	3000.0	3205.0390112428977	0.0	0	0.0	3987.325952571671	1	0	1.0	1.840961036086159
205553.04177042225	3000.0	2434.2841821495044	0.0	0	0.0	3987.3259525717003	1	0	1.0	1.8409610360861466
207092.20837919126	3000.0	1895.117573380466	0.0	0	0.0	3987.325952571671	1	0	1.0	1.840961036086152
208395.68733569988	3000.0	1591.6386168718366	0.0	0	0.0	3987.325952571671	1	0	1.0	1.840961036086159
209056.56234120243	2000.0	1930.763611369282	0.0	0	0.0	3987.325952571642	1	0	1.0	1.0300308198698414
209800.0278976004	3000.0	2187.2980549712975	0.0	0	0.0	3987.325952571642	1	0	1.0	1.4354959279780064
210772.76312334705	3000.0	2214.562829224631	0.0	0	0.0	3987.325952571642	1	0	1.0	1.840961036086171
211987.21885435173	3000.0	2000.1070982199458	0.0	0	0.0	3987.325952571613	1	0	1.0	1.8409610360861737
212918.01186664627	3000.0	2069.3140859254145	0.0	0	0.0	3987.325952571613	1	0	1.0	1.8409610360861834
213656.9658856404	3000.0	2330.360066931249	0.0	0	0.0	3987.325952571613	1	0	1.0	1.8409610360861834
215486.83069951905	3000.0	1500.4952530525932	0.0	0	0.0	3987.325952571613	1	0	1.0	1.8409610360861834
216420.6698466379	3000.0	1566.6561059337776	0.0	0	0.0	3987.325952571642	1	0	1.0	1.840961036086171
218514.581334354	3000.0	472.7446182176382	0.0	0	0.0	3987.325952571613	1	0	1.0	1.8409610360861834
219240.94184469766	2000.0	746.3841078739722	0.0	0	0.0	3987.325952571642	1	0	1.0	1.0300308198698414
219896.61665687602	2000.0	1090.709295695594	0.0	0	0.0	3987.325952571671	1	0	1.0	1.4354959279779942
220372.21103845505	2000.0	1615.1149141165342	0.0	0	0.0	3987.325952571642	1	0	1.0	1.435495927978006
220971.96336682065	2000.0	2015.3625857509514	0.0	0	0.0	3987.325952571671	1	0	1.0	1.4354959279779942
222035.87685789753	3000.0	1951.4490946740866	0.0	0	0.0	3987.325952571671	1	0	1.0	1.4354959279779944
223222.36789912864	2000.0	1764.9580534429856	0.0	0	0.0	3987.325952571671	1	0	1.0	1.0300308198698296
224224.8340283105	2000.0	1762.4919242611334	0.0	0	0.0	3987.325952571671	1	0	1.0	1.4354959279779942
224852.23651428914	2000.0	2135.089438282502	0.0	0	0.0	3987.325952571671	1	0	1.0	1.4354959279779942
225307.7450433634	2000.0	2679.5809092082454	0.0	0	0.0	3987.325952571671	1	0	1.0	1.4354959279779942
226285.68466933345	3000.0	2701.6412832381834	0.0	0	0.0	3987.3259525717003	1	0	1.0	1.4354959279779869
227290.47068649638	3000.0	2696.8552660752566	0.0	0	0.0	3987.3259525717003	1	0	1.0	1.8409610360861466
228465.37759328203	3000.0	2521.9483592896217	0.0	0	0.0	3987.3259525717003	1	0	1.0	1.8409610360861466
229430.78361820488	3000.0	2556.5423343667508	0.0	0	0.0	3987.3259525717003	1	0	1.0	1.8409610360861466
230188.55071571434	3000.0	2798.7752368572997	0.0	0	0.0	3987.3259525717294	1	0	1.0	1.8409610360861373
230829.14632989344	3000.0	3158.1796226782126	0.0	0	0.0	3987.3259525717294	1	0	1.0	1.8409610360861348
231961.50456481864	6000.0	3025.8213877529915	0.0	0	0.0	3987.3259525717294	1	0	1.0	1.840961036086135
233671.38954393586	6000.0	2315.936408635778	0.0	0	0.0	3987.3259525717294	1	0	1.0	2.53410821664608
235587.28136705692	6000.0	1400.0445855147402	0.0	0	0.0	3987.3259525717585	1	0	1.0	2.5341082166460724
236967.91905103048	3000.0	1019.4069015411781	0.0	0	0.0	3987.3259525717585	1	0	1.0	1.1478138555261777
238129.3703148934	3000.0	857.9556376782444	0.0	0	0.0	3987.3259525717294	1	0	1.0	1.84096103608613
239041.41023033802	3000.0	945.9157222336084	0.0	0	0.0	3987.3259525717585	1	0	1.0	1.84096103608613
239553.23063107865	2000.0	1434.095321492948	0.0	0	0.0	3987.3259525717585	1	0	1.0	1.0300308198697932
240354.2068546085	3000.0	1633.1190979631413	0.0	0	0.0	3987.3259525717876	1	0	1.0	1.435495927977946
241151.9552552263	3000.0	1835.3706973453507	0.0	0	0.0	3987.3259525718167	1	0	1.0	1.8409610360860984
241828.32741948284	3000.0	2158.998533088785	0.0	0	0.0	3987.3259525718167	1	0	1.0	1.8409610360860984
243314.10658859852	3000.0	1673.2193639731518	0.0	0	0.0	3987.325952571875	1	0	1.0	1.840961036086079
244289.5057522021	3000.0	1697.8202003695767	0.0	0	0.0	3987.325952571875	1	0	1.0	1.8409610360860742
245061.7991585861	3000.0	1925.526793985555	0.0	0	0.0	3987.325952571875	1	0	1.0	1.8409610360860742
245587.2959540098	3000.0	2400.029998561869	0.0	0	0.0	3987.325952571875	1	0	1.0	1.8409610360860742
246255.40288600588	3000.0	2731.9230665658115	0.0	0	0.0	3987.325952571846	1	0	1.0	1.8409610360860864
246892.2942683155	3000.0	3095.0316842561415	0.0	0	0.0	3987.325952571875	1	0	1.0	1.8409610360860742
247480.08856605957	3000.0	3507.2373865121267	0.0	0	0.0	3987.325952571875	1	0	1.0	1.8409610360860742
248629.3916806111	6000.0	3357.934271960603	0.0	0	0.0	3987.325952571875	1	0	1.0	1.8409610360860744
250470.65966784762	6000.0	2516.666284724084	0.0	0	0.0	3987.325952571875	1	0	1.0	2.534108216646019
252032.54113219352	3000.0	1954.7848203781446	0.0	0	0.0	3987.325952571875	1	0	1.0	1.1478138555261292
253689.72039549146	3000.0	1297.6055570802148	0.0	0	0.0	3987.325952571875	1	0	1.0	1.8409610360860742
255174.18079259043	2000.0	813.1451599812369	0.0	0	0.0	3987.325952571875	1	0	1.0	1.030030819869745
256100.40448832733	2000.0	886.9214642442956	0.0	0	0.0	3987.325952571875	1	0	1.0	1.4354959279779096
256604.89232459848	2000.0	1382.4336279731117	0.0	0	0.0	3987.325952571875	1	0	1.0	1.4354959279779096
257233.47065175592	2000.0	1753.8553008156578	0.0	0	0.0	3987.325952571846	1	0	1.0	1.4354959279779216
258106.89477816937	3000.0	1880.4311744022127	0.0	0	0.0	3987.3259525718167	1	0	1.0	1.4354959279779338
258783.9159139426	3000.0	2203.4100386289947	0.0	0	0.0	3987.3259525718167	1	0	1.0	1.8409610360860984
259653.26752933496	3000.0	2334.058423236611	0.0	0	0.0	3987.3259525718167	1	0	1.0	1.8409610360860984
260802.2389824399	3000.0	2185.086970131663	0.0	0	0.0	3987.3259525718167	1	0	1.0	1.8409610360860984
261750.0998962683	3000.0	2237.2260563032887	0.0	0	0.0	3987.325952571846	1	0	1.0	1.8409610360860864
262595.55611541984	3000.0	2391.7698371517904	0.0	0	0.0	3987.325952571904	1	0	1.0	1.8409610360860718
263454.36257856735	3000.0	2532.9633740042746	0.0	0	0.0	3987.325952571904	1	0	1.0	1.8409610360860669
264294.04552022746	3000.0	2693.2804323442097	0.0	0	0.0	3987.325952571933	1	0	1.0	1.84096103608606
265396.4384127436	3000.0	2590.88753982806	0.0	0	0.0	3987.325952571933	1	0	1.0	1.8409610360860529
266296.15332179825	3000.0	2691.1726307735053	0.0	0	0.0	3987.3259525719914	1	0	1.0	1.8409610360860356
267025.032499102	3000.0	2962.29345346974	0.0	0	0.0	3987.3259525720496	1	0	1.0	1.840961036086016
267909.23783915164	3000.0	3078.0881134200454	0.0	0	0.0	3987.3259525719914	1	0	1.0	1.8409610360860258
268363.1541262702	3000.0	3624.1718263015077	0.0	0	0.0	3987.325952571933	1	0	1.0	1.8409610360860502
269761.552406854	6000.0	3225.7735457177077	0.0	0	0.0	3987.325952571933	1	0	1.0	1.84096103608605
270599.92851871386	3000.0	3387.3974338578546	0.0	0	0.0	3987.3259525719914	1	0	1.0	1.1478138555260808
271576.4744025404	3000.0	3410.8515500313333	0.0	0	0.0	3987.3259525720496	1	0	1.0	1.8409610360860016
273353.03274172684	3000.0	2634.2932108449104	0.0	0	0.0	3987.3259525720496	1	0	1.0	1.8409610360860016
274424.69158267154	3000.0	2562.634369900125	0.0	0	0.0	3987.3259525720496	1	0	1.0	1.8409610360860016
275011.5387727587	3000.0	2975.7871798129895	0.0	0	0.0	3987.3259525720496	1	0	1.0	1.8409610360860016
275769.5070437573	3000.0	3217.8189088143886	0.0	0	0.0	3987.3259525720496	1	0	1.0	1.8409610360860016
276684.61959785444	3000.0	3302.7063547172847	0.0	0	0.0	3987.3259525719914	1	0	1.0	1.8409610360860258
277885.8384101284	3000.0	3101.487542443313	0.0	0	0.0	3987.3259525719914	1	0	1.0	1.8409610360860258
279295.22547839466	3000.0	2692.1004741769993	0.0	0	0.0	3987.3259525719914	1	0	1.0	1.8409610360860258
280716.4113085752	3000.0	2270.9146439964506	0.0	0	0.0	3987.3259525719914	1	0	1.0	1.8409610360860258
281652.3855365889	3000.0	2334.9404159827277	0.0	0	0.0	3987.3259525719914	1	0	1.0	1.8409610360860258
282606.094371261	3000.0	2381.2315813105574	0.0	0	0.0	3987.325952571933	1	0	1.0	1.8409610360860502
283440.9802537726	3000.0	2546.3456987989957	0.0	0	0.0	3987.325952571933	1	0	1.0	1.8409610360860502
284318.9615666303	3000.0	2668.3643859413087	0.0	0	0.0	3987.325952571933	1	0	1.0	1.8409610360860502
285232.10510507884	3000.0	2755.2208474927756	0.0	0	0.0	3987.3259525720496	1	0	1.0	1.8409610360860065
286183.06590938725	3000.0	2804.2600431843694	0.0	0	0.0	3987.325952572108	1	0	1.0	1.8409610360859872
286944.3791085468	3000.0	3042.946844024815	0.0	0	0.0	3987.325952572166	1	0	1.0	1.8409610360859532
287640.73384359985	3000.0	3346.5921089717817	0.0	0	0.0	3987.325952572166	1	0	1.0	1.8409610360859532
288466.0146813644	3000.0	3521.3112712071625	0.0	0	0.0	3987.325952572166	1	0	1.0	1.8409610360859532
289400.8506132291	3000.0	3586.4753393425176	0.0	0	0.0	3987.325952572166	1	0	1.0	1.8409610360859532
290263.6625633962	3000.0	3723.6633891754354	0.0	0	0.0	3987.3259525722824	1	0	1.0	1.8409610360859094
291363.04533377866	3000.0	3624.280618792982	0.0	0	0.0	3987.3259525722824	1	0	1.0	1.8409610360859046
292745.2790620723	3000.0	3242.0468904993763	0.0	0	0.0	3987.3259525722824	1	0	1.0	1.8409610360859046
293498.69498787733	3000.0	3488.6309646943214	0.0	0	0.0	3987.3259525723406	1	0	1.0	1.8409610360858806
294437.66909023747	3000.0	3549.65686233415	0.0	0	0.0	3987.3259525723406	1	0	1.0	1.8409610360858806
295398.1667867813	3000.0	3589.1591657903264	0.0	0	0.0	3987.3259525723406	1	0	1.0	1.8409610360858806
296550.45873881853	3000.0	3436.867213753115	0.0	0	0.0	3987.3259525723406	1	0	1.0	1.8409610360858806
297406.83154270786	3000.0	3580.4944098637884	0.0	0	0.0	3987.3259525723406	1	0	1.0	1.8409610360858806
298200.53213487164	3000.0	3786.793817700041	0.0	0	0.0	3987.3259525723406	1	0	1.0	1.8409610360858806
299433.3152505746	3000.0	3554.010701997066	0.0	0	0.0	3987.325952572399	1	0	1.0	1.8409610360858613
300500.00889452745	3000.0	3487.317058044209	0.0	0	0.0	3987.3259525723406	1	0	1.0	1.8409610360858806
301224.78681416885	3000.0	3762.539138402826	0.0	0	0.0	3987.3259525723406	1	0	1.0	1.8409610360858806
302200.0	3000.0	3787.3259525716853	0.0	0	4.861291548004374	3987.325952572399	1	0	1.0	1.840961036085866
3.3029268292682925	3.2429268292682925	2.8949268292682926	2.8909268292682926	3.0289268292682925	3.1169268292682926	3.3509268292682926	3.3449268292682923	2.9249268292682924	3.1829268292682924	3.1909268292682924	3.1149268292682923	3.0049268292682925	3.0409268292682925	3.3069268292682925	3.5609268292682925	3.5809268292682925	2.9689268292682924	3.0209268292682925	3.1609268292682926	3.2289268292682927	3.0709268292682923	3.3369268292682923	3.4589268292682926	3.2169268292682927	3.1029268292682923	3.1789268292682924	3.1249268292682926	3.1989268292682924	2.9969268292682925	3.0569268292682925	3.2709268292682925	3.1469268292682924	3.0149268292682927	3.2389268292682925	3.4029268292682926	3.4349268292682926	3.6209268292682926	3.6929268292682926	3.6729268292682926	4.33465	2.01865	2.78665	2.8706500000000004	3.54265	4.01065	2.04265	3.57865	4.29865	2.85865	1.64665	2.40265	1.91065	2.53465	4.01065	4.0226500000000005	3.95065	2.7746500000000003	4.0706500000000005	4.93465	1.2266500000000002	2.53465	2.61865	0.7826499999999998	2.13865	3.5666499999999997	3.47065	3.44665	1.82665	1.62265	3.1586499999999997	3.49465	2.63065	3.23065	3.0626499999999997	4.33465	5.96665	6.698650000000001	4.99465	3.6626499999999997	4.557	2.697	2.757	2.9250000000000003	4.377000000000001	3.405	3.4170000000000003	4.005	2.649	2.913	4.077	5.277000000000001	5.109	6.1770000000000005	3.9450000000000003	3.081	2.3129999999999997	1.4730000000000003	2.1690000000000005	1.3890000000000002	1.053	2.2890000000000006	3.249	4.413	5.745	3.9690000000000003	3.153	4.125	3.8609999999999998	3.657	3.321	3.2609999999999997	3.8369999999999997	4.569	5.324999999999999	3.249	3.3089999999999997	2.2890000000000006	1.689	3.573	4.101	4.041	3.037185185185185	3.053185185185185	2.8571851851851853	2.8331851851851853	2.991185185185185	3.081185185185185	2.823185185185185	2.7551851851851854	2.759185185185185	3.021185185185185	3.2471851851851854	3.447185185185185	3.133185185185185	2.943185185185185	2.9131851851851853	2.711185185185185	2.851185185185185	3.0951851851851853	3.315185185185185	2.9011851851851853	2.8691851851851853	2.993185185185185	3.1311851851851853	3.379185185185185	3.495185185185185	3.3011851851851852	3.181185185185185	3.0589268292682923	3.3029268292682925	3.2429268292682925	2.8949268292682926	2.8909268292682926	3.0289268292682925	3.1169268292682926	3.3509268292682926	3.3449268292682923	2.9249268292682924	3.1829268292682924	3.1909268292682924	3.1149268292682923	3.0049268292682925	3.0409268292682925	3.3069268292682925	3.5609268292682925	3.5809268292682925	2.9689268292682924	3.0209268292682925	3.1609268292682926	3.2289268292682927	3.0709268292682923	3.3369268292682923	3.4589268292682926	3.2169268292682927	3.1029268292682923	3.1789268292682924	3.1249268292682926	3.1989268292682924	2.9969268292682925	3.0569268292682925	3.2709268292682925	3.1469268292682924	3.0149268292682927	3.2389268292682925	3.4029268292682926	3.4349268292682926	3.6209268292682926	3.6929268292682926	3.6729268292682926	4.33465	2.01865	2.78665	2.8706500000000004	3.54265	4.01065	2.04265	3.57865	4.29865	2.85865	1.64665	2.40265	1.91065	2.53465	4.01065	4.0226500000000005	3.95065	2.7746500000000003	4.0706500000000005	4.93465	1.2266500000000002	2.53465	2.61865	0.7826499999999998	2.13865	3.5666499999999997	3.47065	3.44665	1.82665	1.62265	3.1586499999999997	3.49465	2.63065	3.23065	3.0626499999999997	4.33465	5.96665	6.698650000000001	4.99465	3.6626499999999997	4.557	2.697	2.757	2.9250000000000003	4.377000000000001	3.405	3.4170000000000003	4.005	2.649	2.913	4.077	5.277000000000001	5.109	6.1770000000000005	3.9450000000000003	3.081	2.3129999999999997	1.4730000000000003	2.1690000000000005	1.3890000000000002	1.053	2.2890000000000006	3.249	4.413	5.745	3.9690000000000003	3.153	4.125	3.8609999999999998	3.657	3.321	3.2609999999999997	3.8369999999999997	4.569	5.324999999999999	3.249	3.3089999999999997	2.2890000000000006	1.689	3.573	4.101	4.041	3.037185185185185	3.053185185185185	2.8571851851851853	2.8331851851851853	2.991185185185185	3.081185185185185	2.823185185185185	2.7551851851851854	2.759185185185185	3.021185185185185	3.2471851851851854	3.447185185185185	3.133185185185185	2.943185185185185	2.9131851851851853	2.711185185185185	2.851185185185185	3.0951851851851853	3.315185185185185	2.9011851851851853	2.8691851851851853	2.993185185185185	3.1311851851851853	3.379185185185185	3.495185185185185	3.3011851851851852	3.181185185185185	3.0589268292682923	3.3029268292682925	3.2429268292682925	2.8949268292682926	2.8909268292682926
1.0	2.0	3.0	4.0	5.0	6.0	7.0	8.0	9.0	10.0	11.0	12.0	13.0	14.0	15.0	16.0	17.0	18.0	19.0	20.0	21.0	22.0	23.0	24.0	25.0	26.0	27.0	28.0	29.0	30.0	31.0	32.0	33.0	34.0	35.0	36.0	37.0	38.0	39.0	40.0	41.0	42.0	43.0	44.0	45.0	46.0	47.0	48.0	49.0	50.0	51.0	52.0	53.0	54.0	55.0	56.0	57.0	58.0	59.0	60.0	61.0	62.0	63.0	64.0	65.0	66.0	67.0	68.0	69.0	70.0	71.0	72.0	73.0	74.0	75.0	76.0	77.0	78.0	79.0	80.0	81.0	82.0	83.0	84.0	85.0	86.0	87.0	88.0	89.0	90.0	91.0	92.0	93.0	94.0	95.0	96.0	97.0	98.0	99.0	100.0	101.0	102.0	103.0	104.0	105.0	106.0	107.0	108.0	109.0	110.0	111.0	112.0	113.0	114.0	115.0	116.0	117.0	118.0	119.0	120.0	121.0	122.0	123.0	124.0	125.0	126.0	127.0	128.0	129.0	130.0	131.0	132.0	133.0	134.0	135.0	136.0	137.0	138.0	139.0	140.0	141.0	142.0	143.0	144.0	145.0	146.0	147.0	148.0	149.0	149.0	150.0	151.0	152.0	153.0	154.0	155.0	156.0	157.0	158.0	159.0	160.0	161.0	162.0	163.0	164.0	165.0	166.0	167.0	168.0	169.0	170.0	171.0	172.0	173.0	174.0	175.0	176.0	177.0	178.0	179.0	180.0	181.0	182.0	183.0	184.0	185.0	186.0	187.0	188.0	189.0	190.0	191.0	192.0	193.0	194.0	195.0	196.0	197.0	198.0	199.0	200.0	201.0	202.0	203.0	204.0	205.0	206.0	207.0	208.0	209.0	210.0	211.0	212.0	213.0	214.0	215.0	216.0	217.0	218.0	219.0	220.0	221.0	222.0	223.0	224.0	225.0	226.0	227.0	228.0	229.0	230.0	231.0	232.0	233.0	234.0	235.0	236.0	237.0	238.0	239.0	240.0	241.0	242.0	243.0	244.0	245.0	246.0	247.0	248.0	249.0	250.0	251.0	252.0	253.0	254.0	255.0	256.0	257.0	258.0	259.0	260.0	261.0	262.0	263.0	264.0	265.0	266.0	267.0	268.0	269.0	270.0	271.0	272.0	273.0	274.0	275.0	276.0	277.0	278.0	279.0	280.0	281.0	282.0	283.0	284.0	285.0	286.0	287.0	288.0	289.0	290.0	291.0	292.0	293.0	294.0	295.0	296.0	297.0	298.0	298.0	299.0	300.0	301.0	302.0
4881.965777184085
