4281.20826012128	500.0	2000.0	204.89253060011865	0	0.0	4281.20826012128	1	0	1.0	-1.8033015034093265
5352.681758696246	2000.0	1928.526501425034	0.0	0	0.0	4281.208260121281	1	0	1.0	-0.08739132624872908
6607.298222071653	2000.0	1673.9100380496275	0.0	0	0.0	4281.208260121281	1	0	1.0	1.2989030348711612
7606.088777942286	2000.0	1675.1194821789954	0.0	0	0.0	4281.208260121281	1	0	1.0	1.2989030348711612
8480.422663787098	2000.0	1800.785596334182	0.0	0	0.0	4281.20826012128	1	0	1.0	1.2989030348711612
9119.324531016257	2000.0	2161.883729105023	0.0	0	0.0	4281.208260121279	1	0	1.0	1.2989030348711617
10112.065640794486	2000.0	2169.1426193267935	0.0	0	0.0	4281.20826012128	1	0	1.0	1.2989030348711617
11193.012495565574	2000.0	2088.1957645557063	0.0	0	0.0	4281.208260121281	1	0	1.0	1.2989030348711612
12103.634361551844	2000.0	2177.5738985694334	0.0	0	0.0	4281.208260121278	1	0	1.0	1.2989030348711617
13006.736982295313	2000.0	2274.471277825964	0.0	0	0.0	4281.208260121277	1	0	1.0	1.2989030348711628
13982.093263118262	2000.0	2299.114997003015	0.0	0	0.0	4281.208260121277	1	0	1.0	1.2989030348711628
14758.369900659214	2000.0	2522.8383594620614	0.0	0	0.0	4281.208260121275	1	0	1.0	1.2989030348711639
15574.036453379593	2000.0	2707.1718067416823	0.0	0	0.0	4281.208260121273	1	0	1.0	1.2989030348711648
16663.862280338206	2000.0	2617.3459797830697	0.0	0	0.0	4281.208260121271	1	0	1.0	1.2989030348711648
17839.263945009756	2000.0	2441.9443151115233	0.0	0	0.0	4281.208260121273	1	0	1.0	1.2989030348711652
18512.381642055105	2000.0	2768.8266180661726	0.0	0	0.0	4281.20826012127	1	0	1.0	1.2989030348711652
19514.035192333457	2000.0	2767.173067787823	0.0	0	0.0	4281.208260121271	1	0	1.0	1.2989030348711652
20596.91878853775	2000.0	2684.2894715835273	0.0	0	0.0	4281.20826012127	1	0	1.0	1.2989030348711657
21527.171826915637	2000.0	2754.036433205644	0.0	0	0.0	4281.208260121271	1	0	1.0	1.2989030348711657
22496.76942949986	2000.0	2784.4388306214196	0.0	0	0.0	4281.208260121268	1	0	1.0	1.2989030348711674
23698.924467286106	2000.0	2582.283792835171	0.0	0	0.0	4281.208260121268	1	0	1.0	1.2989030348711674
24416.165900242027	2000.0	2865.0423598792518	0.0	0	0.0	4281.208260121268	1	0	1.0	1.2989030348711674
25481.585080607947	3000.0	2799.623179513332	0.0	0	0.0	4281.208260121271	1	0	1.0	1.298903034871166
26952.429942924413	3000.0	2328.7783171968667	0.0	0	0.0	4281.208260121271	1	0	1.0	1.7043681429793307
27680.99544126085	2000.0	2600.2128188604247	0.0	0	0.0	4281.208260121271	1	0	1.0	0.8934379267630009
29203.2280214023	3000.0	2077.9802387189698	0.0	0	0.0	4281.208260121271	1	0	1.0	1.298903034871166
30172.356187177495	2000.0	2108.852072943779	0.0	0	0.0	4281.208260121275	1	0	1.0	0.8934379267629993
31147.59317369022	2000.0	2133.6150864310503	0.0	0	0.0	4281.208260121275	1	0	1.0	1.2989030348711639
31871.65421122313	2000.0	2409.554048898139	0.0	0	0.0	4281.208260121275	1	0	1.0	1.2989030348711639
32712.189765806583	2000.0	2569.0184943146855	0.0	0	0.0	4281.208260121275	1	0	1.0	1.2989030348711639
33711.56418129506	2000.0	2569.6440788262066	0.0	0	0.0	4281.208260121279	1	0	1.0	1.2989030348711619
34462.0054771583	2000.0	2819.2027829629737	0.0	0	0.0	4281.208260121286	1	0	1.0	1.298903034871159
35264.318195929	2000.0	3016.8900641922774	0.0	0	0.0	4281.20826012129	1	0	1.0	1.298903034871157
36480.807879721026	2000.0	2800.400380400252	0.0	0	0.0	4281.20826012129	1	0	1.0	1.2989030348711552
37724.26814526402	2000.0	2556.940114857265	0.0	0	0.0	4281.20826012129	1	0	1.0	1.2989030348711563
38565.01927243179	2000.0	2716.18898768949	0.0	0	0.0	4281.20826012129	1	0	1.0	1.2989030348711563
39494.96273391349	2000.0	2786.2455262077947	0.0	0	0.0	4281.20826012129	1	0	1.0	1.2989030348711563
40398.341409285094	2000.0	2882.86685083619	0.0	0	0.0	4281.20826012129	1	0	1.0	1.2989030348711563
41317.79064795695	2000.0	2963.4176121643386	0.0	0	0.0	4281.20826012129	1	0	1.0	1.2989030348711563
42856.600933993366	3000.0	2424.6073261279203	0.0	0	0.0	4281.20826012129	1	0	1.0	1.2989030348711565
43886.87022227273	2000.0	2394.3380378485526	0.0	0	0.0	4281.20826012129	1	0	1.0	0.8934379267629917
44768.127562684815	2000.0	2513.080697436466	0.0	0	0.0	4281.20826012129	1	0	1.0	1.2989030348711563
45803.347381345695	2000.0	2477.860878775576	0.0	0	0.0	4281.20826012129	1	0	1.0	1.2989030348711563
46634.64688251104	2000.0	2646.561377610232	0.0	0	0.0	4281.20826012129	1	0	1.0	1.2989030348711563
47807.69255947239	2000.0	2473.5157006488826	0.0	0	0.0	4281.208260121282	1	0	1.0	1.2989030348711599
48721.1419369389	2000.0	2560.0663231823773	0.0	0	0.0	4281.208260121282	1	0	1.0	1.2989030348711599
49759.55550503323	2000.0	2521.6527550880437	0.0	0	0.0	4281.208260121275	1	0	1.0	1.2989030348711639
51011.73147051457	2000.0	2269.4767896067056	0.0	0	0.0	4281.208260121275	1	0	1.0	1.2989030348711639
52057.28686408068	2000.0	2223.9213960405978	0.0	0	0.0	4281.208260121275	1	0	1.0	1.2989030348711639
52758.12631367702	2000.0	2523.0819464442593	0.0	0	0.0	4281.208260121275	1	0	1.0	1.2989030348711639
53262.95518117228	2000.0	3018.2530789489997	0.0	0	0.0	4281.208260121275	1	0	1.0	1.2989030348711639
54343.67337585531	3000.0	2937.5348842659673	0.0	0	0.0	4281.208260121268	1	0	1.0	1.2989030348711676
55713.099713558106	3000.0	2568.108546563166	0.0	0	0.0	4281.208260121268	1	0	1.0	1.7043681429793323
56978.71834715455	3000.0	2302.489912966723	0.0	0	0.0	4281.208260121268	1	0	1.0	1.7043681429793323
57975.551067090484	3000.0	2305.657193030783	0.0	0	0.0	4281.208260121268	1	0	1.0	1.7043681429793323
59068.21980692084	3000.0	2212.98845320043	0.0	0	0.0	4281.2082601212605	1	0	1.0	1.7043681429793358
60574.02337520115	3000.0	1707.184884920122	0.0	0	0.0	4281.2082601212605	1	0	1.0	1.7043681429793358
62139.93265312381	3000.0	1141.275606997462	0.0	0	0.0	4281.2082601212605	1	0	1.0	1.7043681429793358
63281.67316563364	2000.0	999.5350944876267	0.0	0	0.0	4281.2082601212605	1	0	1.0	0.8934379267630065
64163.63389453311	2000.0	1117.5743655881583	0.0	0	0.0	2281.2082601212605	1	0	1.0	-4.187743546275397
65035.210368037355	2000.0	1245.9978920839105	0.0	0	0.0	2281.2082601212605	1	0	1.0	1.812256453724605
65942.21379386114	2000.0	1338.9944662601138	0.0	0	0.0	2281.2082601212533	1	0	1.0	1.812256453724605
66449.95252610938	2000.0	1831.2557340118694	0.0	0	0.0	2281.208260121246	1	0	1.0	1.8122564537246062
67224.50069938753	2000.0	2056.7075607337215	0.0	0	0.0	2281.2082601212533	1	0	1.0	1.812256453724605
68246.69105391593	2000.0	2034.5172062053134	0.0	0	0.0	2281.208260121246	1	0	1.0	1.8122564537246064
69430.4570372497	2000.0	1850.7512228715518	0.0	0	0.0	2281.2082601212605	1	0	1.0	1.8122564537246055
70254.16993972336	2000.0	2027.0383203978722	0.0	0	0.0	2281.2082601212605	1	0	1.0	1.812256453724605
71278.73573392116	2000.0	2002.4725262000677	0.0	0	0.0	2281.208260121246	1	0	1.0	1.8122564537246064
72596.6412306112	2000.0	1684.5670295100397	0.0	0	0.0	2281.208260121246	1	0	1.0	1.8122564537246064
73720.38548020678	2000.0	1560.8227799144722	0.0	0	0.0	2281.208260121246	1	0	1.0	1.8122564537246064
74361.38059388689	2000.0	1919.8276662343694	0.0	0	0.0	2281.208260121246	1	0	1.0	1.8122564537246064
75563.86666371897	2000.0	1717.34159640229	0.0	0	0.0	2281.208260121246	1	0	1.0	1.8122564537246064
76590.85258038813	2000.0	1690.3556797331216	0.0	0	0.0	2281.208260121246	1	0	1.0	1.8122564537246064
77584.77340783141	2000.0	1696.434852289834	0.0	0	0.0	2281.208260121246	1	0	1.0	1.8122564537246064
78530.38143976036	2000.0	1750.8268203609018	0.0	0	0.0	2281.208260121246	1	0	1.0	1.8122564537246064
79200.0	2000.0	2081.208260121255	0.0	0	128.00748088239925	2281.208260121246	1	0	1.0	1.8122564537246064
80200.0	2000.0	2081.2082601212524	0.0	0	160.26557782679447	2281.208260121246	1	0	1.0	1.8122564537246064
81200.0	2000.0	2081.2082601212505	0.0	0	170.61863093341526	2281.208260121246	1	0	1.0	1.8122564537246064
82200.0	2000.0	2081.208260121244	0.0	0	104.39012426644331	2281.2082601212314	1	0	1.0	1.8122564537246078
83200.0	3000.0	2081.2082601212333	0.0	0	170.68131915021513	2281.208260121217	1	0	1.0	1.8122564537246093
84200.0	3000.0	2081.2082601212387	0.0	0	312.52774230384966	2281.2082601212314	1	0	1.0	2.2177215618327724
85674.8676406011	3000.0	1606.3406195201355	0.0	0	0.0	2281.2082601212314	1	0	1.0	2.2177215618327724
86742.0171317518	2000.0	1539.1911283694428	0.0	0	0.0	2281.2082601212314	1	0	1.0	1.4067913456164431
88574.54104199386	2000.0	706.6672181273863	0.0	0	0.0	2281.2082601212314	1	0	1.0	1.8122564537246078
89527.26360433416	2000.0	753.9446557870989	0.0	0	0.0	2281.2082601212314	1	0	1.0	1.8122564537246078
90275.44099452507	2000.0	1005.7672655962119	0.0	0	0.0	2281.208260121246	1	0	1.0	1.8122564537246064
91149.12443173428	2000.0	1132.083828387007	0.0	0	0.0	2281.208260121246	1	0	1.0	1.8122564537246064
92205.7304476585	2000.0	1075.4778124627605	0.0	0	0.0	2281.2082601212314	1	0	1.0	1.8122564537246078
93137.44190425913	2000.0	1143.7663558621264	0.0	0	0.0	2281.2082601212314	1	0	1.0	1.8122564537246078
94194.8620499976	2000.0	1086.346210123674	0.0	0	0.0	2281.208260121246	1	0	1.0	1.8122564537246064
94892.04393576524	2000.0	1389.1643243560204	0.0	0	0.0	2281.2082601212314	1	0	1.0	1.8122564537246078
96140.87928380714	2000.0	1140.3289763141138	0.0	0	0.0	2281.2082601212314	1	0	1.0	1.8122564537246078
96857.65507796376	2000.0	1423.553182157477	0.0	0	0.0	2281.2082601212314	1	0	1.0	1.8122564537246078
97778.6689485919	2000.0	1502.5393115293432	0.0	0	0.0	2281.2082601212314	1	0	1.0	1.8122564537246078
98499.98560285861	2000.0	1781.2226572626455	0.0	0	0.0	2281.2082601212314	1	0	1.0	1.8122564537246078
99427.78706519789	2000.0	1853.421194923346	0.0	0	0.0	2281.2082601212314	1	0	1.0	1.8122564537246078
100417.15401383206	2000.0	1864.0542462891785	0.0	0	0.0	2281.2082601212314	1	0	1.0	1.8122564537246078
101615.21744308874	2000.0	1665.9908170325011	0.0	0	0.0	2281.2082601212314	1	0	1.0	1.8122564537246078
103029.30337489673	2000.0	1251.904885224513	0.0	0	0.0	2281.2082601212314	1	0	1.0	1.8122564537246078
104284.62830465629	2000.0	996.5799554649496	0.0	0	0.0	2281.2082601212314	1	0	1.0	1.8122564537246078
105332.72173245095	2000.0	948.4865276702868	0.0	0	0.0	2281.2082601212314	1	0	1.0	1.8122564537246078
105996.00970933479	2000.0	1285.1985507864642	0.0	0	0.0	2281.2082601212314	1	0	1.0	1.8122564537246078
106677.29130406008	2000.0	1603.9169560611651	0.0	0	0.0	2281.208260121217	1	0	1.0	1.812256453724609
107901.78860741241	2000.0	1379.4196527088448	0.0	0	0.0	2281.208260121217	1	0	1.0	1.812256453724609
109055.87942540596	2000.0	1225.3288347153036	0.0	0	0.0	2281.208260121217	1	0	1.0	1.812256453724609
110221.74897436913	2000.0	1059.459285752138	0.0	0	0.0	2281.208260121217	1	0	1.0	1.812256453724609
110895.71417606056	2000.0	1385.4940840607132	0.0	0	0.0	2281.208260121217	1	0	1.0	1.812256453724609
111886.24868241328	2000.0	1394.9595777080076	0.0	0	0.0	2281.208260121217	1	0	1.0	1.812256453724609
112600.19160933139	2000.0	1681.0166507899055	0.0	0	0.0	2281.208260121217	1	0	1.0	1.812256453724609
113551.70837345766	2000.0	1729.499886663632	0.0	0	0.0	2281.208260121217	1	0	1.0	1.812256453724609
114200.0	2000.0	2081.208260121299	0.0	0	55.139406516376766	2281.208260121217	1	0	1.0	1.812256453724609
115200.0	2000.0	2081.2082601213056	0.0	0	177.31262194596638	2281.208260121217	1	0	1.0	1.812256453724609
116200.0	2000.0	2081.2082601213124	0.0	0	214.2161674945528	2281.208260121217	1	0	1.0	1.812256453724609
117200.0	3000.0	2081.2082601213124	0.0	0	133.01902431786584	2281.208260121217	1	0	1.0	1.8122564537246093
118200.0	3000.0	2081.208260121313	0.0	0	146.24856788221223	2281.208260121217	1	0	1.0	2.217721561832774
119200.0	3000.0	2081.2082601213096	0.0	0	383.8320606338675	2281.208260121217	1	0	1.0	2.217721561832774
120200.0	3000.0	2081.208260121309	0.0	0	417.3893790115835	2281.208260121217	1	0	1.0	2.217721561832774
123736.1935812786	3000.0	200.0	654.9853211572708	0	0.0	2936.1935812785086	1	0	1.0	-1.728939672044705
125403.660950564	2000.0	399.09682075109856	866.5641900365047	0	0.0	3802.7577713150094	1	0	1.0	-4.097833416374081
127454.51005223824	2000.0	200.0	851.7522809231458	0	0.0	4654.510052238242	1	0	1.0	-3.977203304110261
128489.3387798209	2000.0	508.81281678930327	343.64154437195845	0	0.0	2998.1515966102015	1	0	1.0	-6.34420854194695
129247.5148017229	1000.0	750.6367948873046	0.0	0	0.0	2998.1515966102015	1	0	1.0	0.33134636316491073
129955.89109273256	1000.0	1042.2605038776271	0.0	0	0.0	2998.1515966102015	1	0	1.0	1.024493543724856
130796.25074292508	2000.0	1201.9008536850974	0.0	0	0.0	2998.1515966102015	1	0	1.0	1.024493543724856
131539.86605496902	2000.0	1458.2855416411396	0.0	0	0.0	2998.151596610187	1	0	1.0	1.717640724284802
132701.10281899842	2000.0	1297.0487776117257	0.0	0	0.0	2998.151596610158	1	0	1.0	1.7176407242848075
134542.6556037411	2000.0	455.49599286905226	0.0	0	0.0	2998.1515966101724	1	0	1.0	1.7176407242848062
135625.4514727587	2000.0	468.0387875784986	95.33866372703912	0	0.0	3093.4902603372175	1	0	1.0	1.127647695231124
136709.0187594783	2000.0	423.93197255657697	39.460471697676525	0	0.0	3132.950732034893	1	0	1.0	1.455020924809307
137547.95995976723	2000.0	584.990772267631	0.0	0	0.0	3132.950732034893	1	0	1.0	1.691783754995366
138497.0656402748	2000.0	635.885091760081	0.0	0	0.0	3132.950732034864	1	0	1.0	1.6917837549953718
139722.23988328778	2000.0	410.7108487471257	0.0	0	0.0	3132.950732034893	1	0	1.0	1.691783754995366
141422.12007660492	2000.0	309.16360450440015	598.3329490744615	0	0.0	3731.283681109344	1	0	1.0	-2.0554558486436085
143120.55617528054	2000.0	200.0	589.2724941711991	0	0.0	4320.556175280537	1	0	1.0	-2.242330116573746
144240.3277041783	2000.0	431.36002435860223	351.13155325632977	0	0.0	2671.6877285368682	1	0	1.0	-6.3382291648340106
144876.28172523223	1000.0	795.4060033046633	0.0	0	0.0	2671.6877285368682	1	0	1.0	0.382265793584078
146485.80662049475	2000.0	317.39456895606384	131.51346091391525	0	0.0	2803.201189450774	1	0	1.0	0.2676980039577394
147089.4057051173	1000.0	721.3130824522145	7.517598118668445	0	0.0	2810.7187875694945	1	0	1.0	0.31732617492194315
147675.85001135845	1000.0	1134.868776211064	0.0	0	0.0	2810.7187875694945	1	0	1.0	1.0555789441938972
148287.38871831103	1000.0	1523.3300692584621	0.0	0	0.0	2810.7187875694945	1	0	1.0	1.0555789441938972
149027.32717022722	1000.0	1783.391617342286	0.0	0	0.0	2810.7187875694945	1	0	1.0	1.0555789441938972
150023.2659649259	2000.0	1787.4528226436037	0.0	0	0.0	2810.7187875694945	1	0	1.0	1.0555789441938972
150966.43425435867	2000.0	1844.2845332108484	0.0	0	0.0	2810.7187875694945	1	0	1.0	1.7487261247538424
151891.17786353728	2000.0	1919.5409240322554	0.0	0	0.0	2810.7187875694945	1	0	1.0	1.7487261247538424
153114.23339284383	2000.0	1696.4853947256775	0.0	0	0.0	2810.7187875694945	1	0	1.0	1.7487261247538424
153879.50057016875	2000.0	1931.2182174007412	0.0	0	0.0	2810.7187875694653	1	0	1.0	1.7487261247538468
154657.02660776817	2000.0	2153.6921798013095	0.0	0	0.0	2810.7187875694362	1	0	1.0	1.748726124753851
155475.10532792145	2000.0	2335.6134596480515	0.0	0	0.0	2810.7187875694653	1	0	1.0	1.7487261247538468
156537.19341549507	2000.0	2273.5253720744117	0.0	0	0.0	2810.7187875694653	1	0	1.0	1.7487261247538468
157436.029029684	2000.0	2374.689757885478	0.0	0	0.0	2810.7187875694653	1	0	1.0	1.7487261247538468
158202.31812978632	2000.0	2608.4006577831556	0.0	0	0.0	2810.7187875694653	1	0	1.0	1.7487261247538468
159200.0	2000.0	2610.71878756946	0.0	0	317.21810944535537	2810.7187875694653	1	0	1.0	1.7487261247538468
160405.15796892712	2000.0	2405.560818642346	0.0	0	0.0	2810.7187875694945	1	0	1.0	1.7487261247538441
161249.49805631372	2000.0	2561.220731255721	0.0	0	0.0	2810.7187875694945	1	0	1.0	1.7487261247538424
162200.0	2000.0	2610.7187875694385	0.0	0	110.08235692873131	2810.7187875695236	1	0	1.0	1.7487261247538406
163200.0	2000.0	2610.718787569458	0.0	0	236.33085952236434	2810.7187875695236	1	0	1.0	1.748726124753838
164390.71107358576	2000.0	2420.0077139837063	0.0	0	0.0	2810.7187875695527	1	0	1.0	1.7487261247538344
165660.4532296717	2000.0	2150.2655578977656	0.0	0	0.0	2810.7187875695236	1	0	1.0	1.748726124753838
166420.81549841294	2000.0	2389.903289156553	0.0	0	0.0	2810.7187875695236	1	0	1.0	1.748726124753838
167200.0	2000.0	2610.7187875695017	0.0	0	39.07576991827227	2810.7187875695527	1	0	1.0	1.7487261247538335
168200.0	2000.0	2610.7187875695317	0.0	0	126.86185851081973	2810.7187875695527	1	0	1.0	1.7487261247538335
169217.20334720676	2000.0	2593.51544036277	0.0	0	0.0	2810.7187875695236	1	0	1.0	1.7487261247538362
170428.0085034231	2000.0	2382.710284146416	0.0	0	0.0	2810.7187875695236	1	0	1.0	1.748726124753838
171338.29786274748	2000.0	2472.420924822064	0.0	0	0.0	2810.7187875695527	1	0	1.0	1.7487261247538335
172544.19420795672	2000.0	2266.5245796128447	0.0	0	0.0	2810.7187875695236	1	0	1.0	1.748726124753838
173454.76102951998	2000.0	2355.9577580495948	0.0	0	0.0	2810.7187875695236	1	0	1.0	1.748726124753838
174300.31005189838	2000.0	2510.4087356711702	0.0	0	0.0	2810.7187875695236	1	0	1.0	1.748726124753838
175462.0463772211	2000.0	2348.6724103484685	0.0	0	0.0	2810.7187875695527	1	0	1.0	1.7487261247538344
176205.94921463644	2000.0	2604.769572933118	0.0	0	0.0	2810.7187875695527	1	0	1.0	1.7487261247538335
177200.0	2000.0	2610.7187875695317	0.0	0	17.409525624185335	2810.7187875695236	1	0	1.0	1.748726124753838
178447.49391173886	2000.0	2363.224875830689	0.0	0	0.0	2810.7187875695236	1	0	1.0	1.748726124753838
179747.7346436429	2000.0	2062.9841439266506	0.0	0	0.0	2810.7187875695236	1	0	1.0	1.748726124753838
180523.36352010866	2000.0	2287.3552674608804	0.0	0	0.0	2810.7187875695236	1	0	1.0	1.748726124753838
181731.9210685091	2000.0	2078.797719060444	0.0	0	0.0	2810.7187875694945	1	0	1.0	1.7487261247538424
182582.0433974112	2000.0	2228.6753901583484	0.0	0	0.0	2810.7187875695236	1	0	1.0	1.748726124753838
183421.01891215003	2000.0	2389.6998754195047	0.0	0	0.0	2810.7187875695236	1	0	1.0	1.748726124753838
184238.5155124563	2000.0	2572.203275113249	0.0	0	0.0	2810.7187875694945	1	0	1.0	1.7487261247538424
185200.0	2000.0	2610.7187875695445	0.0	0	232.41199269148638	2810.7187875694653	1	0	1.0	1.7487261247538468
186327.61290311613	2000.0	2483.1058844533936	0.0	0	0.0	2810.7187875694653	1	0	1.0	1.7487261247538468
187542.83053426817	2000.0	2267.8882533013025	0.0	0	0.0	2810.7187875694653	1	0	1.0	1.7487261247538468
188524.5402388516	2000.0	2286.178548717888	0.0	0	0.0	2810.7187875694653	1	0	1.0	1.7487261247538468
189312.38174181725	2000.0	2498.3370457522474	0.0	0	0.0	2810.7187875694653	1	0	1.0	1.7487261247538468
190497.41492604505	2000.0	2313.3038615244964	0.0	0	0.0	2810.7187875694653	1	0	1.0	1.7487261247538468
191523.12554951722	2000.0	2287.5932380523222	0.0	0	0.0	2810.7187875694653	1	0	1.0	1.7487261247538468
192280.71889829697	2000.0	2529.9998892725657	0.0	0	0.0	2810.7187875694653	1	0	1.0	1.7487261247538468
193371.55696361864	2000.0	2439.1618239509244	0.0	0	0.0	2810.7187875694653	1	0	1.0	1.7487261247538468
194661.59493075477	2000.0	2149.123856814812	0.0	0	0.0	2810.7187875694945	1	0	1.0	1.7487261247538424
195611.83863478416	2000.0	2198.880152785413	0.0	0	0.0	2810.7187875694945	1	0	1.0	1.7487261247538424
196432.19417300684	2000.0	2378.5246145627566	0.0	0	0.0	2810.7187875695236	1	0	1.0	1.748726124753838
197455.57213689337	2000.0	2355.1466506762235	0.0	0	0.0	2810.7187875695236	1	0	1.0	1.7487261247538388
198583.2111320374	2000.0	2227.507655532192	0.0	0	0.0	2810.7187875695236	1	0	1.0	1.748726124753838
199882.0400173587	2000.0	1928.678770210868	0.0	0	0.0	2810.7187875695236	1	0	1.0	1.748726124753838
201033.50548558813	2000.0	1777.2133019814146	0.0	0	0.0	2810.7187875694945	1	0	1.0	1.7487261247538388
201996.201870036	2000.0	1814.516917533542	0.0	0	0.0	2810.7187875694945	1	0	1.0	1.7487261247538424
202771.1876769283	2000.0	2039.5311106412184	0.0	0	0.0	2810.7187875695236	1	0	1.0	1.748726124753838
204475.91142237213	3000.0	1334.8073651973768	0.0	0	0.0	2810.7187875695236	1	0	1.0	1.7487261247538382
205678.55972499197	2000.0	1132.1590625775393	0.0	0	0.0	2810.7187875694945	1	0	1.0	1.3432610166456778
206488.86650685954	2000.0	1321.852280709941	0.0	0	0.0	2810.7187875694945	1	0	1.0	1.7487261247538424
207167.19115175802	2000.0	1643.527635811481	0.0	0	0.0	2810.7187875694945	1	0	1.0	1.7487261247538424
207994.27426454527	2000.0	1816.4445230242202	0.0	0	0.0	2810.7187875694945	1	0	1.0	1.7487261247538424
208807.9597667628	2000.0	2002.759020806699	0.0	0	0.0	2810.7187875694945	1	0	1.0	1.7487261247538424
209522.4747092317	2000.0	2288.2440783378256	0.0	0	0.0	2810.7187875694945	1	0	1.0	1.7487261247538424
210399.81242673143	2000.0	2410.906360838122	0.0	0	0.0	2810.7187875694945	1	0	1.0	1.7487261247538424
211756.5165377342	2000.0	2054.2022498353654	0.0	0	0.0	2810.7187875694945	1	0	1.0	1.7487261247538433
212479.7503905121	2000.0	2330.9683970574883	0.0	0	0.0	2810.7187875694945	1	0	1.0	1.7487261247538424
213577.33768512844	3000.0	2233.381102441154	0.0	0	0.0	2810.7187875694945	1	0	1.0	1.7487261247538426
214272.60040462948	2000.0	2538.118382940132	0.0	0	0.0	2810.7187875694945	1	0	1.0	1.3432610166456778
215200.0	2000.0	2610.7187875696022	0.0	0	251.19628389566788	2810.7187875694945	1	0	1.0	1.7487261247538424
216312.01762331312	3000.0	2498.7011642564894	0.0	0	0.0	2810.7187875694653	1	0	1.0	1.7487261247538453
217200.0	2000.0	2610.7187875695986	0.0	0	58.732803345279535	2810.718787569407	1	0	1.0	1.3432610166456882
218427.5042691772	2000.0	2383.21451839238	0.0	0	0.0	2810.718787569407	1	0	1.0	1.7487261247538555
219524.06452027126	3000.0	2286.6542672983383	0.0	0	0.0	2810.718787569407	1	0	1.0	1.748726124753856
220351.13889668896	2000.0	2459.5798908806564	0.0	0	0.0	2810.7187875694362	1	0	1.0	1.3432610166456873
221634.3822135856	2000.0	2176.3365739840374	0.0	0	0.0	2810.7187875694362	1	0	1.0	1.748726124753851
222413.19135497726	2000.0	2397.527432592372	0.0	0	0.0	2810.7187875694362	1	0	1.0	1.748726124753851
223389.52467925817	2000.0	2421.194108311451	0.0	0	0.0	2810.7187875694362	1	0	1.0	1.748726124753851
224314.28533773994	2000.0	2496.4334498296803	0.0	0	0.0	2810.7187875694362	1	0	1.0	1.748726124753851
225634.7319458777	2000.0	2175.9868416919244	0.0	0	0.0	2810.7187875694362	1	0	1.0	1.748726124753851
226384.66908323648	2000.0	2426.0497043331525	0.0	0	0.0	2810.7187875694362	1	0	1.0	1.748726124753851
227339.95681606667	2000.0	2470.761971502971	0.0	0	0.0	2810.7187875694362	1	0	1.0	1.748726124753851
228200.0	2000.0	2610.7187875696213	0.0	0	160.92218451219378	2810.7187875694362	1	0	1.0	1.748726124753851
229200.0	3000.0	2610.7187875695977	0.0	0	10.62073932547355	2810.7187875694362	1	0	1.0	1.7487261247538515
230688.43345695807	3000.0	2122.2853306115567	0.0	0	0.0	2810.7187875694653	1	0	1.0	2.1541912328620114
231687.26742210673	3000.0	2123.451365462886	0.0	0	0.0	2810.7187875694945	1	0	1.0	2.154191232862007
232883.98772020452	3000.0	1926.7310673650873	0.0	0	0.0	2810.7187875694945	1	0	1.0	2.154191232862007
233822.363037601	3000.0	1988.3557499685942	0.0	0	0.0	2810.7187875694945	1	0	1.0	2.154191232862007
236195.15925497227	3000.0	615.5595325973109	0.0	0	0.0	2810.7187875695236	1	0	1.0	2.1541912328620034
237812.23612498541	2000.0	308.569843344986	310.08718076081107	0	0.0	3120.8059683303873	1	0	1.0	-0.5717445641459185
238677.8489415721	2000.0	557.6679741569767	114.71094739869397	0	0.0	3235.5169157290948	1	0	1.0	0.9816492231395844
239497.26041404906	2000.0	738.2565016799728	0.0	0	0.0	3235.5169157290948	1	0	1.0	1.6699149075317483
240509.39209773595	2000.0	726.1248179930716	0.0	0	0.0	3235.5169157290657	1	0	1.0	1.6699149075317532
241240.65815197886	2000.0	994.8587637502025	0.0	0	0.0	3235.5169157290657	1	0	1.0	1.6699149075317545
242102.58271829088	2000.0	1132.9341974381502	0.0	0	0.0	3235.5169157290657	1	0	1.0	1.6699149075317545
242745.52395154306	2000.0	1489.9929641859715	0.0	0	0.0	3235.5169157290657	1	0	1.0	1.6699149075317545
243629.7880045055	2000.0	1605.7289112235399	0.0	0	0.0	3235.5169157290366	1	0	1.0	1.6699149075317612
244734.7690270147	2000.0	1500.747888714326	0.0	0	0.0	3235.5169157290075	1	0	1.0	1.6699149075317676
245504.12283000757	2000.0	1731.3940857214257	0.0	0	0.0	3235.5169157289783	1	0	1.0	1.6699149075317743
246101.51942932355	2000.0	2133.9974864054243	0.0	0	0.0	3235.5169157290075	1	0	1.0	1.6699149075317676
247017.96656157848	2000.0	2217.550354150497	0.0	0	0.0	3235.5169157290075	1	0	1.0	1.6699149075317676
247792.40984569368	2000.0	2443.107070035261	0.0	0	0.0	3235.5169157290366	1	0	1.0	1.6699149075317612
248769.9269964233	3000.0	2465.58991930561	0.0	0	0.0	3235.5169157290075	1	0	1.0	1.6699149075317679
249909.9035914034	3000.0	2325.613324325526	0.0	0	0.0	3235.5169157290075	1	0	1.0	2.0753800156399325
252143.85505805837	3000.0	1091.6618576705312	0.0	0	0.0	3235.5169157289783	1	0	1.0	2.0753800156399387
253551.59655919002	2000.0	683.9203565388885	0.0	0	0.0	3235.5169157289783	1	0	1.0	1.2644497994236097
254198.02410720623	2000.0	1037.4928085226834	0.0	0	0.0	3235.5169157289783	1	0	1.0	1.6699149075317743
255051.86212632468	2000.0	1183.6547894042624	0.0	0	0.0	3235.5169157289783	1	0	1.0	1.6699149075317743
256069.26675743837	2000.0	1166.2501582906136	0.0	0	0.0	3235.5169157290075	1	0	1.0	1.6699149075317716
257349.58316124848	2000.0	885.9337544805027	0.0	0	0.0	3235.5169157290075	1	0	1.0	1.6699149075317676
258245.72188177292	2000.0	989.7950339560643	0.0	0	0.0	3235.5169157289783	1	0	1.0	1.6699149075317743
259056.4544862037	2000.0	1179.0624295252685	0.0	0	0.0	3235.5169157289783	1	0	1.0	1.6699149075317743
259706.88578179892	2000.0	1528.6311339300332	0.0	0	0.0	3235.5169157289783	1	0	1.0	1.6699149075317743
260412.1698070794	2000.0	1823.347108649569	0.0	0	0.0	3235.5169157289783	1	0	1.0	1.6699149075317743
261031.5480392706	2000.0	2203.968876458376	0.0	0	0.0	3235.5169157289783	1	0	1.0	1.6699149075317743
261750.098271224	2000.0	2485.4186445049986	0.0	0	0.0	3235.5169157290075	1	0	1.0	1.6699149075317676
262465.70055557624	2000.0	2769.8163601527735	0.0	0	0.0	3235.5169157290075	1	0	1.0	1.669914907531765
263610.2984264422	3000.0	2625.2184892868436	0.0	0	0.0	3235.5169157290366	1	0	1.0	1.6699149075317652
264652.94755287416	2000.0	2582.569362854909	0.0	0	0.0	3235.5169157290366	1	0	1.0	1.2644497994235977
265778.50833597535	3000.0	2457.0085797537895	0.0	0	0.0	3235.5169157290366	1	0	1.0	1.6699149075317614
266735.1325421536	3000.0	2500.3843735755518	0.0	0	0.0	3235.5169157290366	1	0	1.0	2.075380015639926
267281.1560668149	3000.0	2954.360848914249	0.0	0	0.0	3235.5169157290366	1	0	1.0	2.075380015639926
268200.0	3000.0	3035.516915729185	0.0	0	407.79579072387423	3235.5169157290366	1	0	1.0	2.075380015639926
269260.04640657915	6000.0	2975.470509150019	0.0	0	0.0	3235.5169157290366	1	0	1.0	2.075380015639926
270342.71860064997	3000.0	2892.7983150792143	0.0	0	38.01279837579932	3235.5169157290366	1	0	1.0	1.382232835079981
274100.9344410645	3000.0	200.0	65.41752533533548	0	0.0	3300.934441064368	1	0	1.0	1.6784021167624004
275772.8127835153	2000.0	200.0	671.8783424507985	0	0.0	3972.812783515139	1	0	1.0	-2.9579175025964304
276399.2002520979	1000.0	694.1995260549998	120.5869946376024	0	0.0	2093.399778152816	1	0	1.0	-6.281655288865684
277155.85358619987	1000.0	937.546191953104	0.0	0	0.0	2093.399778152758	1	0	1.0	1.1350138595198789
277974.92063755356	2000.0	1118.4791405994067	0.0	0	0.0	2093.399778152758	1	0	1.0	1.1350138595198789
279377.2296851029	2000.0	716.1700930501646	0.0	0	0.0	2093.399778152758	1	0	1.0	1.828161040079824
280092.00306306325	2000.0	1001.3967150897791	0.0	0	0.0	2093.3997781526996	1	0	1.0	1.8281610400798267
280971.0935473797	2000.0	1122.3062307732894	0.0	0	0.0	2093.3997781526414	1	0	1.0	1.828161040079833
282815.1259939254	2000.0	278.27378422761507	0.0	0	0.0	2093.3997781526414	1	0	1.0	1.828161040079833
283348.0456574438	1000.0	758.1526975334863	12.798576824319213	0	0.0	2106.19835497695	1	0	1.0	0.36407984540091365
284542.66756075347	2000.0	563.5307942238277	0.0	0	0.0	2106.19835497695	1	0	1.0	1.134018486906774
285070.85119073145	1000.0	1035.3471642458003	0.0	0	0.0	2106.198354976892	1	0	1.0	0.4408713063468316
286080.43857784115	2000.0	1025.759777136051	0.0	0	0.0	2106.198354976834	1	0	1.0	1.134018486906783
286704.8945301879	2000.0	1401.30382478931	0.0	0	0.0	2106.198354976834	1	0	1.0	1.8271656674667283
287404.13521868805	2000.0	1702.0631362891634	0.0	0	0.0	2106.1983549767756	1	0	1.0	1.8271656674667327
288852.66771682154	2000.0	1253.5306381556325	0.0	0	0.0	2106.198354976659	1	0	1.0	1.827165667466741
290994.725721145	2000.0	200.0	88.52736616779681	0	0.0	2194.725721144525	1	0	1.0	1.293290540407292
291784.2201330152	1000.0	571.3541502494538	160.84856211971874	0	0.0	2355.574283264228	1	0	1.0	-0.5462580659103604
292295.7961462815	1000.0	1059.7781369831496	0.0	0	0.0	2355.574283264228	1	0	1.0	1.1119804873678971
293544.51109830145	2000.0	811.06318496315	0.0	0	0.0	2355.5742832642864	1	0	1.0	1.1119804873678911
294960.8195096772	2000.0	394.75477358742285	0.0	0	0.0	2355.5742832643446	1	0	1.0	1.8051276679278307
295949.009110479	1000.0	511.7374634093272	105.17229062369199	0	0.0	2460.7465738879982	1	0	1.0	-0.22318063349344647
296501.37585985684	1000.0	959.3707140314378	0.0	0	0.0	2460.74657388794	1	0	1.0	1.1010002908086622
297161.87049834087	1000.0	1298.8760755473727	0.0	0	0.0	2460.74657388794	1	0	1.0	1.1010002908086622
297834.3425673775	1000.0	1626.4040065107247	0.0	0	0.0	2460.74657388794	1	0	1.0	1.1010002908086622
298343.92685781955	1000.0	2116.819716068622	0.0	0	0.0	2460.746573887882	1	0	1.0	1.1010002908086687
299254.6336295034	2000.0	2206.112944384693	0.0	0	0.0	2460.7465738878236	1	0	1.0	1.101000290808675
300444.92947924905	2000.0	2015.817094639069	0.0	0	0.0	2460.7465738878236	1	0	1.0	1.79414747136862
301232.85147743573	2000.0	2227.895096452366	0.0	0	0.0	2460.746573887882	1	0	1.0	1.7941474713686136
302200.0	2000.0	2260.7465738880564	0.0	0	12.113453315396328	2460.746573887882	1	0	1.0	1.7941474713686136
303200.0	2000.0	2260.746573888051	0.0	0	60.264285757613834	2460.746573887882	1	0	1.0	1.7941474713686136
304389.88972081046	2000.0	2070.856853077605	0.0	0	0.0	2460.746573887882	1	0	1.0	1.7941474713686136
305200.0	2000.0	2260.746573887982	0.0	0	80.35042501636781	2460.7465738878236	1	0	1.0	1.7941474713686176
306200.0	2000.0	2260.7465738879887	0.0	0	177.62077496020356	2460.746573887882	1	0	1.0	1.7941474713686136
307200.0	2000.0	2260.746573887967	0.0	0	308.07540082384367	2460.746573887882	1	0	1.0	1.7941474713686136
308200.0	2000.0	2260.7465738879123	0.0	0	4.66800663957838	2460.7465738878236	1	0	1.0	1.7941474713686176
2.22584	2.10184	2.22184	2.29984	2.41384	2.41584	2.29784	2.29584	2.30584	2.29784	2.20384	2.1538399999999998	2.01384	2.13384	2.28184	2.14784	2.22384	2.1618399999999998	2.15184	2.31784	2.44584	2.45784	2.23584	2.16584	2.10384	2.08384	2.01784	2.17184	2.16384	2.17584	2.1538399999999998	2.1778399999999998	2.08984	2.09984	2.09584	2.21184	2.26384	2.29384	2.32984	2.06184	2.05584	2.21784	2.41184	2.24784	2.07984	2.11584	2.07984	2.20184	2.37384	3.35	2.56	1.88	2.41	3.09	3.49	2.22	2.35	2.53	1.68	2.78	1.91	2.35	3.16	2.62	2.05	2.42	2.68	1.85	1.83	2.42	2.72	1.42	1.67	2.31	3.17	3.31	1.92	2.33	2.72	3.53	2.9	1.93	1.56	1.15	1.82	2.12	2.7	1.81	2.5	2.39	2.36	2.19	2.59	2.88	2.98	2.65	2.28	1.77	1.41	1.8497826086956521	1.9817826086956523	2.8097826086956523	2.4857826086956525	2.041782608695652	1.6817826086956522	2.101782608695652	2.641782608695652	2.593782608695652	2.425782608695652	2.929782608695652	2.3657826086956524	2.2217826086956523	3.157782608695652	3.973782608695652	5.233782608695652	5.185782608695652	2.869782608695652	0.8537826086956524	0.5897826086956524	0.3857826086956524	0.9137826086956524	1.6337826086956522	1.0697826086956521	1.549782608695652	2.041782608695652	1.5017826086956525	2.3657826086956524	2.893782608695652	1.5977826086956521	1.2017826086956522	1.8377826086956524	1.7897826086956523	2.101782608695652	2.6297826086956517	2.2457826086956523	1.1057826086956521	0.8177826086956523	1.2737826086956523	1.6457826086956522	1.7657826086956523	1.8617826086956522	0.8897826086956524	1.3697826086956524	1.5857826086956521	1.3577826086956524	1.864	1.996	1.996	2.134	2.23784	2.22584	2.10184	2.22184	2.29984	2.41384	2.41584	2.29784	2.29584	2.30584	2.29784	2.20384	2.1538399999999998	2.01384	2.13384	2.28184	2.14784	2.22384	2.1618399999999998	2.15184	2.31784	2.44584	2.45784	2.23584	2.16584	2.10384	2.08384	2.01784	2.17184	2.16384	2.17584	2.1538399999999998	2.1778399999999998	2.08984	2.09984	2.09584	2.21184	2.26384	2.29384	2.32984	2.06184	2.05584	2.21784	2.41184	2.24784	2.07984	2.11584	2.07984	2.20184	2.37384	3.35	2.56	1.88	2.41	3.09	3.49	2.22	2.35	2.53	1.68	2.78	1.91	2.35	3.16	2.62	2.05	2.42	2.68	1.85	1.83	2.42	2.72	1.42	1.67	2.31	3.17	3.31	1.92	2.33	2.72	3.53	2.9	1.93	1.56	1.15	1.82	2.12	2.7	1.81	2.5	2.39	2.36	2.19	2.59	2.88	2.98	2.65	2.28	1.77	1.41	1.8497826086956521	1.9817826086956523	2.8097826086956523	2.4857826086956525	2.041782608695652	1.6817826086956522	2.101782608695652	2.641782608695652	2.593782608695652	2.425782608695652	2.929782608695652	2.3657826086956524	2.2217826086956523	3.157782608695652	3.973782608695652	5.233782608695652	5.185782608695652	2.869782608695652	0.8537826086956524	0.5897826086956524	0.3857826086956524	0.9137826086956524	1.6337826086956522	1.0697826086956521	1.549782608695652	2.041782608695652	1.5017826086956525	2.3657826086956524	2.893782608695652	1.5977826086956521	1.2017826086956522	1.8377826086956524	1.7897826086956523	2.101782608695652	2.6297826086956517	2.2457826086956523	1.1057826086956521	0.8177826086956523	1.2737826086956523	1.6457826086956522	1.7657826086956523	1.8617826086956522	0.8897826086956524	1.3697826086956524	1.5857826086956521	1.3577826086956524	1.864	1.996	1.996	2.134	2.23784	2.22584	2.10184	2.22184	2.29984	2.41384	2.41584	2.29784	2.29584	2.30584
1.0	2.0	3.0	4.0	5.0	6.0	7.0	8.0	9.0	10.0	11.0	12.0	13.0	14.0	15.0	16.0	17.0	18.0	19.0	20.0	21.0	22.0	23.0	24.0	25.0	26.0	27.0	28.0	29.0	30.0	31.0	32.0	33.0	34.0	35.0	36.0	37.0	38.0	39.0	40.0	41.0	42.0	43.0	44.0	45.0	46.0	47.0	48.0	49.0	50.0	51.0	52.0	53.0	54.0	55.0	56.0	57.0	58.0	59.0	60.0	61.0	62.0	63.0	64.0	65.0	66.0	67.0	68.0	69.0	70.0	71.0	72.0	73.0	74.0	75.0	76.0	77.0	78.0	79.0	80.0	81.0	82.0	83.0	84.0	85.0	86.0	87.0	88.0	89.0	90.0	91.0	92.0	93.0	94.0	95.0	96.0	97.0	98.0	99.0	100.0	101.0	102.0	103.0	104.0	105.0	106.0	107.0	108.0	109.0	110.0	111.0	112.0	113.0	114.0	115.0	116.0	117.0	118.0	119.0	120.0	121.0	122.0	123.0	124.0	125.0	126.0	127.0	128.0	129.0	130.0	131.0	132.0	133.0	134.0	135.0	136.0	137.0	138.0	139.0	140.0	141.0	142.0	143.0	144.0	145.0	146.0	147.0	148.0	149.0	149.0	150.0	151.0	152.0	153.0	154.0	155.0	156.0	157.0	158.0	159.0	160.0	161.0	162.0	163.0	164.0	165.0	166.0	167.0	168.0	169.0	170.0	171.0	172.0	173.0	174.0	175.0	176.0	177.0	178.0	179.0	180.0	181.0	182.0	183.0	184.0	185.0	186.0	187.0	188.0	189.0	190.0	191.0	192.0	193.0	194.0	195.0	196.0	197.0	198.0	199.0	200.0	201.0	202.0	203.0	204.0	205.0	206.0	207.0	208.0	209.0	210.0	211.0	212.0	213.0	214.0	215.0	216.0	217.0	218.0	219.0	220.0	221.0	222.0	223.0	224.0	225.0	226.0	227.0	228.0	229.0	230.0	231.0	232.0	233.0	234.0	235.0	236.0	237.0	238.0	239.0	240.0	241.0	242.0	243.0	244.0	245.0	246.0	247.0	248.0	249.0	250.0	251.0	252.0	253.0	254.0	255.0	256.0	257.0	258.0	259.0	260.0	261.0	262.0	263.0	264.0	265.0	266.0	267.0	268.0	269.0	270.0	271.0	272.0	273.0	274.0	275.0	276.0	277.0	278.0	279.0	280.0	281.0	282.0	283.0	284.0	285.0	286.0	287.0	288.0	289.0	290.0	291.0	292.0	293.0	294.0	295.0	296.0	297.0	298.0	298.0	299.0	300.0	301.0	302.0	303.0	304.0	305.0	306.0	307.0
3912.041892162811
