4066.9346502292365	300.0	2000.0	253.6391269649678	0	0.0	4066.9346502292365	1	0	1.0	-1.9933409625223182
5604.092546101125	2000.0	1462.8421041281117	0.0	0	0.0	4066.9346502292365	1	0	1.0	-0.4957562285485278
7391.05747620499	2000.0	675.877174024247	0.0	0	0.0	4066.934650229237	1	0	1.0	1.4013637563373535
8688.607267879095	2000.0	378.3273823501416	0.0	0	0.0	4066.9346502292365	1	0	1.0	1.4013637563373535
10150.84922123859	2000.0	210.51439088731266	294.4289618966652	0	0.0	4361.363612125901	1	0	1.0	-0.5101660735503017
10952.444071581236	1000.0	596.5765020541218	187.65696150945567	0	0.0	2549.0205736353582	1	0	1.0	-6.7281843094243365
11900.661991990903	1000.0	648.3585816444556	0.0	0	0.0	2549.0205736353582	1	0	1.0	1.0909046401923415
12894.324756237214	1000.0	654.6958173981461	0.0	0	0.0	2549.02057363536	1	0	1.0	1.0909046401923412
13925.96759205518	1000.0	623.0529815801808	0.0	0	0.0	2549.02057363536	1	0	1.0	1.0909046401923412
14706.3195522125	1000.0	842.7010214228609	0.0	0	0.0	2549.02057363536	1	0	1.0	1.0909046401923412
15688.4403621342	1000.0	860.5802115011597	0.0	0	0.0	2549.02057363536	1	0	1.0	1.0909046401923412
16474.103485044758	1000.0	1074.9170885906042	0.0	0	0.0	2549.0205736353582	1	0	1.0	1.0909046401923412
17408.932928934813	1000.0	1140.0876447005512	0.0	0	0.0	2549.020573635362	1	0	1.0	1.0909046401923408
18510.96806984359	1000.0	1038.0525037917719	0.0	0	0.0	2549.0205736353582	1	0	1.0	1.0909046401923412
19603.403415953588	1000.0	945.6171576817738	0.0	0	0.0	2549.0205736353564	1	0	1.0	1.0909046401923417
20298.756732166425	1000.0	1250.263841468937	0.0	0	0.0	2549.0205736353564	1	0	1.0	1.0909046401923417
21009.75904834706	1000.0	1539.261525288303	0.0	0	0.0	2549.02057363536	1	0	1.0	1.0909046401923412
21528.727775487994	1000.0	2020.292798147367	0.0	0	0.0	2549.02057363536	1	0	1.0	1.0909046401923412
23171.718245697895	2000.0	1377.3023279374643	0.0	0	0.0	2549.02057363536	1	0	1.0	1.0909046401923415
24184.793149870125	1000.0	1364.2274237652346	0.0	0	0.0	2549.02057363536	1	0	1.0	0.39775745963239634
25225.043662368735	1000.0	1323.9769112666304	0.0	0	0.0	2549.02057363536	1	0	1.0	1.0909046401923412
25992.433605178572	1000.0	1556.5869684567926	0.0	0	0.0	2549.02057363536	1	0	1.0	1.0909046401923412
27476.73786964649	2000.0	1072.2827039888734	0.0	0	0.0	2549.0205736353564	1	0	1.0	1.0909046401923417
29847.806593973422	2000.0	200.0	498.78602033806084	0	0.0	3047.8065939734224	1	0	1.0	-1.2334908545943384
31240.983299246764	1000.0	288.70625342128994	481.8829586946299	0	0.0	3529.689552668053	1	0	1.0	-2.68244529579957
32922.77516425525	1000.0	200.0	593.0856115871957	0	0.0	4122.775164255247	1	0	1.0	-2.862120102117883
33371.127276183215	500.0	768.1118906035483	16.4640025315135	0	0.0	2139.239166786767	1	0	1.0	-6.35368679234424
34489.434526958554	1000.0	649.8046398282077	0.0	0	0.0	2139.2391667867632	1	0	1.0	0.4382444034047867
35625.26634056284	1000.0	513.9728262239263	0.0	0	0.0	2139.2391667867632	1	0	1.0	1.1313915839647322
36851.48141887039	1000.0	287.757747916368	0.0	0	0.0	2139.239166786756	1	0	1.0	1.1313915839647328
37494.198968638106	500.0	680.0165282364637	34.9763300878156	0	0.0	2174.2154968745745	1	0	1.0	-0.46763372008658
38997.28882735538	1000.0	242.41782353601957	65.49115401683716	0	0.0	2239.706650891414	1	0	1.0	0.03711717271640941
39481.21176585882	500.0	761.2860204921345	2.7911354595514695	0	0.0	2242.4977863509703	1	0	1.0	-0.28041608093271003
40280.03511643649	1000.0	962.4626699144674	0.0	0	0.0	2242.497786350963	1	0	1.0	0.4294779123845449
41334.12055025288	1000.0	908.3772360980798	0.0	0	0.0	2242.497786350963	1	0	1.0	1.1226250929444903
42461.64252492347	1000.0	780.8552614274957	0.0	0	0.0	2242.497786350963	1	0	1.0	1.1226250929444903
43110.32286450982	1000.0	1132.174921841142	0.0	0	0.0	2242.4977863509557	1	0	1.0	1.122625092944491
43793.90900491875	1000.0	1448.5887814322136	0.0	0	0.0	2242.4977863509557	1	0	1.0	1.122625092944491
44515.660404450675	1000.0	1726.8373819002904	0.0	0	0.0	2242.4977863509557	1	0	1.0	1.122625092944491
46405.489144032574	2000.0	837.0086423183847	0.0	0	0.0	2242.4977863509557	1	0	1.0	1.1226250929444908
47497.86799556314	1000.0	744.6297907878286	0.0	0	0.0	2242.4977863509557	1	0	1.0	0.4294779123845457
48294.70358730804	1000.0	947.7941990429296	0.0	0	0.0	2242.4977863509557	1	0	1.0	1.122625092944491
49444.02695589879	1000.0	798.4708304521787	0.0	0	0.0	2242.4977863509557	1	0	1.0	1.122625092944491
50495.84606039855	1000.0	746.6517259524253	0.0	0	0.0	2242.4977863509557	1	0	1.0	1.122625092944491
51728.65187621568	1000.0	513.845910135296	0.0	0	0.0	2242.4977863509557	1	0	1.0	1.122625092944491
52688.120068899945	1000.0	554.3777174510228	0.0	0	0.0	2242.4977863509557	1	0	1.0	1.122625092944491
53520.07775968451	1000.0	722.4200266664615	0.0	0	0.0	2242.4977863509557	1	0	1.0	1.122625092944491
54425.77804518127	1000.0	816.7197411696909	0.0	0	0.0	2242.4977863509484	1	0	1.0	1.1226250929444916
55659.45348730476	1000.0	583.0442990462017	0.0	0	0.0	2242.497786350941	1	0	1.0	1.1226250929444923
56480.65168167175	1000.0	761.8461046792124	0.0	0	0.0	2242.497786350941	1	0	1.0	1.1226250929444923
57794.8888289074	1000.0	447.6089574435517	0.0	0	0.0	2242.497786350941	1	0	1.0	1.1226250929444923
59028.41534472613	1000.0	362.012526293366	147.93008466853507	0	0.0	2390.4278710194776	1	0	1.0	0.22088160957622127
59979.783789421694	1000.0	502.1514778159807	91.50739621817982	0	0.0	2481.93526723767	1	0	1.0	0.5496085924186354
60860.708918169956	1000.0	621.2263490677195	0.0	0	0.0	2481.93526723767	1	0	1.0	1.0986529697277143
62064.438515202484	1000.0	417.49675203518996	0.0	0	0.0	2481.9352672376626	1	0	1.0	1.0986529697277152
63088.871416245	1000.0	484.4740457506542	91.41019475798132	0	0.0	2573.345461995639	1	0	1.0	0.5395111297859569
64038.981386082734	1000.0	534.3640759129163	0.0	0	0.0	2573.345461995639	1	0	1.0	1.087972298333845
64754.43297477453	1000.0	818.9124872211166	0.0	0	0.0	2573.345461995639	1	0	1.0	1.087972298333845
65556.99055828505	1000.0	1016.3549037106065	0.0	0	0.0	2573.3454619956537	1	0	1.0	1.087972298333844
66558.67850650352	1000.0	1014.6669554921307	0.0	0	0.0	2573.3454619956465	1	0	1.0	1.0879722983338436
67901.24472744198	1000.0	672.1007345536509	0.0	0	0.0	2573.345461995632	1	0	1.0	1.0879722983338451
68770.61710007554	1000.0	802.7283619200979	0.0	0	0.0	2573.3454619956465	1	0	1.0	1.087972298333845
69710.8182572878	1000.0	862.5272047078377	0.0	0	0.0	2573.3454619956465	1	0	1.0	1.087972298333844
70840.26744985548	1000.0	733.078012140151	0.0	0	0.0	2573.3454619956465	1	0	1.0	1.087972298333844
71580.86219039807	1000.0	992.4832715975749	0.0	0	0.0	2573.345461995661	1	0	1.0	1.0879722983338422
72398.41702557879	1000.0	1174.9284364168452	0.0	0	0.0	2573.345461995661	1	0	1.0	1.0879722983338422
73680.55298358542	1000.0	892.7924784102094	0.0	0	0.0	2573.3454619956756	1	0	1.0	1.0879722983338405
74931.21136135198	1000.0	642.1341006436724	0.0	0	0.0	2573.3454619956756	1	0	1.0	1.0879722983338405
76086.25720914887	1000.0	487.0882528467765	0.0	0	0.0	2573.3454619956756	1	0	1.0	1.0879722983338405
77158.51991337433	1000.0	414.82554862131286	0.0	0	0.0	2573.345461995661	1	0	1.0	1.0879722983338422
78015.79729585211	1000.0	557.5481661435449	0.0	0	0.0	2573.345461995661	1	0	1.0	1.0879722983338422
79106.20664100256	1000.0	467.1388209931014	0.0	0	0.0	2573.345461995661	1	0	1.0	1.0879722983338422
79891.3284860886	1000.0	682.0169759070388	0.0	0	0.0	2573.345461995661	1	0	1.0	1.0879722983338422
80773.65315639983	1000.0	799.6923055958139	0.0	0	0.0	2573.345461995661	1	0	1.0	1.0879722983338422
82043.95076436109	1000.0	529.3946976345604	0.0	0	0.0	2573.345461995661	1	0	1.0	1.0879722983338422
83164.2391520125	1000.0	434.4542050650882	25.347895081926907	0	0.0	2598.6933570775873	1	0	1.0	0.9327573111447665
83957.17276865066	1000.0	641.5205884269303	0.0	0	0.0	2598.6933570775873	1	0	1.0	1.084844681636328
85153.44738060255	1000.0	445.2459764750409	0.0	0	0.0	2598.6933570775873	1	0	1.0	1.084844681636328
86292.60803343932	1000.0	365.712002409619	59.62667877133882	0	0.0	2658.3200358489266	1	0	1.0	0.7194285303513634
87208.96250138724	1000.0	541.6288945414913	92.27136007980124	0	0.0	2750.5913959287427	1	0	1.0	0.5108425599169596
87937.73893919436	1000.0	812.8524567343869	0.0	0	0.0	2750.5913959287427	1	0	1.0	1.064470720395767
88908.99742990159	1000.0	841.5939660271664	0.0	0	0.0	2750.5913959287427	1	0	1.0	1.064470720395767
89914.15473567047	1000.0	836.4366602582813	0.0	0	0.0	2750.5913959287427	1	0	1.0	1.064470720395767
90792.35253988946	1000.0	958.2388560392901	0.0	0	0.0	2750.5913959287427	1	0	1.0	1.064470720395767
91614.46256234848	1000.0	1136.1288335802833	0.0	0	0.0	2750.5913959287573	1	0	1.0	1.064470720395765
92589.69556500824	1000.0	1160.8958309205168	0.0	0	0.0	2750.5913959287573	1	0	1.0	1.064470720395765
93597.19013103213	1000.0	1153.4012648966138	0.0	0	0.0	2750.5913959287573	1	0	1.0	1.064470720395765
94494.26978050635	1000.0	1256.3216154223849	0.0	0	0.0	2750.591395928772	1	0	1.0	1.0644707203957628
95634.41163007454	1000.0	1116.179765854204	0.0	0	0.0	2750.591395928772	1	0	1.0	1.0644707203957628
96771.60545758954	1000.0	978.985938339202	0.0	0	0.0	2750.591395928772	1	0	1.0	1.0644707203957628
97847.3203116578	1000.0	903.2710842709575	0.0	0	0.0	2750.591395928772	1	0	1.0	1.0644707203957628
98798.6532862862	1000.0	951.9381096425614	0.0	0	0.0	2750.5913959287864	1	0	1.0	1.0644707203957608
99827.3670685474	1000.0	923.2243273813392	0.0	0	0.0	2750.591395928772	1	0	1.0	1.0644707203957628
100468.90723580062	1000.0	1281.6841601281258	0.0	0	0.0	2750.591395928772	1	0	1.0	1.0644707203957628
101283.22222507671	1000.0	1467.3691708520228	0.0	0	0.0	2750.5913959287864	1	0	1.0	1.0644707203957608
101962.2721118104	1000.0	1788.319284118329	0.0	0	0.0	2750.5913959287864	1	0	1.0	1.0644707203957608
102967.27328627308	1000.0	1783.3181096556477	0.0	0	0.0	2750.5913959287864	1	0	1.0	1.0644707203957608
104049.55517251667	1000.0	1701.0362234120435	0.0	0	0.0	2750.5913959287864	1	0	1.0	1.0644707203957608
105236.41912043125	1000.0	1514.1722754974712	0.0	0	0.0	2750.5913959287864	1	0	1.0	1.0644707203957608
106272.8371181446	1000.0	1477.7542777841197	0.0	0	0.0	2750.5913959287864	1	0	1.0	1.0644707203957608
107244.92458037092	1000.0	1505.6668155577847	0.0	0	0.0	2750.5913959287864	1	0	1.0	1.0644707203957608
108410.197514689	1000.0	1340.3938812396914	0.0	0	0.0	2750.5913959287864	1	0	1.0	1.0644707203957608
109198.86369940358	1000.0	1551.727696525126	0.0	0	0.0	2750.591395928801	1	0	1.0	1.0644707203957586
109979.08692466626	1000.0	1771.5044712624426	0.0	0	0.0	2750.591395928801	1	0	1.0	1.0644707203957586
110702.03563989059	1000.0	2048.5557560381094	0.0	0	0.0	2750.591395928801	1	0	1.0	1.0644707203957586
111605.70494855123	1000.0	2144.8864473774856	0.0	0	0.0	2750.5913959288155	1	0	1.0	1.0644707203957566
112487.74642614496	1000.0	2262.844969783749	0.0	0	0.0	2750.5913959288155	1	0	1.0	1.0644707203957566
113477.08364409921	1000.0	2273.507751829484	0.0	0	0.0	2750.5913959288155	1	0	1.0	1.0644707203957566
114442.74725565003	1000.0	2307.844140278677	0.0	0	0.0	2750.5913959288155	1	0	1.0	1.0644707203957566
115200.0	1000.0	2550.5913959287004	0.0	0	43.937440088862786	2750.5913959288155	1	0	1.0	1.0644707203957566
116200.0	1000.0	2550.5913959286922	0.0	0	227.0390264170128	2750.5913959288155	1	0	1.0	1.0644707203957566
118210.32852368422	2000.0	1540.262872244468	0.0	0	0.0	2750.591395928801	1	0	1.0	1.0644707203957586
119086.48683691733	1000.0	1664.104559011364	0.0	0	0.0	2750.591395928801	1	0	1.0	0.37132353983581357
120192.97584327118	1000.0	1557.615552657509	0.0	0	0.0	2750.591395928801	1	0	1.0	1.0644707203957586
120838.00258710282	1000.0	1912.5888088258725	0.0	0	0.0	2750.591395928801	1	0	1.0	1.0644707203957586
121553.7808290636	1000.0	2196.8105668650787	0.0	0	0.0	2750.591395928801	1	0	1.0	1.0644707203957586
122615.16121075801	1000.0	2135.4301851706678	0.0	0	0.0	2750.591395928801	1	0	1.0	1.0644707203957586
123689.69358171978	1000.0	2060.8978142089118	0.0	0	0.0	2750.591395928801	1	0	1.0	1.0644707203957586
124601.43456963237	1000.0	2149.1568262963174	0.0	0	0.0	2750.591395928801	1	0	1.0	1.0644707203957586
125388.66755866453	1000.0	2361.923837264165	0.0	0	0.0	2750.5913959287864	1	0	1.0	1.0644707203957608
126336.19358616469	1000.0	2414.397809764007	0.0	0	0.0	2750.591395928772	1	0	1.0	1.0644707203957628
127338.62431062045	1000.0	2411.967085308237	0.0	0	0.0	2750.5913959287864	1	0	1.0	1.0644707203957608
128349.36427627139	1000.0	2401.2271196573042	0.0	0	0.0	2750.5913959287864	1	0	1.0	1.0644707203957608
129200.0	1000.0	2550.5913959286886	0.0	0	154.67148908331	2750.591395928772	1	0	1.0	1.0644707203957628
130568.3319491269	2000.0	2182.259446801778	0.0	0	0.0	2750.591395928772	1	0	1.0	1.0644707203957628
131354.08742962033	1000.0	2396.503966308377	0.0	0	0.0	2750.5913959287864	1	0	1.0	0.37132353983581645
133591.9794244949	2000.0	1158.6119714337974	0.0	0	0.0	2750.5913959287864	1	0	1.0	1.064470720395762
134316.10088018386	1000.0	1434.4905157448113	0.0	0	0.0	2750.5913959287864	1	0	1.0	0.3713235398358157
135274.97788014717	1000.0	1475.6135157815165	0.0	0	0.0	2750.5913959287864	1	0	1.0	1.0644707203957608
136151.3285494448	1000.0	1599.2628464839263	0.0	0	0.0	2750.5913959287864	1	0	1.0	1.0644707203957608
137336.5977659394	1000.0	1413.9936299893532	0.0	0	0.0	2750.5913959287864	1	0	1.0	1.0644707203957608
138406.11106153647	1000.0	1344.4803343922797	0.0	0	0.0	2750.5913959287864	1	0	1.0	1.0644707203957608
139233.27170704605	1000.0	1517.3196888827267	0.0	0	0.0	2750.5913959287864	1	0	1.0	1.0644707203957608
139877.3825588505	1000.0	1873.2088370782583	0.0	0	0.0	2750.5913959287573	1	0	1.0	1.064470720395765
140526.73678833668	1000.0	2223.8546075920854	0.0	0	0.0	2750.5913959287573	1	0	1.0	1.064470720395765
141229.2920136075	1000.0	2521.2993823212273	0.0	0	0.0	2750.5913959287573	1	0	1.0	1.064470720395765
143553.81307529612	2000.0	1196.7783206326374	0.0	0	0.0	2750.5913959287573	1	0	1.0	1.064470720395765
144710.99029655912	1000.0	1039.6010993696523	0.0	0	0.0	2750.5913959287573	1	0	1.0	0.3713235398358199
145716.8676651701	1000.0	1033.7237307586615	0.0	0	0.0	2750.5913959287573	1	0	1.0	1.064470720395765
146717.37977578485	1000.0	1033.2116201438907	0.0	0	0.0	2750.591395928728	1	0	1.0	1.0644707203957693
147357.25616837302	1000.0	1393.3352275557202	0.0	0	0.0	2750.591395928728	1	0	1.0	1.0644707203957693
148047.79925423267	1000.0	1702.7921416960558	0.0	0	0.0	2750.591395928728	1	0	1.0	1.0644707203957693
149045.40549953113	1000.0	1705.1858963976097	0.0	0	0.0	2750.591395928728	1	0	1.0	1.0644707203957693
150056.2373509291	1000.0	1694.3540449996383	0.0	0	0.0	2750.591395928728	1	0	1.0	1.0644707203957693
150937.9083832068	1000.0	1812.6830127218996	0.0	0	0.0	2750.5913959287573	1	0	1.0	1.064470720395765
151580.2456992286	1000.0	2170.345696700092	0.0	0	0.0	2750.5913959287573	1	0	1.0	1.064470720395765
152411.74731581996	1000.0	2338.844080108753	0.0	0	0.0	2750.5913959287864	1	0	1.0	1.0644707203957608
153317.36748065607	1000.0	2433.223915272678	0.0	0	0.0	2750.5913959287864	1	0	1.0	1.0644707203957608
155358.4094744047	2000.0	1392.181921524027	0.0	0	0.0	2750.5913959287573	1	0	1.0	1.0644707203957635
156096.57148928242	1000.0	1654.0199066462778	0.0	0	0.0	2750.5913959287573	1	0	1.0	0.3713235398358199
156605.35379012596	1000.0	2145.23760580273	0.0	0	0.0	2750.5913959287573	1	0	1.0	1.0644707203957666
157696.5807443634	2000.0	2054.0106515653138	0.0	0	0.0	2750.5913959288155	1	0	1.0	1.064470720395759
159015.5897013843	2000.0	1735.0016945444443	0.0	0	0.0	2750.5913959287864	1	0	1.0	1.757617900955706
160299.85873194403	2000.0	1450.7326639847222	0.0	0	0.0	2750.5913959287864	1	0	1.0	1.757617900955706
161830.07086072114	2000.0	920.5205352076277	0.0	0	0.0	2750.5913959288446	1	0	1.0	1.7576179009557005
162997.95379159585	1000.0	752.6376043329138	0.0	0	0.0	2750.5913959288446	1	0	1.0	0.37132353983580735
164025.25873275904	1000.0	725.3326631697175	0.0	0	0.0	2750.5913959288155	1	0	1.0	1.0644707203957566
164735.97036910584	1000.0	1014.6210268229102	0.0	0	0.0	2750.5913959288155	1	0	1.0	1.0644707203957566
165494.99497762878	1000.0	1255.5964182999567	0.0	0	0.0	2750.5913959288155	1	0	1.0	1.0644707203957566
166118.25768255084	1000.0	1632.3337133778996	0.0	0	0.0	2750.5913959288155	1	0	1.0	1.0644707203957566
166841.25978866292	1000.0	1909.3316072658395	0.0	0	0.0	2750.5913959288155	1	0	1.0	1.0644707203957566
168099.6490150329	1000.0	1650.942380895897	0.0	0	0.0	2750.5913959288155	1	0	1.0	1.0644707203957566
169020.16094548118	1000.0	1730.4304504476265	0.0	0	0.0	2750.5913959288446	1	0	1.0	1.0644707203957524
169585.00962362	1000.0	2165.5817723087994	0.0	0	0.0	2750.5913959287864	1	0	1.0	1.0644707203957584
171255.30858227084	2000.0	1495.282813657964	0.0	0	0.0	2750.5913959288155	1	0	1.0	1.0644707203957569
172229.7878102608	1000.0	1520.8035856679987	0.0	0	0.0	2750.5913959288155	1	0	1.0	0.37132353983581146
173748.74777153265	2000.0	1001.8436243961654	0.0	0	0.0	2750.5913959288155	1	0	1.0	1.0644707203957569
174655.57840067195	1000.0	1095.0129952568418	0.0	0	0.0	2750.5913959288155	1	0	1.0	0.37132353983581146
176138.6912293059	2000.0	611.9001666228817	0.0	0	0.0	2750.5913959288155	1	0	1.0	1.0644707203957569
176774.786454572	1000.0	975.8049413567795	0.0	0	0.0	2750.5913959288155	1	0	1.0	0.37132353983581146
177366.01185499693	1000.0	1384.5795409318334	0.0	0	0.0	2750.5913959288155	1	0	1.0	1.0644707203957566
180936.4620332141	2000.0	200.0	1385.870637285357	0	0.0	4136.462033214106	1	0	1.0	-7.48335005693268
181483.82388539374	300.0	720.8613472912664	68.22319947088576	0	0.0	2204.6852326849767	1	0	1.0	-8.384495775030482
182833.499826466	1000.0	371.185406218985	0.0	0	0.0	2204.6852326849767	1	0	1.0	-0.07803659331928448
184115.73271346986	1000.0	335.3445700470875	246.3920508319403	0	0.0	2451.0772835169337	1	0	1.0	-0.37629632508779587
184916.1827038903	1000.0	577.4389801971759	42.54440057055217	0	0.0	2493.6216840874986	1	0	1.0	0.8420717247184863
185628.32623831704	1000.0	865.2954457704209	0.0	0	0.0	2493.6216840874986	1	0	1.0	1.0973381281417993
187233.0595741569	1000.0	260.56210993055277	0.0	0	0.0	2493.6216840875277	1	0	1.0	1.0973381281417967
187946.3055614079	500.0	652.6317626923396	105.31564001276237	0	0.0	2598.9373241002904	1	0	1.0	-0.9333739840671224
188949.40689888818	1000.0	649.5304252120584	0.0	0	0.0	2598.9373241002904	1	0	1.0	0.3916670365693972
190073.2523786794	1000.0	525.684945420809	0.0	0	0.0	2598.9373241002904	1	0	1.0	1.0848142171293427
191442.46157979683	1000.0	300.14815330612294	143.67240900275033	0	0.0	2742.609733103018	1	0	1.0	0.2035799043640191
191757.7226878613	500.0	984.8870452416633	0.0	0	0.0	2742.609733103047	1	0	1.0	-0.32068000273937414
192653.86078614224	1000.0	1088.7489469607494	0.0	0	0.0	2742.609733103047	1	0	1.0	0.3724671778205715
193243.16040193447	1000.0	1499.4493311684955	0.0	0	0.0	2742.609733103047	1	0	1.0	1.0656143583805169
194602.19219249435	2000.0	1140.417540608597	0.0	0	0.0	2742.609733103047	1	0	1.0	1.0656143583805169
195700.37856756852	1000.0	1042.231165534446	0.0	0	0.0	2742.609733103076	1	0	1.0	0.3724671778205675
196555.2626946716	1000.0	1187.3470384313946	0.0	0	0.0	2742.609733103076	1	0	1.0	1.0656143583805127
197837.6537949501	1000.0	904.9559381529015	0.0	0	0.0	2742.609733103047	1	0	1.0	1.065614358380515
198896.3066294385	1000.0	846.3031036645044	0.0	0	0.0	2742.609733103076	1	0	1.0	1.0656143583805127
200209.0441960087	1000.0	533.5655370942968	0.0	0	0.0	2742.609733103047	1	0	1.0	1.0656143583805169
201051.75209857294	1000.0	690.8576345300687	0.0	0	0.0	2742.609733103047	1	0	1.0	1.0656143583805169
202214.44991177568	1000.0	528.1598213273169	0.0	0	0.0	2742.609733103047	1	0	1.0	1.0656143583805169
203164.76861979195	1000.0	577.841113311046	0.0	0	0.0	2742.609733103018	1	0	1.0	1.0656143583805209
204017.78928069337	1000.0	724.8204524096383	0.0	0	0.0	2742.609733103018	1	0	1.0	1.0656143583805209
204932.4432678783	1000.0	810.1664652246926	0.0	0	0.0	2742.6097331029887	1	0	1.0	1.0656143583805242
205846.35737898288	1000.0	896.2523541200991	0.0	0	0.0	2742.6097331029596	1	0	1.0	1.0656143583805293
207042.32396061101	1000.0	700.285772491974	0.0	0	0.0	2742.6097331029596	1	0	1.0	1.0656143583805293
208112.48818401975	1000.0	630.1215490832508	0.0	0	0.0	2742.6097331029596	1	0	1.0	1.0656143583805293
209209.14480370484	1000.0	533.4649293981433	0.0	0	0.0	2742.6097331029596	1	0	1.0	1.0656143583805293
210208.36145365497	1000.0	534.2482794480011	0.0	0	0.0	2742.6097331029887	1	0	1.0	1.065614358380525
211014.52141387516	1000.0	728.0883192278135	0.0	0	0.0	2742.6097331029887	1	0	1.0	1.065614358380525
211942.4667554657	1000.0	800.1429776372984	0.0	0	0.0	2742.6097331029887	1	0	1.0	1.065614358380525
213206.23750261273	1000.0	536.372230490271	0.0	0	0.0	2742.6097331029887	1	0	1.0	1.065614358380525
214085.9235891993	1000.0	656.6861439037324	0.0	0	0.0	2742.6097331029596	1	0	1.0	1.0656143583805293
214942.3906099466	1000.0	800.2191231564163	0.0	0	0.0	2742.6097331029887	1	0	1.0	1.065614358380525
216069.43907264588	1000.0	673.1706604571474	0.0	0	0.0	2742.6097331029887	1	0	1.0	1.065614358380525
217402.91377047182	1000.0	339.69596263119973	0.0	0	0.0	2742.6097331029887	1	0	1.0	1.065614358380525
217889.41882401836	500.0	853.1909090846544	0.0	0	0.0	2742.609733103018	1	0	1.0	-0.32068000273936986
219041.50684497596	1000.0	701.1028881270761	0.0	0	0.0	2742.609733103047	1	0	1.0	0.3724671778205715
220212.90160535646	1000.0	529.7081277465596	0.0	0	0.0	2742.609733103047	1	0	1.0	1.0656143583805169
221181.3087580683	1000.0	561.3009750347043	0.0	0	0.0	2742.609733103076	1	0	1.0	1.0656143583805127
222115.00121619436	1000.0	627.6085169086298	0.0	0	0.0	2742.609733103047	1	0	1.0	1.0656143583805169
223270.47063599052	1000.0	472.1390971124572	0.0	0	0.0	2742.609733103076	1	0	1.0	1.0656143583805127
224176.69470898595	1000.0	565.9150241170244	0.0	0	0.0	2742.609733103047	1	0	1.0	1.0656143583805169
224923.15170575277	1000.0	819.4580273502326	0.0	0	0.0	2742.609733103047	1	0	1.0	1.0656143583805169
226014.93519807042	1000.0	727.6745350325881	0.0	0	0.0	2742.609733103047	1	0	1.0	1.0656143583805169
226770.22391850819	1000.0	972.3858145948329	0.0	0	0.0	2742.609733103047	1	0	1.0	1.0656143583805169
227808.14257822317	1000.0	934.4671548798085	0.0	0	0.0	2742.609733103047	1	0	1.0	1.0656143583805169
228835.837651761	1000.0	906.7720813419526	0.0	0	0.0	2742.609733103018	1	0	1.0	1.0656143583805209
229839.15949482808	1000.0	903.4502382748287	0.0	0	0.0	2742.6097331029887	1	0	1.0	1.0656143583805242
230902.6376109128	1000.0	839.972122190152	0.0	0	0.0	2742.609733103047	1	0	1.0	1.0656143583805175
231784.4173541255	1000.0	958.1923789774524	0.0	0	0.0	2742.609733103076	1	0	1.0	1.0656143583805142
232580.3899293406	1000.0	1162.2198037623405	0.0	0	0.0	2742.609733103076	1	0	1.0	1.0656143583805127
233673.48168001292	1000.0	1069.128053090032	0.0	0	0.0	2742.609733103105	1	0	1.0	1.0656143583805084
234576.89871382696	1000.0	1165.711019275972	0.0	0	0.0	2742.609733103105	1	0	1.0	1.0656143583805084
235330.29937754557	1000.0	1412.3103555573746	0.0	0	0.0	2742.609733103105	1	0	1.0	1.0656143583805084
236224.0343477488	1000.0	1518.5753853541582	0.0	0	0.0	2742.609733103105	1	0	1.0	1.0656143583805084
237255.51711974232	1000.0	1487.0926133606463	0.0	0	0.0	2742.609733103105	1	0	1.0	1.0656143583805084
238281.06715638464	1000.0	1461.542576718346	0.0	0	0.0	2742.609733103105	1	0	1.0	1.0656143583805084
238928.4642591279	1000.0	1814.1454739750873	0.0	0	0.0	2742.609733103105	1	0	1.0	1.0656143583805084
239630.80617528077	1000.0	2111.8035578222616	0.0	0	0.0	2742.609733103134	1	0	1.0	1.065614358380506
241548.9240740772	2000.0	1193.6856590258515	0.0	0	0.0	2742.6097331031633	1	0	1.0	1.0656143583805002
242554.71457024087	1000.0	1187.8951628621758	0.0	0	0.0	2742.6097331031633	1	0	1.0	0.37246717782055505
243683.54082339516	1000.0	1059.0689097078716	0.0	0	0.0	2742.609733103105	1	0	1.0	1.065614358380506
244491.08233451154	1000.0	1251.5273985914791	0.0	0	0.0	2742.609733103105	1	0	1.0	1.0656143583805084
245661.70794301986	1000.0	1080.9017900831768	0.0	0	0.0	2742.609733103105	1	0	1.0	1.0656143583805084
246584.337741563	1000.0	1158.2719915400435	0.0	0	0.0	2742.609733103105	1	0	1.0	1.0656143583805109
247438.58247260805	1000.0	1304.0272604949716	0.0	0	0.0	2742.609733103105	1	0	1.0	1.0656143583805084
248567.91018856148	1000.0	1174.6995445415564	0.0	0	0.0	2742.609733103105	1	0	1.0	1.0656143583805084
249436.37190138295	1000.0	1306.2378317200428	0.0	0	0.0	2742.609733103076	1	0	1.0	1.0656143583805127
250231.5916737783	1000.0	1511.0180593246978	0.0	0	0.0	2742.609733103105	1	0	1.0	1.0656143583805084
251185.04815275478	1000.0	1557.5615803482171	0.0	0	0.0	2742.609733103105	1	0	1.0	1.0656143583805084
252054.88330626657	1000.0	1687.7264268364406	0.0	0	0.0	2742.609733103134	1	0	1.0	1.0656143583805044
252989.13139140914	1000.0	1753.4783416938558	0.0	0	0.0	2742.609733103134	1	0	1.0	1.0656143583805044
254194.49671958	1000.0	1548.1130135229864	0.0	0	0.0	2742.609733103134	1	0	1.0	1.0656143583805044
254944.55855637707	1000.0	1798.051176725882	0.0	0	0.0	2742.6097331031633	1	0	1.0	1.0656143583805002
255818.5696937265	1000.0	1924.040039376482	0.0	0	0.0	2742.6097331031633	1	0	1.0	1.0656143583805002
256829.54945994334	1000.0	1913.0602731596064	0.0	0	0.0	2742.6097331031633	1	0	1.0	1.0656143583805002
258016.55539580507	1000.0	1726.054337297849	0.0	0	0.0	2742.6097331031633	1	0	1.0	1.0656143583805002
258685.82138487333	1000.0	2056.7883482296047	0.0	0	0.0	2742.609733103134	1	0	1.0	1.0656143583805027
259333.9617394505	1000.0	2408.6479936524333	0.0	0	0.0	2742.609733103105	1	0	1.0	1.0656143583805084
260813.492142948	2000.0	1929.1175901549304	0.0	0	0.0	2742.609733103076	1	0	1.0	1.0656143583805102
261507.38699226142	1000.0	2235.2227408415283	0.0	0	0.0	2742.609733103047	1	0	1.0	0.3724671778205717
262592.0149046726	1000.0	2150.5948284303986	0.0	0	0.0	2742.609733103105	1	0	1.0	1.0656143583805118
263413.30421459407	1000.0	2329.3055185089042	0.0	0	0.0	2742.609733103134	1	0	1.0	1.0656143583805069
264759.0676847409	2000.0	1983.5420483620603	0.0	0	0.0	2742.609733103105	1	0	1.0	1.0656143583805076
265706.2573359928	1000.0	2036.3523971101095	0.0	0	0.0	2742.609733103018	1	0	1.0	0.3724671778205708
266481.7192878592	1000.0	2260.8904452436523	0.0	0	0.0	2742.609733103018	1	0	1.0	1.0656143583805209
267200.0	1000.0	2542.609733102883	0.0	0	30.32857298135059	2742.609733103018	1	0	1.0	1.0656143583805209
269211.74325026857	2000.0	1530.8664828343426	0.0	0	0.0	2742.6097331029596	1	0	1.0	1.065614358380529
270102.5956149487	1000.0	1640.0141181541603	0.0	0	0.0	2742.6097331029596	1	0	1.0	0.37246717782058414
270921.16431994207	1000.0	1821.4454131608127	0.0	0	0.0	2742.6097331029596	1	0	1.0	1.0656143583805293
271883.3442152165	1000.0	1859.265517886341	0.0	0	0.0	2742.6097331029596	1	0	1.0	1.0656143583805293
272980.43453296047	1000.0	1762.1752001424327	0.0	0	0.0	2742.6097331029596	1	0	1.0	1.0656143583805293
273923.64612758363	1000.0	1818.9636055192648	0.0	0	0.0	2742.6097331029596	1	0	1.0	1.0656143583805293
274672.153863118	1000.0	2070.4558699849003	0.0	0	0.0	2742.6097331029596	1	0	1.0	1.0656143583805293
275622.8943304915	1000.0	2119.715402611394	0.0	0	0.0	2742.6097331029596	1	0	1.0	1.0656143583805293
276802.3022753957	1000.0	1940.3074577072027	0.0	0	0.0	2742.6097331029596	1	0	1.0	1.0656143583805293
277469.919201897	1000.0	2272.6905312059785	0.0	0	0.0	2742.609733103018	1	0	1.0	1.0656143583805275
278570.6156794179	1000.0	2171.994053684978	0.0	0	0.0	2742.6097331029596	1	0	1.0	1.0656143583805293
279307.3655868	1000.0	2435.2441463029536	0.0	0	0.0	2742.6097331029014	1	0	1.0	1.0656143583805375
280200.0	1000.0	2542.6097331029755	0.0	0	20.837934709212277	2742.6097331029014	1	0	1.0	1.0656143583805375
282005.9010315829	2000.0	1736.7087015200996	0.0	0	0.0	2742.6097331029014	1	0	1.0	1.0656143583805373
283032.49680932367	1000.0	1710.1129237794087	0.0	0	0.0	2742.6097331029596	1	0	1.0	0.37246717782058414
283973.8304267768	1000.0	1768.7793063262884	0.0	0	0.0	2742.6097331029596	1	0	1.0	1.0656143583805293
284826.4115938774	1000.0	1916.1981392256575	0.0	0	0.0	2742.6097331029596	1	0	1.0	1.0656143583805293
286053.20565067785	1000.0	1689.4040824252754	0.0	0	0.0	2742.609733103018	1	0	1.0	1.0656143583805227
286863.7919079171	1000.0	1878.8178251859742	0.0	0	0.0	2742.609733103076	1	0	1.0	1.0656143583805127
287775.24937008176	1000.0	1967.36036302133	0.0	0	0.0	2742.609733103076	1	0	1.0	1.0656143583805127
288712.5991375937	1000.0	2030.0105955093745	0.0	0	0.0	2742.609733103018	1	0	1.0	1.0656143583805175
289671.7143400859	1000.0	2070.8953930171656	0.0	0	0.0	2742.609733103018	1	0	1.0	1.0656143583805209
290713.9962942463	1000.0	2028.613438856846	0.0	0	0.0	2742.609733103076	1	0	1.0	1.0656143583805175
291389.14325519686	1000.0	2353.4664779062255	0.0	0	0.0	2742.609733103076	1	0	1.0	1.0656143583805127
292200.0	1000.0	2542.6097331030783	0.0	0	148.08917619183194	2742.609733103018	1	0	1.0	1.0656143583805209
294149.2273754971	2000.0	1593.3823576059353	0.0	0	0.0	2742.609733103018	1	0	1.0	1.065614358380521
295086.47273808235	1000.0	1656.1369950207147	0.0	0	0.0	2742.609733103076	1	0	1.0	0.3724671778205675
295790.2187868056	1000.0	1952.3909462974698	0.0	0	0.0	2742.609733103018	1	0	1.0	1.0656143583805193
296863.34922934516	1000.0	1879.2605037578328	0.0	0	0.0	2742.609733103018	1	0	1.0	1.0656143583805209
297624.155516613	1000.0	2118.454216489988	0.0	0	0.0	2742.609733103018	1	0	1.0	1.0656143583805209
298397.90445389244	1000.0	2344.7052792105105	0.0	0	0.0	2742.609733103018	1	0	1.0	1.0656143583805209
299282.80096604297	1000.0	2459.8087670599434	0.0	0	0.0	2742.609733103018	1	0	1.0	1.0656143583805209
300575.4834185208	2000.0	2167.126314582092	0.0	0	0.0	2742.609733103018	1	0	1.0	1.065614358380521
301569.1194688545	1000.0	2173.4902642483476	0.0	0	0.0	2742.609733103018	1	0	1.0	0.3724671778205758
302390.1705298431	1000.0	2352.439203259721	0.0	0	0.0	2742.609733103018	1	0	1.0	1.0656143583805209
303246.6767623432	1000.0	2495.932970759574	0.0	0	0.0	2742.609733103076	1	0	1.0	1.0656143583805127
304956.4027448432	2000.0	1786.2069882595586	0.0	0	0.0	2742.609733103076	1	0	1.0	1.0656143583805127
306247.07526819414	2000.0	1495.5344649086423	0.0	0	0.0	2742.609733103134	1	0	1.0	1.7587615389404496
307457.02856422926	2000.0	1285.5811688734873	0.0	0	0.0	2742.609733103134	1	0	1.0	1.7587615389404496
1.15	1.42	1.07	1.41	1.88	1.77	1.46	1.65	1.1	1.04	1.18	1.11	1.18	1.47	0.68	0.92	1.41	1.58	1.23	1.38	1.04	1.38	1.92	1.54	1.56	0.42999999999999994	0.81	0.94	0.75	0.89	0.93	1.11	1.22	0.85	0.78	0.9	1.18	0.93	0.95	1.44	1.67	1.41	1.22	1.0372	1.0892	0.9951999999999999	0.9871999999999999	1.0532	1.1331999999999998	1.0532	1.1191999999999998	1.0392	1.0432	1.0171999999999999	0.9871999999999999	1.0472	0.9991999999999999	1.0312	1.0952	1.0612	1.1152	1.0772	1.0432	1.0972	0.9771999999999998	1.0432	1.1112	1.1211999999999998	1.0191999999999999	0.9431999999999998	1.0011999999999999	1.0532	1.0472	1.0292	1.0772	1.0592	0.9771999999999998	0.9791999999999998	1.1012	1.2091999999999998	1.1112	1.1271999999999998	1.0512	1.177688888888889	1.191688888888889	1.237688888888889	1.2936888888888889	1.383688888888889	1.393688888888889	1.341688888888889	1.065688888888889	1.121688888888889	1.163688888888889	1.107688888888889	1.091688888888889	1.203688888888889	1.255688888888889	1.353688888888889	1.217688888888889	1.241688888888889	1.123688888888889	1.121688888888889	1.2896888888888889	1.163688888888889	1.173688888888889	1.159688888888889	1.153688888888889	1.167688888888889	1.191688888888889	1.187688888888889	1.177688888888889	1.063688888888889	1.265688888888889	1.209688888888889	1.195688888888889	1.237688888888889	1.221688888888889	1.185688888888889	1.173688888888889	1.149688888888889	1.191688888888889	1.157688888888889	1.153688888888889	1.171688888888889	1.161688888888889	1.179688888888889	1.185688888888889	1.211688888888889	1.103904761904762	1.109904761904762	1.173904761904762	1.157904761904762	1.097904761904762	1.141904761904762	1.155904761904762	1.169904761904762	1.203904761904762	1.169904761904762	1.155904761904762	1.153904761904762	1.097904761904762	1.181904761904762	1.187904761904762	1.3019047619047621	1.249904761904762	1.097904761904762	1.3019047619047621	1.289904761904762	1.115904761904762	0.65	1.15	1.42	1.07	1.41	1.88	1.77	1.46	1.65	1.1	1.04	1.18	1.11	1.18	1.47	0.68	0.92	1.41	1.58	1.23	1.38	1.04	1.38	1.92	1.54	1.56	0.42999999999999994	0.81	0.94	0.75	0.89	0.93	1.11	1.22	0.85	0.78	0.9	1.18	0.93	0.95	1.44	1.67	1.41	1.22	1.0372	1.0892	0.9951999999999999	0.9871999999999999	1.0532	1.1331999999999998	1.0532	1.1191999999999998	1.0392	1.0432	1.0171999999999999	0.9871999999999999	1.0472	0.9991999999999999	1.0312	1.0952	1.0612	1.1152	1.0772	1.0432	1.0972	0.9771999999999998	1.0432	1.1112	1.1211999999999998	1.0191999999999999	0.9431999999999998	1.0011999999999999	1.0532	1.0472	1.0292	1.0772	1.0592	0.9771999999999998	0.9791999999999998	1.1012	1.2091999999999998	1.1112	1.1271999999999998	1.0512	1.177688888888889	1.191688888888889	1.237688888888889	1.2936888888888889	1.383688888888889	1.393688888888889	1.341688888888889	1.065688888888889	1.121688888888889	1.163688888888889	1.107688888888889	1.091688888888889	1.203688888888889	1.255688888888889	1.353688888888889	1.217688888888889	1.241688888888889	1.123688888888889	1.121688888888889	1.2896888888888889	1.163688888888889	1.173688888888889	1.159688888888889	1.153688888888889	1.167688888888889	1.191688888888889	1.187688888888889	1.177688888888889	1.063688888888889	1.265688888888889	1.209688888888889	1.195688888888889	1.237688888888889	1.221688888888889	1.185688888888889	1.173688888888889	1.149688888888889	1.191688888888889	1.157688888888889	1.153688888888889	1.171688888888889	1.161688888888889	1.179688888888889	1.185688888888889	1.211688888888889	1.103904761904762	1.109904761904762	1.173904761904762	1.157904761904762	1.097904761904762	1.141904761904762	1.155904761904762	1.169904761904762	1.203904761904762	1.169904761904762	1.155904761904762	1.153904761904762	1.097904761904762	1.181904761904762	1.187904761904762	1.3019047619047621	1.249904761904762	1.097904761904762	1.3019047619047621	1.289904761904762	1.115904761904762	0.65	1.15	1.42	1.07	1.41	1.88	1.77	1.46	1.65
1.0	2.0	3.0	4.0	5.0	6.0	7.0	8.0	9.0	10.0	11.0	12.0	13.0	14.0	15.0	16.0	17.0	18.0	19.0	20.0	21.0	22.0	23.0	24.0	25.0	26.0	27.0	28.0	29.0	30.0	31.0	32.0	33.0	34.0	35.0	36.0	37.0	38.0	39.0	40.0	41.0	42.0	43.0	44.0	45.0	46.0	47.0	48.0	49.0	50.0	51.0	52.0	53.0	54.0	55.0	56.0	57.0	58.0	59.0	60.0	61.0	62.0	63.0	64.0	65.0	66.0	67.0	68.0	69.0	70.0	71.0	72.0	73.0	74.0	75.0	76.0	77.0	78.0	79.0	80.0	81.0	82.0	83.0	84.0	85.0	86.0	87.0	88.0	89.0	90.0	91.0	92.0	93.0	94.0	95.0	96.0	97.0	98.0	99.0	100.0	101.0	102.0	103.0	104.0	105.0	106.0	107.0	108.0	109.0	110.0	111.0	112.0	113.0	114.0	115.0	116.0	117.0	118.0	119.0	120.0	121.0	122.0	123.0	124.0	125.0	126.0	127.0	128.0	129.0	130.0	131.0	132.0	133.0	134.0	135.0	136.0	137.0	138.0	139.0	140.0	141.0	142.0	143.0	144.0	145.0	146.0	147.0	148.0	149.0	149.0	150.0	151.0	152.0	153.0	154.0	155.0	156.0	157.0	158.0	159.0	160.0	161.0	162.0	163.0	164.0	165.0	166.0	167.0	168.0	169.0	170.0	171.0	172.0	173.0	174.0	175.0	176.0	177.0	178.0	179.0	180.0	181.0	182.0	183.0	184.0	185.0	186.0	187.0	188.0	189.0	190.0	191.0	192.0	193.0	194.0	195.0	196.0	197.0	198.0	199.0	200.0	201.0	202.0	203.0	204.0	205.0	206.0	207.0	208.0	209.0	210.0	211.0	212.0	213.0	214.0	215.0	216.0	217.0	218.0	219.0	220.0	221.0	222.0	223.0	224.0	225.0	226.0	227.0	228.0	229.0	230.0	231.0	232.0	233.0	234.0	235.0	236.0	237.0	238.0	239.0	240.0	241.0	242.0	243.0	244.0	245.0	246.0	247.0	248.0	249.0	250.0	251.0	252.0	253.0	254.0	255.0	256.0	257.0	258.0	259.0	260.0	261.0	262.0	263.0	264.0	265.0	266.0	267.0	268.0	269.0	270.0	271.0	272.0	273.0	274.0	275.0	276.0	277.0	278.0	279.0	280.0	281.0	282.0	283.0	284.0	285.0	286.0	287.0	288.0	289.0	290.0	291.0	292.0	293.0	294.0	295.0	296.0	297.0	298.0	298.0	299.0	300.0	301.0	302.0	303.0	304.0	305.0	306.0
3464.7274160701763
