4545.300200716282	300.0	2000.0	187.79755993179984	0	0.0	4545.300200716282	1	0	1.0	-1.848932823040177
5320.068214763955	2000.0	2225.2319859523277	0.0	0	0.0	4545.300200716283	1	0	1.0	-0.7472267711331362
6406.136676050489	2000.0	2139.163524665794	0.0	0	0.0	4545.300200716283	1	0	1.0	1.1498932137527447
7248.197168714622	2000.0	2297.10303200166	0.0	0	0.0	4545.300200716283	1	0	1.0	1.149893213752745
7950.619942066117	2000.0	2594.6802586501644	0.0	0	0.0	4545.300200716281	1	0	1.0	1.1498932137527453
8726.512835772663	3000.0	2818.7873649436183	0.0	0	0.0	4545.300200716281	1	0	1.0	1.149893213752746
9727.763664094957	3000.0	2817.536536621325	0.0	0	0.0	4545.300200716282	1	0	1.0	1.5553583218609102
10600.179942216158	3000.0	2945.120258500122	0.0	0	0.0	4545.300200716281	1	0	1.0	1.5553583218609104
11285.84219412752	3000.0	3259.4580065887594	0.0	0	0.0	4545.300200716279	1	0	1.0	1.5553583218609115
12099.263812136465	3000.0	3446.036388579816	0.0	0	0.0	4545.300200716281	1	0	1.0	1.5553583218609113
13294.974769191504	3000.0	3250.32543152478	0.0	0	0.0	4545.300200716283	1	0	1.0	1.5553583218609095
14277.885322950038	3000.0	3267.4148777662463	0.0	0	0.0	4545.300200716283	1	0	1.0	1.5553583218609095
15045.215620036317	3000.0	3500.0845806799666	0.0	0	0.0	4545.300200716281	1	0	1.0	1.5553583218609108
15765.17903887835	3000.0	3780.121161837933	0.0	0	0.0	4545.300200716281	1	0	1.0	1.5553583218609108
17512.482188876496	6000.0	3032.8180118397877	0.0	0	0.0	4545.300200716283	1	0	1.0	1.5553583218609097
18902.175771606544	3000.0	2643.1244291097396	0.0	0	0.0	4545.300200716283	1	0	1.0	0.8622111413009647
19788.545509617292	3000.0	2756.754691098994	0.0	0	0.0	4545.300200716287	1	0	1.0	1.5553583218609086
21336.44489548185	3000.0	2208.855305234434	0.0	0	0.0	4545.300200716287	1	0	1.0	1.5553583218609077
22547.558773491444	2000.0	1997.7414272248427	0.0	0	0.0	4545.300200716287	1	0	1.0	0.7444281056445782
23551.009403642776	2000.0	1994.290797073511	0.0	0	0.0	2545.3002007162904	1	0	1.0	-4.215505562355023
24897.954149592228	2000.0	1647.3460511240585	0.0	0	0.0	2545.300200716294	1	0	1.0	1.7844944376449767
25622.054692430207	2000.0	1923.2455082860827	0.0	0	0.0	2545.300200716294	1	0	1.0	1.7844944376449767
26744.201242079995	3000.0	1801.0989586362957	0.0	0	0.0	2545.300200716294	1	0	1.0	1.784494437644977
27512.635078221007	2000.0	2032.6651224952855	0.0	0	0.0	2545.300200716294	1	0	1.0	1.3790293295368121
28200.0	3000.0	2345.300200716292	0.0	0	56.98843484191457	2545.300200716294	1	0	1.0	1.784494437644977
29200.0	3000.0	2345.3002007162904	0.0	0	263.459801914938	2545.300200716294	1	0	1.0	2.1899595457531413
30528.62153410983	3000.0	2016.6786666064622	0.0	0	0.0	2545.300200716294	1	0	1.0	2.1899595457531413
31811.81117446966	3000.0	1733.4890262466242	0.0	0	0.0	2545.300200716294	1	0	1.0	2.1899595457531413
33246.15028077969	3000.0	1299.1499199365912	0.0	0	0.0	2545.3002007162977	1	0	1.0	2.189959545753141
34315.72426633358	2000.0	1229.5759343827058	0.0	0	0.0	2545.3002007162977	1	0	1.0	1.3790293295368117
35151.90192667855	2000.0	1393.398274037742	0.0	0	0.0	2545.300200716305	1	0	1.0	1.7844944376449758
35715.8830616195	2000.0	1829.4171390967947	0.0	0	0.0	2545.3002007163013	1	0	1.0	1.7844944376449756
36419.120116568774	3000.0	2126.180084147518	0.0	0	0.0	2545.3002007163013	1	0	1.0	1.784494437644976
37539.45389714106	3000.0	2005.8463035752363	0.0	0	0.0	2545.3002007163086	1	0	1.0	2.1899595457531396
40079.45309043013	3000.0	465.8471102861615	0.0	0	0.0	2545.3002007163013	1	0	1.0	2.1899595457531404
41473.17505759399	2000.0	434.60511485710424	362.4799717347996	0	0.0	2907.780172451101	1	0	1.0	-0.8462385757351123
42689.39731066088	2000.0	361.08861363904396	142.70575184883376	0	0.0	3050.48592429993	1	0	1.0	0.851738035528718
43721.11037277581	2000.0	494.7348222401996	165.35927071607887	0	0.0	3215.845195016009	1	0	1.0	0.682109050957352
44607.568972664296	2000.0	617.3094480240416	9.033225672334908	0	0.0	3224.878420688343	1	0	1.0	1.6180772889753012
45285.70932995286	2000.0	939.1690907354816	0.0	0	0.0	3224.878420688343	1	0	1.0	1.6722766430093106
45898.43146142179	2000.0	1326.446959266556	0.0	0	0.0	3224.878420688343	1	0	1.0	1.6722766430093106
46722.81849554152	2000.0	1502.059925146827	0.0	0	0.0	3224.878420688343	1	0	1.0	1.6722766430093106
47442.321860410404	2000.0	1782.5565602779373	0.0	0	0.0	3224.878420688343	1	0	1.0	1.6722766430093106
48459.44745032377	2000.0	1765.4309703645695	0.0	0	0.0	3224.878420688343	1	0	1.0	1.6722766430093106
49135.69368122219	2000.0	2089.184739466158	0.0	0	0.0	3224.8784206883356	1	0	1.0	1.672276643009312
50149.50683395224	2000.0	2075.3715867361134	0.0	0	0.0	3224.8784206883356	1	0	1.0	1.672276643009312
50869.309144586696	2000.0	2355.569276101658	0.0	0	0.0	3224.8784206883356	1	0	1.0	1.672276643009312
51571.67971838407	2000.0	2653.198702304291	0.0	0	0.0	3224.8784206883356	1	0	1.0	1.672276643009312
52596.303078273784	3000.0	2628.5753424145714	0.0	0	0.0	3224.8784206883356	1	0	1.0	1.6722766430093121
53855.19103995224	3000.0	2369.6873807361253	0.0	0	0.0	3224.8784206883356	1	0	1.0	2.0777417511174767
54780.766891465646	3000.0	2444.111529222715	0.0	0	0.0	3224.8784206883356	1	0	1.0	2.0777417511174767
55497.76394506615	3000.0	2727.1144756222106	0.0	0	0.0	3224.8784206883356	1	0	1.0	2.0777417511174767
56567.393586477694	3000.0	2657.484834210678	0.0	0	0.0	3224.878420688343	1	0	1.0	2.077741751117475
58112.78916836718	3000.0	2112.089252321195	0.0	0	0.0	3224.8784206883356	1	0	1.0	2.0777417511174767
58815.684687451685	3000.0	2409.1937332366906	0.0	0	0.0	3224.8784206883356	1	0	1.0	2.0777417511174767
59874.85764667178	3000.0	2350.0207740165943	0.0	0	0.0	3224.878420688343	1	0	1.0	2.077741751117475
60810.621440692674	3000.0	2414.256979995704	0.0	0	0.0	3224.878420688343	1	0	1.0	2.077741751117475
62236.90026110582	3000.0	1987.9781595825505	0.0	0	0.0	3224.878420688343	1	0	1.0	2.077741751117475
63699.17583093349	3000.0	1525.7025897548788	0.0	0	0.0	3224.878420688343	1	0	1.0	2.077741751117475
64911.93427197628	3000.0	1312.9441487120882	0.0	0	0.0	3224.878420688343	1	0	1.0	2.077741751117475
65992.68053412535	2000.0	1232.1978865630126	0.0	0	0.0	3224.8784206883356	1	0	1.0	1.2668115349011464
67016.73348017538	2000.0	1208.1449405129865	0.0	0	0.0	3224.8784206883356	1	0	1.0	1.6722766430093123
68011.24420281037	2000.0	1213.6342178779937	0.0	0	0.0	3224.8784206883356	1	0	1.0	1.6722766430093126
68717.89750051244	2000.0	1506.9809201759192	0.0	0	0.0	3224.8784206883283	1	0	1.0	1.6722766430093123
69347.5983333705	2000.0	1877.2800873178585	0.0	0	0.0	3224.8784206883283	1	0	1.0	1.6722766430093137
70318.00418700752	3000.0	1906.874233680816	0.0	0	0.0	3224.8784206883283	1	0	1.0	1.672276643009314
71147.96071703342	2000.0	2076.9177036549036	0.0	0	0.0	3224.8784206883283	1	0	1.0	1.266811534901149
72057.47540374889	3000.0	2167.4030169394446	0.0	0	0.0	3224.8784206883283	1	0	1.0	1.672276643009314
73487.38624799254	3000.0	1737.4921726957864	0.0	0	0.0	3224.878420688343	1	0	1.0	2.077741751117475
74225.57953360103	2000.0	1999.2988870872996	0.0	0	0.0	3224.878420688343	1	0	1.0	1.266811534901146
75437.62164178566	3000.0	1787.25677890267	0.0	0	0.0	3224.8784206883574	1	0	1.0	1.6722766430093075
76131.0322687069	3000.0	2093.8461519814373	0.0	0	0.0	3224.8784206883574	1	0	1.0	2.077741751117472
77020.13515173575	3000.0	2204.7432689525776	0.0	0	0.0	3224.8784206883574	1	0	1.0	2.077741751117472
77842.6926273008	3000.0	2382.185793387524	0.0	0	0.0	3224.8784206883574	1	0	1.0	2.077741751117472
78542.37741571727	3000.0	2682.50100497106	0.0	0	0.0	3224.8784206883574	1	0	1.0	2.077741751117472
79209.55789562227	3000.0	3015.3205250660512	0.0	0	0.0	3224.8784206883574	1	0	1.0	2.077741751117472
80522.33517007374	3000.0	2702.5432506145835	0.0	0	0.0	3224.8784206883574	1	0	1.0	2.077741751117472
81541.58818418114	3000.0	2683.2902365072036	0.0	0	0.0	3224.8784206883574	1	0	1.0	2.077741751117472
82209.0181491354	3000.0	3015.8602715529514	0.0	0	0.0	3224.8784206883574	1	0	1.0	2.077741751117472
83200.0	3000.0	3024.8784206883734	0.0	0	429.679220460137	3224.8784206883574	1	0	1.0	2.077741751117472
84489.22435365983	3000.0	2735.654067028555	0.0	0	0.0	3224.8784206883574	1	0	1.0	2.077741751117472
85442.7307294903	3000.0	2782.1476911980835	0.0	0	0.0	3224.878420688372	1	0	1.0	2.0777417511174687
86664.282404259	3000.0	2560.5960164293856	0.0	0	0.0	3224.878420688372	1	0	1.0	2.0777417511174687
87831.00063364828	3000.0	2393.8777870401054	0.0	0	0.0	3224.878420688372	1	0	1.0	2.0777417511174687
88949.37529983676	3000.0	2275.503120851647	0.0	0	0.0	3224.8784206883865	1	0	1.0	2.0777417511174656
90338.6918561582	3000.0	1886.1865645302187	0.0	0	0.0	3224.878420688401	1	0	1.0	2.077741751117462
91492.59507351997	3000.0	1732.283347168446	0.0	0	0.0	3224.878420688401	1	0	1.0	2.077741751117462
92149.93837167427	3000.0	2074.9400490141597	0.0	0	0.0	3224.878420688401	1	0	1.0	2.077741751117462
92581.08164509831	3000.0	2643.796775590107	0.0	0	0.0	3224.878420688401	1	0	1.0	2.077741751117462
93200.0	3000.0	3024.8784206884075	0.0	0	165.05857821494283	3224.8784206883865	1	0	1.0	2.0777417511174656
95188.77707949493	6000.0	2036.10134119349	0.0	0	0.0	3224.878420688401	1	0	1.0	2.077741751117462
96256.07440310954	3000.0	1968.8040175788828	0.0	0	0.0	3224.8784206883865	1	0	1.0	1.3845945705575207
97173.27843808518	3000.0	2051.5999826032294	0.0	0	0.0	3224.8784206883865	1	0	1.0	2.0777417511174656
98427.5312779983	3000.0	1797.347142690107	0.0	0	0.0	3224.8784206883865	1	0	1.0	2.0777417511174656
99936.79496757199	3000.0	1288.0834531164196	0.0	0	0.0	3224.8784206883865	1	0	1.0	2.0777417511174656
101481.98468416298	2000.0	742.8937365254308	0.0	0	0.0	3224.878420688401	1	0	1.0	1.2668115349011329
102070.78727231246	2000.0	1154.0911483759219	0.0	0	0.0	3224.878420688401	1	0	1.0	1.6722766430092975
102915.7771891154	2000.0	1309.1012315729993	0.0	0	0.0	3224.878420688401	1	0	1.0	1.6722766430092975
104377.95463988278	2000.0	846.9237808056188	0.0	0	0.0	3224.878420688401	1	0	1.0	1.6722766430092975
105252.50646897743	2000.0	972.3719517109637	0.0	0	0.0	3224.878420688401	1	0	1.0	1.6722766430092975
106152.92410206469	2000.0	1071.9543186236933	0.0	0	0.0	3224.878420688401	1	0	1.0	1.6722766430092975
107168.02360955637	2000.0	1056.8548111320083	0.0	0	0.0	3224.8784206884156	1	0	1.0	1.6722766430092944
108191.61349968205	2000.0	1033.2649210063341	0.0	0	0.0	3224.8784206884156	1	0	1.0	1.6722766430092944
109170.80801763764	2000.0	1054.0704030507418	0.0	0	0.0	3224.8784206884156	1	0	1.0	1.6722766430092944
109983.55507527677	2000.0	1241.3233454116112	0.0	0	0.0	3224.8784206884156	1	0	1.0	1.6722766430092944
111090.0083272229	2000.0	1134.8700934654812	0.0	0	0.0	3224.8784206884156	1	0	1.0	1.6722766430092944
111732.20764342137	2000.0	1492.6707772670186	0.0	0	0.0	3224.8784206884156	1	0	1.0	1.6722766430092944
112382.7135004142	2000.0	1842.1649202741758	0.0	0	0.0	3224.87842068843	1	0	1.0	1.6722766430092912
113214.76570346754	2000.0	2010.1127172208476	0.0	0	0.0	3224.87842068843	1	0	1.0	1.6722766430092912
114191.73249422353	3000.0	2033.1459264648563	0.0	0	0.0	3224.8784206884156	1	0	1.0	1.6722766430092944
115249.64063622871	3000.0	1975.2377844596754	0.0	0	0.0	3224.8784206884156	1	0	1.0	2.077741751117459
115921.56435134298	3000.0	2303.3140693453984	0.0	0	0.0	3224.8784206884156	1	0	1.0	2.077741751117459
116554.52390854721	3000.0	2670.3545121411703	0.0	0	0.0	3224.8784206884156	1	0	1.0	2.077741751117459
118086.64699372603	3000.0	2138.2314269623507	0.0	0	0.0	3224.8784206884156	1	0	1.0	2.077741751117459
120461.63617126663	3000.0	763.2422494217509	0.0	0	0.0	3224.878420688401	1	0	1.0	2.077741751117462
121257.28879240592	2000.0	967.589628282458	0.0	0	0.0	3224.878420688401	1	0	1.0	1.2668115349011329
122205.232619418	2000.0	1019.6458012703586	0.0	0	0.0	3224.8784206884156	1	0	1.0	1.6722766430092944
122715.13937130416	2000.0	1509.7390493842056	0.0	0	0.0	3224.8784206884156	1	0	1.0	1.6722766430092944
123333.40022849094	2000.0	1891.4781921974206	0.0	0	0.0	3224.878420688401	1	0	1.0	1.6722766430092975
124178.16436059815	3000.0	2046.714060090203	0.0	0	0.0	3224.878420688401	1	0	1.0	1.6722766430092977
124884.45399877851	3000.0	2340.42442190983	0.0	0	0.0	3224.878420688401	1	0	1.0	2.077741751117462
125462.81651308456	3000.0	2762.0619076037897	0.0	0	0.0	3224.878420688401	1	0	1.0	2.077741751117462
126200.0	3000.0	3024.878420688345	0.0	0	7.315622082722257	3224.878420688401	1	0	1.0	2.077741751117462
127200.0	3000.0	3024.8784206883483	0.0	0	363.23971526879177	3224.878420688401	1	0	1.0	2.077741751117462
128200.0	3000.0	3024.8784206883483	0.0	0	84.26584942296904	3224.878420688401	1	0	1.0	2.077741751117462
129200.0	3000.0	3024.8784206883493	0.0	0	108.63843213031942	3224.878420688401	1	0	1.0	2.077741751117462
131137.85598521918	3000.0	2087.022435469162	0.0	0	0.0	3224.8784206883865	1	0	1.0	2.077741751117463
132356.60760372746	3000.0	1868.2708169609089	0.0	0	0.0	3224.8784206884156	1	0	1.0	2.077741751117463
133181.70518518632	3000.0	2043.173235502062	0.0	0	0.0	3224.8784206884447	1	0	1.0	2.0777417511174545
133792.99481991876	3000.0	2431.883600769618	0.0	0	0.0	3224.8784206884447	1	0	1.0	2.077741751117453
134452.99973220952	3000.0	2771.8786884788674	0.0	0	0.0	3224.878420688474	1	0	1.0	2.0777417511174474
135200.0	3000.0	3024.8784206883697	0.0	0	221.48076437207055	3224.878420688474	1	0	1.0	2.077741751117446
136563.26915835688	6000.0	2661.609262331464	0.0	0	0.0	3224.878420688474	1	0	1.0	2.077741751117446
139822.21950180366	6000.0	402.6589188846805	0.0	0	0.0	3224.878420688474	1	0	1.0	2.770888931677391
140919.98613173442	3000.0	429.3194205500952	124.42713159614581	0	0.0	3349.3055522846116	1	0	1.0	0.6089807335660031
142300.74672501045	3000.0	328.0346104248749	279.4757831508271	0	0.0	3628.7813354354294	1	0	1.0	0.29404524093313
142807.81216019296	2000.0	820.969175242325	0.0	0	0.0	3628.7813354354294	1	0	1.0	1.1599697236217634
143468.43894224512	2000.0	1160.3423931901511	0.0	0	0.0	3628.7813354354294	1	0	1.0	1.565434831729928
144165.7307688169	2000.0	1463.050566618381	0.0	0	0.0	3628.7813354354294	1	0	1.0	1.565434831729928
144736.80010868545	2000.0	1891.9812267498219	0.0	0	0.0	3628.7813354354294	1	0	1.0	1.565434831729928
145423.92092175494	3000.0	2204.8604136803556	0.0	0	0.0	3628.7813354354585	1	0	1.0	1.565434831729919
146047.6338196667	3000.0	2581.14751576859	0.0	0	0.0	3628.7813354354585	1	0	1.0	1.9708999398380835
147086.67329026043	3000.0	2542.108045174856	0.0	0	0.0	3628.7813354354585	1	0	1.0	1.9708999398380835
147699.33467093032	3000.0	2929.446664504983	0.0	0	0.0	3628.7813354354585	1	0	1.0	1.9708999398380835
148602.21993403175	3000.0	3026.5614014035696	0.0	0	0.0	3628.7813354354585	1	0	1.0	1.9708999398380835
149929.2132578528	3000.0	2699.5680775825244	0.0	0	0.0	3628.7813354354585	1	0	1.0	1.9708999398380835
151113.9745485332	3000.0	2514.806786902109	0.0	0	0.0	3628.7813354354585	1	0	1.0	1.9708999398380835
152309.37745529818	3000.0	2319.403880137157	0.0	0	0.0	3628.7813354354585	1	0	1.0	1.9708999398380835
153232.39318272783	3000.0	2396.3881527075137	0.0	0	0.0	3628.7813354354876	1	0	1.0	1.9708999398380744
154102.55181716397	2000.0	2526.2295182713565	0.0	0	0.0	3628.7813354354876	1	0	1.0	1.159969723621745
155109.75912131232	2000.0	2519.0222141229897	0.0	0	0.0	3628.7813354354876	1	0	1.0	1.5654348317299096
155983.7701550657	2000.0	2645.0111803696054	0.0	0	0.0	3628.7813354354876	1	0	1.0	1.5654348317299096
156932.17972317175	3000.0	2696.6016122635656	0.0	0	0.0	3628.7813354354876	1	0	1.0	1.5654348317299098
157904.49226651448	3000.0	2724.2890689208375	0.0	0	0.0	3628.7813354354876	1	0	1.0	1.9708999398380744
158719.37861318878	3000.0	2909.402722246556	0.0	0	0.0	3628.7813354354876	1	0	1.0	1.9708999398380744
159675.8388135384	3000.0	2952.942521896948	0.0	0	0.0	3628.7813354355167	1	0	1.0	1.9708999398380653
160455.04333717824	3000.0	3173.7379982570947	0.0	0	0.0	3628.7813354355167	1	0	1.0	1.9708999398380653
161412.65474946404	3000.0	3216.126585971277	0.0	0	0.0	3628.7813354354876	1	0	1.0	1.9708999398380744
162416.95645366827	3000.0	3211.8248817670974	0.0	0	0.0	3628.7813354355167	1	0	1.0	1.9708999398380653
163441.2853718318	3000.0	3187.4959636035705	0.0	0	0.0	3628.7813354354876	1	0	1.0	1.9708999398380707
164200.0	3000.0	3428.781335435394	0.0	0	131.83983371168142	3628.7813354354876	1	0	1.0	1.9708999398380744
165200.0	3000.0	3428.7813354354125	0.0	0	526.4449864459748	3628.7813354354876	1	0	1.0	1.9708999398380744
168300.0325362706	6000.0	1328.7487991648227	0.0	0	0.0	3628.7813354355167	1	0	1.0	1.9708999398380653
169553.3417567882	3000.0	1075.4395786471987	0.0	0	0.0	3628.7813354354876	1	0	1.0	1.277752759278124
171494.71781274778	3000.0	312.16038305030577	178.09686036269235	0	0.0	3806.878195798199	1	0	1.0	0.8559711419318399
172458.23281616124	2000.0	416.8095096351127	68.16412999826247	0	0.0	3875.042325796472	1	0	1.0	0.6657820774643273
173691.3256716759	2000.0	450.5294936994729	266.8128395790579	0	0.0	4141.855165375513	1	0	1.0	-0.233544292576434
174565.06153127973	2000.0	641.9944633898596	65.2008292941959	0	0.0	2207.0559946695867	1	0	1.0	-4.572325687406851
175360.12964899803	2000.0	846.9263456715659	0.0	0	0.0	2207.0559946696158	1	0	1.0	1.8188792883583242
175993.91376985123	2000.0	1213.1422248183476	0.0	0	0.0	2207.0559946696158	1	0	1.0	1.8188792883583234
176483.8119238025	2000.0	1723.2440708670733	0.0	0	0.0	2207.0559946696158	1	0	1.0	1.8188792883583234
177514.7372444781	3000.0	1692.3187501914495	0.0	0	0.0	2207.0559946695867	1	0	1.0	1.818879288358326
178200.0	2000.0	2007.055994669563	0.0	0	119.64056500530569	2207.0559946695867	1	0	1.0	1.4134141802501612
179579.97175987085	3000.0	1627.0842347987157	0.0	0	0.0	2207.0559946695867	1	0	1.0	1.818879288358326
180629.43382557592	3000.0	1577.622169093643	0.0	0	0.0	2207.0559946695575	1	0	1.0	2.224344396466493
181598.8796003562	2000.0	1608.176394313376	0.0	0	0.0	2207.0559946695867	1	0	1.0	1.4134141802501616
182731.1114802523	2000.0	1475.9445144173092	0.0	0	0.0	2207.0559946695867	1	0	1.0	1.8188792883583258
183720.98983545366	2000.0	1486.0661592159408	0.0	0	0.0	2207.0559946695867	1	0	1.0	1.8188792883583258
184239.60974106923	2000.0	1967.4462536003457	0.0	0	0.0	2207.0559946695867	1	0	1.0	1.8188792883583258
185200.0	3000.0	2007.0559946696098	0.0	0	261.7882595343108	2207.0559946696158	1	0	1.0	1.8188792883583234
186200.0	3000.0	2007.0559946695867	0.0	0	135.1122194127238	2207.0559946696158	1	0	1.0	2.224344396466488
187630.62482624865	3000.0	1576.431168420952	0.0	0	0.0	2207.0559946696158	1	0	1.0	2.224344396466488
190272.64690684358	3000.0	200.0	265.59091217397656	0	0.0	2472.6469068435836	1	0	1.0	0.6215620277526728
191439.42104282283	2000.0	370.76266088723213	337.5367968664401	0	0.0	2810.183703710063	1	0	1.0	-0.6818784406773823
192138.2594787378	2000.0	671.92422497228	0.0	0	0.0	2810.1837037100922	1	0	1.0	1.748807448629416
192890.95000881032	2000.0	919.233694899788	0.0	0	0.0	2810.1837037100922	1	0	1.0	1.748807448629416
193508.12512618527	2000.0	1302.0585775248157	0.0	0	0.0	2810.183703710063	1	0	1.0	1.7488074486294205
194195.03923335442	2000.0	1615.1444703556879	0.0	0	0.0	2810.183703710063	1	0	1.0	1.7488074486294205
194967.54822442267	2000.0	1842.6354792874388	0.0	0	0.0	2810.1837037100922	1	0	1.0	1.748807448629417
195605.67195195385	2000.0	2204.511751756302	0.0	0	0.0	2810.1837037101213	1	0	1.0	1.7488074486294116
197153.29982635472	3000.0	1656.8838773554191	0.0	0	0.0	2810.1837037100922	1	0	1.0	1.7488074486294163
198094.07475220517	2000.0	1716.108951504951	0.0	0	0.0	2810.1837037100922	1	0	1.0	1.3433423405212515
198787.1531615901	2000.0	2023.0305421199985	0.0	0	0.0	2810.1837037100922	1	0	1.0	1.748807448629416
199626.1900851087	2000.0	2183.9936186014056	0.0	0	0.0	2810.1837037101213	1	0	1.0	1.7488074486294116
200503.5756284251	2000.0	2306.608075284988	0.0	0	0.0	2810.1837037101213	1	0	1.0	1.7488074486294116
201564.70706423296	3000.0	2245.476639477128	0.0	0	0.0	2810.1837037101213	1	0	1.0	1.7488074486294118
202239.07050320308	2000.0	2571.113200507034	0.0	0	0.0	2810.1837037101504	1	0	1.0	1.3433423405212426
203200.0	3000.0	2610.1837037101377	0.0	0	92.81489860551665	2810.1837037101795	1	0	1.0	1.748807448629403
204200.0	3000.0	2610.183703710135	0.0	0	77.98859036312206	2810.1837037101795	1	0	1.0	2.154272556737568
205200.0	3000.0	2610.183703710162	0.0	0	133.85650694082142	2810.1837037102086	1	0	1.0	2.1542725567375633
206456.24206474578	3000.0	2353.9416389643816	0.0	0	0.0	2810.1837037102086	1	0	1.0	2.1542725567375633
207289.9481918585	3000.0	2520.2355118516243	0.0	0	0.0	2810.1837037101795	1	0	1.0	2.154272556737565
208200.0	3000.0	2610.183703710121	0.0	0	261.1686155197094	2810.1837037101795	1	0	1.0	2.154272556737568
209200.0	3000.0	2610.1837037101222	0.0	0	190.97896999758086	2810.1837037101504	1	0	1.0	2.1542725567375722
210200.0	3000.0	2610.183703710097	0.0	0	258.9854523156537	2810.1837037101504	1	0	1.0	2.1542725567375722
211699.15162663942	3000.0	2111.032077070679	0.0	0	0.0	2810.1837037101795	1	0	1.0	2.154272556737568
213057.19830341174	3000.0	1752.985400298347	0.0	0	0.0	2810.1837037101504	1	0	1.0	2.1542725567375722
214477.32311053117	3000.0	1332.8605931789157	0.0	0	0.0	2810.1837037101213	1	0	1.0	2.1542725567375767
215818.95405121258	2000.0	991.2296524974939	0.0	0	0.0	2810.1837037101213	1	0	1.0	1.343342340521247
216591.9896830534	2000.0	1218.1940206566965	0.0	0	0.0	2810.1837037101213	1	0	1.0	1.7488074486294116
217571.77414487736	2000.0	1238.4095588327207	0.0	0	0.0	2810.1837037101213	1	0	1.0	1.7488074486294116
218347.0091104006	2000.0	1463.1745933094776	0.0	0	0.0	2810.1837037101213	1	0	1.0	1.7488074486294116
218912.51595906835	2000.0	1897.667744641736	0.0	0	0.0	2810.1837037101213	1	0	1.0	1.7488074486294116
219436.09957149875	2000.0	2374.0841322113306	0.0	0	0.0	2810.1837037101504	1	0	1.0	1.7488074486294072
220947.81550153575	3000.0	1862.3682021742973	0.0	0	0.0	2810.1837037101504	1	0	1.0	1.7488074486294074
221743.22250901203	2000.0	2066.9611946979985	0.0	0	0.0	2810.1837037101504	1	0	1.0	1.3433423405212426
223060.66563359989	3000.0	1749.5180701101099	0.0	0	0.0	2810.1837037101504	1	0	1.0	1.7488074486294074
223931.16433448403	3000.0	1879.019369225972	0.0	0	0.0	2810.1837037101504	1	0	1.0	2.1542725567375722
224644.13702094328	3000.0	2166.0466827667233	0.0	0	0.0	2810.1837037101504	1	0	1.0	2.1542725567375722
225387.21748565958	3000.0	2422.966218050421	0.0	0	0.0	2810.1837037101504	1	0	1.0	2.1542725567375722
226252.96229081738	3000.0	2557.221412892629	0.0	0	0.0	2810.1837037101504	1	0	1.0	2.1542725567375722
227200.0	3000.0	2610.18370371003	0.0	0	366.3404120283376	2810.1837037101504	1	0	1.0	2.1542725567375722
228200.0	3000.0	2610.183703710034	0.0	0	20.431861942255637	2810.1837037101213	1	0	1.0	2.1542725567375767
229426.09671797647	3000.0	2384.0869857335806	0.0	0	0.0	2810.1837037101504	1	0	1.0	2.1542725567375722
230483.5495972141	3000.0	2326.6341064959615	0.0	0	0.0	2810.1837037101504	1	0	1.0	2.1542725567375722
231200.0	3000.0	2610.18370371007	0.0	0	78.85212446379592	2810.1837037101504	1	0	1.0	2.1542725567375722
232200.0	3000.0	2610.1837037100945	0.0	0	249.91636939629097	2810.1837037101504	1	0	1.0	2.1542725567375722
233283.15601160485	3000.0	2527.027692105227	0.0	0	0.0	2810.1837037101795	1	0	1.0	2.1542725567375705
234394.57333795444	3000.0	2415.6103657556237	0.0	0	0.0	2810.1837037101504	1	0	1.0	2.1542725567375696
235213.49285224386	3000.0	2596.6908514662023	0.0	0	0.0	2810.1837037101504	1	0	1.0	2.1542725567375722
236200.0	3000.0	2610.1837037100804	0.0	0	334.2624984855938	2810.1837037101504	1	0	1.0	2.1542725567375722
237339.07465167742	3000.0	2471.1090520326816	0.0	0	0.0	2810.1837037101795	1	0	1.0	2.154272556737568
238927.06844587595	3000.0	1883.1152578341562	0.0	0	0.0	2810.1837037101504	1	0	1.0	2.1542725567375713
240143.37134396593	3000.0	1666.8123597441595	0.0	0	0.0	2810.1837037101504	1	0	1.0	2.1542725567375722
240950.2264222322	3000.0	1859.9572814779071	0.0	0	0.0	2810.1837037101213	1	0	1.0	2.1542725567375767
241528.0630776795	3000.0	2282.1206260305903	0.0	0	0.0	2810.1837037101213	1	0	1.0	2.1542725567375767
242300.50973960952	3000.0	2509.6739641005515	0.0	0	0.0	2810.1837037101213	1	0	1.0	2.1542725567375767
243200.0	3000.0	2610.183703710054	0.0	0	121.31691882829182	2810.1837037101213	1	0	1.0	2.1542725567375767
244207.3744949293	3000.0	2602.809208780719	0.0	0	0.0	2810.1837037101213	1	0	1.0	2.1542725567375767
245200.0	3000.0	2610.1837037100076	0.0	0	271.06389427301474	2810.1837037101213	1	0	1.0	2.1542725567375767
246200.0	3000.0	2610.1837037100204	0.0	0	209.54831902688602	2810.1837037101504	1	0	1.0	2.1542725567375722
247496.84333778947	3000.0	2313.3403659205283	0.0	0	0.0	2810.1837037101504	1	0	1.0	2.1542725567375722
248786.7125150543	3000.0	2023.4711886557093	0.0	0	0.0	2810.1837037101504	1	0	1.0	2.1542725567375722
250461.0259900734	3000.0	1349.1577136366332	0.0	0	0.0	2810.1837037101213	1	0	1.0	2.1542725567375767
251120.33975047746	2000.0	1689.8439532325813	0.0	0	0.0	2810.1837037101213	1	0	1.0	1.343342340521247
252020.4122242755	2000.0	1789.7714794345395	0.0	0	0.0	2810.1837037100922	1	0	1.0	1.748807448629416
253277.0129099324	2000.0	1533.1707937776296	0.0	0	0.0	2810.1837037100922	1	0	1.0	1.748807448629416
254527.94905512076	2000.0	1282.234648589286	0.0	0	0.0	2810.183703710063	1	0	1.0	1.7488074486294205
255584.5791030447	2000.0	1225.6046006653578	0.0	0	0.0	2810.183703710063	1	0	1.0	1.7488074486294205
256452.64370678435	2000.0	1357.5399969257048	0.0	0	0.0	2810.1837037100922	1	0	1.0	1.7488074486294178
257777.57130173748	2000.0	1032.6124019725712	0.0	0	0.0	2810.1837037100922	1	0	1.0	1.748807448629416
258419.53641741525	2000.0	1390.6472862948006	0.0	0	0.0	2810.183703710063	1	0	1.0	1.7488074486294205
259450.91741356664	2000.0	1359.2662901434235	0.0	0	0.0	2810.183703710063	1	0	1.0	1.7488074486294205
260395.94393781005	2000.0	1414.2397658999828	0.0	0	0.0	2810.183703710034	1	0	1.0	1.748807448629425
261159.0080673423	2000.0	1651.1756363677548	0.0	0	0.0	2810.183703710005	1	0	1.0	1.7488074486294294
261797.75030346838	2000.0	2012.4334002416817	0.0	0	0.0	2810.183703710034	1	0	1.0	1.748807448629425
262390.2490374192	2000.0	2419.93466629084	0.0	0	0.0	2810.183703710005	1	0	1.0	1.7488074486294294
263200.0	3000.0	2610.183703709979	0.0	0	95.25652919890126	2810.1837037099176	1	0	1.0	1.748807448629434
264296.05394941923	3000.0	2514.1297542907582	0.0	0	0.0	2810.1837037099467	1	0	1.0	2.1542725567376024
265200.0	3000.0	2610.183703709944	0.0	0	250.06454218097497	2810.1837037099176	1	0	1.0	2.1542725567376064
266200.0	3000.0	2610.1837037099576	0.0	0	136.5029280957533	2810.1837037099176	1	0	1.0	2.1542725567376073
268322.29045688955	3000.0	1487.8932468204005	0.0	0	0.0	2810.183703709976	1	0	1.0	2.154272556737602
269700.74050135625	3000.0	1109.443202353714	0.0	0	0.0	2810.183703709976	1	0	1.0	2.1542725567376007
270521.3530261424	2000.0	1288.8306775675367	0.0	0	0.0	2810.183703709976	1	0	1.0	1.343342340521269
271092.7138799617	2000.0	1717.469823748323	0.0	0	0.0	2810.183703709976	1	0	1.0	1.7488074486294336
271861.76431754854	2000.0	1948.4193861614822	0.0	0	0.0	2810.183703709976	1	0	1.0	1.7488074486294336
272603.2187943721	2000.0	2206.9649093379094	0.0	0	0.0	2810.183703709976	1	0	1.0	1.7488074486294336
273310.1808315644	3000.0	2500.002872145567	0.0	0	0.0	2810.183703709976	1	0	1.0	1.748807448629434
274200.0	3000.0	2610.1837037100117	0.0	0	132.25539873162052	2810.183703709976	1	0	1.0	2.154272556737599
275200.0	3000.0	2610.18370370996	0.0	0	410.88106868282193	2810.183703709976	1	0	1.0	2.154272556737599
276200.0	3000.0	2610.1837037099463	0.0	0	173.30207016447093	2810.183703709976	1	0	1.0	2.154272556737599
277200.0	3000.0	2610.183703710005	0.0	0	70.58423420664622	2810.183703709976	1	0	1.0	2.154272556737599
278200.0	3000.0	2610.183703710043	0.0	0	152.6372990021482	2810.183703709976	1	0	1.0	2.154272556737599
280215.2084812481	3000.0	1594.975222461919	0.0	0	0.0	2810.183703709976	1	0	1.0	2.154272556737599
281412.5678295863	3000.0	1397.6158741237716	0.0	0	0.0	2810.183703710034	1	0	1.0	2.15427255673759
282212.91152599984	3000.0	1597.27217771023	0.0	0	0.0	2810.183703710034	1	0	1.0	2.15427255673759
283081.7435957328	3000.0	1728.4401079772417	0.0	0	0.0	2810.183703710034	1	0	1.0	2.15427255673759
283835.43098556856	3000.0	1974.7527181413877	0.0	0	0.0	2810.183703710034	1	0	1.0	2.15427255673759
284439.8466968242	3000.0	2370.337006885778	0.0	0	0.0	2810.1837037100922	1	0	1.0	2.154272556737581
285641.29928710655	6000.0	2168.88441660339	0.0	0	0.0	2810.1837037100922	1	0	1.0	2.1542725567375807
287347.0763155665	3000.0	1463.107388143504	0.0	0	0.0	2810.1837037100922	1	0	1.0	1.461125376177636
288609.97519437666	3000.0	1200.208509333293	0.0	0	0.0	2810.1837037100922	1	0	1.0	2.154272556737581
290017.94713933184	3000.0	792.2365643781006	0.0	0	0.0	2810.1837037100922	1	0	1.0	2.154272556737581
290647.9681547345	2000.0	1162.215548975358	0.0	0	0.0	2810.1837037100922	1	0	1.0	1.3433423405212515
291301.5125540472	2000.0	1508.6711496626888	0.0	0	0.0	2810.1837037100922	1	0	1.0	1.748807448629416
292045.678509894	2000.0	1764.5051938158958	0.0	0	0.0	2810.1837037100922	1	0	1.0	1.748807448629416
292583.7782704979	2000.0	2226.4054332120486	0.0	0	0.0	2810.1837037101504	1	0	1.0	1.7488074486294072
293444.68202919577	2000.0	2365.501674514162	0.0	0	0.0	2810.1837037101504	1	0	1.0	1.7488074486294072
294333.38499947113	3000.0	2476.7987042387913	0.0	0	0.0	2810.1837037101504	1	0	1.0	1.7488074486294074
295200.0	3000.0	2610.18370370991	0.0	0	106.42300447885646	2810.1837037101504	1	0	1.0	2.1542725567375722
296200.0	3000.0	2610.1837037098644	0.0	0	202.56141876702895	2810.1837037101504	1	0	1.0	2.1542725567375722
297200.0	3000.0	2610.183703709915	0.0	0	168.87801863299683	2810.1837037101504	1	0	1.0	2.1542725567375722
298200.0	3000.0	2610.1837037098526	0.0	0	282.95483815617627	2810.1837037101504	1	0	1.0	2.1542725567375722
299668.22285689943	3000.0	2141.9608468105143	0.0	0	0.0	2810.1837037101504	1	0	1.0	2.1542725567375722
301087.4622785075	3000.0	1722.721425202462	0.0	0	0.0	2810.1837037101504	1	0	1.0	2.1542725567375722
302168.1948065185	3000.0	1641.9888971914522	0.0	0	0.0	2810.1837037101504	1	0	1.0	2.1542725567375722
303320.6472553791	2000.0	1489.536448330822	0.0	0	0.0	2810.1837037101504	1	0	1.0	1.3433423405212426
304151.52907496534	2000.0	1658.6546287446408	0.0	0	0.0	2810.183703710267	1	0	1.0	1.7488074486293965
305140.184791561	2000.0	1669.998912148954	0.0	0	0.0	2810.183703710267	1	0	1.0	1.7488074486293894
2.24615	2.36615	2.53415	3.3621499999999997	2.75015	3.6861499999999996	4.47815	4.51415	2.8821499999999998	3.60215	4.71815	5.078150000000001	3.0141500000000003	2.48615	1.5621500000000001	2.8101499999999997	1.7061499999999998	1.45415	3.07415	1.8141500000000002	2.1861499999999996	3.17015	3.11015	3.72215	3.37415	2.55815	2.69015	2.3781499999999998	2.34215	1.9821499999999999	2.97815	4.0821499999999995	4.22615	1.47815	1.9101499999999998	0.68615	1.0821500000000002	2.1861499999999996	2.1861499999999996	2.36	3.22	3.1	2.75	2.57	2.36	2.55	2.54	3.45	2.58	2.85	3.42	3.05	1.89	2.61	3.59	3.78	3.1	2.51	2.72	2.53	2.31	1.33	2.44	2.81	2.81	3.39	2.81	2.54	2.77	3.01	3.2	3.45	3.61	4.38	4.0	2.12	3.0	4.05	4.45	2.57	3.178125	2.9141250000000003	3.526125	3.370125	2.902125	2.3981250000000003	3.334125	4.366125	5.554125000000001	3.514125	3.334125	3.178125	3.7781249999999997	2.722125	2.494125	2.530125	0.5381250000000004	2.674125	2.230125	1.6781249999999999	2.002125	2.230125	1.870125	1.9901250000000004	2.074125	2.7821249999999997	1.9421250000000003	2.998125	3.226125	3.514125	3.430125	4.054125	3.622125	2.074125	0.7301250000000001	1.5941250000000002	2.458125	2.902125	3.454125	3.370125	4.042125	4.930125	3.982125	3.742125	2.8061249999999998	1.7021249999999999	2.0861250000000005	2.8661250000000003	3.79	4.48	5.51	5.76	2.88	1.51	3.2	2.28	2.69	2.77	3.06	3.01	3.6	3.76	4.01	4.38	3.44	2.7	2.56	2.42	2.55	1.50215	2.24615	2.36615	2.53415	3.3621499999999997	2.75015	3.6861499999999996	4.47815	4.51415	2.8821499999999998	3.60215	4.71815	5.078150000000001	3.0141500000000003	2.48615	1.5621500000000001	2.8101499999999997	1.7061499999999998	1.45415	3.07415	1.8141500000000002	2.1861499999999996	3.17015	3.11015	3.72215	3.37415	2.55815	2.69015	2.3781499999999998	2.34215	1.9821499999999999	2.97815	4.0821499999999995	4.22615	1.47815	1.9101499999999998	0.68615	1.0821500000000002	2.1861499999999996	2.1861499999999996	2.36	3.22	3.1	2.75	2.57	2.36	2.55	2.54	3.45	2.58	2.85	3.42	3.05	1.89	2.61	3.59	3.78	3.1	2.51	2.72	2.53	2.31	1.33	2.44	2.81	2.81	3.39	2.81	2.54	2.77	3.01	3.2	3.45	3.61	4.38	4.0	2.12	3.0	4.05	4.45	2.57	3.178125	2.9141250000000003	3.526125	3.370125	2.902125	2.3981250000000003	3.334125	4.366125	5.554125000000001	3.514125	3.334125	3.178125	3.7781249999999997	2.722125	2.494125	2.530125	0.5381250000000004	2.674125	2.230125	1.6781249999999999	2.002125	2.230125	1.870125	1.9901250000000004	2.074125	2.7821249999999997	1.9421250000000003	2.998125	3.226125	3.514125	3.430125	4.054125	3.622125	2.074125	0.7301250000000001	1.5941250000000002	2.458125	2.902125	3.454125	3.370125	4.042125	4.930125	3.982125	3.742125	2.8061249999999998	1.7021249999999999	2.0861250000000005	2.8661250000000003	3.79	4.48	5.51	5.76	2.88	1.51	3.2	2.28	2.69	2.77	3.06	3.01	3.6	3.76	4.01	4.38	3.44	2.7	2.56	2.42	2.55	1.50215	2.24615	2.36615	2.53415	3.3621499999999997	2.75015
1.0	2.0	3.0	4.0	5.0	6.0	7.0	8.0	9.0	10.0	11.0	12.0	13.0	14.0	15.0	16.0	17.0	18.0	19.0	20.0	21.0	22.0	23.0	24.0	25.0	26.0	27.0	28.0	29.0	30.0	31.0	32.0	33.0	34.0	35.0	36.0	37.0	38.0	39.0	40.0	41.0	42.0	43.0	44.0	45.0	46.0	47.0	48.0	49.0	50.0	51.0	52.0	53.0	54.0	55.0	56.0	57.0	58.0	59.0	60.0	61.0	62.0	63.0	64.0	65.0	66.0	67.0	68.0	69.0	70.0	71.0	72.0	73.0	74.0	75.0	76.0	77.0	78.0	79.0	80.0	81.0	82.0	83.0	84.0	85.0	86.0	87.0	88.0	89.0	90.0	91.0	92.0	93.0	94.0	95.0	96.0	97.0	98.0	99.0	100.0	101.0	102.0	103.0	104.0	105.0	106.0	107.0	108.0	109.0	110.0	111.0	112.0	113.0	114.0	115.0	116.0	117.0	118.0	119.0	120.0	121.0	122.0	123.0	124.0	125.0	126.0	127.0	128.0	129.0	130.0	131.0	132.0	133.0	134.0	135.0	136.0	137.0	138.0	139.0	140.0	141.0	142.0	143.0	144.0	145.0	146.0	147.0	148.0	149.0	149.0	150.0	151.0	152.0	153.0	154.0	155.0	156.0	157.0	158.0	159.0	160.0	161.0	162.0	163.0	164.0	165.0	166.0	167.0	168.0	169.0	170.0	171.0	172.0	173.0	174.0	175.0	176.0	177.0	178.0	179.0	180.0	181.0	182.0	183.0	184.0	185.0	186.0	187.0	188.0	189.0	190.0	191.0	192.0	193.0	194.0	195.0	196.0	197.0	198.0	199.0	200.0	201.0	202.0	203.0	204.0	205.0	206.0	207.0	208.0	209.0	210.0	211.0	212.0	213.0	214.0	215.0	216.0	217.0	218.0	219.0	220.0	221.0	222.0	223.0	224.0	225.0	226.0	227.0	228.0	229.0	230.0	231.0	232.0	233.0	234.0	235.0	236.0	237.0	238.0	239.0	240.0	241.0	242.0	243.0	244.0	245.0	246.0	247.0	248.0	249.0	250.0	251.0	252.0	253.0	254.0	255.0	256.0	257.0	258.0	259.0	260.0	261.0	262.0	263.0	264.0	265.0	266.0	267.0	268.0	269.0	270.0	271.0	272.0	273.0	274.0	275.0	276.0	277.0	278.0	279.0	280.0	281.0	282.0	283.0	284.0	285.0	286.0	287.0	288.0	289.0	290.0	291.0	292.0	293.0	294.0	295.0	296.0	297.0	298.0	298.0	299.0	300.0	301.0	302.0	303.0
4148.194530053729
