3261.6802129488296	300.0	2000.0	168.98822159540248	0	0.0	3261.6802129488296	1	0	1.0	-1.2386498283560516
4550.579315085853	2000.0	1711.1008978629773	0.0	0	0.0	3261.6802129488296	1	0	1.0	-0.23310832400501863
6029.715192957605	2000.0	1231.965019991225	0.0	0	0.0	3261.6802129488296	1	0	1.0	1.6640116608808626
7412.227876865462	2000.0	849.4523360833664	0.0	0	0.0	3261.680212948828	1	0	1.0	1.664011660880863
8417.16968271737	2000.0	844.5105302314589	0.0	0	0.0	3261.680212948828	1	0	1.0	1.664011660880863
9680.92525272174	2000.0	580.7549602270878	0.0	0	0.0	3261.680212948828	1	0	1.0	1.664011660880863
11150.572846753561	2000.0	210.17219697358408	99.06483077831976	0	0.0	3360.7450437271455	1	0	1.0	1.0472013443562955
12397.014961621304	2000.0	369.91014347149223	406.18006136565253	0	0.0	3766.925105092798	1	0	1.0	-0.9173475785070591
13691.528102396664	2000.0	329.20706424216775	253.8100615460366	0	0.0	4020.735166638833	1	0	1.0	-0.10143880736382127
14825.376921651772	2000.0	400.1695458222556	204.8113008351961	0	0.0	4225.546467474029	1	0	1.0	0.09818522240535182
15715.67121072436	2000.0	561.3777501432754	51.502493393607836	0	0.0	2277.048960867636	1	0	1.0	-4.496374493512243
16625.7942894596	2000.0	651.2546714080369	0.0	0	0.0	2277.048960867636	1	0	1.0	1.8126404668494036
17536.207767126714	2000.0	740.8411937409257	0.0	0	0.0	2277.048960867636	1	0	1.0	1.8126404668494038
18560.92938396407	2000.0	716.1195769035695	0.0	0	0.0	2277.0489608676344	1	0	1.0	1.8126404668494036
19702.943815518924	2000.0	574.1051453487148	0.0	0	0.0	2277.0489608676326	1	0	1.0	1.812640466849404
20205.024758363103	1000.0	1072.0242025045332	0.0	0	0.0	2277.0489608676326	1	0	1.0	0.42634610572951365
21156.03627028935	2000.0	1121.0126905782868	0.0	0	0.0	2277.0489608676326	1	0	1.0	1.1194932862894587
22382.09336796527	2000.0	894.9555929023692	0.0	0	0.0	2277.0489608676326	1	0	1.0	1.812640466849404
23285.286975588762	2000.0	991.761985278879	0.0	0	0.0	2277.048960867636	1	0	1.0	1.8126404668494036
24512.91125074344	2000.0	764.1377101242023	0.0	0	0.0	2277.048960867636	1	0	1.0	1.8126404668494036
25880.218383031595	2000.0	396.83057783604863	0.0	0	0.0	2277.048960867636	1	0	1.0	1.8126404668494036
27144.468838154517	2000.0	346.4349216613756	213.8547989482451	0	0.0	2490.903759815883	1	0	1.0	0.5076636023298472
27914.1625848996	1000.0	616.5360003090087	39.79482539271572	0	0.0	2530.6985852086	1	0	1.0	0.16115342851503806
28568.820407534942	1000.0	961.8781776736661	0.0	0	0.0	2530.6985852086	1	0	1.0	1.0930695614312775
29535.245510522152	2000.0	995.4530746864571	0.0	0	0.0	2530.6985852085963	1	0	1.0	1.093069561431278
30293.756794327688	2000.0	1236.941790880926	0.0	0	0.0	2530.6985852085963	1	0	1.0	1.7862167419912232
31484.86743401928	2000.0	1045.8311511893323	0.0	0	0.0	2530.6985852086	1	0	1.0	1.7862167419912225
32656.536538996814	2000.0	874.1620462117974	0.0	0	0.0	2530.6985852086	1	0	1.0	1.7862167419912225
33513.454040745106	2000.0	1017.2445444635079	0.0	0	0.0	2530.6985852086036	1	0	1.0	1.7862167419912225
34997.07409303439	2000.0	533.6244921742245	0.0	0	0.0	2530.6985852086	1	0	1.0	1.7862167419912225
36460.27025741303	2000.0	209.45241299874246	139.0240852031597	0	0.0	2669.7226704117566	1	0	1.0	0.9346780495582968
37178.150704975225	1000.0	642.9369733987193	151.36500796217135	0	0.0	2821.0876783739295	1	0	1.0	-0.5473421191817001
38194.2653746875	2000.0	626.8223036864559	0.0	0	0.0	2821.087678373937	1	0	1.0	1.053995109151272
39495.435596956784	2000.0	325.6520814171671	0.0	0	0.0	2821.087678373944	1	0	1.0	1.747142289711216
39910.660753888966	1000.0	910.4269244849838	0.0	0	0.0	2821.087678373944	1	0	1.0	0.3608479285913257
40895.31740191799	2000.0	925.770276455962	0.0	0	0.0	2821.087678373944	1	0	1.0	1.0539951091512707
42252.89155706101	2000.0	568.1961213129316	0.0	0	0.0	2821.087678373944	1	0	1.0	1.747142289711216
43246.10599869759	2000.0	574.9816796763555	0.0	0	0.0	2821.087678373944	1	0	1.0	1.747142289711216
44277.24968343553	2000.0	543.837994938405	0.0	0	0.0	2821.087678373944	1	0	1.0	1.747142289711216
45455.27984262755	2000.0	381.8646383617558	16.05680261535872	0	0.0	2837.1444809893	1	0	1.0	1.6483188111284166
46087.34786444689	1000.0	749.7966165424092	0.0	0	0.0	2837.1444809893	1	0	1.0	0.35836526570067856
47313.28825740093	2000.0	523.8562235883746	0.0	0	0.0	2837.1444809893	1	0	1.0	1.0515124462606238
48241.362238087626	2000.0	595.7822429016796	0.0	0	0.0	2837.144480989293	1	0	1.0	1.74465962682057
49214.48388232392	2000.0	622.6605986653858	0.0	0	0.0	2837.144480989293	1	0	1.0	1.74465962682057
50439.82232031078	2000.0	397.322160678517	0.0	0	0.0	2837.144480989293	1	0	1.0	1.74465962682057
51035.241043467104	1000.0	801.903437522189	0.0	0	0.0	2837.144480989293	1	0	1.0	0.35836526570067967
52138.642687529085	2000.0	698.5017934602057	0.0	0	0.0	2837.1444809893	1	0	1.0	1.0515124462606238
52944.538356566045	2000.0	892.6061244232416	0.0	0	0.0	2837.1444809893	1	0	1.0	1.7446596268205687
54015.198577408664	2000.0	821.9459035806289	0.0	0	0.0	2837.1444809893	1	0	1.0	1.7446596268205687
54795.83241725086	2000.0	1041.3120637384313	0.0	0	0.0	2837.1444809893	1	0	1.0	1.7446596268205687
55961.67493510722	2000.0	875.4695458820714	0.0	0	0.0	2837.1444809893	1	0	1.0	1.7446596268205687
56727.18614105368	2000.0	1109.9583399356143	0.0	0	0.0	2837.1444809893	1	0	1.0	1.7446596268205687
57779.701115442316	2000.0	1057.4433655469793	0.0	0	0.0	2837.1444809893	1	0	1.0	1.7446596268205687
58695.59671377543	2000.0	1141.5477672138695	0.0	0	0.0	2837.144480989293	1	0	1.0	1.74465962682057
59860.72916930689	2000.0	976.4153116824097	0.0	0	0.0	2837.144480989293	1	0	1.0	1.74465962682057
60659.18285228655	2000.0	1177.9616287027568	0.0	0	0.0	2837.1444809892855	1	0	1.0	1.744659626820571
61685.51345605264	2000.0	1151.6310249366616	0.0	0	0.0	2837.1444809892855	1	0	1.0	1.744659626820571
62515.40544452479	2000.0	1321.7390364645166	0.0	0	0.0	2837.1444809892782	1	0	1.0	1.7446596268205723
63465.230462246174	2000.0	1371.914018743131	0.0	0	0.0	2837.1444809892782	1	0	1.0	1.7446596268205723
64937.83998001155	2000.0	899.304500977753	0.0	0	0.0	2837.1444809892782	1	0	1.0	1.7446596268205723
66098.09992876193	2000.0	739.0445522273758	0.0	0	0.0	2837.1444809892855	1	0	1.0	1.7446596268205719
67342.53586044372	2000.0	494.6086205455732	0.0	0	0.0	2837.1444809892637	1	0	1.0	1.7446596268205723
68726.12576672928	2000.0	324.290013776091	213.27129951608077	0	0.0	3050.4157805053837	1	0	1.0	0.4283580156761386
69801.82009451397	2000.0	424.62580697676674	176.030120985353	0	0.0	3226.4459014907334	1	0	1.0	0.6157493286720497
70844.93444105457	2000.0	429.521254742506	48.00979430636255	0	0.0	3274.4556957970926	1	0	1.0	1.3730206460350924
72075.0474387682	2000.0	321.11176949490306	121.70351246602115	0	0.0	3396.1592082631105	1	0	1.0	0.9012228339013234
73350.86051977173	2000.0	341.5564542498289	296.25776575843093	0	0.0	3692.416974021544	1	0	1.0	-0.23252364607768627
74173.64437843839	2000.0	547.2407307743517	28.46813519119621	0	0.0	3720.8851092127297	1	0	1.0	1.3647317039106563
75012.96531107323	2000.0	707.9197981395123	0.0	0	0.0	3720.8851092127297	1	0	1.0	1.5355405150578336
75856.35715343678	2000.0	864.5279557759674	0.0	0	0.0	3720.8851092127297	1	0	1.0	1.5355405150578336
76800.95790141948	2000.0	919.9272077932616	0.0	0	0.0	3720.8851092127297	1	0	1.0	1.5355405150578336
77675.76581317741	2000.0	1045.1192960353205	0.0	0	0.0	3720.8851092127297	1	0	1.0	1.5355405150578336
78607.84140991338	2000.0	1113.0436992993386	0.0	0	0.0	3720.885109212715	1	0	1.0	1.5355405150578383
79578.30668272403	2000.0	1142.5784264887066	0.0	0	0.0	3720.885109212715	1	0	1.0	1.5355405150578383
80523.92105534655	2000.0	1196.964053866173	0.0	0	0.0	3720.885109212715	1	0	1.0	1.5355405150578383
81547.07337637398	2000.0	1173.8117328387214	0.0	0	0.0	3720.885109212715	1	0	1.0	1.5355405150578383
82815.25945029012	2000.0	905.6256589225746	0.0	0	0.0	3720.8851092127006	1	0	1.0	1.5355405150578432
83886.9627525391	2000.0	833.9223566735934	0.0	0	0.0	3720.885109212686	1	0	1.0	1.5355405150578483
84775.35249128888	2000.0	945.5326179238192	0.0	0	0.0	3720.885109212686	1	0	1.0	1.5355405150578483
85963.36136956127	2000.0	757.5237396514367	0.0	0	0.0	3720.885109212686	1	0	1.0	1.5355405150578483
86996.13597831732	2000.0	724.7491308953732	0.0	0	0.0	3720.885109212686	1	0	1.0	1.5355405150578483
88041.84817495798	2000.0	679.0369342546988	0.0	0	0.0	3720.885109212686	1	0	1.0	1.5355405150578483
88823.5007456598	2000.0	897.3843635528962	0.0	0	0.0	3720.885109212686	1	0	1.0	1.5355405150578483
89838.25371092222	2000.0	882.6313982904816	0.0	0	0.0	3720.885109212686	1	0	1.0	1.5355405150578483
91171.43486431458	2000.0	549.4502448981187	0.0	0	0.0	3720.885109212686	1	0	1.0	1.5355405150578483
92493.45599961535	2000.0	242.8577769978849	15.428667400525342	0	0.0	3736.313776613213	1	0	1.0	1.4377367145421154
93678.31297621522	2000.0	423.3149899545941	365.3141895565767	0	0.0	4101.627966169821	1	0	1.0	-0.8060460157248475
94885.67434414147	2000.0	361.8384921900205	145.88487016166255	0	0.0	4247.512836331487	1	0	1.0	0.4407661824152037
95852.79082946393	2000.0	479.7556414644548	85.03363459690985	0	0.0	2332.546470928399	1	0	1.0	-4.702812572148984
96573.10050656005	2000.0	759.4459643683354	0.0	0	0.0	2332.546470928384	1	0	1.0	1.8073892354324763
97710.87184583771	2000.0	621.674625090659	0.0	0	0.0	2332.546470928384	1	0	1.0	1.8073892354324763
98811.90549761272	2000.0	520.6409733156484	0.0	0	0.0	2332.546470928384	1	0	1.0	1.8073892354324763
99719.07528922883	2000.0	613.4711816995439	0.0	0	0.0	2332.546470928384	1	0	1.0	1.8073892354324763
100803.77834459508	2000.0	528.7681263333004	0.0	0	0.0	2332.546470928384	1	0	1.0	1.8073892354324763
101417.26278082599	1000.0	915.2836901023953	0.0	0	0.0	2332.546470928384	1	0	1.0	0.4210948743125861
102090.6948217762	1000.0	1241.8516491522	0.0	0	0.0	2332.546470928384	1	0	1.0	1.1142420548725314
103360.66745962494	2000.0	971.8790113034496	0.0	0	0.0	2332.546470928384	1	0	1.0	1.1142420548725311
104229.51188110847	2000.0	1103.0345898199153	0.0	0	0.0	2332.546470928384	1	0	1.0	1.8073892354324763
105837.90238969235	2000.0	494.6440812360396	0.0	0	0.0	2332.546470928384	1	0	1.0	1.8073892354324763
106503.80591971014	1000.0	828.7405512182544	0.0	0	0.0	2332.546470928384	1	0	1.0	0.4210948743125861
107224.98117078615	1000.0	1107.5653001422374	0.0	0	0.0	2332.546470928384	1	0	1.0	1.1142420548725314
108193.78472074884	2000.0	1138.7617501795426	0.0	0	0.0	2332.546470928384	1	0	1.0	1.1142420548725311
108844.65501870174	1000.0	1487.8914522266407	0.0	0	0.0	2332.546470928384	1	0	1.0	0.4210948743125861
110402.88820296542	2000.0	929.6582679629678	0.0	0	0.0	2332.546470928399	1	0	1.0	1.1142420548725298
111225.09086753392	1000.0	1107.4556033944614	0.0	0	0.0	2332.546470928399	1	0	1.0	0.4210948743125846
112058.86554470334	1000.0	1273.6809262250267	0.0	0	0.0	2332.546470928399	1	0	1.0	1.1142420548725298
113313.92362010191	2000.0	1018.6228508264626	0.0	0	0.0	2332.546470928399	1	0	1.0	1.1142420548725298
114714.53421478192	2000.0	618.0122561464581	0.0	0	0.0	2332.546470928399	1	0	1.0	1.807389235432475
115348.75574377825	1000.0	983.7907271501181	0.0	0	0.0	2332.546470928399	1	0	1.0	0.4210948743125846
116771.22246837415	2000.0	561.3240025542169	0.0	0	0.0	2332.546470928399	1	0	1.0	1.1142420548725298
117258.17900401293	1000.0	1074.3674669154311	0.0	0	0.0	2332.546470928399	1	0	1.0	0.4210948743125846
118262.04302275053	2000.0	1070.5034481778398	0.0	0	0.0	2332.546470928399	1	0	1.0	1.1142420548725298
119132.68186957578	1000.0	1199.8646013525918	0.0	0	0.0	2332.5464709284133	1	0	1.0	0.4210948743125832
119973.75238050196	1000.0	1358.7940904264112	0.0	0	0.0	2332.5464709284133	1	0	1.0	1.1142420548725283
121226.28552732263	2000.0	1106.260943605746	0.0	0	0.0	2332.5464709284133	1	0	1.0	1.1142420548725285
122414.39475384109	2000.0	918.1517170872869	0.0	0	0.0	2332.5464709284133	1	0	1.0	1.8073892354324737
123609.64477230688	2000.0	722.9016986214884	0.0	0	0.0	2332.5464709284133	1	0	1.0	1.8073892354324737
124840.76953786213	2000.0	491.7769330662589	0.0	0	0.0	2332.5464709284133	1	0	1.0	1.8073892354324737
126199.30224742409	2000.0	373.58983125137775	240.34560774705824	0	0.0	2572.892078675475	1	0	1.0	0.33910110118277736
127304.5275614187	2000.0	371.76671593984423	103.40219868307565	0	0.0	2676.294277358553	1	0	1.0	1.1475299378776258
127978.05285679478	1000.0	698.2414205637565	0.0	0	0.0	2676.2942773585673	1	0	1.0	0.38164876885618754
128736.71524991107	1000.0	939.5790274474608	0.0	0	0.0	2676.294277358553	1	0	1.0	1.0747959494161345
129711.31720354162	2000.0	964.9770738169135	0.0	0	0.0	2676.2942773585673	1	0	1.0	1.0747959494161328
130890.55847829986	2000.0	785.7357990586781	0.0	0	0.0	2676.2942773585673	1	0	1.0	1.7679431299760777
131561.15815746106	1000.0	1115.1361198974932	0.0	0	0.0	2676.2942773585964	1	0	1.0	0.38164876885618665
132863.21418900922	2000.0	813.0800883493696	0.0	0	0.0	2676.2942773586255	1	0	1.0	1.074795949416127
133428.19796009644	1000.0	1248.096317262153	0.0	0	0.0	2676.29427735864	1	0	1.0	0.38164876885617927
134976.47409709697	2000.0	699.8201802616375	0.0	0	0.0	2676.2942773586547	1	0	1.0	1.074795949416121
135630.28989816058	1000.0	1046.0043791980154	0.0	0	0.0	2676.2942773586547	1	0	1.0	0.3816487688561757
136940.62528306726	2000.0	735.668994291347	0.0	0	0.0	2676.2942773586547	1	0	1.0	1.074795949416121
137461.5583980818	1000.0	1214.7358792767802	0.0	0	0.0	2676.2942773586838	1	0	1.0	0.3816487688561717
138536.01067476504	2000.0	1140.2836025935226	0.0	0	0.0	2676.2942773586838	1	0	1.0	1.0747959494161168
139660.32140436105	2000.0	1015.9728729975217	0.0	0	0.0	2676.2942773586547	1	0	1.0	1.7679431299760662
140315.22794085974	1000.0	1361.0663364988347	0.0	0	0.0	2676.2942773586547	1	0	1.0	0.3816487688561757
141742.7822568071	2000.0	933.5120205514395	0.0	0	0.0	2676.2942773586547	1	0	1.0	1.074795949416121
142847.30569935276	2000.0	828.9885780057875	0.0	0	0.0	2676.2942773586547	1	0	1.0	1.7679431299760662
143585.49611347215	1000.0	1090.7981638864048	0.0	0	0.0	2676.2942773586838	1	0	1.0	0.3816487688561717
144142.01453636188	1000.0	1534.2797409967022	0.0	0	0.0	2676.2942773586838	1	0	1.0	1.0747959494161168
145337.05710916646	2000.0	1339.2371681921013	0.0	0	0.0	2676.2942773586838	1	0	1.0	1.0747959494161168
146583.75874292207	2000.0	1092.535534436483	0.0	0	0.0	2676.2942773586838	1	0	1.0	1.767943129976062
147198.57477615794	1000.0	1477.7195012006202	0.0	0	0.0	2676.2942773586838	1	0	1.0	0.3816487688561717
148908.66341311097	2000.0	767.6308642475844	0.0	0	0.0	2676.2942773586838	1	0	1.0	1.0747959494161168
149851.13587278823	1000.0	825.1584045703297	0.0	0	0.0	2676.2942773586547	1	0	1.0	0.3816487688561757
150662.53474123502	1000.0	1013.7595361235146	0.0	0	0.0	2676.2942773586547	1	0	1.0	1.074795949416121
151192.30840940992	1000.0	1483.9858679486308	0.0	0	0.0	2676.2942773586547	1	0	1.0	1.074795949416121
152782.54764091215	2000.0	893.7466364463854	0.0	0	0.0	2676.2942773586547	1	0	1.0	1.074795949416121
154017.66415094354	2000.0	658.6301264149664	0.0	0	0.0	2676.2942773586547	1	0	1.0	1.7679431299760693
155299.2750610778	2000.0	377.01921628069465	0.0	0	0.0	2676.2942773586255	1	0	1.0	1.7679431299760702
155911.82704371307	1000.0	764.4672336453849	0.0	0	0.0	2676.2942773585964	1	0	1.0	0.3816487688561836
157022.5450989558	2000.0	653.749178402623	0.0	0	0.0	2676.2942773585964	1	0	1.0	1.0747959494161288
157557.66065019235	1000.0	1118.6336271660994	0.0	0	0.0	2676.2942773585964	1	0	1.0	0.3816487688561836
158541.94161433968	2000.0	1134.3526630187407	0.0	0	0.0	2676.2942773586255	1	0	1.0	1.0747959494161248
159734.35698677922	2000.0	941.9372905792244	0.0	0	0.0	2676.2942773586547	1	0	1.0	1.7679431299760662
161000.0943915386	2000.0	676.199885819907	0.0	0	0.0	2676.2942773586838	1	0	1.0	1.767943129976062
162078.55192155315	2000.0	597.7423558053617	0.0	0	0.0	2676.294277358713	1	0	1.0	1.7679431299760606
163086.30823396097	2000.0	589.9860433975444	0.0	0	0.0	2676.2942773586838	1	0	1.0	1.7679431299760595
164456.00283029856	2000.0	266.3553126976865	46.063865637725144	0	0.0	2722.3581429964106	1	0	1.0	1.4852424017045758
164958.5503770357	1000.0	763.8077659605726	0.0	0	0.0	2722.3581429963815	1	0	1.0	0.3753312344110373
166095.11667160116	2000.0	627.2414713950793	0.0	0	0.0	2722.3581429963524	1	0	1.0	1.0684784149709872
167103.20875089045	2000.0	619.1493921057921	0.0	0	0.0	2722.3581429963524	1	0	1.0	1.7616255955309348
167861.01564259853	1000.0	861.3425003977117	0.0	0	0.0	2722.3581429963524	1	0	1.0	0.37533123441104455
169339.5246932343	2000.0	382.83344976197395	0.0	0	0.0	2722.3581429963815	1	0	1.0	1.0684784149709872
170090.82618195875	1000.0	654.7983674615839	23.266406424030436	0	0.0	2745.624549420434	1	0	1.0	0.23243775949539014
171312.12125775017	2000.0	433.503291670155	0.0	0	0.0	2745.624549420434	1	0	1.0	1.065183378599518
172449.69767627947	2000.0	418.52989715969704	122.60302401883172	0	0.0	2868.227573439275	1	0	1.0	1.0041301991910316
173240.36311309526	2000.0	627.8644603439031	0.0	0	0.0	2868.227573439246	1	0	1.0	1.7397483433040257
174278.1466751224	2000.0	590.0808983167516	0.0	0	0.0	2868.227573439246	1	0	1.0	1.7397483433040266
175770.27079196708	2000.0	211.52292048065576	113.56613900856043	0	0.0	2981.7937124477176	1	0	1.0	1.0391731713560897
176293.4259270614	1000.0	748.424295825862	60.05651043954353	0	0.0	3041.8502228872385	1	0	1.0	-0.03703390918714633
177663.70809851997	2000.0	378.1421243673036	0.0	0	0.0	3041.8502228872385	1	0	1.0	1.01645233401006
178378.98664220714	1000.0	662.863580680155	0.0	0	0.0	3041.8502228872094	1	0	1.0	0.32330515345012045
179508.89130200553	2000.0	532.9589208817658	0.0	0	0.0	3041.8502228872094	1	0	1.0	1.0164523340100655
180268.6524331215	2000.0	773.197789765814	0.0	0	0.0	3041.8502228872094	1	0	1.0	1.7095995145700096
181660.11946890128	2000.0	381.7307539860558	0.0	0	0.0	3041.8502228872094	1	0	1.0	1.7095995145700107
182958.1464353037	2000.0	332.3029617164876	248.5991741328707	0	0.0	3290.449397020042	1	0	1.0	0.1657668586542993
183891.95435951694	2000.0	492.543036315255	94.04799881202808	0	0.0	3384.4973958320334	1	0	1.0	1.0701331291976097
184999.05074140275	2000.0	405.65704406163724	20.210389632227248	0	0.0	3404.7077854642703	1	0	1.0	1.5079800570307909
185855.05929426744	2000.0	565.334523308401	15.68603211142505	0	0.0	3420.3938175757066	1	0	1.0	1.5310442023728155
186835.0493468316	2000.0	585.3444707442507	0.0	0	0.0	3420.3938175757066	1	0	1.0	1.6251603950413656
187839.71572436468	2000.0	580.6780932112041	0.0	0	0.0	3420.3938175757066	1	0	1.0	1.6251603950413656
188817.49406757898	2000.0	602.8997499968873	0.0	0	0.0	3420.3938175756775	1	0	1.0	1.625160395041373
190090.23097095522	2000.0	372.04867974373985	41.88583312308867	0	0.0	3462.279650698765	1	0	1.0	1.362672330741816
190998.71496863934	2000.0	515.0247990179832	51.460116958367905	0	0.0	3513.7397676571272	1	0	1.0	1.2909416974578065
192309.31029749216	2000.0	263.3995611532476	58.97009098809076	0	0.0	3572.7098586452194	1	0	1.0	1.228729056152819
193337.3359263693	2000.0	473.13829078656295	237.76435851043018	0	0.0	3810.474217155628	1	0	1.0	0.07764421275493805
194411.26667045866	2000.0	444.42574347476886	45.21819677760925	0	0.0	3855.692413933226	1	0	1.0	1.2162438687607755
195531.85416314387	2000.0	435.6565527179922	111.81830192842304	0	0.0	3967.510715861863	1	0	1.0	0.7727657261726232
196456.67218428827	2000.0	510.8385315736102	0.0	0	0.0	3967.510715861863	1	0	1.0	1.4436755377431614
197828.66920269871	2000.0	245.95776729281843	107.11625412966086	0	0.0	4074.6269699915138	1	0	1.0	0.755258549633429
198722.47674406337	2000.0	578.2947374813181	226.14451155318233	0	0.0	4300.771481544682	1	0	1.0	-0.06812079928288539
200111.625009997	2000.0	307.3906166315725	118.24414508385587	0	0.0	2419.015626628534	1	0	1.0	-4.910829422376634
201302.5958652958	2000.0	349.00492030732437	232.58515897454805	0	0.0	2651.6007856030774	1	0	1.0	0.37570903140059403
202158.59515957593	2000.0	583.7049684116266	90.69934238442363	0	0.0	2742.300127987517	1	0	1.0	1.2146096758237046
203275.33362159296	2000.0	466.96650639457016	0.0	0	0.0	2742.300127987517	1	0	1.0	1.7588057301302464
204380.99826669035	2000.0	426.45641700603437	65.15455570885314	0	0.0	2807.4546836963564	1	0	1.0	1.358294257336002
205191.3585570347	2000.0	616.09612666167	0.0	0	0.0	2807.4546836963564	1	0	1.0	1.7492215915891207
206429.3407957056	2000.0	378.11388799078213	0.0	0	0.0	2807.4546836963855	1	0	1.0	1.7492215915891172
207566.32219611923	2000.0	406.4707914782491	165.33830390108722	0	0.0	2972.792987597466	1	0	1.0	0.7301335519397654
208691.59405053317	2000.0	404.6616219025427	123.4626848382425	0	0.0	3096.2556724356837	1	0	1.0	0.9583592577503075
209622.67807663843	2000.0	555.7155122972165	82.1379164999642	0	0.0	3178.393588935636	1	0	1.0	1.1895121292289774
210640.71666037876	2000.0	537.6769285568869	0.0	0	0.0	3178.393588935636	1	0	1.0	1.6823396282287626
211710.33145927667	2000.0	468.0621296589338	0.0	0	0.0	3178.393588935636	1	0	1.0	1.6823396282287626
212725.20584598745	2000.0	460.03556021939085	6.8478172712447645	0	0.0	3185.2414062069147	1	0	1.0	1.6397962129223964
213851.16095495885	2000.0	419.97016934896465	85.88971810098911	0	0.0	3271.1311243078962	1	0	1.0	1.146507331643032
214932.75509860064	2000.0	461.6171981148164	123.2411724076606	0	0.0	3394.3722967155627	1	0	1.0	0.8924550111406215
216172.21310827023	2000.0	356.95991158772745	134.80072314249838	0	0.0	3529.173019858077	1	0	1.0	0.7864909747124182
217227.01484220216	2000.0	420.97543329515	118.81725563934987	0	0.0	3647.9902754974028	1	0	1.0	0.8464822982761854
218351.74741829195	2000.0	379.2702109997847	83.02735379441219	0	0.0	3731.017629291804	1	0	1.0	1.0339478977183822
219564.96124452734	2000.0	357.3008079111643	191.24442314677594	0	0.0	3922.262052438513	1	0	1.0	0.3144260233329386
220692.9804012958	2000.0	387.06405686534436	157.78240572261151	0	0.0	4080.044458161108	1	0	1.0	0.4488499469231133
221629.88669573428	2000.0	528.1183654536235	77.96060302677705	0	0.0	4158.005061187869	1	0	1.0	0.8919847574737827
222521.60663582708	2000.0	636.3984253608432	0.0	0	0.0	4158.005061187869	1	0	1.0	1.359748375634445
223713.4363751678	2000.0	444.568686020134	0.0	0	0.0	4158.005061187869	1	0	1.0	1.359748375634445
224852.3508392928	2000.0	431.0552576141529	125.40103571898749	0	0.0	4283.406096906867	1	0	1.0	0.5453626197611272
225586.56132541443	2000.0	696.8447714925375	0.0	0	0.0	2283.406096906838	1	0	1.0	-4.187947079919473
226400.80235179653	2000.0	882.6037451104193	0.0	0	0.0	2283.4060969068087	1	0	1.0	1.8120529200805313
227165.20324203215	2000.0	1118.202854874819	0.0	0	0.0	2283.4060969068087	1	0	1.0	1.8120529200805313
228230.79302534333	2000.0	1052.6130715636423	0.0	0	0.0	2283.4060969068087	1	0	1.0	1.8120529200805313
229599.7945585735	2000.0	683.6115383334277	0.0	0	0.0	2283.4060969068087	1	0	1.0	1.8120529200805313
230874.19815608804	2000.0	409.2079408188707	0.0	0	0.0	2283.4060969067796	1	0	1.0	1.812052920080534
231808.42873784798	2000.0	508.7886063698607	33.811247310932345	0	0.0	2317.217344217701	1	0	1.0	1.606000030209326
233008.80388243057	2000.0	375.8324837144992	67.41902192722176	0	0.0	2384.6363661449577	1	0	1.0	1.3976878854094323
234385.00481825898	2000.0	266.06622556775767	266.43467768168335	0	0.0	2651.0710438266105	1	0	1.0	0.17268139391550485
235212.89133409303	2000.0	571.5195124046785	133.33980267096945	0	0.0	2784.4108464975725	1	0	1.0	0.9526385754500262
236386.7919793056	2000.0	397.6188671921137	0.0	0	0.0	2784.4108464975725	1	0	1.0	1.752677391475843
237346.6372435166	2000.0	479.9358690195206	42.16226603841841	0	0.0	2826.573112536018	1	0	1.0	1.4933246682558197
238190.3491962643	2000.0	636.2239162718298	0.0	0	0.0	2826.573112536018	1	0	1.0	1.74629826448633
239479.74258861804	2000.0	346.8305239180339	0.0	0	0.0	2826.573112535989	1	0	1.0	1.7462982644863345
240337.3709192277	2000.0	573.3289096919366	84.12671638352977	0	0.0	2910.6998289196054	1	0	1.0	1.2280470736375018
241598.97770690522	2000.0	330.5566393432207	18.834517328805248	0	0.0	2929.5343462484307	1	0	1.0	1.6166350098635147
242684.70754100193	2000.0	469.83110892048876	225.0043036739836	0	0.0	3154.5386499223823	1	0	1.0	0.33731905334034407
243417.43755462093	2000.0	737.1010953014621	0.0	0	0.0	3154.5386499223823	1	0	1.0	1.6873448753842457
244177.24837606424	2000.0	977.2902738581281	0.0	0	0.0	3154.538649922353	1	0	1.0	1.6873448753842504
245271.1794331329	2000.0	883.359216789448	0.0	0	0.0	3154.538649922353	1	0	1.0	1.6873448753842517
246265.70838959186	2000.0	888.8302603304807	0.0	0	0.0	3154.538649922353	1	0	1.0	1.6873448753842517
247445.62984739876	2000.0	708.90880252357	0.0	0	0.0	3154.538649922353	1	0	1.0	1.6873448753842517
248717.5780413309	2000.0	436.960608591365	0.0	0	0.0	3154.538649922324	1	0	1.0	1.6873448753842577
249694.07236103818	2000.0	492.69991577048097	32.2336268864197	0	0.0	3186.7722768087406	1	0	1.0	1.487154531412701
251326.5103156051	2000.0	212.97305625928124	352.7110950557144	0	0.0	3539.483371864422	1	0	1.0	-0.5218306928630003
251825.13496526156	1000.0	755.5959863528508	41.24757975005372	0	0.0	3580.730951614474	1	0	1.0	-0.053629712691205145
252842.4920259493	2000.0	738.2389256651315	0.0	0	0.0	3580.730951614474	1	0	1.0	0.8870029463690623
253798.0492589988	2000.0	782.6816926156422	0.0	0	0.0	3580.7309516145033	1	0	1.0	1.5801501269289988
254957.47166780423	2000.0	623.2592838101864	0.0	0	0.0	3580.7309516145324	1	0	1.0	1.580150126928997
256106.91792505755	2000.0	473.8130265568574	0.0	0	0.0	3580.7309516145324	1	0	1.0	1.58015012692899
256913.53512800287	1000.0	667.1958236115236	0.0	0	0.0	3580.7309516145615	1	0	1.0	0.19385576580909797
258501.5732671217	2000.0	200.0	120.84231550730922	0	0.0	3701.5732671218866	1	0	1.0	0.13001603015959043
259350.3019978446	1000.0	573.9062716805465	222.6350024033953	0	0.0	3924.2082695251156	1	0	1.0	-1.2609822910911423
259962.95388618248	1000.0	961.2543833426428	0.0	0	0.0	3924.2082695251156	1	0	1.0	0.7679749038891839
261098.59734057912	2000.0	825.6109289460087	0.0	0	0.0	3924.2082695251156	1	0	1.0	0.7679749038891744
262026.5188278772	2000.0	897.6894416479093	0.0	0	0.0	3924.2082695251156	1	0	1.0	1.4611220844491197
263187.05694092077	2000.0	737.1513286042995	0.0	0	0.0	3924.2082695250574	1	0	1.0	1.4611220844491357
264229.8383580034	2000.0	694.3699115216898	0.0	0	0.0	3924.2082695251156	1	0	1.0	1.461122084449129
265772.78030391445	2000.0	200.0	48.57203438934627	0	0.0	3972.780303914449	1	0	1.0	1.1610367139649527
267095.8542621217	2000.0	361.60749344329236	484.681451650582	0	0.0	4457.46175556496	1	0	1.0	-1.7057445989258668
268436.55496217206	2000.0	326.91113872143717	306.00434532841143	0	0.0	2763.466100893391	1	0	1.0	-6.0802707904642475
269054.66202176706	1000.0	708.8040791264627	0.0	0	0.0	2763.4661008933326	1	0	1.0	0.3694609203863353
269786.3367895085	1000.0	977.1293113850182	0.0	0	0.0	2763.4661008933326	1	0	1.0	1.0626081009462855
270525.1083183607	1000.0	1238.3577825328218	0.0	0	0.0	2763.4661008933326	1	0	1.0	1.0626081009462855
271531.1394905756	2000.0	1232.3266103179863	0.0	0	0.0	2763.466100893391	1	0	1.0	1.0626081009462771
272898.36192679615	2000.0	865.104174097358	0.0	0	0.0	2763.466100893391	1	0	1.0	1.755755281506222
273782.979672744	2000.0	980.48642814949	0.0	0	0.0	2763.466100893391	1	0	1.0	1.755755281506222
274871.0837465418	2000.0	892.3823543516369	0.0	0	0.0	2763.4661008933326	1	0	1.0	1.7557552815062307
276281.2935326289	2000.0	482.1725682645082	0.0	0	0.0	2763.4661008933326	1	0	1.0	1.7557552815062307
277451.9023331285	2000.0	393.6982585041684	82.13449073914416	0	0.0	2845.6005916324793	1	0	1.0	1.2505304178362253
278128.861670463	1000.0	716.7389211696518	0.0	0	0.0	2845.6005916324793	1	0	1.0	0.35704300115120013
279605.79235120426	2000.0	239.80824042842406	0.0	0	0.0	2845.6005916324793	1	0	1.0	1.050190181711147
280080.37707458145	1000.0	765.2235170511966	0.0	0	0.0	2845.6005916324793	1	0	1.0	0.35704300115120013
280848.12860279134	1000.0	997.4719888412576	0.0	0	0.0	2845.6005916324793	1	0	1.0	1.0501901817111454
281972.9300885498	2000.0	872.6705030827547	0.0	0	0.0	2845.600591632421	1	0	1.0	1.0501901817111543
282938.9858460467	2000.0	906.6147455858522	0.0	0	0.0	2845.600591632421	1	0	1.0	1.7433373622710922
284530.7132649014	2000.0	314.88732673115106	0.0	0	0.0	2845.600591632421	1	0	1.0	1.7433373622710997
284995.0155882348	1000.0	850.5850033977404	0.0	0	0.0	2845.600591632421	1	0	1.0	0.3570430011512093
285611.0239930075	1000.0	1234.5765986251145	0.0	0	0.0	2845.6005916324793	1	0	1.0	1.0501901817111454
286748.3446829663	2000.0	1097.2559086663016	0.0	0	0.0	2845.6005916324793	1	0	1.0	1.0501901817111452
287716.1458653787	2000.0	1129.45472625387	0.0	0	0.0	2845.6005916324793	1	0	1.0	1.7433373622710904
288367.01571973675	1000.0	1478.5848718958155	0.0	0	0.0	2845.600591632421	1	0	1.0	0.3570430011512093
289557.80986657867	2000.0	1287.7907250538565	0.0	0	0.0	2845.600591632363	1	0	1.0	1.0501901817111636
290859.7031612262	2000.0	985.8974304063495	0.0	0	0.0	2845.600591632363	1	0	1.0	1.7433373622711088
292631.69573472353	2000.0	213.90485690901534	0.0	0	0.0	2845.600591632421	1	0	1.0	1.7433373622711015
293501.44862016756	1000.0	554.1054867112421	209.95351524626358	0	0.0	3055.554106878815	1	0	1.0	-0.9390036614377368
294141.616740483	1000.0	913.9373663958496	0.0	0	0.0	3055.554106878815	1	0	1.0	1.0138646105997897
294679.0686540642	1000.0	1376.485452814628	0.0	0	0.0	3055.554106878757	1	0	1.0	1.0138646105998008
296081.7228520159	2000.0	973.8312548628933	0.0	0	0.0	3055.554106878815	1	0	1.0	1.0138646105997897
297019.37821377267	2000.0	1036.1758931062138	0.0	0	0.0	3055.5541068788734	1	0	1.0	1.7070117911597327
297867.2775176984	1000.0	1188.276589180527	0.0	0	0.0	3055.5541068788734	1	0	1.0	0.32071743003983333
299026.33790091734	2000.0	1029.2162059616417	0.0	0	0.0	3055.5541068788734	1	0	1.0	1.0138646105997784
299827.51718907786	1000.0	1228.036917801123	0.0	0	0.0	3055.5541068788734	1	0	1.0	0.32071743003983333
300370.88305705896	1000.0	1684.6710498199732	0.0	0	0.0	3055.5541068788734	1	0	1.0	1.0138646105997786
301650.0784868539	2000.0	1405.4756200249847	0.0	0	0.0	3055.5541068788734	1	0	1.0	1.0138646105997784
303049.227372503	2000.0	1006.3267343758415	0.0	0	0.0	3055.5541068789316	1	0	1.0	1.7070117911597127
303907.4194802773	2000.0	1148.1346266015976	0.0	0	0.0	3055.5541068788734	1	0	1.0	1.707011791159715
305248.2498097191	2000.0	807.3042971597281	0.0	0	0.0	3055.5541068789316	1	0	1.0	1.7070117911597127
306566.9994879038	2000.0	488.5546189750348	0.0	0	0.0	3055.5541068789316	1	0	1.0	1.707011791159715
307872.26402205904	2000.0	349.08267069283886	165.79258587299717	0	0.0	3221.3466927519185	1	0	1.0	0.6783002790808682
308561.19626564364	1000.0	660.1504271081963	0.0	0	0.0	3221.3466927519185	1	0	1.0	0.2867614331989611
309741.10721784405	2000.0	480.2394749077641	0.0	0	0.0	3221.3466927519767	1	0	1.0	0.9799086137588933
311231.68790570844	2000.0	250.72197217492266	261.06318513157413	0	0.0	3482.4098778835614	1	0	1.0	0.042094525426646934
312731.67602524674	2000.0	200.0	449.26614736336217	0	0.0	3931.6760252469685	1	0	1.0	-1.229372331815531
314074.22003152216	2000.0	272.01754890498796	414.56155518039793	0	0.0	4346.237580427434	1	0	1.0	-1.2227632374263422
1.7621632653061226	1.8241632653061226	1.8341632653061226	1.8321632653061226	1.9361632653061225	1.6261632653061227	1.7081632653061225	1.8241632653061226	1.9721632653061225	1.8841632653061227	1.8301632653061226	1.7961632653061226	1.8021632653061226	1.8821632653061227	1.8681632653061226	1.7521632653061225	1.6601632653061227	1.7401632653061225	1.8921632653061227	2.0521632653061226	2.1081632653061226	1.9301632653061227	1.7041632653061225	1.6721632653061227	1.7621632653061226	1.8381632653061226	1.8721632653061226	2.0661632653061224	1.9421632653061227	1.6861632653061227	1.9141632653061227	1.6521632653061227	1.7181632653061225	1.7461632653061225	1.8021632653061226	1.8241632653061226	1.9221632653061227	1.8941632653061227	1.8021632653061226	1.7581632653061225	1.7401632653061225	1.8901632653061227	1.9941632653061225	2.058163265306123	1.8361632653061226	1.7401632653061225	1.7821632653061226	1.8421632653061226	2.0120816326530617	2.0300816326530615	2.1180816326530616	2.1640816326530614	1.8960816326530616	2.0660816326530616	2.0480816326530618	2.0980816326530616	2.1960816326530614	2.1880816326530614	2.2960816326530615	2.1360816326530614	1.8020816326530615	1.7540816326530615	1.8900816326530616	2.0160816326530617	1.9720816326530615	2.0320816326530617	2.0460816326530615	1.9640816326530615	1.9280816326530617	1.9460816326530614	1.9680816326530615	1.8700816326530616	1.9580816326530615	2.0360816326530617	1.9800816326530615	1.9220816326530616	1.9960816326530615	2.0020816326530615	1.9660816326530615	2.0380816326530615	1.9640816326530615	1.8740816326530616	1.9280816326530617	2.0240816326530617	2.1700816326530616	2.3380816326530613	2.0920816326530614	1.8940816326530616	1.9540816326530615	1.7760816326530615	2.0060816326530615	2.0240816326530617	2.1560816326530614	2.1680816326530614	1.9520816326530614	1.9900816326530615	2.0920816326530614	1.6647619047619049	1.6407619047619049	1.724761904761905	1.8207619047619048	1.6387619047619049	1.5667619047619048	1.696761904761905	1.704761904761905	1.5727619047619048	1.4927619047619047	1.5507619047619048	1.5687619047619048	1.690761904761905	1.684761904761905	1.722761904761905	1.734761904761905	1.5967619047619048	1.5867619047619048	1.5927619047619048	1.5947619047619048	1.710761904761905	1.8027619047619048	1.942761904761905	1.8927619047619049	1.8067619047619048	1.7667619047619048	1.928761904761905	1.728761904761905	1.6647619047619049	1.738761904761905	1.6587619047619049	1.696761904761905	1.6527619047619049	1.682761904761905	1.690761904761905	1.7547619047619047	1.6427619047619049	1.5967619047619048	1.6407619047619049	1.6607619047619049	1.6067619047619048	1.694761904761905	1.49	1.516	1.566	1.6520000000000001	1.528	1.6520000000000001	1.594	1.444	1.464	1.594	1.7021632653061225	1.7621632653061226	1.8241632653061226	1.8341632653061226	1.8321632653061226	1.9361632653061225	1.6261632653061227	1.7081632653061225	1.8241632653061226	1.9721632653061225	1.8841632653061227	1.8301632653061226	1.7961632653061226	1.8021632653061226	1.8821632653061227	1.8681632653061226	1.7521632653061225	1.6601632653061227	1.7401632653061225	1.8921632653061227	2.0521632653061226	2.1081632653061226	1.9301632653061227	1.7041632653061225	1.6721632653061227	1.7621632653061226	1.8381632653061226	1.8721632653061226	2.0661632653061224	1.9421632653061227	1.6861632653061227	1.9141632653061227	1.6521632653061227	1.7181632653061225	1.7461632653061225	1.8021632653061226	1.8241632653061226	1.9221632653061227	1.8941632653061227	1.8021632653061226	1.7581632653061225	1.7401632653061225	1.8901632653061227	1.9941632653061225	2.058163265306123	1.8361632653061226	1.7401632653061225	1.7821632653061226	1.8421632653061226	2.0120816326530617	2.0300816326530615	2.1180816326530616	2.1640816326530614	1.8960816326530616	2.0660816326530616	2.0480816326530618	2.0980816326530616	2.1960816326530614	2.1880816326530614	2.2960816326530615	2.1360816326530614	1.8020816326530615	1.7540816326530615	1.8900816326530616	2.0160816326530617	1.9720816326530615	2.0320816326530617	2.0460816326530615	1.9640816326530615	1.9280816326530617	1.9460816326530614	1.9680816326530615	1.8700816326530616	1.9580816326530615	2.0360816326530617	1.9800816326530615	1.9220816326530616	1.9960816326530615	2.0020816326530615	1.9660816326530615	2.0380816326530615	1.9640816326530615	1.8740816326530616	1.9280816326530617	2.0240816326530617	2.1700816326530616	2.3380816326530613	2.0920816326530614	1.8940816326530616	1.9540816326530615	1.7760816326530615	2.0060816326530615	2.0240816326530617	2.1560816326530614	2.1680816326530614	1.9520816326530614	1.9900816326530615	2.0920816326530614	1.6647619047619049	1.6407619047619049	1.724761904761905	1.8207619047619048	1.6387619047619049	1.5667619047619048	1.696761904761905	1.704761904761905	1.5727619047619048	1.4927619047619047	1.5507619047619048	1.5687619047619048	1.690761904761905	1.684761904761905	1.722761904761905	1.734761904761905	1.5967619047619048	1.5867619047619048	1.5927619047619048	1.5947619047619048	1.710761904761905	1.8027619047619048	1.942761904761905	1.8927619047619049	1.8067619047619048	1.7667619047619048	1.928761904761905	1.728761904761905	1.6647619047619049	1.738761904761905	1.6587619047619049	1.696761904761905	1.6527619047619049	1.682761904761905	1.690761904761905	1.7547619047619047	1.6427619047619049	1.5967619047619048	1.6407619047619049	1.6607619047619049	1.6067619047619048	1.694761904761905	1.49	1.516	1.566	1.6520000000000001	1.528	1.6520000000000001	1.594	1.444	1.464	1.594	1.7021632653061225	1.7621632653061226	1.8241632653061226	1.8341632653061226	1.8321632653061226	1.9361632653061225	1.6261632653061227	1.7081632653061225	1.8241632653061226	1.9721632653061225	1.8841632653061227	1.8301632653061226	1.7961632653061226	1.8021632653061226	1.8821632653061227
1.0	2.0	3.0	4.0	5.0	6.0	7.0	8.0	9.0	10.0	11.0	12.0	13.0	14.0	15.0	16.0	17.0	18.0	19.0	20.0	21.0	22.0	23.0	24.0	25.0	26.0	27.0	28.0	29.0	30.0	31.0	32.0	33.0	34.0	35.0	36.0	37.0	38.0	39.0	40.0	41.0	42.0	43.0	44.0	45.0	46.0	47.0	48.0	49.0	50.0	51.0	52.0	53.0	54.0	55.0	56.0	57.0	58.0	59.0	60.0	61.0	62.0	63.0	64.0	65.0	66.0	67.0	68.0	69.0	70.0	71.0	72.0	73.0	74.0	75.0	76.0	77.0	78.0	79.0	80.0	81.0	82.0	83.0	84.0	85.0	86.0	87.0	88.0	89.0	90.0	91.0	92.0	93.0	94.0	95.0	96.0	97.0	98.0	99.0	100.0	101.0	102.0	103.0	104.0	105.0	106.0	107.0	108.0	109.0	110.0	111.0	112.0	113.0	114.0	115.0	116.0	117.0	118.0	119.0	120.0	121.0	122.0	123.0	124.0	125.0	126.0	127.0	128.0	129.0	130.0	131.0	132.0	133.0	134.0	135.0	136.0	137.0	138.0	139.0	140.0	141.0	142.0	143.0	144.0	145.0	146.0	147.0	148.0	149.0	149.0	150.0	151.0	152.0	153.0	154.0	155.0	156.0	157.0	158.0	159.0	160.0	161.0	162.0	163.0	164.0	165.0	166.0	167.0	168.0	169.0	170.0	171.0	172.0	173.0	174.0	175.0	176.0	177.0	178.0	179.0	180.0	181.0	182.0	183.0	184.0	185.0	186.0	187.0	188.0	189.0	190.0	191.0	192.0	193.0	194.0	195.0	196.0	197.0	198.0	199.0	200.0	201.0	202.0	203.0	204.0	205.0	206.0	207.0	208.0	209.0	210.0	211.0	212.0	213.0	214.0	215.0	216.0	217.0	218.0	219.0	220.0	221.0	222.0	223.0	224.0	225.0	226.0	227.0	228.0	229.0	230.0	231.0	232.0	233.0	234.0	235.0	236.0	237.0	238.0	239.0	240.0	241.0	242.0	243.0	244.0	245.0	246.0	247.0	248.0	249.0	250.0	251.0	252.0	253.0	254.0	255.0	256.0	257.0	258.0	259.0	260.0	261.0	262.0	263.0	264.0	265.0	266.0	267.0	268.0	269.0	270.0	271.0	272.0	273.0	274.0	275.0	276.0	277.0	278.0	279.0	280.0	281.0	282.0	283.0	284.0	285.0	286.0	287.0	288.0	289.0	290.0	291.0	292.0	293.0	294.0	295.0	296.0	297.0	298.0	298.0	299.0	300.0	301.0	302.0	303.0	304.0	305.0	306.0	307.0	308.0	309.0	310.0	311.0	312.0
2900.961573457199
