2740.1815228513983	300.0	2000.0	212.07021808119222	0	0.0	2740.1815228513983	1	0	1.0	-1.4038864424856892
4572.612767402474	2000.0	1167.5687554489245	0.0	0	0.0	2740.1815228513983	1	0	1.0	-0.13801219739277304
5803.561239604153	2000.0	936.6202832472452	0.0	0	0.0	2740.1815228513983	1	0	1.0	1.7591077874931083
6725.78858835005	1000.0	1014.3929345013488	0.0	0	0.0	2740.1815228513997	1	0	1.0	0.3728134263732177
7736.606251064486	1000.0	1003.5752717869133	0.0	0	0.0	2740.1815228513997	1	0	1.0	1.0659606069331629
8508.056676899165	1000.0	1232.1248459522344	0.0	0	0.0	2740.1815228513997	1	0	1.0	1.0659606069331629
9159.19281638126	1000.0	1580.9887064701372	0.0	0	0.0	2740.1815228513997	1	0	1.0	1.0659606069331629
9704.313858912383	1000.0	2035.8676639390144	0.0	0	0.0	2740.181522851398	1	0	1.0	1.0659606069331629
11496.883695411705	2000.0	1243.2978274396896	0.0	0	0.0	2740.181522851395	1	0	1.0	1.0659606069331633
12811.33699254003	1000.0	928.844530311367	0.0	0	0.0	2740.181522851395	1	0	1.0	0.37281342637321824
13772.311302951255	1000.0	967.8702199001402	0.0	0	0.0	2740.181522851395	1	0	1.0	1.0659606069331633
14453.591703754118	1000.0	1286.5898190972773	0.0	0	0.0	2740.181522851395	1	0	1.0	1.0659606069331633
15604.436861478383	2000.0	1135.7446613730115	0.0	0	0.0	2740.181522851395	1	0	1.0	1.0659606069331633
16331.903718065545	1000.0	1408.2778047858499	0.0	0	0.0	2740.181522851395	1	0	1.0	0.37281342637321824
18372.16183642499	2000.0	368.0196864264014	0.0	0	0.0	2740.181522851395	1	0	1.0	1.065960606933163
19576.97997409048	1000.0	339.5679548351021	176.36640607418752	0	0.0	2916.547928925582	1	0	1.0	-0.7126624203095802
20568.012232836918	1000.0	535.6871424671393	187.15144637847783	0	0.0	3103.6993753040624	1	0	1.0	-0.11839234000569843
21233.779754105235	1000.0	869.9196211988206	0.0	0	0.0	3103.6993753040624	1	0	1.0	1.0045163382651687
22068.412000260185	1000.0	1035.2873750438762	0.0	0	0.0	3103.699375304066	1	0	1.0	1.0045163382651678
23343.1326260222	1000.0	760.5667492818601	0.0	0	0.0	3103.699375304066	1	0	1.0	1.0045163382651678
25027.69822047191	1000.0	200.0	123.99884516785369	0	0.0	3227.6982204719134	1	0	1.0	0.23895848641505402
25463.988999417805	500.0	857.9659234239228	94.25670236981802	0	0.0	3321.9549228417272	1	0	1.0	-0.9950967322827985
26009.15861183069	1000.0	1312.7963110110363	0.0	0	0.0	3321.9549228417272	1	0	1.0	0.26359066249605534
26864.475248905117	1000.0	1457.4796739366075	0.0	0	0.0	3321.9549228417272	1	0	1.0	0.9567378430560007
28000.25247057094	2000.0	1321.7024522707861	0.0	0	0.0	3321.9549228417272	1	0	1.0	0.9567378430560007
30113.04893757439	2000.0	208.90598526733612	0.0	0	0.0	3321.9549228417272	1	0	1.0	1.649885023615946
30994.391839877277	1000.0	588.7152334660454	261.152150501602	0	0.0	3583.10707334333	1	0	1.0	-1.3737710415540718
31986.914071542746	1000.0	596.1930018005754	0.0	0	0.0	3583.10707334333	1	0	1.0	0.8862890420154859
32911.205306652926	1000.0	671.901766690396	0.0	0	0.0	3583.10707334333	1	0	1.0	0.886289042015485
33513.7141663138	1000.0	1069.3929070295287	0.0	0	0.0	3583.1070733433407	1	0	1.0	0.8862890420154836
34269.99185643997	1000.0	1313.1152169033596	0.0	0	0.0	3583.1070733433407	1	0	1.0	0.8862890420154825
35330.90728671872	1000.0	1252.1997866246154	0.0	0	0.0	3583.1070733433444	1	0	1.0	0.8862890420154823
36430.56621276136	1000.0	1152.5408605819791	0.0	0	0.0	3583.1070733433517	1	0	1.0	0.8862890420154794
37527.02361202458	2000.0	1056.083461318757	0.0	0	0.0	3583.1070733433517	1	0	1.0	0.8862890420154792
38200.20388995537	1000.0	1382.9031833879676	0.0	0	0.0	3583.1070733433517	1	0	1.0	0.19314186145553403
40141.416038451825	2000.0	441.6910348915244	0.0	0	0.0	3583.107073343359	1	0	1.0	0.886289042015477
41356.4545399786	2000.0	335.83156293953095	109.17902957477997	0	0.0	3692.2861029181367	1	0	1.0	0.8899918552497125
42128.87176756098	1000.0	586.4466021118681	23.032266754710122	0	0.0	3715.318369672852	1	0	1.0	0.012924144824374428
43521.23783514261	1000.0	257.98897398155253	63.9084394513134	0	0.0	3779.226809124164	1	0	1.0	0.44122569741515155
44949.04459116786	1000.0	360.3033369400938	530.121118983788	0	0.0	4309.347928107949	1	0	1.0	-2.5896238392449162
45419.56039759273	500.0	889.7875305152255	0.0	0	0.0	2309.347928107949	1	0	1.0	-6.269823461633201
46262.633445889864	1000.0	1046.7144822181026	0.0	0	0.0	2309.3479281079562	1	0	1.0	0.4233237189267447
47036.26853895245	1000.0	1273.0793891555136	0.0	0	0.0	2309.3479281079562	1	0	1.0	1.11647089948669
47968.16409033797	1000.0	1341.1838377699996	0.0	0	0.0	2309.3479281079562	1	0	1.0	1.11647089948669
49163.483530407735	1000.0	1145.8643977002316	0.0	0	0.0	2309.3479281079562	1	0	1.0	1.11647089948669
50034.75691617594	1000.0	1274.5910119320292	0.0	0	0.0	2309.347928107949	1	0	1.0	1.1164708994866908
51176.881585549505	1000.0	1132.4663425584617	0.0	0	0.0	2309.3479281079562	1	0	1.0	1.11647089948669
52033.47202748429	1000.0	1275.875900623676	0.0	0	0.0	2309.347928107949	1	0	1.0	1.1164708994866908
52882.167974653494	1000.0	1427.1799534544703	0.0	0	0.0	2309.347928107949	1	0	1.0	1.1164708994866908
54143.05450611149	1000.0	1166.2934219964848	0.0	0	0.0	2309.347928107949	1	0	1.0	1.1164708994866908
55187.94526347192	1000.0	1121.402664636052	0.0	0	0.0	2309.347928107949	1	0	1.0	1.1164708994866908
56512.21687752618	1000.0	797.131050581787	0.0	0	0.0	2309.347928107949	1	0	1.0	1.1164708994866908
57801.969683687515	1000.0	507.3782444204594	0.0	0	0.0	2309.3479281079562	1	0	1.0	1.11647089948669
58977.62255872838	1000.0	375.01098022163205	43.28561084203746	0	0.0	2352.6335389499873	1	0	1.0	0.8525583952074433
60295.336239857475	1000.0	261.70330842399716	204.4060093314647	0	0.0	2557.0395482814492	1	0	1.0	-0.13649071345015965
61379.90417032454	1000.0	427.07650838910257	249.941130432166	0	0.0	2806.9806787136185	1	0	1.0	-0.4435005448920071
62560.13249014383	1000.0	410.6202991671769	163.77211059736766	0	0.0	2970.7527893109873	1	0	1.0	0.04674289550877048
63328.87816101262	1000.0	641.8746282983872	0.0	0	0.0	2970.7527893109873	1	0	1.0	1.0293755590929763
64123.75840743511	1000.0	846.9943818758909	0.0	0	0.0	2970.7527893109873	1	0	1.0	1.0293755590929763
65029.276176977604	1000.0	941.4766123333982	0.0	0	0.0	2970.7527893109873	1	0	1.0	1.0293755590929763
65973.3686828914	1000.0	997.3841064195868	0.0	0	0.0	2970.7527893109727	1	0	1.0	1.0293755590929778
67088.35744000044	1000.0	882.3953493105432	0.0	0	0.0	2970.7527893109655	1	0	1.0	1.0293755590929796
67737.56898187581	1000.0	1233.1838074351706	0.0	0	0.0	2970.752789310958	1	0	1.0	1.0293755590929812
68796.59968390787	1000.0	1174.1531054031004	0.0	0	0.0	2970.7527893109655	1	0	1.0	1.02937555909298
69889.72637364462	1000.0	1081.0264156663436	0.0	0	0.0	2970.7527893109655	1	0	1.0	1.02937555909298
71109.90433505875	1000.0	860.8484542522186	0.0	0	0.0	2970.7527893109655	1	0	1.0	1.02937555909298
72121.6351091786	1000.0	849.1176801323633	0.0	0	0.0	2970.7527893109655	1	0	1.0	1.02937555909298
73046.87982718427	1000.0	923.8729621267017	0.0	0	0.0	2970.752789310951	1	0	1.0	1.0293755590929827
74281.23417275528	1000.0	689.5186165556797	0.0	0	0.0	2970.752789310951	1	0	1.0	1.0293755590929827
74986.15633845792	1000.0	984.5964508530444	0.0	0	0.0	2970.752789310951	1	0	1.0	1.0293755590929827
76067.66469056178	1000.0	903.0880987491862	0.0	0	0.0	2970.7527893109364	1	0	1.0	1.0293755590929854
77048.37570769915	1000.0	922.3770816118091	0.0	0	0.0	2970.7527893109364	1	0	1.0	1.0293755590929854
77971.89450246589	1000.0	998.8582868450808	0.0	0	0.0	2970.7527893109364	1	0	1.0	1.0293755590929854
78778.28408666466	1000.0	1192.468702646312	0.0	0	0.0	2970.7527893109364	1	0	1.0	1.0293755590929854
79911.64826710061	1000.0	1059.1045222103699	0.0	0	0.0	2970.7527893109364	1	0	1.0	1.0293755590929854
80669.80331744134	1000.0	1300.9494718696426	0.0	0	0.0	2970.7527893109364	1	0	1.0	1.0293755590929854
81688.91126591332	1000.0	1281.8415233976657	0.0	0	0.0	2970.7527893109364	1	0	1.0	1.0293755590929854
82842.39492376045	1000.0	1128.3578655505323	0.0	0	0.0	2970.7527893109364	1	0	1.0	1.0293755590929854
83603.19560699677	1000.0	1367.5571823142097	0.0	0	0.0	2970.7527893109364	1	0	1.0	1.0293755590929854
84448.44578392408	1000.0	1522.3070053868962	0.0	0	0.0	2970.7527893109364	1	0	1.0	1.0293755590929854
85213.1747960024	1000.0	1757.57799330858	0.0	0	0.0	2970.7527893109364	1	0	1.0	1.0293755590929854
86009.6892683171	1000.0	1961.0635209938825	0.0	0	0.0	2970.7527893109364	1	0	1.0	1.0293755590929854
86891.19212032648	1000.0	2079.560668984513	0.0	0	0.0	2970.752789310951	1	0	1.0	1.0293755590929827
87889.68846222419	1000.0	2081.0643270867986	0.0	0	0.0	2970.752789310951	1	0	1.0	1.0293755590929827
88586.51960379802	1000.0	2384.233185512966	0.0	0	0.0	2970.752789310951	1	0	1.0	1.0293755590929827
89770.421463475	1000.0	2200.331325835989	0.0	0	0.0	2970.752789310951	1	0	1.0	1.0293755590929827
90838.52809408217	1000.0	2132.224695228816	0.0	0	0.0	2970.752789310951	1	0	1.0	1.0293755590929827
91946.32275263232	1000.0	2024.4300366786615	0.0	0	0.0	2970.752789310951	1	0	1.0	1.0293755590929827
93173.1057595574	1000.0	1797.6470297535996	0.0	0	0.0	2970.752789310951	1	0	1.0	1.0293755590929827
94138.51927469883	1000.0	1832.2335146121607	0.0	0	0.0	2970.752789310951	1	0	1.0	1.0293755590929827
95167.05259832111	1000.0	1803.7001909898681	0.0	0	0.0	2970.752789310951	1	0	1.0	1.0293755590929827
95943.58774425644	1000.0	2027.1650450545426	0.0	0	0.0	2970.752789310951	1	0	1.0	1.0293755590929827
96636.29332907073	1000.0	2334.4594602402562	0.0	0	0.0	2970.752789310951	1	0	1.0	1.0293755590929827
97705.38786362973	1000.0	2265.364925681258	0.0	0	0.0	2970.7527893109364	1	0	1.0	1.0293755590929854
98636.62016923017	1000.0	2334.1326200808244	0.0	0	0.0	2970.752789310951	1	0	1.0	1.0293755590929827
99624.63222316188	1000.0	2346.120566149109	0.0	0	0.0	2970.752789310951	1	0	1.0	1.0293755590929827
100435.05764569038	1000.0	2535.6951436206255	0.0	0	0.0	2970.752789310951	1	0	1.0	1.0293755590929827
102244.40229487953	2000.0	1726.3504944314677	0.0	0	0.0	2970.752789310951	1	0	1.0	1.029375559092983
102995.34491066304	1000.0	1975.4078786479552	0.0	0	0.0	2970.752789310951	1	0	1.0	0.33622837853303766
104299.98171246058	1000.0	1670.771076850434	0.0	0	0.0	2970.7527893109655	1	0	1.0	1.02937555909298
105058.90276468547	1000.0	1911.850024625545	0.0	0	0.0	2970.7527893109655	1	0	1.0	1.02937555909298
106178.10654893886	1000.0	1792.646240372154	0.0	0	0.0	2970.7527893109655	1	0	1.0	1.02937555909298
107141.6040254459	1000.0	1829.1487638651327	0.0	0	0.0	2970.75278931098	1	0	1.0	1.0293755590929776
108326.23536989662	1000.0	1644.5174194144054	0.0	0	0.0	2970.75278931098	1	0	1.0	1.0293755590929776
108979.206834751	1000.0	1991.5459545600177	0.0	0	0.0	2970.7527893109655	1	0	1.0	1.02937555909298
109749.78730113861	1000.0	2220.9654881723986	0.0	0	0.0	2970.7527893109655	1	0	1.0	1.02937555909298
111168.13713579015	2000.0	1802.615653520855	0.0	0	0.0	2970.7527893109655	1	0	1.0	1.02937555909298
112134.30397509261	1000.0	1836.448814218405	0.0	0	0.0	2970.7527893109655	1	0	1.0	0.33622837853303494
112868.40178802544	1000.0	2102.351001285583	0.0	0	0.0	2970.7527893109655	1	0	1.0	1.02937555909298
113655.96601509668	1000.0	2314.7867742143276	0.0	0	0.0	2970.7527893109655	1	0	1.0	1.02937555909298
114609.73429188087	1000.0	2361.0184974301355	0.0	0	0.0	2970.7527893109655	1	0	1.0	1.02937555909298
115444.21716217758	1000.0	2526.5356271334276	0.0	0	0.0	2970.752789310951	1	0	1.0	1.0293755590929827
117926.52547055706	2000.0	1044.22731875396	0.0	0	0.0	2970.752789310951	1	0	1.0	1.029375559092983
118892.61939209506	1000.0	1078.1333972159402	0.0	0	0.0	2970.752789310951	1	0	1.0	0.33622837853303766
119783.25038936787	1000.0	1187.5023999431353	0.0	0	0.0	2970.752789310951	1	0	1.0	1.0293755590929827
120926.79288050598	1000.0	1043.9599088050265	0.0	0	0.0	2970.7527893109364	1	0	1.0	1.0293755590929854
121845.54240349014	1000.0	1125.2103858208584	0.0	0	0.0	2970.752789310922	1	0	1.0	1.0293755590929878
122770.66067291835	1000.0	1200.0921163926469	0.0	0	0.0	2970.7527893109364	1	0	1.0	1.0293755590929854
123903.99951311637	1000.0	1066.753276194629	0.0	0	0.0	2970.7527893109364	1	0	1.0	1.0293755590929854
124965.50429894347	1000.0	1005.2484903675261	0.0	0	0.0	2970.7527893109364	1	0	1.0	1.0293755590929854
125794.4895779122	1000.0	1176.2632113987956	0.0	0	0.0	2970.7527893109364	1	0	1.0	1.0293755590929854
126501.12182282798	1000.0	1469.6309664830067	0.0	0	0.0	2970.752789310922	1	0	1.0	1.0293755590929878
127395.64571957689	1000.0	1575.107069734085	0.0	0	0.0	2970.752789310922	1	0	1.0	1.0293755590929878
128065.83443494425	1000.0	1904.9183543667375	0.0	0	0.0	2970.752789310922	1	0	1.0	1.0293755590929878
129239.76014661869	1000.0	1730.9926426922957	0.0	0	0.0	2970.752789310922	1	0	1.0	1.0293755590929878
129886.72120775939	1000.0	2084.031581551616	0.0	0	0.0	2970.752789310922	1	0	1.0	1.0293755590929878
131058.405704118	1000.0	1912.3470851929935	0.0	0	0.0	2970.752789310922	1	0	1.0	1.0293755590929878
131946.02715549988	1000.0	2024.7256338110724	0.0	0	0.0	2970.7527893108636	1	0	1.0	1.0293755590929945
132740.5781767962	1000.0	2230.174612514753	0.0	0	0.0	2970.752789310878	1	0	1.0	1.0293755590929972
134502.8537791588	2000.0	1467.8990101521242	0.0	0	0.0	2970.752789310849	1	0	1.0	1.0293755590930003
135148.08672679742	1000.0	1822.6660625135198	0.0	0	0.0	2970.752789310849	1	0	1.0	0.3362283785330555
135974.1298564939	1000.0	1996.6229328170514	0.0	0	0.0	2970.752789310849	1	0	1.0	1.0293755590930007
136788.79597290538	1000.0	2181.956816405568	0.0	0	0.0	2970.752789310849	1	0	1.0	1.0293755590930007
137535.74341784313	1000.0	2435.0093714678405	0.0	0	0.0	2970.752789310849	1	0	1.0	1.0293755590930007
138302.81973220018	1000.0	2667.933057110804	0.0	0	0.0	2970.752789310849	1	0	1.0	1.0293755590930007
140225.624618894	2000.0	1745.128170417009	0.0	0	0.0	2970.752789310849	1	0	1.0	1.0293755590930007
141357.04433690448	2000.0	1613.7084524065172	0.0	0	0.0	2970.75278931082	1	0	1.0	1.722522739652951
142684.4412633672	1000.0	1286.3115259437675	0.0	0	0.0	2970.75278931082	1	0	1.0	0.33622837853306065
143843.24111582656	1000.0	1127.511673484388	0.0	0	0.0	2970.752789310791	1	0	1.0	1.029375559093011
144547.20512119838	1000.0	1423.5476681125715	0.0	0	0.0	2970.752789310791	1	0	1.0	1.029375559093011
145291.0951107454	1000.0	1679.6576785655725	0.0	0	0.0	2970.752789310791	1	0	1.0	1.029375559093011
146914.60107110083	1000.0	1056.1517182101395	0.0	0	0.0	2970.752789310791	1	0	1.0	1.029375559093011
148360.56178858833	1000.0	610.1910007226375	0.0	0	0.0	2970.752789310791	1	0	1.0	1.029375559093011
149281.40483497982	1000.0	689.3479543311478	0.0	0	0.0	2970.752789310791	1	0	1.0	1.029375559093011
150211.08645451535	1000.0	759.6663347956213	0.0	0	0.0	2970.752789310791	1	0	1.0	1.029375559093011
151371.578879993	1000.0	599.1739093179747	0.0	0	0.0	2970.752789310791	1	0	1.0	1.029375559093011
152199.4752355282	1000.0	771.2775537827779	0.0	0	0.0	2970.752789310791	1	0	1.0	1.029375559093011
153067.3657554022	1000.0	903.3870339087335	0.0	0	0.0	2970.7527893107617	1	0	1.0	1.029375559093016
153763.34560366313	1000.0	1207.407185647794	0.0	0	0.0	2970.7527893107617	1	0	1.0	1.029375559093016
154425.02206981953	1000.0	1545.730719491396	0.0	0	0.0	2970.7527893107617	1	0	1.0	1.029375559093016
155361.34128210507	1000.0	1609.4115072058764	0.0	0	0.0	2970.7527893107617	1	0	1.0	1.029375559093016
156501.13393353645	1000.0	1469.6188557744754	0.0	0	0.0	2970.7527893107326	1	0	1.0	1.029375559093018
157133.0455988402	1000.0	1837.7071904707527	0.0	0	0.0	2970.7527893107326	1	0	1.0	1.0293755590930211
157945.77353958986	1000.0	2024.9792497210908	0.0	0	0.0	2970.7527893107326	1	0	1.0	1.0293755590930211
159923.4934091387	2000.0	1047.259380172268	0.0	0	0.0	2970.7527893107326	1	0	1.0	1.0293755590930211
161550.42647363676	1000.0	420.3263156741883	0.0	0	0.0	2970.7527893107035	1	0	1.0	0.3362283785330812
162530.71498426612	1000.0	622.8439698380794	182.8061647932891	0	0.0	3153.558954103937	1	0	1.0	-0.10243599543733095
163300.45104942602	1000.0	853.1079046781866	0.0	0	0.0	3153.558954103937	1	0	1.0	0.994400993322405
163807.82024740422	1000.0	1345.73870669999	0.0	0	0.0	3153.5589541039662	1	0	1.0	0.9944009933223987
165241.10753477775	2000.0	912.4514193264675	0.0	0	0.0	3153.5589541039662	1	0	1.0	0.9944009933223987
167488.3578488089	2000.0	200.0	534.7988947046808	0	0.0	3688.357848808664	1	0	1.0	-1.5809048183394316
168233.1012501737	1000.0	623.5124972804442	168.2558986452603	0	0.0	3856.613747453928	1	0	1.0	-0.9086227638141369
169319.82984454554	1000.0	536.7839029086156	0.0	0	0.0	3856.613747453928	1	0	1.0	0.7940598086173698
170121.2910613946	1000.0	735.3226860595717	0.0	0	0.0	3856.613747453928	1	0	1.0	0.7940598086173698
171335.04585720162	1000.0	521.5678902525565	0.0	0	0.0	3856.6137474539573	1	0	1.0	0.7940598086173676
172313.4442824067	1000.0	543.1694650474742	0.0	0	0.0	3856.6137474539573	1	0	1.0	0.7940598086173589
173372.9731908058	500.0	483.64055664838145	0.0	0	0.0	3856.6137474539573	1	0	1.0	-0.5922345525025319
174264.51424435124	500.0	592.0995031029183	0.0	0	0.0	3856.6137474539573	1	0	1.0	0.10091262805741345
174593.42314214323	500.0	1263.1906053109283	0.0	0	0.0	3856.6137474539573	1	0	1.0	0.10091262805741345
176158.0504844073	2000.0	698.5632630468715	0.0	0	0.0	3856.613747453928	1	0	1.0	0.10091262805742418
176796.02205188782	1000.0	1060.5916955663438	0.0	0	0.0	3856.613747453928	1	0	1.0	0.10091262805742462
178874.12723212887	2000.0	200.0	217.51348467472388	0	0.0	4074.1272321288707	1	0	1.0	-0.5463459940883546
179251.05104034493	300.0	823.0761917839201	0.0	0	0.0	2074.1272321288707	1	0	1.0	-7.964602963528316
180149.52808076853	1000.0	924.5991513603209	0.0	0	0.0	2074.1272321288707	1	0	1.0	-0.06748297864243524
180970.89657063692	1000.0	1103.2306614919044	0.0	0	0.0	2074.1272321288707	1	0	1.0	1.1364898256835008
181818.46628319725	1000.0	1255.6609489315654	0.0	0	0.0	2074.1272321288707	1	0	1.0	1.1364898256835008
182710.86959205414	1000.0	1363.257640074672	0.0	0	0.0	2074.1272321288707	1	0	1.0	1.1364898256835008
183635.9126548087	1000.0	1438.214577320122	0.0	0	0.0	2074.1272321288416	1	0	1.0	1.136489825683502
184693.66299125136	1000.0	1380.4642408774712	0.0	0	0.0	2074.1272321288416	1	0	1.0	1.136489825683503
185372.07528169628	1000.0	1702.0519504325773	0.0	0	0.0	2074.1272321288416	1	0	1.0	1.136489825683503
186475.79084569626	2000.0	1598.3363864325765	0.0	0	0.0	2074.1272321288707	1	0	1.0	1.136489825683502
187317.78807121603	1000.0	1756.3391609127877	0.0	0	0.0	2074.1272321288707	1	0	1.0	0.44334264512355553
188303.03582901089	1000.0	1771.0914031179002	0.0	0	0.0	2074.1272321289	1	0	1.0	1.1364898256834985
189200.0	1000.0	1874.1272321287593	0.0	0	321.1974162501865	2074.1272321288707	1	0	1.0	1.1364898256835008
190553.94589738295	2000.0	1520.1813347457726	0.0	0	0.0	2074.1272321288707	1	0	1.0	1.136489825683502
191871.10318985808	2000.0	1203.0240422706154	0.0	0	0.0	2074.1272321288416	1	0	1.0	1.8296370062434466
193602.04812144715	1000.0	472.07911068156784	0.0	0	0.0	2074.1272321288416	1	0	1.0	0.44334264512355775
194301.6792878899	1000.0	772.447944238778	0.0	0	0.0	2074.1272321288416	1	0	1.0	1.136489825683503
195344.0680820502	1000.0	730.0591500785123	0.0	0	0.0	2074.1272321288707	1	0	1.0	1.1364898256835025
196496.61917044636	1000.0	577.5080616823358	0.0	0	0.0	2074.1272321288707	1	0	1.0	1.1364898256835008
197232.3101312847	1000.0	841.8171008440021	0.0	0	0.0	2074.1272321288707	1	0	1.0	1.1364898256835008
198233.82001370867	1000.0	840.3072184200103	0.0	0	0.0	2074.1272321288707	1	0	1.0	1.1364898256835008
199528.42210716495	1000.0	545.705124963695	0.0	0	0.0	2074.1272321288707	1	0	1.0	1.1364898256835008
200457.57357265416	1000.0	616.5536594744694	0.0	0	0.0	2074.1272321288416	1	0	1.0	1.1364898256835017
201827.55642145206	1000.0	304.61281281862836	58.042002142040246	0	0.0	2132.1692342709284	1	0	1.0	0.7837086876540835
202691.88354112668	1000.0	569.798701671167	129.51300852718487	0	0.0	2261.682242798095	1	0	1.0	0.3438208616352805
203446.17421058827	1000.0	815.5080322095939	0.0	0	0.0	2261.6822427981533	1	0	1.0	1.120898912798386
204673.70899765118	1000.0	587.9732451466887	0.0	0	0.0	2261.6822427981533	1	0	1.0	1.1208989127983844
205787.69093386718	1000.0	473.99130893069463	0.0	0	0.0	2261.682242798095	1	0	1.0	1.1208989127983893
206750.4714066631	1000.0	542.9554953391678	31.744659204390054	0	0.0	2293.4269020022766	1	0	1.0	0.9275043754661152
207469.27367893312	1000.0	824.1532230691107	0.0	0	0.0	2293.4269020022766	1	0	1.0	1.1179723306924556
208624.74983255813	1000.0	668.6770694440792	0.0	0	0.0	2293.4269020022766	1	0	1.0	1.1179723306924565
209725.39437531258	1000.0	568.032526689637	0.0	0	0.0	2293.4269020022475	1	0	1.0	1.1179723306924583
210833.063682793	1000.0	474.5622613684957	14.199042159280175	0	0.0	2307.6259441615257	1	0	1.0	1.0314401373513744
211533.4963772047	1000.0	774.1295669568095	0.0	0	0.0	2307.625944161555	1	0	1.0	1.1166343903070528
212331.6729156108	1000.0	975.9530285507321	0.0	0	0.0	2307.625944161555	1	0	1.0	1.1166343903070528
213370.74842968406	1000.0	936.8775144774557	0.0	0	0.0	2307.625944161555	1	0	1.0	1.1166343903070528
214294.28133758056	1000.0	1013.3446065809653	0.0	0	0.0	2307.625944161584	1	0	1.0	1.1166343903070501
215011.74799432687	1000.0	1295.8779498346425	0.0	0	0.0	2307.625944161584	1	0	1.0	1.1166343903070501
216134.1821717856	1000.0	1173.4437723759315	0.0	0	0.0	2307.625944161584	1	0	1.0	1.1166343903070501
217226.76860768645	1000.0	1080.8573364750641	0.0	0	0.0	2307.625944161555	1	0	1.0	1.1166343903070528
218365.78111345263	1000.0	941.844830708849	0.0	0	0.0	2307.6259441615257	1	0	1.0	1.1166343903070532
219155.39200317816	1000.0	1152.2339409833316	0.0	0	0.0	2307.6259441615257	1	0	1.0	1.1166343903070555
219909.34549843826	1000.0	1398.280445723214	0.0	0	0.0	2307.625944161555	1	0	1.0	1.1166343903070528
220807.7336842715	1000.0	1499.8922598900006	0.0	0	0.0	2307.625944161555	1	0	1.0	1.1166343903070528
221725.83648336813	1000.0	1581.789460793344	0.0	0	0.0	2307.625944161555	1	0	1.0	1.1166343903070528
222905.59914647546	1000.0	1402.0267976860289	0.0	0	0.0	2307.6259441615257	1	0	1.0	1.1166343903070555
223894.4631669983	1000.0	1413.1627771631988	0.0	0	0.0	2307.6259441614966	1	0	1.0	1.1166343903070584
224717.62382585774	1000.0	1590.002118303747	0.0	0	0.0	2307.6259441614966	1	0	1.0	1.1166343903070584
225431.16652065946	1000.0	1876.4594235020159	0.0	0	0.0	2307.6259441614966	1	0	1.0	1.1166343903070584
226452.67014498773	1000.0	1854.9557991737627	0.0	0	0.0	2307.6259441614966	1	0	1.0	1.1166343903070584
227200.0	1000.0	2107.6259441614957	0.0	0	50.53120888615376	2307.6259441614966	1	0	1.0	1.1166343903070584
228200.0	1000.0	2107.625944161494	0.0	0	129.7811752409907	2307.6259441614966	1	0	1.0	1.1166343903070584
229200.0	1000.0	2107.625944161497	0.0	0	14.264942967216484	2307.6259441614675	1	0	1.0	1.116634390307061
230200.0	1000.0	2107.625944161509	0.0	0	5.204553119663615	2307.6259441614966	1	0	1.0	1.1166343903070584
231371.20333954185	1000.0	1936.4226046196536	0.0	0	0.0	2307.6259441614966	1	0	1.0	1.1166343903070584
232412.14215085295	1000.0	1895.483793308552	0.0	0	0.0	2307.6259441615257	1	0	1.0	1.1166343903070555
233269.29492729274	1000.0	2038.3310168687603	0.0	0	0.0	2307.6259441615257	1	0	1.0	1.1166343903070555
234200.0	1000.0	2107.6259441615016	0.0	0	195.42941442711162	2307.6259441615257	1	0	1.0	1.1166343903070555
235200.0	1000.0	2107.6259441615002	0.0	0	244.6485946724133	2307.6259441615257	1	0	1.0	1.1166343903070555
236200.0	1000.0	2107.625944161511	0.0	0	208.21301584941102	2307.6259441615257	1	0	1.0	1.1166343903070555
237344.46330863287	1000.0	1963.1626355286514	0.0	0	0.0	2307.6259441614966	1	0	1.0	1.1166343903070584
238350.67028706186	1000.0	1956.955657099662	0.0	0	0.0	2307.6259441614675	1	0	1.0	1.116634390307061
239200.0	1000.0	2107.6259441615207	0.0	0	61.32717275095638	2307.6259441614675	1	0	1.0	1.116634390307061
240475.47654423953	1000.0	1832.1493999219954	0.0	0	0.0	2307.6259441614675	1	0	1.0	1.116634390307061
241234.81644359807	1000.0	2072.8095005634377	0.0	0	0.0	2307.6259441614384	1	0	1.0	1.116634390307064
242245.55786312098	1000.0	2062.068081040552	0.0	0	0.0	2307.6259441614675	1	0	1.0	1.116634390307061
243200.0	1000.0	2107.625944161544	0.0	0	13.39958903688239	2307.6259441614675	1	0	1.0	1.116634390307061
244380.57952261812	1000.0	1927.0464215434354	0.0	0	0.0	2307.6259441614966	1	0	1.0	1.1166343903070584
245200.0	1000.0	2107.6259441615384	0.0	0	17.284587747242767	2307.6259441614966	1	0	1.0	1.1166343903070584
246318.53729672942	1000.0	1989.0886474320655	0.0	0	0.0	2307.6259441614384	1	0	1.0	1.1166343903070617
247283.21031171942	1000.0	2024.4156324420408	0.0	0	0.0	2307.6259441614093	1	0	1.0	1.1166343903070666
248277.71267508008	1000.0	2029.9132690813722	0.0	0	0.0	2307.62594416138	1	0	1.0	1.1166343903070695
249290.781353388	1000.0	2016.8445907734554	0.0	0	0.0	2307.62594416138	1	0	1.0	1.1166343903070695
250200.0	1000.0	2107.6259441614575	0.0	0	48.82541679881979	2307.62594416138	1	0	1.0	1.1166343903070695
251200.0	1000.0	2107.6259441614393	0.0	0	97.8659295537509	2307.62594416138	1	0	1.0	1.1166343903070695
252200.0	1000.0	2107.6259441614225	0.0	0	264.9372166072426	2307.62594416138	1	0	1.0	1.1166343903070695
253486.14180620073	1000.0	1821.4841379607008	0.0	0	0.0	2307.62594416138	1	0	1.0	1.1166343903070695
254596.40178889176	1000.0	1711.2241552696507	0.0	0	0.0	2307.62594416138	1	0	1.0	1.1166343903070695
255906.39687458784	1000.0	1401.2290695735664	0.0	0	0.0	2307.6259441614093	1	0	1.0	1.116634390307067
256921.79239758075	1000.0	1385.8335465806342	0.0	0	0.0	2307.6259441614093	1	0	1.0	1.1166343903070666
257814.11647471096	1000.0	1493.5094694504076	0.0	0	0.0	2307.6259441614093	1	0	1.0	1.1166343903070666
258609.06663682786	1000.0	1698.5593073334992	0.0	0	0.0	2307.62594416138	1	0	1.0	1.116634390307069
259337.99303232637	1000.0	1969.6329118349752	0.0	0	0.0	2307.62594416138	1	0	1.0	1.1166343903070695
260227.9057540188	1000.0	2079.7201901425824	0.0	0	0.0	2307.62594416138	1	0	1.0	1.1166343903070695
261200.0	1000.0	2107.6259441613774	0.0	0	277.6831256322621	2307.62594416138	1	0	1.0	1.1166343903070695
262418.4167602419	2000.0	1889.2091839194982	0.0	0	0.0	2307.6259441614093	1	0	1.0	1.1166343903070688
263472.5942964018	1000.0	1835.031647759663	0.0	0	0.0	2307.6259441614093	1	0	1.0	0.42348720974712034
264277.91531838133	1000.0	2029.7106257801381	0.0	0	0.0	2307.6259441614675	1	0	1.0	1.1166343903070632
265200.0	1000.0	2107.625944161473	0.0	0	196.29108089470537	2307.6259441614384	1	0	1.0	1.116634390307064
266200.0	1000.0	2107.625944161463	0.0	0	156.7492108126171	2307.6259441614384	1	0	1.0	1.116634390307064
267388.59196346893	1000.0	1919.033980692457	0.0	0	0.0	2307.6259441614384	1	0	1.0	1.116634390307064
268635.773369568	1000.0	1671.8525745934028	0.0	0	0.0	2307.6259441614966	1	0	1.0	1.1166343903070584
269410.36479434726	1000.0	1897.26114981412	0.0	0	0.0	2307.6259441614966	1	0	1.0	1.1166343903070584
270443.8544352965	1000.0	1863.7715088649177	0.0	0	0.0	2307.625944161555	1	0	1.0	1.1166343903070528
271504.22220610245	1000.0	1803.4037380589446	0.0	0	0.0	2307.625944161555	1	0	1.0	1.1166343903070528
272315.6373018771	1000.0	1991.9886422843167	0.0	0	0.0	2307.625944161555	1	0	1.0	1.1166343903070528
273335.01027471287	1000.0	1972.6156694485933	0.0	0	0.0	2307.625944161613	1	0	1.0	1.1166343903070517
274560.54086696723	1000.0	1747.0850771942185	0.0	0	0.0	2307.625944161613	1	0	1.0	1.1166343903070473
275269.55502842733	1000.0	2038.070915734102	0.0	0	0.0	2307.625944161613	1	0	1.0	1.1166343903070473
276200.0	1000.0	2107.6259441613956	0.0	0	137.81660312972963	2307.625944161613	1	0	1.0	1.1166343903070473
277200.0	1000.0	2107.62594416139	0.0	0	378.50768549984787	2307.625944161613	1	0	1.0	1.1166343903070473
278510.5854484867	2000.0	1797.0404956747689	0.0	0	0.0	2307.625944161555	1	0	1.0	1.1166343903070528
279440.408863567	1000.0	1867.2170805944584	0.0	0	0.0	2307.625944161555	1	0	1.0	0.4234872097471076
280264.91289262945	1000.0	2042.713051532003	0.0	0	0.0	2307.625944161555	1	0	1.0	1.1166343903070528
281200.0	1000.0	2107.6259441614475	0.0	0	244.6379866822972	2307.6259441614966	1	0	1.0	1.1166343903070584
282200.0	1000.0	2107.6259441615007	0.0	0	312.6917040576227	2307.625944161555	1	0	1.0	1.1166343903070528
283603.1953745696	2000.0	1704.4305695918258	0.0	0	0.0	2307.6259441614966	1	0	1.0	1.1166343903070581
284339.6545159229	1000.0	1967.971428238522	0.0	0	0.0	2307.6259441614384	1	0	1.0	0.4234872097471187
285200.0	1000.0	2107.6259441612838	0.0	0	103.9297963998979	2307.6259441614384	1	0	1.0	1.116634390307064
286520.50578594656	2000.0	1787.120158214742	0.0	0	0.0	2307.62594416138	1	0	1.0	1.1166343903070692
287651.559329811	1000.0	1656.0666143502217	0.0	0	0.0	2307.62594416138	1	0	1.0	0.4234872097471242
288520.10662371246	1000.0	1787.5193204487875	0.0	0	0.0	2307.6259441614384	1	0	1.0	1.116634390307064
290084.5470271033	2000.0	1223.078917057975	0.0	0	0.0	2307.6259441614966	1	0	1.0	1.1166343903070595
291162.4827526762	1000.0	1145.1431914850891	0.0	0	0.0	2307.6259441614384	1	0	1.0	0.4234872097471187
292643.7229352326	1000.0	663.9030089287116	0.0	0	0.0	2307.6259441614966	1	0	1.0	1.1166343903070606
293552.38794316974	1000.0	755.2380009915457	0.0	0	0.0	2307.6259441614966	1	0	1.0	1.1166343903070584
295466.14054622414	1000.0	200.0	358.5146020628539	0	0.0	2666.1405462242546	1	0	1.0	-1.0495618462356227
296376.37545407424	500.0	567.1197514452834	277.35465929532336	0	0.0	2943.4952055196627	1	0	1.0	-2.016308908936619
297871.8212482392	1000.0	200.0	128.32604271968978	0	0.0	3071.8212482393137	1	0	1.0	-0.4475713896313377
298559.1043661392	500.0	702.3154232892798	189.59854118932034	0	0.0	3261.419789428648	1	0	1.0	-1.5529616965260964
299737.37194440374	1000.0	524.0478450247545	0.0	0	0.0	3261.41978942859	1	0	1.0	0.27777673116978474
300850.81189676403	1000.0	510.73613274419466	100.12824007974213	0	0.0	3361.548029508267	1	0	1.0	0.34627648311860193
301465.20955942397	1000.0	896.3384700842732	0.0	0	0.0	3361.548029508209	1	0	1.0	0.9470459235970633
302275.9016311433	1000.0	1085.64639836487	0.0	0	0.0	3361.548029508209	1	0	1.0	0.9470459235970692
302800.88178310246	1000.0	1560.666246405658	0.0	0	0.0	3361.5480295081506	1	0	1.0	0.9470459235970836
304481.9945674684	2000.0	879.5534620397169	0.0	0	0.0	3361.548029508267	1	0	1.0	0.9470459235970661
305627.2031131712	1000.0	734.3449163369081	0.0	0	0.0	3361.548029508267	1	0	1.0	0.25389874303710946
306516.5551347932	1000.0	844.9928947149184	0.0	0	0.0	3361.548029508267	1	0	1.0	0.9470459235970546
1.485813953488372	1.425813953488372	1.5818139534883722	1.245813953488372	1.0418139534883721	1.4018139534883722	1.461813953488372	1.6778139534883723	0.7058139534883722	0.9698139534883721	0.6218139534883721	1.197813953488372	1.7498139534883719	1.7498139534883719	1.461813953488372	0.7298139534883722	1.185813953488372	0.8378139534883722	1.149813953488372	1.0778139534883722	0.8258139534883722	0.6338139534883721	0.7058139534883722	1.437813953488372	1.461813953488372	1.4018139534883722	0.897813953488372	0.9938139534883721	1.4018139534883722	1.0658139534883722	1.3898139534883722	1.257813953488372	1.005813953488372	1.005813953488372	1.6898139534883723	1.3298139534883722	0.7538139534883721	1.845813953488372	1.485813953488372	1.6658139534883722	0.5378139534883721	0.7178139534883722	1.0744	1.0984	1.1224	1.1044	1.0724	0.9704	1.0124	1.0104	0.9744	1.0164	0.9904000000000001	1.0424	1.0004	1.0564	1.0504	1.0124	1.0504	1.0764	1.1224	1.1244	1.0284	1.1104	1.2504	1.1964000000000001	1.0484	1.0624	1.1064	0.9824	1.1284	1.1604	1.1364	1.1944000000000001	1.1024	1.1764000000000001	1.1304	1.1724	1.0884	1.0504	1.0564	1.1344	1.2064000000000001	1.1544	1.1164	1.1244	1.0604	1.07944	1.03544	1.06344	1.10744	1.05544	1.10944	1.06344	1.11544	1.10544	1.12744	1.15744	1.2014399999999998	1.14544	1.06944	1.04544	1.07944	1.06144	1.02744	1.17344	1.2334399999999999	1.33544	1.1974399999999998	1.17944	1.2514399999999999	1.12944	1.12144	1.2114399999999999	1.11544	1.02544	1.04344	1.10944	1.13344	1.10144	1.16144	1.12744	1.08544	1.2074399999999998	1.17144	1.29744	1.13144	1.16544	1.14544	1.15144	1.2474399999999999	1.32544	1.33344	1.13744	1.15744	1.10544	1.12744	1.7323333333333335	1.5883333333333334	0.9643333333333333	0.7723333333333334	1.2403333333333333	1.0603333333333333	0.5203333333333333	0.5563333333333333	0.8563333333333334	0.7963333333333333	0.9163333333333333	0.9763333333333333	1.797813953488372	1.485813953488372	1.425813953488372	1.5818139534883722	1.245813953488372	1.0418139534883721	1.4018139534883722	1.461813953488372	1.6778139534883723	0.7058139534883722	0.9698139534883721	0.6218139534883721	1.197813953488372	1.7498139534883719	1.7498139534883719	1.461813953488372	0.7298139534883722	1.185813953488372	0.8378139534883722	1.149813953488372	1.0778139534883722	0.8258139534883722	0.6338139534883721	0.7058139534883722	1.437813953488372	1.461813953488372	1.4018139534883722	0.897813953488372	0.9938139534883721	1.4018139534883722	1.0658139534883722	1.3898139534883722	1.257813953488372	1.005813953488372	1.005813953488372	1.6898139534883723	1.3298139534883722	0.7538139534883721	1.845813953488372	1.485813953488372	1.6658139534883722	0.5378139534883721	0.7178139534883722	1.0744	1.0984	1.1224	1.1044	1.0724	0.9704	1.0124	1.0104	0.9744	1.0164	0.9904000000000001	1.0424	1.0004	1.0564	1.0504	1.0124	1.0504	1.0764	1.1224	1.1244	1.0284	1.1104	1.2504	1.1964000000000001	1.0484	1.0624	1.1064	0.9824	1.1284	1.1604	1.1364	1.1944000000000001	1.1024	1.1764000000000001	1.1304	1.1724	1.0884	1.0504	1.0564	1.1344	1.2064000000000001	1.1544	1.1164	1.1244	1.0604	1.07944	1.03544	1.06344	1.10744	1.05544	1.10944	1.06344	1.11544	1.10544	1.12744	1.15744	1.2014399999999998	1.14544	1.06944	1.04544	1.07944	1.06144	1.02744	1.17344	1.2334399999999999	1.33544	1.1974399999999998	1.17944	1.2514399999999999	1.12944	1.12144	1.2114399999999999	1.11544	1.02544	1.04344	1.10944	1.13344	1.10144	1.16144	1.12744	1.08544	1.2074399999999998	1.17144	1.29744	1.13144	1.16544	1.14544	1.15144	1.2474399999999999	1.32544	1.33344	1.13744	1.15744	1.10544	1.12744	1.7323333333333335	1.5883333333333334	0.9643333333333333	0.7723333333333334	1.2403333333333333	1.0603333333333333	0.5203333333333333	0.5563333333333333	0.8563333333333334	0.7963333333333333	0.9163333333333333	0.9763333333333333	1.797813953488372	1.485813953488372	1.425813953488372	1.5818139534883722	1.245813953488372	1.0418139534883721	1.4018139534883722	1.461813953488372	1.6778139534883723
1.0	2.0	3.0	4.0	5.0	6.0	7.0	8.0	9.0	10.0	11.0	12.0	13.0	14.0	15.0	16.0	17.0	18.0	19.0	20.0	21.0	22.0	23.0	24.0	25.0	26.0	27.0	28.0	29.0	30.0	31.0	32.0	33.0	34.0	35.0	36.0	37.0	38.0	39.0	40.0	41.0	42.0	43.0	44.0	45.0	46.0	47.0	48.0	49.0	50.0	51.0	52.0	53.0	54.0	55.0	56.0	57.0	58.0	59.0	60.0	61.0	62.0	63.0	64.0	65.0	66.0	67.0	68.0	69.0	70.0	71.0	72.0	73.0	74.0	75.0	76.0	77.0	78.0	79.0	80.0	81.0	82.0	83.0	84.0	85.0	86.0	87.0	88.0	89.0	90.0	91.0	92.0	93.0	94.0	95.0	96.0	97.0	98.0	99.0	100.0	101.0	102.0	103.0	104.0	105.0	106.0	107.0	108.0	109.0	110.0	111.0	112.0	113.0	114.0	115.0	116.0	117.0	118.0	119.0	120.0	121.0	122.0	123.0	124.0	125.0	126.0	127.0	128.0	129.0	130.0	131.0	132.0	133.0	134.0	135.0	136.0	137.0	138.0	139.0	140.0	141.0	142.0	143.0	144.0	145.0	146.0	147.0	148.0	149.0	149.0	150.0	151.0	152.0	153.0	154.0	155.0	156.0	157.0	158.0	159.0	160.0	161.0	162.0	163.0	164.0	165.0	166.0	167.0	168.0	169.0	170.0	171.0	172.0	173.0	174.0	175.0	176.0	177.0	178.0	179.0	180.0	181.0	182.0	183.0	184.0	185.0	186.0	187.0	188.0	189.0	190.0	191.0	192.0	193.0	194.0	195.0	196.0	197.0	198.0	199.0	200.0	201.0	202.0	203.0	204.0	205.0	206.0	207.0	208.0	209.0	210.0	211.0	212.0	213.0	214.0	215.0	216.0	217.0	218.0	219.0	220.0	221.0	222.0	223.0	224.0	225.0	226.0	227.0	228.0	229.0	230.0	231.0	232.0	233.0	234.0	235.0	236.0	237.0	238.0	239.0	240.0	241.0	242.0	243.0	244.0	245.0	246.0	247.0	248.0	249.0	250.0	251.0	252.0	253.0	254.0	255.0	256.0	257.0	258.0	259.0	260.0	261.0	262.0	263.0	264.0	265.0	266.0	267.0	268.0	269.0	270.0	271.0	272.0	273.0	274.0	275.0	276.0	277.0	278.0	279.0	280.0	281.0	282.0	283.0	284.0	285.0	286.0	287.0	288.0	289.0	290.0	291.0	292.0	293.0	294.0	295.0	296.0	297.0	298.0	298.0	299.0	300.0	301.0	302.0	303.0	304.0	305.0	306.0
2278.305041268476
