4684.862167967244	300.0	2000.0	223.40283290757242	0	0.0	4684.862167967244	1	0	1.0	-2.1422824597784302
6222.736686235155	2000.0	1462.125481732089	0.0	0	0.0	2684.8621679672433	1	0	1.0	-6.13033153914899
7268.315822365959	1000.0	1416.5463456012833	0.0	0	0.0	2684.8621679672424	1	0	1.0	0.38049408461699963
7931.3782170585355	1000.0	1753.483950908707	0.0	0	0.0	2684.8621679672424	1	0	1.0	1.073641265176945
8797.228705557158	1000.0	1887.6334624100855	0.0	0	0.0	2684.8621679672433	1	0	1.0	1.0736412651769447
9901.571021361262	1000.0	1783.2911466059825	0.0	0	0.0	2684.862167967244	1	0	1.0	1.0736412651769447
11011.469614156464	1000.0	1673.3925538107821	0.0	0	0.0	2684.862167967245	1	0	1.0	1.0736412651769447
11725.692710509757	1000.0	1959.1694574574897	0.0	0	0.0	2684.862167967245	1	0	1.0	1.0736412651769445
12403.899878939625	1000.0	2280.9622890276205	0.0	0	0.0	2684.862167967245	1	0	1.0	1.0736412651769445
13239.700053724533	1000.0	2445.162114242714	0.0	0	0.0	2684.862167967247	1	0	1.0	1.0736412651769442
14200.0	1000.0	2484.8621679672465	0.0	0	16.88302707812909	2684.862167967247	1	0	1.0	1.0736412651769442
15497.74344227028	2000.0	2187.118725696967	0.0	0	0.0	2684.862167967247	1	0	1.0	1.0736412651769442
16726.88893323325	2000.0	1957.9732347340002	0.0	0	0.0	2684.8621679672506	1	0	1.0	1.766788445736889
17654.200415319465	1000.0	2030.6617526477853	0.0	0	0.0	2684.8621679672506	1	0	1.0	0.38049408461699863
18752.90967942758	1000.0	1931.9524885396688	0.0	0	0.0	2684.8621679672488	1	0	1.0	1.073641265176944
19513.880198539104	1000.0	2170.9819694281396	0.0	0	0.0	2684.8621679672433	1	0	1.0	1.0736412651769445
20389.08368254005	1000.0	2295.7784854271927	0.0	0	0.0	2684.8621679672397	1	0	1.0	1.0736412651769451
21247.46717814703	1000.0	2437.3949898202086	0.0	0	0.0	2684.8621679672397	1	0	1.0	1.0736412651769454
22200.0	1000.0	2484.86216796724	0.0	0	162.26129059900995	2684.862167967236	1	0	1.0	1.0736412651769458
24072.330727273304	2000.0	1612.5314406939394	0.0	0	0.0	2684.862167967236	1	0	1.0	1.0736412651769458
25163.3915072753	1000.0	1521.4706606919392	0.0	0	0.0	2684.862167967236	1	0	1.0	0.3804940846170006
26089.80589194939	1000.0	1595.0562760178555	0.0	0	0.0	2684.862167967236	1	0	1.0	1.0736412651769458
26930.1668876721	1000.0	1754.6952802951407	0.0	0	0.0	2684.8621679672324	1	0	1.0	1.0736412651769462
27836.365103066597	1000.0	1848.4970649006493	0.0	0	0.0	2684.862167967236	1	0	1.0	1.0736412651769458
28869.63739380447	1000.0	1815.2247741627746	0.0	0	0.0	2684.862167967236	1	0	1.0	1.0736412651769458
29549.334317579734	1000.0	2135.5278503875115	0.0	0	0.0	2684.862167967236	1	0	1.0	1.0736412651769458
30343.809683237087	1000.0	2341.0524847301594	0.0	0	0.0	2684.862167967236	1	0	1.0	1.0736412651769458
32330.05381496745	2000.0	1354.808352999795	0.0	0	0.0	2684.862167967236	1	0	1.0	1.0736412651769458
33394.696465515015	1000.0	1290.1657024522247	0.0	0	0.0	2684.862167967225	1	0	1.0	0.3804940846170012
34434.25912425047	1000.0	1250.6030437167763	0.0	0	0.0	2684.8621679672397	1	0	1.0	1.073641265176946
35155.617375219204	1000.0	1529.2447927480478	0.0	0	0.0	2684.862167967247	1	0	1.0	1.073641265176945
35759.431232986986	1000.0	1925.4309349802704	0.0	0	0.0	2684.8621679672506	1	0	1.0	1.0736412651769438
36388.158282727	1000.0	2296.703885240253	0.0	0	0.0	2684.8621679672506	1	0	1.0	1.0736412651769438
37681.83025734018	2000.0	2003.031910627076	0.0	0	0.0	2684.862167967258	1	0	1.0	1.0736412651769427
39187.639531765875	2000.0	1497.222636201383	0.0	0	0.0	2684.8621679672506	1	0	1.0	1.766788445736889
40009.6104759764	1000.0	1675.2516919908626	0.0	0	0.0	2684.8621679672506	1	0	1.0	0.38049408461699863
40772.94074961062	1000.0	1911.9214183566346	0.0	0	0.0	2684.8621679672433	1	0	1.0	1.0736412651769447
41816.295602922786	1000.0	1868.566565044471	0.0	0	0.0	2684.8621679672433	1	0	1.0	1.0736412651769447
42587.68143356269	1000.0	2097.180734404562	0.0	0	0.0	2684.8621679672433	1	0	1.0	1.0736412651769447
43588.573030167376	1000.0	2096.2891377998794	0.0	0	0.0	2684.8621679672433	1	0	1.0	1.0736412651769447
44273.174574653676	1000.0	2411.6875933135766	0.0	0	0.0	2684.8621679672433	1	0	1.0	1.0736412651769447
45894.708819119725	2000.0	1790.1533488475336	0.0	0	0.0	2684.862167967236	1	0	1.0	1.0736412651769458
46754.780274406505	1000.0	1930.081893560758	0.0	0	0.0	2684.8621679672433	1	0	1.0	0.3804940846169996
47429.28521409273	1000.0	2255.5769538745367	0.0	0	0.0	2684.8621679672433	1	0	1.0	1.0736412651769447
48202.600482060225	1000.0	2482.261685907046	0.0	0	0.0	2684.862167967236	1	0	1.0	1.0736412651769458
50177.490328053595	2000.0	1507.37183991368	0.0	0	0.0	2684.8621679672433	1	0	1.0	1.0736412651769447
50999.63015680348	1000.0	1685.2320111637928	0.0	0	0.0	2684.8621679672433	1	0	1.0	0.3804940846169996
51815.733998713156	1000.0	1869.128169254115	0.0	0	0.0	2684.8621679672433	1	0	1.0	1.0736412651769447
52589.598961182186	2000.0	2095.263206785078	0.0	0	0.0	2684.8621679672433	1	0	1.0	1.0736412651769447
53852.33380059447	2000.0	1832.5283673727952	0.0	0	0.0	2684.8621679672433	1	0	1.0	1.7667884457368899
55815.57741433848	2000.0	869.2847536287908	0.0	0	0.0	2684.8621679672433	1	0	1.0	1.7667884457368899
56816.325806001456	1000.0	868.5363619658136	0.0	0	0.0	2684.8621679672433	1	0	1.0	0.3804940846169996
57428.44864041479	1000.0	1256.4135275524825	0.0	0	0.0	2684.8621679672433	1	0	1.0	1.0736412651769447
58433.43404896113	1000.0	1251.428119006147	0.0	0	0.0	2684.8621679672433	1	0	1.0	1.0736412651769447
59324.75083875431	1000.0	1360.1113292129598	0.0	0	0.0	2684.8621679672433	1	0	1.0	1.0736412651769447
60000.943012824566	1000.0	1683.919155142703	0.0	0	0.0	2684.862167967236	1	0	1.0	1.0736412651769458
62078.703471667315	2000.0	606.1586962999568	0.0	0	0.0	2684.8621679672433	1	0	1.0	1.0736412651769447
63148.86545574598	1000.0	535.9967122212831	0.0	0	0.0	2684.8621679672433	1	0	1.0	0.3804940846169996
64317.06630096605	1000.0	383.69763436406913	15.901767362853263	0	0.0	2700.7639353300983	1	0	1.0	0.9760630685894046
65090.255726029034	1000.0	630.8405027937422	20.332293492655822	0	0.0	2721.096228822753	1	0	1.0	0.9466613456585775
66125.24443007712	1000.0	595.8517987456776	0.0	0	0.0	2721.0962288227674	1	0	1.0	1.0686551066145114
66877.4979270697	1000.0	843.5983017530974	0.0	0	0.0	2721.096228822753	1	0	1.0	1.068655106614512
68012.98482585452	1000.0	708.1114029682767	0.0	0	0.0	2721.09622882276	1	0	1.0	1.0686551066145125
69281.01795949147	1000.0	440.07826933133396	0.0	0	0.0	2721.09622882276	1	0	1.0	1.0686551066145116
70190.50461859675	1000.0	572.5540814362588	41.96247121019576	0	0.0	2763.058700032954	1	0	1.0	0.8108925538762125
70787.85938356526	1000.0	975.1993164677615	0.0	0	0.0	2763.0587000329688	1	0	1.0	1.062667381137385
71735.42441381505	1000.0	1027.6342862179604	0.0	0	0.0	2763.058700032954	1	0	1.0	1.062667381137387
72737.42909756475	1000.0	1025.6296024682701	0.0	0	0.0	2763.058700032954	1	0	1.0	1.062667381137387
73400.8489047715	1000.0	1362.2097952615275	0.0	0	0.0	2763.058700032954	1	0	1.0	1.062667381137387
74050.75646553666	1000.0	1712.302234496355	0.0	0	0.0	2763.058700032954	1	0	1.0	1.062667381137387
74927.31053831556	2000.0	1835.7481617174444	0.0	0	0.0	2763.058700032954	1	0	1.0	1.062667381137387
75897.01180117512	2000.0	1866.0468988578818	0.0	0	0.0	2763.058700032954	1	0	1.0	1.7558145616973322
77441.3034495648	2000.0	1321.7552504681946	0.0	0	0.0	2763.058700032954	1	0	1.0	1.7558145616973322
78477.25869507145	2000.0	1285.8000049615548	0.0	0	0.0	2763.058700032954	1	0	1.0	1.7558145616973322
79205.93771580451	2000.0	1557.1209842284954	0.0	0	0.0	2763.058700032954	1	0	1.0	1.7558145616973322
80349.00493459408	2000.0	1414.0537654389275	0.0	0	0.0	2763.0587000329397	1	0	1.0	1.7558145616973342
81536.67765447355	2000.0	1226.3810455594537	0.0	0	0.0	2763.0587000329397	1	0	1.0	1.7558145616973342
82620.80510921266	2000.0	1142.2535908203397	0.0	0	0.0	2763.0587000329397	1	0	1.0	1.7558145616973342
83323.2209680878	1000.0	1439.8377319451813	0.0	0	0.0	2763.0587000329397	1	0	1.0	0.36952020057744395
84158.71448793905	1000.0	1604.3442120939433	0.0	0	0.0	2763.0587000329397	1	0	1.0	1.0626673811373892
85116.27679984157	1000.0	1646.7819001914354	0.0	0	0.0	2763.058700032954	1	0	1.0	1.062667381137387
86080.84895226982	1000.0	1682.2097477631671	0.0	0	0.0	2763.058700032954	1	0	1.0	1.062667381137387
87646.10809672413	1000.0	1116.9506033088655	0.0	0	0.0	2763.0587000329688	1	0	1.0	1.062667381137385
89252.4488027226	1000.0	510.6098973103895	0.0	0	0.0	2763.0587000329688	1	0	1.0	1.062667381137385
90311.80645627886	1000.0	476.54755546072505	25.295311706611187	0	0.0	2788.354011739575	1	0	1.0	0.9071721943846505
90902.19692061437	1000.0	886.1570911252242	0.0	0	0.0	2788.354011739575	1	0	1.0	1.0589440646243178
91724.36188667046	1000.0	1063.9921250691175	0.0	0	0.0	2788.3540117395605	1	0	1.0	1.05894406462432
92621.19517567259	1000.0	1167.1588360669875	0.0	0	0.0	2788.354011739546	1	0	1.0	1.0589440646243222
94074.03447908112	1000.0	714.3195326584465	0.0	0	0.0	2788.354011739546	1	0	1.0	1.0589440646243222
95304.79117249916	1000.0	483.56283924039377	0.0	0	0.0	2788.354011739546	1	0	1.0	1.0589440646243222
96545.50602817054	1000.0	382.9538027951296	140.10581922610396	0	0.0	2928.4598309656576	1	0	1.0	0.19604206285026982
97338.05352432694	500.0	603.7402348959258	13.33392825719966	0	0.0	2941.79375922287	1	0	1.0	-0.4318926574183016
98079.9220333085	1000.0	861.8717259143568	0.0	0	0.0	2941.79375922287	1	0	1.0	0.3412580926848416
98834.57456103493	1000.0	1107.2191981879268	0.0	0	0.0	2941.79375922287	1	0	1.0	1.034405273244787
99903.95473133516	1000.0	1037.8390278876855	0.0	0	0.0	2941.79375922287	1	0	1.0	1.034405273244787
100787.02848341818	1000.0	1154.7652758046916	0.0	0	0.0	2941.79375922287	1	0	1.0	1.034405273244787
101793.22929673479	1000.0	1148.5644624880752	0.0	0	0.0	2941.79375922287	1	0	1.0	1.034405273244787
102662.66011412146	1000.0	1279.1336451014072	0.0	0	0.0	2941.7937592228554	1	0	1.0	1.0344052732447895
103753.43631851814	1000.0	1188.3574407047283	0.0	0	0.0	2941.793759222841	1	0	1.0	1.034405273244792
104841.46620167857	1000.0	1100.3275575442901	0.0	0	0.0	2941.793759222841	1	0	1.0	1.034405273244792
105843.24831945096	1000.0	1098.5454397719227	0.0	0	0.0	2941.793759222841	1	0	1.0	1.034405273244792
106708.91297304863	1000.0	1232.880786174245	0.0	0	0.0	2941.7937592228554	1	0	1.0	1.0344052732447895
107705.86274879897	1000.0	1235.9310104239105	0.0	0	0.0	2941.7937592228554	1	0	1.0	1.0344052732447895
108422.6794945605	1000.0	1519.1142646623712	0.0	0	0.0	2941.793759222841	1	0	1.0	1.034405273244792
109329.6864573301	1000.0	1612.1073018927825	0.0	0	0.0	2941.793759222841	1	0	1.0	1.034405273244792
110250.63525247262	1000.0	1691.1585067502658	0.0	0	0.0	2941.793759222841	1	0	1.0	1.034405273244792
111111.87269816642	1000.0	1829.9210610564674	0.0	0	0.0	2941.793759222841	1	0	1.0	1.034405273244792
111990.37346790303	1000.0	1951.4202913198676	0.0	0	0.0	2941.793759222841	1	0	1.0	1.034405273244792
112608.84812040841	1000.0	2332.9456388144995	0.0	0	0.0	2941.793759222841	1	0	1.0	1.034405273244792
113865.0606255763	2000.0	2076.733133646605	0.0	0	0.0	2941.793759222841	1	0	1.0	1.034405273244792
115550.485463785	2000.0	1391.308295437906	0.0	0	0.0	2941.7937592228554	1	0	1.0	1.7275524538047347
116445.86564553155	1000.0	1495.9281136913432	0.0	0	0.0	2941.7937592228554	1	0	1.0	0.3412580926848443
117559.40156639584	1000.0	1382.392192827036	0.0	0	0.0	2941.7937592228554	1	0	1.0	1.0344052732447895
118573.80381917019	1000.0	1367.9899400526788	0.0	0	0.0	2941.793759222841	1	0	1.0	1.034405273244792
119455.49001654629	1000.0	1486.3037426765845	0.0	0	0.0	2941.7937592228554	1	0	1.0	1.0344052732447895
120326.96258028514	1000.0	1614.831178937731	0.0	0	0.0	2941.7937592228554	1	0	1.0	1.0344052732447895
121069.53200814838	1000.0	1872.261751074472	0.0	0	0.0	2941.7937592228554	1	0	1.0	1.0344052732447895
121715.41171137418	1000.0	2226.3820478486696	0.0	0	0.0	2941.7937592228554	1	0	1.0	1.0344052732447895
123506.26176958367	2000.0	1435.5319896391784	0.0	0	0.0	2941.7937592228554	1	0	1.0	1.0344052732447895
124466.26825394179	1000.0	1475.5255052810655	0.0	0	0.0	2941.79375922287	1	0	1.0	0.3412580926848418
125189.20223782097	1000.0	1752.5915214018778	0.0	0	0.0	2941.79375922287	1	0	1.0	1.034405273244787
126368.52757547596	1000.0	1573.2661837468795	0.0	0	0.0	2941.7937592228554	1	0	1.0	1.0344052732447895
127206.8092841686	1000.0	1734.9844750542668	0.0	0	0.0	2941.7937592228554	1	0	1.0	1.0344052732447895
127893.79467729495	1000.0	2047.9990819279208	0.0	0	0.0	2941.7937592228554	1	0	1.0	1.0344052732447895
128883.51017257456	1000.0	2058.2835866482974	0.0	0	0.0	2941.7937592228554	1	0	1.0	1.0344052732447895
129779.61810896256	1000.0	2162.1756502603166	0.0	0	0.0	2941.793759222841	1	0	1.0	1.034405273244792
130599.26318144733	1000.0	2342.530577775548	0.0	0	0.0	2941.793759222841	1	0	1.0	1.034405273244792
132287.12447198335	2000.0	1654.6692872395436	0.0	0	0.0	2941.7937592228554	1	0	1.0	1.0344052732447915
133116.37650404702	1000.0	1825.4172551758797	0.0	0	0.0	2941.7937592228554	1	0	1.0	0.3412580926848468
133817.50927951228	1000.0	2124.284479710626	0.0	0	0.0	2941.7937592228845	1	0	1.0	1.034405273244787
134515.20538873362	1000.0	2426.5883704892794	0.0	0	0.0	2941.793759222899	1	0	1.0	1.034405273244782
135505.27743651532	1000.0	2436.5163227075404	0.0	0	0.0	2941.793759222899	1	0	1.0	1.034405273244782
136743.3173847159	2000.0	2198.4763745069567	0.0	0	0.0	2941.79375922287	1	0	1.0	1.0344052732447868
138279.0024575149	2000.0	1662.7913017079347	0.0	0	0.0	2941.793759222841	1	0	1.0	1.727552453804737
138973.07212884905	1000.0	1968.7216303737828	0.0	0	0.0	2941.793759222841	1	0	1.0	0.3412580926848468
139960.49470856527	1000.0	1981.2990506575738	0.0	0	0.0	2941.79375922287	1	0	1.0	1.034405273244787
140622.40578770541	1000.0	2319.3879715174353	0.0	0	0.0	2941.79375922287	1	0	1.0	1.034405273244787
142202.8186303838	2000.0	1738.975128839063	0.0	0	0.0	2941.793759222899	1	0	1.0	1.034405273244782
143111.65566465652	1000.0	1830.138094566352	0.0	0	0.0	2941.793759222899	1	0	1.0	0.3412580926848368
143860.1162639713	1000.0	2081.677495251589	0.0	0	0.0	2941.793759222899	1	0	1.0	1.034405273244782
144981.17442400972	1000.0	1960.6193352131434	0.0	0	0.0	2941.793759222899	1	0	1.0	1.034405273244782
145878.66781516414	1000.0	2063.125944058709	0.0	0	0.0	2941.793759222899	1	0	1.0	1.034405273244782
146617.05393558543	1000.0	2324.739823637398	0.0	0	0.0	2941.793759222899	1	0	1.0	1.034405273244782
148489.98198156053	2000.0	1451.8117776623026	0.0	0	0.0	2941.793759222899	1	0	1.0	1.034405273244782
149230.5793764655	1000.0	1711.2143827573198	0.0	0	0.0	2941.793759222899	1	0	1.0	0.3412580926848368
150022.78963180844	1000.0	1919.0041274143741	0.0	0	0.0	2941.793759222899	1	0	1.0	1.034405273244782
151220.18778253425	2000.0	1721.6059766885476	0.0	0	0.0	2941.793759222899	1	0	1.0	1.034405273244782
152971.5517282056	2000.0	970.2420310171897	0.0	0	0.0	2941.793759222899	1	0	1.0	1.727552453804727
154003.79050038333	1000.0	938.003258839468	0.0	0	0.0	2941.79375922287	1	0	1.0	0.3412580926848418
154646.31952053856	1000.0	1295.4742386842177	0.0	0	0.0	2941.79375922287	1	0	1.0	1.034405273244787
155361.57986824418	1000.0	1580.2138909786183	0.0	0	0.0	2941.793759222841	1	0	1.0	1.034405273244792
155965.03867690088	1000.0	1976.7550823219174	0.0	0	0.0	2941.79375922287	1	0	1.0	1.034405273244787
156728.66766411735	1000.0	2213.1260951054082	0.0	0	0.0	2941.793759222841	1	0	1.0	1.034405273244792
157509.1551065234	1000.0	2432.638652699369	0.0	0	0.0	2941.79375922287	1	0	1.0	1.0344052732447881
159208.42292909962	2000.0	1733.370830123118	0.0	0	0.0	2941.793759222841	1	0	1.0	1.034405273244792
159913.04855208978	1000.0	2028.7452071329424	0.0	0	0.0	2941.793759222841	1	0	1.0	0.3412580926848468
161052.84516420547	1000.0	1888.9485950172605	0.0	0	0.0	2941.793759222841	1	0	1.0	1.034405273244792
161973.53774160813	1000.0	1968.2560176146021	0.0	0	0.0	2941.793759222841	1	0	1.0	1.034405273244792
162850.8646397195	1000.0	2090.9291195032292	0.0	0	0.0	2941.793759222841	1	0	1.0	1.034405273244792
163809.63733149745	1000.0	2132.156427725289	0.0	0	0.0	2941.793759222812	1	0	1.0	1.034405273244797
164855.71765344698	1000.0	2086.0761057757563	0.0	0	0.0	2941.793759222812	1	0	1.0	1.034405273244797
165592.2840174222	1000.0	2349.5097418005157	0.0	0	0.0	2941.7937592227827	1	0	1.0	1.034405273244802
166552.4732676508	1000.0	2389.3204915719334	0.0	0	0.0	2941.7937592227827	1	0	1.0	1.034405273244802
167551.26171095978	1000.0	2390.532048262965	0.0	0	0.0	2941.7937592227827	1	0	1.0	1.034405273244802
169386.75876192766	2000.0	1555.0349972950955	0.0	0	0.0	2941.793759222812	1	0	1.0	1.034405273244797
170441.07386744328	1000.0	1500.71989177949	0.0	0	0.0	2941.793759222812	1	0	1.0	0.3412580926848518
171224.5583886471	1000.0	1717.235370575666	0.0	0	0.0	2941.793759222812	1	0	1.0	1.034405273244797
172379.35660092847	1000.0	1562.4371582943281	0.0	0	0.0	2941.793759222812	1	0	1.0	1.034405273244797
173454.55685437415	1000.0	1487.2369048486266	0.0	0	0.0	2941.793759222812	1	0	1.0	1.034405273244797
174235.71954284873	1000.0	1706.0742163740304	0.0	0	0.0	2941.793759222812	1	0	1.0	1.034405273244797
175252.8232852173	1000.0	1688.9704740054817	0.0	0	0.0	2941.793759222841	1	0	1.0	1.034405273244792
176033.70610605943	1000.0	1908.0876531634112	0.0	0	0.0	2941.793759222841	1	0	1.0	1.034405273244792
176946.45265809525	1000.0	1995.341101127587	0.0	0	0.0	2941.793759222841	1	0	1.0	1.034405273244792
177866.5534598908	1000.0	2075.240299332034	0.0	0	0.0	2941.793759222841	1	0	1.0	1.034405273244792
178759.32454552274	1000.0	2182.469213700093	0.0	0	0.0	2941.793759222841	1	0	1.0	1.034405273244792
179494.03473298578	1000.0	2447.7590262370804	0.0	0	0.0	2941.793759222841	1	0	1.0	1.034405273244792
180204.4307967266	1000.0	2737.362962496265	0.0	0	0.0	2941.793759222841	1	0	1.0	1.034405273244792
181929.95685176633	2000.0	2011.836907456518	0.0	0	0.0	2941.793759222841	1	0	1.0	1.034405273244792
182971.3209178359	1000.0	1970.4728413869789	0.0	0	0.0	2941.79375922287	1	0	1.0	0.3412580926848418
183649.67982168417	1000.0	2292.1139375387	0.0	0	0.0	2941.79375922287	1	0	1.0	1.034405273244787
184743.1619917966	1000.0	2198.6317674262377	0.0	0	0.0	2941.79375922287	1	0	1.0	1.0344052732447881
185634.21297525283	1000.0	2307.5807839700296	0.0	0	0.0	2941.79375922287	1	0	1.0	1.034405273244787
187367.18157018398	2000.0	1574.6121890388727	0.0	0	0.0	2941.793759222812	1	0	1.0	1.034405273244793
188155.83549459203	1000.0	1785.958264630859	0.0	0	0.0	2941.793759222812	1	0	1.0	0.3412580926848518
189243.91249847645	1000.0	1697.881260746446	0.0	0	0.0	2941.793759222841	1	0	1.0	1.034405273244792
190226.6614725478	1000.0	1715.1322866750918	0.0	0	0.0	2941.793759222841	1	0	1.0	1.034405273244792
191230.41424562753	1000.0	1711.3795135953535	0.0	0	0.0	2941.793759222841	1	0	1.0	1.034405273244792
192178.63587449485	1000.0	1763.157884728055	0.0	0	0.0	2941.793759222841	1	0	1.0	1.034405273244792
192841.85486833213	1000.0	2099.938890890815	0.0	0	0.0	2941.793759222841	1	0	1.0	1.034405273244792
193537.48237886638	1000.0	2404.3113803565516	0.0	0	0.0	2941.793759222812	1	0	1.0	1.0344052732447961
194764.89744443237	2000.0	2176.896314790556	0.0	0	0.0	2941.793759222812	1	0	1.0	1.034405273244797
195880.42472928253	1000.0	2061.3690299403625	0.0	0	0.0	2941.793759222812	1	0	1.0	0.3412580926848518
196660.2755129025	1000.0	2281.518246320357	0.0	0	0.0	2941.7937592227827	1	0	1.0	1.034405273244802
198502.597533204	2000.0	1439.1962260188773	0.0	0	0.0	2941.7937592227827	1	0	1.0	1.034405273244802
199362.34495233902	1000.0	1579.4488068838928	0.0	0	0.0	2941.793759222812	1	0	1.0	0.3412580926848548
200456.3076311527	1000.0	1485.4861280702032	0.0	0	0.0	2941.793759222812	1	0	1.0	1.034405273244797
201457.15574825142	2000.0	1484.6380109714912	0.0	0	0.0	2941.7937592227827	1	0	1.0	1.0344052732448
202540.20080704705	2000.0	1401.5929521758494	0.0	0	0.0	2941.793759222812	1	0	1.0	1.727552453804745
204540.89760713882	2000.0	400.89615208406775	0.0	0	0.0	2941.793759222841	1	0	1.0	1.727552453804737
205370.73905070455	1000.0	591.3912574417923	20.336548923442194	0	0.0	2962.1303081462975	1	0	1.0	0.21572053443190556
206224.43632979394	1000.0	737.6939783523737	0.0	0	0.0	2962.1303081462684	1	0	1.0	1.0308870085325048
207203.1159426689	1000.0	759.0143654774125	0.0	0	0.0	2962.1303081462684	1	0	1.0	1.0308870085325088
207805.5366208981	1000.0	1156.5936872481782	0.0	0	0.0	2962.1303081462684	1	0	1.0	1.0308870085325088
208601.48643506248	1000.0	1360.6438730838083	0.0	0	0.0	2962.1303081462684	1	0	1.0	1.0308870085325088
209460.1520840748	1000.0	1501.9782240715188	0.0	0	0.0	2962.1303081462684	1	0	1.0	1.0308870085325088
210563.20432140472	1000.0	1398.9259867416263	0.0	0	0.0	2962.1303081462684	1	0	1.0	1.0308870085325088
211562.03992768456	1000.0	1400.0903804617988	0.0	0	0.0	2962.1303081462684	1	0	1.0	1.0308870085325088
212673.48370096638	1000.0	1288.646607179965	0.0	0	0.0	2962.1303081462684	1	0	1.0	1.0308870085325088
213466.61125844214	1000.0	1495.5190497042147	0.0	0	0.0	2962.1303081462684	1	0	1.0	1.0308870085325088
214401.84538486646	1000.0	1560.2849232798633	0.0	0	0.0	2962.1303081462684	1	0	1.0	1.0308870085325088
215443.58917107622	1000.0	1518.5411370700995	0.0	0	0.0	2962.1303081462684	1	0	1.0	1.0308870085325088
216389.34753871665	1000.0	1572.7827694296602	0.0	0	0.0	2962.1303081462684	1	0	1.0	1.0308870085325088
217794.34919851497	1000.0	1167.7811096313526	0.0	0	0.0	2962.1303081462975	1	0	1.0	1.030887008532506
218868.27446842616	1000.0	1093.8558397201791	0.0	0	0.0	2962.1303081462975	1	0	1.0	1.0308870085325037
219560.7261706348	1000.0	1401.404137511572	0.0	0	0.0	2962.1303081462975	1	0	1.0	1.0308870085325037
220068.85667045345	1000.0	1893.2736376929317	0.0	0	0.0	2962.1303081462975	1	0	1.0	1.0308870085325037
221592.8463048878	2000.0	1369.2840032585664	0.0	0	0.0	2962.1303081462975	1	0	1.0	1.030887008532504
222554.99369412183	1000.0	1407.1366140245257	0.0	0	0.0	2962.1303081462975	1	0	1.0	0.33773982797255864
223819.55640565747	2000.0	1142.5739024888906	0.0	0	0.0	2962.1303081462975	1	0	1.0	1.030887008532504
225500.0075550736	2000.0	462.1227530727443	0.0	0	0.0	2962.1303081462684	1	0	1.0	1.7240341890924509
226421.56361020217	1000.0	574.9559011309996	34.38920318682926	0	0.0	2996.5195113330847	1	0	1.0	0.12530536219043947
226953.0628110811	1000.0	1043.4567002520644	0.0	0	0.0	2996.5195113330847	1	0	1.0	1.0247877618713603
227601.42055041995	1000.0	1395.0989609132494	0.0	0	0.0	2996.5195113330847	1	0	1.0	1.0247877618713603
228552.00627221787	2000.0	1444.513239115338	0.0	0	0.0	2996.5195113330847	1	0	1.0	1.0247877618713606
229606.52660888658	2000.0	1389.992902446618	0.0	0	0.0	2996.5195113331138	1	0	1.0	1.7179349424313024
230773.8766444731	2000.0	1222.6428668600736	0.0	0	0.0	2996.5195113331138	1	0	1.0	1.7179349424313002
232018.74907427127	2000.0	977.7704370618914	0.0	0	0.0	2996.5195113331138	1	0	1.0	1.7179349424313002
232802.1344079757	1000.0	1194.385103357461	0.0	0	0.0	2996.519511333143	1	0	1.0	0.3316405813114046
233682.38074010497	1000.0	1314.1387712282049	0.0	0	0.0	2996.519511333143	1	0	1.0	1.02478776187135
234667.9302670459	1000.0	1328.5892442873014	0.0	0	0.0	2996.519511333143	1	0	1.0	1.02478776187135
235630.1654712682	1000.0	1366.3540400649492	0.0	0	0.0	2996.519511333172	1	0	1.0	1.0247877618713468
236859.51890095082	1000.0	1137.0006103823519	0.0	0	0.0	2996.519511333143	1	0	1.0	1.02478776187135
238398.57997264352	1000.0	597.9395386896385	0.0	0	0.0	2996.5195113331138	1	0	1.0	1.0247877618713508
239351.6904205825	1000.0	644.82909075063	0.0	0	0.0	2996.5195113330847	1	0	1.0	1.0247877618713572
240156.02774450174	1000.0	840.4917668313675	0.0	0	0.0	2996.5195113330847	1	0	1.0	1.0247877618713603
240941.02381310807	1000.0	1055.495698225057	0.0	0	0.0	2996.5195113330847	1	0	1.0	1.0247877618713603
242167.5868352588	1000.0	828.9326760743688	0.0	0	0.0	2996.5195113330847	1	0	1.0	1.0247877618713603
243175.35355676376	1000.0	821.1659545693992	0.0	0	0.0	2996.5195113331138	1	0	1.0	1.024787761871355
243971.69809282947	1000.0	1024.8214185036745	0.0	0	0.0	2996.5195113331138	1	0	1.0	1.024787761871355
245105.94981550067	1000.0	890.5696958324536	0.0	0	0.0	2996.519511333143	1	0	1.0	1.02478776187135
246301.60814121654	1000.0	694.911370116617	0.0	0	0.0	2996.519511333143	1	0	1.0	1.02478776187135
246956.8363774133	1000.0	1039.6831339198563	0.0	0	0.0	2996.519511333143	1	0	1.0	1.02478776187135
247895.39539080646	1000.0	1101.124120526682	0.0	0	0.0	2996.519511333143	1	0	1.0	1.02478776187135
248843.98367403704	1000.0	1152.5358372960911	0.0	0	0.0	2996.519511333143	1	0	1.0	1.02478776187135
249627.68430772747	1000.0	1368.83520360569	0.0	0	0.0	2996.5195113331138	1	0	1.0	1.024787761871355
250362.61255218872	1000.0	1633.9069591444406	0.0	0	0.0	2996.5195113331138	1	0	1.0	1.024787761871355
251089.78798983982	1000.0	1906.7315214933199	0.0	0	0.0	2996.5195113331138	1	0	1.0	1.024787761871355
252010.2616992039	1000.0	1986.2578121292274	0.0	0	0.0	2996.5195113331138	1	0	1.0	1.024787761871355
252945.4147542777	1000.0	2051.1047570553824	0.0	0	0.0	2996.5195113330847	1	0	1.0	1.0247877618713603
253846.1695134302	1000.0	2150.349997902862	0.0	0	0.0	2996.5195113330556	1	0	1.0	1.0247877618713654
254650.46359619763	1000.0	2346.0559151354014	0.0	0	0.0	2996.5195113330265	1	0	1.0	1.024787761871371
256835.64311970957	2000.0	1160.8763916234852	0.0	0	0.0	2996.5195113330265	1	0	1.0	1.0247877618713708
257553.9051863943	1000.0	1442.6143249387071	0.0	0	0.0	2996.5195113330265	1	0	1.0	0.3316405813114257
258484.99708233998	1000.0	1511.5224289930036	0.0	0	0.0	2996.5195113329974	1	0	1.0	1.024787761871376
259348.42508187456	1000.0	1648.0944294583894	0.0	0	0.0	2996.5195113329974	1	0	1.0	1.024787761871376
260086.44651875913	1000.0	1910.0729925738174	0.0	0	0.0	2996.5195113329682	1	0	1.0	1.0247877618713814
261066.6933972881	1000.0	1929.8261140448499	0.0	0	0.0	2996.519511332939	1	0	1.0	1.0247877618713865
261952.88567216502	1000.0	2043.6338391679053	0.0	0	0.0	2996.519511332939	1	0	1.0	1.0247877618713865
263177.3831580346	2000.0	1819.1363532983255	0.0	0	0.0	2996.519511332939	1	0	1.0	1.0247877618713908
264390.2102342608	1000.0	1606.3092770720973	0.0	0	0.0	2996.5195113329682	1	0	1.0	0.331640581311433
265315.5316029172	1000.0	1680.9879084157533	0.0	0	0.0	2996.5195113330265	1	0	1.0	1.024787761871374
266332.5733009886	1000.0	1663.9462103443227	0.0	0	0.0	2996.5195113330265	1	0	1.0	1.024787761871371
267119.1425074583	1000.0	1877.377003874615	0.0	0	0.0	2996.5195113330265	1	0	1.0	1.024787761871371
268344.58177427045	1000.0	1651.9377370624602	0.0	0	0.0	2996.5195113329682	1	0	1.0	1.024787761871373
269371.06111446075	1000.0	1625.4583968721677	0.0	0	0.0	2996.5195113329682	1	0	1.0	1.0247877618713814
270198.3009192822	1000.0	1798.2185920507693	0.0	0	0.0	2996.5195113329682	1	0	1.0	1.0247877618713814
271047.7699342444	1000.0	1948.7495770885264	0.0	0	0.0	2996.5195113329682	1	0	1.0	1.0247877618713814
272023.3090526105	1000.0	1973.210458722422	0.0	0	0.0	2996.5195113329682	1	0	1.0	1.0247877618713814
273073.7754847759	1000.0	1922.7440265569567	0.0	0	0.0	2996.5195113329682	1	0	1.0	1.0247877618713814
274195.1858944071	1000.0	1801.3336169257082	0.0	0	0.0	2996.51951133291	1	0	1.0	1.0247877618713919
275091.58584365656	1000.0	1904.9336676762484	0.0	0	0.0	2996.51951133291	1	0	1.0	1.0247877618713919
275851.9932111436	1000.0	2144.5263001892686	0.0	0	0.0	2996.51951133291	1	0	1.0	1.0247877618713919
276793.4260995252	1000.0	2203.0934118076	0.0	0	0.0	2996.519511332852	1	0	1.0	1.0247877618714023
277602.4611920286	1000.0	2394.0583193041793	0.0	0	0.0	2996.519511332852	1	0	1.0	1.0247877618714023
278589.5332591605	1000.0	2406.9862521722284	0.0	0	0.0	2996.519511332852	1	0	1.0	1.0247877618714023
279291.57911963796	1000.0	2704.940391694746	0.0	0	0.0	2996.5195113327936	1	0	1.0	1.0247877618714043
280763.0447596609	2000.0	2233.474751671826	0.0	0	0.0	2996.519511332852	1	0	1.0	1.0247877618714065
282134.37304271414	2000.0	1862.1464686186337	0.0	0	0.0	2996.51951133291	1	0	1.0	1.717934942431337
283446.8824375885	2000.0	1549.6370737443094	0.0	0	0.0	2996.51951133291	1	0	1.0	1.717934942431337
284315.11755372875	1000.0	1681.4019576039718	0.0	0	0.0	2996.5195113329682	1	0	1.0	0.3316405813114446
285415.6877950177	1000.0	1580.8317163150143	0.0	0	0.0	2996.5195113330265	1	0	1.0	1.024787761871371
286170.149802325	1000.0	1826.3697090076614	0.0	0	0.0	2996.5195113330265	1	0	1.0	1.024787761871371
287303.51454031945	1000.0	1693.0049710132319	0.0	0	0.0	2996.5195113330265	1	0	1.0	1.024787761871371
288404.99763531075	1000.0	1591.5218760219875	0.0	0	0.0	2996.5195113330265	1	0	1.0	1.024787761871371
289274.81844958663	1000.0	1721.7010617461292	0.0	0	0.0	2996.5195113330847	1	0	1.0	1.0247877618713688
290007.68354339205	1000.0	1988.8359679406844	0.0	0	0.0	2996.5195113330847	1	0	1.0	1.0247877618713603
290692.0245406526	1000.0	2304.494970680105	0.0	0	0.0	2996.5195113330847	1	0	1.0	1.0247877618713603
292173.39247458946	2000.0	1823.1270367431578	0.0	0	0.0	2996.5195113330847	1	0	1.0	1.0247877618713606
293345.1284387217	1000.0	1651.3910726109043	0.0	0	0.0	2996.5195113330847	1	0	1.0	0.3316405813114236
294103.54993559624	1000.0	1892.9695757363359	0.0	0	0.0	2996.5195113330847	1	0	1.0	1.0247877618713603
295303.9758403017	1000.0	1692.543671030888	0.0	0	0.0	2996.519511333143	1	0	1.0	1.02478776187135
296158.6526120123	1000.0	1837.8668993203019	0.0	0	0.0	2996.5195113330847	1	0	1.0	1.0247877618713603
296780.57772152073	1000.0	2215.941789811831	0.0	0	0.0	2996.5195113330847	1	0	1.0	1.0247877618713603
298004.19569480745	2000.0	1992.323816525155	0.0	0	0.0	2996.5195113330847	1	0	1.0	1.0247877618713606
299352.9296193602	2000.0	1643.5898919723927	0.0	0	0.0	2996.5195113330265	1	0	1.0	1.717934942431316
300813.7405431968	2000.0	1182.778968135714	0.0	0	0.0	2996.5195113329682	1	0	1.0	1.7179349424313264
301614.41849127045	1000.0	1382.1010200620908	0.0	0	0.0	2996.5195113330265	1	0	1.0	0.3316405813114257
302527.42108155414	1000.0	1469.0984297784448	0.0	0	0.0	2996.5195113330265	1	0	1.0	1.024787761871371
303596.6011894739	1000.0	1399.9183218587152	0.0	0	0.0	2996.5195113329682	1	0	1.0	1.0247877618713772
1.2832000000000001	1.2272	1.2572	1.1872	1.1752000000000002	1.2052	1.1032000000000002	1.1832	1.1612000000000002	1.1652000000000002	1.2172	1.2932000000000001	1.1512000000000002	1.1172000000000002	1.1352000000000002	1.1632000000000002	1.1412000000000002	1.1772000000000002	1.1352000000000002	1.1832	1.0752000000000002	1.1132000000000002	1.2032	1.1732000000000002	1.2012	1.1392000000000002	1.1432000000000002	1.2132	1.1832	1.1772000000000002	1.2092	1.2592	1.3192000000000002	1.2892000000000001	1.1612000000000002	1.1832	1.0872000000000002	1.3032000000000001	1.2192	1.2292	1.2532	1.1992	1.2372	1.2232	1.11	1.37	1.05	1.81	2.33	1.64	1.05	0.97	1.16	1.36	1.34	1.54	0.96	1.04	1.25	1.04	1.05	1.25	1.59	0.96	0.7	1.45	1.58	1.11	1.32	1.55	1.83	1.46	1.3	1.49	2.14	1.68	1.68	1.62	1.25	1.11	1.18	1.4	0.61	0.66	0.79	0.98	1.41	1.71	0.81	0.89	1.03	0.87	0.82	1.2156666666666667	1.2276666666666667	1.1716666666666666	1.2596666666666667	1.2156666666666667	1.2636666666666667	1.2016666666666667	1.2516666666666667	1.3076666666666668	1.2076666666666667	1.1396666666666668	1.0976666666666668	1.2936666666666667	1.2436666666666667	1.2896666666666667	1.3096666666666668	1.2116666666666667	1.0676666666666668	1.1556666666666666	1.2196666666666667	1.1356666666666668	1.1236666666666668	1.1856666666666666	1.2136666666666667	1.2876666666666667	1.1496666666666666	1.1176666666666668	1.0876666666666668	1.1576666666666666	1.2236666666666667	1.1816666666666666	1.1376666666666666	1.1896666666666667	1.2696666666666667	1.3596666666666668	1.3056666666666668	1.1816666666666666	1.1036666666666668	1.2276666666666667	1.2396666666666667	1.1936666666666667	1.3036666666666668	1.0616666666666668	1.1856666666666666	1.2676666666666667	1.2156666666666667	1.1036666666666668	1.1376666666666666	0.9377500000000001	1.29775	1.50175	1.52575	1.34575	1.64575	1.24975	0.9857500000000001	1.2732	1.2832000000000001	1.2272	1.2572	1.1872	1.1752000000000002	1.2052	1.1032000000000002	1.1832	1.1612000000000002	1.1652000000000002	1.2172	1.2932000000000001	1.1512000000000002	1.1172000000000002	1.1352000000000002	1.1632000000000002	1.1412000000000002	1.1772000000000002	1.1352000000000002	1.1832	1.0752000000000002	1.1132000000000002	1.2032	1.1732000000000002	1.2012	1.1392000000000002	1.1432000000000002	1.2132	1.1832	1.1772000000000002	1.2092	1.2592	1.3192000000000002	1.2892000000000001	1.1612000000000002	1.1832	1.0872000000000002	1.3032000000000001	1.2192	1.2292	1.2532	1.1992	1.2372	1.2232	1.11	1.37	1.05	1.81	2.33	1.64	1.05	0.97	1.16	1.36	1.34	1.54	0.96	1.04	1.25	1.04	1.05	1.25	1.59	0.96	0.7	1.45	1.58	1.11	1.32	1.55	1.83	1.46	1.3	1.49	2.14	1.68	1.68	1.62	1.25	1.11	1.18	1.4	0.61	0.66	0.79	0.98	1.41	1.71	0.81	0.89	1.03	0.87	0.82	1.2156666666666667	1.2276666666666667	1.1716666666666666	1.2596666666666667	1.2156666666666667	1.2636666666666667	1.2016666666666667	1.2516666666666667	1.3076666666666668	1.2076666666666667	1.1396666666666668	1.0976666666666668	1.2936666666666667	1.2436666666666667	1.2896666666666667	1.3096666666666668	1.2116666666666667	1.0676666666666668	1.1556666666666666	1.2196666666666667	1.1356666666666668	1.1236666666666668	1.1856666666666666	1.2136666666666667	1.2876666666666667	1.1496666666666666	1.1176666666666668	1.0876666666666668	1.1576666666666666	1.2236666666666667	1.1816666666666666	1.1376666666666666	1.1896666666666667	1.2696666666666667	1.3596666666666668	1.3056666666666668	1.1816666666666666	1.1036666666666668	1.2276666666666667	1.2396666666666667	1.1936666666666667	1.3036666666666668	1.0616666666666668	1.1856666666666666	1.2676666666666667	1.2156666666666667	1.1036666666666668	1.1376666666666666	0.9377500000000001	1.29775	1.50175	1.52575	1.34575	1.64575	1.24975	0.9857500000000001	1.2732	1.2832000000000001	1.2272	1.2572
1.0	2.0	3.0	4.0	5.0	6.0	7.0	8.0	9.0	10.0	11.0	12.0	13.0	14.0	15.0	16.0	17.0	18.0	19.0	20.0	21.0	22.0	23.0	24.0	25.0	26.0	27.0	28.0	29.0	30.0	31.0	32.0	33.0	34.0	35.0	36.0	37.0	38.0	39.0	40.0	41.0	42.0	43.0	44.0	45.0	46.0	47.0	48.0	49.0	50.0	51.0	52.0	53.0	54.0	55.0	56.0	57.0	58.0	59.0	60.0	61.0	62.0	63.0	64.0	65.0	66.0	67.0	68.0	69.0	70.0	71.0	72.0	73.0	74.0	75.0	76.0	77.0	78.0	79.0	80.0	81.0	82.0	83.0	84.0	85.0	86.0	87.0	88.0	89.0	90.0	91.0	92.0	93.0	94.0	95.0	96.0	97.0	98.0	99.0	100.0	101.0	102.0	103.0	104.0	105.0	106.0	107.0	108.0	109.0	110.0	111.0	112.0	113.0	114.0	115.0	116.0	117.0	118.0	119.0	120.0	121.0	122.0	123.0	124.0	125.0	126.0	127.0	128.0	129.0	130.0	131.0	132.0	133.0	134.0	135.0	136.0	137.0	138.0	139.0	140.0	141.0	142.0	143.0	144.0	145.0	146.0	147.0	148.0	149.0	149.0	150.0	151.0	152.0	153.0	154.0	155.0	156.0	157.0	158.0	159.0	160.0	161.0	162.0	163.0	164.0	165.0	166.0	167.0	168.0	169.0	170.0	171.0	172.0	173.0	174.0	175.0	176.0	177.0	178.0	179.0	180.0	181.0	182.0	183.0	184.0	185.0	186.0	187.0	188.0	189.0	190.0	191.0	192.0	193.0	194.0	195.0	196.0	197.0	198.0	199.0	200.0	201.0	202.0	203.0	204.0	205.0	206.0	207.0	208.0	209.0	210.0	211.0	212.0	213.0	214.0	215.0	216.0	217.0	218.0	219.0	220.0	221.0	222.0	223.0	224.0	225.0	226.0	227.0	228.0	229.0	230.0	231.0	232.0	233.0	234.0	235.0	236.0	237.0	238.0	239.0	240.0	241.0	242.0	243.0	244.0	245.0	246.0	247.0	248.0	249.0	250.0	251.0	252.0	253.0	254.0	255.0	256.0	257.0	258.0	259.0	260.0	261.0	262.0	263.0	264.0	265.0	266.0	267.0	268.0	269.0	270.0	271.0	272.0	273.0	274.0	275.0	276.0	277.0	278.0	279.0	280.0	281.0	282.0	283.0	284.0	285.0	286.0	287.0	288.0	289.0	290.0	291.0	292.0	293.0	294.0	295.0	296.0	297.0	298.0	298.0	299.0	300.0	301.0
4220.379669341451
