4965.284069824268	2000.0	2000.0	381.5887694966332	0	0.0	4965.284069824268	1	0	1.0	-3.257124199248416
5668.690807056192	3000.0	2296.5932627680754	0.0	0	0.0	2965.284069824268	1	0	1.0	-4.276517266841663
6264.600300390586	3000.0	2700.6837694336805	0.0	0	0.0	2965.2840698242676	1	0	1.0	2.1289478412665037
7200.0	3000.0	2765.284069824266	0.0	0	212.69536025807156	2965.284069824267	1	0	1.0	2.128947841266504
8897.005364721494	3000.0	2068.278705102773	0.0	0	0.0	2965.284069824267	1	0	1.0	2.128947841266504
10713.172389833631	3000.0	1252.1116799906365	0.0	0	0.0	2965.284069824268	1	0	1.0	2.128947841266504
11359.478187361676	2000.0	1605.8058824625923	0.0	0	0.0	2965.284069824269	1	0	1.0	1.3180176250501745
12084.617168581255	2000.0	1880.6669012430125	0.0	0	0.0	2965.284069824267	1	0	1.0	1.7234827331583393
12879.51298111228	2000.0	2085.7710887119856	0.0	0	0.0	2965.284069824267	1	0	1.0	1.7234827331583393
14001.26126202665	3000.0	1964.022807797618	0.0	0	0.0	2965.284069824267	1	0	1.0	1.7234827331583396
15298.936540380824	3000.0	1666.3475294434418	0.0	0	0.0	2965.284069824267	1	0	1.0	2.128947841266504
16540.491502649304	3000.0	1424.7925671749606	0.0	0	0.0	2965.2840698242653	1	0	1.0	2.128947841266504
17758.80324301801	3000.0	1206.4808268062527	0.0	0	0.0	2965.2840698242635	1	0	1.0	2.1289478412665046
18490.51634210392	3000.0	1474.7677277203397	0.0	0	0.0	2965.2840698242635	1	0	1.0	2.1289478412665046
18971.966170372685	2000.0	1993.3178994515754	0.0	0	0.0	2965.2840698242653	1	0	1.0	1.318017625050175
19759.403125761994	3000.0	2205.8809440622713	0.0	0	0.0	2965.2840698242653	1	0	1.0	1.7234827331583398
20666.42547503264	3000.0	2298.858594791626	0.0	0	0.0	2965.2840698242653	1	0	1.0	2.1289478412665046
22003.80670088775	3000.0	1961.4773689365109	0.0	0	0.0	2965.2840698242653	1	0	1.0	2.1289478412665046
22754.02129944061	3000.0	2211.262770383652	0.0	0	0.0	2965.2840698242653	1	0	1.0	2.1289478412665046
23539.880247703757	3000.0	2425.403822120505	0.0	0	0.0	2965.2840698242617	1	0	1.0	2.128947841266505
24340.02075103404	3000.0	2625.2633187902175	0.0	0	0.0	2965.2840698242617	1	0	1.0	2.128947841266505
25576.951913759534	3000.0	2388.3321560647228	0.0	0	0.0	2965.2840698242617	1	0	1.0	2.128947841266505
26536.522205491205	3000.0	2428.7618643330525	0.0	0	0.0	2965.2840698242617	1	0	1.0	2.128947841266505
27652.2584727097	3000.0	2313.0255971145602	0.0	0	0.0	2965.2840698242653	1	0	1.0	2.1289478412665046
28340.060848890684	3000.0	2625.2232209335725	0.0	0	0.0	2965.2840698242653	1	0	1.0	2.1289478412665046
29374.461969683223	3000.0	2590.822100141028	0.0	0	0.0	2965.2840698242617	1	0	1.0	2.128947841266505
30503.76823320657	3000.0	2461.5158366176815	0.0	0	0.0	2965.2840698242617	1	0	1.0	2.128947841266505
31365.100795376416	3000.0	2600.183274447836	0.0	0	0.0	2965.2840698242617	1	0	1.0	2.128947841266505
34625.89229442015	3000.0	339.39177540409906	0.0	0	0.0	2965.2840698242544	1	0	1.0	2.1289478412665064
35685.06684516187	2000.0	503.5362288024228	223.31900414004122	0	0.0	3188.6030739642993	1	0	1.0	-0.06521427803004198
36527.4813775168	2000.0	661.1216964474926	0.0	0	0.0	3188.603073964303	1	0	1.0	1.6801648549183688
37280.23625148638	2000.0	908.3668224779213	0.0	0	0.0	3188.603073964303	1	0	1.0	1.6801648549183688
37840.96370194555	2000.0	1347.6393720187532	0.0	0	0.0	3188.60307396431	1	0	1.0	1.680164854918367
38386.167509631436	2000.0	1802.4355643328684	0.0	0	0.0	3188.6030739643174	1	0	1.0	1.6801648549183654
38824.78688635442	2000.0	2363.8161876098857	0.0	0	0.0	3188.6030739643174	1	0	1.0	1.6801648549183654
39516.733852212164	3000.0	2671.869221752137	0.0	0	0.0	3188.6030739643174	1	0	1.0	1.6801648549183654
40200.0	3000.0	2988.603073964301	0.0	0	122.97155852099968	3188.6030739643174	1	0	1.0	2.08562996302653
41200.0	3000.0	2988.6030739642997	0.0	0	4.099056459810527	3188.6030739643247	1	0	1.0	2.0856299630265287
42498.533565268444	3000.0	2690.0695086958553	0.0	0	0.0	3188.603073964332	1	0	1.0	2.085629963026527
43200.0	3000.0	2988.603073964297	0.0	0	30.879888645620667	3188.603073964332	1	0	1.0	2.085629963026527
44200.0	3000.0	2988.6030739642974	0.0	0	301.8416013628448	3188.6030739643393	1	0	1.0	2.0856299630265256
45200.0	3000.0	2988.603073964296	0.0	0	31.978832744905958	3188.6030739643465	1	0	1.0	2.0856299630265243
46494.60329039219	3000.0	2693.999783572106	0.0	0	0.0	3188.6030739643465	1	0	1.0	2.0856299630265243
47426.77873065009	3000.0	2761.824343314198	0.0	0	0.0	3188.6030739643465	1	0	1.0	2.0856299630265243
48668.573777771984	3000.0	2520.029296192305	0.0	0	0.0	3188.6030739643393	1	0	1.0	2.0856299630265256
50617.56650455119	3000.0	1571.0365694130871	0.0	0	0.0	3188.603073964332	1	0	1.0	2.085629963026527
51624.992741129354	2000.0	1563.6103328349311	0.0	0	0.0	3188.6030739643247	1	0	1.0	1.2746997468101995
52609.76146753304	2000.0	1578.8416064312462	0.0	0	0.0	3188.6030739643247	1	0	1.0	1.680164854918364
53365.76374865694	2000.0	1822.8393253073552	0.0	0	0.0	3188.6030739643247	1	0	1.0	1.680164854918364
54069.918204376176	2000.0	2118.6848695881117	0.0	0	0.0	3188.603073964332	1	0	1.0	1.6801648549183623
54928.66419781301	2000.0	2259.938876151278	0.0	0	0.0	3188.603073964332	1	0	1.0	1.6801648549183623
55501.59723679807	2000.0	2687.00583716621	0.0	0	0.0	3188.603073964332	1	0	1.0	1.6801648549183623
57456.00153237449	3000.0	1732.6015415897978	0.0	0	0.0	3188.603073964332	1	0	1.0	1.6801648549183625
58626.871136215574	2000.0	1561.7319377487165	0.0	0	0.0	3188.603073964332	1	0	1.0	1.2746997468101977
59987.04001727199	2000.0	1201.5630566922969	0.0	0	0.0	3188.603073964332	1	0	1.0	1.6801648549183623
60950.91880616913	2000.0	1237.6842677951536	0.0	0	0.0	3188.603073964332	1	0	1.0	1.6801648549183623
61968.4535383711	2000.0	1220.1495355931756	0.0	0	0.0	3188.603073964332	1	0	1.0	1.6801648549183623
62994.85106769187	2000.0	1193.7520062724025	0.0	0	0.0	3188.603073964332	1	0	1.0	1.6801648549183623
63989.60867763715	2000.0	1198.994396327117	0.0	0	0.0	3188.6030739643393	1	0	1.0	1.6801648549183605
64813.04881079376	2000.0	1375.5542631704982	0.0	0	0.0	3188.6030739643393	1	0	1.0	1.6801648549183605
65430.14938063826	2000.0	1758.4536933260017	0.0	0	0.0	3188.6030739643393	1	0	1.0	1.6801648549183605
66271.26406800536	2000.0	1917.3390059588978	0.0	0	0.0	3188.603073964332	1	0	1.0	1.6801648549183619
67006.45786253117	2000.0	2182.1452114330777	0.0	0	0.0	3188.603073964332	1	0	1.0	1.6801648549183628
67653.4768097685	3000.0	2535.126264195756	0.0	0	0.0	3188.6030739643393	1	0	1.0	1.6801648549183614
68376.88061071407	3000.0	2811.7224632501757	0.0	0	0.0	3188.603073964332	1	0	1.0	2.085629963026525
69741.76362294109	3000.0	2446.839451023155	0.0	0	0.0	3188.603073964332	1	0	1.0	2.085629963026527
70588.98165406504	3000.0	2599.6214198992093	0.0	0	0.0	3188.603073964332	1	0	1.0	2.085629963026527
71535.37982655592	3000.0	2653.223247408316	0.0	0	0.0	3188.603073964332	1	0	1.0	2.085629963026527
72228.87289154888	3000.0	2959.7301824153633	0.0	0	0.0	3188.603073964332	1	0	1.0	2.085629963026527
73200.0	3000.0	2988.6030739642392	0.0	0	213.89153131091734	3188.603073964332	1	0	1.0	2.085629963026527
74200.0	3000.0	2988.603073964232	0.0	0	70.08323682684568	3188.603073964332	1	0	1.0	2.085629963026527
75242.82721294367	3000.0	2945.775861020558	0.0	0	0.0	3188.603073964332	1	0	1.0	2.085629963026527
76200.0	3000.0	2988.6030739642188	0.0	0	289.6728118818719	3188.603073964332	1	0	1.0	2.085629963026527
77200.0	3000.0	2988.6030739642083	0.0	0	443.0207755867741	3188.603073964332	1	0	1.0	2.085629963026527
78200.0	3000.0	2988.603073964219	0.0	0	275.9700983520306	3188.6030739643465	1	0	1.0	2.0856299630265243
81078.51575986731	3000.0	1110.0873140969065	0.0	0	0.0	3188.6030739643465	1	0	1.0	2.0856299630265243
82692.5357817617	3000.0	496.0672922025175	0.0	0	0.0	3188.6030739643465	1	0	1.0	2.0856299630265243
83456.02227743849	2000.0	732.5807965257212	0.0	0	0.0	3188.6030739643465	1	0	1.0	1.2746997468101946
84621.65637126609	2000.0	566.9467026981183	0.0	0	0.0	3188.6030739643465	1	0	1.0	1.6801648549183592
85525.87115076315	2000.0	662.7319232010552	0.0	0	0.0	3188.6030739643465	1	0	1.0	1.6801648549183592
86217.76219731315	2000.0	970.8408766510635	0.0	0	0.0	3188.6030739643465	1	0	1.0	1.6801648549183592
87260.779270728	2000.0	927.8238032362042	0.0	0	0.0	3188.603073964332	1	0	1.0	1.6801648549183623
87990.51545917249	2000.0	1198.0876147917113	0.0	0	0.0	3188.603073964332	1	0	1.0	1.6801648549183623
88644.763125786	2000.0	1543.8399481781782	0.0	0	0.0	3188.603073964332	1	0	1.0	1.6801648549183623
89512.0775947926	2000.0	1676.5254791715995	0.0	0	0.0	3188.6030739643465	1	0	1.0	1.6801648549183592
90693.0129103365	2000.0	1495.5901636277026	0.0	0	0.0	3188.6030739643465	1	0	1.0	1.6801648549183592
91662.87350685292	2000.0	1525.7295671112756	0.0	0	0.0	3188.6030739643465	1	0	1.0	1.6801648549183592
92543.73073320091	2000.0	1644.8723407632867	0.0	0	0.0	3188.6030739643465	1	0	1.0	1.6801648549183592
94258.60577461199	2000.0	929.9972993521833	0.0	0	0.0	3188.6030739643465	1	0	1.0	1.6801648549183592
95098.02973466419	1000.0	1090.5733392999855	0.0	0	0.0	3188.6030739643465	1	0	1.0	0.29387049379846886
96023.6363862552	2000.0	1164.9666877089842	0.0	0	0.0	3188.603073964361	1	0	1.0	0.987017674358411
96773.85499494319	2000.0	1414.7480790209881	0.0	0	0.0	3188.603073964361	1	0	1.0	1.680164854918356
97543.43271754985	2000.0	1645.1703564143302	0.0	0	0.0	3188.6030739643757	1	0	1.0	1.680164854918353
98179.45755684597	2000.0	2009.1455171182133	0.0	0	0.0	3188.60307396439	1	0	1.0	1.6801648549183499
99102.749859464	2000.0	2085.8532145001773	0.0	0	0.0	3188.6030739643757	1	0	1.0	1.680164854918353
99986.88032279465	2000.0	2201.722751169541	0.0	0	0.0	3188.6030739643757	1	0	1.0	1.680164854918353
100670.8818035874	2000.0	2517.7212703767905	0.0	0	0.0	3188.603073964361	1	0	1.0	1.680164854918356
101890.90301072979	3000.0	2297.7000632344048	0.0	0	0.0	3188.6030739643465	1	0	1.0	1.6801648549183594
102793.85767187284	3000.0	2394.7454020913515	0.0	0	0.0	3188.6030739643465	1	0	1.0	2.0856299630265243
103887.19140736552	3000.0	2301.4116665986653	0.0	0	0.0	3188.6030739643465	1	0	1.0	2.0856299630265243
105057.87264570656	3000.0	2130.730428257609	0.0	0	0.0	3188.6030739643465	1	0	1.0	2.0856299630265243
106157.90923775431	3000.0	2030.6938362098467	0.0	0	0.0	3188.6030739643465	1	0	1.0	2.0856299630265243
107402.28423180465	3000.0	1786.3188421595162	0.0	0	0.0	3188.603073964361	1	0	1.0	2.085629963026521
108573.465931761	3000.0	1615.1371422031523	0.0	0	0.0	3188.603073964361	1	0	1.0	2.085629963026521
109456.08815539934	3000.0	1732.5149185648227	0.0	0	0.0	3188.603073964361	1	0	1.0	2.085629963026521
110126.72985798412	2000.0	2061.873215980045	0.0	0	0.0	3188.603073964361	1	0	1.0	1.2746997468101915
111060.1184372366	3000.0	2128.4846367275695	0.0	0	0.0	3188.603073964361	1	0	1.0	1.6801648549183563
112085.18540701988	3000.0	2103.4176669442813	0.0	0	0.0	3188.603073964361	1	0	1.0	2.085629963026521
113119.68271080895	3000.0	2068.920363155183	0.0	0	0.0	3188.603073964361	1	0	1.0	2.085629963026521
113950.84335889849	3000.0	2237.7597150656325	0.0	0	0.0	3188.603073964361	1	0	1.0	2.085629963026521
115237.43570631405	3000.0	1951.1673676500893	0.0	0	0.0	3188.603073964361	1	0	1.0	2.085629963026521
116357.78166722771	3000.0	1830.8214067364186	0.0	0	0.0	3188.603073964361	1	0	1.0	2.085629963026521
117248.527340912	3000.0	1940.0757330521235	0.0	0	0.0	3188.603073964361	1	0	1.0	2.085629963026521
118508.0817572605	3000.0	1680.5213167036118	0.0	0	0.0	3188.603073964361	1	0	1.0	2.085629963026521
119335.6219935692	2000.0	1852.981080394901	0.0	0	0.0	3188.603073964361	1	0	1.0	1.2746997468101915
120452.16375251653	3000.0	1736.4393214475772	0.0	0	0.0	3188.603073964361	1	0	1.0	1.6801648549183563
121798.18614347257	3000.0	1390.4169304915463	0.0	0	0.0	3188.603073964361	1	0	1.0	2.085629963026521
122897.4398985035	3000.0	1291.1631754606228	0.0	0	0.0	3188.603073964361	1	0	1.0	2.085629963026521
123624.56717697234	2000.0	1564.035896991772	0.0	0	0.0	3188.603073964361	1	0	1.0	1.2746997468101915
124223.22704880059	2000.0	1965.3760251635326	0.0	0	0.0	3188.603073964361	1	0	1.0	1.680164854918356
124794.77393890826	2000.0	2393.8291350558584	0.0	0	0.0	3188.603073964361	1	0	1.0	1.680164854918356
125797.5275555443	2000.0	2391.075518419829	0.0	0	0.0	3188.603073964361	1	0	1.0	1.680164854918356
126816.8821496266	2000.0	2371.720924337532	0.0	0	0.0	3188.603073964361	1	0	1.0	1.680164854918356
127955.33574141866	3000.0	2233.26733254547	0.0	0	0.0	3188.603073964361	1	0	1.0	1.6801648549183563
129024.83927677626	3000.0	2163.763797187871	0.0	0	0.0	3188.603073964361	1	0	1.0	2.085629963026521
130398.85354214354	3000.0	1789.7495318205886	0.0	0	0.0	3188.603073964361	1	0	1.0	2.085629963026521
131469.74116123788	3000.0	1718.8619127262427	0.0	0	0.0	3188.603073964361	1	0	1.0	2.0856299630265216
132188.65347601695	3000.0	1999.9495979472174	0.0	0	0.0	3188.6030739644048	1	0	1.0	2.085629963026517
133172.22678292438	3000.0	2016.3762910397713	0.0	0	0.0	3188.60307396439	1	0	1.0	2.085629963026511
133911.53468468168	3000.0	2277.068389282473	0.0	0	0.0	3188.60307396439	1	0	1.0	2.085629963026515
135047.46102623933	3000.0	2141.142047724833	0.0	0	0.0	3188.60307396439	1	0	1.0	2.0856299630265145
136195.09008912553	3000.0	1993.5129848386148	0.0	0	0.0	3188.6030739644193	1	0	1.0	2.0856299630265083
137404.0522562869	3000.0	1784.5508176772291	0.0	0	0.0	3188.60307396439	1	0	1.0	2.0856299630265145
138680.34961447303	3000.0	1508.2534594910944	0.0	0	0.0	3188.60307396439	1	0	1.0	2.0856299630265145
139950.8354382915	3000.0	1237.7676356726129	0.0	0	0.0	3188.60307396439	1	0	1.0	2.0856299630265145
140754.625740422	2000.0	1433.977333542143	0.0	0	0.0	3188.60307396439	1	0	1.0	1.2746997468101853
141525.58447049605	2000.0	1663.0186034680753	0.0	0	0.0	3188.6030739644193	1	0	1.0	1.6801648549183437
142446.77011869813	2000.0	1741.8329552659936	0.0	0	0.0	3188.6030739644193	1	0	1.0	1.6801648549183437
143918.52426413773	2000.0	1270.078809826391	0.0	0	0.0	3188.6030739644193	1	0	1.0	1.6801648549183437
145266.22746488516	2000.0	922.3756090789359	0.0	0	0.0	3188.6030739644193	1	0	1.0	1.6801648549183437
145928.81057612182	2000.0	1259.7924978422775	0.0	0	0.0	3188.6030739644193	1	0	1.0	1.6801648549183437
146548.45440937782	2000.0	1640.148664586285	0.0	0	0.0	3188.6030739644484	1	0	1.0	1.6801648549183374
147668.55867340375	2000.0	1520.0444005603772	0.0	0	0.0	3188.6030739644484	1	0	1.0	1.6801648549183374
148549.26700161715	2000.0	1639.3360723470123	0.0	0	0.0	3188.6030739644775	1	0	1.0	1.6801648549183312
149085.3903180378	2000.0	2103.212755926327	0.0	0	0.0	3188.6030739644484	1	0	1.0	1.6801648549183374
150199.93244280037	2000.0	1988.6706311637085	0.0	0	0.0	3188.6030739644193	1	0	1.0	1.6801648549183386
151112.54208108655	2000.0	2076.060992877544	0.0	0	0.0	3188.6030739644193	1	0	1.0	1.6801648549183437
152030.52030856197	3000.0	2158.0827654021423	0.0	0	0.0	3188.6030739644193	1	0	1.0	1.6801648549183439
152773.17791862006	2000.0	2415.4251553440695	0.0	0	0.0	3188.6030739644484	1	0	1.0	1.2746997468101728
153777.76993053796	3000.0	2410.833143426178	0.0	0	0.0	3188.6030739644193	1	0	1.0	1.6801648549183439
154544.5294854446	3000.0	2644.073588519527	0.0	0	0.0	3188.6030739644193	1	0	1.0	2.0856299630265083
155303.43171004573	3000.0	2885.171363918416	0.0	0	0.0	3188.6030739644193	1	0	1.0	2.0856299630265083
156200.0	3000.0	2988.6030739641265	0.0	0	21.05946990373195	3188.60307396439	1	0	1.0	2.0856299630265145
157846.4446319938	3000.0	2342.158441970312	0.0	0	0.0	3188.60307396439	1	0	1.0	2.0856299630265145
159706.47481943225	3000.0	1482.1282545318936	0.0	0	0.0	3188.60307396439	1	0	1.0	2.0856299630265145
160473.7141209381	2000.0	1714.8889530260399	0.0	0	0.0	3188.603073964361	1	0	1.0	1.2746997468101915
161262.76971070256	2000.0	1925.8333632615627	0.0	0	0.0	3188.603073964361	1	0	1.0	1.680164854918356
161802.19240844797	2000.0	2386.410665516154	0.0	0	0.0	3188.603073964361	1	0	1.0	1.680164854918356
162620.01359163396	3000.0	2568.5894823301633	0.0	0	0.0	3188.603073964361	1	0	1.0	1.6801648549183563
163531.19593642422	3000.0	2657.407137539912	0.0	0	0.0	3188.603073964332	1	0	1.0	2.085629963026522
165331.8780346155	3000.0	1856.7250393486438	0.0	0	0.0	3188.603073964361	1	0	1.0	2.085629963026522
166119.53608613397	3000.0	2069.06698783016	0.0	0	0.0	3188.603073964361	1	0	1.0	2.085629963026521
167156.02797624178	3000.0	2032.5750977223684	0.0	0	0.0	3188.60307396439	1	0	1.0	2.0856299630265145
168079.7373521891	3000.0	2108.865721775009	0.0	0	0.0	3188.603073964361	1	0	1.0	2.085629963026521
168880.02448028163	3000.0	2308.578593682483	0.0	0	0.0	3188.60307396439	1	0	1.0	2.0856299630265145
169921.56913039033	3000.0	2267.033943573776	0.0	0	0.0	3188.6030739644193	1	0	1.0	2.085629963026511
170778.76395441315	3000.0	2409.839119550911	0.0	0	0.0	3188.6030739644193	1	0	1.0	2.0856299630265083
171576.3056423742	3000.0	2612.297431589853	0.0	0	0.0	3188.6030739644193	1	0	1.0	2.0856299630265083
172429.02800680452	3000.0	2759.575067159552	0.0	0	0.0	3188.6030739644193	1	0	1.0	2.0856299630265083
173563.1890044526	3000.0	2625.4140695114597	0.0	0	0.0	3188.60307396439	1	0	1.0	2.0856299630265096
174915.6950159498	3000.0	2272.9080580142845	0.0	0	0.0	3188.603073964361	1	0	1.0	2.0856299630265185
175991.12931123664	3000.0	2197.4737627274203	0.0	0	0.0	3188.603073964332	1	0	1.0	2.085629963026527
176621.82332363207	3000.0	2566.7797503320094	0.0	0	0.0	3188.603073964332	1	0	1.0	2.085629963026527
177200.0	3000.0	2988.6030739640782	0.0	0	18.91067499050405	3188.603073964332	1	0	1.0	2.085629963026527
178200.0	3000.0	2988.6030739640983	0.0	0	284.71155826197355	3188.603073964332	1	0	1.0	2.085629963026527
179200.0	3000.0	2988.6030739641315	0.0	0	293.2586683468253	3188.603073964361	1	0	1.0	2.085629963026521
180414.41385380618	3000.0	2774.1892201579594	0.0	0	0.0	3188.603073964332	1	0	1.0	2.085629963026527
182082.05070206537	3000.0	2106.5523718987524	0.0	0	0.0	3188.603073964332	1	0	1.0	2.085629963026527
184298.03730381746	2000.0	890.565770146646	0.0	0	0.0	3188.603073964303	1	0	1.0	1.2746997468102041
185027.10692509694	2000.0	1161.4961488671806	0.0	0	0.0	3188.603073964332	1	0	1.0	1.6801648549183623
185784.4077808614	2000.0	1404.195293102707	0.0	0	0.0	3188.603073964332	1	0	1.0	1.6801648549183623
186433.95835559184	2000.0	1754.6447183722207	0.0	0	0.0	3188.603073964332	1	0	1.0	1.6801648549183623
187034.09357538936	2000.0	2154.509498574703	0.0	0	0.0	3188.603073964332	1	0	1.0	1.6801648549183623
187623.77891495722	2000.0	2564.8241590068465	0.0	0	0.0	3188.603073964303	1	0	1.0	1.6801648549183663
188232.87601715536	3000.0	2955.727056808699	0.0	0	0.0	3188.603073964274	1	0	1.0	1.680164854918375
189200.0	3000.0	2988.6030739640646	0.0	0	421.9918677416281	3188.603073964303	1	0	1.0	2.0856299630265336
190200.0	3000.0	2988.603073964089	0.0	0	134.69375474003027	3188.603073964303	1	0	1.0	2.0856299630265336
191203.96076938955	3000.0	2984.6423045745382	0.0	0	0.0	3188.603073964274	1	0	1.0	2.0856299630265394
192200.0	3000.0	2988.603073964084	0.0	0	176.86657243751688	3188.6030739642447	1	0	1.0	2.0856299630265456
193200.0	3000.0	2988.6030739640923	0.0	0	195.51033464251668	3188.603073964274	1	0	1.0	2.0856299630265394
194200.0	3000.0	2988.6030739641205	0.0	0	255.97657483283547	3188.603073964303	1	0	1.0	2.0856299630265336
195629.1628148692	3000.0	2559.4402590949185	0.0	0	0.0	3188.603073964303	1	0	1.0	2.0856299630265385
197164.41736138274	3000.0	2024.1857125813879	0.0	0	0.0	3188.603073964303	1	0	1.0	2.0856299630265336
198097.7595927222	3000.0	2090.8434812419387	0.0	0	0.0	3188.603073964303	1	0	1.0	2.0856299630265336
199731.05129175374	3000.0	1457.5517822103955	0.0	0	0.0	3188.603073964332	1	0	1.0	2.085629963026527
201023.4279329952	2000.0	1165.175140968919	0.0	0	0.0	3188.603073964332	1	0	1.0	1.2746997468101977
202199.3897184299	2000.0	989.2133555341592	0.0	0	0.0	3188.603073964332	1	0	1.0	1.6801648549183623
202919.22167685567	2000.0	1269.3813971084417	0.0	0	0.0	3188.603073964361	1	0	1.0	1.680164854918356
203535.6198553598	2000.0	1652.983218604291	0.0	0	0.0	3188.603073964361	1	0	1.0	1.680164854918356
204177.39031320356	2000.0	2011.2127607605241	0.0	0	0.0	3188.603073964361	1	0	1.0	1.680164854918356
205074.33780587322	2000.0	2114.2652680908664	0.0	0	0.0	3188.60307396439	1	0	1.0	1.6801648549183499
206098.0119719742	2000.0	2090.5911019899127	0.0	0	0.0	3188.60307396439	1	0	1.0	1.6801648549183499
207847.20418325247	2000.0	1341.398890711628	0.0	0	0.0	3188.6030739644193	1	0	1.0	1.6801648549183437
209472.89890257423	2000.0	715.7041713898352	0.0	0	0.0	3188.6030739644193	1	0	1.0	1.6801648549183437
210419.51287818208	2000.0	769.090195781997	0.0	0	0.0	3188.6030739644193	1	0	1.0	1.6801648549183437
211189.86978072763	2000.0	998.7332932364641	0.0	0	0.0	3188.6030739644193	1	0	1.0	1.6801648549183437
211997.97281219784	2000.0	1190.6302617662336	0.0	0	0.0	3188.60307396439	1	0	1.0	1.6801648549183499
212632.27166794857	2000.0	1556.3314060155299	0.0	0	0.0	3188.60307396439	1	0	1.0	1.6801648549183499
213352.51768347828	2000.0	1836.085390485813	0.0	0	0.0	3188.60307396439	1	0	1.0	1.6801648549183499
214053.83614624463	2000.0	2134.7669277194655	0.0	0	0.0	3188.60307396439	1	0	1.0	1.6801648549183499
214942.11359475038	2000.0	2246.489479213739	0.0	0	0.0	3188.603073964361	1	0	1.0	1.6801648549183548
215741.92175988946	2000.0	2446.681314074645	0.0	0	0.0	3188.60307396439	1	0	1.0	1.6801648549183525
216747.2904210388	3000.0	2441.312652925281	0.0	0	0.0	3188.603073964361	1	0	1.0	1.6801648549183563
217912.46503812028	3000.0	2276.138035843813	0.0	0	0.0	3188.60307396439	1	0	1.0	2.085629963026517
219206.40629090057	3000.0	1982.1967830635024	0.0	0	0.0	3188.60307396439	1	0	1.0	2.0856299630265145
220006.22081447637	3000.0	2182.382259487663	0.0	0	0.0	3188.603073964361	1	0	1.0	2.085629963026521
220686.7818487389	3000.0	2501.8212252251537	0.0	0	0.0	3188.603073964361	1	0	1.0	2.085629963026521
221494.5957103124	3000.0	2694.0073636516427	0.0	0	0.0	3188.603073964361	1	0	1.0	2.085629963026521
222647.71270641682	3000.0	2540.89036754721	0.0	0	0.0	3188.603073964361	1	0	1.0	2.085629963026521
223983.14933903093	3000.0	2205.4537349330994	0.0	0	0.0	3188.60307396439	1	0	1.0	2.085629963026516
224793.36333430954	3000.0	2395.2397396544416	0.0	0	0.0	3188.603073964361	1	0	1.0	2.08562996302652
225617.9419415987	3000.0	2570.661132365324	0.0	0	0.0	3188.60307396439	1	0	1.0	2.0856299630265145
226260.59968245018	3000.0	2928.00339151383	0.0	0	0.0	3188.60307396439	1	0	1.0	2.0856299630265145
227239.95621301435	3000.0	2948.646860949655	0.0	0	0.0	3188.6030739644193	1	0	1.0	2.0856299630265083
229460.29441326475	3000.0	1728.3086606992601	0.0	0	0.0	3188.6030739644193	1	0	1.0	2.0856299630265083
231144.3883488155	3000.0	1044.2147251485121	0.0	0	0.0	3188.60307396439	1	0	1.0	2.0856299630265145
232051.17792058366	2000.0	1137.4251533803586	0.0	0	0.0	3188.60307396439	1	0	1.0	1.2746997468101853
232948.7091460193	2000.0	1239.8939279447275	0.0	0	0.0	3188.603073964361	1	0	1.0	1.680164854918356
234181.72068354033	2000.0	1006.8823904237094	0.0	0	0.0	3188.60307396439	1	0	1.0	1.6801648549183499
235066.0809446568	2000.0	1122.522129307277	0.0	0	0.0	3188.60307396439	1	0	1.0	1.6801648549183499
235816.25263464826	2000.0	1372.3504393158269	0.0	0	0.0	3188.6030739644193	1	0	1.0	1.6801648549183448
236492.58631615544	2000.0	1696.0167578086696	0.0	0	0.0	3188.6030739644193	1	0	1.0	1.6801648549183437
237395.78961220116	2000.0	1792.8134617629353	0.0	0	0.0	3188.6030739644193	1	0	1.0	1.6801648549183437
238460.35184083454	2000.0	1728.2512331295866	0.0	0	0.0	3188.6030739644193	1	0	1.0	1.6801648549183437
239622.7322853319	2000.0	1565.8707886322334	0.0	0	0.0	3188.6030739644193	1	0	1.0	1.6801648549183437
240881.8774198468	2000.0	1306.7256541173351	0.0	0	0.0	3188.603073964361	1	0	1.0	1.6801648549183534
242259.16696798705	2000.0	929.4361059770579	0.0	0	0.0	3188.603073964361	1	0	1.0	1.680164854918356
243827.1527002259	2000.0	361.45037373817456	0.0	0	0.0	3188.603073964361	1	0	1.0	1.680164854918356
244908.58623647934	2000.0	428.6810277657295	148.66419028098056	0	0.0	3337.267264245369	1	0	1.0	0.7541911052941385
245812.34071967346	2000.0	628.4645533460283	103.53800877441165	0	0.0	3440.805273019767	1	0	1.0	0.9985376300271527
246675.06838716866	2000.0	765.7368858508215	0.0	0	0.0	3440.805273019767	1	0	1.0	1.6197656826736226
247309.8305438556	2000.0	1130.9747291638714	0.0	0	0.0	3440.805273019796	1	0	1.0	1.6197656826736149
248288.87108393764	2000.0	1151.9341890818637	0.0	0	0.0	3440.805273019796	1	0	1.0	1.6197656826736149
249167.28211426118	2000.0	1273.5231587583705	0.0	0	0.0	3440.805273019796	1	0	1.0	1.6197656826736149
250015.51989996497	2000.0	1425.2853730545821	0.0	0	0.0	3440.805273019796	1	0	1.0	1.6197656826736149
250854.1447605578	2000.0	1586.660512461736	0.0	0	0.0	3440.805273019796	1	0	1.0	1.6197656826736149
251645.06954691446	2000.0	1795.735726105091	0.0	0	0.0	3440.805273019796	1	0	1.0	1.6197656826736149
252201.79990488995	2000.0	2239.005368129606	0.0	0	0.0	3440.805273019825	1	0	1.0	1.6197656826736073
252924.67230708798	2000.0	2516.1329659315775	0.0	0	0.0	3440.805273019854	1	0	1.0	1.6197656826735993
253828.2617290201	3000.0	2612.543543999469	0.0	0	0.0	3440.805273019854	1	0	1.0	1.6197656826735995
255004.34438482203	3000.0	2436.460888197523	0.0	0	0.0	3440.805273019854	1	0	1.0	2.025230790781764
256160.98189037075	3000.0	2279.8233826488	0.0	0	0.0	3440.8052730198833	1	0	1.0	2.0252307907817566
257588.99082979088	3000.0	1851.8144432286929	0.0	0	0.0	3440.8052730199124	1	0	1.0	2.0252307907817486
258601.20059150696	3000.0	1839.6046815126097	0.0	0	0.0	3440.8052730199415	1	0	1.0	2.025230790781741
259865.37220035415	3000.0	1575.4330726654284	0.0	0	0.0	3440.8052730199415	1	0	1.0	2.025230790781741
260649.37496835412	3000.0	1791.4303046654434	0.0	0	0.0	3440.8052730199415	1	0	1.0	2.025230790781741
261387.64578329196	3000.0	2053.159489727607	0.0	0	0.0	3440.8052730199415	1	0	1.0	2.025230790781741
262175.4145422222	3000.0	2265.3907307973477	0.0	0	0.0	3440.8052730199415	1	0	1.0	2.025230790781741
263403.7805511175	3000.0	2037.0247219020346	0.0	0	0.0	3440.8052730199706	1	0	1.0	2.025230790781733
264696.52873552137	3000.0	1744.2765374981188	0.0	0	0.0	3440.8052730199415	1	0	1.0	2.0252307907817344
266020.5468821149	3000.0	1420.2583909045309	0.0	0	0.0	3440.8052730198833	1	0	1.0	2.0252307907817517
266802.1190843929	2000.0	1638.6861886265133	0.0	0	0.0	3440.8052730198833	1	0	1.0	1.2143005745654272
267433.9991161874	2000.0	2006.8061568320616	0.0	0	0.0	3440.8052730198833	1	0	1.0	1.6197656826735918
268298.2387678504	3000.0	2142.5665051690507	0.0	0	0.0	3440.8052730198833	1	0	1.0	1.619765682673592
269042.4102220194	3000.0	2398.395051000014	0.0	0	0.0	3440.8052730199415	1	0	1.0	2.025230790781741
269794.58214444754	3000.0	2646.223128571871	0.0	0	0.0	3440.8052730199415	1	0	1.0	2.025230790781741
270790.776814125	3000.0	2650.0284588943705	0.0	0	0.0	3440.8052730198833	1	0	1.0	2.0252307907817504
271625.65435878135	3000.0	2815.150914238034	0.0	0	0.0	3440.8052730198833	1	0	1.0	2.0252307907817566
272948.2368613398	3000.0	2492.568411679491	0.0	0	0.0	3440.8052730198833	1	0	1.0	2.0252307907817566
274070.4009126657	3000.0	2370.4043603536284	0.0	0	0.0	3440.805273019825	1	0	1.0	2.0252307907817717
275126.26203349326	3000.0	2314.5432395260787	0.0	0	0.0	3440.805273019825	1	0	1.0	2.0252307907817717
276057.13816043717	3000.0	2383.667112582181	0.0	0	0.0	3440.805273019825	1	0	1.0	2.0252307907817717
277110.55514767696	3000.0	2330.2501253423784	0.0	0	0.0	3440.805273019825	1	0	1.0	2.0252307907817717
278562.09760255663	3000.0	1878.7076704627061	0.0	0	0.0	3440.805273019825	1	0	1.0	2.0252307907817717
279759.23857084505	3000.0	1681.5667021743343	0.0	0	0.0	3440.805273019825	1	0	1.0	2.0252307907817717
280645.242037015	3000.0	1795.5632360044065	0.0	0	0.0	3440.805273019825	1	0	1.0	2.0252307907817717
281508.9764658178	3000.0	1931.8288072015898	0.0	0	0.0	3440.805273019825	1	0	1.0	2.0252307907817717
282282.2882715122	3000.0	2158.51700150711	0.0	0	0.0	3440.805273019825	1	0	1.0	2.0252307907817717
283661.515839581	3000.0	1779.289433438319	0.0	0	0.0	3440.805273019825	1	0	1.0	2.0252307907817717
284651.5843466213	3000.0	1789.2209263980508	0.0	0	0.0	3440.805273019825	1	0	1.0	2.0252307907817717
285775.9572868634	3000.0	1664.8479861559467	0.0	0	0.0	3440.805273019825	1	0	1.0	2.0252307907817717
286596.57030647015	3000.0	1844.2349665492445	0.0	0	0.0	3440.805273019825	1	0	1.0	2.0252307907817717
287979.332373027	3000.0	1461.472899992361	0.0	0	0.0	3440.805273019825	1	0	1.0	2.0252307907817717
288581.8745091751	2000.0	1858.9307638443343	0.0	0	0.0	3440.8052730198833	1	0	1.0	1.2143005745654272
289435.20745979843	2000.0	2005.5978132209434	0.0	0	0.0	3440.805273019825	1	0	1.0	1.6197656826736073
290412.3794052931	3000.0	2028.4258677263176	0.0	0	0.0	3440.805273019825	1	0	1.0	1.619765682673607
291908.6414675369	3000.0	1532.1638054825191	0.0	0	0.0	3440.805273019767	1	0	1.0	2.0252307907817872
293682.12475072034	2000.0	758.680522299089	0.0	0	0.0	3440.805273019767	1	0	1.0	1.214300574565458
294705.02629727864	2000.0	735.7789757407962	0.0	0	0.0	3440.805273019767	1	0	1.0	1.6197656826736226
295361.9265921889	2000.0	1078.878680830549	0.0	0	0.0	3440.8052730197087	1	0	1.0	1.6197656826736382
296154.04873346916	2000.0	1286.7565395503104	0.0	0	0.0	3440.8052730197087	1	0	1.0	1.6197656826736382
297052.4946292067	2000.0	1388.3106438127554	0.0	0	0.0	3440.8052730197087	1	0	1.0	1.6197656826736382
297625.8652938683	2000.0	1814.9399791511858	0.0	0	0.0	3440.8052730197087	1	0	1.0	1.6197656826736382
298398.7873061765	2000.0	2042.0179668429685	0.0	0	0.0	3440.805273019767	1	0	1.0	1.6197656826736226
299634.3102315317	2000.0	1806.4950414878183	0.0	0	0.0	3440.805273019767	1	0	1.0	1.6197656826736226
300564.23868990433	2000.0	1876.5665831152285	0.0	0	0.0	3440.805273019767	1	0	1.0	1.6197656826736104
301291.2360053415	2000.0	2149.569267678041	0.0	0	0.0	3440.805273019767	1	0	1.0	1.6197656826736226
301998.95305616525	2000.0	2441.852216854289	0.0	0	0.0	3440.8052730197087	1	0	1.0	1.6197656826736382
303064.22437977867	3000.0	2376.580893240817	0.0	0	0.0	3440.8052730197087	1	0	1.0	1.6197656826736382
4.210622222222222	4.4866222222222225	2.6146222222222226	1.1506222222222222	1.1266222222222222	2.026622222222222	2.626622222222222	3.106622222222222	3.7066222222222223	3.634622222222222	2.2306222222222223	2.2186222222222223	3.010622222222222	3.2866222222222223	4.126622222222222	4.294622222222222	2.758622222222222	3.4186222222222225	4.378622222222223	2.8186222222222224	2.7706222222222223	3.1786222222222222	3.526622222222222	4.714622222222221	3.3706222222222224	2.998622222222222	3.058622222222222	1.7866222222222223	0.8146222222222224	0.6946222222222223	1.5826222222222224	2.578622222222222	3.094622222222222	3.070622222222222	3.8866222222222224	5.170622222222222	3.2506222222222223	2.854622222222222	3.3226222222222224	4.294622222222222	4.246622222222222	1.5706222222222224	2.4466222222222225	2.6386222222222226	2.72	1.53	1.93	1.92	2.11	2.5	2.88	2.4	1.27	1.52	1.27	1.8	2.49	2.32	2.44	3.15	2.58	2.5	3.56	4.08	2.28	2.83	3.74	4.47	2.66	2.59	3.51	4.33	4.74	2.65	0.8799999999999999	1.09	1.74	2.71	2.8	2.1	2.15	2.42	2.4	2.77	1.97	1.82	1.92	1.96	1.4	1.22	1.76	1.83	2.698782608695652	2.764782608695652	2.8267826086956522	2.816782608695652	2.942782608695652	2.848782608695652	2.804782608695652	2.912782608695652	2.934782608695652	2.770782608695652	2.800782608695652	2.860782608695652	3.028782608695652	3.1847826086956523	3.3707826086956523	3.408782608695652	2.8787826086956523	2.682782608695652	2.626782608695652	2.750782608695652	2.900782608695652	3.0727826086956522	3.272782608695652	3.3387826086956522	3.030782608695652	2.824782608695652	2.692782608695652	2.812782608695652	2.8427826086956522	2.708782608695652	2.876782608695652	2.780782608695652	2.742782608695652	2.934782608695652	3.1327826086956523	3.280782608695652	3.456782608695652	2.914782608695652	2.906782608695652	2.828782608695652	2.920782608695652	2.844782608695652	2.976782608695652	2.956782608695652	3.086782608695652	2.884782608695652	1.3981818181818184	1.290181818181818	2.094181818181818	2.538181818181818	1.8181818181818181	2.814181818181818	2.934181818181818	1.554181818181818	3.018181818181818	2.466181818181818	3.474181818181818	3.154622222222222	4.210622222222222	4.4866222222222225	2.6146222222222226	1.1506222222222222	1.1266222222222222	2.026622222222222	2.626622222222222	3.106622222222222	3.7066222222222223	3.634622222222222	2.2306222222222223	2.2186222222222223	3.010622222222222	3.2866222222222223	4.126622222222222	4.294622222222222	2.758622222222222	3.4186222222222225	4.378622222222223	2.8186222222222224	2.7706222222222223	3.1786222222222222	3.526622222222222	4.714622222222221	3.3706222222222224	2.998622222222222	3.058622222222222	1.7866222222222223	0.8146222222222224	0.6946222222222223	1.5826222222222224	2.578622222222222	3.094622222222222	3.070622222222222	3.8866222222222224	5.170622222222222	3.2506222222222223	2.854622222222222	3.3226222222222224	4.294622222222222	4.246622222222222	1.5706222222222224	2.4466222222222225	2.6386222222222226	2.72	1.53	1.93	1.92	2.11	2.5	2.88	2.4	1.27	1.52	1.27	1.8	2.49	2.32	2.44	3.15	2.58	2.5	3.56	4.08	2.28	2.83	3.74	4.47	2.66	2.59	3.51	4.33	4.74	2.65	0.8799999999999999	1.09	1.74	2.71	2.8	2.1	2.15	2.42	2.4	2.77	1.97	1.82	1.92	1.96	1.4	1.22	1.76	1.83	2.698782608695652	2.764782608695652	2.8267826086956522	2.816782608695652	2.942782608695652	2.848782608695652	2.804782608695652	2.912782608695652	2.934782608695652	2.770782608695652	2.800782608695652	2.860782608695652	3.028782608695652	3.1847826086956523	3.3707826086956523	3.408782608695652	2.8787826086956523	2.682782608695652	2.626782608695652	2.750782608695652	2.900782608695652	3.0727826086956522	3.272782608695652	3.3387826086956522	3.030782608695652	2.824782608695652	2.692782608695652	2.812782608695652	2.8427826086956522	2.708782608695652	2.876782608695652	2.780782608695652	2.742782608695652	2.934782608695652	3.1327826086956523	3.280782608695652	3.456782608695652	2.914782608695652	2.906782608695652	2.828782608695652	2.920782608695652	2.844782608695652	2.976782608695652	2.956782608695652	3.086782608695652	2.884782608695652	1.3981818181818184	1.290181818181818	2.094181818181818	2.538181818181818	1.8181818181818181	2.814181818181818	2.934181818181818	1.554181818181818	3.018181818181818	2.466181818181818	3.474181818181818	3.154622222222222	4.210622222222222	4.4866222222222225	2.6146222222222226
1.0	2.0	3.0	4.0	5.0	6.0	7.0	8.0	9.0	10.0	11.0	12.0	13.0	14.0	15.0	16.0	17.0	18.0	19.0	20.0	21.0	22.0	23.0	24.0	25.0	26.0	27.0	28.0	29.0	30.0	31.0	32.0	33.0	34.0	35.0	36.0	37.0	38.0	39.0	40.0	41.0	42.0	43.0	44.0	45.0	46.0	47.0	48.0	49.0	50.0	51.0	52.0	53.0	54.0	55.0	56.0	57.0	58.0	59.0	60.0	61.0	62.0	63.0	64.0	65.0	66.0	67.0	68.0	69.0	70.0	71.0	72.0	73.0	74.0	75.0	76.0	77.0	78.0	79.0	80.0	81.0	82.0	83.0	84.0	85.0	86.0	87.0	88.0	89.0	90.0	91.0	92.0	93.0	94.0	95.0	96.0	97.0	98.0	99.0	100.0	101.0	102.0	103.0	104.0	105.0	106.0	107.0	108.0	109.0	110.0	111.0	112.0	113.0	114.0	115.0	116.0	117.0	118.0	119.0	120.0	121.0	122.0	123.0	124.0	125.0	126.0	127.0	128.0	129.0	130.0	131.0	132.0	133.0	134.0	135.0	136.0	137.0	138.0	139.0	140.0	141.0	142.0	143.0	144.0	145.0	146.0	147.0	148.0	149.0	149.0	150.0	151.0	152.0	153.0	154.0	155.0	156.0	157.0	158.0	159.0	160.0	161.0	162.0	163.0	164.0	165.0	166.0	167.0	168.0	169.0	170.0	171.0	172.0	173.0	174.0	175.0	176.0	177.0	178.0	179.0	180.0	181.0	182.0	183.0	184.0	185.0	186.0	187.0	188.0	189.0	190.0	191.0	192.0	193.0	194.0	195.0	196.0	197.0	198.0	199.0	200.0	201.0	202.0	203.0	204.0	205.0	206.0	207.0	208.0	209.0	210.0	211.0	212.0	213.0	214.0	215.0	216.0	217.0	218.0	219.0	220.0	221.0	222.0	223.0	224.0	225.0	226.0	227.0	228.0	229.0	230.0	231.0	232.0	233.0	234.0	235.0	236.0	237.0	238.0	239.0	240.0	241.0	242.0	243.0	244.0	245.0	246.0	247.0	248.0	249.0	250.0	251.0	252.0	253.0	254.0	255.0	256.0	257.0	258.0	259.0	260.0	261.0	262.0	263.0	264.0	265.0	266.0	267.0	268.0	269.0	270.0	271.0	272.0	273.0	274.0	275.0	276.0	277.0	278.0	279.0	280.0	281.0	282.0	283.0	284.0	285.0	286.0	287.0	288.0	289.0	290.0	291.0	292.0	293.0	294.0	295.0	296.0	297.0	298.0	298.0	299.0	300.0	301.0
4498.299735368628
