2865.788365800208	1000.0	2000.0	327.8604976017508	0	0.0	2865.788365800208	1	0	1.0	-2.1124649689073998
3703.446918111419	3000.0	2162.341447688789	0.0	0	0.0	2865.788365800208	1	0	1.0	1.0469916530140326
4857.153100393576	3000.0	2008.635265406631	0.0	0	0.0	2865.7883658002074	1	0	1.0	2.1456039416821424
5658.140126079931	3000.0	2207.6482397202763	0.0	0	0.0	2865.788365800208	1	0	1.0	2.1456039416821424
6804.871171540334	3000.0	2060.9171942598728	0.0	0	0.0	2865.788365800208	1	0	1.0	2.1456039416821424
7819.91808502721	3000.0	2045.870280772997	0.0	0	0.0	2865.7883658002083	1	0	1.0	2.1456039416821424
8741.276012663206	3000.0	2124.512353137002	0.0	0	0.0	2865.7883658002083	1	0	1.0	2.1456039416821424
9469.436041150184	3000.0	2396.352324650025	0.0	0	0.0	2865.7883658002092	1	0	1.0	2.145603941682142
10230.876697899876	3000.0	2634.911667900332	0.0	0	0.0	2865.7883658002074	1	0	1.0	2.1456039416821424
11200.0	3000.0	2665.7883658002092	0.0	0	297.00096221041167	2865.78836580021	1	0	1.0	2.145603941682142
12200.0	3000.0	2665.788365800209	0.0	0	266.56923924341936	2865.78836580021	1	0	1.0	2.145603941682142
13256.724875572276	3000.0	2609.063490227935	0.0	0	0.0	2865.78836580021	1	0	1.0	2.145603941682142
14200.0	3000.0	2665.788365800212	0.0	0	49.82983006232098	2865.78836580021	1	0	1.0	2.145603941682142
15376.47312986133	3000.0	2489.3152359388832	0.0	0	0.0	2865.78836580021	1	0	1.0	2.145603941682142
16531.240109440754	3000.0	2334.5482563594587	0.0	0	0.0	2865.78836580021	1	0	1.0	2.145603941682142
17576.024190832693	3000.0	2289.7641749675204	0.0	0	0.0	2865.7883658002083	1	0	1.0	2.145603941682142
18593.861672486735	3000.0	2271.9266933134772	0.0	0	0.0	2865.7883658002083	1	0	1.0	2.1456039416821424
19547.069426569702	3000.0	2318.718939230511	0.0	0	0.0	2865.78836580021	1	0	1.0	2.145603941682142
20857.17732055618	3000.0	2008.6110452440341	0.0	0	0.0	2865.78836580021	1	0	1.0	2.145603941682142
21923.793595413816	3000.0	1941.9947703864013	0.0	0	0.0	2865.78836580021	1	0	1.0	2.145603941682142
22689.41896525721	3000.0	2176.3694005430107	0.0	0	0.0	2865.788365800214	1	0	1.0	2.145603941682141
23562.419492207217	3000.0	2303.368873593005	0.0	0	0.0	2865.788365800214	1	0	1.0	2.145603941682141
24630.00346812186	3000.0	2235.7848976783616	0.0	0	0.0	2865.788365800214	1	0	1.0	2.145603941682141
25676.462394901435	3000.0	2189.325970898787	0.0	0	0.0	2865.788365800214	1	0	1.0	2.145603941682141
26676.561789652973	3000.0	2189.2265761472454	0.0	0	0.0	2865.788365800214	1	0	1.0	2.145603941682141
27662.30159230262	3000.0	2203.486773497597	0.0	0	0.0	2865.788365800214	1	0	1.0	2.145603941682141
28348.351189207988	3000.0	2517.4371765922297	0.0	0	0.0	2865.788365800214	1	0	1.0	2.145603941682141
29200.0	3000.0	2665.7883658002183	0.0	0	83.85889234313072	2865.788365800214	1	0	1.0	2.145603941682141
30200.0	3000.0	2665.788365800221	0.0	0	102.5776199509055	2865.788365800214	1	0	1.0	2.145603941682141
31387.938379384326	3000.0	2477.849986415894	0.0	0	0.0	2865.788365800214	1	0	1.0	2.145603941682141
32463.798170272134	3000.0	2401.990195528085	0.0	0	0.0	2865.7883658002174	1	0	1.0	2.1456039416821406
33485.17816214468	3000.0	2380.610203655538	0.0	0	0.0	2865.78836580021	1	0	1.0	2.1456039416821415
34504.789588545595	3000.0	2360.9987772546197	0.0	0	0.0	2865.7883658002065	1	0	1.0	2.145603941682142
35446.79228929669	3000.0	2418.996076503521	0.0	0	0.0	2865.7883658002065	1	0	1.0	2.1456039416821424
36705.25378691283	3000.0	2160.5345788873774	0.0	0	0.0	2865.78836580021	1	0	1.0	2.145603941682142
37532.22307093931	3000.0	2333.565294860892	0.0	0	0.0	2865.788365800203	1	0	1.0	2.1456039416821433
38438.86191565139	3000.0	2426.926450148812	0.0	0	0.0	2865.788365800203	1	0	1.0	2.1456039416821433
39222.58086812604	3000.0	2643.2074976741665	0.0	0	0.0	2865.788365800203	1	0	1.0	2.1456039416821433
40275.36131927219	3000.0	2590.42704652801	0.0	0	0.0	2865.788365800203	1	0	1.0	2.1456039416821433
41376.34629151139	3000.0	2489.442074288806	0.0	0	0.0	2865.788365800203	1	0	1.0	2.1456039416821433
42200.0	3000.0	2665.7883658002024	0.0	0	78.9089417107316	2865.788365800203	1	0	1.0	2.1456039416821433
43200.0	3000.0	2665.788365800204	0.0	0	267.88732835108385	2865.788365800203	1	0	1.0	2.1456039416821433
44200.0	3000.0	2665.7883658002042	0.0	0	142.58769611737807	2865.788365800203	1	0	1.0	2.1456039416821433
45955.88784034196	3000.0	1909.9005254582426	0.0	0	0.0	2865.788365800203	1	0	1.0	2.1456039416821433
47269.38365767238	3000.0	1596.404708127818	0.0	0	0.0	2865.788365800203	1	0	1.0	2.1456039416821433
48244.016461645	3000.0	1621.7719041551954	0.0	0	0.0	2865.788365800203	1	0	1.0	2.1456039416821433
48892.597245284196	2000.0	1973.1911205159913	0.0	0	0.0	2865.788365800203	1	0	1.0	1.3346737254658139
49817.96228446683	3000.0	2047.8260813333593	0.0	0	0.0	2865.788365800203	1	0	1.0	1.7401388335739787
50574.959755030635	3000.0	2290.8286107695503	0.0	0	0.0	2865.788365800203	1	0	1.0	2.1456039416821433
51516.97860545594	3000.0	2348.809760344251	0.0	0	0.0	2865.7883658001956	1	0	1.0	2.145603941682144
52658.67617489302	3000.0	2207.112190907171	0.0	0	0.0	2865.788365800203	1	0	1.0	2.1456039416821433
54025.95532488417	3000.0	1839.8330409160255	0.0	0	0.0	2865.788365800203	1	0	1.0	2.1456039416821433
54903.992937887386	3000.0	1961.795427912814	0.0	0	0.0	2865.788365800203	1	0	1.0	2.1456039416821433
55700.4180911995	3000.0	2165.370274600703	0.0	0	0.0	2865.788365800203	1	0	1.0	2.1456039416821433
56200.0	3000.0	2665.788365800205	0.0	0	14.724143665924203	2865.788365800203	1	0	1.0	2.1456039416821433
57200.0	3000.0	2665.7883658002024	0.0	0	140.31541537490557	2865.788365800203	1	0	1.0	2.1456039416821433
58200.0	3000.0	2665.7883658001947	0.0	0	176.03583519189124	2865.788365800203	1	0	1.0	2.1456039416821433
59200.0	3000.0	2665.788365800192	0.0	0	6.620861372677609	2865.78836580021	1	0	1.0	2.145603941682142
60458.586604931814	3000.0	2407.2017608683864	0.0	0	0.0	2865.788365800203	1	0	1.0	2.1456039416821433
61739.357180643514	3000.0	2126.431185156693	0.0	0	0.0	2865.78836580021	1	0	1.0	2.145603941682142
62896.22576761256	3000.0	1969.5625981876403	0.0	0	0.0	2865.788365800203	1	0	1.0	2.1456039416821433
63714.15964191556	3000.0	2151.6287238846467	0.0	0	0.0	2865.7883658001956	1	0	1.0	2.145603941682144
65061.86052089926	3000.0	1803.927844900946	0.0	0	0.0	2865.7883658001956	1	0	1.0	2.145603941682144
66483.17459296244	3000.0	1382.6137728377596	0.0	0	0.0	2865.7883658001956	1	0	1.0	2.1456039416821437
67236.97638737921	2000.0	1628.8119784209975	0.0	0	0.0	2865.78836580021	1	0	1.0	1.334673725465814
68153.37881921775	2000.0	1712.4095465824803	0.0	0	0.0	2865.788365800232	1	0	1.0	1.7401388335739751
68936.21511386253	2000.0	1929.57325193769	0.0	0	0.0	2865.7883658002393	1	0	1.0	1.7401388335739725
69539.09856573919	2000.0	2326.6898000610418	0.0	0	0.0	2865.7883658002393	1	0	1.0	1.7401388335739725
70523.53046446713	3000.0	2342.257901333108	0.0	0	0.0	2865.7883658002393	1	0	1.0	1.7401388335739727
71465.00665658135	3000.0	2400.7817092189034	0.0	0	0.0	2865.7883658002393	1	0	1.0	2.1456039416821375
72917.27542940539	3000.0	1948.5129363948547	0.0	0	0.0	2865.7883658002393	1	0	1.0	2.1456039416821375
74654.13661477019	3000.0	1211.6517510300491	0.0	0	0.0	2865.7883658002393	1	0	1.0	2.1456039416821375
76032.88003436652	3000.0	832.9083314337198	0.0	0	0.0	2865.7883658002393	1	0	1.0	2.1456039416821375
76839.85324921981	2000.0	1025.9351165804176	0.0	0	0.0	2865.7883658002393	1	0	1.0	1.3346737254658079
77484.15675945328	2000.0	1381.6316063469446	0.0	0	0.0	2865.7883658002393	1	0	1.0	1.7401388335739725
78456.63758490863	2000.0	1409.1507808916097	0.0	0	0.0	2865.7883658002393	1	0	1.0	1.7401388335739725
79377.42415443926	2000.0	1488.364211360976	0.0	0	0.0	2865.7883658002393	1	0	1.0	1.7401388335739725
80017.87733049219	2000.0	1847.9110353080514	0.0	0	0.0	2865.7883658002393	1	0	1.0	1.7401388335739725
80801.63536847399	2000.0	2064.1529973262536	0.0	0	0.0	2865.7883658002393	1	0	1.0	1.7401388335739725
81759.94037438542	3000.0	2105.8479914148174	0.0	0	0.0	2865.7883658002393	1	0	1.0	1.7401388335739727
82307.8636953293	3000.0	2557.924670470926	0.0	0	0.0	2865.7883658002393	1	0	1.0	2.1456039416821375
83200.0	3000.0	2665.788365800232	0.0	0	219.67547081167868	2865.7883658002393	1	0	1.0	2.1456039416821375
84503.31267335788	3000.0	2362.4756924423555	0.0	0	0.0	2865.7883658002393	1	0	1.0	2.1456039416821375
85522.41481973256	3000.0	2343.373546067681	0.0	0	0.0	2865.7883658002247	1	0	1.0	2.1456039416821397
86254.8075062556	3000.0	2610.980859544645	0.0	0	0.0	2865.7883658002247	1	0	1.0	2.1456039416821397
87246.89071279147	3000.0	2618.897653008774	0.0	0	0.0	2865.7883658002247	1	0	1.0	2.1456039416821397
88294.76986188637	3000.0	2571.0185039138914	0.0	0	0.0	2865.7883658002393	1	0	1.0	2.1456039416821375
89297.68543826403	3000.0	2568.102927536213	0.0	0	0.0	2865.7883658002393	1	0	1.0	2.1456039416821375
90200.0	3000.0	2665.788365800262	0.0	0	280.2910284847312	2865.788365800254	1	0	1.0	2.145603941682135
91200.0	3000.0	2665.7883658002615	0.0	0	411.0244508370524	2865.7883658002684	1	0	1.0	2.1456039416821326
93367.72082092783	6000.0	1498.0675448724405	0.0	0	0.0	2865.7883658002684	1	0	1.0	2.1456039416821326
94576.16504126968	3000.0	1289.6233245305907	0.0	0	0.0	2865.788365800283	1	0	1.0	1.4524567611221855
95873.91263792757	3000.0	991.8757278726968	0.0	0	0.0	2865.7883658002684	1	0	1.0	2.1456039416821326
96576.00564519614	2000.0	1289.7827206041356	0.0	0	0.0	2865.7883658002684	1	0	1.0	1.3346737254658032
97729.29418448334	2000.0	1136.4941813169344	0.0	0	0.0	2865.7883658002684	1	0	1.0	1.7401388335739678
98775.6962092	2000.0	1090.092156600271	0.0	0	0.0	2865.788365800283	1	0	1.0	1.7401388335739656
99771.43364906569	2000.0	1094.3547167345982	0.0	0	0.0	2865.788365800283	1	0	1.0	1.7401388335739656
100504.26450482866	2000.0	1361.5238609716346	0.0	0	0.0	2865.7883658002684	1	0	1.0	1.7401388335739678
100959.56860034062	2000.0	1906.2197654596885	0.0	0	0.0	2865.788365800254	1	0	1.0	1.74013883357397
101845.64100672677	3000.0	2020.147359073544	0.0	0	0.0	2865.7883658002684	1	0	1.0	1.740138833573968
103430.45553608624	3000.0	1435.3328297140652	0.0	0	0.0	2865.7883658002684	1	0	1.0	2.1456039416821326
104629.31179356157	2000.0	1236.4765722387374	0.0	0	0.0	2865.7883658002684	1	0	1.0	1.3346737254658032
105784.76065814754	2000.0	1081.0277076527777	0.0	0	0.0	2865.7883658002684	1	0	1.0	1.7401388335739678
106957.09010819036	2000.0	908.6982576099591	0.0	0	0.0	2865.788365800254	1	0	1.0	1.74013883357397
108315.54263502474	2000.0	550.2457307755818	0.0	0	0.0	2865.7883658002684	1	0	1.0	1.7401388335739678
109593.07348026386	2000.0	373.7497596233465	101.03487408688136	0	0.0	2966.823239887148	1	0	1.0	1.1170037805120685
110523.71221772433	2000.0	552.6091094178923	109.49808725502538	0	0.0	3076.32132714217	1	0	1.0	1.0460404429571937
111237.5106623267	2000.0	838.8106648155285	0.0	0	0.0	3076.3213271421846	1	0	1.0	1.7030289664873433
111749.70431966527	2000.0	1326.6170074769616	0.0	0	0.0	3076.3213271421846	1	0	1.0	1.7030289664873433
112524.30568257625	3000.0	1552.0156445659718	0.0	0	0.0	3076.3213271421846	1	0	1.0	1.7030289664873433
113319.77902645757	3000.0	1756.5423006846631	0.0	0	0.0	3076.3213271421846	1	0	1.0	2.108494074595508
113977.89303385066	3000.0	2098.4282932915776	0.0	0	0.0	3076.32132714217	1	0	1.0	2.108494074595511
115371.3798502722	6000.0	1704.9414768700292	0.0	0	0.0	3076.32132714217	1	0	1.0	2.1084940745955105
117707.1753398251	6000.0	369.14598731714375	0.0	0	0.0	3076.32132714217	1	0	1.0	2.8016412551554555
119008.72361011697	3000.0	384.6413051933989	317.04358816812464	0	0.0	3393.3649153103033	1	0	1.0	-0.5577835896661512
120169.97259862653	3000.0	295.0044981208261	71.61218143698932	0	0.0	3464.9770967473596	1	0	1.0	1.5890459935080457
120925.2655881167	2000.0	633.4438451415167	93.73233651086443	0	0.0	3558.7094332582346	1	0	1.0	0.6188401879360995
121528.79852311085	2000.0	1029.9109101473741	0.0	0	0.0	3558.7094332582346	1	0	1.0	1.5866993151094508
122370.6457324202	2000.0	1188.0637008380108	0.0	0	0.0	3558.7094332582346	1	0	1.0	1.5866993151094508
122873.78493029783	2000.0	1684.924502960392	0.0	0	0.0	3558.7094332582346	1	0	1.0	1.5866993151094508
123624.60156436166	2000.0	1934.107868896568	0.0	0	0.0	3558.709433258249	1	0	1.0	1.5866993151094464
124408.64660929736	2000.0	2150.062823960874	0.0	0	0.0	3558.709433258249	1	0	1.0	1.5866993151094464
125274.38201905959	2000.0	2284.32741419864	0.0	0	0.0	3558.709433258249	1	0	1.0	1.5866993151094464
126432.43876434423	3000.0	2126.2706689140123	0.0	0	0.0	3558.709433258249	1	0	1.0	1.5866993151094464
126991.83699789584	2000.0	2566.872435362416	0.0	0	0.0	3558.709433258249	1	0	1.0	1.1812342070012818
128027.03890663257	3000.0	2531.6705266256904	0.0	0	0.0	3558.709433258249	1	0	1.0	1.5866993151094464
129263.78932367823	3000.0	2294.92010958004	0.0	0	0.0	3558.709433258249	1	0	1.0	1.992164423217611
130107.79461350662	3000.0	2450.9148197516547	0.0	0	0.0	3558.7094332582637	1	0	1.0	1.992164423217607
131481.20686090767	3000.0	2077.5025723506096	0.0	0	0.0	3558.7094332582637	1	0	1.0	1.9921644232176061
133379.94229617628	3000.0	1178.7671370819944	0.0	0	0.0	3558.709433258249	1	0	1.0	1.992164423217608
134074.46113646557	2000.0	1484.2482967927058	0.0	0	0.0	3558.7094332582637	1	0	1.0	1.1812342070012776
135300.07222260005	2000.0	1258.6372106582362	0.0	0	0.0	3558.709433258249	1	0	1.0	1.5866993151094464
136596.08250534258	2000.0	962.6269279157074	0.0	0	0.0	3558.709433258249	1	0	1.0	1.5866993151094464
137957.92115261438	2000.0	600.7882806439065	0.0	0	0.0	3558.709433258249	1	0	1.0	1.5866993151094464
138811.91734473006	2000.0	746.7920885282159	0.0	0	0.0	3558.709433258249	1	0	1.0	1.5866993151094464
139673.29283824877	2000.0	885.4165950095085	0.0	0	0.0	3558.70943325822	1	0	1.0	1.5866993151094548
140370.96148758178	2000.0	1187.7479456765132	0.0	0	0.0	3558.70943325822	1	0	1.0	1.5866993151094548
140825.70852120768	2000.0	1733.000912050628	0.0	0	0.0	3558.70943325822	1	0	1.0	1.5866993151094548
141339.38393733578	2000.0	2219.325495922484	0.0	0	0.0	3558.709433258191	1	0	1.0	1.5866993151094635
142455.94149437742	3000.0	2102.767938880809	0.0	0	0.0	3558.709433258162	1	0	1.0	1.5866993151094724
143717.10410272214	3000.0	1841.6053305361006	0.0	0	0.0	3558.709433258162	1	0	1.0	1.992164423217637
144558.67215185353	3000.0	2000.0372814047396	0.0	0	0.0	3558.709433258162	1	0	1.0	1.992164423217637
145144.64746977304	3000.0	2414.061963485228	0.0	0	0.0	3558.709433258162	1	0	1.0	1.992164423217637
146049.74464587952	3000.0	2508.9647873787585	0.0	0	0.0	3558.709433258162	1	0	1.0	1.992164423217637
147778.12523663213	3000.0	1780.5841966261357	0.0	0	0.0	3558.709433258162	1	0	1.0	1.992164423217637
149253.91192905235	3000.0	1304.7975042059402	0.0	0	0.0	3558.709433258162	1	0	1.0	1.992164423217637
149865.53853671896	2000.0	1693.1708965393384	0.0	0	0.0	3558.709433258162	1	0	1.0	1.1812342070013075
150811.71736456244	2000.0	1746.992068695861	0.0	0	0.0	3558.709433258162	1	0	1.0	1.5866993151094722
151608.0260211121	2000.0	1950.6834121462455	0.0	0	0.0	3558.709433258191	1	0	1.0	1.5866993151094635
152234.1400060671	2000.0	2324.569427191284	0.0	0	0.0	3558.709433258191	1	0	1.0	1.5866993151094635
153283.3585002928	3000.0	2275.350932965564	0.0	0	0.0	3558.70943325822	1	0	1.0	1.586699315109455
154552.78376277862	3000.0	2005.9256704797335	0.0	0	0.0	3558.70943325822	1	0	1.0	1.9921644232176197
155300.38753068767	3000.0	2258.321902570678	0.0	0	0.0	3558.70943325822	1	0	1.0	1.9921644232176197
156288.18408383118	3000.0	2270.52534942715	0.0	0	0.0	3558.709433258249	1	0	1.0	1.992164423217611
157055.5025397324	3000.0	2503.2068935259645	0.0	0	0.0	3558.709433258249	1	0	1.0	1.992164423217611
157836.88501505464	3000.0	2721.8244182037247	0.0	0	0.0	3558.709433258249	1	0	1.0	1.992164423217611
158935.95605692652	3000.0	2622.7533763318324	0.0	0	0.0	3558.709433258249	1	0	1.0	1.992164423217611
159691.884070337	3000.0	2866.825362921373	0.0	0	0.0	3558.7094332582783	1	0	1.0	1.9921644232176026
160451.58242254265	3000.0	3107.1270107156865	0.0	0	0.0	3558.709433258249	1	0	1.0	1.9921644232176043
161496.6081810141	3000.0	3062.101252244243	0.0	0	0.0	3558.7094332582783	1	0	1.0	1.9921644232176094
162274.5836619312	3000.0	3284.1257713271734	0.0	0	0.0	3558.7094332582783	1	0	1.0	1.9921644232176026
163200.0	3000.0	3358.7094332583715	0.0	0	49.03420850230032	3558.7094332582783	1	0	1.0	1.9921644232176026
164200.0	3000.0	3358.709433258414	0.0	0	164.98455874502542	3558.7094332582783	1	0	1.0	1.9921644232176026
165322.80883609096	3000.0	3235.9005971674355	0.0	0	0.0	3558.7094332582783	1	0	1.0	1.9921644232176026
166614.89680339105	3000.0	2943.812629867364	0.0	0	0.0	3558.7094332582783	1	0	1.0	1.9921644232176026
167780.02263245813	3000.0	2778.6868008002702	0.0	0	0.0	3558.7094332582783	1	0	1.0	1.9921644232176026
168625.3379650775	3000.0	2933.371468180914	0.0	0	0.0	3558.7094332582783	1	0	1.0	1.9921644232176026
169548.52638006365	3000.0	3010.18305319475	0.0	0	0.0	3558.7094332582783	1	0	1.0	1.9921644232176026
170718.3297157052	3000.0	2840.379717553212	0.0	0	0.0	3558.7094332582783	1	0	1.0	1.9921644232176026
171446.65497615075	3000.0	3112.054457107642	0.0	0	0.0	3558.7094332582783	1	0	1.0	1.9921644232176026
172319.8677632984	3000.0	3238.8416699600207	0.0	0	0.0	3558.7094332582783	1	0	1.0	1.9921644232176026
173546.7110679977	3000.0	3011.9983652607234	0.0	0	0.0	3558.7094332582783	1	0	1.0	1.9921644232176026
174463.06852203733	3000.0	3095.640911221104	0.0	0	0.0	3558.7094332582783	1	0	1.0	1.9921644232176026
175264.11811239994	3000.0	3294.591320858494	0.0	0	0.0	3558.7094332582783	1	0	1.0	1.9921644232176026
176200.0	3000.0	3358.709433258465	0.0	0	222.88233028547256	3558.7094332582783	1	0	1.0	1.9921644232176026
177200.0	3000.0	3358.7094332584597	0.0	0	170.584069757635	3558.7094332582783	1	0	1.0	1.9921644232176026
178381.14750040532	3000.0	3177.561932853102	0.0	0	0.0	3558.7094332582783	1	0	1.0	1.9921644232176026
179668.40700798674	3000.0	2890.3024252717005	0.0	0	0.0	3558.7094332582783	1	0	1.0	1.9921644232176026
180439.18946913094	3000.0	3119.519964127491	0.0	0	0.0	3558.7094332582783	1	0	1.0	1.9921644232176026
181771.93956771918	3000.0	2786.7698655392405	0.0	0	0.0	3558.7094332582783	1	0	1.0	1.9921644232176026
183019.71879029452	3000.0	2538.9906429638863	0.0	0	0.0	3558.709433258249	1	0	1.0	1.992164423217611
183778.47267047197	3000.0	2780.236762786422	0.0	0	0.0	3558.709433258249	1	0	1.0	1.992164423217611
184665.23188163753	3000.0	2893.4775516208765	0.0	0	0.0	3558.709433258249	1	0	1.0	1.992164423217611
185923.02895812623	3000.0	2635.6804751321824	0.0	0	0.0	3558.7094332582783	1	0	1.0	1.9921644232176043
186988.4648834349	3000.0	2570.2445498235197	0.0	0	0.0	3558.7094332582783	1	0	1.0	1.9921644232176026
188115.8801494828	3000.0	2442.8292837756358	0.0	0	0.0	3558.7094332583074	1	0	1.0	1.992164423217594
189111.6505816859	3000.0	2447.0588515725503	0.0	0	0.0	3558.7094332583074	1	0	1.0	1.992164423217594
190219.23940271774	3000.0	2339.470030540726	0.0	0	0.0	3558.7094332583074	1	0	1.0	1.992164423217594
190989.57903881583	3000.0	2569.130394442603	0.0	0	0.0	3558.7094332583074	1	0	1.0	1.992164423217594
192150.5837412183	3000.0	2408.125692040145	0.0	0	0.0	3558.7094332583074	1	0	1.0	1.992164423217594
192967.82227890787	3000.0	2590.8871543505697	0.0	0	0.0	3558.7094332583074	1	0	1.0	1.992164423217594
194680.64589139042	3000.0	1878.0635418680174	0.0	0	0.0	3558.7094332583365	1	0	1.0	1.9921644232175904
195709.61983969764	3000.0	1849.0895935608023	0.0	0	0.0	3558.7094332583656	1	0	1.0	1.992164423217577
196847.60111837168	3000.0	1711.1083148867801	0.0	0	0.0	3558.7094332583656	1	0	1.0	1.992164423217577
197732.16557114755	3000.0	1826.5438621108985	0.0	0	0.0	3558.7094332583656	1	0	1.0	1.992164423217577
198591.03818026377	3000.0	1967.671252994678	0.0	0	0.0	3558.7094332583656	1	0	1.0	1.992164423217577
199410.77866284564	3000.0	2147.930770412813	0.0	0	0.0	3558.7094332583656	1	0	1.0	1.992164423217577
200271.50768487115	3000.0	2287.2017483873333	0.0	0	0.0	3558.7094332583656	1	0	1.0	1.992164423217577
201415.79583685537	3000.0	2142.91359640312	0.0	0	0.0	3558.7094332583656	1	0	1.0	1.9921644232175837
202518.84811123542	3000.0	2039.8613220230548	0.0	0	0.0	3558.7094332583656	1	0	1.0	1.992164423217577
203322.0244356308	3000.0	2236.684997627658	0.0	0	0.0	3558.7094332583656	1	0	1.0	1.992164423217577
203914.35364363986	3000.0	2644.355789618599	0.0	0	0.0	3558.7094332583656	1	0	1.0	1.992164423217577
204628.94098863786	3000.0	2929.7684446205635	0.0	0	0.0	3558.7094332583365	1	0	1.0	1.9921644232175852
205281.7207945116	3000.0	3276.988638746796	0.0	0	0.0	3558.7094332583656	1	0	1.0	1.992164423217577
206211.010082	3000.0	3347.6993512584077	0.0	0	0.0	3558.7094332583947	1	0	1.0	1.9921644232175684
207200.0	3000.0	3358.709433258396	0.0	0	206.66787204085267	3558.7094332583947	1	0	1.0	1.9921644232175684
208200.0	3000.0	3358.7094332584097	0.0	0	6.3899434031918645	3558.7094332583947	1	0	1.0	1.9921644232175684
209200.0	3000.0	3358.709433258411	0.0	0	108.8198511879018	3558.7094332583947	1	0	1.0	1.9921644232175684
210729.27043535258	3000.0	2829.438997905812	0.0	0	0.0	3558.7094332583947	1	0	1.0	1.9921644232175684
211883.7278155981	3000.0	2674.981617660304	0.0	0	0.0	3558.7094332583947	1	0	1.0	1.9921644232175684
212879.98430367763	3000.0	2678.725129580749	0.0	0	0.0	3558.7094332583947	1	0	1.0	1.9921644232175684
214355.9271673334	3000.0	2202.7822659250046	0.0	0	0.0	3558.7094332583656	1	0	1.0	1.992164423217577
215772.00232900513	3000.0	1786.7071042532857	0.0	0	0.0	3558.7094332583656	1	0	1.0	1.9921644232175804
216847.61981763525	3000.0	1711.0896156231975	0.0	0	0.0	3558.7094332583656	1	0	1.0	1.992164423217577
217430.20176233217	2000.0	2128.5076709262858	0.0	0	0.0	3558.7094332583656	1	0	1.0	1.1812342070012476
217964.1110243473	2000.0	2594.5984089111353	0.0	0	0.0	3558.7094332583656	1	0	1.0	1.5866993151094122
219004.3571925654	3000.0	2554.352240693036	0.0	0	0.0	3558.7094332583656	1	0	1.0	1.5866993151094124
220067.33242613843	3000.0	2491.3770071199992	0.0	0	0.0	3558.7094332583656	1	0	1.0	1.992164423217577
221197.84284907163	3000.0	2360.866584186808	0.0	0	0.0	3558.7094332583947	1	0	1.0	1.9921644232175684
222630.56426764253	3000.0	1928.1451656158893	0.0	0	0.0	3558.7094332583947	1	0	1.0	1.9921644232175684
223856.9842814649	3000.0	1701.7251517935547	0.0	0	0.0	3558.7094332583947	1	0	1.0	1.9921644232175684
225148.37072176844	3000.0	1410.3387114899842	0.0	0	0.0	3558.7094332583656	1	0	1.0	1.992164423217577
226131.73782676016	2000.0	1426.971606498287	0.0	0	0.0	3558.7094332583947	1	0	1.0	1.1812342070012387
226821.09807749678	2000.0	1737.6113557616516	0.0	0	0.0	3558.7094332583656	1	0	1.0	1.5866993151094122
227652.97659960855	2000.0	1905.7328336498686	0.0	0	0.0	3558.7094332583656	1	0	1.0	1.5866993151094122
228194.09583294851	2000.0	2364.6136003098945	0.0	0	0.0	3558.7094332583656	1	0	1.0	1.5866993151094122
229049.79473553007	3000.0	2508.9146977283194	0.0	0	0.0	3558.7094332583656	1	0	1.0	1.5866993151094124
230087.07392715607	3000.0	2471.6355061023023	0.0	0	0.0	3558.7094332583947	1	0	1.0	1.9921644232175684
230929.94709857603	3000.0	2628.762334682346	0.0	0	0.0	3558.709433258424	1	0	1.0	1.9921644232175597
231446.69315658364	3000.0	3112.016276674743	0.0	0	0.0	3558.709433258424	1	0	1.0	1.9921644232175597
232235.157380617	3000.0	3323.552052641434	0.0	0	0.0	3558.709433258424	1	0	1.0	1.9921644232175597
233200.0	3000.0	3358.709433258435	0.0	0	152.49000243577757	3558.709433258424	1	0	1.0	1.9921644232175597
234382.61548688472	3000.0	3176.0939463737072	0.0	0	0.0	3558.709433258424	1	0	1.0	1.9921644232175597
235200.0	3000.0	3358.7094332584284	0.0	0	12.522126129886601	3558.709433258424	1	0	1.0	1.9921644232175597
236200.0	3000.0	3358.7094332584493	0.0	0	105.77411059121368	3558.709433258453	1	0	1.0	1.992164423217551
237200.0	3000.0	3358.7094332584734	0.0	0	107.72223170852521	3558.709433258453	1	0	1.0	1.992164423217551
238343.39863730143	3000.0	3215.3107959570575	0.0	0	0.0	3558.709433258453	1	0	1.0	1.992164423217551
239200.0	3000.0	3358.7094332585007	0.0	0	49.734852665889775	3558.709433258453	1	0	1.0	1.992164423217551
240200.0	3000.0	3358.7094332584957	0.0	0	390.7153115775145	3558.709433258453	1	0	1.0	1.992164423217551
242070.8248333874	6000.0	2487.884599871076	0.0	0	0.0	3558.709433258424	1	0	1.0	1.99216442321756
243168.5360582842	3000.0	2390.1733749742484	0.0	0	0.0	3558.709433258424	1	0	1.0	1.2990172426576148
244319.20577186695	3000.0	2239.5036613914845	0.0	0	0.0	3558.709433258424	1	0	1.0	1.9921644232175597
245599.91824236463	3000.0	1958.7911908938133	0.0	0	0.0	3558.709433258424	1	0	1.0	1.9921644232175597
246341.54664426588	2000.0	2217.1627889925094	0.0	0	0.0	3558.709433258424	1	0	1.0	1.1812342070012303
247616.44140803075	2000.0	1942.2680252276402	0.0	0	0.0	3558.709433258424	1	0	1.0	1.5866993151093949
248797.20883612055	2000.0	1761.5005971377966	0.0	0	0.0	3558.709433258424	1	0	1.0	1.5866993151093949
249401.04596142337	2000.0	2157.663471835003	0.0	0	0.0	3558.709433258424	1	0	1.0	1.5866993151093949
249796.81816032267	2000.0	2761.8912729356894	0.0	0	0.0	3558.709433258424	1	0	1.0	1.5866993151093949
250670.0600436695	3000.0	2888.6493895888334	0.0	0	0.0	3558.709433258424	1	0	1.0	1.586699315109395
252210.06948302264	3000.0	2348.6399502356844	0.0	0	0.0	3558.709433258453	1	0	1.0	1.992164423217551
253278.0554792256	3000.0	2280.6539540327494	0.0	0	0.0	3558.709433258482	1	0	1.0	1.9921644232175426
254836.47512273752	3000.0	1722.2343105207779	0.0	0	0.0	3558.709433258482	1	0	1.0	1.9921644232175426
255922.781095933	2000.0	1635.9283373252897	0.0	0	0.0	3558.709433258482	1	0	1.0	1.1812342070012132
256790.82280422375	2000.0	1767.88662903452	0.0	0	0.0	3558.709433258424	1	0	1.0	1.586699315109393
257901.71909178732	2000.0	1656.9903414709117	0.0	0	0.0	3558.7094332583947	1	0	1.0	1.5866993151094033
258870.19888160384	2000.0	1688.5105516543815	0.0	0	0.0	3558.7094332583947	1	0	1.0	1.5866993151094033
259534.06876508077	2000.0	2024.640668177464	0.0	0	0.0	3558.7094332583947	1	0	1.0	1.5866993151094033
260212.28644553036	2000.0	2346.4229877278954	0.0	0	0.0	3558.709433258424	1	0	1.0	1.5866993151093949
260810.24641925617	2000.0	2748.4630140021213	0.0	0	0.0	3558.709433258424	1	0	1.0	1.5866993151093949
261590.49624550392	3000.0	2968.2131877543798	0.0	0	0.0	3558.709433258424	1	0	1.0	1.586699315109395
262246.4584983538	3000.0	3312.250934904564	0.0	0	0.0	3558.709433258482	1	0	1.0	1.9921644232175548
263200.0	3000.0	3358.709433258359	0.0	0	436.0142744104378	3558.709433258511	1	0	1.0	1.9921644232175426
264200.0	6000.0	3358.7094332583415	0.0	0	107.90493742388207	3558.709433258482	1	0	1.0	1.9921644232175408
265838.78699709364	6000.0	2719.9224361646575	0.0	0	0.0	3558.709433258453	1	0	1.0	2.685311603777496
267683.9058005471	6000.0	1874.80363271123	0.0	0	0.0	3558.7094332583947	1	0	1.0	2.685311603777503
268609.7078115515	3000.0	1949.0016217068014	0.0	0	0.0	3558.7094332583947	1	0	1.0	1.2990172426576234
269777.992176762	3000.0	1780.7172564963219	0.0	0	0.0	3558.7094332583947	1	0	1.0	1.9921644232175684
270452.40341455804	2000.0	2106.3060187003075	0.0	0	0.0	3558.7094332583947	1	0	1.0	1.1812342070012387
271648.58498772845	3000.0	1910.1244455298674	0.0	0	0.0	3558.7094332583947	1	0	1.0	1.5866993151094038
272476.4572890033	2000.0	2082.252144254985	0.0	0	0.0	3558.7094332583947	1	0	1.0	1.1812342070012387
274016.1638738094	3000.0	1542.5455594488658	0.0	0	0.0	3558.7094332583365	1	0	1.0	1.5866993151094206
275260.43280210753	3000.0	1298.2766311506625	0.0	0	0.0	3558.7094332583365	1	0	1.0	1.9921644232175852
276107.14022033504	2000.0	1451.56921292311	0.0	0	0.0	3558.7094332583365	1	0	1.0	1.181234207001256
276683.8507200338	2000.0	1874.8587132243488	0.0	0	0.0	3558.7094332583365	1	0	1.0	1.5866993151094206
277408.1292397108	2000.0	2150.5801935473355	0.0	0	0.0	3558.7094332583365	1	0	1.0	1.5866993151094206
278266.9788979159	3000.0	2291.7305353421716	0.0	0	0.0	3558.7094332583365	1	0	1.0	1.5866993151094206
279201.178133481	3000.0	2357.5312997771357	0.0	0	0.0	3558.7094332583365	1	0	1.0	1.9921644232175852
280902.0560421237	3000.0	1656.6533911344488	0.0	0	0.0	3558.7094332583365	1	0	1.0	1.9921644232175852
282295.413826034	2000.0	1263.2956072241886	0.0	0	0.0	3558.7094332583365	1	0	1.0	1.181234207001256
283237.18114346615	2000.0	1321.5282897921065	0.0	0	0.0	3558.7094332583365	1	0	1.0	1.5866993151094206
284716.6844666858	2000.0	842.0249665723995	0.0	0	0.0	3558.7094332583365	1	0	1.0	1.5866993151094206
285698.8808007869	2000.0	859.8286324712377	0.0	0	0.0	3558.7094332582783	1	0	1.0	1.5866993151094377
286912.1018710043	2000.0	646.607562253788	0.0	0	0.0	3558.7094332582783	1	0	1.0	1.5866993151094377
288267.84723243915	2000.0	352.3815579162451	61.51935709728954	0	0.0	3620.228790355497	1	0	1.0	1.1989811085102127
288866.29642940743	2000.0	753.9323609479574	0.0	0	0.0	3620.228790355497	1	0	1.0	1.56809725109395
289723.56221281324	2000.0	896.6665775421434	0.0	0	0.0	3620.2287903555552	1	0	1.0	1.568097251093932
290338.1700711993	2000.0	1282.058719156112	0.0	0	0.0	3620.2287903555552	1	0	1.0	1.568097251093932
290983.6315790129	2000.0	1636.5972113424561	0.0	0	0.0	3620.228790355497	1	0	1.0	1.56809725109395
291726.5070629901	2000.0	1893.7217273652925	0.0	0	0.0	3620.228790355439	1	0	1.0	1.5680972510939646
292359.5329480242	2000.0	2260.6958423311557	0.0	0	0.0	3620.228790355439	1	0	1.0	1.5680972510939681
293119.80779534765	2000.0	2500.4209950076797	0.0	0	0.0	3620.228790355497	1	0	1.0	1.56809725109395
294154.2429878821	3000.0	2465.985802473243	0.0	0	0.0	3620.2287903555552	1	0	1.0	1.5680972510939322
295761.2047260607	3000.0	1859.0240642946433	0.0	0	0.0	3620.2287903555552	1	0	1.0	1.9735623592020968
297492.2592968219	3000.0	1127.9694935333594	0.0	0	0.0	3620.2287903555552	1	0	1.0	1.9735623592020968
298698.0059894105	3000.0	922.2228009447448	0.0	0	0.0	3620.2287903555552	1	0	1.0	1.9735623592020968
299729.7663972739	2000.0	890.4623930813275	0.0	0	0.0	3620.2287903555552	1	0	1.0	1.1626321429857673
300357.97361793276	2000.0	1262.2551724224593	0.0	0	0.0	3620.2287903555552	1	0	1.0	1.568097251093932
301020.84295391466	2000.0	1599.3858364405057	0.0	0	0.0	3620.2287903555552	1	0	1.0	1.568097251093932
301807.824640863	2000.0	1812.4041494921726	0.0	0	0.0	3620.2287903555552	1	0	1.0	1.568097251093932
3.325581395348838	3.1135813953488376	3.2295813953488377	3.2775813953488377	3.1835813953488374	3.1915813953488374	3.2895813953488378	3.4435813953488377	3.4495813953488375	3.4855813953488375	3.591581395348838	3.5275813953488377	3.2275813953488375	3.0155813953488377	2.9855813953488375	3.0335813953488375	3.0375813953488375	3.1215813953488376	3.179581395348838	3.1955813953488375	3.1775813953488377	3.1915813953488374	3.4115813953488376	3.5295813953488375	3.4395813953488377	3.3915813953488376	3.2515813953488375	2.9415813953488374	3.0295813953488375	3.0155813953488377	3.1415813953488376	3.0495813953488375	3.079581395348838	3.0615813953488376	3.2275813953488375	3.2195813953488375	2.9595813953488377	3.0515813953488378	3.2375813953488377	3.4195813953488376	3.4575813953488375	3.0975813953488376	1.27	2.07	2.91	3.72	4.1	3.3	4.07	3.27	2.49	3.27	3.98	4.95	3.58	3.32	3.45	2.47	2.78	3.0	3.34	2.9	2.63	2.02	2.21	2.71	3.32	3.54	3.56	2.72	2.41	2.05	2.9	2.96	2.7	2.7	2.88	2.78	3.61	4.41	4.58	2.81	3.03	3.49	3.06	2.8150243902439023	3.643024390243902	4.747024390243903	5.443024390243902	2.743024390243902	2.239024390243902	2.7070243902439026	2.5990243902439025	2.5390243902439025	2.3350243902439023	1.5310243902439025	2.0950243902439025	2.7670243902439022	3.9550243902439024	3.019024390243902	1.6870243902439024	2.1790243902439026	1.8070243902439025	1.8790243902439026	1.9390243902439024	2.0590243902439025	1.9510243902439026	2.5390243902439025	2.9110243902439024	4.0870243902439025	5.143024390243903	5.959024390243902	5.911024390243902	3.9910243902439024	2.239024390243902	2.5150243902439025	2.947024390243903	1.9630243902439024	2.3710243902439028	3.2830243902439022	3.3550243902439023	2.2750243902439027	2.9830243902439024	2.4550243902439024	3.1030243902439025	2.8510243902439028	2.72	3.36	2.39	1.85	2.03	2.18	1.58	1.52	1.8	1.85	2.09	2.97	3.53	2.7	2.75	3.65	4.22	1.95	1.39	1.66	2.62	2.61	2.5	3.4715813953488377	3.325581395348838	3.1135813953488376	3.2295813953488377	3.2775813953488377	3.1835813953488374	3.1915813953488374	3.2895813953488378	3.4435813953488377	3.4495813953488375	3.4855813953488375	3.591581395348838	3.5275813953488377	3.2275813953488375	3.0155813953488377	2.9855813953488375	3.0335813953488375	3.0375813953488375	3.1215813953488376	3.179581395348838	3.1955813953488375	3.1775813953488377	3.1915813953488374	3.4115813953488376	3.5295813953488375	3.4395813953488377	3.3915813953488376	3.2515813953488375	2.9415813953488374	3.0295813953488375	3.0155813953488377	3.1415813953488376	3.0495813953488375	3.079581395348838	3.0615813953488376	3.2275813953488375	3.2195813953488375	2.9595813953488377	3.0515813953488378	3.2375813953488377	3.4195813953488376	3.4575813953488375	3.0975813953488376	1.27	2.07	2.91	3.72	4.1	3.3	4.07	3.27	2.49	3.27	3.98	4.95	3.58	3.32	3.45	2.47	2.78	3.0	3.34	2.9	2.63	2.02	2.21	2.71	3.32	3.54	3.56	2.72	2.41	2.05	2.9	2.96	2.7	2.7	2.88	2.78	3.61	4.41	4.58	2.81	3.03	3.49	3.06	2.8150243902439023	3.643024390243902	4.747024390243903	5.443024390243902	2.743024390243902	2.239024390243902	2.7070243902439026	2.5990243902439025	2.5390243902439025	2.3350243902439023	1.5310243902439025	2.0950243902439025	2.7670243902439022	3.9550243902439024	3.019024390243902	1.6870243902439024	2.1790243902439026	1.8070243902439025	1.8790243902439026	1.9390243902439024	2.0590243902439025	1.9510243902439026	2.5390243902439025	2.9110243902439024	4.0870243902439025	5.143024390243903	5.959024390243902	5.911024390243902	3.9910243902439024	2.239024390243902	2.5150243902439025	2.947024390243903	1.9630243902439024	2.3710243902439028	3.2830243902439022	3.3550243902439023	2.2750243902439027	2.9830243902439024	2.4550243902439024	3.1030243902439025	2.8510243902439028	2.72	3.36	2.39	1.85	2.03	2.18	1.58	1.52	1.8	1.85	2.09	2.97	3.53	2.7	2.75	3.65	4.22	1.95	1.39	1.66	2.62	2.61	2.5	3.4715813953488377	3.325581395348838	3.1135813953488376	3.2295813953488377	3.2775813953488377
1.0	2.0	3.0	4.0	5.0	6.0	7.0	8.0	9.0	10.0	11.0	12.0	13.0	14.0	15.0	16.0	17.0	18.0	19.0	20.0	21.0	22.0	23.0	24.0	25.0	26.0	27.0	28.0	29.0	30.0	31.0	32.0	33.0	34.0	35.0	36.0	37.0	38.0	39.0	40.0	41.0	42.0	43.0	44.0	45.0	46.0	47.0	48.0	49.0	50.0	51.0	52.0	53.0	54.0	55.0	56.0	57.0	58.0	59.0	60.0	61.0	62.0	63.0	64.0	65.0	66.0	67.0	68.0	69.0	70.0	71.0	72.0	73.0	74.0	75.0	76.0	77.0	78.0	79.0	80.0	81.0	82.0	83.0	84.0	85.0	86.0	87.0	88.0	89.0	90.0	91.0	92.0	93.0	94.0	95.0	96.0	97.0	98.0	99.0	100.0	101.0	102.0	103.0	104.0	105.0	106.0	107.0	108.0	109.0	110.0	111.0	112.0	113.0	114.0	115.0	116.0	117.0	118.0	119.0	120.0	121.0	122.0	123.0	124.0	125.0	126.0	127.0	128.0	129.0	130.0	131.0	132.0	133.0	134.0	135.0	136.0	137.0	138.0	139.0	140.0	141.0	142.0	143.0	144.0	145.0	146.0	147.0	148.0	149.0	149.0	150.0	151.0	152.0	153.0	154.0	155.0	156.0	157.0	158.0	159.0	160.0	161.0	162.0	163.0	164.0	165.0	166.0	167.0	168.0	169.0	170.0	171.0	172.0	173.0	174.0	175.0	176.0	177.0	178.0	179.0	180.0	181.0	182.0	183.0	184.0	185.0	186.0	187.0	188.0	189.0	190.0	191.0	192.0	193.0	194.0	195.0	196.0	197.0	198.0	199.0	200.0	201.0	202.0	203.0	204.0	205.0	206.0	207.0	208.0	209.0	210.0	211.0	212.0	213.0	214.0	215.0	216.0	217.0	218.0	219.0	220.0	221.0	222.0	223.0	224.0	225.0	226.0	227.0	228.0	229.0	230.0	231.0	232.0	233.0	234.0	235.0	236.0	237.0	238.0	239.0	240.0	241.0	242.0	243.0	244.0	245.0	246.0	247.0	248.0	249.0	250.0	251.0	252.0	253.0	254.0	255.0	256.0	257.0	258.0	259.0	260.0	261.0	262.0	263.0	264.0	265.0	266.0	267.0	268.0	269.0	270.0	271.0	272.0	273.0	274.0	275.0	276.0	277.0	278.0	279.0	280.0	281.0	282.0	283.0	284.0	285.0	286.0	287.0	288.0	289.0	290.0	291.0	292.0	293.0	294.0	295.0	296.0	297.0	298.0	298.0	299.0	300.0	301.0	302.0
2406.8823110741296
