5945.899070329268	300.0	2000.0	270.8473622038012	0	0.0	3945.8990703292684	1	0	1.0	-8.045718483827443
7348.615564926317	2000.0	1597.2835054029506	0.0	0	0.0	3945.899070329268	1	0	1.0	-0.44466414957184525
9299.155639272418	2000.0	646.7434310568508	0.0	0	0.0	3945.8990703292684	1	0	1.0	1.4524558353140364
10238.395472003274	2000.0	707.5035983259953	0.0	0	0.0	3945.89907032927	1	0	1.0	1.4524558353140358
11220.66352958924	2000.0	725.23554074003	0.0	0	0.0	3945.89907032927	1	0	1.0	1.4524558353140358
12648.361301072475	2000.0	297.5377692567947	0.0	0	0.0	3945.899070329271	1	0	1.0	1.452455835314035
14131.543645555084	2000.0	262.2583958769188	447.90297110273417	0	0.0	4393.802041432005	1	0	1.0	-1.4488759346090725
16311.63879201393	2000.0	200.0	1117.8367505819256	0	0.0	3511.6387920139296	1	0	1.0	-11.08354464086921
16734.74759373127	500.0	828.9630097092011	52.07181142654028	0	0.0	3563.7106034404696	1	0	1.0	-1.4997970255059978
17632.244521383738	1000.0	931.4660820567328	0.0	0	0.0	3563.7106034404715	1	0	1.0	0.1989282041731344
18474.987143444105	1000.0	1088.7234599963695	0.0	0	0.0	3563.7106034404733	1	0	1.0	0.8920753847330792
19217.266370838828	1000.0	1346.4442326016442	0.0	0	0.0	3563.7106034404715	1	0	1.0	0.8920753847330797
20017.65148940125	2000.0	1546.059114039221	0.0	0	0.0	3563.7106034404715	1	0	1.0	0.89207538473308
21026.05074443846	2000.0	1537.6598590020158	0.0	0	0.0	3563.7106034404715	1	0	1.0	1.585222565293025
22907.93199503426	2000.0	655.7786084062138	0.0	0	0.0	3563.7106034404715	1	0	1.0	1.585222565293025
24206.45192467416	2000.0	424.8249353407283	67.56625657441319	0	0.0	3631.2768600148847	1	0	1.0	1.1592568654523974
25207.604573625173	2000.0	504.5972501821612	80.92496379244972	0	0.0	3712.2018238073324	1	0	1.0	1.0529064344640666
26353.098313081857	2000.0	359.10351072547655	0.0	0	0.0	3712.2018238073324	1	0	1.0	1.5384562172187648
28280.286536951044	2000.0	200.0	768.0847131437105	0	0.0	4480.286536951044	1	0	1.0	-3.365871067290129
28555.27982952523	300.0	925.0067074258089	0.0	0	0.0	2480.2865369510437	1	0	1.0	-8.002255483049037
29231.47057807103	1000.0	1248.8159588800127	0.0	0	0.0	2480.2865369510437	1	0	1.0	-0.10513549816315548
30094.002136577514	1000.0	1386.2844003735304	0.0	0	0.0	2480.2865369510437	1	0	1.0	1.0988373061627807
31389.328997838376	2000.0	1090.9575391126714	0.0	0	0.0	2480.2865369510437	1	0	1.0	1.0988373061627805
31988.323770046125	1000.0	1491.962766904921	0.0	0	0.0	2480.2865369510473	1	0	1.0	0.405690125602835
33249.70446802897	2000.0	1230.5820689220789	0.0	0	0.0	2480.286536951051	1	0	1.0	1.0988373061627799
33867.4044177383	1000.0	1612.8821192127514	0.0	0	0.0	2480.2865369510546	1	0	1.0	0.40569012560283424
34703.61191869128	2000.0	1776.6746182597742	0.0	0	0.0	2480.286536951062	1	0	1.0	1.0988373061627792
35539.82238984872	2000.0	1940.4641471023324	0.0	0	0.0	2480.286536951062	1	0	1.0	1.791984486722724
36322.50173292127	2000.0	2157.7848040297795	0.0	0	0.0	2480.286536951069	1	0	1.0	1.791984486722723
37754.631049948235	2000.0	1725.6554870028153	0.0	0	0.0	2480.286536951069	1	0	1.0	1.791984486722723
39623.05813220205	2000.0	857.2284047489956	0.0	0	0.0	2480.286536951069	1	0	1.0	1.791984486722723
40696.30134413732	1000.0	783.9851928137236	0.0	0	0.0	2480.286536951069	1	0	1.0	0.40569012560283274
41928.99930291302	2000.0	551.2872340380225	0.0	0	0.0	2480.286536951069	1	0	1.0	1.0988373061627779
42366.61407244084	1000.0	1113.6724645102067	0.0	0	0.0	2480.286536951069	1	0	1.0	0.40569012560283274
43364.2732663482	2000.0	1116.0132706028453	0.0	0	0.0	2480.286536951069	1	0	1.0	1.0988373061627779
45359.81839260233	2000.0	200.0	79.53185565127967	0	0.0	2559.8183926023485	1	0	1.0	1.3129481368487208
46331.02792294811	1000.0	517.0732231585366	288.28275350431977	0	0.0	2848.1011461066664	1	0	1.0	-1.3730464975639447
46946.826576467065	1000.0	901.2745696395772	0.0	0	0.0	2848.1011461066664	1	0	1.0	1.0497972040219188
47615.78099811154	1000.0	1232.3201479950972	0.0	0	0.0	2848.101146106659	1	0	1.0	1.0497972040219201
48411.34828865649	1000.0	1436.7528574501478	0.0	0	0.0	2848.101146106659	1	0	1.0	1.0497972040219201
49508.88074226752	2000.0	1339.2204038391035	0.0	0	0.0	2848.101146106659	1	0	1.0	1.0497972040219201
50992.40691623311	2000.0	855.6942298735136	0.0	0	0.0	2848.101146106659	1	0	1.0	1.7429443845818655
52045.941149984035	2000.0	802.1599961225885	0.0	0	0.0	2848.1011461066664	1	0	1.0	1.742944384581864
53704.42295724464	2000.0	200.0	56.321811138011725	0	0.0	2904.4229572446784	1	0	1.0	1.402589640947893
54454.62864331571	1000.0	633.297863095441	183.50354916650537	0	0.0	3087.9265064111823	1	0	1.0	-0.7865449552123238
55485.22947071501	1000.0	602.6970356961335	0.0	0	0.0	3087.926506411175	1	0	1.0	1.007623520346655
56155.97903654838	1000.0	931.9474698627555	0.0	0	0.0	3087.926506411175	1	0	1.0	1.007623520346655
56819.733736345384	1000.0	1268.192770065754	0.0	0	0.0	3087.9265064111823	1	0	1.0	1.0076235203466537
58355.99830508971	2000.0	731.9282013214239	0.0	0	0.0	3087.9265064111896	1	0	1.0	1.0076235203466521
59083.814603848565	1000.0	1004.1119025625699	0.0	0	0.0	3087.9265064111823	1	0	1.0	0.3144763397867085
59777.994185206386	1000.0	1309.932321204745	0.0	0	0.0	3087.9265064111823	1	0	1.0	1.0076235203466537
60547.411007586874	2000.0	1540.5154988242502	0.0	0	0.0	3087.9265064111823	1	0	1.0	1.0076235203466535
61160.283005137695	2000.0	1927.6435012734232	0.0	0	0.0	3087.9265064111896	1	0	1.0	1.7007707009065973
61883.74862360528	2000.0	2204.1778828058486	0.0	0	0.0	3087.9265064111896	1	0	1.0	1.7007707009065973
62644.8225968336	2000.0	2443.103909577537	0.0	0	0.0	3087.9265064111896	1	0	1.0	1.7007707009065973
63619.96205888702	2000.0	2467.964447524123	0.0	0	0.0	3087.9265064111896	1	0	1.0	1.7007707009065973
64590.49136150479	2000.0	2497.435144906346	0.0	0	0.0	3087.9265064111896	1	0	1.0	1.7007707009065973
65878.09369334792	2000.0	2209.8328130632262	0.0	0	0.0	3087.926506411197	1	0	1.0	1.7007707009065962
67020.60164878757	2000.0	2067.324857623566	0.0	0	0.0	3087.926506411197	1	0	1.0	1.7007707009065953
68569.05363098705	2000.0	1518.8728754240888	0.0	0	0.0	3087.926506411197	1	0	1.0	1.700770700906597
70498.06756522733	2000.0	589.8589411837894	0.0	0	0.0	3087.926506411197	1	0	1.0	1.7007707009065958
71041.65573336073	1000.0	1046.2707730503828	0.0	0	0.0	3087.926506411197	1	0	1.0	0.3144763397867056
72066.10493812598	2000.0	1021.8215682851527	0.0	0	0.0	3087.926506411197	1	0	1.0	1.0076235203466508
73653.80235099926	2000.0	434.1241554118547	0.0	0	0.0	3087.926506411197	1	0	1.0	1.7007707009065958
75101.17239693398	2000.0	263.6676746783319	276.9135652011911	0	0.0	3364.840071612387	1	0	1.0	-0.022109240003133412
75701.78482864454	1000.0	721.9953831608441	58.940140193086535	0	0.0	3423.780211805468	1	0	1.0	-0.11566330092908753
76469.20277576329	2000.0	954.5774360421021	0.0	0	0.0	3423.780211805468	1	0	1.0	0.9311247207893766
78120.0652369984	2000.0	303.71497480699685	0.0	0	0.0	3423.780211805468	1	0	1.0	1.6242719013493216
78989.79132560584	1000.0	521.826346325515	87.83746012596825	0	0.0	3511.617671931366	1	0	1.0	-0.3130152276389593
79727.59476527682	1000.0	784.0229066545361	0.0	0	0.0	3511.617671931366	1	0	1.0	0.9071567136767955
80847.81815762147	2000.0	663.7995143098833	0.0	0	0.0	3511.617671931366	1	0	1.0	0.9071567136767955
81648.00365366397	1000.0	863.6140182673867	0.0	0	0.0	3511.617671931366	1	0	1.0	0.21400953311685034
82232.56840993672	1000.0	1279.049261994645	0.0	0	0.0	3511.617671931366	1	0	1.0	0.9071567136767955
83460.03064223302	2000.0	1051.5870296983453	0.0	0	0.0	3511.617671931366	1	0	1.0	0.9071567136767955
85770.69148107166	2000.0	200.0	459.07380914029596	0	0.0	3970.6914810716553	1	0	1.0	-1.2162928095008505
87244.05685111042	2000.0	320.07752198526464	593.442892024028	0	0.0	4564.134373095687	1	0	1.0	-2.4223924606756424
87968.91901281534	2000.0	656.6552391296498	61.43987884929629	0	0.0	2625.574251944985	1	0	1.0	-4.594046213101273
88899.31497290295	2000.0	726.259279042044	0.0	0	0.0	2625.5742519449996	1	0	1.0	1.774593059994504
90133.55028126473	2000.0	492.023970680278	0.0	0	0.0	2625.5742519449996	1	0	1.0	1.774593059994504
91744.63697895773	2000.0	224.11042891025502	343.1731559229611	0	0.0	2968.7474078679807	1	0	1.0	-0.3331010606142453
92395.68270430657	1000.0	649.4693294851164	76.40462592369718	0	0.0	3045.1520337916736	1	0	1.0	-0.135743169782272
93253.18140861923	1000.0	791.9706251724668	0.0	0	0.0	3045.152033791688	1	0	1.0	1.0158317663198535
93983.21219635924	1000.0	1061.939837432482	0.0	0	0.0	3045.1520337917027	1	0	1.0	1.0158317663198506
94877.57071259215	1000.0	1167.5813211995799	0.0	0	0.0	3045.1520337917027	1	0	1.0	1.0158317663198506
96043.97146941946	2000.0	1001.1805643722719	0.0	0	0.0	3045.1520337917027	1	0	1.0	1.0158317663198506
96939.36920594872	2000.0	1105.7828278430065	0.0	0	0.0	3045.1520337917027	1	0	1.0	1.7089789468797958
97603.38330688822	2000.0	1441.7687269035052	0.0	0	0.0	3045.152033791688	1	0	1.0	1.7089789468797987
98151.37118045054	2000.0	1893.7808533412026	0.0	0	0.0	3045.1520337917027	1	0	1.0	1.7089789468797958
99690.36535723349	2000.0	1354.78667655827	0.0	0	0.0	3045.1520337917027	1	0	1.0	1.7089789468797958
101373.10358547856	2000.0	672.0484483131869	0.0	0	0.0	3045.1520337917173	1	0	1.0	1.7089789468797931
102911.61552209569	2000.0	218.25966495737103	84.72315326132514	0	0.0	3129.875187053025	1	0	1.0	1.1851671598113278
103617.24571043387	1000.0	661.6836320884105	149.05415546923473	0	0.0	3278.929342522257	1	0	1.0	-0.6205744748022861
104939.05728939387	2000.0	339.8720531283974	0.0	0	0.0	3278.929342522257	1	0	1.0	0.966897638573067
106095.73007911128	1000.0	361.9856394464297	178.78637603544126	0	0.0	3457.715718557709	1	0	1.0	-0.8437883291062377
106704.39440784208	1000.0	753.321310715633	0.0	0	0.0	3457.715718557709	1	0	1.0	0.9220771076663553
107573.45575723505	2000.0	884.2599613226661	0.0	0	0.0	3457.715718557709	1	0	1.0	0.9220771076663552
108550.7228875792	2000.0	906.9928309785146	0.0	0	0.0	3457.7157185577234	1	0	1.0	1.6152242882262962
109501.12979616079	2000.0	956.58592239693	0.0	0	0.0	3457.7157185577234	1	0	1.0	1.6152242882262962
109930.22014379517	2000.0	1527.495574762544	0.0	0	0.0	3457.7157185577234	1	0	1.0	1.6152242882262962
110685.03246371883	3000.0	1772.6832548388788	0.0	0	0.0	3457.7157185577234	1	0	1.0	1.6152242882262964
111460.64200758385	3000.0	1997.0737109738466	0.0	0	0.0	3457.7157185577234	1	0	1.0	2.020689396334461
112812.6547368681	3000.0	1645.0609816896226	0.0	0	0.0	3457.7157185577234	1	0	1.0	2.020689396334461
113564.52586844045	3000.0	1893.1898501172716	0.0	0	0.0	3457.7157185577234	1	0	1.0	2.020689396334461
114710.63975636607	3000.0	1747.075962191657	0.0	0	0.0	3457.715718557738	1	0	1.0	2.020689396334457
115507.8997325015	3000.0	1949.8159860562432	0.0	0	0.0	3457.715718557738	1	0	1.0	2.020689396334457
116042.69182105988	3000.0	2415.02389749785	0.0	0	0.0	3457.715718557738	1	0	1.0	2.020689396334457
116924.30359092986	3000.0	2533.4121276278697	0.0	0	0.0	3457.7157185577234	1	0	1.0	2.020689396334461
118719.50775806748	3000.0	1738.2079604902324	0.0	0	0.0	3457.7157185577234	1	0	1.0	2.020689396334461
119847.47506717854	3000.0	1610.24065137917	0.0	0	0.0	3457.7157185577234	1	0	1.0	2.020689396334461
121314.8651793794	3000.0	1142.8505391783106	0.0	0	0.0	3457.7157185577234	1	0	1.0	2.020689396334461
122074.68075751854	2000.0	1383.0349610391675	0.0	0	0.0	3457.7157185577234	1	0	1.0	1.2097591801181315
123190.23845629944	2000.0	1267.4772622582714	0.0	0	0.0	3457.7157185577234	1	0	1.0	1.6152242882262962
123836.38797922386	2000.0	1621.3277393338346	0.0	0	0.0	3457.7157185577234	1	0	1.0	1.6152242882262962
124533.70478867384	2000.0	1924.0109298838597	0.0	0	0.0	3457.715718557709	1	0	1.0	1.6152242882263004
125508.9203541688	2000.0	1948.795364388886	0.0	0	0.0	3457.715718557709	1	0	1.0	1.6152242882263004
126410.96992690973	2000.0	2046.7457916479664	0.0	0	0.0	3457.715718557709	1	0	1.0	1.6152242882263004
127358.33623106586	3000.0	2099.379487491845	0.0	0	0.0	3457.715718557709	1	0	1.0	1.6152242882263006
128531.01452470862	2000.0	1926.7011938490934	0.0	0	0.0	3457.715718557738	1	0	1.0	1.2097591801181309
129350.4972713057	2000.0	2107.218447252008	0.0	0	0.0	3457.715718557738	1	0	1.0	1.6152242882262924
130129.92724150345	2000.0	2327.7884770542437	0.0	0	0.0	3457.715718557738	1	0	1.0	1.6152242882262924
130926.28543432451	2000.0	2531.4302842331917	0.0	0	0.0	3457.7157185577526	1	0	1.0	1.6152242882262886
131605.93435437875	3000.0	2851.7813641789335	0.0	0	0.0	3457.715718557738	1	0	1.0	1.6152242882262895
132566.61313804967	3000.0	2891.1025805080285	0.0	0	0.0	3457.715718557738	1	0	1.0	2.0206893963344563
133200.0	3000.0	3257.7157185577007	0.0	0	90.2426804790448	3457.715718557738	1	0	1.0	2.0206893963344554
134200.0	3000.0	3257.7157185577075	0.0	0	87.0072501648392	3457.715718557738	1	0	1.0	2.020689396334457
135946.8291314911	3000.0	2510.8865870665913	0.0	0	0.0	3457.715718557738	1	0	1.0	2.020689396334457
137863.0352355085	3000.0	1594.6804830492395	0.0	0	0.0	3457.715718557767	1	0	1.0	2.020689396334449
140786.35110050414	3000.0	200.0	528.6353819464014	0	0.0	3986.3511005041364	1	0	1.0	-1.2223105254142028
141986.94979006285	2000.0	482.17478919593356	482.77347875467785	0	0.0	4469.124579258816	1	0	1.0	-2.1065580526788263
143400.7909622852	2000.0	200.0	131.666383026427	0	0.0	2600.7909622851876	1	0	1.0	-5.005824905036604
144075.0621684007	1000.0	675.5766067187724	149.84781283429115	0	0.0	2750.6387751194707	1	0	1.0	-0.5277701510647868
144818.01635443827	1000.0	932.6224206812033	0.0	0	0.0	2750.6387751194707	1	0	1.0	1.0644639065009052
145684.98662195046	2000.0	1065.6521531690314	0.0	0	0.0	2750.6387751194707	1	0	1.0	1.064463906500905
146389.33241702834	2000.0	1361.3063580911864	0.0	0	0.0	2750.6387751194998	1	0	1.0	1.7576110870608461
146965.88532004572	2000.0	1784.7534550737903	0.0	0	0.0	2750.6387751194998	1	0	1.0	1.7576110870608461
147730.11784442977	2000.0	2020.5209306897532	0.0	0	0.0	2750.6387751194998	1	0	1.0	1.7576110870608461
148601.83417167072	2000.0	2148.8046034488007	0.0	0	0.0	2750.6387751194998	1	0	1.0	1.7576110870608461
149889.14272204254	3000.0	1861.4960530770104	0.0	0	0.0	2750.6387751194998	1	0	1.0	1.7576110870608463
151648.74484926372	2000.0	1101.8939258558348	0.0	0	0.0	2750.6387751194998	1	0	1.0	1.3521459789526815
153339.8037831007	2000.0	410.83499201884223	0.0	0	0.0	2750.6387751194998	1	0	1.0	1.7576110870608461
154048.8260905851	1000.0	701.8126845344327	0.0	0	0.0	2750.6387751194998	1	0	1.0	0.37131672594095577
154726.61091030148	1000.0	1024.0278648180674	0.0	0	0.0	2750.6387751194707	1	0	1.0	1.0644639065009052
155309.38898464636	1000.0	1441.2497904731688	0.0	0	0.0	2750.6387751194707	1	0	1.0	1.0644639065009052
157153.6815795592	2000.0	596.9571955603144	0.0	0	0.0	2750.6387751194416	1	0	1.0	1.0644639065009092
157907.6864071932	1000.0	842.9523679263331	0.0	0	0.0	2750.6387751194416	1	0	1.0	0.3713167259409641
158777.33959582043	2000.0	973.2991792990832	0.0	0	0.0	2750.6387751194125	1	0	1.0	1.0644639065009134
159734.69278744573	2000.0	1015.945987673756	0.0	0	0.0	2750.6387751193834	1	0	1.0	1.7576110870608628
160798.71545867782	2000.0	951.9233164416673	0.0	0	0.0	2750.6387751193834	1	0	1.0	1.7576110870608628
162667.5841621984	2000.0	200.0	116.9453870789078	0	0.0	2867.584162198269	1	0	1.0	1.0500080758831132
164087.11267679144	1000.0	200.0	419.5285145930393	0	0.0	3287.112676791294	1	0	1.0	-2.2176616026210905
164864.55587937767	500.0	732.0102348793608	309.4534374655774	0	0.0	3596.5661142570025	1	0	1.0	-2.3607965691919435
165723.42388218382	1000.0	873.1422320732169	0.0	0	0.0	3596.5661142569734	1	0	1.0	0.18907123616147492
166716.07011831098	1000.0	880.4959959460652	0.0	0	0.0	3596.5661142570025	1	0	1.0	0.8822184167214114
167457.14243784122	1000.0	1139.4236764158363	0.0	0	0.0	3596.5661142570025	1	0	1.0	0.8822184167214114
168240.18821993837	1000.0	1356.377894318713	0.0	0	0.0	3596.5661142570316	1	0	1.0	0.8822184167214026
169222.49844305505	2000.0	1374.0676712020538	0.0	0	0.0	3596.5661142570316	1	0	1.0	0.8822184167214024
170140.81198334275	2000.0	1455.7541309143792	0.0	0	0.0	3596.5661142570607	1	0	1.0	1.5753655972813387
172180.69273357966	2000.0	415.8733806774287	0.0	0	0.0	3596.5661142570316	1	0	1.0	1.5753655972813458
172921.376847317	2000.0	675.1892669400456	0.0	0	0.0	3596.5661142570316	1	0	1.0	1.5753655972813476
173886.08166899197	2000.0	710.4844452650465	0.0	0	0.0	3596.5661142570025	1	0	1.0	1.5753655972813547
174687.0094936071	2000.0	909.5566206498888	0.0	0	0.0	3596.5661142570025	1	0	1.0	1.5753655972813565
176376.2818242201	2000.0	220.28429003685875	0.0	0	0.0	3596.5661142569734	1	0	1.0	1.5753655972813654
177738.22083761267	1000.0	356.12198364691346	497.7767070026378	0	0.0	4094.3428212596336	1	0	1.0	-2.9837649995317705
179252.57097187557	2000.0	256.53617045435726	414.76432107035953	0	0.0	2509.1071423299436	1	0	1.0	-7.393012510424816
179883.55523549728	1000.0	671.4979949791368	45.94608814651758	0	0.0	2555.0532304764783	1	0	1.0	0.12135992615602514
180616.74751021666	1000.0	938.3057202597602	0.0	0	0.0	2555.0532304764783	1	0	1.0	1.0901836355950758
181120.50987823858	1000.0	1434.5433522378303	0.0	0	0.0	2555.0532304764783	1	0	1.0	1.0901836355950758
182298.24959328814	2000.0	1256.803637188284	0.0	0	0.0	2555.0532304764783	1	0	1.0	1.0901836355950758
183064.45607669276	1000.0	1490.5971537836724	0.0	0	0.0	2555.0532304765075	1	0	1.0	0.39703645503512736
184288.3108440568	2000.0	1266.7423864196019	0.0	0	0.0	2555.0532304764783	1	0	1.0	1.0901836355950758
185381.68005923514	2000.0	1173.3731712412791	0.0	0	0.0	2555.0532304764783	1	0	1.0	1.783330816155021
186607.43289766915	2000.0	947.620332807305	0.0	0	0.0	2555.0532304764783	1	0	1.0	1.783330816155021
188781.43981896876	2000.0	200.0	426.3865884922877	0	0.0	2981.4398189687636	1	0	1.0	-0.7947549133663048
189995.7086966981	1000.0	589.8276196672729	604.0964973966084	0	0.0	3585.536316365382	1	0	1.0	-3.432168455423499
190937.4419564157	2000.0	648.0943599496679	0.0	0	0.0	3585.536316365382	1	0	1.0	0.8855577095160954
191964.7108099588	2000.0	620.8255064066043	0.0	0	0.0	3585.536316365411	1	0	1.0	1.5787048900760317
192893.46935601853	2000.0	692.0669603468511	0.0	0	0.0	3585.536316365382	1	0	1.0	1.5787048900760405
194829.5408625272	2000.0	200.0	444.0045461618125	0	0.0	4029.5408625272103	1	0	1.0	-1.1805585510845333
196034.3179676051	2000.0	456.37959385419805	461.1566989321289	0	0.0	2490.697561459325	1	0	1.0	-6.976124532117267
196717.55882706278	1000.0	773.1387343965102	0.0	0	0.0	2490.697561459325	1	0	1.0	0.4045213003556155
197209.62631005878	1000.0	1281.0712514004733	0.0	0	0.0	2490.697561459325	1	0	1.0	1.0976684809155608
197823.0877522366	1000.0	1667.6098092226862	0.0	0	0.0	2490.697561459325	1	0	1.0	1.0976684809155608
199500.87913568653	2000.0	989.8184257727962	0.0	0	0.0	2490.697561459354	1	0	1.0	1.0976684809155572
199964.94912988492	1000.0	1525.7484315744243	0.0	0	0.0	2490.697561459354	1	0	1.0	0.4045213003556122
201218.16770287394	2000.0	1272.529858585422	0.0	0	0.0	2490.697561459354	1	0	1.0	1.0976684809155572
202878.20210853597	2000.0	612.4954529233695	0.0	0	0.0	2490.697561459354	1	0	1.0	1.7908156614755024
203620.34610011659	1000.0	870.351461342758	0.0	0	0.0	2490.697561459383	1	0	1.0	0.40452130035560885
204309.3820987189	1000.0	1181.3154627404615	0.0	0	0.0	2490.697561459383	1	0	1.0	1.0976684809155541
204902.228977691	1000.0	1588.4685837683692	0.0	0	0.0	2490.697561459412	1	0	1.0	1.0976684809155506
206046.19229906338	2000.0	1444.5052623960123	0.0	0	0.0	2490.697561459412	1	0	1.0	1.0976684809155506
207722.61546583674	2000.0	768.0820956226128	0.0	0	0.0	2490.697561459412	1	0	1.0	1.7908156614754958
208679.5648584367	2000.0	811.1327030226757	0.0	0	0.0	2490.697561459412	1	0	1.0	1.7908156614754958
209636.2774690261	2000.0	854.4200924332685	0.0	0	0.0	2490.697561459441	1	0	1.0	1.7908156614754946
210196.18017320367	2000.0	1294.5173882556883	0.0	0	0.0	2490.697561459412	1	0	1.0	1.7908156614754958
210969.477951237	2000.0	1521.2196102223575	0.0	0	0.0	2490.697561459412	1	0	1.0	1.7908156614754958
212365.02281073094	2000.0	1125.6747507284435	0.0	0	0.0	2490.6975614594703	1	0	1.0	1.7908156614754898
213279.47807042423	2000.0	1211.219491035145	0.0	0	0.0	2490.6975614594994	1	0	1.0	1.7908156614754862
214100.14190198822	2000.0	1390.5556594711297	0.0	0	0.0	2490.6975614594994	1	0	1.0	1.7908156614754862
215238.22740224632	2000.0	1252.4701592130211	0.0	0	0.0	2490.6975614594994	1	0	1.0	1.7908156614754862
216761.5504600278	2000.0	729.1471014315512	0.0	0	0.0	2490.6975614594994	1	0	1.0	1.7908156614754862
217712.74559113866	1000.0	777.9519703206722	0.0	0	0.0	2490.6975614594994	1	0	1.0	0.4045213003555958
218575.94939962146	1000.0	914.7481618378758	0.0	0	0.0	2490.6975614594994	1	0	1.0	1.097668480915541
219199.38994451184	1000.0	1291.3076169474778	0.0	0	0.0	2490.6975614594994	1	0	1.0	1.097668480915541
220001.30106502518	1000.0	1489.3964964341376	0.0	0	0.0	2490.6975614594994	1	0	1.0	1.097668480915541
221102.08087041386	2000.0	1388.6166910454594	0.0	0	0.0	2490.6975614594994	1	0	1.0	1.0976684809155408
222499.06065513336	2000.0	991.6369063259631	0.0	0	0.0	2490.6975614595285	1	0	1.0	1.7908156614754827
223064.6137368746	1000.0	1426.0838245847185	0.0	0	0.0	2490.6975614595285	1	0	1.0	0.4045213003555925
224081.85623948896	2000.0	1408.841321970339	0.0	0	0.0	2490.6975614594994	1	0	1.0	1.0976684809155408
225081.70594466143	2000.0	1408.9916167978624	0.0	0	0.0	2490.6975614594994	1	0	1.0	1.7908156614754862
226359.57704691985	2000.0	1131.1205145394686	0.0	0	0.0	2490.6975614594994	1	0	1.0	1.7908156614754862
227902.73373041133	2000.0	587.9638310479799	0.0	0	0.0	2490.6975614594994	1	0	1.0	1.7908156614754844
228830.79251996602	1000.0	679.020145669075	19.115104175783816	0	0.0	2509.8126656352833	1	0	1.0	0.28765459523752057
230382.08432626718	2000.0	200.0	72.2716606321097	0	0.0	2582.084326267388	1	0	1.0	0.6594021552461359
231103.89044005753	1000.0	619.9197417018477	141.72585549219468	0	0.0	2723.81018175956	1	0	1.0	-0.47522746719166786
231637.06834796016	1000.0	1086.7418337992306	0.0	0	0.0	2723.81018175956	1	0	1.0	1.0682748463214453
232420.20363121683	2000.0	1303.6065505425547	0.0	0	0.0	2723.81018175956	1	0	1.0	1.0682748463214453
234059.08253295787	2000.0	664.7276488015646	0.0	0	0.0	2723.81018175956	1	0	1.0	1.7614220268813905
234928.92409284582	1000.0	794.8860889136076	0.0	0	0.0	2723.8101817595307	1	0	1.0	0.37512766576150425
235694.07306636526	1000.0	1029.7371153941806	0.0	0	0.0	2723.8101817595307	1	0	1.0	1.0682748463214493
236717.27069795714	2000.0	1006.5394838022944	0.0	0	0.0	2723.8101817595307	1	0	1.0	1.0682748463214495
237505.5442969784	2000.0	1218.2658847810103	0.0	0	0.0	2723.8101817595016	1	0	1.0	1.7614220268813985
238290.3389335138	2000.0	1433.4712482455811	0.0	0	0.0	2723.8101817595016	1	0	1.0	1.7614220268813985
239585.28574744522	2000.0	1138.5244343141387	0.0	0	0.0	2723.8101817594725	1	0	1.0	1.7614220268814027
241110.91426350767	2000.0	612.8959182516938	0.0	0	0.0	2723.8101817594725	1	0	1.0	1.7614220268814027
241726.038217529	1000.0	997.7719642303696	0.0	0	0.0	2723.8101817594434	1	0	1.0	0.3751276657615157
242493.11683925442	1000.0	1230.6933425049692	0.0	0	0.0	2723.8101817594434	1	0	1.0	1.0682748463214617
243255.54182796623	1000.0	1468.2683537931894	0.0	0	0.0	2723.8101817594725	1	0	1.0	1.0682748463214575
243876.049136391	1000.0	1847.7610453683928	0.0	0	0.0	2723.8101817594725	1	0	1.0	1.0682748463214575
244836.17686092964	2000.0	1887.6333208297144	0.0	0	0.0	2723.8101817594434	1	0	1.0	1.0682748463214606
245787.15386177425	2000.0	1936.6563199850934	0.0	0	0.0	2723.8101817594725	1	0	1.0	1.7614220268814027
246682.56687056305	2000.0	2041.2433111962823	0.0	0	0.0	2723.8101817594725	1	0	1.0	1.7614220268814027
247372.93385166235	2000.0	2350.876330097002	0.0	0	0.0	2723.8101817594725	1	0	1.0	1.7614220268814027
249809.0027057823	3000.0	914.8074759770568	0.0	0	0.0	2723.8101817594725	1	0	1.0	1.761422026881403
251658.76942068088	2000.0	200.0	134.95923892152874	0	0.0	2858.7694206809974	1	0	1.0	0.5398918716902587
252386.3178104624	1000.0	654.1345158076415	181.68290558914046	0	0.0	3040.4523262701405	1	0	1.0	-0.7665301045579112
253074.30700709595	1000.0	966.145319174064	0.0	0	0.0	3040.4523262701114	1	0	1.0	1.0167145095368824
254367.1726770282	2000.0	673.2796492418079	0.0	0	0.0	3040.4523262701114	1	0	1.0	1.0167145095368824
255574.840980446	1000.0	465.6113458240122	0.0	0	0.0	3040.4523262701114	1	0	1.0	0.3235673289769372
256341.04853074136	1000.0	699.4037955286144	0.0	0	0.0	3040.4523262701114	1	0	1.0	1.0167145095368824
256701.2705017846	1000.0	1339.1818244853805	0.0	0	0.0	3040.4523262701114	1	0	1.0	1.0167145095368824
257465.40164687886	2000.0	1575.0506793911195	0.0	0	0.0	3040.4523262701114	1	0	1.0	1.0167145095368824
258099.35917548052	2000.0	1941.093150789444	0.0	0	0.0	3040.4523262701405	1	0	1.0	1.7098616900968222
258731.2092172289	2000.0	2309.24310904108	0.0	0	0.0	3040.4523262701405	1	0	1.0	1.7098616900968222
259692.3505623904	3000.0	2348.10176387955	0.0	0	0.0	3040.4523262701114	1	0	1.0	1.7098616900968278
260350.02452482303	3000.0	2690.4278014469446	0.0	0	0.0	3040.4523262701114	1	0	1.0	2.1153267982049924
261255.68769518734	3000.0	2784.764631082641	0.0	0	0.0	3040.4523262701114	1	0	1.0	2.1153267982049924
262462.20195791573	3000.0	2578.250368354207	0.0	0	0.0	3040.452326270053	1	0	1.0	2.1153267982049955
263255.8095052387	3000.0	2784.6428210312024	0.0	0	0.0	3040.452326269995	1	0	1.0	2.115326798205012
264200.0	3000.0	2840.4523262698667	0.0	0	225.86284937849268	3040.4523262699367	1	0	1.0	2.1153267982050186
265200.0	3000.0	2840.4523262698804	0.0	0	116.01120876718778	3040.452326269995	1	0	1.0	2.115326798205014
266298.0150847527	3000.0	2742.4372415172134	0.0	0	0.0	3040.452326269995	1	0	1.0	2.115326798205014
268148.6517760077	3000.0	1891.8005502622113	0.0	0	0.0	3040.452326270053	1	0	1.0	2.1153267982050035
269349.3109370074	3000.0	1691.1413892624896	0.0	0	0.0	3040.452326270053	1	0	1.0	2.1153267982050035
270896.379431693	3000.0	1144.072894576949	0.0	0	0.0	3040.4523262701114	1	0	1.0	2.1153267982049924
271845.2437487197	2000.0	1195.208577550256	0.0	0	0.0	3040.4523262701114	1	0	1.0	1.304396581988663
272628.83524610725	2000.0	1411.617080162716	0.0	0	0.0	3040.4523262701114	1	0	1.0	1.7098616900968275
273230.7820656207	2000.0	1809.670260649282	0.0	0	0.0	3040.4523262701114	1	0	1.0	1.7098616900968275
273784.25461163337	2000.0	2256.1977146366257	0.0	0	0.0	3040.4523262701696	1	0	1.0	1.7098616900968167
274528.2930345923	2000.0	2512.1592916776876	0.0	0	0.0	3040.4523262701114	1	0	1.0	1.7098616900968275
275668.1311630412	3000.0	2372.3211632286957	0.0	0	0.0	3040.452326270053	1	0	1.0	1.7098616900968389
277259.4312390879	3000.0	1781.0210871820464	0.0	0	0.0	3040.452326270053	1	0	1.0	2.1153267982050035
278205.27670323243	2000.0	1835.1756230374688	0.0	0	0.0	3040.452326270053	1	0	1.0	1.304396581988674
279244.9319083494	2000.0	1795.520417920594	0.0	0	0.0	3040.4523262701114	1	0	1.0	1.7098616900968275
280025.58526067896	2000.0	2014.8670655910637	0.0	0	0.0	3040.4523262701696	1	0	1.0	1.7098616900968167
280642.96967703034	3000.0	2397.482649239684	0.0	0	0.0	3040.4523262701696	1	0	1.0	1.7098616900968169
281383.5942615084	3000.0	2656.8580647616623	0.0	0	0.0	3040.4523262701696	1	0	1.0	2.1153267982049813
282200.0	3000.0	2840.4523262700673	0.0	0	26.20930671651149	3040.4523262701696	1	0	1.0	2.1153267982049813
283200.0	3000.0	2840.4523262700177	0.0	0	317.4114448611508	3040.4523262701696	1	0	1.0	2.1153267982049813
284418.29715462436	3000.0	2622.1551716456347	0.0	0	0.0	3040.452326270228	1	0	1.0	2.1153267982049706
286530.98121967574	3000.0	1509.471106594227	0.0	0	0.0	3040.452326270228	1	0	1.0	2.1153267982049706
287928.91429573874	2000.0	1111.5380305312492	0.0	0	0.0	3040.452326270286	1	0	1.0	1.304396581988637
290395.1287774127	2000.0	200.0	554.6764511427132	0	0.0	3595.128777413047	1	0	1.0	-1.7245633891924514
290935.39177470276	1000.0	731.0159268921958	71.27892418228876	0	0.0	3666.407701595337	1	0	1.0	-0.2604726714449428
291785.2040272504	2000.0	881.203674344596	0.0	0	0.0	3666.407701595337	1	0	1.0	0.8603480542087352
293506.5375752924	2000.0	200.0	40.12987369742061	0	0.0	3706.537575292401	1	0	1.0	1.3098075984635469
294670.54439608136	2000.0	413.9014553176942	377.90827610671874	0	0.0	4084.4458513990976	1	0	1.0	-0.8738718081784685
295628.0482408828	2000.0	539.6852244983701	83.2876139821343	0	0.0	4167.733465381258	1	0	1.0	0.8554108506749349
296517.9623427613	2000.0	649.7711226198991	0.0	0	0.0	4167.733465381258	1	0	1.0	1.3551365345677406
297424.61654804257	2000.0	743.1169173386236	0.0	0	0.0	4167.733465381258	1	0	1.0	1.3551365345677406
297934.77983655786	2000.0	1232.9536288233303	0.0	0	0.0	4167.7334653811995	1	0	1.0	1.3551365345677686
298522.53578276513	2000.0	1645.1976826160862	0.0	0	0.0	4167.7334653811995	1	0	1.0	1.3551365345677686
300098.14440125454	2000.0	1069.5890641266817	0.0	0	0.0	4167.7334653811995	1	0	1.0	1.3551365345677686
301782.6136431769	2000.0	385.1198222042905	0.0	0	0.0	4167.733465381258	1	0	1.0	1.3551365345677628
303018.77191264177	2000.0	519.1586406504116	370.19708791093905	0	0.0	2537.930553292157	1	0	1.0	-6.435815865793338
303614.0812916777	1000.0	923.849261614523	0.0	0	0.0	2537.930553292157	1	0	1.0	0.39907230055240545
304293.8976412108	1000.0	1244.0329120813333	0.0	0	0.0	2537.930553292157	1	0	1.0	1.0922194811123507
306639.68166277086	2000.0	200.0	301.7511094787625	0	0.0	2839.6816627708613	1	0	1.0	-0.7380038377914371
307273.858185956	1000.0	685.0422938141576	119.2188169993565	0	0.0	2958.9004797702073	1	0	1.0	-0.37700995262231585
307775.0941587911	1000.0	1183.806320979047	0.0	0	0.0	2958.9004797702073	1	0	1.0	1.0314501299337686
308818.43436497805	2000.0	1140.4661147920872	0.0	0	0.0	2958.9004797702073	1	0	1.0	1.0314501299337686
310163.2419808783	2000.0	795.6584988918602	0.0	0	0.0	2958.900479770091	1	0	1.0	1.724597310493732
311289.62606108224	2000.0	669.2744186878889	0.0	0	0.0	2958.900479770091	1	0	1.0	1.724597310493734
312279.42435022537	1000.0	679.476129544724	0.0	0	0.0	2958.9004797700327	1	0	1.0	0.3383029493738537
313641.52527522115	1000.0	317.37520454895787	0.0	0	0.0	2958.9004797700327	1	0	1.0	1.0314501299337988
314386.4993463353	1000.0	639.0503333765707	66.64919994174289	0	0.0	3025.5496797118103	1	0	1.0	0.6195938534516122
315159.0545673026	1000.0	866.4951124092554	0.0	0	0.0	3025.5496797118103	1	0	1.0	1.0194890531020697
315834.66594530665	1000.0	1190.8837344051412	0.0	0	0.0	3025.5496797118103	1	0	1.0	1.0194890531020697
316674.665338111	1000.0	1350.8843416007228	0.0	0	0.0	3025.5496797118103	1	0	1.0	1.0194890531020697
317777.38837273454	2000.0	1248.1613069772166	0.0	0	0.0	3025.5496797118685	1	0	1.0	1.0194890531020633
1.6577560975609755	1.0337560975609756	0.8897560975609756	1.8977560975609757	2.473756097560975	2.1257560975609753	1.5497560975609757	1.3577560975609755	1.2737560975609756	0.42175609756097554	0.9857560975609757	1.3217560975609757	1.4297560975609755	1.7297560975609756	2.6777560975609758	2.0417560975609756	0.5777560975609757	1.5377560975609756	2.329756097560976	2.5817560975609757	1.3697560975609755	0.7337560975609756	0.8297560975609756	1.3937560975609755	1.6457560975609755	1.5497560975609757	1.7897560975609756	1.1897560975609756	1.6217560975609757	2.4857560975609756	2.473756097560975	1.8257560975609757	1.5017560975609756	0.8417560975609756	0.7337560975609756	1.5857560975609757	1.8257560975609757	2.305756097560976	1.2737560975609756	0.8537560975609756	1.1079999999999999	1.612	1.576	1.504	1.432	2.392	1.9	1.18	1.168	1.168	1.864	1.8760000000000001	1.3239999999999998	1.54	2.2239999999999998	2.8840000000000003	2.488	1.6	2.032	1.864	2.008	1.756	1.3239999999999998	1.132	1.216	1.672	1.828	1.18	1.84	1.792	2.368	1.66	1.0599999999999998	0.9520000000000001	1.9719999999999998	1.3599999999999999	1.432	2.092	1.504	0.712	1.24	1.9599999999999997	2.8840000000000003	2.008	1.54	1.132	1.5023478260869565	1.4903478260869565	1.3463478260869566	1.7903478260869563	2.642347826086956	2.642347826086956	3.5543478260869565	1.2623478260869565	1.4663478260869565	1.5383478260869565	1.1783478260869564	1.2983478260869565	2.1383478260869566	1.2503478260869565	1.1063478260869566	1.7303478260869567	2.642347826086956	2.8103478260869563	4.0583478260869565	3.5663478260869566	2.474347826086957	3.0143478260869565	3.2663478260869563	4.106347826086957	4.850347826086956	3.2663478260869563	1.5263478260869565	1.8863478260869564	2.3183478260869563	1.6823478260869567	2.0663478260869566	2.3423478260869564	3.146347826086956	2.522347826086956	2.7743478260869567	2.9063478260869564	1.8623478260869564	1.9463478260869564	2.8583478260869564	3.8903478260869564	4.166347826086956	4.286347826086956	3.2783478260869567	1.7903478260869563	1.4783478260869565	1.8983478260869564	1.5701176470588236	0.7541176470588236	0.7541176470588236	1.4741176470588235	2.3621176470588234	1.4741176470588235	1.3781176470588234	2.0141176470588236	2.302117647058824	3.0341176470588236	3.0341176470588236	3.574117647058823	1.6061176470588234	1.0541176470588236	1.6901176470588235	1.0421176470588236	1.6421176470588235	1.8737560975609757	1.6577560975609755	1.0337560975609756	0.8897560975609756	1.8977560975609757	2.473756097560975	2.1257560975609753	1.5497560975609757	1.3577560975609755	1.2737560975609756	0.42175609756097554	0.9857560975609757	1.3217560975609757	1.4297560975609755	1.7297560975609756	2.6777560975609758	2.0417560975609756	0.5777560975609757	1.5377560975609756	2.329756097560976	2.5817560975609757	1.3697560975609755	0.7337560975609756	0.8297560975609756	1.3937560975609755	1.6457560975609755	1.5497560975609757	1.7897560975609756	1.1897560975609756	1.6217560975609757	2.4857560975609756	2.473756097560975	1.8257560975609757	1.5017560975609756	0.8417560975609756	0.7337560975609756	1.5857560975609757	1.8257560975609757	2.305756097560976	1.2737560975609756	0.8537560975609756	1.1079999999999999	1.612	1.576	1.504	1.432	2.392	1.9	1.18	1.168	1.168	1.864	1.8760000000000001	1.3239999999999998	1.54	2.2239999999999998	2.8840000000000003	2.488	1.6	2.032	1.864	2.008	1.756	1.3239999999999998	1.132	1.216	1.672	1.828	1.18	1.84	1.792	2.368	1.66	1.0599999999999998	0.9520000000000001	1.9719999999999998	1.3599999999999999	1.432	2.092	1.504	0.712	1.24	1.9599999999999997	2.8840000000000003	2.008	1.54	1.132	1.5023478260869565	1.4903478260869565	1.3463478260869566	1.7903478260869563	2.642347826086956	2.642347826086956	3.5543478260869565	1.2623478260869565	1.4663478260869565	1.5383478260869565	1.1783478260869564	1.2983478260869565	2.1383478260869566	1.2503478260869565	1.1063478260869566	1.7303478260869567	2.642347826086956	2.8103478260869563	4.0583478260869565	3.5663478260869566	2.474347826086957	3.0143478260869565	3.2663478260869563	4.106347826086957	4.850347826086956	3.2663478260869563	1.5263478260869565	1.8863478260869564	2.3183478260869563	1.6823478260869567	2.0663478260869566	2.3423478260869564	3.146347826086956	2.522347826086956	2.7743478260869567	2.9063478260869564	1.8623478260869564	1.9463478260869564	2.8583478260869564	3.8903478260869564	4.166347826086956	4.286347826086956	3.2783478260869567	1.7903478260869563	1.4783478260869565	1.8983478260869564	1.5701176470588236	0.7541176470588236	0.7541176470588236	1.4741176470588235	2.3621176470588234	1.4741176470588235	1.3781176470588234	2.0141176470588236	2.302117647058824	3.0341176470588236	3.0341176470588236	3.574117647058823	1.6061176470588234	1.0541176470588236	1.6901176470588235	1.0421176470588236	1.6421176470588235	1.8737560975609757	1.6577560975609755	1.0337560975609756	0.8897560975609756	1.8977560975609757	2.473756097560975	2.1257560975609753	1.5497560975609757	1.3577560975609755	1.2737560975609756	0.42175609756097554	0.9857560975609757	1.3217560975609757	1.4297560975609755	1.7297560975609756	2.6777560975609758	2.0417560975609756
1.0	2.0	3.0	4.0	5.0	6.0	7.0	8.0	9.0	10.0	11.0	12.0	13.0	14.0	15.0	16.0	17.0	18.0	19.0	20.0	21.0	22.0	23.0	24.0	25.0	26.0	27.0	28.0	29.0	30.0	31.0	32.0	33.0	34.0	35.0	36.0	37.0	38.0	39.0	40.0	41.0	42.0	43.0	44.0	45.0	46.0	47.0	48.0	49.0	50.0	51.0	52.0	53.0	54.0	55.0	56.0	57.0	58.0	59.0	60.0	61.0	62.0	63.0	64.0	65.0	66.0	67.0	68.0	69.0	70.0	71.0	72.0	73.0	74.0	75.0	76.0	77.0	78.0	79.0	80.0	81.0	82.0	83.0	84.0	85.0	86.0	87.0	88.0	89.0	90.0	91.0	92.0	93.0	94.0	95.0	96.0	97.0	98.0	99.0	100.0	101.0	102.0	103.0	104.0	105.0	106.0	107.0	108.0	109.0	110.0	111.0	112.0	113.0	114.0	115.0	116.0	117.0	118.0	119.0	120.0	121.0	122.0	123.0	124.0	125.0	126.0	127.0	128.0	129.0	130.0	131.0	132.0	133.0	134.0	135.0	136.0	137.0	138.0	139.0	140.0	141.0	142.0	143.0	144.0	145.0	146.0	147.0	148.0	149.0	149.0	150.0	151.0	152.0	153.0	154.0	155.0	156.0	157.0	158.0	159.0	160.0	161.0	162.0	163.0	164.0	165.0	166.0	167.0	168.0	169.0	170.0	171.0	172.0	173.0	174.0	175.0	176.0	177.0	178.0	179.0	180.0	181.0	182.0	183.0	184.0	185.0	186.0	187.0	188.0	189.0	190.0	191.0	192.0	193.0	194.0	195.0	196.0	197.0	198.0	199.0	200.0	201.0	202.0	203.0	204.0	205.0	206.0	207.0	208.0	209.0	210.0	211.0	212.0	213.0	214.0	215.0	216.0	217.0	218.0	219.0	220.0	221.0	222.0	223.0	224.0	225.0	226.0	227.0	228.0	229.0	230.0	231.0	232.0	233.0	234.0	235.0	236.0	237.0	238.0	239.0	240.0	241.0	242.0	243.0	244.0	245.0	246.0	247.0	248.0	249.0	250.0	251.0	252.0	253.0	254.0	255.0	256.0	257.0	258.0	259.0	260.0	261.0	262.0	263.0	264.0	265.0	266.0	267.0	268.0	269.0	270.0	271.0	272.0	273.0	274.0	275.0	276.0	277.0	278.0	279.0	280.0	281.0	282.0	283.0	284.0	285.0	286.0	287.0	288.0	289.0	290.0	291.0	292.0	293.0	294.0	295.0	296.0	297.0	298.0	298.0	299.0	300.0	301.0	302.0	303.0	304.0	305.0	306.0	307.0	308.0	309.0	310.0	311.0	312.0	313.0	314.0
5489.747595988247
